Key: 
t: node change direction (node id, x, y, new direction)
s: node start location (node id, x, y, start direction, buffer)
m: message transfer (sender id, target id, messageType, sender x, sender y
b: broadcast (node id, message type, x, y)
227 246 208 2
s 0 86 110 295 0
s 1 243 33 34 1
s 2 415 331 350 5
s 3 43 380 182 1
s 4 54 336 92 10
s 5 64 336 285 0
s 6 297 21 216 5
s 7 22 494 223 10
s 8 349 18 238 4
s 9 399 394 57 0
s 10 59 273 150 2
s 11 17 125 210 1
s 12 433 0 43 3
s 13 301 191 171 7
s 14 46 175 287 3
s 15 270 53 81 8
s 16 226 494 208 5
s 17 46 269 138 6
s 18 218 420 25 3
s 19 0 127 121 6
s 20 413 460 159 4
s 21 172 242 15 5
s 22 444 384 86 2
s 23 459 107 119 5
s 24 164 196 232 6
s 25 42 307 124 9
s 26 415 106 106 5
s 27 276 207 58 0
s 28 218 98 107 6
s 29 314 305 263 0
s 30 218 468 194 7
s 31 269 96 286 10
s 32 132 444 43 6
s 33 373 284 223 9
s 34 43 477 142 4
s 35 133 314 309 6
s 36 51 13 268 0
s 37 314 161 117 10
s 38 341 40 182 4
s 39 317 289 254 3
s 40 153 448 148 0
s 41 407 477 155 6
s 42 110 439 351 3
s 43 406 291 273 0
s 44 490 481 187 10
s 45 246 333 238 3
s 46 356 411 157 2
s 47 412 363 264 2
s 48 174 414 197 1
s 49 363 457 190 9
s 50 55 286 97 7
s 51 90 402 334 6
s 52 409 206 78 7
s 53 50 445 219 3
s 54 298 41 75 2
s 55 243 217 346 4
s 56 68 4 348 4
s 57 430 16 281 9
s 58 81 395 255 5
s 59 375 498 99 2
s 60 35 128 343 2
s 61 29 193 267 10
s 62 461 219 355 10
s 63 130 249 12 4
s 64 184 224 18 0
s 65 91 103 306 9
s 66 95 472 270 4
s 67 67 341 192 2
s 68 379 200 18 5
s 69 306 107 350 4
s 70 419 287 153 5
s 71 130 386 102 9
s 72 491 471 308 1
s 73 349 238 274 1
s 74 431 480 344 4
s 75 482 223 196 7
s 76 391 163 210 3
s 77 261 398 139 2
s 78 303 339 208 5
s 79 405 351 30 5
s 80 494 73 349 6
s 81 152 17 359 10
s 82 208 2 1 5
s 83 33 143 343 8
s 84 327 474 163 6
s 85 58 305 73 8
s 86 468 457 148 3
s 87 365 231 349 0
s 88 201 297 185 1
s 89 460 445 34 10
s 90 262 402 53 2
s 91 359 428 184 6
s 92 427 159 177 3
s 93 20 498 25 5
s 94 332 170 216 3
s 95 265 31 314 1
s 96 79 407 171 0
s 97 18 442 330 6
s 98 224 283 78 0
s 99 445 327 327 3
s 100 156 8 118 10
s 101 215 187 305 0
s 102 251 450 24 4
s 103 6 78 268 9
s 104 27 495 335 1
s 105 12 13 143 2
s 106 457 373 226 0
s 107 347 188 115 2
s 108 333 125 239 0
s 109 261 259 113 8
s 110 468 175 56 9
s 111 78 180 132 10
s 112 49 424 248 1
s 113 422 196 143 6
s 114 171 83 314 10
s 115 216 13 251 10
s 116 165 12 95 0
s 117 467 335 57 10
s 118 255 118 106 9
s 119 140 161 128 3
s 120 420 350 66 5
s 121 13 3 106 2
s 122 161 104 43 3
s 123 484 255 184 3
s 124 274 428 305 5
s 125 57 315 184 6
s 126 28 157 98 6
s 127 416 432 359 0
s 128 249 425 128 4
s 129 14 224 64 4
s 130 262 54 160 3
s 131 165 389 329 10
s 132 445 475 41 8
s 133 355 66 341 3
s 134 304 9 292 3
s 135 176 463 275 4
s 136 13 373 229 5
s 137 183 78 41 5
s 138 203 281 28 0
s 139 366 378 285 7
s 140 473 394 59 1
s 141 425 52 33 8
s 142 38 423 348 2
s 143 211 71 65 7
s 144 206 310 318 3
s 145 50 306 339 4
s 146 199 88 123 0
s 147 225 318 299 6
s 148 67 260 202 5
s 149 292 332 18 4
s 150 460 399 36 2
s 151 320 130 314 8
s 152 406 252 285 5
s 153 304 453 303 5
s 154 224 240 337 7
s 155 124 131 4 10
s 156 441 340 120 2
s 157 488 464 320 4
s 158 180 108 329 1
s 159 481 386 317 6
s 160 191 419 190 4
s 161 346 187 156 6
s 162 51 256 337 3
s 163 131 333 351 9
s 164 309 11 27 5
s 165 302 480 267 3
s 166 453 339 133 4
s 167 472 207 321 10
s 168 426 42 318 8
s 169 228 138 33 6
s 170 246 111 55 2
s 171 275 7 243 3
s 172 142 291 294 2
s 173 227 246 2 3
s 174 120 391 221 2
s 175 351 227 94 6
s 176 120 12 310 2
s 177 265 372 174 6
s 178 457 92 78 2
s 179 364 256 279 2
s 180 183 113 299 7
s 181 226 105 285 9
s 182 352 485 355 5
s 183 321 446 188 3
s 184 118 356 267 3
s 185 274 222 18 8
s 186 439 178 161 0
s 187 189 11 108 4
s 188 309 128 86 2
s 189 74 361 51 2
s 190 476 370 92 3
s 191 141 4 225 7
s 192 72 104 152 1
s 193 478 338 5 7
s 194 395 461 20 10
s 195 83 216 144 7
s 196 489 461 76 8
s 197 134 271 347 9
s 198 260 445 298 2
s 199 357 436 311 6
s 200 219 293 105 8
s 201 287 446 55 4
s 202 337 195 43 8
s 203 423 27 28 2
s 204 182 411 207 0
s 205 85 336 157 4
s 206 172 326 178 9
s 207 254 382 355 0
s 208 150 426 72 5
s 209 246 407 86 5
s 210 282 267 120 1
s 211 299 290 14 9
s 212 170 289 146 7
s 213 203 322 105 8
s 214 261 413 151 4
s 215 70 305 277 7
s 216 352 367 187 9
s 217 93 324 10 5
s 218 252 418 305 2
s 219 180 182 223 5
s 220 417 144 27 9
s 221 460 36 126 2
s 222 414 154 156 10
s 223 118 433 230 0
s 224 453 256 4 9
s 225 487 43 196 0
s 226 137 247 183 7
s 227 53 34 310 3
s 228 206 297 75 4
s 229 308 53 188 5
s 230 379 313 308 0
s 231 87 247 292 7
s 232 208 171 230 4
s 233 99 43 58 6
s 234 132 100 23 3
s 235 131 474 97 0
s 236 400 212 238 3
s 237 142 166 18 8
s 238 71 174 228 0
s 239 448 469 167 8
b 173 0 240 246
m 173 21 0 240 246
m 173 27 0 240 246
m 173 55 0 240 246
m 173 64 0 240 246
m 173 88 0 240 246
m 173 98 0 240 246
m 173 109 0 240 246
m 173 138 0 240 246
m 173 144 0 240 246
m 173 147 0 240 246
m 173 154 0 240 246
m 173 185 0 240 246
m 173 200 0 240 246
m 173 210 0 240 246
m 173 228 0 240 246
b 173 1 240 246
m 173 21 1 240 246
m 173 27 1 240 246
m 173 55 1 240 246
m 173 64 1 240 246
m 173 88 1 240 246
m 173 98 1 240 246
m 173 109 1 240 246
m 173 138 1 240 246
m 173 144 1 240 246
m 173 147 1 240 246
m 173 154 1 240 246
m 173 185 1 240 246
m 173 200 1 240 246
m 173 210 1 240 246
m 173 228 1 240 246
b 173 2 240 246
m 173 21 2 240 246
m 173 27 2 240 246
m 173 55 2 240 246
m 173 64 2 240 246
m 173 88 2 240 246
m 173 98 2 240 246
m 173 109 2 240 246
m 173 138 2 240 246
m 173 144 2 240 246
m 173 147 2 240 246
m 173 154 2 240 246
m 173 185 2 240 246
m 173 200 2 240 246
m 173 210 2 240 246
m 173 228 2 240 246
b 173 3 240 246
m 173 21 3 16.0 256.0 1.0
m 173 27 3 16.0 256.0 1.0
m 173 55 3 16.0 256.0 1.0
m 173 64 3 16.0 256.0 1.0
m 173 88 3 16.0 256.0 1.0
m 173 98 3 16.0 256.0 1.0
m 173 109 3 16.0 256.0 1.0
m 173 138 3 16.0 256.0 1.0
m 173 144 3 16.0 256.0 1.0
m 173 147 3 16.0 256.0 1.0
m 173 154 3 16.0 256.0 1.0
m 173 185 3 16.0 256.0 1.0
m 173 200 3 16.0 256.0 1.0
m 173 210 3 16.0 256.0 1.0
m 173 228 3 16.0 256.0 1.0
b 27 0 289 229
m 27 13 0 289 229
m 27 37 0 289 229
m 27 39 0 289 229
m 27 73 0 289 229
m 27 94 0 289 229
m 27 107 0 289 229
m 27 161 0 289 229
b 27 1 289 229
m 27 13 1 289 229
m 27 37 1 289 229
m 27 39 1 289 229
m 27 73 1 289 229
m 27 94 1 289 229
m 27 107 1 289 229
m 27 161 1 289 229
b 27 2 289 229
b 27 3 289 229
m 27 13 3 14.0 204.0 0.5523809523809522
m 27 94 3 14.0 204.0 0.5523809523809522
m 27 73 3 14.0 204.0 0.5523809523809522
b 64 0 208 232
m 64 24 0 208 232
m 64 63 0 208 232
m 64 101 0 208 232
m 64 172 0 208 232
m 64 219 0 208 232
m 64 232 0 208 232
m 64 237 0 208 232
b 64 1 208 232
m 64 24 1 208 232
m 64 63 1 208 232
m 64 101 1 208 232
m 64 172 1 208 232
m 64 219 1 208 232
m 64 232 1 208 232
m 64 237 1 208 232
b 64 2 208 232
m 64 24 2 208 232
m 64 63 2 208 232
m 64 101 2 208 232
m 64 172 2 208 232
m 64 219 2 208 232
m 64 232 2 208 232
m 64 237 2 208 232
b 64 3 208 232
m 64 63 3 13.333333333333332 192.0 0.21333333333333337
m 64 24 3 13.333333333333332 192.0 0.21333333333333337
b 98 0 229 307
m 98 45 0 229 307
m 98 212 0 229 307
m 98 213 0 229 307
b 98 1 229 307
m 98 45 1 229 307
m 98 212 1 229 307
m 98 213 1 229 307
b 98 2 229 307
b 98 3 229 307
m 98 45 3 12.0 176.0 0.25
m 98 212 3 12.0 176.0 0.25
b 138 0 225 293
m 138 35 0 225 293
m 138 45 0 225 293
m 138 172 0 225 293
m 138 197 0 225 293
m 138 206 0 225 293
m 138 212 0 225 293
m 138 213 0 225 293
b 138 1 225 293
m 138 35 1 225 293
m 138 45 1 225 293
m 138 172 1 225 293
m 138 197 1 225 293
m 138 206 1 225 293
m 138 212 1 225 293
m 138 213 1 225 293
b 138 2 225 293
b 138 3 225 293
m 138 172 3 13.0 187.0 0.14285714285714285
b 88 0 175 295
m 88 35 0 175 295
m 88 45 0 175 295
m 88 63 0 175 295
m 88 163 0 175 295
m 88 172 0 175 295
m 88 197 0 175 295
m 88 206 0 175 295
m 88 212 0 175 295
m 88 213 0 175 295
b 88 1 175 295
m 88 35 1 175 295
m 88 45 1 175 295
m 88 63 1 175 295
m 88 163 1 175 295
m 88 172 1 175 295
m 88 197 1 175 295
m 88 206 1 175 295
m 88 212 1 175 295
m 88 213 1 175 295
b 88 2 175 295
b 88 3 175 295
m 88 35 3 13.666666666666666 197.66666666666666 0.4043360433604335
m 88 45 3 13.666666666666666 197.66666666666666 0.4043360433604335
m 88 213 3 13.666666666666666 197.66666666666666 0.4043360433604335
m 88 63 3 13.666666666666666 197.66666666666666 0.4043360433604335
b 210 0 269 289
m 210 29 0 269 289
m 210 39 0 269 289
m 210 45 0 269 289
m 210 78 0 269 289
m 210 149 0 269 289
m 210 211 0 269 289
b 210 1 269 289
m 210 29 1 269 289
m 210 39 1 269 289
m 210 45 1 269 289
m 210 78 1 269 289
m 210 149 1 269 289
m 210 211 1 269 289
b 210 2 269 289
m 210 29 2 269 289
m 210 39 2 269 289
m 210 45 2 269 289
m 210 78 2 269 289
m 210 149 2 269 289
m 210 211 2 269 289
b 210 3 269 289
m 210 149 3 12.666666666666666 182.66666666666666 0.16666666666666666
m 210 211 3 12.666666666666666 182.66666666666666 0.16666666666666666
b 144 0 227 291
m 144 45 0 227 291
m 144 172 0 227 291
m 144 197 0 227 291
m 144 212 0 227 291
m 144 213 0 227 291
b 144 1 227 291
m 144 45 1 227 291
m 144 172 1 227 291
m 144 197 1 227 291
m 144 212 1 227 291
m 144 213 1 227 291
b 144 2 227 291
b 144 3 227 291
m 144 45 3 12.666666666666666 182.66666666666666 0.16666666666666666
b 55 0 271 210
m 55 13 0 271 210
m 55 37 0 271 210
m 55 101 0 271 210
m 55 161 0 271 210
m 55 169 0 271 210
b 55 1 271 210
m 55 13 1 271 210
m 55 37 1 271 210
m 55 101 1 271 210
m 55 161 1 271 210
m 55 169 1 271 210
b 55 2 271 210
m 55 13 2 271 210
m 55 37 2 271 210
m 55 101 2 271 210
m 55 161 2 271 210
m 55 169 2 271 210
b 55 3 271 210
m 55 13 3 12.333333333333332 179.0 0.2
m 55 101 3 12.333333333333332 179.0 0.2
b 228 0 214 325
m 228 35 0 214 325
m 228 45 0 214 325
m 228 163 0 214 325
m 228 177 0 214 325
m 228 212 0 214 325
m 228 213 0 214 325
b 228 1 214 325
m 228 35 1 214 325
m 228 45 1 214 325
m 228 163 1 214 325
m 228 177 1 214 325
m 228 212 1 214 325
m 228 213 1 214 325
b 228 2 214 325
m 228 35 2 214 325
m 228 45 2 214 325
m 228 163 2 214 325
m 228 177 2 214 325
m 228 212 2 214 325
m 228 213 2 214 325
b 228 3 214 325
m 228 45 3 13.666666666666666 197.66666666666666 0.4043360433604335
m 228 35 3 13.666666666666666 197.66666666666666 0.4043360433604335
b 21 0 201 250
m 21 35 0 201 250
m 21 63 0 201 250
m 21 172 0 201 250
m 21 197 0 201 250
m 21 212 0 201 250
m 21 226 0 201 250
b 21 1 201 250
m 21 35 1 201 250
m 21 63 1 201 250
m 21 172 1 201 250
m 21 197 1 201 250
m 21 212 1 201 250
m 21 226 1 201 250
b 21 2 201 250
m 21 35 2 201 250
m 21 63 2 201 250
m 21 172 2 201 250
m 21 197 2 201 250
m 21 212 2 201 250
m 21 226 2 201 250
b 21 3 201 250
m 21 63 3 12.666666666666666 182.66666666666666 0.16666666666666666
m 21 35 3 12.666666666666666 182.66666666666666 0.16666666666666666
b 147 0 240 291
m 147 45 0 240 291
m 147 177 0 240 291
m 147 213 0 240 291
b 147 1 240 291
m 147 45 1 240 291
m 147 177 1 240 291
m 147 213 1 240 291
b 147 2 240 291
b 147 3 240 291
m 147 45 3 12.0 176.0 0.25
m 147 177 3 12.0 176.0 0.25
b 154 0 254 227
m 154 13 0 254 227
m 154 101 0 254 227
b 154 1 254 227
m 154 13 1 254 227
m 154 101 1 254 227
b 154 2 254 227
m 154 13 2 254 227
m 154 101 2 254 227
b 154 3 254 227
m 154 13 3 11.333333333333332 172.0 0.5
m 154 101 3 11.333333333333332 172.0 0.5
b 109 0 248 289
m 109 29 0 248 289
m 109 39 0 248 289
m 109 45 0 248 289
m 109 78 0 248 289
m 109 211 0 248 289
b 109 1 248 289
m 109 29 1 248 289
m 109 39 1 248 289
m 109 45 1 248 289
m 109 78 1 248 289
m 109 211 1 248 289
b 109 2 248 289
m 109 29 2 248 289
m 109 39 2 248 289
m 109 45 2 248 289
m 109 78 2 248 289
m 109 211 2 248 289
b 109 3 248 289
m 109 39 3 12.333333333333332 179.0 0.2
m 109 45 3 12.333333333333332 179.0 0.2
b 185 0 305 232
m 185 13 0 305 232
m 185 29 0 305 232
m 185 33 0 305 232
m 185 37 0 305 232
m 185 39 0 305 232
m 185 73 0 305 232
m 185 94 0 305 232
m 185 107 0 305 232
m 185 161 0 305 232
m 185 175 0 305 232
m 185 179 0 305 232
m 185 202 0 305 232
b 185 1 305 232
m 185 13 1 305 232
m 185 29 1 305 232
m 185 33 1 305 232
m 185 37 1 305 232
m 185 39 1 305 232
m 185 73 1 305 232
m 185 94 1 305 232
m 185 107 1 305 232
m 185 161 1 305 232
m 185 175 1 305 232
m 185 179 1 305 232
m 185 202 1 305 232
b 185 2 305 232
b 185 3 305 232
m 185 73 3 15.0 227.0 0.8403418803418803
m 185 33 3 15.0 227.0 0.8403418803418803
m 185 175 3 15.0 227.0 0.8403418803418803
m 185 29 3 15.0 227.0 0.8403418803418803
m 185 13 3 15.0 227.0 0.8403418803418803
m 185 37 3 15.0 227.0 0.8403418803418803
m 185 94 3 15.0 227.0 0.8403418803418803
m 185 39 3 15.0 227.0 0.8403418803418803
m 185 107 3 15.0 227.0 0.8403418803418803
m 185 179 3 15.0 227.0 0.8403418803418803
b 200 0 210 325
m 200 35 0 210 325
m 200 45 0 210 325
m 200 163 0 210 325
m 200 177 0 210 325
m 200 206 0 210 325
m 200 212 0 210 325
m 200 213 0 210 325
b 200 1 210 325
m 200 35 1 210 325
m 200 45 1 210 325
m 200 163 1 210 325
m 200 177 1 210 325
m 200 206 1 210 325
m 200 212 1 210 325
m 200 213 1 210 325
b 200 2 210 325
b 200 3 210 325
m 200 45 3 13.666666666666666 197.66666666666666 0.4043360433604335
m 200 35 3 13.666666666666666 197.66666666666666 0.4043360433604335
m 200 206 3 13.666666666666666 197.66666666666666 0.4043360433604335
b 101 0 236 157
m 101 28 0 236 157
m 101 118 0 236 157
m 101 122 0 236 157
m 101 143 0 236 157
m 101 146 0 236 157
m 101 169 0 236 157
m 101 170 0 236 157
b 101 1 236 157
m 101 28 1 236 157
m 101 118 1 236 157
m 101 122 1 236 157
m 101 143 1 236 157
m 101 146 1 236 157
m 101 169 1 236 157
m 101 170 1 236 157
b 101 2 236 157
m 101 13 2 236 157
m 101 28 2 236 157
m 101 118 2 236 157
m 101 122 2 236 157
m 101 143 2 236 157
m 101 146 2 236 157
m 101 169 2 236 157
m 101 170 2 236 157
b 29 0 309 267
m 29 33 0 309 267
m 29 175 0 309 267
b 29 1 309 267
b 29 2 309 267
m 29 33 2 309 267
m 29 107 2 309 267
m 29 175 2 309 267
b 73 0 352 200
m 73 33 0 352 200
m 73 52 0 352 200
m 73 68 0 352 200
m 73 76 0 352 200
m 73 87 0 352 200
m 73 92 0 352 200
m 73 113 0 352 200
m 73 152 0 352 200
m 73 175 0 352 200
m 73 179 0 352 200
m 73 186 0 352 200
m 73 188 0 352 200
m 73 202 0 352 200
m 73 222 0 352 200
m 73 236 0 352 200
b 73 1 352 200
m 73 33 1 352 200
m 73 52 1 352 200
m 73 68 1 352 200
m 73 76 1 352 200
m 73 87 1 352 200
m 73 92 1 352 200
m 73 113 1 352 200
m 73 152 1 352 200
m 73 175 1 352 200
m 73 179 1 352 200
m 73 186 1 352 200
m 73 188 1 352 200
m 73 202 1 352 200
m 73 222 1 352 200
m 73 236 1 352 200
b 73 3 352 200
m 73 152 3 15.25 243.25 0.7844858046756231
m 73 107 3 15.25 243.25 0.7844858046756231
m 73 175 3 15.25 243.25 0.7844858046756231
m 73 113 3 15.25 243.25 0.7844858046756231
m 73 68 3 15.25 243.25 0.7844858046756231
m 73 161 3 15.25 243.25 0.7844858046756231
m 73 37 3 15.25 243.25 0.7844858046756231
m 73 179 3 15.25 243.25 0.7844858046756231
m 73 33 3 15.25 243.25 0.7844858046756231
m 73 186 3 15.25 243.25 0.7844858046756231
m 73 76 3 15.25 243.25 0.7844858046756231
m 73 188 3 15.25 243.25 0.7844858046756231
m 73 52 3 15.25 243.25 0.7844858046756231
m 73 202 3 15.25 243.25 0.7844858046756231
m 73 87 3 15.25 243.25 0.7844858046756231
b 107 0 330 223
m 107 33 0 330 223
m 107 76 0 330 223
m 107 87 0 330 223
m 107 113 0 330 223
m 107 175 0 330 223
m 107 179 0 330 223
m 107 202 0 330 223
b 107 1 330 223
m 107 33 1 330 223
m 107 76 1 330 223
m 107 87 1 330 223
m 107 113 1 330 223
m 107 175 1 330 223
m 107 179 1 330 223
m 107 202 1 330 223
b 172 0 158 256
m 172 226 0 158 256
b 172 1 158 256
b 172 2 158 256
b 172 3 158 256
b 39 0 306 251
m 39 33 0 306 251
m 39 175 0 306 251
m 39 179 0 306 251
b 39 1 306 251
m 39 33 1 306 251
m 39 175 1 306 251
m 39 179 1 306 251
b 45 0 224 299
m 45 177 0 224 299
b 45 1 224 299
m 45 177 1 224 299
b 45 3 224 299
m 45 78 3 9.75 134.25 0.18855534709193245
b 94 0 299 146
m 94 76 0 299 146
m 94 108 0 299 146
m 94 118 0 299 146
m 94 151 0 299 146
m 94 170 0 299 146
m 94 188 0 299 146
b 94 1 299 146
b 94 3 299 146
m 94 161 3 13.25 183.25 0.630024460808969
m 94 76 3 13.25 183.25 0.630024460808969
m 94 108 3 13.25 183.25 0.630024460808969
m 94 118 3 13.25 183.25 0.630024460808969
m 94 169 3 13.25 183.25 0.630024460808969
m 94 37 3 13.25 183.25 0.630024460808969
b 39 2 305 250
m 39 33 2 305 250
m 39 107 2 305 250
m 39 175 2 305 250
m 39 179 2 305 250
b 45 2 224 298
b 63 0 170 258
b 63 1 170 258
b 63 2 170 258
b 63 3 170 258
b 101 3 238 153
m 101 158 3 12.5 176.5 0.3253169230769231
m 101 146 3 12.5 176.5 0.3253169230769231
m 101 237 3 12.5 176.5 0.3253169230769231
m 101 232 3 12.5 176.5 0.3253169230769231
m 101 137 3 12.5 176.5 0.3253169230769231
b 232 0 181 139
m 232 28 0 181 139
m 232 118 0 181 139
m 232 122 0 181 139
m 232 137 0 181 139
m 232 143 0 181 139
m 232 146 0 181 139
m 232 155 0 181 139
m 232 158 0 181 139
m 232 180 0 181 139
m 232 234 0 181 139
b 232 1 181 139
m 232 28 1 181 139
m 232 118 1 181 139
m 232 122 1 181 139
m 232 137 1 181 139
m 232 143 1 181 139
m 232 146 1 181 139
m 232 155 1 181 139
m 232 158 1 181 139
m 232 180 1 181 139
m 232 234 1 181 139
b 232 2 181 139
b 149 0 332 345
m 149 139 0 332 345
m 149 207 0 332 345
m 149 216 0 332 345
b 149 1 332 345
m 149 139 1 332 345
m 149 207 1 332 345
m 149 216 1 332 345
b 149 2 332 345
m 149 139 2 332 345
m 149 207 2 332 345
m 149 216 2 332 345
b 149 3 332 345
m 149 139 3 11.25 149.25 0.20276377217553687
m 149 29 3 11.25 149.25 0.20276377217553687
b 219 0 149 153
m 219 119 0 149 153
m 219 122 0 149 153
m 219 146 0 149 153
m 219 155 0 149 153
m 219 234 0 149 153
b 219 1 149 153
m 219 119 1 149 153
m 219 122 1 149 153
m 219 146 1 149 153
m 219 155 1 149 153
m 219 234 1 149 153
b 219 2 149 153
b 24 0 138 162
m 24 119 0 138 162
m 24 122 0 138 162
m 24 146 0 138 162
m 24 155 0 138 162
m 24 234 0 138 162
b 24 1 138 162
m 24 119 1 138 162
m 24 122 1 138 162
m 24 146 1 138 162
m 24 155 1 138 162
m 24 234 1 138 162
b 24 2 138 162
b 24 3 138 162
m 24 234 3 12.25 164.25 0.2510729797723402
m 24 146 3 12.25 164.25 0.2510729797723402
b 35 0 160 281
m 35 145 0 160 281
m 35 184 0 160 281
m 35 217 0 160 281
b 35 1 160 281
b 78 0 265 319
m 78 207 0 265 319
m 78 216 0 265 319
m 78 218 0 265 319
b 78 1 265 319
m 78 207 1 265 319
m 78 216 1 265 319
m 78 218 1 265 319
b 78 2 265 319
m 78 207 2 265 319
m 78 216 2 265 319
m 78 218 2 265 319
b 161 0 307 204
m 161 33 0 307 204
m 161 76 0 307 204
m 161 179 0 307 204
m 161 188 0 307 204
m 161 202 0 307 204
m 161 236 0 307 204
b 161 1 307 204
m 161 33 1 307 204
m 161 76 1 307 204
m 161 179 1 307 204
m 161 188 1 307 204
m 161 202 1 307 204
m 161 236 1 307 204
b 13 0 258 198
m 13 118 0 258 198
m 13 188 0 258 198
b 13 1 258 198
m 13 118 1 258 198
m 13 188 1 258 198
b 13 3 258 198
m 13 107 3 12.5 169.0 0.4677794486215537
m 13 39 3 12.5 169.0 0.4677794486215537
m 13 188 3 12.5 169.0 0.4677794486215537
b 35 3 161 280
m 35 145 3 12.0 160.5 0.3308382357891901
m 35 184 3 12.0 160.5 0.3308382357891901
m 35 226 3 12.0 160.5 0.3308382357891901
b 212 0 133 314
m 212 145 0 133 314
m 212 184 0 133 314
m 212 217 0 133 314
b 212 1 133 314
m 212 145 1 133 314
m 212 184 1 133 314
m 212 217 1 133 314
b 212 3 133 314
m 212 163 3 10.75 144.25 0.3701888015557896
m 212 226 3 10.75 144.25 0.3701888015557896
b 29 3 308 260
m 29 161 3 12.0 172.5 0.3333333333333333
b 213 0 192 365
m 213 131 0 192 365
m 213 204 0 192 365
b 213 1 192 365
m 213 131 1 192 365
m 213 204 1 192 365
b 237 0 185 180
m 237 28 0 185 180
m 237 122 0 185 180
m 237 146 0 185 180
m 237 155 0 185 180
m 237 234 0 185 180
b 237 1 185 180
m 237 28 1 185 180
m 237 122 1 185 180
m 237 146 1 185 180
m 237 155 1 185 180
m 237 234 1 185 180
b 237 2 185 180
m 237 28 2 185 180
m 237 122 2 185 180
m 237 146 2 185 180
m 237 155 2 185 180
m 237 234 2 185 180
b 197 0 179 261
b 197 1 179 261
b 206 0 126 328
m 206 5 0 126 328
m 206 51 0 126 328
m 206 58 0 126 328
m 206 85 0 126 328
m 206 131 0 126 328
m 206 145 0 126 328
m 206 174 0 126 328
m 206 184 0 126 328
m 206 189 0 126 328
m 206 204 0 126 328
m 206 217 0 126 328
b 206 1 126 328
m 206 5 1 126 328
m 206 51 1 126 328
m 206 58 1 126 328
m 206 85 1 126 328
m 206 131 1 126 328
m 206 145 1 126 328
m 206 174 1 126 328
m 206 184 1 126 328
m 206 189 1 126 328
m 206 204 1 126 328
m 206 217 1 126 328
b 213 3 191 366
m 213 131 3 12.0 160.5 0.3308382357891901
b 35 2 163 278
m 35 145 2 163 278
m 35 184 2 163 278
m 35 206 2 163 278
m 35 217 2 163 278
b 37 0 293 203
m 37 118 0 293 203
m 37 170 0 293 203
m 37 188 0 293 203
b 37 1 293 203
b 107 3 327 231
m 107 161 3 13.0 182.5 0.24094708226783693
b 161 2 303 206
b 163 0 177 325
m 163 131 0 177 325
m 163 184 0 177 325
m 163 204 0 177 325
m 163 217 0 177 325
b 163 1 177 325
b 169 0 267 164
m 169 28 0 267 164
m 169 118 0 267 164
m 169 143 0 267 164
m 169 170 0 267 164
m 169 188 0 267 164
b 169 1 267 164
m 169 28 1 267 164
m 169 118 1 267 164
m 169 143 1 267 164
m 169 170 1 267 164
m 169 188 1 267 164
b 169 2 267 164
b 177 0 218 377
m 177 77 0 218 377
m 177 124 0 218 377
m 177 131 0 218 377
m 177 135 0 218 377
m 177 198 0 218 377
m 177 207 0 218 377
m 177 209 0 218 377
m 177 214 0 218 377
m 177 218 0 218 377
b 177 1 218 377
m 177 77 1 218 377
m 177 124 1 218 377
m 177 131 1 218 377
m 177 135 1 218 377
m 177 198 1 218 377
m 177 207 1 218 377
m 177 209 1 218 377
m 177 214 1 218 377
m 177 218 1 218 377
b 177 2 218 377
m 177 77 2 218 377
m 177 124 2 218 377
m 177 131 2 218 377
m 177 135 2 218 377
m 177 198 2 218 377
m 177 207 2 218 377
m 177 209 2 218 377
m 177 214 2 218 377
m 177 218 2 218 377
b 179 0 372 210
m 179 43 0 372 210
m 179 52 0 372 210
m 179 68 0 372 210
m 179 87 0 372 210
m 179 92 0 372 210
m 179 113 0 372 210
m 179 152 0 372 210
m 179 186 0 372 210
m 179 222 0 372 210
m 179 236 0 372 210
b 179 1 372 210
m 179 43 1 372 210
m 179 52 1 372 210
m 179 68 1 372 210
m 179 87 1 372 210
m 179 92 1 372 210
m 179 113 1 372 210
m 179 152 1 372 210
m 179 186 1 372 210
m 179 222 1 372 210
m 179 236 1 372 210
b 179 3 372 210
m 179 113 3 14.5 212.5 0.8687724449337982
m 179 161 3 14.5 212.5 0.8687724449337982
m 179 152 3 14.5 212.5 0.8687724449337982
m 179 52 3 14.5 212.5 0.8687724449337982
m 179 186 3 14.5 212.5 0.8687724449337982
m 179 68 3 14.5 212.5 0.8687724449337982
m 179 202 3 14.5 212.5 0.8687724449337982
m 179 87 3 14.5 212.5 0.8687724449337982
m 179 222 3 14.5 212.5 0.8687724449337982
m 179 43 3 14.5 212.5 0.8687724449337982
m 179 236 3 14.5 212.5 0.8687724449337982
b 211 0 345 301
m 211 70 0 345 301
m 211 139 0 345 301
m 211 216 0 345 301
b 211 1 345 301
m 211 70 1 345 301
m 211 139 1 345 301
m 211 216 1 345 301
b 211 2 345 301
b 211 3 345 301
m 211 70 3 10.75 143.25 0.14965800273597812
b 13 2 254 198
b 39 3 303 243
m 39 161 3 9.75 135.25 0.5
b 212 2 130 316
m 212 5 2 130 316
m 212 145 2 130 316
m 212 174 2 130 316
m 212 184 2 130 316
m 212 206 2 130 316
m 212 217 2 130 316
b 146 0 172 129
m 146 114 0 172 129
m 146 116 0 172 129
m 146 130 0 172 129
m 146 137 0 172 129
m 146 155 0 172 129
m 146 158 0 172 129
m 146 180 0 172 129
m 146 187 0 172 129
m 146 233 0 172 129
m 146 234 0 172 129
b 146 1 172 129
m 146 114 1 172 129
m 146 116 1 172 129
m 146 130 1 172 129
m 146 137 1 172 129
m 146 155 1 172 129
m 146 158 1 172 129
m 146 180 1 172 129
m 146 187 1 172 129
m 146 233 1 172 129
m 146 234 1 172 129
b 146 2 172 129
m 146 114 2 172 129
m 146 116 2 172 129
m 146 130 2 172 129
m 146 137 2 172 129
m 146 155 2 172 129
m 146 158 2 172 129
m 146 180 2 172 129
m 146 187 2 172 129
m 146 233 2 172 129
m 146 234 2 172 129
b 177 3 216 377
m 177 77 3 11.75 162.25 0.41479926404679907
m 177 78 3 11.75 162.25 0.41479926404679907
m 177 124 3 11.75 162.25 0.41479926404679907
m 177 131 3 11.75 162.25 0.41479926404679907
b 213 2 191 369
m 213 131 2 191 369
m 213 135 2 191 369
m 213 204 2 191 369
m 213 206 2 191 369
m 213 217 2 191 369
b 226 0 88 244
m 226 5 0 88 244
m 226 111 0 88 244
m 226 119 0 88 244
m 226 129 0 88 244
m 226 145 0 88 244
m 226 148 0 88 244
m 226 162 0 88 244
m 226 195 0 88 244
m 226 215 0 88 244
m 226 231 0 88 244
b 226 1 88 244
m 226 5 1 88 244
m 226 111 1 88 244
m 226 119 1 88 244
m 226 129 1 88 244
m 226 145 1 88 244
m 226 148 1 88 244
m 226 162 1 88 244
m 226 195 1 88 244
m 226 215 1 88 244
m 226 231 1 88 244
b 226 2 88 244
b 87 0 415 221
m 87 43 0 415 221
m 87 75 0 415 221
m 87 123 0 415 221
m 87 230 0 415 221
b 87 1 415 221
m 87 43 1 415 221
m 87 75 1 415 221
m 87 123 1 415 221
m 87 230 1 415 221
b 87 3 415 221
m 87 43 3 13.6 204.4 0.14285714285714285
b 163 2 180 325
m 163 131 2 180 325
m 163 184 2 180 325
m 163 204 2 180 325
m 163 206 2 180 325
m 163 217 2 180 325
b 186 0 391 195
m 186 23 0 391 195
m 186 26 0 391 195
m 186 43 0 391 195
m 186 75 0 391 195
m 186 220 0 391 195
b 186 1 391 195
m 186 23 1 391 195
m 186 26 1 391 195
m 186 43 1 391 195
m 186 75 1 391 195
m 186 220 1 391 195
b 186 3 391 195
m 186 220 3 13.799999999999999 207.4 0.125
m 186 75 3 13.799999999999999 207.4 0.125
b 37 2 291 206
m 37 73 2 291 206
m 37 94 2 291 206
m 37 188 2 291 206
b 170 0 275 153
m 170 15 0 275 153
m 170 137 0 275 153
b 170 1 275 153
b 170 2 275 153
b 175 0 348 278
m 175 43 0 348 278
m 175 70 0 348 278
m 175 230 0 348 278
b 175 1 348 278
m 175 43 1 348 278
m 175 70 1 348 278
m 175 230 1 348 278
b 175 3 348 278
m 175 70 3 12.0 172.5 0.3333333333333333
b 197 2 184 259
b 107 2 325 235
b 108 0 306 81
m 108 1 0 306 81
m 108 15 0 306 81
m 108 31 0 306 81
m 108 38 0 306 81
m 108 54 0 306 81
m 108 69 0 306 81
m 108 134 0 306 81
m 108 164 0 306 81
m 108 229 0 306 81
b 108 3 306 81
m 108 170 3 13.0 175.4 0.6977354607410099
m 108 164 3 13.0 175.4 0.6977354607410099
m 108 229 3 13.0 175.4 0.6977354607410099
m 108 69 3 13.0 175.4 0.6977354607410099
m 108 151 3 13.0 175.4 0.6977354607410099
m 108 38 3 13.0 175.4 0.6977354607410099
m 108 31 3 13.0 175.4 0.6977354607410099
m 108 134 3 13.0 175.4 0.6977354607410099
b 122 0 199 140
m 122 130 0 199 140
m 122 137 0 199 140
m 122 155 0 199 140
m 122 158 0 199 140
m 122 180 0 199 140
m 122 234 0 199 140
b 122 1 199 140
m 122 130 1 199 140
m 122 137 1 199 140
m 122 155 1 199 140
m 122 158 1 199 140
m 122 180 1 199 140
m 122 234 1 199 140
b 122 2 199 140
b 188 0 312 180
b 188 1 312 180
b 188 3 312 180
m 188 170 3 12.799999999999999 196.4 0.3333333333333333
b 76 0 345 137
m 76 26 0 345 137
m 76 69 0 345 137
b 76 1 345 137
m 76 26 1 345 137
m 76 69 1 345 137
m 76 108 1 345 137
m 76 151 1 345 137
b 76 3 345 137
m 76 151 3 13.399999999999999 201.79999999999998 0.16666666666666666
m 76 222 3 13.399999999999999 201.79999999999998 0.16666666666666666
b 92 0 375 162
m 92 23 0 375 162
m 92 26 0 375 162
m 92 220 0 375 162
b 92 1 375 162
m 92 23 1 375 162
m 92 26 1 375 162
m 92 220 1 375 162
b 146 3 170 132
m 146 187 3 12.4 170.0 0.3092291779136154
m 146 116 3 12.4 170.0 0.3092291779136154
m 146 143 3 12.4 170.0 0.3092291779136154
m 146 233 3 12.4 170.0 0.3092291779136154
b 202 0 376 231
m 202 43 0 376 231
m 202 75 0 376 231
b 202 1 376 231
m 202 43 1 376 231
m 202 75 1 376 231
b 236 0 372 167
m 236 23 0 372 167
m 236 26 0 372 167
b 236 1 372 167
m 236 23 1 372 167
m 236 26 1 372 167
b 33 0 334 247
m 33 43 0 334 247
m 33 70 0 334 247
b 33 1 334 247
b 33 3 334 247
b 158 0 226 80
m 158 1 0 226 80
m 158 31 0 226 80
m 158 81 0 226 80
m 158 114 0 226 80
m 158 116 0 226 80
m 158 130 0 226 80
m 158 181 0 226 80
m 158 187 0 226 80
b 158 1 226 80
m 158 1 1 226 80
m 158 31 1 226 80
m 158 81 1 226 80
m 158 114 1 226 80
m 158 116 1 226 80
m 158 130 1 226 80
m 158 181 1 226 80
m 158 187 1 226 80
b 158 3 226 80
m 158 1 3 13.0 186.2 0.3643285053158224
m 158 114 3 13.0 186.2 0.3643285053158224
m 158 28 3 13.0 186.2 0.3643285053158224
m 158 130 3 13.0 186.2 0.3643285053158224
m 158 155 3 13.0 186.2 0.3643285053158224
m 158 143 3 13.0 186.2 0.3643285053158224
b 206 3 118 328
m 206 58 3 13.25 184.25 0.5179829973033117
m 206 189 3 13.25 184.25 0.5179829973033117
m 206 85 3 13.25 184.25 0.5179829973033117
m 206 48 3 13.25 184.25 0.5179829973033117
m 206 145 3 13.25 184.25 0.5179829973033117
m 206 163 3 13.25 184.25 0.5179829973033117
m 206 174 3 13.25 184.25 0.5179829973033117
b 207 0 307 378
m 207 18 0 307 378
m 207 46 0 307 378
m 207 90 0 307 378
m 207 91 0 307 378
m 207 124 0 307 378
m 207 153 0 307 378
m 207 165 0 307 378
m 207 183 0 307 378
m 207 198 0 307 378
b 207 1 307 378
m 207 18 1 307 378
m 207 46 1 307 378
m 207 90 1 307 378
m 207 91 1 307 378
m 207 124 1 307 378
m 207 153 1 307 378
m 207 165 1 307 378
m 207 183 1 307 378
m 207 198 1 307 378
b 207 2 307 378
m 207 18 2 307 378
m 207 46 2 307 378
m 207 90 2 307 378
m 207 91 2 307 378
m 207 124 2 307 378
m 207 153 2 307 378
m 207 165 2 307 378
m 207 183 2 307 378
m 207 198 2 307 378
b 28 0 202 151
m 28 130 0 202 151
b 28 1 202 151
m 28 130 1 202 151
b 28 2 202 151
b 37 3 290 210
m 37 170 3 11.5 170.5 1.0
b 68 0 431 217
m 68 23 0 431 217
m 68 26 0 431 217
m 68 43 0 431 217
m 68 75 0 431 217
m 68 110 0 431 217
m 68 123 0 431 217
m 68 220 0 431 217
b 68 1 431 217
m 68 23 1 431 217
m 68 26 1 431 217
m 68 43 1 431 217
m 68 75 1 431 217
m 68 110 1 431 217
m 68 123 1 431 217
m 68 220 1 431 217
b 68 3 431 217
m 68 26 3 14.399999999999999 218.79999999999998 0.28250238494342594
m 68 43 3 14.399999999999999 218.79999999999998 0.28250238494342594
m 68 23 3 14.399999999999999 218.79999999999998 0.28250238494342594
m 68 75 3 14.399999999999999 218.79999999999998 0.28250238494342594
b 152 0 421 198
m 152 43 0 421 198
m 152 75 0 421 198
m 152 123 0 421 198
m 152 220 0 421 198
m 152 230 0 421 198
b 152 1 421 198
b 152 3 421 198
m 152 222 3 14.399999999999999 218.79999999999998 0.28250238494342594
m 152 92 3 14.399999999999999 218.79999999999998 0.28250238494342594
m 152 236 3 14.399999999999999 218.79999999999998 0.28250238494342594
m 152 220 3 14.399999999999999 218.79999999999998 0.28250238494342594
b 179 2 373 202
b 113 0 377 230
m 113 43 0 377 230
m 113 75 0 377 230
m 113 123 0 377 230
m 113 230 0 377 230
b 113 1 377 230
m 113 43 1 377 230
m 113 75 1 377 230
m 113 123 1 377 230
m 113 230 1 377 230
b 113 3 377 230
m 113 43 3 13.6 204.4 0.14285714285714285
b 143 0 235 122
m 143 1 0 235 122
m 143 15 0 235 122
m 143 114 0 235 122
m 143 130 0 235 122
m 143 181 0 235 122
b 143 1 235 122
m 143 1 1 235 122
m 143 15 1 235 122
m 143 114 1 235 122
m 143 130 1 235 122
m 143 181 1 235 122
b 143 2 235 122
b 161 3 295 210
m 161 170 3 12.399999999999999 194.79999999999998 1.0
b 175 2 347 283
m 175 43 2 347 283
m 175 52 2 347 283
m 175 70 2 347 283
m 175 113 2 347 283
m 175 202 2 347 283
m 175 230 2 347 283
b 234 0 184 122
m 234 114 0 184 122
m 234 116 0 184 122
m 234 130 0 184 122
m 234 187 0 184 122
m 234 233 0 184 122
b 234 1 184 122
m 234 114 1 184 122
m 234 116 1 184 122
m 234 130 1 184 122
m 234 187 1 184 122
m 234 233 1 184 122
b 52 0 420 261
m 52 43 0 420 261
m 52 47 0 420 261
m 52 70 0 420 261
m 52 75 0 420 261
m 52 123 0 420 261
m 52 230 0 420 261
b 52 1 420 261
b 52 3 420 261
m 52 75 3 13.399999999999999 201.79999999999998 0.16666666666666666
m 52 47 3 13.399999999999999 201.79999999999998 0.16666666666666666
b 78 3 252 313
b 119 0 105 206
m 119 111 0 105 206
m 119 162 0 105 206
m 119 215 0 105 206
m 119 231 0 105 206
b 119 1 105 206
m 119 111 1 105 206
m 119 162 1 105 206
m 119 215 1 105 206
m 119 231 1 105 206
b 204 0 131 385
m 204 30 0 131 385
m 204 42 0 131 385
m 204 48 0 131 385
m 204 51 0 131 385
m 204 66 0 131 385
m 204 71 0 131 385
m 204 135 0 131 385
m 204 160 0 131 385
m 204 174 0 131 385
m 204 189 0 131 385
m 204 223 0 131 385
b 204 1 131 385
m 204 30 1 131 385
m 204 42 1 131 385
m 204 48 1 131 385
m 204 51 1 131 385
m 204 66 1 131 385
m 204 71 1 131 385
m 204 135 1 131 385
m 204 160 1 131 385
m 204 174 1 131 385
m 204 189 1 131 385
m 204 223 1 131 385
b 218 0 285 371
m 218 18 0 285 371
m 218 77 0 285 371
m 218 90 0 285 371
m 218 91 0 285 371
m 218 124 0 285 371
m 218 165 0 285 371
m 218 183 0 285 371
m 218 198 0 285 371
b 218 1 285 371
m 218 18 1 285 371
m 218 77 1 285 371
m 218 90 1 285 371
m 218 91 1 285 371
m 218 124 1 285 371
m 218 165 1 285 371
m 218 183 1 285 371
m 218 198 1 285 371
b 218 2 285 371
m 218 18 2 285 371
m 218 77 2 285 371
m 218 90 2 285 371
m 218 91 2 285 371
m 218 124 2 285 371
m 218 165 2 285 371
m 218 183 2 285 371
m 218 198 2 285 371
b 232 3 171 127
m 232 122 3 11.2 148.39999999999998 0.16666666666666666
m 232 28 3 11.2 148.39999999999998 0.16666666666666666
b 5 0 79 280
m 5 10 0 79 280
m 5 17 0 79 280
m 5 50 0 79 280
m 5 67 0 79 280
m 5 125 0 79 280
m 5 129 0 79 280
m 5 136 0 79 280
m 5 148 0 79 280
m 5 162 0 79 280
m 5 195 0 79 280
m 5 205 0 79 280
m 5 215 0 79 280
b 5 1 79 280
b 118 0 239 173
m 118 15 0 239 173
b 118 1 239 173
m 118 15 1 239 173
b 118 2 239 173
m 118 15 2 239 173
m 118 94 2 239 173
m 118 137 2 239 173
m 118 188 2 239 173
b 137 0 226 116
m 137 114 0 226 116
m 137 130 0 226 116
m 137 181 0 226 116
m 137 187 0 226 116
b 137 1 226 116
m 137 114 1 226 116
m 137 130 1 226 116
m 137 181 1 226 116
m 137 187 1 226 116
b 137 3 226 116
m 137 180 3 12.2 165.39999999999998 0.2826553648191073
m 137 28 3 12.2 165.39999999999998 0.2826553648191073
m 137 122 3 12.2 165.39999999999998 0.2826553648191073
b 169 3 276 170
m 169 28 3 11.4 149.79999999999998 0.25
m 169 143 3 11.4 149.79999999999998 0.25
b 184 0 115 298
m 184 50 0 115 298
m 184 215 0 115 298
b 202 3 379 235
m 202 123 3 13.0 197.79999999999998 0.25
m 202 75 3 13.0 197.79999999999998 0.25
b 234 3 185 123
m 234 233 3 11.8 151.4 0.286699978033858
m 234 116 3 11.8 151.4 0.286699978033858
m 234 187 3 11.8 151.4 0.286699978033858
b 33 2 330 243
m 33 43 2 330 243
m 33 73 2 330 243
m 33 113 2 330 243
m 33 202 2 330 243
b 43 0 409 232
m 43 47 0 409 232
m 43 75 0 409 232
m 43 123 0 409 232
m 43 230 0 409 232
b 43 1 409 232
m 43 47 1 409 232
m 43 75 1 409 232
m 43 123 1 409 232
m 43 230 1 409 232
b 43 3 409 232
m 43 47 3 12.4 173.2 0.25
m 43 230 3 12.4 173.2 0.25
b 145 0 106 285
m 145 129 0 106 285
m 145 162 0 106 285
m 145 195 0 106 285
m 145 215 0 106 285
b 184 1 115 297
m 184 50 1 115 297
m 184 215 1 115 297
b 184 3 115 297
m 184 5 3 11.2 141.20000000000002 0.39015519220593875
m 184 50 3 11.2 141.20000000000002 0.39015519220593875
m 184 85 3 11.2 141.20000000000002 0.39015519220593875
m 184 174 3 11.2 141.20000000000002 0.39015519220593875
b 5 2 80 278
m 5 10 2 80 278
m 5 17 2 80 278
m 5 50 2 80 278
m 5 58 2 80 278
m 5 67 2 80 278
m 5 85 2 80 278
m 5 125 2 80 278
m 5 129 2 80 278
m 5 136 2 80 278
m 5 148 2 80 278
m 5 162 2 80 278
m 5 195 2 80 278
m 5 215 2 80 278
b 145 1 106 284
m 145 129 1 106 284
m 145 162 1 106 284
m 145 195 1 106 284
m 145 215 1 106 284
b 145 3 106 284
m 145 5 3 11.6 148.4 0.44097936632465085
m 145 85 3 11.6 148.4 0.44097936632465085
m 145 195 3 11.6 148.4 0.44097936632465085
b 151 0 361 87
m 151 54 0 361 87
m 151 69 0 361 87
m 151 133 0 361 87
m 151 164 0 361 87
b 174 0 74 352
m 174 4 0 74 352
m 174 48 0 74 352
m 174 50 0 74 352
m 174 66 0 74 352
m 174 97 0 74 352
m 174 112 0 74 352
m 174 136 0 74 352
m 174 142 0 74 352
m 174 205 0 74 352
m 174 223 0 74 352
b 174 1 74 352
m 174 4 1 74 352
m 174 48 1 74 352
m 174 50 1 74 352
m 174 66 1 74 352
m 174 97 1 74 352
m 174 112 1 74 352
m 174 136 1 74 352
m 174 142 1 74 352
m 174 205 1 74 352
m 174 223 1 74 352
b 180 0 212 60
m 180 81 0 212 60
m 180 115 0 212 60
m 180 181 0 212 60
m 180 191 0 212 60
m 180 229 0 212 60
b 180 1 212 60
m 180 81 1 212 60
m 180 115 1 212 60
m 180 181 1 212 60
m 180 191 1 212 60
m 180 229 1 212 60
b 189 0 112 408
m 189 4 0 112 408
m 189 40 0 112 408
m 189 42 0 112 408
m 189 48 0 112 408
m 189 66 0 112 408
m 189 71 0 112 408
m 189 97 0 112 408
m 189 142 0 112 408
m 189 160 0 112 408
m 189 223 0 112 408
b 189 1 112 408
m 189 4 1 112 408
m 189 40 1 112 408
m 189 42 1 112 408
m 189 48 1 112 408
m 189 66 1 112 408
m 189 71 1 112 408
m 189 97 1 112 408
m 189 142 1 112 408
m 189 160 1 112 408
m 189 223 1 112 408
b 217 0 152 334
b 222 0 360 178
m 222 23 0 360 178
m 222 26 0 360 178
b 222 1 360 178
m 222 23 1 360 178
m 222 26 1 360 178
b 234 2 187 123
b 77 0 215 438
m 77 16 0 215 438
m 77 18 0 215 438
m 77 30 0 215 438
m 77 32 0 215 438
m 77 42 0 215 438
m 77 90 0 215 438
m 77 128 0 215 438
m 77 183 0 215 438
b 77 1 215 438
m 77 16 1 215 438
m 77 18 1 215 438
m 77 30 1 215 438
m 77 32 1 215 438
m 77 42 1 215 438
m 77 90 1 215 438
m 77 128 1 215 438
m 77 183 1 215 438
b 77 2 215 438
m 77 16 2 215 438
m 77 18 2 215 438
m 77 30 2 215 438
m 77 32 2 215 438
m 77 42 2 215 438
m 77 90 2 215 438
m 77 128 2 215 438
m 77 183 2 215 438
b 116 0 160 72
m 116 0 0 160 72
m 116 65 0 160 72
m 116 81 0 160 72
m 116 100 0 160 72
m 116 115 0 160 72
m 116 176 0 160 72
m 116 191 0 160 72
b 116 1 160 72
m 116 0 1 160 72
m 116 65 1 160 72
m 116 81 1 160 72
m 116 100 1 160 72
m 116 115 1 160 72
m 116 176 1 160 72
m 116 191 1 160 72
b 116 2 160 72
m 116 0 2 160 72
m 116 65 2 160 72
m 116 81 2 160 72
m 116 100 2 160 72
m 116 115 2 160 72
m 116 176 2 160 72
m 116 191 2 160 72
b 118 3 239 176
m 118 28 3 11.799999999999999 153.79999999999998 0.17669055894488855
m 118 15 3 11.799999999999999 153.79999999999998 0.17669055894488855
b 139 0 382 319
m 139 47 0 382 319
m 139 106 0 382 319
m 139 156 0 382 319
m 139 166 0 382 319
m 139 199 0 382 319
b 139 1 382 319
m 139 47 1 382 319
m 139 106 1 382 319
m 139 156 1 382 319
m 139 166 1 382 319
m 139 199 1 382 319
b 139 2 382 319
m 139 47 2 382 319
m 139 70 2 382 319
m 139 106 2 382 319
m 139 156 2 382 319
m 139 166 2 382 319
m 139 199 2 382 319
b 139 3 382 319
m 139 47 3 10.2 126.60000000000001 0.18545625070147406
m 139 156 3 10.2 126.60000000000001 0.18545625070147406
b 198 0 289 392
m 198 18 0 289 392
m 198 46 0 289 392
m 198 49 0 289 392
m 198 90 0 289 392
m 198 91 0 289 392
m 198 102 0 289 392
m 198 153 0 289 392
m 198 165 0 289 392
m 198 183 0 289 392
b 198 1 289 392
b 198 2 289 392
m 198 18 2 289 392
m 198 46 2 289 392
m 198 49 2 289 392
m 198 90 2 289 392
m 198 91 2 289 392
m 198 102 2 289 392
m 198 153 2 289 392
m 198 165 2 289 392
m 198 183 2 289 392
b 204 2 128 384
m 204 30 2 128 384
m 204 42 2 128 384
m 204 48 2 128 384
m 204 51 2 128 384
m 204 66 2 128 384
m 204 71 2 128 384
m 204 160 2 128 384
m 204 189 2 128 384
m 204 223 2 128 384
b 217 1 153 334
b 237 3 200 185
m 237 28 3 10.8 144.39999999999998 0.25
m 237 219 3 10.8 144.39999999999998 0.25
b 158 2 233 76
m 158 1 2 233 76
m 158 15 2 233 76
m 158 31 2 233 76
m 158 81 2 233 76
m 158 181 2 233 76
m 158 229 2 233 76
b 174 2 73 351
m 174 4 2 73 351
m 174 48 2 73 351
m 174 50 2 73 351
m 174 51 2 73 351
m 174 58 2 73 351
m 174 66 2 73 351
m 174 85 2 73 351
m 174 97 2 73 351
m 174 112 2 73 351
m 174 136 2 73 351
m 174 142 2 73 351
m 174 189 2 73 351
m 174 205 2 73 351
m 174 223 2 73 351
b 184 2 115 294
m 184 58 2 115 294
m 184 85 2 115 294
m 184 215 2 115 294
b 230 0 418 264
m 230 2 0 418 264
m 230 47 0 418 264
m 230 106 0 418 264
b 230 1 418 264
b 236 3 367 159
m 236 26 3 12.4 173.2 0.25
m 236 23 3 12.4 173.2 0.25
b 58 0 65 335
m 58 3 0 65 335
m 58 4 0 65 335
m 58 10 0 65 335
m 58 17 0 65 335
m 58 25 0 65 335
m 58 50 0 65 335
m 58 67 0 65 335
m 58 97 0 65 335
m 58 112 0 65 335
m 58 125 0 65 335
m 58 136 0 65 335
m 58 205 0 65 335
m 58 223 0 65 335
b 58 1 65 335
m 58 3 1 65 335
m 58 4 1 65 335
m 58 10 1 65 335
m 58 17 1 65 335
m 58 25 1 65 335
m 58 50 1 65 335
m 58 67 1 65 335
m 58 97 1 65 335
m 58 112 1 65 335
m 58 125 1 65 335
m 58 136 1 65 335
m 58 205 1 65 335
m 58 223 1 65 335
b 77 3 213 439
m 77 32 3 12.0 163.60000000000002 0.48341481485089444
m 77 30 3 12.0 163.60000000000002 0.48341481485089444
m 77 135 3 12.0 163.60000000000002 0.48341481485089444
m 77 42 3 12.0 163.60000000000002 0.48341481485089444
m 77 16 3 12.0 163.60000000000002 0.48341481485089444
m 77 128 3 12.0 163.60000000000002 0.48341481485089444
m 77 198 3 12.0 163.60000000000002 0.48341481485089444
b 135 0 182 400
m 135 30 0 182 400
m 135 32 0 182 400
m 135 42 0 182 400
m 135 48 0 182 400
m 135 160 0 182 400
b 135 1 182 400
b 135 2 182 400
m 135 30 2 182 400
m 135 32 2 182 400
m 135 42 2 182 400
m 135 48 2 182 400
m 135 51 2 182 400
m 135 160 2 182 400
m 135 189 2 182 400
b 145 2 109 283
m 145 129 2 109 283
m 145 162 2 109 283
m 145 195 2 109 283
m 145 215 2 109 283
b 155 0 187 136
b 155 1 187 136
b 214 0 206 443
m 214 16 0 206 443
m 214 18 0 206 443
m 214 30 0 206 443
m 214 32 0 206 443
m 214 42 0 206 443
m 214 128 0 206 443
m 214 183 0 206 443
b 214 1 206 443
m 214 16 1 206 443
m 214 18 1 206 443
m 214 30 1 206 443
m 214 32 1 206 443
m 214 42 1 206 443
m 214 128 1 206 443
m 214 183 1 206 443
b 214 2 206 443
b 216 0 290 359
b 216 1 290 359
b 216 2 290 359
b 226 3 74 243
m 226 148 3 11.6 148.4 0.44097936632465085
m 226 231 3 11.6 148.4 0.44097936632465085
m 226 129 3 11.6 148.4 0.44097936632465085
m 226 195 3 11.6 148.4 0.44097936632465085
b 51 0 148 374
m 51 42 0 148 374
m 51 48 0 148 374
m 51 66 0 148 374
m 51 71 0 148 374
m 51 142 0 148 374
m 51 160 0 148 374
m 51 223 0 148 374
b 51 1 148 374
m 51 42 1 148 374
m 51 48 1 148 374
m 51 66 1 148 374
m 51 71 1 148 374
m 51 142 1 148 374
m 51 160 1 148 374
m 51 223 1 148 374
b 70 0 362 316
m 70 47 0 362 316
m 70 106 0 362 316
b 70 1 362 316
m 70 47 1 362 316
m 70 106 1 362 316
b 70 3 362 316
m 70 47 3 9.2 116.39999999999999 0.06351359591092098
b 73 2 354 174
b 124 0 311 376
m 124 18 0 311 376
m 124 46 0 311 376
m 124 90 0 311 376
m 124 91 0 311 376
m 124 153 0 311 376
m 124 165 0 311 376
m 124 183 0 311 376
b 124 1 311 376
m 124 18 1 311 376
m 124 46 1 311 376
m 124 90 1 311 376
m 124 91 1 311 376
m 124 153 1 311 376
m 124 165 1 311 376
m 124 183 1 311 376
b 124 2 311 376
b 130 0 202 76
m 130 6 0 202 76
m 130 81 0 202 76
m 130 115 0 202 76
m 130 181 0 202 76
m 130 191 0 202 76
b 130 1 202 76
m 130 6 1 202 76
m 130 81 1 202 76
m 130 115 1 202 76
m 130 181 1 202 76
m 130 191 1 202 76
m 130 229 1 202 76
b 130 2 202 76
m 130 6 2 202 76
m 130 81 2 202 76
m 130 115 2 202 76
m 130 181 2 202 76
m 130 191 2 202 76
m 130 229 2 202 76
b 162 0 110 231
b 162 1 110 231
b 209 0 251 471
m 209 16 0 251 471
m 209 18 0 251 471
m 209 49 0 251 471
m 209 84 0 251 471
m 209 90 0 251 471
m 209 91 0 251 471
m 209 102 0 251 471
m 209 128 0 251 471
m 209 165 0 251 471
m 209 183 0 251 471
b 209 1 251 471
m 209 16 1 251 471
m 209 18 1 251 471
m 209 49 1 251 471
m 209 84 1 251 471
m 209 90 1 251 471
m 209 91 1 251 471
m 209 102 1 251 471
m 209 128 1 251 471
m 209 165 1 251 471
m 209 183 1 251 471
b 209 2 251 471
b 217 2 156 335
m 217 51 2 156 335
m 217 85 2 156 335
b 1 0 296 69
m 1 82 0 296 69
b 108 1 299 70
m 108 82 1 299 70
b 116 3 160 76
m 116 180 3 12.166666666666668 161.83333333333331 0.2919547549361855
m 116 65 3 12.166666666666668 161.83333333333331 0.2919547549361855
m 116 0 3 12.166666666666668 161.83333333333331 0.2919547549361855
m 116 100 3 12.166666666666668 161.83333333333331 0.2919547549361855
b 123 0 419 251
m 123 47 0 419 251
b 123 1 419 251
b 129 0 43 282
m 129 10 0 43 282
m 129 17 0 43 282
m 129 50 0 43 282
m 129 67 0 43 282
m 129 125 0 43 282
m 129 136 0 43 282
b 129 1 43 282
m 129 10 1 43 282
m 129 17 1 43 282
m 129 50 1 43 282
m 129 67 1 43 282
m 129 125 1 43 282
m 129 136 1 43 282
b 163 3 195 323
b 187 0 169 73
m 187 0 0 169 73
m 187 65 0 169 73
m 187 100 0 169 73
m 187 115 0 169 73
m 187 176 0 169 73
m 187 191 0 169 73
b 187 1 169 73
m 187 0 1 169 73
m 187 65 1 169 73
m 187 100 1 169 73
m 187 115 1 169 73
m 187 176 1 169 73
m 187 191 1 169 73
b 187 2 169 73
b 188 2 313 193
m 188 76 2 313 193
m 188 92 2 313 193
m 188 222 2 313 193
m 188 236 2 313 193
b 54 0 315 104
m 54 171 0 315 104
b 85 0 78 368
m 85 3 0 78 368
m 85 4 0 78 368
m 85 25 0 78 368
m 85 48 0 78 368
m 85 50 0 78 368
m 85 67 0 78 368
m 85 97 0 78 368
m 85 112 0 78 368
m 85 136 0 78 368
m 85 142 0 78 368
m 85 205 0 78 368
m 85 223 0 78 368
b 85 1 78 368
m 85 3 1 78 368
m 85 4 1 78 368
m 85 25 1 78 368
m 85 48 1 78 368
m 85 50 1 78 368
m 85 67 1 78 368
m 85 97 1 78 368
m 85 112 1 78 368
m 85 136 1 78 368
m 85 142 1 78 368
m 85 205 1 78 368
m 85 223 1 78 368
b 94 2 278 131
m 94 15 2 278 131
m 94 54 2 278 131
m 94 76 2 278 131
m 94 108 2 278 131
b 124 3 312 374
m 124 153 3 11.8 158.60000000000002 0.460285327458354
m 124 18 3 11.8 158.60000000000002 0.460285327458354
m 124 165 3 11.8 158.60000000000002 0.460285327458354
m 124 198 3 11.8 158.60000000000002 0.460285327458354
m 124 183 3 11.8 158.60000000000002 0.460285327458354
b 137 2 232 121
m 137 15 2 232 121
m 137 181 2 232 121
b 148 0 5 236
m 148 10 0 5 236
m 148 17 0 5 236
m 148 126 0 5 236
b 148 1 5 236
m 148 10 1 5 236
m 148 17 1 5 236
m 148 126 1 5 236
b 170 3 284 165
m 170 15 3 11.166666666666668 146.83333333333331 0.5
m 170 54 3 11.166666666666668 146.83333333333331 0.5
b 1 1 298 71
m 1 82 1 298 71
b 1 3 298 71
m 1 82 3 13.0 186.2 -1.0
b 23 0 426 166
m 23 80 0 426 166
m 23 167 0 426 166
m 23 178 0 426 166
b 23 1 426 166
b 26 0 397 171
m 26 178 0 397 171
b 26 1 397 171
m 26 178 1 397 171
b 48 3 110 394
m 48 66 3 13.399999999999999 186.60000000000002 0.591302402599976
m 48 71 3 13.399999999999999 186.60000000000002 0.591302402599976
m 48 42 3 13.399999999999999 186.60000000000002 0.591302402599976
m 48 97 3 13.399999999999999 186.60000000000002 0.591302402599976
m 48 135 3 13.399999999999999 186.60000000000002 0.591302402599976
m 48 142 3 13.399999999999999 186.60000000000002 0.591302402599976
m 48 30 3 13.399999999999999 186.60000000000002 0.591302402599976
m 48 160 3 13.399999999999999 186.60000000000002 0.591302402599976
b 131 0 223 354
b 131 1 223 354
b 134 0 324 57
m 134 82 0 324 57
b 134 3 324 57
m 134 82 3 13.0 175.4 -1.0
b 155 2 191 136
b 233 0 135 100
m 233 0 0 135 100
m 233 14 0 135 100
m 233 60 0 135 100
m 233 65 0 135 100
m 233 83 0 135 100
m 233 100 0 135 100
m 233 176 0 135 100
m 233 191 0 135 100
b 233 1 135 100
m 233 0 1 135 100
m 233 14 1 135 100
m 233 60 1 135 100
m 233 65 1 135 100
m 233 83 1 135 100
m 233 100 1 135 100
m 233 176 1 135 100
m 233 191 1 135 100
b 233 2 135 100
m 233 0 2 135 100
m 233 14 2 135 100
m 233 60 2 135 100
m 233 65 2 135 100
m 233 83 2 135 100
m 233 100 2 135 100
m 233 176 2 135 100
m 233 191 2 135 100
b 38 0 273 38
m 38 82 0 273 38
b 38 3 273 38
m 38 82 3 13.0 175.4 -1.0
b 43 2 410 223
m 43 47 2 410 223
m 43 68 2 410 223
m 43 75 2 410 223
m 43 87 2 410 223
m 43 123 2 410 223
m 43 152 2 410 223
m 43 186 2 410 223
b 46 0 294 438
m 46 20 0 294 438
m 46 49 0 294 438
m 46 84 0 294 438
m 46 102 0 294 438
m 46 201 0 294 438
b 46 1 294 438
m 46 20 1 294 438
m 46 49 1 294 438
m 46 84 1 294 438
m 46 102 1 294 438
m 46 201 1 294 438
b 46 2 294 438
b 69 0 373 96
m 69 12 0 373 96
m 69 133 0 373 96
b 69 3 373 96
m 69 54 3 11.5 148.83333333333331 0.25
m 69 12 3 11.5 148.83333333333331 0.25
b 90 0 303 457
m 90 49 0 303 457
m 90 84 0 303 457
m 90 102 0 303 457
m 90 201 0 303 457
b 90 1 303 457
m 90 49 1 303 457
m 90 84 1 303 457
m 90 102 1 303 457
m 90 201 1 303 457
b 90 2 303 457
m 90 49 2 303 457
m 90 84 2 303 457
m 90 102 2 303 457
m 90 201 2 303 457
b 131 3 224 354
m 131 135 3 10.4 131.6 0.11644888952020449
b 174 3 68 347
m 174 66 3 13.6 192.4 0.6138285612006117
m 174 204 3 13.6 192.4 0.6138285612006117
m 174 97 3 13.6 192.4 0.6138285612006117
m 174 4 3 13.6 192.4 0.6138285612006117
m 174 50 3 13.6 192.4 0.6138285612006117
m 174 3 3 13.6 192.4 0.6138285612006117
m 174 112 3 13.6 192.4 0.6138285612006117
m 174 51 3 13.6 192.4 0.6138285612006117
m 174 136 3 13.6 192.4 0.6138285612006117
b 180 2 216 53
m 180 6 2 216 53
m 180 81 2 216 53
m 180 115 2 216 53
m 180 181 2 216 53
m 180 191 2 216 53
m 180 229 2 216 53
b 189 3 117 414
m 189 223 3 13.6 192.4 0.6138285612006117
m 189 66 3 13.6 192.4 0.6138285612006117
m 189 30 3 13.6 192.4 0.6138285612006117
m 189 71 3 13.6 192.4 0.6138285612006117
m 189 97 3 13.6 192.4 0.6138285612006117
m 189 42 3 13.6 192.4 0.6138285612006117
m 189 142 3 13.6 192.4 0.6138285612006117
m 189 40 3 13.6 192.4 0.6138285612006117
m 189 160 3 13.6 192.4 0.6138285612006117
b 195 0 28 256
m 195 10 0 28 256
m 195 17 0 28 256
m 195 126 0 28 256
b 195 1 28 256
m 195 10 1 28 256
m 195 17 1 28 256
m 195 126 1 28 256
b 206 2 104 329
m 206 48 2 104 329
m 206 50 2 104 329
m 206 51 2 104 329
m 206 58 2 104 329
m 206 85 2 104 329
m 206 223 2 104 329
b 215 0 79 238
b 215 1 79 238
b 230 2 421 260
b 231 0 112 184
b 231 1 112 184
b 18 0 280 450
m 18 49 0 280 450
m 18 84 0 280 450
m 18 102 0 280 450
m 18 201 0 280 450
b 18 1 280 450
m 18 49 1 280 450
m 18 84 1 280 450
m 18 102 1 280 450
m 18 201 1 280 450
b 18 2 280 450
b 69 1 374 95
m 69 12 1 374 95
m 69 54 1 374 95
m 69 133 1 374 95
m 69 134 1 374 95
m 69 164 1 374 95
b 75 0 415 204
m 75 178 0 415 204
b 75 1 415 204
m 75 178 1 415 204
b 75 3 415 204
m 75 123 3 12.333333333333334 177.0 0.05966048693321424
b 130 3 197 78
m 130 180 3 11.833333333333334 161.16666666666666 0.16666666666666666
m 130 115 3 11.833333333333334 161.16666666666666 0.16666666666666666
b 131 2 224 353
m 131 51 2 224 353
b 164 0 371 42
m 164 8 0 371 42
m 164 12 0 371 42
m 164 95 0 371 42
m 164 133 0 371 42
m 164 171 0 371 42
b 164 3 371 42
m 164 95 3 11.833333333333334 152.16666666666666 0.07072722598644408
b 165 0 298 411
m 165 49 0 298 411
m 165 84 0 298 411
m 165 102 0 298 411
b 165 1 298 411
m 165 49 1 298 411
m 165 84 1 298 411
m 165 102 1 298 411
b 165 2 298 411
b 183 0 253 437
m 183 49 0 253 437
m 183 84 0 253 437
m 183 102 0 253 437
b 183 1 253 437
m 183 49 1 253 437
m 183 84 1 253 437
m 183 102 1 253 437
b 183 2 253 437
b 187 3 168 77
m 187 65 3 11.666666666666668 152.33333333333331 0.1784290477634981
m 187 0 3 11.666666666666668 152.33333333333331 0.1784290477634981
b 222 3 351 182
b 223 0 74 380
m 223 3 0 74 380
m 223 4 0 74 380
m 223 93 0 74 380
m 223 96 0 74 380
m 223 97 0 74 380
m 223 112 0 74 380
m 223 142 0 74 380
b 223 1 74 380
m 223 3 1 74 380
m 223 4 1 74 380
m 223 50 1 74 380
m 223 93 1 74 380
m 223 96 1 74 380
m 223 97 1 74 380
m 223 112 1 74 380
m 223 142 1 74 380
m 223 205 1 74 380
b 229 0 239 44
m 229 82 0 239 44
b 229 3 239 44
m 229 82 3 13.0 175.4 -1.0
b 48 0 107 393
m 48 4 0 107 393
m 48 97 0 107 393
m 48 142 0 107 393
m 48 235 0 107 393
b 48 1 107 393
m 48 4 1 107 393
m 48 97 1 107 393
m 48 142 1 107 393
m 48 235 1 107 393
b 92 3 358 163
b 5 3 83 267
m 5 129 3 10.5 125.83333333333336 0.35835206567154515
m 5 136 3 10.5 125.83333333333336 0.35835206567154515
m 5 195 3 10.5 125.83333333333336 0.35835206567154515
b 15 0 281 123
m 15 171 0 281 123
b 47 0 404 292
m 47 2 0 404 292
m 47 106 0 404 292
m 47 193 0 404 292
b 47 3 404 292
m 47 106 3 11.666666666666666 169.66666666666666 0.012253563845920504
b 58 3 63 327
m 58 10 3 13.2 181.2 0.5644368767081356
m 58 17 3 13.2 181.2 0.5644368767081356
m 58 67 3 13.2 181.2 0.5644368767081356
m 58 205 3 13.2 181.2 0.5644368767081356
m 58 125 3 13.2 181.2 0.5644368767081356
m 58 112 3 13.2 181.2 0.5644368767081356
m 58 3 3 13.2 181.2 0.5644368767081356
m 58 129 3 13.2 181.2 0.5644368767081356
b 111 0 31 233
m 111 126 0 31 233
b 111 1 31 233
m 111 126 1 31 233
b 114 0 220 31
m 114 82 0 220 31
b 114 1 220 31
m 114 82 1 220 31
b 114 2 220 31
b 153 0 343 393
m 153 49 0 343 393
m 153 59 0 343 393
m 153 199 0 343 393
b 153 1 343 393
m 153 49 1 343 393
m 153 59 1 343 393
m 153 199 1 343 393
b 153 2 343 393
m 153 49 2 343 393
m 153 59 2 343 393
m 153 199 2 343 393
b 220 0 480 176
m 220 62 0 480 176
m 220 80 0 480 176
m 220 167 0 480 176
m 220 178 0 480 176
b 220 1 480 176
m 220 62 1 480 176
m 220 80 1 480 176
m 220 167 1 480 176
m 220 178 1 480 176
b 220 3 480 176
m 220 62 3 12.333333333333334 177.0 0.05966048693321424
b 230 3 423 257
m 230 106 3 10.5 144.5 1.0
b 233 3 137 103
m 233 0 3 11.833333333333334 155.16666666666666 0.22551968023909014
m 233 65 3 11.833333333333334 155.16666666666666 0.22551968023909014
m 233 14 3 11.833333333333334 155.16666666666666 0.22551968023909014
b 10 0 4 310
m 10 3 0 4 310
m 10 25 0 4 310
b 23 3 424 170
m 23 80 3 12.666666666666666 185.0 0.25
b 26 3 395 176
m 26 178 3 12.166666666666666 182.5 1.0
b 28 3 197 167
b 40 0 92 486
m 40 104 0 92 486
m 40 208 0 92 486
m 40 235 0 92 486
b 40 1 92 486
m 40 104 1 92 486
m 40 208 1 92 486
m 40 235 1 92 486
b 42 0 181 428
m 42 16 0 181 428
m 42 32 0 181 428
m 42 128 0 181 428
m 42 208 0 181 428
m 42 235 0 181 428
b 42 1 181 428
m 42 16 1 181 428
m 42 32 1 181 428
m 42 128 1 181 428
m 42 208 1 181 428
m 42 235 1 181 428
b 67 0 4 326
m 67 3 0 4 326
m 67 25 0 4 326
b 91 0 287 423
m 91 49 0 287 423
m 91 84 0 287 423
m 91 102 0 287 423
b 91 1 287 423
m 91 49 1 287 423
m 91 84 1 287 423
m 91 102 1 287 423
b 91 2 287 423
b 122 3 213 153
b 143 3 241 136
b 151 3 370 78
m 151 12 3 11.5 148.83333333333331 0.25
m 151 133 3 11.5 148.83333333333331 0.25
b 0 0 117 44
m 0 36 0 117 44
m 0 56 0 117 44
m 0 60 0 117 44
m 0 227 0 117 44
b 0 1 117 44
b 0 2 117 44
m 0 36 2 117 44
m 0 56 2 117 44
m 0 60 2 117 44
m 0 227 2 117 44
b 47 1 404 290
m 47 2 1 404 290
m 47 193 1 404 290
b 66 0 95 399
m 66 93 0 95 399
m 66 235 0 95 399
b 66 1 95 399
m 66 93 1 95 399
m 66 235 1 95 399
b 70 2 354 320
b 106 0 407 320
m 106 2 0 407 320
m 106 79 0 407 320
m 106 193 0 407 320
b 106 1 407 320
m 106 2 1 407 320
m 106 79 1 407 320
m 106 193 1 407 320
b 106 2 407 320
m 106 2 2 407 320
m 106 79 2 407 320
m 106 193 2 407 320
b 112 0 22 356
m 112 3 0 22 356
m 112 25 0 22 356
m 112 53 0 22 356
m 112 96 0 22 356
b 112 1 22 356
m 112 3 1 22 356
m 112 10 1 22 356
m 112 17 1 22 356
m 112 25 1 22 356
m 112 53 1 22 356
m 112 67 1 22 356
m 112 96 1 22 356
m 112 125 1 22 356
b 123 3 411 250
b 151 1 370 78
m 151 12 1 370 78
m 151 54 1 370 78
m 151 133 1 370 78
m 151 134 1 370 78
m 151 164 1 370 78
m 151 221 1 370 78
b 160 0 119 406
m 160 235 0 119 406
b 160 1 119 406
b 223 2 71 377
b 10 2 5 311
b 31 0 290 25
m 31 82 0 290 25
b 31 3 290 25
m 31 82 3 13.0 175.4 -1.0
b 48 2 103 392
b 67 2 6 326
m 67 3 2 6 326
m 67 25 2 6 326
b 85 3 80 376
m 85 25 3 13.2 181.2 0.5644368767081356
m 85 97 3 13.2 181.2 0.5644368767081356
m 85 112 3 13.2 181.2 0.5644368767081356
m 85 136 3 13.2 181.2 0.5644368767081356
m 85 205 3 13.2 181.2 0.5644368767081356
m 85 142 3 13.2 181.2 0.5644368767081356
b 113 2 363 240
m 113 26 2 363 240
m 113 68 2 363 240
m 113 75 2 363 240
m 113 87 2 363 240
m 113 92 2 363 240
m 113 123 2 363 240
m 113 152 2 363 240
m 113 186 2 363 240
m 113 222 2 363 240
b 142 0 111 408
m 142 93 0 111 408
m 142 104 0 111 408
m 142 235 0 111 408
b 142 1 111 408
b 205 0 17 365
m 205 53 0 17 365
m 205 96 0 17 365
b 1 2 305 75
b 47 2 404 288
b 52 2 424 279
b 112 2 21 354
m 112 3 2 21 354
m 112 25 2 21 354
m 112 53 2 21 354
m 112 96 2 21 354
b 133 0 426 42
m 133 8 0 426 42
m 133 12 0 426 42
m 133 57 0 426 42
m 133 203 0 426 42
m 133 221 0 426 42
m 133 225 0 426 42
b 136 0 41 320
b 156 0 404 405
m 156 9 0 404 405
m 156 22 0 404 405
m 156 59 0 404 405
m 156 79 0 404 405
m 156 120 0 404 405
m 156 157 0 404 405
m 156 193 0 404 405
b 156 1 404 405
m 156 9 1 404 405
m 156 22 1 404 405
m 156 59 1 404 405
m 156 79 1 404 405
m 156 120 1 404 405
m 156 157 1 404 405
m 156 193 1 404 405
b 156 2 404 405
b 156 3 404 405
m 156 9 3 10.333333333333334 125.66666666666667 0.2719748407965385
m 156 120 3 10.333333333333334 125.66666666666667 0.2719748407965385
b 162 2 120 226
m 162 111 2 120 226
m 162 119 2 120 226
m 162 231 2 120 226
b 176 0 129 60
m 176 36 0 129 60
m 176 56 0 129 60
m 176 60 0 129 60
m 176 227 0 129 60
b 176 1 129 60
m 176 36 1 129 60
m 176 56 1 129 60
m 176 60 1 129 60
m 176 227 1 129 60
b 176 2 129 60
b 181 0 246 33
m 181 82 0 246 33
b 181 1 246 33
m 181 82 1 246 33
b 189 2 121 420
m 189 40 2 121 420
m 189 104 2 121 420
m 189 235 2 121 420
b 3 0 21 352
m 3 53 0 21 352
b 3 1 21 352
m 3 53 1 21 352
b 15 1 282 128
m 15 54 1 282 128
m 15 171 1 282 128
b 17 0 3 324
b 30 0 144 450
m 30 208 0 144 450
m 30 235 0 144 450
b 30 1 144 450
b 31 1 290 23
m 31 82 1 290 23
b 42 2 185 427
b 81 0 228 16
m 81 82 0 228 16
b 81 1 228 16
b 110 0 483 235
m 110 62 0 483 235
m 110 167 0 483 235
m 110 224 0 483 235
b 110 1 483 235
m 110 62 1 483 235
m 110 167 1 483 235
m 110 224 1 483 235
b 114 3 223 28
m 114 82 3 13.0 186.2 -1.0
b 125 0 9 329
b 129 2 48 292
b 142 2 113 407
m 142 40 2 113 407
m 142 93 2 113 407
m 142 104 2 113 407
m 142 235 2 113 407
b 155 3 200 137
b 202 2 393 247
m 202 26 2 393 247
m 202 68 2 393 247
m 202 75 2 393 247
m 202 87 2 393 247
m 202 123 2 393 247
m 202 152 2 393 247
m 202 186 2 393 247
b 205 1 15 366
b 0 3 118 40
m 0 36 3 11.428571428571429 145.7142857142857 0.14568709474166078
m 0 60 3 11.428571428571429 145.7142857142857 0.14568709474166078
b 10 1 7 313
b 50 0 45 363
m 50 53 0 45 363
b 58 2 61 321
b 66 2 95 395
m 66 93 2 95 395
m 66 235 2 95 395
b 67 1 8 325
b 102 0 321 482
m 102 20 0 321 482
m 102 41 0 321 482
m 102 201 0 321 482
m 102 239 0 321 482
b 102 2 321 482
b 128 0 201 486
m 128 208 0 201 486
b 128 1 201 486
m 128 208 1 201 486
b 128 2 201 486
b 136 1 42 319
b 136 2 42 319
b 148 2 2 238
m 148 111 2 2 238
m 148 126 2 2 238
b 160 2 115 406
b 166 0 400 395
m 166 9 0 400 395
m 166 59 0 400 395
m 166 79 0 400 395
m 166 120 0 400 395
m 166 157 0 400 395
m 166 193 0 400 395
b 166 1 400 395
m 166 9 1 400 395
m 166 59 1 400 395
m 166 79 1 400 395
m 166 120 1 400 395
m 166 157 1 400 395
m 166 193 1 400 395
b 166 2 400 395
m 166 9 2 400 395
m 166 59 2 400 395
m 166 79 2 400 395
m 166 120 2 400 395
m 166 157 2 400 395
m 166 193 2 400 395
b 180 3 220 45
m 180 6 3 11.0 141.99999999999997 0.2
m 180 115 3 11.0 141.99999999999997 0.2
b 198 3 296 377
m 198 46 3 11.166666666666666 144.5 0.11830882119168729
b 229 1 231 42
m 229 82 1 231 42
b 15 2 282 130
b 16 0 157 457
m 16 208 0 157 457
m 16 235 0 157 457
b 16 1 157 457
m 16 208 1 157 457
m 16 235 1 157 457
b 16 2 157 457
m 16 208 2 157 457
m 16 235 2 157 457
b 17 2 4 326
m 17 3 2 4 326
m 17 25 2 4 326
b 42 3 187 427
m 42 204 3 11.166666666666666 144.5 0.11830882119168729
b 50 1 45 364
m 50 53 1 45 364
m 50 96 1 45 364
b 50 3 45 364
m 50 96 3 11.5 145.83333333333334 0.5386838377293323
m 50 10 3 11.5 145.83333333333334 0.5386838377293323
m 50 17 3 11.5 145.83333333333334 0.5386838377293323
m 50 67 3 11.5 145.83333333333334 0.5386838377293323
m 50 4 3 11.5 145.83333333333334 0.5386838377293323
m 50 53 3 11.5 145.83333333333334 0.5386838377293323
m 50 125 3 11.5 145.83333333333334 0.5386838377293323
m 50 136 3 11.5 145.83333333333334 0.5386838377293323
b 71 0 114 462
m 71 104 0 114 462
m 71 208 0 114 462
m 71 235 0 114 462
b 71 1 114 462
m 71 104 1 114 462
m 71 208 1 114 462
m 71 235 1 114 462
b 97 0 85 403
m 97 53 0 85 403
m 97 93 0 85 403
m 97 96 0 85 403
m 97 104 0 85 403
m 97 235 0 85 403
b 97 1 85 403
m 97 53 1 85 403
m 97 93 1 85 403
m 97 96 1 85 403
m 97 104 1 85 403
m 97 235 1 85 403
b 108 2 292 59
m 108 82 2 292 59
b 125 2 10 330
b 205 2 14 367
m 205 3 2 14 367
m 205 25 2 14 367
m 205 53 2 14 367
m 205 96 2 14 367
b 219 3 123 128
m 219 14 3 9.5 121.83333333333331 0.18137409391742826
b 2 0 493 317
m 2 79 0 493 317
m 2 99 0 493 317
m 2 117 0 493 317
m 2 159 0 493 317
m 2 193 0 493 317
b 32 0 190 498
m 32 208 0 190 498
b 32 1 190 498
m 32 208 1 190 498
b 32 2 190 498
m 32 208 2 190 498
b 50 2 45 365
b 51 2 161 367
b 128 3 200 487
m 128 208 3 10.666666666666666 139.0 0.25
m 128 84 3 10.666666666666666 139.0 0.25
b 129 3 49 295
m 129 215 3 11.0 134.33333333333334 0.35789035139559094
m 129 111 3 11.0 134.33333333333334 0.35789035139559094
b 135 3 183 384
m 135 51 3 10.666666666666666 139.0 0.25
m 135 204 3 10.666666666666666 139.0 0.25
b 191 0 170 68
b 191 1 170 68
b 195 2 19 263
m 195 111 2 19 263
m 195 126 2 19 263
b 195 3 19 263
b 199 0 409 376
m 199 59 0 409 376
m 199 120 0 409 376
m 199 193 0 409 376
b 199 1 409 376
m 199 59 1 409 376
m 199 120 1 409 376
m 199 193 1 409 376
b 199 2 409 376
b 215 2 80 227
b 229 2 229 42
m 229 82 2 229 42
b 16 3 155 456
m 16 235 3 10.5 137.83333333333334 0.3333333333333333
b 30 2 140 449
m 30 208 2 140 449
m 30 235 2 140 449
b 40 3 85 490
m 40 235 3 11.833333333333334 161.83333333333334 0.3333333333333333
b 54 2 319 118
m 54 69 2 319 118
m 54 134 2 319 118
m 54 151 2 319 118
m 54 171 2 319 118
b 54 3 319 118
m 54 171 3 9.714285714285714 125.99999999999999 0.014705882352940902
b 76 2 322 123
m 76 69 2 322 123
b 85 2 82 382
b 87 2 444 215
m 87 23 2 444 215
m 87 26 2 444 215
m 87 110 2 444 215
m 87 178 2 444 215
m 87 220 2 444 215
m 87 224 2 444 215
b 92 2 348 164
m 92 23 2 348 164
m 92 26 2 348 164
b 97 2 87 402
b 102 1 324 483
m 102 41 1 324 483
m 102 239 1 324 483
b 148 3 3 241
m 148 10 3 10.166666666666666 125.16666666666667 0.3333333333333333
b 186 2 363 204
m 186 26 2 363 204
b 191 2 171 68
b 204 3 111 375
m 204 217 3 11.5 160.5 1.0
b 223 3 67 371
m 223 25 3 12.166666666666668 164.5 0.2
m 223 93 3 12.166666666666668 164.5 0.2
b 236 2 357 144
m 236 23 2 357 144
m 236 26 2 357 144
m 236 69 2 357 144
m 236 151 2 357 144
b 3 3 24 348
m 3 25 3 12.666666666666668 171.0 0.13337382328100542
b 6 0 233 30
m 6 82 0 233 30
b 6 1 233 30
m 6 82 1 233 30
b 6 2 233 30
m 6 82 2 233 30
b 15 3 282 133
m 15 171 3 9.999999999999998 128.33333333333331 1.0
b 17 1 4 329
b 18 3 291 455
m 18 201 3 11.166666666666668 142.83333333333334 0.2661957582301649
m 18 84 3 11.166666666666668 142.83333333333334 0.2661957582301649
m 18 209 3 11.166666666666668 142.83333333333334 0.2661957582301649
b 32 3 190 497
m 32 208 3 10.5 137.83333333333334 0.3333333333333333
b 60 0 112 104
m 60 11 0 112 104
m 60 36 0 112 104
m 60 56 0 112 104
b 60 1 112 104
m 60 11 1 112 104
m 60 36 1 112 104
m 60 56 1 112 104
b 60 2 112 104
m 60 11 2 112 104
m 60 36 2 112 104
m 60 56 2 112 104
b 96 0 2 420
m 96 34 0 2 420
m 96 53 0 2 420
b 96 1 2 420
b 112 3 19 348
m 112 25 3 12.666666666666668 171.0 0.13337382328100542
m 112 96 3 12.666666666666668 171.0 0.13337382328100542
b 125 1 12 333
b 142 3 117 406
m 142 93 3 11.666666666666666 157.00000000000003 0.3333333333333333
b 165 3 298 399
m 165 90 3 11.166666666666668 142.83333333333334 0.2661957582301649
m 165 216 3 11.166666666666668 142.83333333333334 0.2661957582301649
m 165 218 3 11.166666666666668 142.83333333333334 0.2661957582301649
b 171 0 300 68
m 171 82 0 300 68
b 178 0 474 171
m 178 62 0 474 171
m 178 141 0 474 171
b 178 1 474 171
m 178 62 1 474 171
m 178 80 1 474 171
m 178 141 1 474 171
m 178 167 1 474 171
b 183 3 241 435
m 183 90 3 11.0 140.33333333333334 0.17483643104632055
m 183 84 3 11.0 140.33333333333334 0.17483643104632055
b 4 0 51 418
m 4 53 0 51 418
b 4 1 51 418
b 14 0 70 97
m 14 11 0 70 97
m 14 19 0 70 97
m 14 56 0 70 97
m 14 61 0 70 97
m 14 192 0 70 97
m 14 238 0 70 97
b 14 1 70 97
m 14 11 1 70 97
m 14 19 1 70 97
m 14 56 1 70 97
m 14 61 1 70 97
m 14 192 1 70 97
m 14 238 1 70 97
b 14 2 70 97
b 30 3 139 449
m 30 208 3 10.666666666666666 139.0 0.25
m 30 214 3 10.666666666666666 139.0 0.25
b 49 0 282 443
m 49 41 0 282 443
b 49 2 282 443
b 65 0 139 37
m 65 36 0 139 37
m 65 56 0 139 37
m 65 227 0 139 37
b 65 1 139 37
m 65 36 1 139 37
m 65 56 1 139 37
m 65 227 1 139 37
b 65 2 139 37
m 65 36 2 139 37
m 65 56 2 139 37
m 65 227 2 139 37
b 71 2 113 466
b 84 0 248 498
b 84 1 248 498
b 95 0 290 40
m 95 82 0 290 40
b 95 3 290 40
m 95 82 3 11.833333333333334 152.16666666666666 -1.0
b 115 0 146 21
m 115 36 0 146 21
m 115 227 0 146 21
b 115 1 146 21
m 115 36 1 146 21
m 115 227 1 146 21
b 231 3 117 171
m 231 83 3 10.333333333333332 126.33333333333334 0.25
m 231 215 3 10.333333333333332 126.33333333333334 0.25
b 235 0 114 443
m 235 104 0 114 443
m 235 208 0 114 443
b 235 1 114 443
m 235 104 1 114 443
m 235 208 1 114 443
b 12 0 362 45
m 12 225 0 362 45
b 12 3 362 45
m 12 133 3 10.428571428571429 129.85714285714283 0.2602573480516026
b 54 1 320 121
m 54 171 1 320 121
b 66 3 95 389
b 81 2 235 16
m 81 82 2 235 16
b 100 0 117 81
m 100 36 0 117 81
m 100 56 0 117 81
m 100 227 0 117 81
b 100 1 117 81
m 100 36 1 117 81
m 100 56 1 117 81
m 100 227 1 117 81
b 100 2 117 81
m 100 36 2 117 81
m 100 56 2 117 81
m 100 227 2 117 81
b 106 3 400 313
m 106 193 3 10.428571428571429 146.7142857142857 0.012682767920287757
b 115 2 145 21
b 123 2 401 249
b 153 3 350 383
m 153 49 3 11.333333333333334 145.66666666666669 0.335850655398768
m 153 91 3 11.333333333333334 145.66666666666669 0.335850655398768
m 153 46 3 11.333333333333334 145.66666666666669 0.335850655398768
b 160 3 109 405
m 160 235 3 11.5 156.16666666666669 0.5
m 160 104 3 11.5 156.16666666666669 0.5
b 181 2 248 25
b 4 2 51 420
m 4 3 2 51 420
m 4 25 2 51 420
m 4 53 2 51 420
m 4 93 2 51 420
m 4 96 2 51 420
b 12 1 362 46
m 12 8 1 362 46
m 12 225 1 362 46
b 20 0 335 490
m 20 41 0 335 490
m 20 86 0 335 490
m 20 239 0 335 490
b 20 1 335 490
m 20 41 1 335 490
m 20 86 1 335 490
m 20 239 1 335 490
b 25 0 10 370
m 25 53 0 10 370
b 25 1 10 370
m 25 53 1 10 370
b 31 2 292 15
b 126 0 16 240
b 126 1 16 240
b 133 1 435 39
m 133 8 1 435 39
m 133 57 1 435 39
m 133 168 1 435 39
m 133 203 1 435 39
m 133 221 1 435 39
m 133 225 1 435 39
b 134 1 329 73
m 134 38 1 329 73
m 134 95 1 329 73
m 134 171 1 329 73
b 201 0 343 491
m 201 41 0 343 491
m 201 86 0 343 491
m 201 239 0 343 491
b 201 1 343 491
m 201 41 1 343 491
m 201 86 1 343 491
m 201 239 1 343 491
b 201 2 343 491
m 201 20 2 343 491
m 201 41 2 343 491
m 201 86 2 343 491
m 201 239 2 343 491
b 8 0 402 7
m 8 225 0 402 7
b 10 3 12 319
m 10 25 3 11.166666666666666 151.16666666666666 1.0
b 36 0 107 45
m 36 19 0 107 45
m 36 105 0 107 45
b 36 2 107 45
m 36 19 2 107 45
m 36 105 2 107 45
b 49 1 279 443
m 49 41 1 279 443
b 59 0 382 414
m 59 44 0 382 414
m 59 120 0 382 414
m 59 182 0 382 414
m 59 239 0 382 414
b 59 1 382 414
b 59 2 382 414
b 67 3 16 323
m 67 25 3 11.166666666666666 151.16666666666666 1.0
b 68 2 460 226
m 68 23 2 460 226
m 68 26 2 460 226
m 68 62 2 460 226
m 68 110 2 460 226
m 68 178 2 460 226
m 68 220 2 460 226
m 68 224 2 460 226
b 80 0 459 142
m 80 141 0 459 142
m 80 203 0 459 142
m 80 221 0 459 142
b 97 3 92 399
m 97 53 3 11.833333333333332 158.16666666666669 0.25
m 97 104 3 11.833333333333332 158.16666666666669 0.25
b 104 0 104 459
m 104 7 0 104 459
b 104 1 104 459
b 136 3 48 313
b 152 2 428 169
b 14 3 72 93
m 14 11 3 11.714285714285714 150.28571428571428 0.2708404956782586
m 14 121 3 11.714285714285714 150.28571428571428 0.2708404956782586
b 51 3 167 364
m 51 217 3 11.5 160.5 1.0
b 65 3 142 34
m 65 56 3 11.285714285714286 143.85714285714283 0.07278772000091156
b 84 2 248 495
b 93 0 41 417
m 93 7 0 41 417
m 93 34 0 41 417
b 93 1 41 417
m 93 7 1 41 417
m 93 34 1 41 417
b 164 1 386 50
m 164 8 1 386 50
m 164 225 1 386 50
b 178 3 475 176
m 178 110 3 11.0 158.7142857142857 1.0
m 178 141 3 11.0 158.7142857142857 1.0
m 178 167 3 11.0 158.7142857142857 1.0
m 178 224 3 11.0 158.7142857142857 1.0
b 3 2 27 343
b 9 0 446 467
m 9 44 0 446 467
m 9 74 0 446 467
m 9 86 0 446 467
m 9 89 0 446 467
m 9 127 0 446 467
m 9 132 0 446 467
m 9 140 0 446 467
m 9 150 0 446 467
m 9 182 0 446 467
m 9 190 0 446 467
m 9 194 0 446 467
m 9 196 0 446 467
b 9 1 446 467
m 9 44 1 446 467
m 9 74 1 446 467
m 9 86 1 446 467
m 9 89 1 446 467
m 9 127 1 446 467
m 9 132 1 446 467
m 9 140 1 446 467
m 9 150 1 446 467
m 9 182 1 446 467
m 9 190 1 446 467
m 9 194 1 446 467
m 9 196 1 446 467
b 9 3 446 467
m 9 22 3 11.285714285714286 149.0 0.35154836806843986
m 9 166 3 11.285714285714286 149.0 0.35154836806843986
m 9 157 3 11.285714285714286 149.0 0.35154836806843986
m 9 127 3 11.285714285714286 149.0 0.35154836806843986
b 36 1 109 46
m 36 19 1 109 46
m 36 105 1 109 46
b 40 2 79 494
b 75 2 398 199
b 83 0 116 117
m 83 11 0 116 117
b 83 1 116 117
m 83 11 1 116 117
b 83 2 116 117
b 96 2 8 419
b 100 3 115 84
m 100 36 3 11.571428571428571 147.85714285714283 0.19955840818562523
m 100 11 3 11.571428571428571 147.85714285714283 0.19955840818562523
b 133 3 437 38
m 133 203 3 10.714285714285715 132.7142857142857 0.34108414239482204
m 133 57 3 10.714285714285715 132.7142857142857 0.34108414239482204
m 133 168 3 10.714285714285715 132.7142857142857 0.34108414239482204
b 205 3 5 370
m 205 53 3 11.5 152.5 0.3333333333333333
b 221 1 409 106
m 221 141 1 409 106
b 222 2 335 189
b 225 0 404 19
m 225 168 0 404 19
b 235 2 113 438
b 53 0 25 404
b 53 1 25 404
b 71 3 112 472
m 71 104 3 11.666666666666666 157.00000000000003 0.3333333333333333
b 104 2 106 458
b 227 0 121 22
m 227 105 0 121 22
b 227 2 121 22
m 227 105 2 121 22
b 9 2 447 469
b 17 3 6 337
b 22 0 451 473
m 22 44 0 451 473
m 22 74 0 451 473
m 22 86 0 451 473
m 22 89 0 451 473
m 22 127 0 451 473
m 22 132 0 451 473
m 22 140 0 451 473
m 22 150 0 451 473
m 22 182 0 451 473
m 22 190 0 451 473
m 22 194 0 451 473
m 22 196 0 451 473
b 22 1 451 473
m 22 44 1 451 473
m 22 74 1 451 473
m 22 86 1 451 473
m 22 89 1 451 473
m 22 127 1 451 473
m 22 132 1 451 473
m 22 140 1 451 473
m 22 150 1 451 473
m 22 182 1 451 473
m 22 190 1 451 473
m 22 194 1 451 473
m 22 196 1 451 473
b 36 3 110 47
m 36 56 3 11.0 135.5 0.16858279386692174
m 36 11 3 11.0 135.5 0.16858279386692174
b 56 0 58 67
m 56 11 0 58 67
m 56 19 0 58 67
m 56 105 0 58 67
m 56 121 0 58 67
b 56 2 58 67
m 56 11 2 58 67
m 56 19 2 58 67
m 56 105 2 58 67
m 56 121 2 58 67
b 80 1 457 145
m 80 141 1 457 145
b 125 3 15 340
b 167 0 496 131
m 167 141 0 496 131
b 203 0 497 70
m 203 141 0 497 70
m 203 168 0 497 70
b 208 0 171 485
b 208 1 171 485
b 221 0 408 108
b 2 1 493 314
m 2 99 1 493 314
m 2 117 1 493 314
m 2 159 1 493 314
b 2 2 493 314
m 2 99 2 493 314
m 2 117 2 493 314
m 2 159 2 493 314
b 4 3 51 426
m 4 93 3 11.833333333333334 161.83333333333334 0.3333333333333333
b 53 2 27 404
b 79 0 483 396
m 79 72 0 483 396
m 79 127 0 483 396
m 79 150 0 483 396
m 79 190 0 483 396
b 79 1 483 396
b 79 2 483 396
m 79 72 2 483 396
m 79 117 2 483 396
m 79 127 2 483 396
m 79 150 2 483 396
m 79 190 2 483 396
b 80 3 457 146
m 80 221 3 11.285714285714286 159.85714285714286 0.17746411053709737
b 96 3 11 419
m 96 93 3 10.142857142857144 125.57142857142857 0.5
m 96 34 3 10.142857142857144 125.57142857142857 0.5
b 119 2 84 232
b 193 0 431 350
m 193 72 0 431 350
b 227 1 122 23
m 227 105 1 122 23
b 26 2 390 194
m 26 23 2 390 194
b 46 3 273 447
m 46 49 3 10.571428571428571 130.85714285714286 0.12387653024303932
b 56 1 57 69
b 60 3 122 101
b 115 3 138 23
m 115 191 3 10.571428571428571 139.42857142857142 0.011371862934362912
b 157 0 459 389
m 157 72 0 459 389
m 157 74 0 459 389
m 157 127 0 459 389
m 157 140 0 459 389
m 157 150 0 459 389
m 157 190 0 459 389
b 157 1 459 389
m 157 72 1 459 389
m 157 74 1 459 389
m 157 117 1 459 389
m 157 127 1 459 389
m 157 140 1 459 389
m 157 150 1 459 389
m 157 190 1 459 389
b 171 1 304 77
m 171 82 1 304 77
b 120 0 457 434
m 120 44 0 457 434
m 120 72 0 457 434
m 120 74 0 457 434
m 120 127 0 457 434
m 120 132 0 457 434
m 120 140 0 457 434
m 120 150 0 457 434
m 120 182 0 457 434
m 120 190 0 457 434
b 120 1 457 434
b 120 3 457 434
m 120 166 3 11.428571428571429 154.0 0.3581799042363886
m 120 44 3 11.428571428571429 154.0 0.3581799042363886
m 120 72 3 11.428571428571429 154.0 0.3581799042363886
m 120 132 3 11.428571428571429 154.0 0.3581799042363886
m 120 140 3 11.428571428571429 154.0 0.3581799042363886
b 193 1 429 350
m 193 72 1 429 350
m 193 99 1 429 350
m 193 117 1 429 350
m 193 159 1 429 350
b 193 2 429 350
b 235 3 112 433
m 235 104 3 9.142857142857142 118.28571428571428 1.0
b 53 3 30 404
b 62 0 492 161
b 62 1 492 161
b 62 3 492 161
m 62 167 3 11.0 153.0 0.023180562154028868
b 93 2 43 410
m 93 34 2 43 410
b 157 2 458 387
b 167 1 496 127
m 167 203 1 496 127
b 6 3 223 39
m 6 81 3 9.857142857142858 122.99999999999997 0.07872552273481581
b 11 0 72 95
m 11 121 0 72 95
b 11 1 72 95
b 11 2 72 95
b 99 0 470 303
b 120 2 458 436
m 120 22 2 458 436
m 120 44 2 458 436
m 120 72 2 458 436
m 120 74 2 458 436
m 120 127 2 458 436
m 120 132 2 458 436
m 120 140 2 458 436
m 120 150 2 458 436
m 120 182 2 458 436
m 120 190 2 458 436
m 120 196 2 458 436
b 178 2 476 183
b 231 2 122 160
b 238 0 8 104
b 238 1 8 104
b 25 2 21 370
b 25 3 21 370
b 41 0 317 498
b 90 3 319 478
m 90 20 3 10.142857142857142 124.71428571428572 0.022362531873427183
b 126 2 15 251
b 134 2 332 83
b 171 2 306 81
b 171 3 306 81
m 171 181 3 8.625 110.37499999999999 0.014919011082693669
b 192 0 2 128
b 192 1 2 128
b 208 2 170 479
b 218 3 307 340
m 218 207 3 9.714285714285714 122.57142857142857 1.0
b 57 0 498 46
m 57 168 0 498 46
b 69 2 400 91
m 69 12 2 400 91
m 69 133 2 400 91
m 69 164 2 400 91
m 69 221 2 400 91
m 69 225 2 400 91
b 104 3 114 455
m 104 7 3 10.0 134.0 0.014285714285714346
b 208 3 170 478
b 225 1 395 16
b 23 2 412 192
b 34 0 43 489
b 84 3 253 485
b 93 3 44 406
m 93 34 3 10.571428571428571 141.14285714285714 1.0
b 95 1 289 55
b 111 2 13 252
b 159 0 492 297
b 201 3 355 487
m 201 41 3 10.428571428571429 127.57142857142857 0.1942655131734618
b 217 3 188 341
b 224 0 467 219
b 224 1 467 219
b 239 0 353 491
b 41 1 314 498
b 203 1 492 78
b 209 3 253 492
m 209 41 3 9.714285714285714 122.57142857142857 1.0
b 214 3 175 460
b 215 3 82 208
m 215 119 3 9.857142857142858 116.42857142857143 0.3333333333333333
b 11 3 77 93
m 11 61 3 10.75 133.5 0.25
m 11 19 3 10.75 133.5 0.25
b 86 0 404 478
b 86 1 404 478
b 86 2 404 478
b 105 0 64 25
m 105 103 0 64 25
m 105 121 0 64 25
b 105 2 64 25
m 105 103 2 64 25
m 105 121 2 64 25
b 127 0 487 419
m 127 72 0 487 419
b 127 1 487 419
m 127 72 1 487 419
m 127 117 1 487 419
b 127 3 487 419
m 127 117 3 11.375 148.375 0.21154189147802296
b 8 1 417 8
b 19 0 45 37
m 19 103 0 45 37
m 19 121 0 45 37
b 19 1 45 37
m 19 103 1 45 37
m 19 121 1 45 37
b 20 2 320 496
b 38 1 241 37
b 121 3 55 34
m 121 19 3 10.75 133.5 0.25
m 121 61 3 10.75 133.5 0.25
b 140 0 484 484
b 140 1 484 484
b 151 2 389 58
m 151 8 2 389 58
m 151 12 2 389 58
m 151 133 2 389 58
m 151 164 2 389 58
m 151 221 2 389 58
m 151 225 2 389 58
b 239 1 350 492
b 22 3 451 485
m 22 194 3 11.25 145.5 0.17178042129626145
m 22 140 3 11.25 145.5 0.17178042129626145
b 91 3 258 421
b 105 1 65 27
m 105 103 1 65 27
m 105 121 1 65 27
b 110 2 465 252
b 111 3 10 255
m 111 126 3 9.714285714285715 115.71428571428571 0.5
m 111 119 3 9.714285714285715 115.71428571428571 0.5
b 117 0 468 353
b 141 0 493 112
b 141 1 493 112
b 150 0 446 438
b 150 1 446 438
m 150 72 1 446 438
b 203 3 490 81
b 220 2 491 192
m 220 80 2 491 192
m 220 167 2 491 192
b 224 2 464 216
b 34 1 48 489
b 41 2 310 498
b 56 3 53 79
m 56 176 3 10.5 128.99999999999997 0.061658907885008656
b 83 3 130 113
m 83 176 3 9.142857142857142 108.85714285714286 0.014233117816091989
b 127 2 485 417
m 127 22 2 485 417
m 127 74 2 485 417
m 127 132 2 485 417
m 127 140 2 485 417
b 182 0 454 476
b 190 0 473 472
b 190 1 473 472
b 193 3 419 351
m 193 99 3 9.875 132.87499999999997 0.01932150680062308
b 216 3 251 354
b 19 2 46 34
b 72 0 486 371
b 72 2 486 371
b 74 0 466 470
b 74 1 466 470
b 121 0 58 34
m 121 103 0 58 34
b 121 2 58 34
b 157 3 453 379
m 157 117 3 10.375 132.375 0.25
m 157 79 3 10.375 132.375 0.25
b 166 3 383 414
m 166 59 3 10.375 132.375 0.25
m 166 199 3 10.375 132.375 0.25
b 49 3 261 439
m 49 41 3 9.857142857142856 125.00000000000001 1.0
b 61 0 23 90
b 61 1 23 90
m 61 121 1 23 90
b 72 1 485 370
b 150 2 443 438
m 150 22 2 443 438
m 150 44 2 443 438
m 150 74 2 443 438
m 150 132 2 443 438
m 150 140 2 443 438
m 150 182 2 443 438
m 150 196 2 443 438
b 168 1 451 37
b 182 1 455 476
b 221 3 399 120
b 239 2 346 493
m 239 44 2 346 493
b 57 1 496 54
b 72 3 485 369
m 72 79 3 10.625 137.875 0.2
b 99 1 460 307
b 99 2 460 307
b 140 3 483 489
m 140 182 3 10.875 140.875 0.14285714285714285
b 190 2 473 475
b 34 3 52 490
m 34 7 3 9.000000000000002 110.0 0.013888888888889062
b 141 3 491 116
b 7 0 69 496
b 44 0 384 467
b 62 2 491 147
b 110 3 461 256
m 110 2 3 10.0 139.99999999999997 0.7092198581560285
m 110 159 3 10.0 139.99999999999997 0.7092198581560285
b 132 0 462 476
b 132 1 462 476
b 140 2 482 491
b 168 0 450 40
b 168 3 450 40
m 168 8 3 9.625 116.62499999999999 0.5
m 168 225 3 9.625 116.62499999999999 0.5
b 196 0 439 477
b 196 1 439 477
b 207 3 360 373
m 207 59 3 8.75 107.75 1.0
m 207 199 3 8.75 107.75 1.0
b 224 3 461 211
b 7 1 70 496
b 22 2 452 492
m 22 89 2 452 492
m 22 194 2 452 492
b 57 3 495 57
b 159 1 491 286
b 159 2 491 286
b 167 3 495 112
b 225 2 384 13
b 34 2 55 490
b 44 1 382 467
b 89 0 460 476
b 89 1 460 476
b 194 0 498 498
b 194 1 498 498
b 74 2 459 472
m 74 89 2 459 472
m 74 194 2 459 472
b 191 3 184 95
m 191 176 3 9.375 122.12499999999999 1.0
b 221 2 395 125
m 221 80 2 395 125
b 12 2 339 60
b 20 3 317 495
m 20 239 3 9.125 109.625 0.001116866108665008
b 133 2 460 30
m 133 8 2 460 30
m 133 57 2 460 30
m 133 168 2 460 30
m 133 203 2 460 30
b 182 2 462 475
b 117 1 460 345
b 117 2 460 345
b 132 3 458 473
m 132 86 3 10.875 140.875 0.14285714285714285
b 119 3 70 250
b 164 2 410 62
b 44 3 377 467
m 44 86 3 10.875 140.875 0.14285714285714285
b 121 1 69 32
b 132 2 457 472
m 132 89 2 457 472
m 132 194 2 457 472
b 196 2 433 474
b 41 3 297 498
m 41 239 3 9.375 112.125 0.5
m 41 102 3 9.375 112.125 0.5
b 8 2 432 10
m 8 168 2 432 10
b 44 2 375 466
b 81 3 268 15
m 81 82 3 9.857142857142858 122.99999999999997 -1.0
b 176 3 128 101
m 176 227 3 9.444444444444445 114.77777777777776 1.0
b 181 3 249 5
b 19 3 52 22
m 19 105 3 9.777777777777777 119.11111111111111 0.010368450286983855
b 59 3 385 382
m 59 150 3 9.333333333333332 117.77777777777779 1.0
b 99 3 448 311
m 99 2 3 9.0 118.55555555555553 0.5
m 99 159 3 9.0 118.55555555555553 0.5
b 7 3 80 495
b 80 2 443 171
m 80 141 2 443 171
b 126 3 11 274
b 225 3 373 10
m 225 82 3 9.625 116.62499999999999 -1.0
b 79 3 489 397
m 79 150 3 9.333333333333332 117.77777777777779 1.0
b 103 0 1 5
b 103 2 1 5
b 61 3 22 73
m 61 105 3 9.88888888888889 119.66666666666667 0.17593461330160115
b 103 1 0 5
b 117 3 454 338
b 199 3 436 345
b 182 3 473 474
m 182 150 3 10.333333333333332 129.22222222222223 0.12530278860924018
b 8 3 439 10
b 167 2 494 97
m 167 141 2 494 97
b 194 3 491 487
m 194 196 3 10.444444444444445 131.11111111111111 0.25
m 194 89 3 10.444444444444445 131.11111111111111 0.25
b 2 3 461 303
b 159 3 489 269
b 203 2 478 101
b 86 3 409 450
m 86 74 3 10.222222222222221 128.0 0.09294672718585763
b 89 2 446 461
b 194 2 487 481
b 102 3 358 486
b 105 3 71 56
m 105 238 3 8.899999999999999 107.3 2.3299888285356802E-4
b 150 3 417 444
m 150 74 3 8.799999999999999 107.6 1.0
m 150 89 3 8.799999999999999 107.6 1.0
m 150 190 3 8.799999999999999 107.6 1.0
m 150 196 3 8.799999999999999 107.6 1.0
b 168 2 438 61
b 227 3 159 42
b 239 3 322 497
b 57 2 487 79
b 141 2 477 146
b 74 3 428 482
b 196 3 406 463
b 238 3 31 72
m 238 192 3 8.272727272727272 97.9090909090909 3.5182716820237854E-4
b 89 3 436 450
b 190 3 486 488
b 192 3 4 67
m 192 103 3 7.666666666666665 89.83333333333333 7.64841670005182E-6
b 103 3 55 20
