Key: 
t: node change direction (node id, x, y, new direction)
s: node start location (node id, x, y, start direction, buffer)
m: message transfer (sender id, target id, messageType, sender x, sender y
b: broadcast (node id, message type, x, y)
14 296 497 28
s 0 425 432 307 0
s 1 285 119 216 0
s 2 382 412 214 0
s 3 289 34 266 0
s 4 164 40 22 0
s 5 58 247 86 0
s 6 111 327 149 0
s 7 356 467 174 0
s 8 405 153 317 0
s 9 424 3 158 0
s 10 415 173 140 0
s 11 33 57 305 0
s 12 18 455 22 0
s 13 375 490 90 0
s 14 281 290 61 0
s 15 248 150 351 0
s 16 299 350 190 0
s 17 245 67 329 0
s 18 196 125 197 0
s 19 230 475 31 0
s 20 146 290 160 0
s 21 107 354 184 0
s 22 264 46 65 0
s 23 328 294 200 0
s 24 385 29 284 0
s 25 361 211 290 0
s 26 37 123 344 0
s 27 157 61 165 0
s 28 23 447 242 0
s 29 347 72 154 0
s 30 261 249 236 0
s 31 212 399 97 0
s 32 365 31 284 0
s 33 121 484 276 0
s 34 45 450 105 0
s 35 327 465 156 0
s 36 399 229 88 0
s 37 275 424 312 0
s 38 203 105 101 0
s 39 235 104 309 0
s 40 113 139 44 0
s 41 355 485 136 0
s 42 420 119 22 0
s 43 43 28 238 0
s 44 479 480 257 0
s 45 8 360 157 0
s 46 258 281 136 0
s 47 177 212 309 0
s 48 180 400 242 0
s 49 1 164 14 0
s 50 461 242 13 0
s 51 272 101 165 0
s 52 317 488 114 0
s 53 189 64 130 0
s 54 24 72 204 0
s 55 27 279 265 0
s 56 276 300 338 0
s 57 353 383 66 0
s 58 4 372 267 0
s 59 337 268 18 0
s 60 191 388 297 0
s 61 115 384 136 0
s 62 163 325 302 0
s 63 401 229 133 0
s 64 487 97 354 0
s 65 315 223 203 0
s 66 118 407 86 0
s 67 117 0 23 0
s 68 293 402 314 0
s 69 371 178 194 0
s 70 400 238 99 0
s 71 341 74 313 0
s 72 202 216 0 0
s 73 173 165 189 0
s 74 15 234 299 0
s 75 23 370 157 0
s 76 254 400 340 0
s 77 22 253 231 0
s 78 371 314 49 0
s 79 331 448 359 0
s 80 256 249 209 0
s 81 12 371 7 0
s 82 269 457 0 0
s 83 179 114 293 0
s 84 95 369 4 0
s 85 63 214 91 0
s 86 4 333 157 0
s 87 14 296 208 0
s 88 2 207 259 0
s 89 25 440 212 0
s 90 42 116 137 0
s 91 331 434 193 0
s 92 364 34 128 0
s 93 441 122 318 0
s 94 183 352 269 0
s 95 217 167 30 0
s 96 99 336 188 0
s 97 112 125 14 0
s 98 155 499 149 0
s 99 153 56 283 0
s 100 308 462 260 0
s 101 104 46 26 0
s 102 89 364 287 0
s 103 484 203 282 0
s 104 448 383 224 0
s 105 263 129 149 0
s 106 467 220 274 0
s 107 236 200 220 0
s 108 79 133 151 0
s 109 123 163 273 0
s 110 256 381 224 0
s 111 497 28 110 0
s 112 320 372 293 0
s 113 356 212 235 0
s 114 136 388 68 0
s 115 175 223 118 0
s 116 91 75 38 0
s 117 107 222 19 0
s 118 475 301 356 0
s 119 337 374 323 0
s 120 372 33 257 0
s 121 133 493 306 0
s 122 484 313 185 0
s 123 280 342 201 0
s 124 260 292 151 0
s 125 211 291 291 0
s 126 320 90 27 0
s 127 194 402 172 0
s 128 333 181 186 0
s 129 225 408 291 0
s 130 286 309 247 0
s 131 95 447 0 0
s 132 498 325 358 0
s 133 184 348 186 0
s 134 198 386 249 0
s 135 251 298 136 0
s 136 303 461 52 0
s 137 247 474 224 0
s 138 460 300 19 0
s 139 480 166 301 0
s 140 455 430 266 0
s 141 27 388 225 0
s 142 436 303 252 0
s 143 85 366 354 0
s 144 210 486 141 0
s 145 69 68 146 0
s 146 218 33 234 0
s 147 205 432 64 0
s 148 111 473 337 0
s 149 465 346 26 0
s 150 63 296 26 0
s 151 73 433 276 0
s 152 108 34 59 0
s 153 52 106 3 0
s 154 406 351 323 0
s 155 59 470 202 0
s 156 476 252 230 0
s 157 21 279 335 0
s 158 42 109 351 0
s 159 385 37 335 0
s 160 109 95 260 0
s 161 95 100 3 0
s 162 370 94 18 0
s 163 166 216 335 0
s 164 242 118 1 0
s 165 176 336 176 0
s 166 363 422 90 0
s 167 300 489 275 0
s 168 392 177 12 0
s 169 30 227 14 0
s 170 278 317 318 0
s 171 267 309 54 0
s 172 406 352 214 0
s 173 149 215 288 0
s 174 19 471 32 0
s 175 197 491 172 0
s 176 326 406 241 0
s 177 469 120 236 0
s 178 22 143 331 0
s 179 401 433 34 0
s 180 445 404 67 0
s 181 8 399 216 0
s 182 493 3 182 0
s 183 187 181 2 0
s 184 394 85 314 0
s 185 385 276 358 0
s 186 380 204 127 0
s 187 18 417 301 0
s 188 310 218 310 0
s 189 428 100 346 0
s 190 54 83 49 0
s 191 486 31 95 0
s 192 222 498 186 0
s 193 279 54 31 0
s 194 277 223 192 0
s 195 177 87 254 0
s 196 94 495 115 0
s 197 34 467 174 0
s 198 234 381 281 0
s 199 266 200 284 0
s 200 132 374 312 0
s 201 470 383 32 0
s 202 118 444 267 0
s 203 124 46 185 0
s 204 366 366 353 0
s 205 407 228 71 0
s 206 28 199 265 0
s 207 315 52 131 0
s 208 283 44 290 0
s 209 107 423 41 0
s 210 261 220 270 0
s 211 161 128 311 0
s 212 279 70 109 0
s 213 431 84 294 0
s 214 443 107 23 0
s 215 495 157 53 0
s 216 62 453 116 0
s 217 193 38 221 0
s 218 342 208 53 0
s 219 344 448 48 0
s 220 207 376 205 0
s 221 320 264 236 0
s 222 189 211 2 0
s 223 97 255 348 0
s 224 51 317 124 0
s 225 466 75 14 0
s 226 300 235 8 0
s 227 167 46 279 0
s 228 261 80 30 0
s 229 247 305 187 0
s 230 393 165 261 0
s 231 303 247 217 0
s 232 473 340 80 0
s 233 171 69 340 0
s 234 36 29 106 0
s 235 23 283 165 0
s 236 185 68 93 0
s 237 159 235 212 0
s 238 360 204 320 0
s 239 123 444 94 0
b 87 0 13 295
m 87 5 0 13 295
m 87 45 0 13 295
m 87 55 0 13 295
m 87 74 0 13 295
m 87 77 0 13 295
m 87 86 0 13 295
m 87 150 0 13 295
m 87 157 0 13 295
m 87 169 0 13 295
m 87 224 0 13 295
m 87 235 0 13 295
b 87 1 13 295
m 87 5 1 13 295
m 87 45 1 13 295
m 87 55 1 13 295
m 87 74 1 13 295
m 87 77 1 13 295
m 87 86 1 13 295
m 87 150 1 13 295
m 87 157 1 13 295
m 87 169 1 13 295
m 87 224 1 13 295
m 87 235 1 13 295
b 87 2 13 295
m 87 5 2 13 295
m 87 45 2 13 295
m 87 55 2 13 295
m 87 74 2 13 295
m 87 77 2 13 295
m 87 86 2 13 295
m 87 150 2 13 295
m 87 157 2 13 295
m 87 169 2 13 295
m 87 224 2 13 295
m 87 235 2 13 295
b 87 3 13 295
m 87 5 3 11.0 121.0 1.0
m 87 45 3 11.0 121.0 1.0
m 87 55 3 11.0 121.0 1.0
m 87 74 3 11.0 121.0 1.0
m 87 77 3 11.0 121.0 1.0
m 87 86 3 11.0 121.0 1.0
m 87 150 3 11.0 121.0 1.0
m 87 157 3 11.0 121.0 1.0
m 87 169 3 11.0 121.0 1.0
m 87 224 3 11.0 121.0 1.0
m 87 235 3 11.0 121.0 1.0
b 5 0 58 250
m 5 85 0 58 250
m 5 88 0 58 250
m 5 117 0 58 250
m 5 206 0 58 250
m 5 223 0 58 250
b 5 1 58 250
m 5 85 1 58 250
m 5 88 1 58 250
m 5 117 1 58 250
m 5 206 1 58 250
m 5 223 1 58 250
b 5 2 58 250
m 5 85 2 58 250
m 5 88 2 58 250
m 5 117 2 58 250
m 5 206 2 58 250
m 5 223 2 58 250
b 5 3 58 250
m 5 85 3 9.0 89.0 0.044444444444444065
b 45 0 6 361
m 45 58 0 6 361
m 45 75 0 6 361
m 45 81 0 6 361
m 45 141 0 6 361
m 45 181 0 6 361
m 45 187 0 6 361
b 45 1 6 361
m 45 58 1 6 361
m 45 75 1 6 361
m 45 81 1 6 361
m 45 141 1 6 361
m 45 181 1 6 361
m 45 187 1 6 361
b 45 2 6 361
b 45 3 6 361
m 45 58 3 9.333333333333332 92.66666666666667 0.3630952380952379
m 45 187 3 9.333333333333332 92.66666666666667 0.3630952380952379
m 45 181 3 9.333333333333332 92.66666666666667 0.3630952380952379
b 55 0 27 276
b 55 1 27 276
b 55 2 27 276
b 55 3 27 276
b 74 0 16 232
m 74 49 0 16 232
b 74 1 16 232
m 74 49 1 16 232
b 74 2 16 232
m 74 49 2 16 232
b 74 3 16 232
m 74 88 3 8.333333333333332 83.66666666666667 0.3333333333333333
b 77 0 20 251
b 77 1 20 251
b 77 2 20 251
b 77 3 20 251
m 77 206 3 7.666666666666666 81.0 1.0
b 86 0 2 335
b 86 1 2 335
b 86 2 2 335
b 86 3 2 335
m 86 141 3 8.333333333333332 83.66666666666667 0.3333333333333333
b 150 0 66 298
m 150 6 0 66 298
m 150 21 0 66 298
m 150 96 0 66 298
m 150 102 0 66 298
m 150 143 0 66 298
b 150 1 66 298
m 150 6 1 66 298
m 150 21 1 66 298
m 150 96 1 66 298
m 150 102 1 66 298
m 150 143 1 66 298
b 150 2 66 298
m 150 6 2 66 298
m 150 21 2 66 298
m 150 96 2 66 298
m 150 102 2 66 298
m 150 143 2 66 298
b 150 3 66 298
m 150 143 3 9.333333333333332 92.66666666666667 0.3630952380952379
m 150 21 3 9.333333333333332 92.66666666666667 0.3630952380952379
m 150 102 3 9.333333333333332 92.66666666666667 0.3630952380952379
b 157 0 24 278
b 157 1 24 278
b 157 2 24 278
b 157 3 24 278
b 169 0 33 228
b 169 1 33 228
b 169 2 33 228
b 169 3 33 228
m 169 49 3 8.0 82.0 0.5
m 169 223 3 8.0 82.0 0.5
b 224 0 49 320
m 224 84 0 49 320
b 224 1 49 320
m 224 84 1 49 320
b 224 2 49 320
m 224 58 2 49 320
m 224 75 2 49 320
m 224 81 2 49 320
m 224 84 2 49 320
m 224 141 2 49 320
b 224 3 49 320
m 224 81 3 9.0 89.0 0.044444444444444065
b 235 0 20 284
b 235 1 20 284
b 235 2 20 284
b 235 3 20 284
b 6 0 107 329
m 6 20 0 107 329
m 6 61 0 107 329
m 6 62 0 107 329
m 6 114 0 107 329
m 6 133 0 107 329
m 6 165 0 107 329
m 6 200 0 107 329
b 6 1 107 329
b 6 2 107 329
m 6 20 2 107 329
m 6 61 2 107 329
m 6 62 2 107 329
m 6 114 2 107 329
m 6 133 2 107 329
m 6 165 2 107 329
m 6 200 2 107 329
b 21 0 103 354
m 21 66 0 103 354
m 21 209 0 103 354
b 21 1 103 354
m 21 20 1 103 354
m 21 61 1 103 354
m 21 62 1 103 354
m 21 66 1 103 354
m 21 114 1 103 354
m 21 165 1 103 354
m 21 200 1 103 354
m 21 209 1 103 354
b 21 2 103 354
m 21 66 2 103 354
m 21 209 2 103 354
b 21 3 103 354
m 21 209 3 9.75 99.75 0.5214352314352313
m 21 165 3 9.75 99.75 0.5214352314352313
m 21 62 3 9.75 99.75 0.5214352314352313
m 21 66 3 9.75 99.75 0.5214352314352313
m 21 114 3 9.75 99.75 0.5214352314352313
m 21 200 3 9.75 99.75 0.5214352314352313
b 49 0 5 165
m 49 26 0 5 165
m 49 90 0 5 165
m 49 158 0 5 165
m 49 178 0 5 165
b 49 1 5 165
m 49 26 1 5 165
m 49 90 1 5 165
m 49 158 1 5 165
m 49 178 1 5 165
b 49 2 5 165
m 49 26 2 5 165
m 49 90 2 5 165
m 49 158 2 5 165
m 49 178 2 5 165
b 49 3 5 165
m 49 158 3 7.0 65.5 0.7741312741312741
m 49 90 3 7.0 65.5 0.7741312741312741
m 49 178 3 7.0 65.5 0.7741312741312741
m 49 26 3 7.0 65.5 0.7741312741312741
b 58 0 4 369
m 58 89 0 4 369
b 58 1 4 369
m 58 89 1 4 369
b 58 2 4 369
m 58 89 2 4 369
m 58 181 2 4 369
m 58 187 2 4 369
b 58 3 4 369
m 58 75 3 7.499999999999999 70.5 0.5
m 58 89 3 7.499999999999999 70.5 0.5
b 75 0 20 372
m 75 28 0 20 372
b 75 1 20 372
b 75 2 20 372
m 75 28 2 20 372
b 81 0 16 371
b 81 1 16 371
m 81 28 1 16 371
b 81 2 16 371
b 81 3 16 371
m 81 28 3 7.0 67.0 1.0
b 84 0 99 369
m 84 151 0 99 369
m 84 202 0 99 369
b 84 1 99 369
m 84 151 1 99 369
m 84 202 1 99 369
b 84 2 99 369
m 84 151 2 99 369
m 84 202 2 99 369
b 85 0 63 218
b 85 1 63 218
b 85 2 63 218
b 85 3 63 218
m 85 117 3 7.0 67.0 1.0
b 88 0 1 203
b 88 1 1 203
b 88 2 1 203
b 88 3 1 203
b 96 0 95 335
b 96 1 95 335
b 96 2 95 335
b 102 0 90 360
b 102 1 90 360
b 102 2 90 360
b 102 3 90 360
m 102 6 3 8.25 75.75 0.3269177489177489
m 102 84 3 8.25 75.75 0.3269177489177489
b 117 0 111 223
m 117 47 0 111 223
m 117 109 0 111 223
m 117 115 0 111 223
m 117 163 0 111 223
m 117 173 0 111 223
m 117 237 0 111 223
b 117 1 111 223
m 117 47 1 111 223
m 117 109 1 111 223
m 117 115 1 111 223
m 117 163 1 111 223
m 117 173 1 111 223
m 117 237 1 111 223
b 117 2 111 223
m 117 47 2 111 223
m 117 109 2 111 223
m 117 115 2 111 223
m 117 163 2 111 223
m 117 173 2 111 223
m 117 237 2 111 223
b 141 0 25 385
m 141 12 0 25 385
m 141 34 0 25 385
b 141 1 25 385
m 141 12 1 25 385
m 141 34 1 25 385
b 141 2 25 385
b 141 3 25 385
m 141 12 3 6.999999999999999 65.0 0.3611462284028656
m 141 151 3 6.999999999999999 65.0 0.3611462284028656
b 143 0 89 366
b 143 1 89 366
b 143 2 89 366
b 143 3 89 366
m 143 61 3 7.499999999999999 70.5 0.5
m 143 96 3 7.499999999999999 70.5 0.5
b 181 0 5 397
m 181 197 0 5 397
b 181 1 5 397
m 181 197 1 5 397
b 181 3 5 397
m 181 34 3 7.499999999999999 70.5 0.5
m 181 197 3 7.499999999999999 70.5 0.5
b 187 0 20 414
m 187 155 0 20 414
m 187 174 0 20 414
m 187 216 0 20 414
b 187 1 20 414
m 187 155 1 20 414
m 187 174 1 20 414
m 187 216 1 20 414
b 187 3 20 414
m 187 155 3 7.749999999999999 71.75 0.05453456221198157
b 206 0 27 195
b 206 1 27 195
b 206 2 27 195
b 206 3 27 195
b 223 0 101 254
b 223 1 101 254
b 223 2 101 254
b 223 3 101 254
m 223 20 3 6.75 63.75 0.6956956956956957
m 223 173 3 6.75 63.75 0.6956956956956957
m 223 237 3 6.75 63.75 0.6956956956956957
b 6 3 107 330
m 6 133 3 6.8 60.800000000000004 1.0
b 12 0 23 457
b 12 1 23 457
b 12 3 23 457
m 12 174 3 6.0 52.8 0.21232907566444348
b 20 0 141 292
m 20 94 0 141 292
m 20 125 0 141 292
b 20 1 141 292
m 20 94 1 141 292
m 20 125 1 141 292
m 20 133 1 141 292
b 20 2 141 292
m 20 94 2 141 292
m 20 125 2 141 292
b 20 3 141 292
m 20 94 3 6.0 52.8 0.7487882619461568
m 20 125 3 6.0 52.8 0.7487882619461568
m 20 115 3 6.0 52.8 0.7487882619461568
b 26 0 42 122
m 26 11 0 42 122
m 26 54 0 42 122
m 26 108 0 42 122
m 26 116 0 42 122
m 26 145 0 42 122
m 26 153 0 42 122
m 26 160 0 42 122
m 26 161 0 42 122
m 26 190 0 42 122
b 26 1 42 122
b 26 2 42 122
b 26 3 42 122
m 26 11 3 7.3999999999999995 68.6 1.0
m 26 54 3 7.3999999999999995 68.6 1.0
m 26 108 3 7.3999999999999995 68.6 1.0
m 26 116 3 7.3999999999999995 68.6 1.0
m 26 145 3 7.3999999999999995 68.6 1.0
m 26 153 3 7.3999999999999995 68.6 1.0
m 26 160 3 7.3999999999999995 68.6 1.0
m 26 161 3 7.3999999999999995 68.6 1.0
m 26 190 3 7.3999999999999995 68.6 1.0
b 28 0 20 442
b 28 1 20 442
b 28 2 20 442
m 28 12 2 20 442
m 28 34 2 20 442
m 28 155 2 20 442
m 28 174 2 20 442
m 28 197 2 20 442
m 28 216 2 20 442
b 28 3 20 442
m 28 216 3 5.8 53.800000000000004 1.0
b 34 0 44 454
m 34 131 0 44 454
m 34 148 0 44 454
m 34 196 0 44 454
b 34 1 44 454
b 34 3 44 454
m 34 131 3 6.599999999999999 58.199999999999996 0.6897546897546898
m 34 148 3 6.599999999999999 58.199999999999996 0.6897546897546898
m 34 196 3 6.599999999999999 58.199999999999996 0.6897546897546898
b 47 0 180 208
m 47 72 0 180 208
m 47 73 0 180 208
m 47 95 0 180 208
m 47 107 0 180 208
m 47 183 0 180 208
m 47 222 0 180 208
b 47 1 180 208
m 47 72 1 180 208
m 47 73 1 180 208
m 47 95 1 180 208
m 47 107 1 180 208
m 47 183 1 180 208
m 47 222 1 180 208
b 47 2 180 208
m 47 72 2 180 208
m 47 73 2 180 208
m 47 95 2 180 208
m 47 107 2 180 208
m 47 183 2 180 208
m 47 222 2 180 208
b 61 0 111 388
m 61 48 0 111 388
m 61 239 0 111 388
b 61 1 111 388
m 61 48 1 111 388
m 61 131 1 111 388
m 61 239 1 111 388
b 61 2 111 388
b 61 3 111 388
m 61 202 3 6.599999999999999 58.199999999999996 0.6897546897546898
m 61 48 3 6.599999999999999 58.199999999999996 0.6897546897546898
m 61 239 3 6.599999999999999 58.199999999999996 0.6897546897546898
b 62 0 166 321
m 62 60 0 166 321
m 62 134 0 166 321
m 62 220 0 166 321
b 62 1 166 321
m 62 60 1 166 321
m 62 134 1 166 321
m 62 220 1 166 321
b 62 2 166 321
m 62 60 2 166 321
m 62 134 2 166 321
m 62 220 2 166 321
b 62 3 166 321
m 62 60 3 8.4 81.6 0.3333333333333333
b 66 0 118 412
m 66 33 0 118 412
m 66 127 0 118 412
b 66 1 118 412
m 66 33 1 118 412
m 66 127 1 118 412
m 66 148 1 118 412
b 66 2 118 412
m 66 33 2 118 412
m 66 48 2 118 412
m 66 127 2 118 412
m 66 131 2 118 412
m 66 148 2 118 412
m 66 239 2 118 412
b 66 3 118 412
m 66 33 3 8.2 80.6 0.5
m 66 127 3 8.2 80.6 0.5
b 75 3 19 372
b 84 3 100 369
b 89 0 21 437
b 89 1 21 437
b 89 2 21 437
b 89 3 21 437
b 90 0 38 119
b 90 1 38 119
m 90 11 1 38 119
m 90 54 1 38 119
m 90 108 1 38 119
m 90 116 1 38 119
m 90 145 1 38 119
m 90 153 1 38 119
m 90 161 1 38 119
m 90 190 1 38 119
b 90 2 38 119
b 90 3 38 119
b 96 3 94 335
b 109 0 123 158
m 109 40 0 123 158
m 109 97 0 123 158
m 109 211 0 123 158
b 109 1 123 158
b 109 2 123 158
b 114 0 138 393
m 114 31 0 138 393
b 114 1 138 393
m 114 31 1 138 393
b 114 2 138 393
m 114 31 2 138 393
b 114 3 138 393
m 114 134 3 8.4 81.6 0.3333333333333333
b 115 0 172 228
b 115 1 172 228
b 115 2 172 228
b 117 3 112 224
m 117 47 3 6.199999999999999 55.4 1.0
m 117 109 3 6.199999999999999 55.4 1.0
m 117 163 3 6.199999999999999 55.4 1.0
b 133 0 179 348
m 133 129 0 179 348
m 133 198 0 179 348
b 133 2 179 348
m 133 129 2 179 348
m 133 198 2 179 348
b 151 0 74 428
b 151 1 74 428
m 151 196 1 74 428
b 151 2 74 428
b 151 3 74 428
b 155 0 55 468
b 155 1 55 468
b 155 3 55 468
b 158 0 47 108
b 158 1 47 108
m 158 97 1 47 108
m 158 160 1 47 108
b 158 2 47 108
b 158 3 47 108
m 158 97 3 5.8 52.6 1.0
b 163 0 171 214
b 163 1 171 214
b 163 2 171 214
b 165 0 171 336
b 165 1 171 336
b 165 2 171 336
b 165 3 171 336
m 165 220 3 8.0 80.0 1.0
b 173 0 151 210
b 173 1 151 210
b 173 2 151 210
b 173 3 151 210
m 173 72 3 6.2 54.2 0.9130267789011423
m 173 183 3 6.2 54.2 0.9130267789011423
m 173 222 3 6.2 54.2 0.9130267789011423
m 173 73 3 6.2 54.2 0.9130267789011423
b 174 0 23 474
b 174 1 23 474
b 178 0 27 141
b 178 1 27 141
b 178 2 27 141
m 178 54 2 27 141
m 178 108 2 27 141
m 178 153 2 27 141
m 178 190 2 27 141
b 178 3 27 141
b 181 2 4 396
b 187 2 21 413
b 197 0 29 467
b 197 1 29 467
b 197 3 29 467
b 200 0 136 370
b 200 1 136 370
b 200 2 136 370
b 200 3 136 370
b 202 0 118 439
m 202 98 0 118 439
m 202 121 0 118 439
b 202 1 118 439
m 202 98 1 118 439
m 202 121 1 118 439
b 202 2 118 439
b 209 0 111 426
b 209 1 111 426
b 209 2 111 426
m 209 121 2 111 426
m 209 196 2 111 426
b 209 3 111 426
m 209 121 3 8.0 80.0 1.0
b 216 0 60 457
b 216 1 60 457
b 237 0 155 233
b 237 1 155 233
b 237 2 155 233
b 237 3 155 233
b 11 0 37 52
m 11 43 0 37 52
m 11 101 0 37 52
m 11 234 0 37 52
b 11 1 37 52
m 11 43 1 37 52
m 11 101 1 37 52
m 11 234 1 37 52
b 11 3 37 52
m 11 101 3 6.666666666666667 58.666666666666664 0.3333333333333333
b 12 2 24 458
b 31 0 211 405
m 31 37 0 211 405
m 31 76 0 211 405
m 31 110 0 211 405
m 31 137 0 211 405
m 31 147 0 211 405
b 31 1 211 405
m 31 37 1 211 405
m 31 76 1 211 405
m 31 110 1 211 405
m 31 129 1 211 405
m 31 137 1 211 405
m 31 147 1 211 405
m 31 198 1 211 405
b 31 2 211 405
m 31 37 2 211 405
m 31 76 2 211 405
m 31 110 2 211 405
m 31 137 2 211 405
m 31 147 2 211 405
b 33 0 122 478
m 33 175 0 122 478
b 33 1 122 478
m 33 175 1 122 478
b 33 2 122 478
m 33 98 2 122 478
m 33 175 2 122 478
b 33 3 122 478
m 33 98 3 7.166666666666666 67.83333333333334 0.5206218681742256
m 33 175 3 7.166666666666666 67.83333333333334 0.5206218681742256
b 34 2 44 455
b 40 0 117 144
m 40 83 0 117 144
b 47 3 181 207
m 47 107 3 5.499999999999999 46.83333333333333 0.5794530672579454
m 47 95 3 5.499999999999999 46.83333333333333 0.5794530672579454
b 48 0 178 395
b 48 1 178 395
b 48 2 178 395
b 48 3 178 395
m 48 31 3 6.166666666666666 51.166666666666664 0.896659419915234
m 48 198 3 6.166666666666666 51.166666666666664 0.896659419915234
m 48 147 3 6.166666666666666 51.166666666666664 0.896659419915234
m 48 129 3 6.166666666666666 51.166666666666664 0.896659419915234
b 54 0 18 70
b 54 1 18 70
b 54 2 18 70
b 54 3 18 70
m 54 234 3 6.5 57.83333333333333 0.5
m 54 43 3 6.5 57.83333333333333 0.5
b 60 0 194 383
b 60 1 194 383
b 60 2 194 383
b 60 3 194 383
m 60 110 3 7.333333333333333 68.66666666666667 0.1867858917039243
b 72 0 208 216
m 72 30 0 208 216
m 72 80 0 208 216
m 72 194 0 208 216
m 72 199 0 208 216
m 72 210 0 208 216
b 72 1 208 216
m 72 30 1 208 216
m 72 80 1 208 216
m 72 194 1 208 216
m 72 199 1 208 216
m 72 210 1 208 216
b 72 2 208 216
m 72 30 2 208 216
m 72 80 2 208 216
m 72 194 2 208 216
m 72 199 2 208 216
m 72 210 2 208 216
b 72 3 208 216
m 72 30 3 6.0 49.33333333333333 1.0
m 72 80 3 6.0 49.33333333333333 1.0
m 72 194 3 6.0 49.33333333333333 1.0
m 72 199 3 6.0 49.33333333333333 1.0
m 72 210 3 6.0 49.33333333333333 1.0
b 73 0 167 164
m 73 18 0 167 164
m 73 38 0 167 164
b 73 1 167 164
m 73 18 1 167 164
m 73 38 1 167 164
m 73 40 1 167 164
m 73 83 1 167 164
m 73 211 1 167 164
b 73 2 167 164
m 73 18 2 167 164
m 73 38 2 167 164
m 73 40 2 167 164
m 73 83 2 167 164
m 73 97 2 167 164
m 73 211 2 167 164
b 73 3 167 164
m 73 18 3 6.0 49.33333333333333 1.0
m 73 38 3 6.0 49.33333333333333 1.0
m 73 40 3 6.0 49.33333333333333 1.0
m 73 83 3 6.0 49.33333333333333 1.0
m 73 211 3 6.0 49.33333333333333 1.0
b 94 0 183 346
m 94 229 0 183 346
b 94 1 183 346
m 94 229 1 183 346
b 94 2 183 346
b 94 3 183 346
m 94 229 3 5.166666666666667 44.166666666666664 1.0
b 95 0 222 170
m 95 15 0 222 170
m 95 39 0 222 170
m 95 105 0 222 170
m 95 164 0 222 170
b 95 1 222 170
m 95 15 1 222 170
m 95 39 1 222 170
m 95 105 1 222 170
m 95 164 1 222 170
b 95 2 222 170
m 95 15 2 222 170
m 95 39 2 222 170
m 95 105 2 222 170
m 95 164 2 222 170
b 97 0 118 127
m 97 27 0 118 127
m 97 195 0 118 127
b 97 1 118 127
m 97 27 1 118 127
m 97 195 1 118 127
b 97 3 118 127
m 97 27 3 5.166666666666666 44.5 1.0
m 97 195 3 5.166666666666666 44.5 1.0
b 98 0 160 494
m 98 144 0 160 494
m 98 192 0 160 494
b 98 1 160 494
m 98 144 1 160 494
m 98 192 1 160 494
b 107 0 232 196
b 107 1 232 196
b 107 2 232 196
b 108 0 74 136
b 108 1 74 136
b 108 2 74 136
b 108 3 74 136
b 109 3 123 157
b 115 3 172 228
b 116 0 96 79
m 116 99 0 96 79
m 116 152 0 96 79
m 116 203 0 96 79
b 116 1 96 79
b 116 3 96 79
m 116 99 3 6.666666666666667 58.666666666666664 0.3333333333333333
b 121 0 136 488
b 121 1 136 488
b 121 2 136 488
b 121 3 136 488
m 121 144 3 6.833333333333334 66.83333333333334 1.0
b 125 0 213 285
m 125 14 0 213 285
m 125 46 0 213 285
m 125 56 0 213 285
m 125 124 0 213 285
m 125 130 0 213 285
m 125 135 0 213 285
m 125 170 0 213 285
m 125 171 0 213 285
b 125 1 213 285
m 125 14 1 213 285
m 125 46 1 213 285
m 125 56 1 213 285
m 125 124 1 213 285
m 125 130 1 213 285
m 125 135 1 213 285
m 125 170 1 213 285
m 125 171 1 213 285
b 125 2 213 285
m 125 14 2 213 285
m 125 46 2 213 285
m 125 56 2 213 285
m 125 124 2 213 285
m 125 130 2 213 285
m 125 135 2 213 285
m 125 170 2 213 285
m 125 171 2 213 285
m 125 229 2 213 285
b 125 3 213 285
m 125 14 3 6.333333333333333 54.666666666666664 1.0
m 125 46 3 6.333333333333333 54.666666666666664 1.0
m 125 56 3 6.333333333333333 54.666666666666664 1.0
m 125 124 3 6.333333333333333 54.666666666666664 1.0
m 125 130 3 6.333333333333333 54.666666666666664 1.0
m 125 135 3 6.333333333333333 54.666666666666664 1.0
m 125 170 3 6.333333333333333 54.666666666666664 1.0
m 125 171 3 6.333333333333333 54.666666666666664 1.0
b 127 0 188 403
b 127 1 188 403
b 127 2 188 403
b 127 3 188 403
m 127 76 3 7.0 67.33333333333334 0.023809523809523503
b 129 0 228 402
m 129 68 0 228 402
m 129 82 0 228 402
b 129 2 228 402
m 129 68 2 228 402
m 129 82 2 228 402
b 131 0 101 447
b 131 1 101 447
b 131 2 101 447
b 131 3 101 447
b 133 1 178 348
b 133 3 178 348
b 134 0 195 380
b 134 1 195 380
b 134 2 195 380
b 134 3 195 380
b 145 0 64 72
b 145 1 64 72
b 145 3 64 72
m 145 152 3 6.5 57.83333333333333 0.5
m 145 203 3 6.5 57.83333333333333 0.5
b 148 0 117 470
b 148 1 117 470
b 148 2 117 470
b 148 3 117 470
b 153 0 58 106
b 153 1 58 106
b 153 2 58 106
b 153 3 58 106
b 155 2 54 468
b 160 0 108 89
m 160 233 0 108 89
b 160 1 108 89
m 160 99 1 108 89
m 160 152 1 108 89
m 160 203 1 108 89
m 160 233 1 108 89
b 160 3 108 89
m 160 233 3 6.333333333333334 57.33333333333333 1.0
b 161 0 101 101
b 161 1 101 101
b 161 3 101 101
b 163 3 172 214
b 174 2 24 475
b 174 3 24 475
b 183 0 193 181
b 183 1 193 181
b 183 2 193 181
b 183 3 193 181
m 183 15 3 5.333333333333334 45.33333333333333 1.0
b 190 0 58 88
b 190 1 58 88
b 190 2 58 88
m 190 11 2 58 88
m 190 43 2 58 88
m 190 101 2 58 88
m 190 116 2 58 88
m 190 145 2 58 88
m 190 152 2 58 88
m 190 160 2 58 88
m 190 161 2 58 88
m 190 203 2 58 88
m 190 234 2 58 88
b 190 3 58 88
b 196 0 95 498
b 196 1 95 498
b 196 2 95 498
b 196 3 95 498
b 197 2 28 467
b 198 0 235 375
m 198 16 0 235 375
m 198 123 0 235 375
b 198 2 235 375
m 198 16 2 235 375
m 198 123 2 235 375
b 202 3 118 438
b 211 0 165 123
m 211 53 0 165 123
m 211 236 0 165 123
b 216 2 59 458
b 216 3 59 458
b 220 0 202 373
b 220 1 202 373
b 220 2 202 373
b 220 3 202 373
b 222 0 195 211
b 222 1 195 211
b 222 2 195 211
b 222 3 195 211
b 239 0 122 450
b 239 1 122 450
b 239 2 122 450
b 239 3 122 450
b 11 2 37 52
b 14 0 285 296
m 14 23 0 285 296
m 14 59 0 285 296
m 14 221 0 285 296
m 14 226 0 285 296
m 14 231 0 285 296
b 14 1 285 296
m 14 16 1 285 296
m 14 23 1 285 296
m 14 59 1 285 296
m 14 123 1 285 296
m 14 221 1 285 296
m 14 226 1 285 296
m 14 231 1 285 296
b 14 2 285 296
m 14 23 2 285 296
m 14 59 2 285 296
m 14 221 2 285 296
m 14 226 2 285 296
m 14 231 2 285 296
b 14 3 285 296
m 14 231 3 6.428571428571429 53.857142857142854 0.8951505199781062
m 14 23 3 6.428571428571429 53.857142857142854 0.8951505199781062
m 14 16 3 6.428571428571429 53.857142857142854 0.8951505199781062
m 14 123 3 6.428571428571429 53.857142857142854 0.8951505199781062
m 14 59 3 6.428571428571429 53.857142857142854 0.8951505199781062
m 14 221 3 6.428571428571429 53.857142857142854 0.8951505199781062
m 14 226 3 6.428571428571429 53.857142857142854 0.8951505199781062
b 15 0 255 149
m 15 1 0 255 149
m 15 51 0 255 149
m 15 228 0 255 149
b 15 1 255 149
m 15 1 1 255 149
m 15 51 1 255 149
m 15 228 1 255 149
b 15 2 255 149
b 15 3 255 149
m 15 1 3 5.428571428571428 44.0 1.0
m 15 39 3 5.428571428571428 44.0 1.0
m 15 51 3 5.428571428571428 44.0 1.0
m 15 105 3 5.428571428571428 44.0 1.0
m 15 164 3 5.428571428571428 44.0 1.0
m 15 228 3 5.428571428571428 44.0 1.0
b 16 0 292 349
m 16 112 0 292 349
m 16 119 0 292 349
m 16 176 0 292 349
b 16 2 292 349
b 18 0 189 122
b 18 1 189 122
b 18 2 189 122
m 18 27 2 189 122
m 18 53 2 189 122
m 18 195 2 189 122
m 18 233 2 189 122
m 18 236 2 189 122
b 18 3 189 122
m 18 236 3 5.428571428571429 42.857142857142854 0.5
m 18 53 3 5.428571428571429 42.857142857142854 0.5
b 27 0 151 63
m 27 4 0 151 63
m 27 67 0 151 63
m 27 146 0 151 63
m 27 217 0 151 63
m 27 227 0 151 63
b 27 1 151 63
m 27 4 1 151 63
m 27 53 1 151 63
m 27 67 1 151 63
m 27 146 1 151 63
m 27 217 1 151 63
m 27 227 1 151 63
m 27 236 1 151 63
b 27 3 151 63
m 27 4 3 5.142857142857142 41.714285714285715 1.0
m 27 67 3 5.142857142857142 41.714285714285715 1.0
m 27 146 3 5.142857142857142 41.714285714285715 1.0
m 27 217 3 5.142857142857142 41.714285714285715 1.0
m 27 227 3 5.142857142857142 41.714285714285715 1.0
b 30 0 257 244
m 30 65 0 257 244
m 30 188 0 257 244
b 30 1 257 244
m 30 65 1 257 244
m 30 188 1 257 244
b 30 2 257 244
b 30 3 257 244
m 30 65 3 5.428571428571429 42.857142857142854 0.5
m 30 188 3 5.428571428571429 42.857142857142854 0.5
b 31 3 211 406
m 31 37 3 5.571428571428571 44.42857142857142 0.0793624481824312
b 37 0 279 419
m 37 19 0 279 419
m 37 35 0 279 419
m 37 79 0 279 419
m 37 91 0 279 419
m 37 100 0 279 419
m 37 136 0 279 419
m 37 167 0 279 419
b 37 1 279 419
m 37 19 1 279 419
m 37 35 1 279 419
m 37 68 1 279 419
m 37 79 1 279 419
m 37 82 1 279 419
m 37 91 1 279 419
m 37 100 1 279 419
m 37 112 1 279 419
m 37 136 1 279 419
m 37 167 1 279 419
m 37 176 1 279 419
b 37 2 279 419
m 37 19 2 279 419
m 37 35 2 279 419
m 37 79 2 279 419
m 37 91 2 279 419
m 37 100 2 279 419
m 37 112 2 279 419
m 37 136 2 279 419
m 37 167 2 279 419
m 37 176 2 279 419
b 38 0 202 112
m 38 17 0 202 112
b 38 1 202 112
m 38 17 1 202 112
b 38 2 202 112
m 38 17 2 202 112
m 38 51 2 202 112
m 38 228 2 202 112
b 38 3 202 112
m 38 17 3 5.2857142857142865 42.42857142857143 1.0
b 39 0 239 99
m 39 22 0 239 99
m 39 193 0 239 99
m 39 212 0 239 99
b 39 1 239 99
m 39 22 1 239 99
m 39 193 1 239 99
m 39 212 1 239 99
b 39 2 239 99
m 39 1 2 239 99
m 39 22 2 239 99
m 39 193 2 239 99
m 39 212 2 239 99
b 40 1 118 144
b 40 2 118 144
b 40 3 118 144
b 43 0 39 23
b 43 1 39 23
b 43 2 39 23
b 43 3 39 23
b 46 0 253 285
b 46 1 253 285
b 46 2 253 285
b 46 3 253 285
b 53 0 184 69
b 56 0 282 297
b 56 1 282 297
b 56 2 282 297
b 56 3 282 297
b 68 0 298 397
m 68 57 0 298 397
m 68 166 0 298 397
b 68 2 298 397
b 76 0 260 397
b 76 1 260 397
b 76 2 260 397
b 76 3 260 397
m 76 68 3 7.0 64.71428571428572 0.04436533887430211
b 80 0 250 245
b 80 1 250 245
b 80 2 250 245
b 80 3 250 245
b 82 0 276 457
m 82 7 0 276 457
m 82 52 0 276 457
m 82 219 0 276 457
b 82 2 276 457
b 83 0 182 108
b 83 1 182 108
b 83 2 182 108
m 83 4 2 182 108
m 83 99 2 182 108
m 83 227 2 182 108
b 83 3 182 108
b 95 3 223 170
b 97 2 119 127
b 98 2 161 494
m 98 144 2 161 494
m 98 192 2 161 494
b 98 3 161 494
m 98 192 3 6.2857142857142865 58.2857142857143 0.02366463037155592
b 99 0 155 49
b 99 1 155 49
b 99 3 155 49
b 101 0 110 49
b 101 1 110 49
b 101 2 110 49
m 101 67 2 110 49
b 101 3 110 49
b 105 0 257 133
b 105 1 257 133
b 105 2 257 133
b 107 3 231 195
b 110 0 251 376
b 110 1 251 376
b 110 2 251 376
b 110 3 251 376
m 110 112 3 6.428571428571429 59.0 0.008301595186841175
b 116 2 96 79
b 123 0 274 339
b 123 2 274 339
b 124 0 253 295
b 124 1 253 295
b 124 2 253 295
b 124 3 253 295
b 129 1 228 402
b 129 3 228 402
m 129 137 3 5.571428571428571 44.42857142857142 0.0793624481824312
b 130 0 284 303
b 130 1 284 303
b 130 2 284 303
b 130 3 284 303
b 135 0 246 303
b 135 1 246 303
b 135 2 246 303
b 135 3 246 303
b 137 0 242 469
b 137 1 242 469
b 137 2 242 469
b 144 0 205 490
b 144 1 205 490
b 144 3 205 490
m 144 19 3 6.0 57.42857142857144 1.0
b 145 2 63 72
b 147 0 208 438
b 147 1 208 438
b 147 2 208 438
b 147 3 208 438
m 147 82 3 5.428571428571429 44.0 1.0
b 152 0 112 40
b 152 1 112 40
b 152 2 112 40
b 152 3 112 40
b 160 2 108 88
b 161 2 102 101
b 164 0 249 118
b 164 1 249 118
b 164 2 249 118
b 170 0 283 312
b 170 1 283 312
b 170 2 283 312
b 170 3 283 312
b 171 0 271 314
b 171 1 271 314
b 171 2 271 314
b 171 3 271 314
b 175 0 190 492
b 175 1 190 492
b 175 2 190 492
b 175 3 190 492
b 192 0 215 497
b 192 1 215 497
b 194 0 270 222
m 194 128 0 270 222
b 194 1 270 222
b 194 2 270 222
m 194 65 2 270 222
m 194 128 2 270 222
m 194 188 2 270 222
b 194 3 270 222
m 194 128 3 5.2857142857142865 42.42857142857143 1.0
b 195 0 175 81
b 195 1 175 81
b 195 3 175 81
b 198 1 236 374
b 198 3 236 374
b 199 0 268 194
b 199 1 268 194
m 199 128 1 268 194
b 199 2 268 194
b 199 3 268 194
b 203 0 117 45
b 203 1 117 45
b 203 2 117 45
b 203 3 117 45
b 210 0 261 213
b 210 1 261 213
b 210 2 261 213
b 210 3 261 213
b 211 1 166 122
b 211 2 166 122
b 211 3 166 122
b 229 0 240 304
b 229 1 240 304
b 229 2 240 304
b 229 3 240 304
b 233 0 177 67
b 233 1 177 67
b 233 3 177 67
b 234 0 34 36
b 234 1 34 36
b 234 2 34 36
b 234 3 34 36
b 236 0 184 75
b 1 0 278 115
m 1 29 0 278 115
m 1 126 0 278 115
m 1 207 0 278 115
b 1 1 278 115
m 1 29 1 278 115
m 1 126 1 278 115
m 1 207 1 278 115
b 1 2 278 115
m 1 29 2 278 115
m 1 126 2 278 115
m 1 207 2 278 115
b 1 3 278 115
m 1 22 3 5.499999999999999 43.0 1.0
m 1 29 3 5.499999999999999 43.0 1.0
m 1 126 3 5.499999999999999 43.0 1.0
m 1 193 3 5.499999999999999 43.0 1.0
m 1 207 3 5.499999999999999 43.0 1.0
m 1 212 3 5.499999999999999 43.0 1.0
b 4 0 172 43
b 4 1 172 43
b 4 2 172 43
b 4 3 172 43
b 7 0 348 468
m 7 2 0 348 468
m 7 13 0 348 468
m 7 41 0 348 468
m 7 179 0 348 468
b 16 1 291 348
m 16 119 1 291 348
b 16 3 291 348
m 16 119 3 5.875 47.625 0.5
m 16 176 3 5.875 47.625 0.5
b 17 0 252 63
m 17 3 0 252 63
m 17 208 0 252 63
b 17 1 252 63
m 17 3 1 252 63
m 17 208 1 252 63
b 17 2 252 63
m 17 3 2 252 63
m 17 146 2 252 63
m 17 208 2 252 63
m 17 217 2 252 63
b 17 3 252 63
m 17 3 3 4.875000000000001 37.625 1.0
m 17 208 3 4.875000000000001 37.625 1.0
b 19 0 236 479
b 19 1 236 479
b 19 2 236 479
b 19 3 236 479
m 19 100 3 5.625 51.37500000000001 1.0
m 19 136 3 5.625 51.37500000000001 1.0
m 19 167 3 5.625 51.37500000000001 1.0
b 22 0 268 53
b 22 1 268 53
b 22 2 268 53
b 23 0 321 291
m 23 78 0 321 291
m 23 185 0 321 291
b 23 1 321 291
m 23 78 1 321 291
m 23 185 1 321 291
b 23 2 321 291
m 23 78 2 321 291
m 23 185 2 321 291
b 23 3 321 291
m 23 78 3 5.875 47.625 0.5
m 23 185 3 5.875 47.625 0.5
b 27 2 150 63
b 35 0 319 469
b 35 1 319 469
b 35 2 319 469
m 35 7 2 319 469
m 35 13 2 319 469
m 35 41 2 319 469
m 35 52 2 319 469
m 35 166 2 319 469
m 35 219 2 319 469
b 37 3 280 418
m 37 79 3 5.25 39.99999999999999 0.10851203086568412
b 39 3 240 98
b 51 0 264 103
b 51 1 264 103
b 51 2 264 103
b 51 3 264 103
b 52 0 314 495
b 53 1 184 70
b 53 2 184 70
b 53 3 184 70
b 57 0 356 390
m 57 154 0 356 390
m 57 172 0 356 390
m 57 204 0 356 390
b 59 0 345 271
m 59 25 0 345 271
m 59 36 0 345 271
m 59 63 0 345 271
m 59 70 0 345 271
m 59 113 0 345 271
m 59 186 0 345 271
m 59 205 0 345 271
m 59 218 0 345 271
m 59 238 0 345 271
b 59 1 345 271
m 59 25 1 345 271
m 59 36 1 345 271
m 59 63 1 345 271
m 59 70 1 345 271
m 59 113 1 345 271
m 59 186 1 345 271
m 59 205 1 345 271
m 59 218 1 345 271
m 59 238 1 345 271
b 59 2 345 271
b 59 3 345 271
m 59 25 3 6.75 57.25 1.0
m 59 36 3 6.75 57.25 1.0
m 59 63 3 6.75 57.25 1.0
m 59 70 3 6.75 57.25 1.0
m 59 113 3 6.75 57.25 1.0
m 59 186 3 6.75 57.25 1.0
m 59 205 3 6.75 57.25 1.0
m 59 218 3 6.75 57.25 1.0
m 59 238 3 6.75 57.25 1.0
b 65 0 307 220
m 65 69 0 307 220
b 65 1 307 220
m 65 69 1 307 220
b 65 2 307 220
b 65 3 307 220
m 65 69 3 4.875 37.625 0.02564102564102544
b 67 0 120 9
b 67 1 120 9
b 67 2 120 9
b 67 3 120 9
b 68 1 299 397
b 68 3 299 397
m 68 35 3 6.625 58.62500000000001 0.014818835402064669
b 79 0 339 448
b 79 1 339 448
m 79 2 1 339 448
m 79 7 1 339 448
m 79 13 1 339 448
m 79 41 1 339 448
m 79 52 1 339 448
m 79 57 1 339 448
m 79 166 1 339 448
m 79 179 1 339 448
m 79 219 1 339 448
b 79 2 339 448
b 82 1 277 457
b 82 3 277 457
m 82 7 3 5.25 40.5 1.0
m 82 52 3 5.25 40.5 1.0
m 82 91 3 5.25 40.5 1.0
m 82 219 3 5.25 40.5 1.0
b 91 0 324 432
b 91 1 324 432
b 91 2 324 432
m 91 2 2 324 432
m 91 57 2 324 432
m 91 119 2 324 432
b 99 2 155 48
b 100 0 306 454
b 100 1 306 454
b 100 2 306 454
b 105 3 256 133
b 112 0 324 365
b 112 1 324 365
m 112 204 1 324 365
b 112 2 324 365
b 112 3 324 365
m 112 57 3 6.0 52.75 0.013966644347970222
b 119 0 343 370
b 123 1 273 339
b 123 3 273 339
b 128 0 325 180
m 128 168 0 325 180
m 128 230 0 325 180
b 128 1 325 180
b 128 2 325 180
m 128 25 2 325 180
m 128 69 2 325 180
m 128 113 2 325 180
m 128 168 2 325 180
m 128 186 2 325 180
m 128 218 2 325 180
m 128 230 2 325 180
m 128 238 2 325 180
b 128 3 325 180
m 128 168 3 4.875000000000001 37.625 1.0
m 128 230 3 4.875000000000001 37.625 1.0
b 136 0 308 467
b 136 1 308 467
b 136 2 308 467
b 137 3 241 469
b 144 2 204 491
b 146 0 213 27
b 146 1 213 27
b 146 3 213 27
b 164 3 250 118
b 166 0 363 430
m 166 0 0 363 430
b 167 0 300 481
b 167 1 300 481
b 167 2 300 481
b 176 0 322 399
b 176 1 322 399
b 176 2 322 399
b 188 0 315 212
b 188 1 315 212
b 188 2 315 212
b 188 3 315 212
b 192 2 214 497
b 192 3 214 497
b 193 0 286 58
m 193 71 0 286 58
m 193 92 0 286 58
b 193 1 286 58
m 193 71 1 286 58
m 193 92 1 286 58
b 193 2 286 58
m 193 71 2 286 58
m 193 92 2 286 58
b 195 2 175 80
b 212 0 277 77
b 212 1 277 77
b 212 2 277 77
b 217 0 187 32
b 217 1 187 32
b 217 3 187 32
b 219 0 350 454
b 221 0 316 257
b 221 1 316 257
b 221 2 316 257
b 221 3 316 257
b 226 0 308 236
b 226 1 308 236
b 226 2 308 236
b 226 3 308 236
b 227 0 168 38
b 227 1 168 38
b 227 2 168 38
b 227 3 168 38
b 228 0 268 84
b 228 1 268 84
b 228 2 268 84
b 228 3 268 84
b 231 0 296 242
b 231 1 296 242
b 231 2 296 242
b 231 3 296 242
b 233 2 178 67
b 236 1 184 76
b 236 2 184 76
b 236 3 184 76
b 0 0 431 425
m 0 44 0 431 425
m 0 104 0 431 425
m 0 140 0 431 425
m 0 180 0 431 425
m 0 201 0 431 425
b 2 0 374 407
b 2 1 374 407
m 2 0 1 374 407
m 2 104 1 374 407
m 2 154 1 374 407
m 2 172 1 374 407
m 2 180 1 374 407
b 2 2 374 407
m 2 0 2 374 407
m 2 104 2 374 407
m 2 154 2 374 407
m 2 172 2 374 407
m 2 179 2 374 407
m 2 180 2 374 407
m 2 204 2 374 407
b 3 0 289 25
b 3 1 289 25
b 3 2 289 25
b 3 3 289 25
m 3 71 3 4.555555555555556 33.888888888888886 1.0
m 3 92 3 4.555555555555556 33.888888888888886 1.0
b 7 1 347 468
b 7 2 347 468
b 7 3 347 468
m 7 2 3 5.222222222222222 38.77777777777778 1.0
m 7 13 3 5.222222222222222 38.77777777777778 1.0
m 7 41 3 5.222222222222222 38.77777777777778 1.0
m 7 166 3 5.222222222222222 38.77777777777778 1.0
m 7 179 3 5.222222222222222 38.77777777777778 1.0
b 13 0 375 499
b 13 1 375 499
b 13 2 375 499
b 22 3 268 54
b 25 0 365 203
m 25 8 0 365 203
m 25 10 0 365 203
b 25 1 365 203
m 25 8 1 365 203
m 25 10 1 365 203
m 25 168 1 365 203
m 25 230 1 365 203
b 25 2 365 203
b 25 3 365 203
m 25 10 3 6.222222222222222 51.33333333333333 0.5
m 25 8 3 6.222222222222222 51.33333333333333 0.5
b 29 0 339 76
m 29 24 0 339 76
m 29 32 0 339 76
m 29 120 0 339 76
m 29 159 0 339 76
m 29 162 0 339 76
m 29 184 0 339 76
b 29 1 339 76
b 29 2 339 76
m 29 24 2 339 76
m 29 32 2 339 76
m 29 120 2 339 76
m 29 159 2 339 76
m 29 162 2 339 76
m 29 184 2 339 76
b 29 3 339 76
m 29 24 3 5.555555555555555 42.22222222222222 1.0
m 29 32 3 5.555555555555555 42.22222222222222 1.0
m 29 120 3 5.555555555555555 42.22222222222222 1.0
m 29 159 3 5.555555555555555 42.22222222222222 1.0
m 29 162 3 5.555555555555555 42.22222222222222 1.0
m 29 184 3 5.555555555555555 42.22222222222222 1.0
b 35 3 318 469
b 36 0 400 238
m 36 50 0 400 238
m 36 106 0 400 238
m 36 142 0 400 238
m 36 156 0 400 238
b 36 1 400 238
m 36 50 1 400 238
m 36 106 1 400 238
m 36 142 1 400 238
m 36 156 1 400 238
b 36 3 400 238
m 36 142 3 6.444444444444445 52.666666666666664 0.25
m 36 50 3 6.444444444444445 52.666666666666664 0.25
b 41 0 349 491
b 41 1 349 491
b 41 2 349 491
b 52 1 314 496
b 52 2 314 496
b 52 3 314 496
b 57 1 357 391
b 57 2 357 391
b 57 3 357 391
m 57 154 3 5.666666666666666 47.888888888888886 0.014577328073785844
b 63 0 395 236
b 63 1 395 236
b 63 3 395 236
b 69 0 362 175
b 69 1 362 175
b 69 2 362 175
m 69 8 2 362 175
m 69 10 2 362 175
m 69 36 2 362 175
m 69 63 2 362 175
b 69 3 362 175
b 70 0 398 247
b 70 1 398 247
b 70 3 398 247
m 70 156 3 6.111111111111111 51.0 1.0
b 71 0 348 67
b 71 1 348 67
m 71 24 1 348 67
m 71 32 1 348 67
m 71 120 1 348 67
m 71 159 1 348 67
m 71 162 1 348 67
m 71 184 1 348 67
b 71 2 348 67
b 78 0 376 321
b 78 1 376 321
b 78 2 376 321
m 78 142 2 376 321
b 78 3 376 321
m 78 172 3 5.444444444444445 42.77777777777778 0.5175363558597091
m 78 204 3 5.444444444444445 42.77777777777778 0.5175363558597091
b 79 3 340 448
b 91 3 323 432
b 92 0 358 41
m 92 9 0 358 41
b 92 1 358 41
m 92 9 1 358 41
b 92 2 358 41
m 92 9 2 358 41
b 100 3 306 453
b 113 0 351 205
b 113 1 351 205
b 113 2 351 205
b 113 3 351 205
b 119 1 344 369
b 119 2 344 369
b 119 3 344 369
b 126 0 328 94
b 126 1 328 94
b 126 2 328 94
b 126 3 328 94
b 136 3 308 468
b 146 2 212 26
b 154 0 414 346
m 154 122 0 414 346
m 154 138 0 414 346
m 154 149 0 414 346
m 154 232 0 414 346
b 166 1 363 431
b 166 2 363 431
b 167 3 300 480
b 168 0 401 179
m 168 42 0 401 179
b 168 2 401 179
m 168 42 2 401 179
m 168 70 2 401 179
m 168 106 2 401 179
m 168 205 2 401 179
b 168 3 401 179
m 168 42 3 4.555555555555556 33.888888888888886 1.0
m 168 106 3 4.555555555555556 33.888888888888886 1.0
b 172 0 399 347
b 176 3 321 398
b 179 0 408 438
b 179 1 408 438
m 179 140 1 408 438
b 185 0 394 276
b 185 1 394 276
b 185 2 394 276
b 185 3 394 276
b 186 0 374 212
b 186 1 374 212
b 186 2 374 212
b 186 3 374 212
b 193 3 287 58
b 204 0 375 365
b 204 1 375 365
b 205 0 410 236
b 205 1 410 236
b 205 3 410 236
b 207 0 309 59
b 207 1 309 59
b 207 2 309 59
b 207 3 309 59
b 208 0 286 35
b 208 1 286 35
b 208 2 286 35
b 208 3 286 35
b 212 3 276 78
b 217 2 186 32
b 218 0 348 215
b 218 1 348 215
b 218 2 348 215
b 218 3 348 215
b 219 1 350 455
b 219 2 350 455
b 219 3 350 455
b 230 0 391 156
m 230 93 0 391 156
m 230 189 0 391 156
m 230 214 0 391 156
b 230 2 391 156
m 230 93 2 391 156
m 230 189 2 391 156
m 230 214 2 391 156
b 230 3 391 156
m 230 93 3 4.666666666666667 34.44444444444444 1.0
m 230 189 3 4.666666666666667 34.44444444444444 1.0
m 230 214 3 4.666666666666667 34.44444444444444 1.0
b 238 0 367 199
b 238 1 367 199
b 238 2 367 199
b 238 3 367 199
b 0 1 431 424
m 0 44 1 431 424
m 0 201 1 431 424
b 0 2 431 424
m 0 44 2 431 424
m 0 140 2 431 424
m 0 201 2 431 424
b 2 3 374 406
m 2 0 3 4.9 35.3 0.5
m 2 104 3 4.9 35.3 0.5
b 8 0 412 146
m 8 139 0 412 146
m 8 177 0 412 146
m 8 213 0 412 146
b 8 1 412 146
m 8 42 1 412 146
m 8 93 1 412 146
m 8 139 1 412 146
m 8 177 1 412 146
m 8 189 1 412 146
m 8 213 1 412 146
m 8 214 1 412 146
b 8 2 412 146
b 8 3 412 146
m 8 213 3 5.8999999999999995 47.099999999999994 0.6789401909214884
m 8 177 3 5.8999999999999995 47.099999999999994 0.6789401909214884
m 8 139 3 5.8999999999999995 47.099999999999994 0.6789401909214884
b 9 0 415 7
m 9 182 0 415 7
b 9 1 415 7
m 9 182 1 415 7
b 9 2 415 7
b 10 0 407 180
b 10 1 407 180
b 10 2 407 180
b 10 3 407 180
b 13 3 375 498
b 24 0 387 20
b 24 1 387 20
b 24 2 387 20
m 24 213 2 387 20
b 24 3 387 20
m 24 9 3 5.1 38.1 1.0
b 32 0 368 21
b 32 1 368 21
b 32 2 368 21
b 32 3 368 21
b 36 2 400 239
m 36 50 2 400 239
m 36 156 2 400 239
b 41 3 348 492
b 42 0 430 122
m 42 64 0 430 122
m 42 225 0 430 122
b 42 2 430 122
b 42 3 430 122
m 42 64 3 4.300000000000001 30.9 1.0
m 42 225 3 4.300000000000001 30.9 1.0
b 44 0 476 470
b 50 0 471 244
m 50 103 0 471 244
m 50 118 0 471 244
b 50 1 471 244
b 50 3 471 244
m 50 103 3 6.2 49.0 0.25938275434243174
m 50 122 3 6.2 49.0 0.25938275434243174
b 63 2 394 237
b 70 2 398 248
b 71 3 348 67
b 92 3 358 42
b 93 0 449 115
m 93 215 0 449 115
b 93 2 449 115
b 93 3 449 115
m 93 215 3 4.3 31.1 1.0
b 104 0 441 376
m 104 132 0 441 376
b 104 1 441 376
m 104 122 1 441 376
m 104 132 1 441 376
m 104 149 1 441 376
m 104 232 1 441 376
b 104 2 441 376
b 106 0 468 210
b 106 1 468 210
m 106 103 1 468 210
m 106 215 1 468 210
b 106 2 468 210
b 106 3 468 210
b 120 0 370 23
b 120 1 370 23
b 120 2 370 23
b 120 3 370 23
b 122 0 474 312
b 138 0 470 304
b 140 0 454 420
b 140 1 454 420
b 142 0 433 293
b 142 1 433 293
m 142 118 1 433 293
m 142 138 1 433 293
b 142 2 433 293
b 142 3 433 293
m 142 232 3 6.3 49.9 0.307020757020757
m 142 132 3 6.3 49.9 0.307020757020757
b 149 0 474 350
b 154 1 414 345
b 154 2 414 345
m 154 122 2 414 345
m 154 138 2 414 345
m 154 149 2 414 345
m 154 232 2 414 345
b 154 3 414 345
m 154 149 3 5.3 43.5 0.008003054444481137
b 156 0 469 244
b 156 1 469 244
b 156 3 469 244
m 156 118 3 5.7 46.3 1.0
m 156 138 3 5.7 46.3 1.0
b 159 0 394 33
b 159 1 394 33
b 159 2 394 33
b 159 3 394 33
b 162 0 379 98
b 162 1 379 98
b 162 2 379 98
b 162 3 379 98
b 166 3 363 432
b 168 1 402 179
b 172 1 398 347
b 172 2 398 347
b 172 3 398 347
b 179 2 409 439
b 179 3 409 439
m 179 44 3 5.0 35.8 0.40220750551876394
m 179 180 3 5.0 35.8 0.40220750551876394
b 180 0 449 413
b 180 1 449 413
b 180 2 449 413
b 184 0 401 78
b 184 1 401 78
m 184 225 1 401 78
b 184 2 401 78
m 184 177 2 401 78
m 184 225 2 401 78
b 184 3 401 78
b 189 0 437 98
m 189 191 0 437 98
b 189 2 437 98
m 189 64 2 437 98
m 189 191 2 437 98
b 189 3 437 98
m 189 191 3 4.3 31.1 1.0
b 201 0 478 388
b 204 2 376 364
b 204 3 376 364
b 205 2 410 237
b 214 0 452 111
b 214 2 452 111
b 214 3 452 111
b 230 1 391 155
b 232 0 475 350
b 0 3 432 424
m 0 140 3 4.636363636363636 32.45454545454546 0.5164473684210524
m 0 201 3 4.636363636363636 32.45454545454546 0.5164473684210524
b 9 3 414 7
m 9 182 3 4.7272727272727275 34.72727272727273 1.0
b 42 1 430 123
m 42 64 1 430 123
b 44 1 476 469
b 44 2 476 469
b 44 3 476 469
b 50 2 472 244
m 50 103 2 472 244
m 50 118 2 472 244
b 64 0 498 95
m 64 111 0 498 95
b 64 2 498 95
b 64 3 498 95
m 64 111 3 4.300000000000001 30.9 -1.0
b 93 1 450 115
b 103 0 486 192
b 103 1 486 192
b 103 3 486 192
b 104 3 440 375
b 118 0 486 300
b 118 1 486 300
b 118 3 486 300
b 122 1 473 312
b 122 2 473 312
b 122 3 473 312
b 132 0 491 332
b 132 1 491 332
b 132 3 491 332
b 138 1 471 304
b 138 2 471 304
b 138 3 471 304
b 139 0 486 157
b 139 1 486 157
b 139 3 486 157
b 140 2 454 419
b 149 1 475 351
b 149 2 475 351
m 149 132 2 475 351
b 149 3 475 351
b 156 2 468 243
b 177 0 463 111
b 177 1 463 111
m 177 191 1 463 111
b 177 2 463 111
m 177 139 2 463 111
m 177 215 2 463 111
b 177 3 463 111
b 180 3 449 414
b 182 0 482 3
m 182 111 0 482 3
b 182 1 482 3
m 182 111 1 482 3
b 189 1 438 98
b 191 0 485 42
m 191 111 0 485 42
b 191 2 485 42
m 191 111 2 485 42
b 191 3 485 42
m 191 111 3 4.3 31.1 -1.0
b 201 1 479 389
b 201 2 479 389
b 213 0 436 74
m 213 111 0 436 74
b 213 1 436 74
m 213 111 1 436 74
b 213 2 436 74
m 213 111 2 436 74
b 213 3 436 74
m 213 111 3 5.8999999999999995 47.099999999999994 -1.0
b 214 1 453 111
b 215 0 493 162
b 215 1 493 162
b 215 3 493 162
b 225 0 476 78
m 225 111 0 476 78
b 225 1 476 78
m 225 111 1 476 78
b 225 2 476 78
b 225 3 476 78
m 225 111 3 4.300000000000001 30.9 -1.0
b 232 1 475 351
b 232 2 475 351
b 232 3 475 351
b 64 1 499 95
m 64 111 1 499 95
b 103 2 486 191
b 118 2 487 300
b 132 2 491 333
b 139 2 486 156
b 140 3 454 418
b 182 3 481 3
m 182 111 3 4.7272727272727275 34.72727272727273 -1.0
b 191 1 485 43
m 191 111 1 485 43
b 201 3 480 389
b 215 2 492 162
