Key: 
t: node change direction (node id, x, y, new direction)
s: node start location (node id, x, y, start direction, buffer)
m: message transfer (sender id, target id, messageType, sender x, sender y
b: broadcast (node id, message type, x, y)
37 24 100 3
s 0 122 299 206 0
s 1 165 317 162 0
s 2 106 47 307 0
s 3 418 304 205 0
s 4 298 103 75 0
s 5 73 198 131 0
s 6 121 281 313 0
s 7 265 338 133 0
s 8 311 230 151 0
s 9 186 211 304 0
s 10 398 206 119 0
s 11 486 124 247 0
s 12 116 485 192 0
s 13 347 309 343 0
s 14 204 461 40 0
s 15 454 186 276 0
s 16 198 392 290 0
s 17 237 74 97 0
s 18 242 319 303 0
s 19 424 69 293 0
s 20 362 76 328 0
s 21 63 405 57 0
s 22 373 199 267 0
s 23 15 127 272 0
s 24 90 165 211 0
s 25 21 364 238 0
s 26 414 162 10 0
s 27 273 16 193 0
s 28 383 380 297 0
s 29 266 37 301 0
s 30 463 236 24 0
s 31 56 176 65 0
s 32 36 8 128 0
s 33 11 3 224 0
s 34 248 399 357 0
s 35 262 207 227 0
s 36 87 142 201 0
s 37 233 138 355 0
s 38 208 103 43 0
s 39 416 203 283 0
s 40 315 474 310 0
s 41 217 303 26 0
s 42 129 45 45 0
s 43 290 322 127 0
s 44 14 453 36 0
s 45 337 155 53 0
s 46 482 276 2 0
s 47 62 100 198 0
s 48 34 345 51 0
s 49 100 296 245 0
s 50 304 436 257 0
s 51 8 358 76 0
s 52 19 125 265 0
s 53 475 196 340 0
s 54 386 98 52 0
s 55 404 360 196 0
s 56 110 196 92 0
s 57 1 453 89 0
s 58 338 267 182 0
s 59 164 307 157 0
s 60 429 163 150 0
s 61 8 226 355 0
s 62 70 109 157 0
s 63 237 158 286 0
s 64 92 283 102 0
s 65 106 410 2 0
s 66 188 396 264 0
s 67 497 310 2 0
s 68 152 327 78 0
s 69 278 8 66 0
s 70 319 26 330 0
s 71 193 135 238 0
s 72 352 294 40 0
s 73 66 443 192 0
s 74 460 228 174 0
s 75 97 33 327 0
s 76 378 373 249 0
s 77 396 77 267 0
s 78 41 274 186 0
s 79 140 220 317 0
s 80 335 135 15 0
s 81 36 51 100 0
s 82 72 133 246 0
s 83 258 183 243 0
s 84 81 196 283 0
s 85 129 188 95 0
s 86 438 47 322 0
s 87 160 461 333 0
s 88 174 31 24 0
s 89 10 150 56 0
s 90 158 448 180 0
s 91 2 160 233 0
s 92 219 242 43 0
s 93 308 270 320 0
s 94 250 57 200 0
s 95 305 430 288 0
s 96 84 348 49 0
s 97 456 474 15 0
s 98 154 273 206 0
s 99 37 24 315 0
s 100 94 132 204 0
s 101 349 95 296 0
s 102 94 207 16 0
s 103 0 424 142 0
s 104 98 189 159 0
s 105 389 441 224 0
s 106 179 372 153 0
s 107 91 18 320 0
s 108 9 137 174 0
s 109 67 433 351 0
s 110 48 80 336 0
s 111 57 292 258 0
s 112 329 410 0 0
s 113 130 342 22 0
s 114 389 128 92 0
s 115 137 60 172 0
s 116 451 189 261 0
s 117 98 142 0 0
s 118 247 243 87 0
s 119 400 352 140 0
s 120 39 354 329 0
s 121 137 342 107 0
s 122 165 103 196 0
s 123 173 226 143 0
s 124 163 311 279 0
s 125 388 234 260 0
s 126 389 3 281 0
s 127 230 467 39 0
s 128 465 213 128 0
s 129 405 410 343 0
s 130 70 426 29 0
s 131 356 357 140 0
s 132 107 419 234 0
s 133 299 105 109 0
s 134 179 367 108 0
s 135 479 12 267 0
s 136 443 44 226 0
s 137 87 415 20 0
s 138 182 299 303 0
s 139 396 84 91 0
s 140 421 102 331 0
s 141 42 220 91 0
s 142 344 88 213 0
s 143 21 44 163 0
s 144 12 123 229 0
s 145 64 264 12 0
s 146 495 79 333 0
s 147 239 140 190 0
s 148 117 110 271 0
s 149 243 190 33 0
s 150 2 299 258 0
s 151 248 148 280 0
s 152 296 404 358 0
s 153 365 55 104 0
s 154 226 4 238 0
s 155 213 6 175 0
s 156 386 392 253 0
s 157 86 289 80 0
s 158 278 375 256 0
s 159 234 36 283 0
s 160 100 3 339 0
s 161 435 378 194 0
s 162 492 252 159 0
s 163 418 20 334 0
s 164 490 163 336 0
s 165 117 94 1 0
s 166 186 271 21 0
s 167 332 113 342 0
s 168 264 245 81 0
s 169 384 490 131 0
s 170 441 150 134 0
s 171 280 230 191 0
s 172 374 95 176 0
s 173 376 38 126 0
s 174 428 217 31 0
s 175 178 340 98 0
s 176 455 438 230 0
s 177 472 238 44 0
s 178 30 486 176 0
s 179 283 380 33 0
s 180 222 365 145 0
s 181 202 324 209 0
s 182 380 282 163 0
s 183 217 351 321 0
s 184 208 151 175 0
s 185 210 216 240 0
s 186 315 479 330 0
s 187 80 62 71 0
s 188 328 401 74 0
s 189 136 235 82 0
s 190 152 431 349 0
s 191 446 421 204 0
s 192 128 422 202 0
s 193 82 274 336 0
s 194 178 113 291 0
s 195 227 167 50 0
s 196 277 303 55 0
s 197 498 20 292 0
s 198 266 332 77 0
s 199 259 470 189 0
s 200 325 422 204 0
s 201 28 117 149 0
s 202 96 142 143 0
s 203 488 411 283 0
s 204 46 45 237 0
s 205 329 174 312 0
s 206 70 302 239 0
s 207 339 467 117 0
s 208 239 244 203 0
s 209 428 363 328 0
s 210 162 222 149 0
s 211 226 343 61 0
s 212 257 170 180 0
s 213 21 18 223 0
s 214 187 388 58 0
s 215 214 163 319 0
s 216 172 99 60 0
s 217 481 37 132 0
s 218 173 223 321 0
s 219 49 342 88 0
s 220 475 341 311 0
s 221 68 150 244 0
s 222 373 211 145 0
s 223 191 264 34 0
s 224 459 333 221 0
s 225 481 142 313 0
s 226 268 429 257 0
s 227 1 251 174 0
s 228 2 214 5 0
s 229 23 430 63 0
s 230 320 348 35 0
s 231 31 227 98 0
s 232 306 310 99 0
s 233 114 23 90 0
s 234 182 434 187 0
s 235 206 431 241 0
s 236 319 235 275 0
s 237 334 317 169 0
s 238 43 109 350 0
s 239 324 41 270 0
b 99 0 38 23
m 99 160 0 38 23
b 99 1 38 23
m 99 160 1 38 23
b 99 2 38 23
m 99 160 2 38 23
b 99 3 38 23
m 99 160 3 0.0 0.0 1.0
