Key: 
t: node change direction (node id, x, y, new direction)
s: node start location (node id, x, y, start direction, buffer)
m: message transfer (sender id, target id, messageType, sender x, sender y
b: broadcast (node id, message type, x, y)
322 415 128 153
s 0 83 317 64 0
s 1 150 331 133 0
s 2 240 242 153 0
s 3 184 210 123 0
s 4 253 102 61 0
s 5 89 27 63 0
s 6 461 445 154 0
s 7 322 415 281 0
s 8 397 33 91 0
s 9 325 14 208 0
s 10 292 249 127 0
s 11 415 455 340 0
s 12 72 171 5 0
s 13 277 167 46 0
s 14 308 107 28 0
s 15 69 110 274 0
s 16 396 485 190 0
s 17 400 288 222 0
s 18 376 227 76 0
s 19 143 493 123 0
s 20 31 318 275 0
s 21 452 54 288 0
s 22 419 196 22 0
s 23 21 28 223 0
s 24 136 356 285 0
s 25 230 192 167 0
s 26 132 197 19 0
s 27 202 141 297 0
s 28 99 8 134 0
s 29 320 14 327 0
s 30 304 59 238 0
s 31 390 464 175 0
s 32 365 315 264 0
s 33 370 475 102 0
s 34 102 238 212 0
s 35 234 331 104 0
s 36 225 122 226 0
s 37 43 489 68 0
s 38 204 354 91 0
s 39 287 129 53 0
s 40 31 344 162 0
s 41 130 330 148 0
s 42 468 135 75 0
s 43 99 135 170 0
s 44 444 75 252 0
s 45 261 127 314 0
s 46 423 448 192 0
s 47 103 349 3 0
s 48 22 247 355 0
s 49 326 164 139 0
s 50 286 200 110 0
s 51 152 492 263 0
s 52 179 327 131 0
s 53 67 443 96 0
s 54 391 74 108 0
s 55 146 305 193 0
s 56 351 289 214 0
s 57 244 276 92 0
s 58 441 460 227 0
s 59 222 67 66 0
s 60 15 293 316 0
s 61 20 24 33 0
s 62 240 27 341 0
s 63 436 273 1 0
s 64 113 30 306 0
s 65 1 480 312 0
s 66 210 86 7 0
s 67 215 297 268 0
s 68 330 274 140 0
s 69 416 358 319 0
s 70 338 319 255 0
s 71 150 14 317 0
s 72 175 45 60 0
s 73 81 313 225 0
s 74 406 31 223 0
s 75 432 291 286 0
s 76 316 178 18 0
s 77 187 486 195 0
s 78 329 318 169 0
s 79 345 21 262 0
s 80 189 362 281 0
s 81 452 102 321 0
s 82 220 472 65 0
s 83 277 400 99 0
s 84 31 397 81 0
s 85 385 333 53 0
s 86 343 50 79 0
s 87 236 10 286 0
s 88 122 39 32 0
s 89 316 281 281 0
s 90 20 280 227 0
s 91 182 377 210 0
s 92 252 358 257 0
s 93 348 151 17 0
s 94 207 432 271 0
s 95 384 141 62 0
s 96 160 465 94 0
s 97 138 495 219 0
s 98 438 378 353 0
s 99 193 181 87 0
s 100 30 379 125 0
s 101 295 177 167 0
s 102 55 365 112 0
s 103 318 76 224 0
s 104 421 82 199 0
s 105 250 110 127 0
s 106 272 451 91 0
s 107 280 106 186 0
s 108 467 72 37 0
s 109 172 205 265 0
s 110 405 214 349 0
s 111 207 122 349 0
s 112 74 323 51 0
s 113 444 433 145 0
s 114 293 110 124 0
s 115 75 28 253 0
s 116 356 190 269 0
s 117 246 416 16 0
s 118 387 342 46 0
s 119 362 326 38 0
s 120 79 237 53 0
s 121 88 9 112 0
s 122 203 242 211 0
s 123 337 216 130 0
s 124 469 416 355 0
s 125 28 412 70 0
s 126 405 478 22 0
s 127 413 4 214 0
s 128 362 351 76 0
s 129 417 42 15 0
s 130 117 380 44 0
s 131 110 237 353 0
s 132 367 224 165 0
s 133 269 42 348 0
s 134 182 343 228 0
s 135 205 324 141 0
s 136 403 471 317 0
s 137 311 64 311 0
s 138 56 87 7 0
s 139 128 153 173 0
s 140 284 70 71 0
s 141 359 246 292 0
s 142 222 60 166 0
s 143 14 186 14 0
s 144 311 236 190 0
s 145 447 140 145 0
s 146 53 438 55 0
s 147 163 298 327 0
s 148 200 298 335 0
s 149 119 215 351 0
s 150 381 17 184 0
s 151 355 258 26 0
s 152 100 371 124 0
s 153 372 496 352 0
s 154 134 329 227 0
s 155 137 72 345 0
s 156 396 257 28 0
s 157 79 368 231 0
s 158 344 463 73 0
s 159 259 165 41 0
s 160 499 203 84 0
s 161 166 99 156 0
s 162 24 473 176 0
s 163 438 300 155 0
s 164 385 268 146 0
s 165 462 195 358 0
s 166 436 261 149 0
s 167 25 440 39 0
s 168 243 144 37 0
s 169 467 325 311 0
s 170 75 36 219 0
s 171 16 336 104 0
s 172 220 197 263 0
s 173 238 197 236 0
s 174 314 322 299 0
s 175 74 476 267 0
s 176 459 448 219 0
s 177 289 498 67 0
s 178 26 36 130 0
s 179 436 215 104 0
s 180 365 3 240 0
s 181 202 244 284 0
s 182 236 388 319 0
s 183 164 361 320 0
s 184 316 183 341 0
s 185 146 190 49 0
s 186 338 212 291 0
s 187 227 274 254 0
s 188 355 290 139 0
s 189 199 322 182 0
s 190 182 455 8 0
s 191 355 57 32 0
s 192 309 7 207 0
s 193 172 304 274 0
s 194 476 223 299 0
s 195 457 312 235 0
s 196 176 466 213 0
s 197 200 243 53 0
s 198 281 242 290 0
s 199 210 67 219 0
s 200 113 414 215 0
s 201 498 86 177 0
s 202 111 146 351 0
s 203 102 438 321 0
s 204 373 290 341 0
s 205 90 24 273 0
s 206 82 244 252 0
s 207 383 314 115 0
s 208 102 288 187 0
s 209 316 340 30 0
s 210 379 378 125 0
s 211 409 445 96 0
s 212 29 167 118 0
s 213 141 288 253 0
s 214 350 33 346 0
s 215 340 96 338 0
s 216 235 203 352 0
s 217 164 245 35 0
s 218 419 159 291 0
s 219 74 107 195 0
s 220 395 214 104 0
s 221 268 124 338 0
s 222 191 94 51 0
s 223 92 122 337 0
s 224 150 32 283 0
s 225 81 283 338 0
s 226 62 71 38 0
s 227 159 469 315 0
s 228 59 216 151 0
s 229 290 2 201 0
s 230 432 108 291 0
s 231 454 227 338 0
s 232 423 63 155 0
s 233 440 442 99 0
s 234 168 490 251 0
s 235 343 304 185 0
s 236 189 235 137 0
s 237 54 447 340 0
s 238 312 219 265 0
s 239 452 17 358 0
b 7 0 323 413
m 7 83 0 323 413
m 7 106 0 323 413
m 7 128 0 323 413
m 7 158 0 323 413
m 7 209 0 323 413
m 7 210 0 323 413
b 7 1 323 413
m 7 83 1 323 413
m 7 106 1 323 413
m 7 128 1 323 413
m 7 158 1 323 413
m 7 209 1 323 413
m 7 210 1 323 413
b 7 2 323 413
m 7 83 2 323 413
m 7 106 2 323 413
m 7 128 2 323 413
m 7 158 2 323 413
m 7 209 2 323 413
m 7 210 2 323 413
b 7 3 323 413
m 7 83 3 6.0 36.0 1.0
m 7 106 3 6.0 36.0 1.0
m 7 128 3 6.0 36.0 1.0
m 7 158 3 6.0 36.0 1.0
m 7 209 3 6.0 36.0 1.0
m 7 210 3 6.0 36.0 1.0
b 83 0 277 403
m 83 92 0 277 403
m 83 94 0 277 403
m 83 117 0 277 403
m 83 182 0 277 403
b 83 1 277 403
m 83 92 1 277 403
m 83 94 1 277 403
m 83 117 1 277 403
m 83 182 1 277 403
b 83 2 277 403
m 83 92 2 277 403
m 83 94 2 277 403
m 83 117 2 277 403
m 83 182 2 277 403
b 83 3 277 403
m 83 117 3 5.333333333333333 29.333333333333332 0.6499999999999999
m 83 92 3 5.333333333333333 29.333333333333332 0.6499999999999999
m 83 182 3 5.333333333333333 29.333333333333332 0.6499999999999999
b 106 0 272 454
m 106 82 0 272 454
m 106 177 0 272 454
b 106 1 272 454
b 106 2 272 454
m 106 82 2 272 454
m 106 177 2 272 454
b 106 3 272 454
m 106 94 3 5.0 27.0 0.23999999999999977
b 128 0 363 354
m 128 32 0 363 354
m 128 56 0 363 354
m 128 69 0 363 354
m 128 70 0 363 354
m 128 78 0 363 354
m 128 85 0 363 354
m 128 118 0 363 354
m 128 119 0 363 354
m 128 174 0 363 354
m 128 188 0 363 354
m 128 204 0 363 354
m 128 207 0 363 354
m 128 235 0 363 354
b 128 1 363 354
m 128 32 1 363 354
m 128 56 1 363 354
m 128 69 1 363 354
m 128 70 1 363 354
m 128 78 1 363 354
m 128 85 1 363 354
m 128 118 1 363 354
m 128 119 1 363 354
m 128 174 1 363 354
m 128 188 1 363 354
m 128 204 1 363 354
m 128 207 1 363 354
m 128 235 1 363 354
b 128 2 363 354
m 128 32 2 363 354
m 128 56 2 363 354
m 128 69 2 363 354
m 128 70 2 363 354
m 128 78 2 363 354
m 128 85 2 363 354
m 128 118 2 363 354
m 128 119 2 363 354
m 128 174 2 363 354
m 128 188 2 363 354
m 128 204 2 363 354
m 128 207 2 363 354
m 128 235 2 363 354
b 128 3 363 354
m 128 32 3 8.333333333333332 80.33333333333334 1.0
m 128 56 3 8.333333333333332 80.33333333333334 1.0
m 128 69 3 8.333333333333332 80.33333333333334 1.0
m 128 70 3 8.333333333333332 80.33333333333334 1.0
m 128 78 3 8.333333333333332 80.33333333333334 1.0
m 128 85 3 8.333333333333332 80.33333333333334 1.0
m 128 118 3 8.333333333333332 80.33333333333334 1.0
m 128 119 3 8.333333333333332 80.33333333333334 1.0
m 128 174 3 8.333333333333332 80.33333333333334 1.0
m 128 188 3 8.333333333333332 80.33333333333334 1.0
m 128 204 3 8.333333333333332 80.33333333333334 1.0
m 128 207 3 8.333333333333332 80.33333333333334 1.0
m 128 235 3 8.333333333333332 80.33333333333334 1.0
b 158 0 345 466
m 158 11 0 345 466
m 158 16 0 345 466
m 158 31 0 345 466
m 158 33 0 345 466
m 158 126 0 345 466
m 158 136 0 345 466
m 158 153 0 345 466
m 158 211 0 345 466
b 158 1 345 466
m 158 11 1 345 466
m 158 16 1 345 466
m 158 31 1 345 466
m 158 33 1 345 466
m 158 126 1 345 466
m 158 136 1 345 466
m 158 153 1 345 466
m 158 177 1 345 466
m 158 211 1 345 466
b 158 2 345 466
b 158 3 345 466
m 158 11 3 7.0 51.0 1.0
m 158 16 3 7.0 51.0 1.0
m 158 31 3 7.0 51.0 1.0
m 158 33 3 7.0 51.0 1.0
m 158 126 3 7.0 51.0 1.0
m 158 136 3 7.0 51.0 1.0
m 158 153 3 7.0 51.0 1.0
m 158 177 3 7.0 51.0 1.0
m 158 211 3 7.0 51.0 1.0
b 209 0 319 342
m 209 68 0 319 342
m 209 89 0 319 342
b 209 1 319 342
m 209 68 1 319 342
m 209 89 1 319 342
b 209 2 319 342
b 209 3 319 342
m 209 89 3 4.666666666666667 25.333333333333332 0.5
m 209 68 3 4.666666666666667 25.333333333333332 0.5
b 210 0 377 381
m 210 98 0 377 381
b 210 1 377 381
m 210 98 1 377 381
b 210 2 377 381
b 210 3 377 381
m 210 98 3 4.333333333333333 24.333333333333332 1.0
b 11 0 419 454
m 11 6 0 419 454
m 11 46 0 419 454
m 11 58 0 419 454
m 11 113 0 419 454
m 11 124 0 419 454
m 11 176 0 419 454
m 11 233 0 419 454
b 11 1 419 454
m 11 6 1 419 454
m 11 46 1 419 454
m 11 58 1 419 454
m 11 113 1 419 454
m 11 124 1 419 454
m 11 176 1 419 454
m 11 233 1 419 454
b 11 3 419 454
m 11 46 3 7.0 50.5 0.7288961038961037
m 11 6 3 7.0 50.5 0.7288961038961037
m 11 58 3 7.0 50.5 0.7288961038961037
m 11 124 3 7.0 50.5 0.7288961038961037
m 11 176 3 7.0 50.5 0.7288961038961037
m 11 113 3 7.0 50.5 0.7288961038961037
b 16 0 392 484
b 16 1 392 484
b 16 3 392 484
m 16 233 3 5.5 38.5 1.0
b 31 0 386 464
b 31 1 386 464
b 31 3 386 464
b 32 0 365 311
m 32 17 0 365 311
m 32 75 0 365 311
m 32 141 0 365 311
m 32 151 0 365 311
m 32 156 0 365 311
m 32 163 0 365 311
m 32 164 0 365 311
b 32 1 365 311
m 32 17 1 365 311
m 32 75 1 365 311
m 32 141 1 365 311
m 32 151 1 365 311
m 32 156 1 365 311
m 32 163 1 365 311
m 32 164 1 365 311
b 32 2 365 311
b 32 3 365 311
m 32 17 3 7.999999999999999 72.5 0.2669890873015872
m 32 75 3 7.999999999999999 72.5 0.2669890873015872
b 33 0 369 479
b 33 1 369 479
b 33 3 369 479
b 56 0 347 287
m 56 10 0 347 287
m 56 18 0 347 287
m 56 123 0 347 287
m 56 132 0 347 287
m 56 144 0 347 287
b 56 1 347 287
m 56 10 1 347 287
m 56 18 1 347 287
m 56 123 1 347 287
m 56 132 1 347 287
m 56 144 1 347 287
b 56 2 347 287
b 56 3 347 287
m 56 144 3 8.5 80.5 0.5838779956427018
m 56 141 3 8.5 80.5 0.5838779956427018
m 56 18 3 8.5 80.5 0.5838779956427018
m 56 151 3 8.5 80.5 0.5838779956427018
m 56 10 3 8.5 80.5 0.5838779956427018
m 56 156 3 8.5 80.5 0.5838779956427018
b 68 0 327 277
m 68 186 0 327 277
m 68 198 0 327 277
m 68 238 0 327 277
b 68 1 327 277
m 68 186 1 327 277
m 68 198 1 327 277
m 68 238 1 327 277
b 68 3 327 277
m 68 132 3 5.0 28.0 0.8268817204301075
m 68 238 3 5.0 28.0 0.8268817204301075
m 68 164 3 5.0 28.0 0.8268817204301075
m 68 123 3 5.0 28.0 0.8268817204301075
m 68 198 3 5.0 28.0 0.8268817204301075
b 69 0 419 355
m 69 169 0 419 355
m 69 195 0 419 355
b 69 1 419 355
m 69 169 1 419 355
m 69 195 1 419 355
b 69 2 419 355
b 69 3 419 355
m 69 163 3 6.999999999999999 62.50000000000001 0.3333333333333333
b 70 0 337 315
b 70 1 337 315
b 70 2 337 315
m 70 17 2 337 315
m 70 68 2 337 315
m 70 89 2 337 315
m 70 151 2 337 315
m 70 164 2 337 315
b 70 3 337 315
b 78 0 325 319
b 78 1 325 319
b 78 2 325 319
b 78 3 325 319
b 82 0 222 476
m 82 51 0 222 476
m 82 77 0 222 476
m 82 96 0 222 476
m 82 190 0 222 476
m 82 196 0 222 476
m 82 227 0 222 476
m 82 234 0 222 476
b 82 2 222 476
b 85 0 387 337
b 85 1 387 337
b 85 2 387 337
m 85 75 2 387 337
m 85 98 2 387 337
m 85 163 2 387 337
m 85 195 2 387 337
b 85 3 387 337
m 85 195 3 6.499999999999999 60.50000000000001 1.0
b 89 0 317 277
m 89 57 0 317 277
b 89 1 317 277
m 89 57 1 317 277
b 89 3 317 277
m 89 186 3 4.0 20.0 0.5483870967741935
m 89 57 3 4.0 20.0 0.5483870967741935
b 92 0 251 354
m 92 35 0 251 354
m 92 38 0 251 354
m 92 67 0 251 354
m 92 80 0 251 354
m 92 134 0 251 354
m 92 135 0 251 354
m 92 148 0 251 354
m 92 189 0 251 354
b 92 1 251 354
m 92 35 1 251 354
m 92 38 1 251 354
m 92 67 1 251 354
m 92 80 1 251 354
m 92 134 1 251 354
m 92 135 1 251 354
m 92 148 1 251 354
m 92 189 1 251 354
b 92 2 251 354
b 92 3 251 354
m 92 35 3 6.0 38.0 0.9148148148148147
m 92 148 3 6.0 38.0 0.9148148148148147
m 92 134 3 6.0 38.0 0.9148148148148147
m 92 67 3 6.0 38.0 0.9148148148148147
m 92 189 3 6.0 38.0 0.9148148148148147
m 92 80 3 6.0 38.0 0.9148148148148147
m 92 135 3 6.0 38.0 0.9148148148148147
m 92 38 3 6.0 38.0 0.9148148148148147
b 94 0 208 428
m 94 91 0 208 428
b 94 1 208 428
m 94 77 1 208 428
m 94 82 1 208 428
m 94 91 1 208 428
m 94 96 1 208 428
m 94 190 1 208 428
m 94 196 1 208 428
m 94 227 1 208 428
m 94 234 1 208 428
b 94 2 208 428
b 94 3 208 428
m 94 82 3 5.75 36.25 0.3715019762845847
m 94 77 3 5.75 36.25 0.3715019762845847
m 94 91 3 5.75 36.25 0.3715019762845847
b 98 0 442 378
b 98 1 442 378
b 98 3 442 378
m 98 169 3 3.5 18.5 1.0
b 117 0 250 417
b 117 1 250 417
b 117 2 250 417
b 117 3 250 417
m 117 190 3 4.25 22.25 1.0
b 118 0 390 345
b 118 1 390 345
b 118 2 390 345
b 118 3 390 345
b 119 0 365 329
b 119 1 365 329
b 119 2 365 329
b 119 3 365 329
b 126 0 409 480
b 126 1 409 480
b 126 3 409 480
b 136 0 406 468
b 136 1 406 468
b 136 3 406 468
b 153 0 376 496
b 153 1 376 496
b 153 3 376 496
b 174 0 316 318
b 174 1 316 318
b 174 2 316 318
m 174 10 2 316 318
b 174 3 316 318
b 177 0 287 496
b 177 1 287 496
b 177 2 287 496
b 177 3 287 496
b 182 0 239 385
b 182 1 239 385
b 182 2 239 385
b 182 3 239 385
b 188 0 352 292
b 188 1 352 292
b 188 2 352 292
b 188 3 352 292
b 204 0 377 289
m 204 63 0 377 289
m 204 166 0 377 289
m 204 220 0 377 289
b 204 1 377 289
m 204 63 1 377 289
m 204 166 1 377 289
m 204 220 1 377 289
b 204 2 377 289
b 204 3 377 289
m 204 220 3 6.999999999999999 62.50000000000001 0.3333333333333333
b 207 0 382 317
b 207 1 382 317
b 207 2 382 317
m 207 63 2 382 317
m 207 156 2 382 317
m 207 166 2 382 317
b 207 3 382 317
m 207 63 3 6.749999999999999 61.25000000000001 0.5
m 207 166 3 6.749999999999999 61.25000000000001 0.5
b 211 0 409 449
b 211 1 409 449
b 211 3 409 449
b 235 0 339 304
b 235 1 339 304
b 235 2 339 304
m 235 141 2 339 304
b 235 3 339 304
b 6 0 457 447
b 6 1 457 447
b 6 3 457 447
b 10 0 289 253
m 10 2 0 289 253
m 10 50 0 289 253
m 10 101 0 289 253
m 10 187 0 289 253
m 10 216 0 289 253
b 10 1 289 253
m 10 2 1 289 253
m 10 50 1 289 253
m 10 101 1 289 253
m 10 187 1 289 253
m 10 216 1 289 253
b 10 2 289 253
m 10 2 2 289 253
m 10 50 2 289 253
m 10 57 2 289 253
m 10 101 2 289 253
m 10 123 2 289 253
m 10 144 2 289 253
m 10 186 2 289 253
m 10 187 2 289 253
m 10 198 2 289 253
m 10 216 2 289 253
m 10 238 2 289 253
b 10 3 289 253
m 10 101 3 7.8 69.4 0.1878889447516898
b 17 0 397 284
m 17 110 0 397 284
b 17 1 397 284
m 17 110 1 397 284
b 17 2 397 284
m 17 18 2 397 284
m 17 110 2 397 284
m 17 132 2 397 284
m 17 220 2 397 284
b 17 3 397 284
m 17 110 3 6.6 58.2 1.0
b 18 0 378 232
m 18 22 0 378 232
m 18 116 0 378 232
m 18 179 0 378 232
b 18 1 378 232
m 18 22 1 378 232
m 18 116 1 378 232
m 18 179 1 378 232
b 18 3 378 232
m 18 179 3 7.3999999999999995 66.2 0.3333333333333333
b 35 0 233 336
m 35 52 0 233 336
m 35 183 0 233 336
m 35 193 0 233 336
b 35 1 233 336
m 35 52 1 233 336
m 35 183 1 233 336
m 35 193 1 233 336
b 35 3 233 336
m 35 52 3 5.6 33.6 0.11435185185185184
b 38 0 204 359
m 38 1 0 204 359
m 38 24 0 204 359
m 38 147 0 204 359
b 38 1 204 359
m 38 1 1 204 359
m 38 24 1 204 359
m 38 147 1 204 359
b 38 3 204 359
m 38 147 3 5.8 35.4 0.42901660280970627
m 38 193 3 5.8 35.4 0.42901660280970627
m 38 24 3 5.8 35.4 0.42901660280970627
b 46 0 419 447
b 46 1 419 447
b 46 3 419 447
b 51 0 151 487
m 51 19 0 151 487
m 51 97 0 151 487
m 51 203 0 151 487
b 57 0 244 281
m 57 122 0 244 281
m 57 181 0 244 281
m 57 197 0 244 281
m 57 236 0 244 281
b 57 1 244 281
m 57 122 1 244 281
m 57 181 1 244 281
m 57 197 1 244 281
m 57 236 1 244 281
b 57 3 244 281
m 57 236 3 4.4 23.2 0.9015151515151515
m 57 122 3 4.4 23.2 0.9015151515151515
m 57 181 3 4.4 23.2 0.9015151515151515
m 57 197 3 4.4 23.2 0.9015151515151515
m 57 187 3 4.4 23.2 0.9015151515151515
m 57 2 3 4.4 23.2 0.9015151515151515
b 58 0 438 456
b 58 1 438 456
b 58 3 438 456
b 63 0 441 273
m 63 194 0 441 273
m 63 231 0 441 273
b 63 1 441 273
m 63 194 1 441 273
m 63 231 1 441 273
b 63 2 441 273
b 63 3 441 273
m 63 231 3 5.8 49.800000000000004 0.5302119582410629
m 63 194 3 5.8 49.800000000000004 0.5302119582410629
b 67 0 215 292
m 67 55 0 215 292
m 67 217 0 215 292
b 67 1 215 292
m 67 55 1 215 292
m 67 217 1 215 292
b 67 3 215 292
m 67 217 3 5.2 31.2 0.5
m 67 55 3 5.2 31.2 0.5
b 68 2 326 278
b 75 0 434 287
b 75 1 434 287
b 75 2 434 287
m 75 169 2 434 287
m 75 179 2 434 287
m 75 231 2 434 287
b 75 3 434 287
b 77 0 183 485
b 77 1 183 485
m 77 19 1 183 485
m 77 51 1 183 485
m 77 97 1 183 485
b 77 3 183 485
m 77 97 3 6.0 38.8 0.3054378465440473
m 77 196 3 6.0 38.8 0.3054378465440473
m 77 51 3 6.0 38.8 0.3054378465440473
b 80 0 190 357
m 80 41 0 190 357
m 80 130 0 190 357
m 80 154 0 190 357
b 80 1 190 357
b 80 3 190 357
m 80 130 3 5.8 35.4 0.42901660280970627
m 80 41 3 5.8 35.4 0.42901660280970627
m 80 154 3 5.8 35.4 0.42901660280970627
b 82 1 222 477
b 82 3 222 477
m 82 96 3 5.199999999999999 30.8 0.3333333333333333
b 89 2 317 276
b 91 0 178 375
m 91 47 0 178 375
b 91 1 178 375
m 91 41 1 178 375
m 91 47 1 178 375
m 91 130 1 178 375
m 91 154 1 178 375
b 91 3 178 375
m 91 47 3 5.199999999999999 30.8 0.3333333333333333
b 96 0 160 470
b 96 1 160 470
m 96 203 1 160 470
b 98 2 443 377
b 113 0 440 435
b 113 1 440 435
b 113 3 440 435
b 123 0 334 219
m 123 13 0 334 219
m 123 49 0 334 219
m 123 76 0 334 219
m 123 93 0 334 219
m 123 184 0 334 219
b 123 1 334 219
m 123 13 1 334 219
m 123 49 1 334 219
m 123 76 1 334 219
m 123 93 1 334 219
m 123 184 1 334 219
b 123 3 334 219
m 123 49 3 5.4 32.2 0.8890833129262299
m 123 76 3 5.4 32.2 0.8890833129262299
m 123 13 3 5.4 32.2 0.8890833129262299
m 123 116 3 5.4 32.2 0.8890833129262299
m 123 93 3 5.4 32.2 0.8890833129262299
m 123 184 3 5.4 32.2 0.8890833129262299
m 123 50 3 5.4 32.2 0.8890833129262299
b 124 0 474 416
b 124 1 474 416
b 124 3 474 416
b 132 0 362 225
b 132 1 362 225
b 132 3 362 225
m 132 22 3 4.2 22.599999999999998 1.0
b 134 0 179 339
m 134 213 0 179 339
b 134 1 179 339
m 134 213 1 179 339
b 134 3 179 339
m 134 213 3 5.3999999999999995 32.199999999999996 0.3333333333333333
b 135 0 201 327
b 135 1 201 327
b 135 3 201 327
m 135 183 3 5.2 31.2 0.5
m 135 1 3 5.2 31.2 0.5
b 141 0 361 241
b 141 1 361 241
b 141 2 361 241
m 141 76 2 361 241
m 141 116 2 361 241
m 141 184 2 361 241
b 141 3 361 241
b 144 0 306 235
b 144 1 306 235
b 144 3 306 235
m 144 216 3 7.0 64.60000000000001 1.0
b 148 0 204 296
b 148 1 204 296
b 148 3 204 296
b 151 0 359 260
b 151 1 359 260
b 151 2 359 260
b 151 3 359 260
b 156 0 401 259
b 156 1 401 259
b 156 2 401 259
m 156 22 2 401 259
b 156 3 401 259
b 163 0 434 302
b 163 1 434 302
b 163 2 434 302
b 163 3 434 302
b 164 0 380 271
b 164 1 380 271
b 164 2 380 271
b 164 3 380 271
b 166 0 431 264
b 166 1 431 264
b 166 2 431 264
b 166 3 431 264
b 169 0 471 321
b 169 1 471 321
b 169 3 471 321
b 176 0 455 445
b 176 1 455 445
b 176 3 455 445
b 186 0 340 207
b 186 1 340 207
b 186 3 340 207
b 189 0 194 322
b 189 1 194 322
b 189 3 194 322
b 190 0 187 456
b 190 1 187 456
b 190 3 187 456
m 190 19 3 4.0 19.6 1.0
m 190 227 3 4.0 19.6 1.0
m 190 234 3 4.0 19.6 1.0
b 195 0 454 307
b 195 1 454 307
b 195 2 454 307
b 195 3 454 307
b 196 0 172 463
b 196 1 172 463
b 198 0 283 238
m 198 25 0 283 238
m 198 159 0 283 238
m 198 173 0 283 238
b 198 1 283 238
m 198 25 1 283 238
m 198 159 1 283 238
m 198 173 1 283 238
b 198 3 283 238
m 198 25 3 4.6 24.2 0.12192206841880572
b 220 0 394 219
m 220 95 0 394 219
m 220 218 0 394 219
b 220 1 394 219
m 220 95 1 394 219
m 220 218 1 394 219
b 220 3 394 219
m 220 218 3 6.0 50.800000000000004 0.19579579579579587
b 227 0 162 466
b 227 1 162 466
b 233 0 439 447
b 233 1 439 447
b 233 3 439 447
b 234 0 166 485
b 234 1 166 485
b 238 0 312 214
b 238 1 312 214
b 238 3 312 214
m 238 159 3 4.2 22.599999999999998 1.0
b 1 0 146 336
m 1 0 0 146 336
m 1 73 0 146 336
m 1 112 0 146 336
m 1 152 0 146 336
m 1 208 0 146 336
b 1 1 146 336
m 1 0 1 146 336
m 1 73 1 146 336
m 1 112 1 146 336
m 1 152 1 146 336
m 1 208 1 146 336
b 1 3 146 336
m 1 0 3 5.166666666666666 30.166666666666668 0.8064516129032258
m 1 73 3 5.166666666666666 30.166666666666668 0.8064516129032258
m 1 208 3 5.166666666666666 30.166666666666668 0.8064516129032258
m 1 112 3 5.166666666666666 30.166666666666668 0.8064516129032258
m 1 152 3 5.166666666666666 30.166666666666668 0.8064516129032258
b 2 0 235 245
m 2 3 0 235 245
m 2 99 0 235 245
m 2 172 0 235 245
b 2 1 235 245
b 2 2 235 245
m 2 3 2 235 245
m 2 25 2 235 245
m 2 67 2 235 245
m 2 99 2 235 245
m 2 122 2 235 245
m 2 148 2 235 245
m 2 172 2 235 245
m 2 173 2 235 245
m 2 181 2 235 245
m 2 197 2 235 245
m 2 217 2 235 245
m 2 236 2 235 245
b 2 3 235 245
m 2 172 3 4.333333333333333 22.0 0.5127275207062435
m 2 3 3 4.333333333333333 22.0 0.5127275207062435
m 2 173 3 4.333333333333333 22.0 0.5127275207062435
b 13 0 282 171
m 13 4 0 282 171
m 13 14 0 282 171
m 13 39 0 282 171
m 13 45 0 282 171
m 13 105 0 282 171
m 13 107 0 282 171
m 13 114 0 282 171
m 13 168 0 282 171
m 13 221 0 282 171
b 13 1 282 171
b 13 3 282 171
m 13 39 3 6.0 40.33333333333333 0.9808667892606544
m 13 4 3 6.0 40.33333333333333 0.9808667892606544
m 13 45 3 6.0 40.33333333333333 0.9808667892606544
m 13 14 3 6.0 40.33333333333333 0.9808667892606544
m 13 107 3 6.0 40.33333333333333 0.9808667892606544
m 13 105 3 6.0 40.33333333333333 0.9808667892606544
m 13 114 3 6.0 40.33333333333333 0.9808667892606544
m 13 221 3 6.0 40.33333333333333 0.9808667892606544
m 13 168 3 6.0 40.33333333333333 0.9808667892606544
b 18 2 378 233
b 19 0 140 498
m 19 175 0 140 498
b 19 1 140 498
m 19 175 1 140 498
b 19 3 140 498
m 19 175 3 3.666666666666667 17.0 0.6013986013986017
m 19 203 3 3.666666666666667 17.0 0.6013986013986017
b 22 0 424 198
m 22 42 0 424 198
m 22 145 0 424 198
m 22 160 0 424 198
m 22 165 0 424 198
b 22 1 424 198
m 22 42 1 424 198
m 22 145 1 424 198
m 22 160 1 424 198
m 22 165 1 424 198
b 22 2 424 198
b 22 3 424 198
m 22 42 3 4.333333333333333 23.0 1.0
m 22 95 3 4.333333333333333 23.0 1.0
m 22 145 3 4.333333333333333 23.0 1.0
m 22 160 3 4.333333333333333 23.0 1.0
m 22 165 3 4.333333333333333 23.0 1.0
b 24 0 138 350
m 24 157 0 138 350
m 24 200 0 138 350
b 24 1 138 350
m 24 157 1 138 350
m 24 200 1 138 350
b 24 3 138 350
m 24 157 3 5.166666666666666 30.166666666666668 0.5
m 24 200 3 5.166666666666666 30.166666666666668 0.5
b 25 0 224 194
m 25 27 0 224 194
m 25 109 0 224 194
m 25 111 0 224 194
m 25 185 0 224 194
b 25 1 224 194
m 25 3 1 224 194
m 25 27 1 224 194
m 25 99 1 224 194
m 25 109 1 224 194
m 25 111 1 224 194
m 25 168 1 224 194
m 25 172 1 224 194
m 25 185 1 224 194
b 25 3 224 194
m 25 111 3 4.666666666666667 24.333333333333336 0.17149067611852137
b 41 0 125 333
m 41 225 0 125 333
b 41 1 125 333
m 41 225 1 125 333
b 41 3 125 333
m 41 225 3 5.0 29.666666666666668 1.0
b 47 0 109 350
m 47 102 0 109 350
b 47 1 109 350
b 47 3 109 350
m 47 102 3 4.5 25.833333333333336 1.0
b 49 0 322 168
b 49 1 322 168
b 49 3 322 168
b 50 0 284 206
b 50 1 284 206
b 50 2 284 206
b 50 3 284 206
b 51 1 151 486
b 51 3 151 486
b 52 0 175 331
b 52 1 175 331
b 52 3 175 331
b 55 0 140 303
m 55 131 0 140 303
b 55 1 140 303
m 55 131 1 140 303
b 55 3 140 303
m 55 131 3 4.5 26.166666666666668 0.03703703703703698
b 57 2 244 282
b 76 0 322 180
b 76 1 322 180
m 76 14 1 322 180
m 76 39 1 322 180
m 76 114 1 322 180
b 76 2 322 180
m 76 13 2 322 180
m 76 14 2 322 180
m 76 39 2 322 180
m 76 49 2 322 180
m 76 93 2 322 180
m 76 95 2 322 180
m 76 114 2 322 180
m 76 159 2 322 180
b 76 3 322 180
b 93 0 354 153
m 93 215 0 354 153
b 93 1 354 153
m 93 215 1 354 153
b 93 3 354 153
m 93 215 3 4.666666666666667 27.0 1.0
b 95 0 387 147
m 95 54 0 387 147
m 95 104 0 387 147
m 95 230 0 387 147
b 95 1 387 147
m 95 54 1 387 147
m 95 104 1 387 147
m 95 230 1 387 147
b 96 3 160 471
b 97 0 133 491
b 97 1 133 491
b 97 3 133 491
b 101 0 289 178
b 101 1 289 178
b 101 2 289 178
b 101 3 289 178
b 110 0 411 213
b 110 1 411 213
b 110 2 411 213
m 110 165 2 411 213
m 110 194 2 411 213
m 110 218 2 411 213
b 110 3 411 213
b 116 0 356 184
b 116 1 356 184
b 116 2 356 184
b 116 3 356 184
b 122 0 197 239
m 122 26 0 197 239
b 122 1 197 239
m 122 26 1 197 239
b 122 3 197 239
m 122 26 3 4.333333333333333 22.0 0.5127275207062435
m 122 185 3 4.333333333333333 22.0 0.5127275207062435
m 122 109 3 4.333333333333333 22.0 0.5127275207062435
b 123 2 333 220
b 130 0 122 384
b 130 1 122 384
m 130 102 1 122 384
b 130 3 122 384
b 132 2 361 225
b 144 2 305 235
b 147 0 168 295
b 147 1 168 295
b 147 3 168 295
b 154 0 130 325
b 154 1 130 325
b 154 3 130 325
b 159 0 264 169
m 159 36 0 264 169
b 159 1 264 169
m 159 4 1 264 169
m 159 36 1 264 169
m 159 45 1 264 169
m 159 105 1 264 169
m 159 107 1 264 169
m 159 221 1 264 169
b 159 3 264 169
m 159 27 3 4.0 20.333333333333332 1.0
m 159 36 3 4.0 20.333333333333332 1.0
m 159 99 3 4.0 20.333333333333332 1.0
b 169 2 471 320
b 173 0 234 192
b 173 1 234 192
b 179 0 434 220
b 179 1 434 220
b 179 2 434 220
m 179 160 2 434 220
b 179 3 434 220
b 181 0 203 238
b 181 1 203 238
b 181 3 203 238
b 183 0 169 357
b 183 1 169 357
b 183 3 169 357
b 184 0 322 181
b 184 1 322 181
b 184 2 322 181
b 184 3 322 181
b 186 2 340 206
b 187 0 226 269
b 187 1 226 269
b 187 2 226 269
b 187 3 226 269
b 193 0 173 298
b 193 1 173 298
b 193 3 173 298
b 194 0 479 217
b 194 1 479 217
b 194 3 479 217
b 196 3 171 463
b 197 0 203 247
b 197 1 203 247
b 197 3 203 247
b 198 2 283 237
b 203 0 106 434
m 203 53 0 106 434
m 203 146 0 106 434
m 203 237 0 106 434
b 203 1 106 434
m 203 53 1 106 434
m 203 146 1 106 434
m 203 237 1 106 434
b 213 0 140 282
m 213 34 0 140 282
m 213 120 0 140 282
m 213 149 0 140 282
m 213 206 0 140 282
b 213 1 140 282
m 213 34 1 140 282
m 213 120 1 140 282
m 213 149 1 140 282
m 213 206 1 140 282
b 213 3 140 282
m 213 34 3 5.166666666666666 29.499999999999996 0.42942545337827
m 213 206 3 5.166666666666666 29.499999999999996 0.42942545337827
b 216 0 241 203
b 216 1 241 203
b 216 2 241 203
m 216 109 2 241 203
m 216 168 2 241 203
b 216 3 241 203
b 217 0 169 249
b 217 1 169 249
b 217 3 169 249
m 217 149 3 4.5 26.166666666666668 0.03703703703703698
b 218 0 421 153
m 218 81 0 421 153
b 218 1 421 153
m 218 81 1 421 153
b 218 3 421 153
m 218 104 3 5.5 43.833333333333336 0.2697489697489699
b 220 2 393 220
b 227 3 163 465
b 231 0 460 225
b 231 1 460 225
b 231 2 460 225
b 231 3 460 225
b 234 3 166 484
b 236 0 185 239
b 236 1 185 239
b 236 3 185 239
b 238 2 312 213
b 0 0 86 323
m 0 20 0 86 323
m 0 40 0 86 323
m 0 60 0 86 323
m 0 171 0 86 323
b 0 1 86 323
m 0 20 1 86 323
m 0 40 1 86 323
m 0 60 1 86 323
m 0 171 1 86 323
b 0 3 86 323
m 0 20 3 4.999999999999999 28.142857142857142 0.6486175115207373
m 0 60 3 4.999999999999999 28.142857142857142 0.6486175115207373
m 0 171 3 4.999999999999999 28.142857142857142 0.6486175115207373
b 3 0 180 216
b 3 1 180 216
b 3 2 180 216
m 3 26 2 180 216
m 3 131 2 180 216
m 3 149 2 180 216
m 3 185 2 180 216
b 3 3 180 216
b 4 0 257 108
m 4 30 0 257 108
m 4 59 0 257 108
m 4 66 0 257 108
m 4 103 0 257 108
m 4 133 0 257 108
m 4 140 0 257 108
m 4 142 0 257 108
m 4 199 0 257 108
m 4 222 0 257 108
b 4 1 257 108
m 4 30 1 257 108
m 4 59 1 257 108
m 4 66 1 257 108
m 4 103 1 257 108
m 4 133 1 257 108
m 4 140 1 257 108
m 4 142 1 257 108
m 4 199 1 257 108
m 4 222 1 257 108
b 4 3 257 108
m 4 133 3 6.428571428571429 46.14285714285714 0.9027783652612626
m 4 199 3 6.428571428571429 46.14285714285714 0.9027783652612626
m 4 103 3 6.428571428571429 46.14285714285714 0.9027783652612626
m 4 222 3 6.428571428571429 46.14285714285714 0.9027783652612626
m 4 142 3 6.428571428571429 46.14285714285714 0.9027783652612626
m 4 66 3 6.428571428571429 46.14285714285714 0.9027783652612626
m 4 59 3 6.428571428571429 46.14285714285714 0.9027783652612626
m 4 140 3 6.428571428571429 46.14285714285714 0.9027783652612626
m 4 30 3 6.428571428571429 46.14285714285714 0.9027783652612626
b 13 2 282 172
m 13 4 2 282 172
m 13 45 2 282 172
m 13 105 2 282 172
m 13 107 2 282 172
m 13 221 2 282 172
b 14 0 315 110
m 14 86 0 315 110
m 14 137 0 315 110
m 14 191 0 315 110
b 14 1 315 110
m 14 86 1 315 110
m 14 137 1 315 110
m 14 191 1 315 110
b 14 2 315 110
b 14 3 315 110
m 14 191 3 5.571428571428572 35.857142857142854 0.3333333333333333
b 25 2 223 194
m 25 27 2 223 194
m 25 111 2 223 194
b 26 0 139 199
m 26 139 0 139 199
b 26 1 139 199
m 26 139 1 139 199
b 26 3 139 199
m 26 139 3 4.333333333333333 22.0 -1.0
b 27 0 205 135
m 27 161 0 205 135
b 27 1 205 135
b 27 3 205 135
m 27 161 3 3.571428571428571 17.57142857142857 1.0
b 34 0 96 234
m 34 12 0 96 234
m 34 48 0 96 234
m 34 228 0 96 234
b 34 1 96 234
m 34 12 1 96 234
m 34 48 1 96 234
m 34 228 1 96 234
b 34 3 96 234
m 34 120 3 4.999999999999999 27.571428571428566 0.4472411473344721
m 34 12 3 4.999999999999999 27.571428571428566 0.4472411473344721
b 36 0 220 117
b 36 1 220 117
m 36 161 1 220 117
b 36 3 220 117
b 39 0 292 134
b 39 1 292 134
b 39 2 292 134
m 39 36 2 292 134
m 39 103 2 292 134
m 39 140 2 292 134
m 39 215 2 292 134
b 39 3 292 134
b 42 0 470 142
m 42 108 0 470 142
m 42 201 0 470 142
b 42 1 470 142
m 42 108 1 470 142
m 42 201 1 470 142
b 42 3 470 142
m 42 81 3 4.285714285714286 22.0 0.8005952380952381
m 42 108 3 4.285714285714286 22.0 0.8005952380952381
m 42 201 3 4.285714285714286 22.0 0.8005952380952381
m 42 230 3 4.285714285714286 22.0 0.8005952380952381
b 45 0 265 122
b 45 1 265 122
b 45 3 265 122
b 49 2 321 169
b 53 0 67 450
m 53 37 0 67 450
m 53 65 0 67 450
m 53 84 0 67 450
m 53 125 0 67 450
m 53 162 0 67 450
m 53 167 0 67 450
b 53 1 67 450
m 53 37 1 67 450
m 53 65 1 67 450
m 53 84 1 67 450
m 53 125 1 67 450
m 53 162 1 67 450
m 53 167 1 67 450
b 54 0 389 80
m 54 8 0 389 80
m 54 21 0 389 80
m 54 44 0 389 80
m 54 74 0 389 80
m 54 129 0 389 80
m 54 150 0 389 80
m 54 214 0 389 80
m 54 232 0 389 80
b 54 1 389 80
m 54 8 1 389 80
m 54 21 1 389 80
m 54 44 1 389 80
m 54 74 1 389 80
m 54 129 1 389 80
m 54 150 1 389 80
m 54 214 1 389 80
m 54 232 1 389 80
b 67 2 215 290
b 73 0 76 308
m 73 90 0 76 308
b 73 1 76 308
m 73 90 1 76 308
b 73 3 76 308
m 73 40 3 4.7142857142857135 26.42857142857143 0.5
m 73 90 3 4.7142857142857135 26.42857142857143 0.5
b 81 0 457 97
b 81 1 457 97
b 93 2 355 153
b 95 2 388 147
m 95 54 2 388 147
m 95 104 2 388 147
m 95 145 2 388 147
m 95 230 2 388 147
b 95 3 388 147
m 95 54 3 3.857142857142857 19.857142857142858 1.0
b 99 0 193 188
b 99 1 193 188
b 99 2 193 188
b 99 3 193 188
b 102 0 52 371
m 102 100 0 52 371
b 102 1 52 371
b 102 3 52 371
m 102 84 3 4.571428571428571 25.714285714285715 1.0
m 102 100 3 4.571428571428571 25.714285714285715 1.0
m 102 125 3 4.571428571428571 25.714285714285715 1.0
m 102 146 3 4.571428571428571 25.714285714285715 1.0
m 102 237 3 4.571428571428571 25.714285714285715 1.0
b 104 0 414 80
b 104 1 414 80
b 104 3 414 80
m 104 74 3 5.857142857142858 46.71428571428571 0.4382562596268855
m 104 21 3 5.857142857142858 46.71428571428571 0.4382562596268855
m 104 44 3 5.857142857142858 46.71428571428571 0.4382562596268855
m 104 8 3 5.857142857142858 46.71428571428571 0.4382562596268855
b 105 0 245 116
b 105 1 245 116
b 105 3 245 116
b 107 0 273 105
b 107 1 273 105
b 107 3 273 105
m 107 137 3 5.2857142857142865 34.714285714285715 1.0
b 109 0 172 198
m 109 139 0 172 198
b 109 1 172 198
m 109 139 1 172 198
b 109 2 172 198
m 109 139 2 172 198
b 109 3 172 198
m 109 139 3 4.333333333333333 22.0 -1.0
b 111 0 214 121
b 111 1 214 121
b 111 3 214 121
b 112 0 78 328
b 112 1 78 328
b 112 3 78 328
b 114 0 289 116
b 114 1 289 116
b 114 2 289 116
m 114 30 2 289 116
m 114 137 2 289 116
b 114 3 289 116
b 120 0 83 242
b 120 1 83 242
b 122 2 197 238
b 131 0 117 236
b 131 1 117 236
b 131 3 117 236
m 131 228 3 4.0 22.57142857142857 0.0383597883597883
b 145 0 441 144
b 145 1 441 144
b 145 3 441 144
b 146 0 57 443
b 146 1 57 443
m 146 100 1 57 443
b 148 2 206 295
m 148 1 2 206 295
m 148 35 2 206 295
m 148 38 2 206 295
m 148 52 2 206 295
m 148 55 2 206 295
m 148 80 2 206 295
m 148 134 2 206 295
m 148 135 2 206 295
m 148 147 2 206 295
m 148 183 2 206 295
m 148 189 2 206 295
m 148 193 2 206 295
m 148 213 2 206 295
b 149 0 126 214
m 149 139 0 126 214
b 149 1 126 214
m 149 139 1 126 214
b 149 3 126 214
m 149 139 3 4.5 26.166666666666668 -1.0
b 152 0 96 376
b 152 1 96 376
b 152 3 96 376
b 157 0 75 363
b 157 1 75 363
b 157 3 75 363
b 159 2 264 170
b 160 0 494 209
b 160 1 494 209
b 160 2 494 209
b 160 3 494 209
b 165 0 469 195
b 165 1 469 195
b 165 2 469 195
m 165 42 2 469 195
b 165 3 469 195
b 168 0 249 149
b 168 1 249 149
b 168 2 249 149
m 168 66 2 249 149
m 168 222 2 249 149
b 168 3 249 149
b 172 0 219 190
b 172 1 219 190
b 172 2 219 190
b 172 3 219 190
b 173 2 234 191
b 173 3 234 191
b 175 0 73 469
b 175 1 73 469
b 175 3 73 469
m 175 65 3 3.857142857142857 18.142857142857142 0.9577829577829582
m 175 162 3 3.857142857142857 18.142857142857142 0.9577829577829582
m 175 167 3 3.857142857142857 18.142857142857142 0.9577829577829582
m 175 53 3 3.857142857142857 18.142857142857142 0.9577829577829582
m 175 37 3 3.857142857142857 18.142857142857142 0.9577829577829582
b 181 2 204 237
b 185 0 151 196
m 185 139 0 151 196
b 185 1 151 196
b 185 3 151 196
m 185 139 3 4.333333333333333 22.0 -1.0
b 194 2 479 217
b 197 2 204 248
b 200 0 108 410
b 200 1 108 410
b 200 3 108 410
b 203 3 107 433
b 206 0 80 238
b 206 1 80 238
b 206 3 80 238
m 206 48 3 4.571428571428571 25.428571428571423 1.0
b 208 0 95 287
b 208 1 95 287
b 208 3 95 287
b 215 0 347 93
b 215 1 347 93
b 215 3 347 93
m 215 86 3 4.428571428571429 24.428571428571427 1.0
m 215 214 3 4.428571428571429 24.428571428571427 1.0
m 215 232 3 4.428571428571429 24.428571428571427 1.0
b 217 2 170 249
b 218 2 421 153
m 218 81 2 421 153
b 221 0 275 122
b 221 1 275 122
b 221 3 275 122
b 225 0 88 281
b 225 1 88 281
b 225 3 88 281
b 230 0 435 101
b 230 1 435 101
b 236 2 184 240
b 237 0 61 444
b 237 1 61 444
b 1 2 144 337
m 1 0 2 144 337
m 1 24 2 144 337
m 1 41 2 144 337
m 1 47 2 144 337
m 1 91 2 144 337
m 1 112 2 144 337
m 1 130 2 144 337
m 1 152 2 144 337
m 1 154 2 144 337
m 1 157 2 144 337
m 1 208 2 144 337
b 4 2 257 109
b 8 0 397 41
m 8 79 0 397 41
m 8 127 0 397 41
m 8 180 0 397 41
m 8 239 0 397 41
b 8 1 397 41
b 8 3 397 41
m 8 79 3 5.875 45.37499999999999 0.31329790835996263
m 8 129 3 5.875 45.37499999999999 0.31329790835996263
b 12 0 80 172
m 12 139 0 80 172
b 12 1 80 172
m 12 139 1 80 172
b 12 3 80 172
m 12 139 3 4.999999999999999 27.571428571428566 -1.0
b 20 0 32 310
b 20 1 32 310
b 20 3 32 310
b 21 0 454 47
b 21 1 454 47
m 21 127 1 454 47
m 21 239 1 454 47
b 21 3 454 47
m 21 239 3 5.375 41.37499999999999 0.5
m 21 127 3 5.375 41.37499999999999 0.5
b 26 2 140 200
m 26 139 2 140 200
b 27 2 206 134
m 27 59 2 206 134
m 27 142 2 206 134
m 27 161 2 206 134
m 27 199 2 206 134
b 30 0 300 53
m 30 9 0 300 53
m 30 29 0 300 53
m 30 62 0 300 53
m 30 192 0 300 53
m 30 229 0 300 53
b 30 1 300 53
m 30 9 1 300 53
m 30 29 1 300 53
m 30 62 1 300 53
m 30 79 1 300 53
m 30 192 1 300 53
m 30 229 1 300 53
b 30 2 300 53
b 30 3 300 53
m 30 9 3 6.25 43.5 0.23783988299185152
m 30 62 3 6.25 43.5 0.23783988299185152
b 35 2 232 339
b 36 2 220 116
b 37 0 46 497
b 37 1 46 497
b 37 3 46 497
b 38 2 204 362
b 40 0 23 346
b 40 1 23 346
b 40 3 23 346
b 42 2 470 143
b 44 0 441 67
b 44 1 441 67
b 44 3 441 67
b 45 2 266 122
b 48 0 30 246
m 48 143 0 30 246
m 48 212 0 30 246
b 48 1 30 246
m 48 143 1 30 246
m 48 212 1 30 246
b 48 3 30 246
m 48 143 3 4.25 22.749999999999996 1.0
m 48 212 3 4.25 22.749999999999996 1.0
b 52 2 174 333
b 53 3 66 451
b 54 2 389 81
m 54 8 2 389 81
m 54 21 2 389 81
m 54 44 2 389 81
m 54 74 2 389 81
m 54 86 2 389 81
m 54 129 2 389 81
m 54 150 2 389 81
m 54 191 2 389 81
m 54 214 2 389 81
m 54 232 2 389 81
b 54 3 389 81
m 54 150 3 3.5 17.5 1.0
b 55 2 138 303
b 59 0 225 75
m 59 72 0 225 75
m 59 87 0 225 75
b 59 1 225 75
m 59 72 1 225 75
m 59 87 1 225 75
b 59 3 225 75
m 59 72 3 5.875 40.875 0.5
m 59 87 3 5.875 40.875 0.5
b 60 0 21 287
b 60 1 21 287
b 60 3 21 287
b 65 0 6 474
b 65 1 6 474
b 65 3 6 474
b 66 0 218 87
b 66 1 218 87
b 66 2 218 87
b 66 3 218 87
b 74 0 400 26
b 74 1 400 26
m 74 180 1 400 26
b 74 3 400 26
m 74 180 3 5.375 41.37499999999999 0.5
m 74 29 3 5.375 41.37499999999999 0.5
b 80 2 190 355
b 81 2 458 97
b 81 3 458 97
b 84 0 32 404
b 84 1 32 404
b 84 3 32 404
b 86 0 345 58
b 86 1 345 58
b 86 3 345 58
m 86 192 3 4.0 21.5 1.0
b 90 0 14 274
b 90 1 14 274
b 90 3 14 274
b 100 0 25 385
b 100 1 25 385
b 100 3 25 385
b 103 0 312 70
b 103 1 312 70
b 103 2 312 70
m 103 9 2 312 70
m 103 29 2 312 70
m 103 79 2 312 70
m 103 133 2 312 70
m 103 192 2 312 70
m 103 229 2 312 70
b 103 3 312 70
m 103 229 3 5.75 40.5 1.0
b 104 2 413 79
m 104 108 2 413 79
b 105 2 245 117
b 107 2 273 105
b 108 0 473 76
b 108 1 473 76
b 108 3 473 76
b 111 2 215 120
b 120 3 84 243
b 125 0 31 419
b 125 1 31 419
b 125 3 31 419
b 129 0 425 44
b 129 1 425 44
b 131 2 118 236
m 131 12 2 118 236
m 131 34 2 118 236
m 131 120 2 118 236
m 131 206 2 118 236
m 131 225 2 118 236
m 131 228 2 118 236
b 133 0 277 41
b 133 1 277 41
b 133 3 277 41
b 134 2 177 337
b 135 2 199 329
b 137 0 317 58
b 137 1 317 58
b 137 2 317 58
b 137 3 317 58
b 140 0 286 78
b 140 1 286 78
b 140 2 286 78
m 140 62 2 286 78
b 140 3 286 78
b 142 0 214 62
m 142 155 0 214 62
m 142 224 0 214 62
b 142 1 214 62
m 142 155 1 214 62
m 142 224 1 214 62
b 142 3 214 62
m 142 155 3 5.875 40.875 0.5
m 142 224 3 5.875 40.875 0.5
b 145 2 441 145
b 146 3 58 444
b 147 2 170 294
b 149 2 127 214
m 149 139 2 127 214
b 150 0 373 16
b 150 1 373 16
b 161 0 158 102
m 161 139 0 158 102
b 161 1 158 102
m 161 139 1 158 102
b 161 3 158 102
m 161 139 3 3.571428571428571 17.57142857142857 -1.0
b 162 0 16 474
b 162 1 16 474
b 162 3 16 474
b 167 0 32 445
b 167 1 32 445
b 167 3 32 445
b 171 0 14 344
b 171 1 14 344
b 171 3 14 344
b 183 2 170 356
b 185 2 152 196
b 189 2 191 322
b 191 0 362 61
b 191 1 362 61
b 191 3 362 61
b 193 2 173 296
b 199 0 204 62
m 199 71 0 204 62
b 199 1 204 62
m 199 71 1 204 62
b 199 3 204 62
m 199 71 3 5.75 40.5 1.0
b 201 0 490 86
b 201 1 490 86
b 201 3 490 86
b 213 2 139 280
m 213 73 2 139 280
b 214 0 357 31
b 214 1 357 31
b 214 3 357 31
b 215 2 348 93
b 221 2 276 121
b 222 0 196 100
b 222 1 196 100
b 222 2 196 100
m 222 72 2 196 100
m 222 155 2 196 100
b 222 3 196 100
b 228 0 52 220
b 228 1 52 220
b 228 3 52 220
b 230 2 435 101
m 230 201 2 435 101
b 230 3 435 101
b 232 0 416 67
b 232 1 416 67
b 232 3 416 67
b 237 3 62 444
b 0 2 87 325
b 8 2 397 42
m 8 127 2 397 42
m 8 180 2 397 42
m 8 239 2 397 42
b 9 0 317 10
b 9 1 317 10
b 9 2 317 10
b 9 3 317 10
b 12 2 81 172
m 12 139 2 81 172
b 21 2 455 46
b 24 2 138 347
b 29 0 328 9
b 29 1 328 9
b 29 2 328 9
b 29 3 328 9
b 34 2 94 233
m 34 48 2 94 233
b 41 2 123 335
b 44 2 441 66
b 47 2 112 350
m 47 102 2 112 350
m 47 200 2 112 350
b 59 2 225 75
b 62 0 248 24
b 62 1 248 24
b 62 2 248 24
b 62 3 248 24
b 71 0 156 8
m 71 5 0 156 8
m 71 28 0 156 8
m 71 64 0 156 8
m 71 88 0 156 8
m 71 121 0 156 8
m 71 205 0 156 8
b 71 1 156 8
b 71 3 156 8
m 71 5 3 5.777777777777778 40.0 1.0
m 71 28 3 5.777777777777778 40.0 1.0
m 71 64 3 5.777777777777778 40.0 1.0
m 71 88 3 5.777777777777778 40.0 1.0
m 71 121 3 5.777777777777778 40.0 1.0
m 71 205 3 5.777777777777778 40.0 1.0
b 72 0 180 53
b 72 1 180 53
m 72 64 1 180 53
m 72 88 1 180 53
b 72 2 180 53
m 72 64 2 180 53
m 72 71 2 180 53
m 72 88 2 180 53
m 72 224 2 180 53
b 72 3 180 53
b 73 2 74 307
m 73 20 2 74 307
m 73 40 2 74 307
m 73 60 2 74 307
m 73 90 2 74 307
m 73 171 2 74 307
b 74 2 399 25
b 79 0 343 12
b 79 1 343 12
b 79 2 343 12
b 79 3 343 12
b 86 2 345 59
b 87 0 238 2
b 87 1 238 2
b 87 3 238 2
b 91 2 174 373
b 108 2 474 77
b 112 2 80 330
b 120 2 85 244
b 127 0 406 2
b 127 1 406 2
b 127 3 406 2
b 129 2 426 44
b 129 3 426 44
b 130 2 124 386
m 130 203 2 124 386
b 133 2 278 41
m 133 87 2 278 41
b 142 2 213 63
b 143 0 23 188
b 143 1 23 188
b 143 3 23 188
b 150 2 372 16
b 150 3 372 16
b 152 2 95 378
m 152 84 2 95 378
m 152 100 2 95 378
m 152 237 2 95 378
b 154 2 128 323
b 155 0 145 70
m 155 223 0 145 70
b 155 1 145 70
m 155 5 1 145 70
m 155 223 1 145 70
b 155 2 145 70
b 155 3 145 70
m 155 223 3 5.333333333333333 36.44444444444445 0.020833333333333037
b 157 2 73 361
m 157 125 2 73 361
b 161 2 157 103
b 180 0 370 3
b 180 1 370 3
b 180 3 370 3
b 191 2 363 62
b 192 0 301 3
b 192 1 301 3
b 192 2 301 3
b 192 3 301 3
b 199 2 203 62
b 201 2 489 86
b 206 2 79 236
b 208 2 93 287
b 212 0 25 175
b 212 1 25 175
b 212 3 25 175
b 214 2 358 31
b 224 0 152 23
b 224 1 152 23
m 224 28 1 152 23
m 224 121 1 152 23
m 224 205 1 152 23
b 224 3 152 23
b 225 2 89 280
b 228 2 51 221
m 228 143 2 51 221
m 228 212 2 51 221
b 229 0 291 3
b 229 1 291 3
b 229 2 291 3
b 229 3 291 3
b 232 2 415 67
b 239 0 461 17
b 239 1 461 17
b 239 3 461 17
b 5 0 94 36
m 5 15 0 94 36
m 5 61 0 94 36
m 5 115 0 94 36
m 5 138 0 94 36
m 5 170 0 94 36
m 5 178 0 94 36
m 5 219 0 94 36
m 5 226 0 94 36
b 5 1 94 36
m 5 15 1 94 36
m 5 61 1 94 36
m 5 115 1 94 36
m 5 138 1 94 36
m 5 170 1 94 36
m 5 178 1 94 36
m 5 219 1 94 36
m 5 226 1 94 36
b 5 3 94 36
m 5 15 3 6.0 42.4 1.0
m 5 61 3 6.0 42.4 1.0
m 5 115 3 6.0 42.4 1.0
m 5 138 3 6.0 42.4 1.0
m 5 170 3 6.0 42.4 1.0
m 5 178 3 6.0 42.4 1.0
m 5 219 3 6.0 42.4 1.0
m 5 226 3 6.0 42.4 1.0
b 20 2 32 308
b 28 0 92 16
b 28 1 92 16
b 28 3 92 16
b 40 2 21 347
b 48 2 32 246
b 60 2 22 286
b 64 0 118 22
b 64 1 118 22
b 64 2 118 22
m 64 5 2 118 22
m 64 28 2 118 22
m 64 115 2 118 22
m 64 121 2 118 22
m 64 170 2 118 22
m 64 205 2 118 22
m 64 226 2 118 22
b 64 3 118 22
b 71 2 157 7
b 84 2 32 406
m 84 53 2 32 406
m 84 65 2 32 406
m 84 146 2 32 406
m 84 162 2 32 406
m 84 167 2 32 406
m 84 175 2 32 406
b 87 2 239 1
b 88 0 131 44
b 88 1 131 44
b 88 2 131 44
b 88 3 131 44
b 90 2 13 273
b 100 2 24 387
b 102 2 51 374
b 121 0 84 18
m 121 23 0 84 18
b 121 1 84 18
m 121 23 1 84 18
b 121 3 84 18
m 121 23 3 5.3 36.1 1.0
b 125 2 32 421
b 127 2 405 3
b 143 2 24 188
b 171 2 14 346
b 180 2 371 3
b 200 2 105 408
b 203 2 109 431
m 203 19 2 109 431
m 203 51 2 109 431
m 203 96 2 109 431
m 203 97 2 109 431
m 203 196 2 109 431
m 203 227 2 109 431
m 203 234 2 109 431
b 205 0 91 14
b 205 1 91 14
b 205 3 91 14
b 212 2 25 176
b 223 0 102 118
m 223 139 0 102 118
b 223 1 102 118
m 223 139 1 102 118
b 223 3 102 118
m 223 139 3 5.333333333333333 36.44444444444445 -1.0
b 224 2 153 22
b 237 2 63 443
b 239 2 462 17
b 5 2 94 37
m 5 15 2 94 37
m 5 61 2 94 37
m 5 138 2 94 37
m 5 219 2 94 37
b 15 0 69 99
m 15 139 0 69 99
b 15 1 69 99
m 15 139 1 69 99
b 15 3 69 99
m 15 139 3 6.0 42.4 -1.0
b 19 2 139 494
m 19 77 2 139 494
m 19 190 2 139 494
b 23 0 13 20
b 23 1 13 20
b 23 3 13 20
b 28 2 91 16
b 51 2 151 481
b 53 2 66 454
m 53 37 2 66 454
b 61 0 29 30
b 61 1 29 30
b 61 3 29 30
b 65 2 8 472
b 96 2 160 476
b 97 2 129 488
b 115 0 72 17
b 115 1 72 17
b 115 2 72 17
m 115 23 2 72 17
m 115 178 2 72 17
b 115 3 72 17
b 121 2 84 19
b 138 0 67 89
m 138 43 0 67 89
b 138 1 67 89
m 138 43 1 67 89
b 138 3 67 89
m 138 43 3 5.545454545454545 38.63636363636364 1.0
b 146 2 59 447
b 162 2 13 474
b 167 2 34 447
b 170 0 67 29
b 170 1 67 29
b 170 2 67 29
b 170 3 67 29
b 175 2 73 465
b 178 0 19 45
b 178 1 19 45
b 178 3 19 45
b 196 2 167 460
b 205 2 91 13
b 219 0 63 104
m 219 139 0 63 104
b 219 1 63 104
m 219 139 1 63 104
b 219 3 63 104
m 219 139 3 6.0 42.4 -1.0
b 226 0 70 78
b 226 1 70 78
b 226 2 70 78
m 226 43 2 70 78
m 226 223 2 70 78
b 226 3 70 78
b 227 2 167 462
b 234 2 164 479
b 15 2 70 98
m 15 139 2 70 98
b 23 2 13 19
b 37 2 48 497
b 43 0 87 137
m 43 139 0 87 137
b 43 1 87 137
m 43 139 1 87 137
b 43 2 87 137
m 43 139 2 87 137
b 43 3 87 137
m 43 139 3 5.545454545454545 38.63636363636364 -1.0
b 61 2 30 31
b 77 2 176 483
b 138 2 68 89
b 178 2 18 46
b 190 2 194 457
b 219 2 62 104
m 219 139 2 62 104
b 223 2 104 117
m 223 139 2 104 117
