Key: 
t: node change direction (node id, x, y, new direction)
s: node start location (node id, x, y, start direction, buffer)
m: message transfer (sender id, target id, messageType, sender x, sender y
b: broadcast (node id, message type, x, y)
64 426 256 418
s 0 232 152 157 0
s 1 62 169 67 0
s 2 492 467 70 0
s 3 489 340 153 0
s 4 325 211 284 0
s 5 146 414 230 0
s 6 225 146 15 0
s 7 486 89 204 0
s 8 453 481 247 0
s 9 496 240 57 0
s 10 235 160 188 0
s 11 46 113 39 0
s 12 457 335 58 0
s 13 39 363 141 0
s 14 185 221 84 0
s 15 168 492 327 0
s 16 165 202 132 0
s 17 72 115 262 0
s 18 289 160 156 0
s 19 367 440 324 0
s 20 256 418 45 0
s 21 12 48 71 0
s 22 288 359 338 0
s 23 489 269 32 0
s 24 301 375 0 0
s 25 26 156 136 0
s 26 189 85 164 0
s 27 472 229 255 0
s 28 64 426 329 0
s 29 235 453 258 0
s 30 478 167 253 0
s 31 351 196 72 0
s 32 221 380 278 0
s 33 314 343 320 0
s 34 137 42 95 0
s 35 120 165 217 0
s 36 38 434 89 0
s 37 419 148 22 0
s 38 494 253 40 0
s 39 5 2 245 0
s 40 111 46 203 0
s 41 245 316 125 0
s 42 42 294 103 0
s 43 179 355 113 0
s 44 107 410 161 0
s 45 294 228 355 0
s 46 498 459 15 0
s 47 140 101 169 0
s 48 472 111 322 0
s 49 66 160 301 0
s 50 488 410 73 0
s 51 167 129 357 0
s 52 406 430 77 0
s 53 372 326 304 0
s 54 324 121 117 0
s 55 168 164 25 0
s 56 363 350 333 0
s 57 302 7 154 0
s 58 428 160 48 0
s 59 158 280 183 0
s 60 158 477 160 0
s 61 105 129 133 0
s 62 497 428 6 0
s 63 215 104 93 0
s 64 199 359 218 0
s 65 292 215 306 0
s 66 85 498 312 0
s 67 404 101 316 0
s 68 117 93 61 0
s 69 191 425 248 0
s 70 272 49 309 0
s 71 490 187 126 0
s 72 22 62 146 0
s 73 488 463 101 0
s 74 115 169 291 0
s 75 138 265 278 0
s 76 299 304 96 0
s 77 402 369 283 0
s 78 98 357 254 0
s 79 301 83 346 0
s 80 288 174 291 0
s 81 183 253 75 0
s 82 236 33 223 0
s 83 155 164 274 0
s 84 368 328 52 0
s 85 430 247 107 0
s 86 2 174 76 0
s 87 119 310 337 0
s 88 339 455 86 0
s 89 9 424 250 0
s 90 161 367 229 0
s 91 376 485 162 0
s 92 148 245 197 0
s 93 378 173 313 0
s 94 52 100 291 0
s 95 236 158 235 0
s 96 361 230 288 0
s 97 105 411 283 0
s 98 274 17 106 0
s 99 251 396 91 0
s 100 379 382 215 0
s 101 135 252 100 0
s 102 140 107 118 0
s 103 150 277 350 0
s 104 244 246 100 0
s 105 45 107 76 0
s 106 130 398 128 0
s 107 452 373 79 0
s 108 437 334 308 0
s 109 21 383 268 0
s 110 498 227 33 0
s 111 471 271 147 0
s 112 382 116 94 0
s 113 196 306 238 0
s 114 479 460 173 0
s 115 466 296 147 0
s 116 393 150 25 0
s 117 189 499 7 0
s 118 443 238 80 0
s 119 248 237 177 0
s 120 102 159 233 0
s 121 322 343 127 0
s 122 141 377 122 0
s 123 293 80 41 0
s 124 373 332 345 0
s 125 410 161 23 0
s 126 491 445 149 0
s 127 244 336 168 0
s 128 491 119 161 0
s 129 364 158 128 0
s 130 184 327 28 0
s 131 84 231 142 0
s 132 343 423 168 0
s 133 496 52 185 0
s 134 117 206 284 0
s 135 322 86 118 0
s 136 67 361 129 0
s 137 470 136 128 0
s 138 480 356 310 0
s 139 208 338 123 0
s 140 44 101 296 0
s 141 223 43 262 0
s 142 30 43 114 0
s 143 200 214 308 0
s 144 319 242 44 0
s 145 437 217 126 0
s 146 338 459 259 0
s 147 322 141 48 0
s 148 433 300 333 0
s 149 255 119 350 0
s 150 2 258 224 0
s 151 13 9 177 0
s 152 294 16 343 0
s 153 402 378 298 0
s 154 44 122 96 0
s 155 157 443 83 0
s 156 116 12 180 0
s 157 206 100 262 0
s 158 355 113 228 0
s 159 176 258 36 0
s 160 31 229 236 0
s 161 204 215 292 0
s 162 259 191 191 0
s 163 386 247 220 0
s 164 383 51 303 0
s 165 64 175 72 0
s 166 408 272 343 0
s 167 229 468 29 0
s 168 247 204 48 0
s 169 468 489 242 0
s 170 349 85 100 0
s 171 12 135 307 0
s 172 67 181 42 0
s 173 365 455 179 0
s 174 246 298 183 0
s 175 430 186 164 0
s 176 343 326 149 0
s 177 122 118 269 0
s 178 343 445 163 0
s 179 388 29 48 0
s 180 98 145 192 0
s 181 120 304 125 0
s 182 328 163 277 0
s 183 497 391 264 0
s 184 369 468 319 0
s 185 134 217 251 0
s 186 364 7 318 0
s 187 73 100 249 0
s 188 219 241 237 0
s 189 103 397 303 0
s 190 90 309 31 0
s 191 46 15 208 0
s 192 275 38 162 0
s 193 411 423 237 0
s 194 457 30 26 0
s 195 380 204 22 0
s 196 493 223 45 0
s 197 255 28 9 0
s 198 282 457 319 0
s 199 360 302 12 0
s 200 348 219 41 0
s 201 437 360 98 0
s 202 417 315 91 0
s 203 65 369 167 0
s 204 306 440 131 0
s 205 87 354 321 0
s 206 449 479 320 0
s 207 275 331 132 0
s 208 380 134 312 0
s 209 303 234 273 0
s 210 295 408 314 0
s 211 265 469 163 0
s 212 245 240 242 0
s 213 58 360 111 0
s 214 56 253 135 0
s 215 94 153 295 0
s 216 248 270 18 0
s 217 471 147 273 0
s 218 425 254 253 0
s 219 391 343 66 0
s 220 330 281 278 0
s 221 72 467 338 0
s 222 397 81 263 0
s 223 50 119 188 0
s 224 194 137 243 0
s 225 191 390 12 0
s 226 417 169 191 0
s 227 323 256 196 0
s 228 195 51 42 0
s 229 334 334 331 0
s 230 65 339 171 0
s 231 470 101 163 0
s 232 225 234 29 0
s 233 135 41 303 0
s 234 190 125 210 0
s 235 372 209 46 0
s 236 468 477 10 0
s 237 432 15 280 0
s 238 354 178 238 0
s 239 438 425 132 0
b 28 0 85 414
m 28 36 0 85 414
m 28 44 0 85 414
m 28 66 0 85 414
m 28 89 0 85 414
m 28 106 0 85 414
m 28 189 0 85 414
m 28 221 0 85 414
b 28 1 85 414
m 28 36 1 85 414
m 28 44 1 85 414
m 28 66 1 85 414
m 28 89 1 85 414
m 28 106 1 85 414
m 28 189 1 85 414
m 28 221 1 85 414
b 28 2 85 414
m 28 36 2 85 414
m 28 44 2 85 414
m 28 66 2 85 414
m 28 89 2 85 414
m 28 106 2 85 414
m 28 189 2 85 414
m 28 221 2 85 414
b 28 3 85 414
m 28 36 3 13.0 169.0 1.0
m 28 44 3 13.0 169.0 1.0
m 28 66 3 13.0 169.0 1.0
m 28 89 3 13.0 169.0 1.0
m 28 106 3 13.0 169.0 1.0
m 28 189 3 13.0 169.0 1.0
m 28 221 3 13.0 169.0 1.0
b 36 0 39 483
b 36 1 39 483
b 36 2 39 483
b 36 3 39 483
b 44 0 60 426
m 44 5 0 60 426
m 44 13 0 60 426
m 44 97 0 60 426
m 44 122 0 60 426
m 44 136 0 60 426
m 44 203 0 60 426
m 44 213 0 60 426
b 44 1 60 426
m 44 5 1 60 426
m 44 13 1 60 426
m 44 97 1 60 426
m 44 122 1 60 426
m 44 136 1 60 426
m 44 203 1 60 426
m 44 213 1 60 426
b 44 2 60 426
m 44 5 2 60 426
m 44 13 2 60 426
m 44 97 2 60 426
m 44 122 2 60 426
m 44 136 2 60 426
m 44 203 2 60 426
m 44 213 2 60 426
b 44 3 60 426
m 44 97 3 11.0 129.0 0.3398268398268398
m 44 136 3 11.0 129.0 0.3398268398268398
m 44 13 3 11.0 129.0 0.3398268398268398
b 66 0 118 461
m 66 60 0 118 461
b 66 1 118 461
m 66 60 1 118 461
b 66 2 118 461
m 66 60 2 118 461
b 66 3 118 461
b 89 0 15 420
m 89 13 0 15 420
m 89 109 0 15 420
m 89 136 0 15 420
m 89 203 0 15 420
m 89 213 0 15 420
m 89 230 0 15 420
b 89 1 15 420
m 89 13 1 15 420
m 89 109 1 15 420
m 89 136 1 15 420
m 89 203 1 15 420
m 89 213 1 15 420
m 89 230 1 15 420
b 89 2 15 420
b 89 3 15 420
m 89 230 3 10.666666666666666 124.66666666666667 0.07031250000000022
b 106 0 100 436
m 106 5 0 100 436
m 106 60 0 100 436
m 106 69 0 100 436
m 106 97 0 100 436
m 106 122 0 100 436
b 106 1 100 436
m 106 5 1 100 436
m 106 60 1 100 436
m 106 69 1 100 436
m 106 97 1 100 436
m 106 122 1 100 436
b 106 2 100 436
m 106 5 2 100 436
m 106 60 2 100 436
m 106 69 2 100 436
m 106 97 2 100 436
m 106 122 2 100 436
b 106 3 100 436
m 106 97 3 11.666666666666666 139.66666666666669 0.679365079365079
m 106 60 3 11.666666666666666 139.66666666666669 0.679365079365079
m 106 5 3 11.666666666666666 139.66666666666669 0.679365079365079
b 189 0 129 356
m 189 5 0 129 356
m 189 43 0 129 356
m 189 69 0 129 356
m 189 90 0 129 356
m 189 97 0 129 356
m 189 122 0 129 356
m 189 205 0 129 356
b 189 1 129 356
b 189 2 129 356
b 189 3 129 356
m 189 5 3 13.0 169.0 1.0
m 189 43 3 13.0 169.0 1.0
m 189 69 3 13.0 169.0 1.0
m 189 90 3 13.0 169.0 1.0
m 189 97 3 13.0 169.0 1.0
m 189 122 3 13.0 169.0 1.0
m 189 205 3 13.0 169.0 1.0
b 221 0 118 448
m 221 5 0 118 448
m 221 60 0 118 448
m 221 97 0 118 448
m 221 122 0 118 448
b 221 1 118 448
m 221 5 1 118 448
m 221 60 1 118 448
m 221 97 1 118 448
m 221 122 1 118 448
b 221 2 118 448
m 221 5 2 118 448
m 221 60 2 118 448
m 221 97 2 118 448
m 221 122 2 118 448
b 221 3 118 448
m 221 60 3 10.333333333333332 121.0 0.2
m 221 5 3 10.333333333333332 121.0 0.2
b 5 0 99 358
m 5 78 0 99 358
m 5 139 0 99 358
m 5 181 0 99 358
m 5 190 0 99 358
b 5 1 99 358
b 5 2 99 358
m 5 78 2 99 358
m 5 90 2 99 358
m 5 139 2 99 358
m 5 181 2 99 358
m 5 190 2 99 358
m 5 205 2 99 358
b 5 3 99 358
m 5 78 3 10.0 111.00000000000001 0.2330009920634921
m 5 181 3 10.0 111.00000000000001 0.2330009920634921
b 13 0 21 384
m 13 42 0 21 384
b 13 1 21 384
m 13 42 1 21 384
b 13 2 21 384
m 13 42 2 21 384
m 13 230 2 21 384
b 13 3 21 384
b 43 0 151 422
m 43 29 0 151 422
m 43 139 0 151 422
b 43 3 151 422
m 43 29 3 11.5 139.0 0.2841614906832297
b 60 0 90 495
m 60 117 0 90 495
b 60 1 90 495
m 60 117 1 90 495
b 60 2 90 495
b 60 3 90 495
m 60 117 3 9.25 105.75000000000001 0.5
b 69 0 164 358
m 69 127 0 164 358
m 69 130 0 164 358
m 69 139 0 164 358
m 69 190 0 164 358
b 69 1 164 358
m 69 43 1 164 358
m 69 90 1 164 358
m 69 127 1 164 358
m 69 130 1 164 358
m 69 139 1 164 358
m 69 190 1 164 358
m 69 205 1 164 358
b 69 2 164 358
b 69 3 164 358
m 69 127 3 12.25 151.75 0.7663265306122449
m 69 130 3 12.25 151.75 0.7663265306122449
m 69 139 3 12.25 151.75 0.7663265306122449
b 90 0 113 312
m 90 59 0 113 312
m 90 64 0 113 312
m 90 78 0 113 312
m 90 101 0 113 312
m 90 139 0 113 312
m 90 181 0 113 312
m 90 190 0 113 312
b 90 3 113 312
m 90 181 3 12.25 151.75 0.7663265306122449
m 90 190 3 12.25 151.75 0.7663265306122449
m 90 64 3 12.25 151.75 0.7663265306122449
m 90 59 3 12.25 151.75 0.7663265306122449
m 90 78 3 12.25 151.75 0.7663265306122449
m 90 139 3 12.25 151.75 0.7663265306122449
b 97 0 121 340
m 97 64 0 121 340
m 97 139 0 121 340
m 97 181 0 121 340
m 97 190 0 121 340
b 97 1 121 340
m 97 43 1 121 340
m 97 64 1 121 340
m 97 90 1 121 340
m 97 139 1 121 340
m 97 181 1 121 340
m 97 190 1 121 340
m 97 205 1 121 340
b 97 2 121 340
b 97 3 121 340
m 97 181 3 9.75 105.75 0.3157539259234174
b 109 0 19 310
m 109 42 0 19 310
m 109 78 0 19 310
m 109 150 0 19 310
m 109 214 0 19 310
b 109 1 19 310
m 109 42 1 19 310
m 109 78 1 19 310
m 109 150 1 19 310
m 109 214 1 19 310
b 122 0 102 439
b 122 1 102 439
b 122 2 102 439
b 122 3 102 439
b 136 0 22 418
m 136 42 0 22 418
b 136 1 22 418
m 136 42 1 22 418
b 136 2 22 418
b 136 3 22 418
m 136 203 3 9.25 100.75 0.13126842999724356
b 203 0 4 379
m 203 42 0 4 379
b 203 1 4 379
m 203 42 1 4 379
b 203 2 4 379
b 205 0 144 308
m 205 59 0 144 308
m 205 64 0 144 308
m 205 87 0 144 308
m 205 101 0 144 308
m 205 127 0 144 308
m 205 181 0 144 308
m 205 190 0 144 308
b 205 3 144 308
m 205 64 3 12.25 151.75 0.7663265306122449
m 205 59 3 12.25 151.75 0.7663265306122449
m 205 181 3 12.25 151.75 0.7663265306122449
m 205 87 3 12.25 151.75 0.7663265306122449
m 205 127 3 12.25 151.75 0.7663265306122449
b 213 0 32 428
m 213 42 0 32 428
b 213 1 32 428
b 213 2 32 428
b 230 0 2 357
m 230 42 0 2 357
m 230 150 0 2 357
b 230 1 2 357
m 230 42 1 2 357
m 230 150 1 2 357
b 230 3 2 357
m 230 150 3 9.5 102.5 0.07622056786703625
b 29 0 215 358
m 29 15 0 215 358
m 29 41 0 215 358
m 29 76 0 215 358
m 29 121 0 215 358
m 29 176 0 215 358
m 29 207 0 215 358
m 29 225 0 215 358
b 29 3 215 358
m 29 76 3 11.0 127.4 0.3573782398334826
m 29 121 3 11.0 127.4 0.3573782398334826
m 29 176 3 11.0 127.4 0.3573782398334826
b 42 0 21 388
b 42 1 21 388
b 42 2 21 388
b 43 1 141 444
m 43 41 1 141 444
m 43 155 1 141 444
b 59 0 61 275
m 59 16 0 61 275
m 59 86 0 61 275
m 59 92 0 61 275
m 59 165 0 61 275
b 59 3 61 275
m 59 92 3 11.600000000000001 137.6 0.7204852204137124
m 59 16 3 11.600000000000001 137.6 0.7204852204137124
m 59 86 3 11.600000000000001 137.6 0.7204852204137124
m 59 101 3 11.600000000000001 137.6 0.7204852204137124
b 64 0 123 300
m 64 14 0 123 300
m 64 16 0 123 300
m 64 174 0 123 300
b 64 1 123 300
m 64 14 1 123 300
m 64 16 1 123 300
m 64 59 1 123 300
m 64 87 1 123 300
m 64 101 1 123 300
m 64 174 1 123 300
b 64 3 123 300
m 64 16 3 11.0 128.6 0.3335979944274878
m 64 14 3 11.0 128.6 0.3335979944274878
m 64 101 3 11.0 128.6 0.3335979944274878
b 78 0 71 264
m 78 86 0 71 264
m 78 92 0 71 264
m 78 131 0 71 264
m 78 165 0 71 264
b 78 1 71 264
m 78 59 1 71 264
m 78 86 1 71 264
m 78 92 1 71 264
m 78 131 1 71 264
m 78 165 1 71 264
b 78 2 71 264
m 78 59 2 71 264
m 78 86 2 71 264
m 78 92 2 71 264
m 78 109 2 71 264
m 78 131 2 71 264
m 78 150 2 71 264
m 78 165 2 71 264
b 78 3 71 264
m 78 131 3 9.8 105.00000000000001 0.34150043249789835
m 78 109 3 9.8 105.00000000000001 0.34150043249789835
b 87 0 209 272
m 87 14 0 209 272
m 87 81 0 209 272
m 87 103 0 209 272
m 87 113 0 209 272
m 87 119 0 209 272
m 87 159 0 209 272
m 87 174 0 209 272
b 87 3 209 272
m 87 81 3 11.600000000000001 137.6 0.7204852204137124
m 87 119 3 11.600000000000001 137.6 0.7204852204137124
m 87 174 3 11.600000000000001 137.6 0.7204852204137124
m 87 159 3 11.600000000000001 137.6 0.7204852204137124
m 87 14 3 11.600000000000001 137.6 0.7204852204137124
b 90 1 97 294
m 90 59 1 97 294
m 90 101 1 97 294
m 90 165 1 97 294
b 90 2 97 294
m 90 59 2 97 294
m 90 64 2 97 294
m 90 101 2 97 294
m 90 150 2 97 294
m 90 165 2 97 294
b 101 0 118 348
m 101 16 0 118 348
m 101 174 0 118 348
b 117 0 109 443
m 117 155 0 109 443
b 117 1 109 443
m 117 155 1 109 443
b 117 3 109 443
m 117 155 3 7.800000000000001 85.4 0.523183207121031
b 127 0 150 356
m 127 14 0 150 356
m 127 32 0 150 356
m 127 41 0 150 356
m 127 81 0 150 356
m 127 174 0 150 356
b 127 1 150 356
m 127 14 1 150 356
m 127 32 1 150 356
m 127 41 1 150 356
m 127 81 1 150 356
m 127 87 1 150 356
m 127 101 1 150 356
m 127 174 1 150 356
b 127 3 150 356
m 127 174 3 11.4 134.20000000000002 0.6265465090016388
m 127 41 3 11.4 134.20000000000002 0.6265465090016388
m 127 14 3 11.4 134.20000000000002 0.6265465090016388
m 127 81 3 11.4 134.20000000000002 0.6265465090016388
m 127 32 3 11.4 134.20000000000002 0.6265465090016388
b 130 0 270 373
m 130 32 0 270 373
m 130 41 0 270 373
m 130 76 0 270 373
m 130 81 0 270 373
m 130 104 0 270 373
m 130 176 0 270 373
m 130 207 0 270 373
m 130 225 0 270 373
b 130 1 270 373
m 130 29 1 270 373
m 130 32 1 270 373
m 130 41 1 270 373
m 130 76 1 270 373
m 130 81 1 270 373
m 130 104 1 270 373
m 130 176 1 270 373
m 130 207 1 270 373
m 130 225 1 270 373
b 130 3 270 373
m 130 41 3 12.0 145.6 0.8515571559350361
m 130 81 3 12.0 145.6 0.8515571559350361
m 130 32 3 12.0 145.6 0.8515571559350361
m 130 207 3 12.0 145.6 0.8515571559350361
m 130 104 3 12.0 145.6 0.8515571559350361
m 130 225 3 12.0 145.6 0.8515571559350361
m 130 176 3 12.0 145.6 0.8515571559350361
b 139 0 155 419
b 139 1 155 419
b 139 2 155 419
m 139 43 2 155 419
m 139 127 2 155 419
b 139 3 155 419
b 150 0 81 309
m 150 86 0 81 309
m 150 165 0 81 309
b 150 1 81 309
m 150 59 1 81 309
m 150 86 1 81 309
m 150 165 1 81 309
b 150 3 81 309
b 181 0 64 384
b 181 1 64 384
m 181 101 1 64 384
b 181 2 64 384
b 181 3 64 384
m 181 101 3 8.4 89.60000000000001 0.5
b 190 0 173 359
m 190 14 0 173 359
m 190 41 0 173 359
m 190 81 0 173 359
m 190 174 0 173 359
b 190 1 173 359
b 190 2 173 359
b 190 3 173 359
m 190 101 3 10.8 126.4 0.09206498210594476
b 203 3 18 359
m 203 42 3 8.200000000000001 83.8 0.14019111416338967
b 205 1 163 293
m 205 14 1 163 293
m 205 16 1 163 293
m 205 59 1 163 293
m 205 81 1 163 293
m 205 87 1 163 293
m 205 101 1 163 293
m 205 119 1 163 293
m 205 174 1 163 293
b 205 2 163 293
b 214 0 19 302
m 214 131 0 19 302
b 214 1 19 302
m 214 131 1 19 302
b 230 2 8 380
b 14 0 197 341
b 14 1 197 341
b 14 3 197 341
b 15 0 270 426
m 15 88 0 270 426
m 15 99 0 270 426
m 15 132 0 270 426
m 15 167 0 270 426
m 15 173 0 270 426
m 15 178 0 270 426
m 15 204 0 270 426
b 16 0 84 292
m 16 1 0 84 292
m 16 172 0 84 292
b 16 1 84 292
m 16 1 1 84 292
m 16 172 1 84 292
b 16 3 84 292
m 16 172 3 10.333333333333334 117.33333333333334 0.25
b 29 1 210 335
m 29 159 1 210 335
b 32 0 238 260
m 32 227 0 238 260
b 32 1 238 260
b 32 3 238 260
m 32 103 3 9.833333333333334 112.50000000000003 0.5
m 32 227 3 9.833333333333334 112.50000000000003 0.5
b 41 0 175 415
b 41 1 175 415
b 41 3 175 415
b 42 3 15 412
m 42 213 3 7.000000000000002 70.0 1.0
b 43 2 132 466
m 43 41 2 132 466
m 43 117 2 132 466
m 43 155 2 132 466
m 43 211 2 132 466
b 59 1 37 274
m 59 1 1 37 274
m 59 154 1 37 274
b 59 2 37 274
m 59 1 2 37 274
m 59 16 2 37 274
m 59 154 2 37 274
m 59 214 2 37 274
b 64 2 104 285
m 64 1 2 104 285
m 64 16 2 104 285
m 64 119 2 104 285
m 64 172 2 104 285
m 64 174 2 104 285
b 76 0 286 424
m 76 132 0 286 424
m 76 146 0 286 424
m 76 167 0 286 424
m 76 173 0 286 424
b 76 1 286 424
m 76 15 1 286 424
m 76 121 1 286 424
m 76 132 1 286 424
m 76 146 1 286 424
m 76 167 1 286 424
m 76 173 1 286 424
b 76 3 286 424
m 76 15 3 10.333333333333332 114.33333333333334 0.2777325881132646
b 81 0 215 370
b 81 1 215 370
m 81 159 1 215 370
b 81 3 215 370
b 86 0 32 292
m 86 25 0 32 292
m 86 61 0 32 292
m 86 154 0 32 292
b 86 1 32 292
m 86 25 1 32 292
m 86 61 1 32 292
m 86 154 1 32 292
b 86 2 32 292
b 86 3 32 292
m 86 61 3 10.500000000000002 118.83333333333334 0.20912042678674644
m 86 165 3 10.500000000000002 118.83333333333334 0.20912042678674644
b 87 1 231 263
m 87 103 1 231 263
m 87 159 1 231 263
m 87 172 1 231 263
m 87 227 1 231 263
b 92 0 33 210
m 92 1 0 33 210
m 92 25 0 33 210
m 92 61 0 33 210
m 92 105 0 33 210
m 92 154 0 33 210
b 92 1 33 210
m 92 1 1 33 210
m 92 25 1 33 210
m 92 61 1 33 210
m 92 105 1 33 210
m 92 154 1 33 210
b 92 2 33 210
b 92 3 33 210
m 92 61 3 11.166666666666668 128.16666666666669 0.7459864030552212
m 92 165 3 11.166666666666668 128.16666666666669 0.7459864030552212
m 92 25 3 11.166666666666668 128.16666666666669 0.7459864030552212
m 92 105 3 11.166666666666668 128.16666666666669 0.7459864030552212
m 92 1 3 11.166666666666668 128.16666666666669 0.7459864030552212
b 101 1 114 371
b 101 2 114 371
m 101 174 2 114 371
b 101 3 114 371
b 103 0 269 256
m 103 54 0 269 256
m 103 55 0 269 256
m 103 63 0 269 256
m 103 129 0 269 256
m 103 168 0 269 256
m 103 227 0 269 256
m 103 232 0 269 256
b 104 0 223 365
m 104 100 0 223 365
b 104 1 223 365
b 104 3 223 365
m 104 100 3 10.166666666666666 121.5 1.0
b 109 2 17 262
m 109 25 2 17 262
m 109 154 2 17 262
m 109 214 2 17 262
b 109 3 17 262
m 109 25 3 8.666666666666666 89.00000000000001 0.3333333333333333
b 113 0 132 203
m 113 0 0 132 203
m 113 11 0 132 203
m 113 18 0 132 203
m 113 63 0 132 203
m 113 68 0 132 203
m 113 75 0 132 203
m 113 102 0 132 203
m 113 162 0 132 203
m 113 172 0 132 203
m 113 188 0 132 203
b 119 0 127 244
m 119 0 0 127 244
m 119 11 0 127 244
m 119 75 0 127 244
m 119 172 0 127 244
b 119 1 127 244
m 119 0 1 127 244
m 119 11 1 127 244
m 119 75 1 127 244
m 119 113 1 127 244
m 119 172 1 127 244
b 119 3 127 244
m 119 11 3 11.666666666666668 138.66666666666669 0.899430223116465
m 119 0 3 11.666666666666668 138.66666666666669 0.899430223116465
m 119 113 3 11.666666666666668 138.66666666666669 0.899430223116465
m 119 75 3 11.666666666666668 138.66666666666669 0.899430223116465
m 119 172 3 11.666666666666668 138.66666666666669 0.899430223116465
b 121 0 249 440
m 121 88 0 249 440
m 121 99 0 249 440
m 121 132 0 249 440
m 121 167 0 249 440
m 121 173 0 249 440
m 121 178 0 249 440
b 121 3 249 440
m 121 88 3 10.333333333333332 114.33333333333334 0.2777325881132646
m 121 132 3 10.333333333333332 114.33333333333334 0.2777325881132646
b 127 2 126 361
m 127 14 2 126 361
m 127 174 2 126 361
b 131 0 13 306
m 131 25 0 13 306
b 131 1 13 306
m 131 25 1 13 306
b 131 2 13 306
m 131 25 2 13 306
m 131 214 2 13 306
b 131 3 13 306
m 131 214 3 8.5 88.16666666666669 0.5
m 131 25 3 8.5 88.16666666666669 0.5
b 150 2 101 322
b 155 0 118 452
m 155 211 0 118 452
b 155 1 118 452
m 155 211 1 118 452
b 155 3 118 452
m 155 211 3 6.666666666666667 71.33333333333334 0.026159160356051453
b 159 0 274 330
m 159 100 0 274 330
m 159 168 0 274 330
m 159 232 0 274 330
b 159 3 274 330
m 159 100 3 10.333333333333334 117.33333333333334 0.25
m 159 103 3 10.333333333333334 117.33333333333334 0.25
b 165 0 101 290
m 165 1 0 101 290
m 165 105 0 101 290
b 165 1 101 290
m 165 1 1 101 290
m 165 105 1 101 290
b 165 2 101 290
m 165 1 2 101 290
m 165 16 2 101 290
m 165 105 2 101 290
b 174 0 125 291
b 174 1 125 291
b 174 3 125 291
b 176 0 239 388
m 176 100 0 239 388
m 176 132 0 239 388
b 176 1 239 388
m 176 100 1 239 388
m 176 132 1 239 388
m 176 159 1 239 388
b 176 3 239 388
b 207 0 194 421
m 207 132 0 194 421
b 207 1 194 421
b 207 3 194 421
m 207 132 3 10.333333333333334 122.0 0.5
m 207 15 3 10.333333333333334 122.0 0.5
b 225 0 309 415
m 225 91 0 309 415
m 225 132 0 309 415
m 225 146 0 309 415
m 225 198 0 309 415
b 225 1 309 415
m 225 15 1 309 415
m 225 91 1 309 415
m 225 121 1 309 415
m 225 132 1 309 415
m 225 146 1 309 415
m 225 198 1 309 415
b 225 3 309 415
m 225 132 3 11.5 134.83333333333331 0.7005288669177749
m 225 146 3 11.5 134.83333333333331 0.7005288669177749
m 225 198 3 11.5 134.83333333333331 0.7005288669177749
b 0 0 98 209
m 0 10 0 98 209
m 0 34 0 98 209
b 0 1 98 209
m 0 10 1 98 209
m 0 18 1 98 209
m 0 34 1 98 209
m 0 68 1 98 209
m 0 102 1 98 209
m 0 162 1 98 209
b 0 3 98 209
m 0 10 3 11.0 125.85714285714288 0.31989143225269084
m 0 34 3 11.0 125.85714285714288 0.31989143225269084
b 1 0 119 302
b 1 1 119 302
m 1 102 1 119 302
b 1 2 119 302
m 1 102 2 119 302
b 1 3 119 302
m 1 102 3 9.714285714285714 110.00000000000001 1.0
b 11 0 159 205
m 11 34 0 159 205
b 11 1 159 205
m 11 18 1 159 205
m 11 34 1 159 205
m 11 68 1 159 205
m 11 102 1 159 205
m 11 162 1 159 205
b 11 3 159 205
m 11 18 3 11.142857142857142 128.00000000000003 0.499108412726752
m 11 34 3 11.142857142857142 128.00000000000003 0.499108412726752
b 14 2 200 365
m 14 29 2 200 365
m 14 81 2 200 365
m 14 104 2 200 365
m 14 176 2 200 365
b 15 1 290 413
m 15 88 1 290 413
m 15 178 1 290 413
b 15 3 290 413
m 15 178 3 9.428571428571427 100.28571428571429 0.09010933475061769
b 16 2 68 310
b 18 0 157 219
m 18 34 0 157 219
b 25 0 18 289
b 25 1 18 289
b 25 2 18 289
m 25 61 2 18 289
b 25 3 18 289
m 25 154 3 9.714285714285714 110.00000000000001 1.0
b 41 2 162 435
b 54 0 258 251
m 54 135 0 258 251
b 55 0 299 225
m 55 6 0 299 225
m 55 135 0 299 225
m 55 163 0 299 225
m 55 170 0 299 225
m 55 175 0 299 225
m 55 226 0 299 225
b 61 0 7 235
m 61 21 0 7 235
m 61 142 0 7 235
b 61 1 7 235
m 61 21 1 7 235
m 61 102 1 7 235
m 61 142 1 7 235
b 61 3 7 235
m 61 102 3 9.714285714285715 105.42857142857143 0.21853557722352526
m 61 154 3 9.714285714285715 105.42857142857143 0.21853557722352526
b 63 0 207 249
m 63 135 0 207 249
b 68 0 187 220
m 68 34 0 187 220
m 68 212 0 187 220
b 75 0 158 121
m 75 10 0 158 121
m 75 34 0 158 121
m 75 134 0 158 121
m 75 212 0 158 121
b 75 1 158 121
m 75 10 1 158 121
m 75 18 1 158 121
m 75 34 1 158 121
m 75 68 1 158 121
m 75 134 1 158 121
m 75 162 1 158 121
m 75 188 1 158 121
m 75 212 1 158 121
b 75 3 158 121
m 75 134 3 11.428571428571429 133.14285714285717 0.7429152000387179
m 75 10 3 11.428571428571429 133.14285714285717 0.7429152000387179
m 75 162 3 11.428571428571429 133.14285714285717 0.7429152000387179
m 75 68 3 11.428571428571429 133.14285714285717 0.7429152000387179
m 75 188 3 11.428571428571429 133.14285714285717 0.7429152000387179
m 75 18 3 11.428571428571429 133.14285714285717 0.7429152000387179
b 88 0 245 470
b 88 3 245 470
b 91 0 346 396
m 91 3 0 346 396
m 91 50 0 346 396
m 91 52 0 346 396
m 91 114 0 346 396
m 91 115 0 346 396
m 91 202 0 346 396
b 91 1 346 396
m 91 3 1 346 396
m 91 50 1 346 396
m 91 52 1 346 396
m 91 114 1 346 396
m 91 115 1 346 396
m 91 202 1 346 396
b 99 0 208 489
b 100 0 260 298
m 100 193 0 260 298
b 100 1 260 298
m 100 129 1 260 298
m 100 168 1 260 298
m 100 193 1 260 298
m 100 232 1 260 298
b 100 3 260 298
m 100 129 3 9.285714285714285 106.42857142857143 1.0
m 100 168 3 9.285714285714285 106.42857142857143 1.0
m 100 193 3 9.285714285714285 106.42857142857143 1.0
m 100 232 3 9.285714285714285 106.42857142857143 1.0
b 102 0 72 235
m 102 21 0 72 235
m 102 34 0 72 235
b 103 1 293 252
m 103 54 1 293 252
m 103 55 1 293 252
m 103 63 1 293 252
m 103 129 1 293 252
m 103 135 1 293 252
m 103 168 1 293 252
m 103 175 1 293 252
m 103 232 1 293 252
b 103 3 293 252
m 103 168 3 9.571428571428571 105.5714285714286 0.8799185888738127
m 103 135 3 9.571428571428571 105.5714285714286 0.8799185888738127
m 103 55 3 9.571428571428571 105.5714285714286 0.8799185888738127
m 103 54 3 9.571428571428571 105.5714285714286 0.8799185888738127
m 103 129 3 9.571428571428571 105.5714285714286 0.8799185888738127
m 103 63 3 9.571428571428571 105.5714285714286 0.8799185888738127
m 103 175 3 9.571428571428571 105.5714285714286 0.8799185888738127
m 103 232 3 9.571428571428571 105.5714285714286 0.8799185888738127
b 105 0 80 247
m 105 21 0 80 247
b 105 1 80 247
m 105 21 1 80 247
m 105 102 1 80 247
b 105 2 80 247
b 105 3 80 247
m 105 102 3 10.142857142857142 112.14285714285717 0.25
m 105 21 3 10.142857142857142 112.14285714285717 0.25
b 113 1 119 183
m 113 10 1 119 183
m 113 18 1 119 183
m 113 34 1 119 183
m 113 68 1 119 183
m 113 102 1 119 183
m 113 162 1 119 183
m 113 188 1 119 183
b 113 3 119 183
m 113 102 3 11.0 125.85714285714288 0.31989143225269084
m 113 188 3 11.0 125.85714285714288 0.31989143225269084
m 113 18 3 11.0 125.85714285714288 0.31989143225269084
b 117 2 70 415
b 119 2 103 245
m 119 0 2 103 245
m 119 11 2 103 245
b 121 1 234 459
m 121 88 1 234 459
m 121 99 1 234 459
m 121 178 1 234 459
m 121 204 1 234 459
b 129 0 275 273
m 129 175 0 275 273
b 132 0 202 453
b 132 1 202 453
m 132 99 1 202 453
m 132 178 1 202 453
m 132 204 1 202 453
b 132 3 202 453
m 132 173 3 9.57142857142857 101.57142857142857 0.1841240575540024
b 146 0 310 317
m 146 111 0 310 317
m 146 115 0 310 317
m 146 193 0 310 317
b 146 1 310 317
m 146 111 1 310 317
m 146 115 1 310 317
m 146 193 1 310 317
b 146 3 310 317
m 146 111 3 11.0 124.7142857142857 0.6413994603638782
m 146 193 3 11.0 124.7142857142857 0.6413994603638782
b 154 0 29 266
b 154 1 29 266
b 154 2 29 266
m 154 61 2 29 266
b 155 2 101 435
b 159 1 293 344
m 159 168 1 293 344
m 159 193 1 293 344
m 159 232 1 293 344
b 162 0 117 164
m 162 10 0 117 164
m 162 34 0 117 164
m 162 212 0 117 164
b 165 3 109 313
b 167 0 252 422
b 167 1 252 422
m 167 88 1 252 422
m 167 99 1 252 422
m 167 178 1 252 422
m 167 204 1 252 422
b 168 0 344 312
m 168 31 0 344 312
m 168 110 0 344 312
m 168 193 0 344 312
m 168 216 0 344 312
b 172 0 175 278
b 172 1 175 278
m 172 18 1 175 278
m 172 68 1 175 278
b 172 2 175 278
m 172 0 2 175 278
m 172 11 2 175 278
m 172 18 2 175 278
m 172 68 2 175 278
m 172 87 2 175 278
m 172 113 2 175 278
m 172 227 2 175 278
b 172 3 175 278
b 173 0 220 457
b 173 1 220 457
m 173 88 1 220 457
m 173 99 1 220 457
m 173 178 1 220 457
m 173 204 1 220 457
b 174 2 101 290
b 178 0 204 488
b 188 0 140 120
m 188 10 0 140 120
m 188 34 0 140 120
m 188 134 0 140 120
m 188 185 0 140 120
m 188 192 0 140 120
m 188 212 0 140 120
b 198 0 392 362
m 198 3 0 392 362
m 198 8 0 392 362
m 198 22 0 392 362
m 198 24 0 392 362
m 198 31 0 392 362
m 198 46 0 392 362
m 198 50 0 392 362
m 198 62 0 392 362
m 198 85 0 392 362
m 198 111 0 392 362
m 198 115 0 392 362
m 198 144 0 392 362
m 198 145 0 392 362
m 198 169 0 392 362
m 198 193 0 392 362
m 198 210 0 392 362
m 198 216 0 392 362
b 198 1 392 362
b 198 3 392 362
m 198 3 3 12.571428571428573 167.1428571428571 1.0
m 198 8 3 12.571428571428573 167.1428571428571 1.0
m 198 22 3 12.571428571428573 167.1428571428571 1.0
m 198 24 3 12.571428571428573 167.1428571428571 1.0
m 198 31 3 12.571428571428573 167.1428571428571 1.0
m 198 46 3 12.571428571428573 167.1428571428571 1.0
m 198 50 3 12.571428571428573 167.1428571428571 1.0
m 198 62 3 12.571428571428573 167.1428571428571 1.0
m 198 85 3 12.571428571428573 167.1428571428571 1.0
m 198 91 3 12.571428571428573 167.1428571428571 1.0
m 198 111 3 12.571428571428573 167.1428571428571 1.0
m 198 115 3 12.571428571428573 167.1428571428571 1.0
m 198 144 3 12.571428571428573 167.1428571428571 1.0
m 198 145 3 12.571428571428573 167.1428571428571 1.0
m 198 169 3 12.571428571428573 167.1428571428571 1.0
m 198 193 3 12.571428571428573 167.1428571428571 1.0
m 198 210 3 12.571428571428573 167.1428571428571 1.0
m 198 216 3 12.571428571428573 167.1428571428571 1.0
b 204 0 189 483
b 211 0 151 457
b 211 1 151 457
m 211 99 1 151 457
m 211 204 1 151 457
b 211 2 151 457
m 211 99 2 151 457
m 211 204 2 151 457
b 211 3 151 457
m 211 99 3 6.142857142857143 62.42857142857144 0.04408151964098945
b 213 3 6 495
b 214 2 64 284
b 214 3 64 284
m 214 154 3 7.428571428571429 75.71428571428572 0.019230769230769384
b 227 0 184 216
b 227 1 184 216
m 227 18 1 184 216
m 227 54 1 184 216
m 227 63 1 184 216
b 227 3 184 216
m 227 54 3 9.285714285714286 101.5714285714286 0.8413503163503164
m 227 63 3 9.285714285714286 101.5714285714286 0.8413503163503164
m 227 18 3 9.285714285714286 101.5714285714286 0.8413503163503164
b 232 0 352 305
m 232 31 0 352 305
m 232 110 0 352 305
m 232 193 0 352 305
m 232 216 0 352 305
b 0 2 76 218
m 0 21 2 76 218
m 0 34 2 76 218
m 0 162 2 76 218
b 3 0 339 416
m 3 239 0 339 416
b 3 1 339 416
m 3 8 1 339 416
m 3 85 1 339 416
m 3 169 1 339 416
m 3 239 1 339 416
b 3 3 339 416
m 3 239 3 11.250000000000002 146.74999999999997 0.5
b 6 0 388 190
m 6 9 0 388 190
m 6 123 0 388 190
m 6 128 0 388 190
m 6 137 0 388 190
m 6 218 0 388 190
m 6 220 0 388 190
m 6 231 0 388 190
b 8 0 387 325
m 8 12 0 387 325
m 8 71 0 387 325
m 8 73 0 387 325
m 8 200 0 387 325
m 8 236 0 387 325
b 8 3 387 325
m 8 73 3 11.750000000000002 150.74999999999997 0.16666666666666666
m 8 236 3 11.750000000000002 150.74999999999997 0.16666666666666666
b 10 0 68 137
m 10 26 0 68 137
m 10 72 0 68 137
m 10 160 0 68 137
m 10 191 0 68 137
b 10 1 68 137
m 10 26 1 68 137
m 10 72 1 68 137
m 10 160 1 68 137
m 10 185 1 68 137
m 10 191 1 68 137
m 10 192 1 68 137
b 10 3 68 137
m 10 192 3 10.5 116.25000000000001 0.33123086735120044
m 10 160 3 10.5 116.25000000000001 0.33123086735120044
m 10 26 3 10.5 116.25000000000001 0.33123086735120044
b 11 2 178 220
m 11 34 2 178 220
m 11 63 2 178 220
b 18 1 135 229
b 18 2 135 229
b 18 3 135 229
b 21 0 67 208
m 21 26 0 67 208
m 21 223 0 67 208
b 21 1 67 208
m 21 26 1 67 208
m 21 223 1 67 208
b 21 3 67 208
m 21 142 3 9.5 101.25000000000003 0.30792422232050715
b 22 0 445 295
m 22 33 0 445 295
m 22 71 0 445 295
m 22 108 0 445 295
m 22 112 0 445 295
m 22 137 0 445 295
m 22 147 0 445 295
m 22 148 0 445 295
m 22 153 0 445 295
m 22 195 0 445 295
m 22 200 0 445 295
m 22 229 0 445 295
m 22 235 0 445 295
b 22 3 445 295
m 22 71 3 12.875000000000002 174.37499999999997 0.7077604101238866
m 22 108 3 12.875000000000002 174.37499999999997 0.7077604101238866
m 22 137 3 12.875000000000002 174.37499999999997 0.7077604101238866
m 22 147 3 12.875000000000002 174.37499999999997 0.7077604101238866
m 22 153 3 12.875000000000002 174.37499999999997 0.7077604101238866
m 22 195 3 12.875000000000002 174.37499999999997 0.7077604101238866
m 22 112 3 12.875000000000002 174.37499999999997 0.7077604101238866
m 22 200 3 12.875000000000002 174.37499999999997 0.7077604101238866
m 22 148 3 12.875000000000002 174.37499999999997 0.7077604101238866
b 24 0 470 375
m 24 12 0 470 375
m 24 19 0 470 375
m 24 23 0 470 375
m 24 73 0 470 375
m 24 118 0 470 375
m 24 148 0 470 375
m 24 184 0 470 375
m 24 196 0 470 375
m 24 199 0 470 375
m 24 200 0 470 375
m 24 206 0 470 375
m 24 235 0 470 375
m 24 236 0 470 375
b 24 3 470 375
m 24 118 3 12.750000000000002 170.74999999999997 0.632183372424755
m 24 148 3 12.750000000000002 170.74999999999997 0.632183372424755
m 24 23 3 12.750000000000002 170.74999999999997 0.632183372424755
m 24 184 3 12.750000000000002 170.74999999999997 0.632183372424755
m 24 73 3 12.750000000000002 170.74999999999997 0.632183372424755
m 24 235 3 12.750000000000002 170.74999999999997 0.632183372424755
m 24 200 3 12.750000000000002 170.74999999999997 0.632183372424755
m 24 206 3 12.750000000000002 170.74999999999997 0.632183372424755
b 29 2 200 288
m 29 100 2 200 288
b 31 0 403 357
m 31 12 0 403 357
m 31 71 0 403 357
m 31 200 0 403 357
b 31 3 403 357
m 31 12 3 11.750000000000002 150.74999999999997 0.16666666666666666
m 31 110 3 11.750000000000002 150.74999999999997 0.16666666666666666
b 34 0 122 211
b 34 1 122 211
b 34 3 122 211
b 46 0 397 325
m 46 12 0 397 325
m 46 19 0 397 325
m 46 71 0 397 325
m 46 73 0 397 325
m 46 118 0 397 325
m 46 148 0 397 325
m 46 184 0 397 325
m 46 200 0 397 325
m 46 206 0 397 325
m 46 235 0 397 325
m 46 236 0 397 325
b 46 3 397 325
m 46 19 3 12.375000000000002 161.37499999999997 0.30855691853843403
m 46 235 3 12.375000000000002 161.37499999999997 0.30855691853843403
m 46 148 3 12.375000000000002 161.37499999999997 0.30855691853843403
m 46 200 3 12.375000000000002 161.37499999999997 0.30855691853843403
b 50 0 367 430
m 50 12 0 367 430
m 50 73 0 367 430
m 50 239 0 367 430
b 50 1 367 430
b 50 3 367 430
b 52 0 326 478
m 52 20 0 326 478
b 52 1 326 478
m 52 20 1 326 478
b 54 1 247 272
b 54 3 247 272
b 55 1 321 236
m 55 9 1 321 236
m 55 170 1 321 236
b 55 3 321 236
m 55 170 3 8.625 92.87500000000003 0.5
m 55 9 3 8.625 92.87500000000003 0.5
b 61 2 14 249
b 62 0 386 304
m 62 12 0 386 304
m 62 71 0 386 304
m 62 108 0 386 304
m 62 200 0 386 304
m 62 235 0 386 304
b 62 3 386 304
m 62 71 3 12.250000000000002 158.74999999999997 0.1519634840997397
m 62 12 3 12.250000000000002 158.74999999999997 0.1519634840997397
b 63 1 206 273
b 63 3 206 273
b 68 1 199 241
b 68 2 199 241
m 68 34 2 199 241
m 68 63 2 199 241
b 68 3 199 241
b 81 2 227 416
b 85 0 381 408
m 85 12 0 381 408
m 85 73 0 381 408
m 85 206 0 381 408
m 85 236 0 381 408
b 85 3 381 408
m 85 236 3 11.500000000000002 148.24999999999997 0.25
m 85 206 3 11.500000000000002 148.24999999999997 0.25
b 87 2 275 244
m 87 32 2 275 244
m 87 54 2 275 244
m 87 63 2 275 244
m 87 103 2 275 244
m 87 129 2 275 244
m 87 135 2 275 244
m 87 175 2 275 244
b 88 1 222 464
b 91 3 349 372
b 99 1 184 484
b 99 2 184 484
m 99 88 2 184 484
m 99 121 2 184 484
m 99 132 2 184 484
m 99 173 2 184 484
m 99 178 2 184 484
m 99 207 2 184 484
b 99 3 184 484
m 99 204 3 5.5 54.75000000000001 1.0
b 102 1 60 256
m 102 223 1 60 256
b 102 2 60 256
m 102 21 2 60 256
m 102 34 2 60 256
m 102 142 2 60 256
m 102 223 2 60 256
b 102 3 60 256
m 102 142 3 8.75 96.75000000000001 1.0
m 102 223 3 8.75 96.75000000000001 1.0
b 104 2 214 412
b 110 0 341 287
m 110 71 0 341 287
m 110 112 0 341 287
m 110 137 0 341 287
b 111 0 329 363
b 111 1 329 363
m 111 8 1 329 363
m 111 31 1 329 363
m 111 62 1 329 363
m 111 110 1 329 363
m 111 145 1 329 363
m 111 169 1 329 363
b 111 3 329 363
m 111 110 3 9.875 109.62499999999999 0.5
b 113 2 106 162
b 114 0 311 480
b 114 1 311 480
b 115 0 325 388
b 115 1 325 388
m 115 8 1 325 388
m 115 31 1 325 388
m 115 145 1 325 388
m 115 169 1 325 388
b 115 3 325 388
b 129 1 260 292
b 129 3 260 292
b 134 0 157 42
m 134 39 0 157 42
m 134 49 0 157 42
m 134 57 0 157 42
m 134 72 0 157 42
m 134 74 0 157 42
m 134 82 0 157 42
m 134 95 0 157 42
m 134 141 0 157 42
m 134 215 0 157 42
b 134 1 157 42
m 134 39 1 157 42
m 134 49 1 157 42
m 134 57 1 157 42
m 134 72 1 157 42
m 134 74 1 157 42
m 134 82 1 157 42
m 134 95 1 157 42
m 134 141 1 157 42
m 134 185 1 157 42
m 134 192 1 157 42
m 134 215 1 157 42
b 134 3 157 42
m 134 39 3 12.5 166.50000000000003 1.0
m 134 49 3 12.5 166.50000000000003 1.0
m 134 57 3 12.5 166.50000000000003 1.0
m 134 72 3 12.5 166.50000000000003 1.0
m 134 74 3 12.5 166.50000000000003 1.0
m 134 82 3 12.5 166.50000000000003 1.0
m 134 95 3 12.5 166.50000000000003 1.0
m 134 141 3 12.5 166.50000000000003 1.0
m 134 185 3 12.5 166.50000000000003 1.0
m 134 192 3 12.5 166.50000000000003 1.0
m 134 212 3 12.5 166.50000000000003 1.0
m 134 215 3 12.5 166.50000000000003 1.0
b 135 0 242 235
m 135 98 0 242 235
b 135 1 242 235
m 135 98 1 242 235
m 135 163 1 242 235
b 135 3 242 235
m 135 98 3 8.75 93.50000000000003 0.3333333333333333
b 142 0 32 201
m 142 180 0 32 201
m 142 223 0 32 201
b 142 1 32 201
m 142 180 1 32 201
m 142 223 1 32 201
b 144 0 441 359
m 144 12 0 441 359
m 144 19 0 441 359
m 144 71 0 441 359
m 144 73 0 441 359
m 144 108 0 441 359
m 144 118 0 441 359
m 144 148 0 441 359
m 144 184 0 441 359
m 144 196 0 441 359
m 144 199 0 441 359
m 144 200 0 441 359
m 144 206 0 441 359
m 144 235 0 441 359
m 144 236 0 441 359
b 144 3 441 359
m 144 118 3 12.750000000000002 170.74999999999997 0.632183372424755
m 144 184 3 12.750000000000002 170.74999999999997 0.632183372424755
m 144 196 3 12.750000000000002 170.74999999999997 0.632183372424755
m 144 19 3 12.750000000000002 170.74999999999997 0.632183372424755
m 144 200 3 12.750000000000002 170.74999999999997 0.632183372424755
m 144 73 3 12.750000000000002 170.74999999999997 0.632183372424755
m 144 148 3 12.750000000000002 170.74999999999997 0.632183372424755
m 144 12 3 12.750000000000002 170.74999999999997 0.632183372424755
m 144 199 3 12.750000000000002 170.74999999999997 0.632183372424755
b 145 0 337 354
m 145 71 0 337 354
b 145 3 337 354
m 145 71 3 11.250000000000002 146.74999999999997 0.5
m 145 110 3 11.250000000000002 146.74999999999997 0.5
b 154 3 26 290
b 162 1 94 159
m 162 160 1 94 159
b 162 3 94 159
m 162 160 3 10.125 116.62500000000003 1.0
b 163 0 257 139
m 163 51 0 257 139
m 163 98 0 257 139
m 163 143 0 257 139
m 163 209 0 257 139
m 163 228 0 257 139
m 163 231 0 257 139
b 168 1 360 330
m 168 31 1 360 330
m 168 110 1 360 330
m 168 112 1 360 330
m 168 137 1 360 330
m 168 145 1 360 330
m 168 216 1 360 330
b 168 3 360 330
m 168 110 3 8.625 95.125 1.0
m 168 112 3 8.625 95.125 1.0
m 168 137 3 8.625 95.125 1.0
b 169 0 389 339
m 169 12 0 389 339
m 169 71 0 389 339
m 169 73 0 389 339
b 169 3 389 339
b 170 0 319 251
m 170 9 0 319 251
m 170 112 0 319 251
m 170 128 0 319 251
m 170 137 0 319 251
b 173 3 196 458
m 173 204 3 8.624999999999998 89.375 0.5
m 173 167 3 8.624999999999998 89.375 0.5
b 175 0 267 233
b 175 1 267 233
b 175 3 267 233
m 175 170 3 8.625 92.87500000000003 0.5
b 176 2 198 413
b 178 1 181 495
b 178 3 181 495
m 178 204 3 8.374999999999998 87.875 1.0
b 185 0 79 57
m 185 39 0 79 57
m 185 49 0 79 57
m 185 72 0 79 57
m 185 94 0 79 57
m 185 151 0 79 57
m 185 160 0 79 57
m 185 171 0 79 57
m 185 177 0 79 57
m 185 191 0 79 57
m 185 234 0 79 57
b 188 1 127 99
m 188 39 1 127 99
m 188 57 1 127 99
m 188 72 1 127 99
m 188 141 1 127 99
m 188 160 1 127 99
m 188 185 1 127 99
m 188 192 1 127 99
b 188 3 127 99
m 188 57 3 11.125 126.62500000000003 0.6811394974665265
m 188 39 3 11.125 126.62500000000003 0.6811394974665265
m 188 72 3 11.125 126.62500000000003 0.6811394974665265
m 188 141 3 11.125 126.62500000000003 0.6811394974665265
m 188 160 3 11.125 126.62500000000003 0.6811394974665265
m 188 192 3 11.125 126.62500000000003 0.6811394974665265
b 192 0 115 90
m 192 39 0 115 90
m 192 49 0 115 90
m 192 57 0 115 90
m 192 72 0 115 90
m 192 74 0 115 90
m 192 83 0 115 90
m 192 95 0 115 90
m 192 141 0 115 90
m 192 151 0 115 90
m 192 157 0 115 90
m 192 171 0 115 90
m 192 177 0 115 90
m 192 215 0 115 90
b 193 0 319 281
m 193 112 0 319 281
m 193 137 0 319 281
b 193 1 319 281
m 193 110 1 319 281
m 193 112 1 319 281
m 193 137 1 319 281
m 193 170 1 319 281
b 193 3 319 281
m 193 110 3 8.75 96.25 1.0
m 193 112 3 8.75 96.25 1.0
m 193 137 3 8.75 96.25 1.0
m 193 170 3 8.75 96.25 1.0
b 202 0 415 484
m 202 20 0 415 484
b 202 1 415 484
b 204 1 166 478
b 204 2 166 478
m 204 121 2 166 478
m 204 132 2 166 478
m 204 173 2 166 478
m 204 178 2 166 478
m 204 207 2 166 478
b 210 0 413 287
m 210 33 0 413 287
m 210 71 0 413 287
m 210 108 0 413 287
m 210 112 0 413 287
m 210 137 0 413 287
m 210 147 0 413 287
m 210 200 0 413 287
b 210 3 413 287
m 210 33 3 12.000000000000002 154.24999999999997 0.125
m 210 108 3 12.000000000000002 154.24999999999997 0.125
b 212 0 165 91
m 212 57 0 165 91
m 212 72 0 165 91
m 212 82 0 165 91
m 212 141 0 165 91
b 212 1 165 91
m 212 57 1 165 91
m 212 72 1 165 91
m 212 82 1 165 91
m 212 141 1 165 91
m 212 192 1 165 91
b 216 0 409 323
m 216 71 0 409 323
m 216 112 0 409 323
m 216 137 0 409 323
m 216 147 0 409 323
m 216 200 0 409 323
b 216 3 409 323
m 216 71 3 11.750000000000002 150.74999999999997 0.16666666666666666
m 216 110 3 11.750000000000002 150.74999999999997 0.16666666666666666
b 226 0 251 137
m 226 98 0 251 137
m 226 152 0 251 137
m 226 161 0 251 137
m 226 209 0 251 137
m 226 228 0 251 137
b 227 2 161 210
b 232 1 373 316
m 232 31 1 373 316
m 232 110 1 373 316
m 232 112 1 373 316
m 232 137 1 373 316
m 232 145 1 373 316
m 232 216 1 373 316
b 232 3 373 316
m 232 110 3 8.625 95.125 1.0
m 232 112 3 8.625 95.125 1.0
m 232 137 3 8.625 95.125 1.0
b 8 1 378 303
m 8 12 1 378 303
m 8 46 1 378 303
m 8 71 1 378 303
m 8 73 1 378 303
m 8 108 1 378 303
m 8 236 1 378 303
b 9 0 320 183
b 9 1 320 183
m 9 6 1 320 183
m 9 51 1 320 183
m 9 128 1 320 183
m 9 228 1 320 183
m 9 231 1 320 183
b 9 3 320 183
m 9 128 3 8.222222222222223 85.33333333333336 0.8079797898788997
m 9 51 3 8.222222222222223 85.33333333333336 0.8079797898788997
m 9 228 3 8.222222222222223 85.33333333333336 0.8079797898788997
m 9 6 3 8.222222222222223 85.33333333333336 0.8079797898788997
m 9 231 3 8.222222222222223 85.33333333333336 0.8079797898788997
b 12 0 386 378
b 12 3 386 378
b 19 0 469 334
m 19 124 0 469 334
b 19 3 469 334
m 19 124 3 11.111111111111112 143.55555555555554 1.0
b 21 2 74 230
b 23 0 495 457
m 23 2 0 495 457
m 23 84 0 495 457
m 23 107 0 495 457
m 23 126 0 495 457
m 23 138 0 495 457
m 23 219 0 495 457
b 23 3 495 457
m 23 2 3 12.000000000000002 155.77777777777774 0.16666666666666666
m 23 107 3 12.000000000000002 155.77777777777774 0.16666666666666666
b 26 0 4 138
m 26 47 0 4 138
b 26 1 4 138
m 26 47 1 4 138
b 26 3 4 138
m 26 47 3 9.88888888888889 106.11111111111111 0.21444354599634177
b 31 1 410 379
m 31 12 1 410 379
m 31 46 1 410 379
m 31 71 1 410 379
m 31 73 1 410 379
m 31 108 1 410 379
m 31 206 1 410 379
m 31 236 1 410 379
b 32 2 248 188
m 32 98 2 248 188
b 33 0 461 219
m 33 45 0 461 219
m 33 53 0 461 219
m 33 56 0 461 219
m 33 58 0 461 219
m 33 77 0 461 219
m 33 116 0 461 219
m 33 125 0 461 219
m 33 166 0 461 219
m 33 183 0 461 219
b 33 3 461 219
m 33 56 3 12.000000000000002 153.1111111111111 0.16733385406496126
m 33 125 3 12.000000000000002 153.1111111111111 0.16733385406496126
b 34 2 120 234
b 39 0 176 64
m 39 140 0 176 64
m 39 224 0 176 64
b 39 1 176 64
m 39 83 1 176 64
m 39 140 1 176 64
m 39 151 1 176 64
m 39 157 1 176 64
m 39 171 1 176 64
m 39 224 1 176 64
b 39 3 176 64
m 39 171 3 12.222222222222221 159.11111111111114 0.04899645808736697
b 49 0 155 2
m 49 140 0 155 2
m 49 224 0 155 2
b 49 1 155 2
b 49 3 155 2
m 49 224 3 12.0 155.11111111111114 0.125
m 49 171 3 12.0 155.11111111111114 0.125
b 51 0 360 119
m 51 65 0 360 119
m 51 164 0 360 119
m 51 222 0 360 119
m 51 237 0 360 119
b 54 2 237 293
b 57 0 129 92
m 57 17 0 129 92
b 57 1 129 92
m 57 17 1 129 92
m 57 94 1 129 92
m 57 151 1 129 92
m 57 157 1 129 92
m 57 177 1 129 92
b 57 3 129 92
m 57 157 3 11.666666666666666 150.7777777777778 0.2
m 57 94 3 11.666666666666666 150.7777777777778 0.2
b 62 1 370 286
m 62 46 1 370 286
m 62 71 1 370 286
m 62 108 1 370 286
m 62 210 1 370 286
b 63 2 205 297
b 71 0 377 343
b 71 3 377 343
b 72 0 167 89
b 72 1 167 89
b 72 3 167 89
m 72 151 3 11.555555555555555 149.7777777777778 0.25
m 72 94 3 11.555555555555555 149.7777777777778 0.25
b 73 0 396 368
b 73 3 396 368
b 74 0 184 12
m 74 140 0 184 12
m 74 158 0 184 12
m 74 224 0 184 12
b 74 1 184 12
b 74 3 184 12
m 74 83 3 12.11111111111111 157.00000000000003 0.1111111111111111
b 82 0 188 146
m 82 70 0 188 146
b 82 1 188 146
m 82 70 1 188 146
m 82 226 1 188 146
b 82 3 188 146
m 82 70 3 11.444444444444445 149.00000000000003 0.3333333333333333
b 83 0 149 23
m 83 17 0 149 23
m 83 140 0 149 23
m 83 158 0 149 23
m 83 224 0 149 23
b 85 1 374 431
m 85 12 1 374 431
m 85 73 1 374 431
m 85 201 1 374 431
b 88 2 199 457
b 94 0 78 86
m 94 17 0 78 86
m 94 35 0 78 86
m 94 40 0 78 86
m 94 156 0 78 86
m 94 187 0 78 86
m 94 224 0 78 86
m 94 233 0 78 86
b 95 0 126 0
m 95 17 0 126 0
m 95 140 0 126 0
m 95 224 0 126 0
b 95 1 126 0
m 95 17 1 126 0
m 95 83 1 126 0
m 95 94 1 126 0
m 95 140 1 126 0
m 95 151 1 126 0
m 95 157 1 126 0
m 95 171 1 126 0
m 95 177 1 126 0
m 95 224 1 126 0
b 95 3 126 0
m 95 17 3 12.11111111111111 157.00000000000003 0.1111111111111111
m 95 94 3 12.11111111111111 157.00000000000003 0.1111111111111111
b 98 0 221 203
b 98 1 221 203
m 98 226 1 221 203
b 98 3 221 203
m 98 226 3 8.0 83.55555555555559 0.17912159947558176
b 100 2 221 271
b 103 2 340 244
m 103 9 2 340 244
m 103 55 2 340 244
m 103 128 2 340 244
m 103 137 2 340 244
m 103 170 2 340 244
m 103 193 2 340 244
b 108 0 432 320
m 108 56 0 432 320
b 108 3 432 320
m 108 56 3 11.888888888888891 156.77777777777774 0.25
b 110 1 319 296
b 110 3 319 296
b 112 0 369 309
b 112 1 369 309
b 112 3 369 309
b 118 0 477 428
m 118 124 0 477 428
m 118 138 0 477 428
b 118 3 477 428
b 121 2 205 497
m 121 76 2 205 497
b 123 0 438 207
m 123 45 0 438 207
m 123 53 0 438 207
m 123 58 0 438 207
m 123 77 0 438 207
m 123 125 0 438 207
m 123 166 0 438 207
b 128 0 309 182
b 129 2 246 311
b 132 2 155 463
b 135 2 231 256
m 135 98 2 231 256
b 137 0 351 288
b 137 1 351 288
b 137 3 351 288
b 141 0 198 150
b 141 1 198 150
m 141 226 1 198 150
b 141 3 198 150
b 142 2 40 223
b 142 3 40 223
b 143 0 319 62
m 143 4 0 319 62
m 143 7 0 319 62
m 143 133 0 319 62
m 143 164 0 319 62
m 143 222 0 319 62
m 143 237 0 319 62
b 145 1 323 373
m 145 46 1 323 373
m 145 71 1 323 373
b 147 0 451 284
m 147 45 0 451 284
m 147 56 0 451 284
m 147 58 0 451 284
m 147 77 0 451 284
m 147 116 0 451 284
m 147 166 0 451 284
b 147 3 451 284
m 147 56 3 12.333333333333336 162.1111111111111 0.1307396515270476
m 147 45 3 12.333333333333336 162.1111111111111 0.1307396515270476
b 148 0 465 381
m 148 124 0 465 381
b 148 3 465 381
m 148 124 3 11.555555555555557 155.1111111111111 1.0
b 151 0 177 44
m 151 17 0 177 44
m 151 140 0 177 44
m 151 224 0 177 44
b 152 0 312 139
m 152 237 0 312 139
b 153 0 493 208
m 153 45 0 493 208
m 153 53 0 493 208
m 153 56 0 493 208
m 153 58 0 493 208
m 153 77 0 493 208
m 153 116 0 493 208
m 153 166 0 493 208
m 153 183 0 493 208
b 153 3 493 208
m 153 45 3 12.555555555555557 166.1111111111111 0.3804219476126178
m 153 166 3 12.555555555555557 166.1111111111111 0.3804219476126178
m 153 58 3 12.555555555555557 166.1111111111111 0.3804219476126178
m 153 116 3 12.555555555555557 166.1111111111111 0.3804219476126178
b 157 0 104 28
m 157 17 0 104 28
m 157 140 0 104 28
m 157 224 0 104 28
b 160 0 115 104
b 160 1 115 104
m 160 94 1 115 104
m 160 177 1 115 104
b 160 3 115 104
m 160 177 3 9.88888888888889 106.11111111111111 0.21444354599634177
b 161 0 276 36
m 161 7 0 276 36
m 161 70 0 276 36
m 161 133 0 276 36
m 161 158 0 276 36
m 161 237 0 276 36
m 161 238 0 276 36
b 162 2 70 155
b 163 1 238 123
m 163 152 1 238 123
m 163 226 1 238 123
m 163 228 1 238 123
m 163 231 1 238 123
m 163 237 1 238 123
b 167 3 234 378
b 169 1 378 318
m 169 12 1 378 318
m 169 46 1 378 318
m 169 71 1 378 318
m 169 73 1 378 318
m 169 108 1 378 318
b 170 1 315 275
b 170 3 315 275
b 171 0 100 21
m 171 17 0 100 21
m 171 40 0 100 21
m 171 140 0 100 21
m 171 224 0 100 21
b 173 2 172 458
b 175 2 244 239
b 177 0 104 74
m 177 17 0 104 74
m 177 224 0 104 74
b 178 2 168 487
b 180 0 92 105
m 180 35 0 92 105
m 180 47 0 92 105
m 180 187 0 92 105
b 180 1 92 105
b 184 0 493 374
m 184 124 0 493 374
b 184 3 493 374
m 184 124 3 11.444444444444446 151.88888888888886 1.0
b 185 1 71 34
b 185 3 71 34
m 185 40 3 12.555555555555555 166.7777777777778 0.46613563427722715
m 185 17 3 12.555555555555555 166.7777777777778 0.46613563427722715
m 185 94 3 12.555555555555555 166.7777777777778 0.46613563427722715
m 185 156 3 12.555555555555555 166.7777777777778 0.46613563427722715
m 185 157 3 12.555555555555555 166.7777777777778 0.46613563427722715
b 191 0 60 157
m 191 47 0 60 157
b 191 1 60 157
m 191 47 1 60 157
b 192 1 92 98
m 192 17 1 92 98
m 192 94 1 92 98
m 192 151 1 92 98
m 192 157 1 92 98
m 192 177 1 92 98
b 192 3 92 98
m 192 17 3 10.111111111111112 108.77777777777779 0.3415310088891265
m 192 157 3 10.111111111111112 108.77777777777779 0.3415310088891265
m 192 151 3 10.111111111111112 108.77777777777779 0.3415310088891265
b 195 0 449 293
m 195 56 0 449 293
m 195 124 0 449 293
b 195 3 449 293
b 196 0 485 413
m 196 124 0 485 413
b 196 3 485 413
m 196 124 3 11.555555555555557 152.2222222222222 0.5
b 199 0 460 365
m 199 124 0 460 365
b 199 3 460 365
m 199 124 3 11.444444444444446 151.88888888888886 1.0
b 200 0 494 346
m 200 124 0 494 346
b 200 3 494 346
m 200 124 3 11.666666666666668 155.44444444444443 0.5
b 204 3 142 472
b 206 0 421 335
m 206 124 0 421 335
b 206 3 421 335
m 206 124 3 11.444444444444446 151.88888888888886 1.0
b 207 2 146 475
b 209 0 313 41
m 209 7 0 313 41
m 209 80 0 313 41
m 209 133 0 313 41
m 209 164 0 313 41
m 209 222 0 313 41
m 209 237 0 313 41
m 209 238 0 313 41
b 212 3 154 69
m 212 177 3 11.444444444444445 149.00000000000003 0.3333333333333333
b 215 0 146 14
m 215 140 0 146 14
m 215 158 0 146 14
m 215 224 0 146 14
b 215 1 146 14
b 215 3 146 14
m 215 158 3 12.0 155.11111111111114 0.125
m 215 224 3 12.0 155.11111111111114 0.125
b 216 1 432 330
m 216 22 1 432 330
m 216 46 1 432 330
m 216 71 1 432 330
m 216 73 1 432 330
m 216 108 1 432 330
m 216 144 1 432 330
m 216 147 1 432 330
m 216 148 1 432 330
m 216 195 1 432 330
m 216 200 1 432 330
m 216 206 1 432 330
m 216 210 1 432 330
m 216 236 1 432 330
b 218 0 369 70
m 218 4 0 369 70
m 218 27 0 369 70
m 218 65 0 369 70
m 218 149 0 369 70
m 218 164 0 369 70
m 218 197 0 369 70
m 218 222 0 369 70
b 220 0 357 90
m 220 4 0 357 90
m 220 164 0 357 90
b 223 0 43 249
b 223 1 43 249
b 223 2 43 249
b 223 3 43 249
b 228 0 339 180
b 229 0 498 238
m 229 45 0 498 238
m 229 53 0 498 238
m 229 56 0 498 238
m 229 58 0 498 238
m 229 77 0 498 238
m 229 116 0 498 238
m 229 166 0 498 238
m 229 183 0 498 238
b 231 0 286 157
m 231 237 0 286 157
b 234 0 23 28
m 234 17 0 23 28
m 234 35 0 23 28
m 234 40 0 23 28
m 234 120 0 23 28
m 234 156 0 23 28
m 234 187 0 23 28
m 234 233 0 23 28
b 235 0 489 345
m 235 124 0 489 345
b 235 3 489 345
m 235 124 3 11.555555555555557 152.2222222222222 0.5
b 236 0 436 334
m 236 124 0 436 334
b 236 3 436 334
m 236 124 3 10.555555555555557 134.1111111111111 1.0
b 239 0 434 430
m 239 2 0 434 430
m 239 84 0 434 430
m 239 126 0 434 430
m 239 201 0 434 430
m 239 219 0 434 430
b 239 1 434 430
m 239 2 1 434 430
m 239 12 1 434 430
m 239 73 1 434 430
m 239 84 1 434 430
m 239 118 1 434 430
m 239 126 1 434 430
m 239 201 1 434 430
m 239 219 1 434 430
b 239 3 434 430
m 239 84 3 10.77777777777778 135.88888888888889 0.8623165171268796
m 239 202 3 10.77777777777778 135.88888888888889 0.8623165171268796
m 239 126 3 10.77777777777778 135.88888888888889 0.8623165171268796
m 239 219 3 10.77777777777778 135.88888888888889 0.8623165171268796
m 239 201 3 10.77777777777778 135.88888888888889 0.8623165171268796
m 239 2 3 10.77777777777778 135.88888888888889 0.8623165171268796
b 2 0 394 459
m 2 20 0 394 459
b 2 1 394 459
m 2 20 1 394 459
b 2 3 394 459
m 2 20 3 12.000000000000002 155.77777777777774 -1.0
b 4 0 377 0
m 4 30 0 377 0
m 4 48 0 377 0
m 4 96 0 377 0
m 4 182 0 377 0
m 4 194 0 377 0
b 6 1 434 202
m 6 58 1 434 202
m 6 123 1 434 202
m 6 125 1 434 202
m 6 166 1 434 202
b 6 3 434 202
b 7 0 288 0
m 7 182 0 288 0
b 9 2 297 175
m 9 152 2 297 175
m 9 228 2 297 175
m 9 231 2 297 175
b 12 1 363 373
b 17 0 150 39
b 17 1 150 39
m 17 40 1 150 39
b 17 3 150 39
b 22 1 489 277
m 22 19 1 489 277
m 22 33 1 489 277
m 22 56 1 489 277
m 22 116 1 489 277
m 22 229 1 489 277
b 27 0 416 20
m 27 30 0 416 20
m 27 37 0 416 20
m 27 48 0 416 20
m 27 96 0 416 20
m 27 194 0 416 20
m 27 208 0 416 20
m 27 217 0 416 20
b 35 0 66 93
b 40 0 93 10
b 40 3 93 10
b 45 0 487 209
m 45 179 0 487 209
b 45 3 487 209
m 45 123 3 11.700000000000003 149.49999999999997 0.09241866563600072
b 46 1 368 287
b 47 0 75 134
b 47 1 75 134
b 47 3 75 134
m 47 35 3 9.3 97.1 0.16880726055835854
b 51 1 384 118
b 51 3 384 118
m 51 164 3 8.000000000000002 80.40000000000002 0.9662188673635882
m 51 222 3 8.000000000000002 80.40000000000002 0.9662188673635882
m 51 218 3 8.000000000000002 80.40000000000002 0.9662188673635882
m 51 220 3 8.000000000000002 80.40000000000002 0.9662188673635882
m 51 143 3 8.000000000000002 80.40000000000002 0.9662188673635882
b 53 0 494 146
m 53 179 0 494 146
b 55 2 365 256
m 55 58 2 365 256
m 55 62 2 365 256
m 55 112 2 365 256
b 56 0 482 219
b 56 3 482 219
m 56 77 3 11.200000000000001 139.39999999999998 0.25
m 56 183 3 11.200000000000001 139.39999999999998 0.25
b 58 0 390 213
b 58 3 390 213
b 65 0 420 39
m 65 30 0 420 39
m 65 37 0 420 39
m 65 48 0 420 39
m 65 96 0 420 39
m 65 194 0 420 39
m 65 217 0 420 39
b 70 0 184 90
b 70 1 184 90
m 70 158 1 184 90
b 70 3 184 90
m 70 163 3 10.4 134.20000000000002 1.0
b 71 1 363 363
b 73 1 382 347
b 76 2 298 494
m 76 52 2 298 494
m 76 114 2 298 494
b 77 0 451 157
m 77 179 0 451 157
b 80 0 324 2
m 80 182 0 324 2
b 83 1 135 42
b 83 3 135 42
b 84 0 493 494
m 84 20 0 493 494
b 84 1 493 494
b 84 3 493 494
m 84 20 3 10.77777777777778 135.88888888888889 -1.0
b 94 1 75 110
m 94 35 1 75 110
m 94 156 1 75 110
m 94 187 1 75 110
b 94 3 75 110
m 94 35 3 10.9 137.3 0.15686607849459225
b 98 2 215 226
b 107 0 444 490
m 107 20 0 444 490
b 107 3 444 490
m 107 20 3 12.000000000000002 155.77777777777774 -1.0
b 108 1 415 337
m 108 19 1 415 337
b 116 0 483 299
b 116 3 483 299
m 116 229 3 11.4 149.59999999999997 1.0
b 118 1 481 452
m 118 23 1 481 452
m 118 24 1 481 452
m 118 124 1 481 452
m 118 138 1 481 452
m 118 184 1 481 452
m 118 196 1 481 452
m 118 199 1 481 452
b 120 0 38 2
b 124 0 498 386
b 124 3 498 386
b 125 0 393 141
m 125 179 0 393 141
b 125 3 393 141
m 125 53 3 11.3 140.29999999999998 0.2
b 126 0 487 470
m 126 20 0 487 470
b 126 1 487 470
m 126 20 1 487 470
b 126 3 487 470
m 126 20 3 10.77777777777778 135.88888888888889 -1.0
b 128 1 286 190
b 128 2 286 190
b 128 3 286 190
m 128 152 3 7.500000000000001 76.90000000000002 1.0
b 133 0 280 33
m 133 182 0 280 33
b 137 2 336 307
b 138 0 483 479
m 138 20 0 483 479
b 140 0 198 1
b 140 1 198 1
m 140 158 1 198 1
b 144 1 475 393
m 144 19 1 475 393
m 144 24 1 475 393
m 144 124 1 475 393
m 144 184 1 475 393
m 144 196 1 475 393
m 144 199 1 475 393
m 144 235 1 475 393
b 147 1 467 302
m 147 19 1 467 302
m 147 56 1 467 302
m 147 116 1 467 302
m 147 229 1 467 302
b 148 1 458 404
m 148 19 1 458 404
m 148 24 1 458 404
m 148 124 1 458 404
m 148 184 1 458 404
m 148 196 1 458 404
m 148 199 1 458 404
m 148 235 1 458 404
b 149 0 469 82
m 149 30 0 469 82
m 149 37 0 469 82
m 149 38 0 469 82
m 149 48 0 469 82
m 149 67 0 469 82
m 149 79 0 469 82
m 149 93 0 469 82
m 149 96 0 469 82
m 149 186 0 469 82
b 151 1 201 48
m 151 158 1 201 48
b 151 3 201 48
m 151 140 3 10.5 134.9 1.0
b 152 1 307 162
b 156 0 41 81
b 156 3 41 81
m 156 35 3 11.8 152.60000000000002 0.2
m 156 120 3 11.8 152.60000000000002 0.2
b 157 1 81 35
m 157 40 1 81 35
b 157 3 81 35
b 158 0 199 37
b 158 3 199 37
m 158 140 3 11.100000000000001 140.50000000000003 0.3333333333333333
b 164 0 314 118
m 164 182 0 314 118
b 166 0 389 190
b 166 3 389 190
m 166 77 3 11.600000000000001 150.39999999999998 0.3333333333333333
b 170 2 311 298
b 171 1 86 40
m 171 40 1 86 40
b 171 3 86 40
b 177 1 98 97
m 177 35 1 98 97
m 177 156 1 98 97
b 177 3 98 97
m 177 180 3 9.1 95.9 0.5
m 177 35 3 9.1 95.9 0.5
b 183 0 474 175
m 183 179 0 474 175
b 187 0 6 99
b 193 2 293 241
b 195 1 431 309
m 195 19 1 431 309
m 195 199 1 431 309
m 195 235 1 431 309
b 197 0 470 62
m 197 30 0 470 62
m 197 37 0 470 62
m 197 38 0 470 62
m 197 48 0 470 62
m 197 67 0 470 62
m 197 96 0 470 62
m 197 186 0 470 62
m 197 194 0 470 62
m 197 208 0 470 62
m 197 217 0 470 62
b 200 1 488 365
m 200 19 1 488 365
m 200 24 1 488 365
m 200 124 1 488 365
m 200 184 1 488 365
m 200 196 1 488 365
m 200 199 1 488 365
m 200 235 1 488 365
b 201 0 400 423
b 201 1 400 423
b 201 3 400 423
b 202 3 383 488
m 202 20 3 9.800000000000002 122.39999999999999 1.0
b 206 1 407 316
m 206 19 1 407 316
m 206 199 1 407 316
m 206 235 1 407 316
b 210 1 446 252
b 219 0 494 464
m 219 20 0 494 464
b 219 1 494 464
m 219 20 1 494 464
b 219 3 494 464
m 219 20 3 10.77777777777778 135.88888888888889 -1.0
b 222 0 286 91
m 222 182 0 286 91
b 224 0 64 18
b 224 1 64 18
b 224 3 64 18
b 226 1 204 128
b 226 3 204 128
m 226 163 3 7.4 75.60000000000002 0.18345013415289319
b 228 1 357 196
b 228 3 357 196
m 228 152 3 7.500000000000001 76.90000000000002 1.0
b 231 1 263 164
b 231 3 263 164
m 231 152 3 7.800000000000002 78.40000000000002 0.6412104447167599
m 231 163 3 7.800000000000002 78.40000000000002 0.6412104447167599
b 233 0 5 20
b 236 1 426 312
m 236 19 1 426 312
m 236 124 1 426 312
m 236 184 1 426 312
m 236 199 1 426 312
b 237 0 265 111
b 237 1 265 111
m 237 133 1 265 111
m 237 209 1 265 111
m 237 222 1 265 111
b 238 0 249 3
b 19 1 424 318
b 23 1 492 492
m 23 20 1 492 492
b 24 1 456 367
b 30 0 482 40
b 33 1 498 188
b 35 1 89 100
b 35 3 89 100
m 35 187 3 8.545454545454547 88.36363636363636 1.0
b 37 0 458 32
b 38 0 445 28
b 40 1 117 13
b 48 0 396 91
b 52 2 256 463
b 53 3 497 124
m 53 179 3 10.454545454545455 127.90909090909088 0.5
b 56 1 476 196
m 56 45 1 476 196
m 56 53 1 476 196
m 56 77 1 476 196
m 56 153 1 476 196
m 56 183 1 476 196
b 58 1 366 208
b 58 2 366 208
m 58 6 2 366 208
m 58 123 2 366 208
m 58 125 2 366 208
m 58 166 2 366 208
b 62 2 338 251
m 62 8 2 338 251
m 62 46 2 338 251
m 62 91 2 338 251
m 62 110 2 338 251
m 62 146 2 338 251
m 62 169 2 338 251
b 67 0 451 85
b 77 3 456 134
m 77 179 3 10.272727272727275 126.8181818181818 1.0
b 79 0 461 38
b 93 0 446 81
b 96 0 436 0
b 112 2 365 357
b 114 2 240 489
m 114 3 2 240 489
m 114 115 2 240 489
b 116 1 479 322
b 120 3 62 4
m 120 234 3 10.909090909090908 139.09090909090912 0.5
m 120 233 3 10.909090909090908 139.09090909090912 0.5
b 123 1 475 238
m 123 45 1 475 238
m 123 77 1 475 238
b 123 3 475 238
b 124 1 498 410
b 125 1 372 129
m 125 179 1 372 129
b 133 1 256 31
m 133 7 1 256 31
m 133 80 1 256 31
m 133 161 1 256 31
m 133 238 1 256 31
b 138 1 473 458
m 138 107 1 473 458
b 140 3 222 1
m 140 238 3 9.636363636363637 122.72727272727273 1.0
b 143 3 348 24
m 143 4 3 8.000000000000002 78.90909090909092 1.0
m 143 7 3 8.000000000000002 78.90909090909092 1.0
m 143 80 3 8.000000000000002 78.90909090909092 1.0
m 143 182 3 8.000000000000002 78.90909090909092 1.0
m 143 194 3 8.000000000000002 78.90909090909092 1.0
m 143 209 3 8.000000000000002 78.90909090909092 1.0
b 152 2 302 186
m 152 237 2 302 186
b 152 3 302 186
m 152 237 3 6.90909090909091 70.00000000000003 1.0
b 156 1 52 102
b 158 1 178 50
b 163 3 201 92
m 163 237 3 9.545454545454547 122.09090909090911 1.0
b 164 3 298 137
m 164 182 3 7.454545454545456 73.45454545454547 0.5
b 166 1 367 180
b 179 0 426 132
b 180 3 139 95
b 182 0 319 73
b 183 3 472 152
m 183 179 3 10.272727272727275 126.8181818181818 1.0
b 184 1 480 420
b 186 0 447 54
b 187 1 28 90
b 194 0 353 23
b 196 1 482 461
m 196 20 1 482 461
b 199 1 424 397
b 208 0 435 4
b 209 1 319 7
m 209 7 1 319 7
m 209 80 1 319 7
m 209 143 1 319 7
m 209 161 1 319 7
m 209 182 1 319 7
m 209 238 1 319 7
b 217 0 387 17
b 218 3 355 24
m 218 4 3 8.181818181818183 82.1818181818182 1.0
m 218 27 3 8.181818181818183 82.1818181818182 1.0
m 218 48 3 8.181818181818183 82.1818181818182 1.0
m 218 182 3 8.181818181818183 82.1818181818182 1.0
m 218 194 3 8.181818181818183 82.1818181818182 1.0
b 220 3 363 42
m 220 48 3 8.090909090909092 80.45454545454547 1.0
m 220 182 3 8.090909090909092 80.45454545454547 1.0
m 220 194 3 8.090909090909092 80.45454545454547 1.0
b 222 1 268 107
m 222 143 1 268 107
m 222 164 1 268 107
m 222 182 1 268 107
b 222 3 268 107
m 222 133 3 7.545454545454547 73.90909090909092 0.05441131343870063
b 228 2 375 212
m 228 125 2 375 212
m 228 166 2 375 212
b 229 1 494 190
m 229 45 1 494 190
m 229 153 1 494 190
m 229 183 1 494 190
b 229 3 494 190
b 231 2 240 171
m 231 163 2 240 171
m 231 164 2 240 171
m 231 237 2 240 171
b 235 1 444 363
b 3 2 253 460
m 3 111 2 253 460
m 3 145 2 253 460
b 4 3 349 40
m 4 65 3 7.666666666666668 73.66666666666667 0.05752508361204023
b 6 2 481 215
b 7 1 336 7
m 7 4 1 336 7
m 7 194 1 336 7
m 7 218 1 336 7
m 7 220 1 336 7
b 7 3 336 7
m 7 161 3 7.500000000000002 72.66666666666667 0.5
b 8 2 350 237
b 27 3 409 29
m 27 65 3 8.166666666666668 80.66666666666669 0.7730657373514513
m 27 217 3 8.166666666666668 80.66666666666669 0.7730657373514513
m 27 96 3 8.166666666666668 80.66666666666669 0.7730657373514513
m 27 38 3 8.166666666666668 80.66666666666669 0.7730657373514513
m 27 186 3 8.166666666666668 80.66666666666669 0.7730657373514513
m 27 37 3 8.166666666666668 80.66666666666669 0.7730657373514513
m 27 208 3 8.166666666666668 80.66666666666669 0.7730657373514513
b 45 1 439 205
b 46 2 339 248
m 46 73 2 339 248
m 46 206 2 339 248
m 46 236 2 339 248
b 48 3 384 112
m 48 186 3 7.750000000000001 76.08333333333336 0.3333333333333333
b 53 1 496 100
m 53 67 1 496 100
m 53 93 1 496 100
m 53 149 1 496 100
m 53 197 1 496 100
b 77 1 462 111
m 77 48 1 462 111
m 77 67 1 462 111
m 77 93 1 462 111
b 80 1 276 2
b 80 3 276 2
m 80 161 3 7.416666666666668 72.41666666666667 1.0
b 91 2 359 277
b 107 1 398 477
b 110 2 252 322
m 110 167 2 252 322
b 115 2 244 440
m 115 50 2 244 440
m 115 111 2 244 440
m 115 145 2 244 440
b 123 2 493 254
b 125 2 351 118
b 133 3 232 29
b 143 1 363 5
m 143 4 1 363 5
m 143 27 1 363 5
m 143 194 1 363 5
m 143 217 1 363 5
m 143 218 1 363 5
m 143 220 1 363 5
b 146 2 287 199
b 153 1 465 147
b 161 1 320 18
b 163 2 183 77
b 164 1 282 155
b 164 2 282 155
m 164 182 2 282 155
m 164 222 2 282 155
b 166 2 346 169
b 169 2 344 255
m 169 73 2 344 255
b 179 1 402 125
m 179 48 1 402 125
m 179 67 1 402 125
b 179 3 402 125
m 179 67 3 9.75 117.58333333333329 0.5077862454023446
b 182 1 310 95
b 182 3 310 95
m 182 161 3 7.416666666666668 72.41666666666667 1.0
b 183 1 469 128
m 183 67 1 469 128
b 187 3 51 82
b 194 3 329 27
m 194 217 3 7.500000000000002 72.66666666666667 0.5
b 209 3 332 27
m 209 161 3 7.500000000000002 72.66666666666667 0.5
m 209 217 3 7.500000000000002 72.66666666666667 0.5
b 233 3 33 59
b 234 3 41 39
b 237 2 225 137
m 237 72 2 225 137
m 237 222 2 225 137
m 237 226 2 225 137
b 237 3 225 137
b 238 1 296 15
b 238 3 296 15
m 238 161 3 8.916666666666668 112.58333333333333 1.0
b 4 1 335 59
m 4 208 1 335 59
b 27 1 407 53
b 37 3 443 14
m 37 197 3 7.76923076923077 75.15384615384617 0.3333333333333333
b 38 3 423 12
m 38 79 3 7.692307692307693 74.76923076923079 0.5
b 48 1 372 132
b 50 2 247 415
m 50 12 2 247 415
b 65 3 431 15
m 65 79 3 7.230769230769233 68.3076923076923 0.0021635266778652802
b 67 1 437 131
b 67 3 437 131
m 67 93 3 9.307692307692308 109.76923076923073 0.7677958680257826
m 67 149 3 9.307692307692308 109.76923076923073 0.7677958680257826
m 67 197 3 9.307692307692308 109.76923076923073 0.7677958680257826
b 72 2 262 96
b 73 2 343 287
b 93 1 407 109
m 93 79 1 407 109
m 93 96 1 407 109
m 93 186 1 407 109
b 96 3 441 49
m 96 79 3 7.846153846153847 75.69230769230771 0.04014296729451721
b 111 2 228 429
b 145 2 267 451
m 145 2 2 267 451
m 145 71 2 267 451
m 145 202 2 267 451
b 149 1 498 117
m 149 30 1 498 117
b 161 3 341 30
b 167 2 196 290
b 182 2 301 117
m 182 4 2 301 117
m 182 39 2 301 117
m 182 194 2 301 117
m 182 209 2 301 117
b 186 3 412 21
m 186 79 3 7.846153846153847 75.69230769230771 0.04014296729451721
b 194 1 305 31
b 197 1 459 81
m 197 30 1 459 81
m 197 37 1 459 81
m 197 79 1 459 81
m 197 96 1 459 81
m 197 186 1 459 81
b 206 2 363 258
m 206 15 2 363 258
m 206 19 2 363 258
m 206 195 2 363 258
b 208 3 387 5
m 208 79 3 7.615384615384616 74.53846153846156 1.0
b 217 1 339 25
m 217 186 1 339 25
m 217 208 1 339 25
b 217 3 339 25
b 218 1 362 19
b 220 1 369 6
b 222 2 233 140
m 222 39 2 233 140
m 222 74 2 233 140
b 226 2 134 114
m 226 35 2 134 114
m 226 47 2 134 114
m 226 70 2 134 114
m 226 74 2 134 114
m 226 83 2 134 114
m 226 158 2 134 114
m 226 177 2 134 114
m 226 180 2 134 114
b 236 2 398 246
b 2 2 304 425
b 4 2 321 79
m 4 7 2 321 79
m 4 27 2 321 79
m 4 143 2 321 79
m 4 161 2 321 79
m 4 217 2 321 79
m 4 218 2 321 79
m 4 220 2 321 79
m 4 238 2 321 79
b 12 2 269 353
b 15 2 431 322
b 19 2 357 293
m 19 22 2 357 293
m 19 201 2 357 293
b 30 1 453 75
b 35 2 158 120
b 37 1 432 35
m 37 38 1 432 35
m 37 65 1 432 35
b 39 2 290 101
m 39 151 2 290 101
b 47 2 170 141
m 47 156 2 170 141
b 70 2 105 145
m 70 26 2 105 145
m 70 95 2 105 145
m 70 156 2 105 145
b 71 2 306 441
b 74 2 223 126
m 74 17 2 223 126
b 79 1 390 47
m 79 38 1 390 47
m 79 65 1 390 47
b 79 3 390 47
b 83 2 75 118
b 93 3 388 123
b 96 1 443 73
m 96 65 1 443 73
b 149 3 497 141
m 149 30 3 8.714285714285715 101.99999999999997 1.0
b 158 2 118 89
m 158 95 2 118 89
m 158 134 2 118 89
m 158 187 2 118 89
m 158 215 2 118 89
b 177 2 77 191
m 177 10 2 77 191
m 177 26 2 77 191
m 177 57 2 77 191
m 177 94 2 77 191
m 177 156 2 77 191
b 180 2 209 80
b 186 1 395 5
m 186 38 1 395 5
m 186 65 1 395 5
b 194 2 282 34
b 195 2 357 370
m 195 24 2 357 370
m 195 108 2 357 370
m 195 199 2 357 370
m 195 201 2 357 370
m 195 235 2 357 370
b 197 3 436 88
m 197 30 3 7.2857142857142865 69.85714285714288 1.0
b 202 2 292 456
b 208 1 363 6
m 208 38 1 363 6
m 208 65 1 363 6
b 209 2 359 67
m 209 7 2 359 67
m 209 27 2 359 67
m 209 79 2 359 67
m 209 143 2 359 67
m 209 161 2 359 67
m 209 186 2 359 67
m 209 208 2 359 67
m 209 217 2 359 67
m 209 218 2 359 67
m 209 220 2 359 67
m 209 238 2 359 67
b 7 2 407 16
b 10 2 98 144
b 17 2 261 83
b 22 2 389 281
b 24 2 361 348
b 26 2 133 187
b 27 2 402 101
m 27 30 2 402 101
m 27 56 2 402 101
m 27 93 2 402 101
m 27 96 2 402 101
m 27 153 2 402 101
m 27 179 2 402 101
m 27 183 2 402 101
m 27 197 2 402 101
b 30 3 431 86
b 38 1 385 41
b 57 2 2 154
m 57 171 2 2 154
m 57 192 2 2 154
m 57 233 2 2 154
b 65 1 393 45
b 79 2 366 50
b 94 2 58 228
b 95 2 67 133
m 95 171 2 67 133
m 95 233 2 67 133
b 108 2 330 422
b 134 2 67 74
m 134 120 2 67 74
m 134 188 2 67 74
m 134 212 2 67 74
m 134 233 2 67 74
m 134 234 2 67 74
b 143 2 375 67
m 143 38 2 375 67
m 143 65 2 375 67
m 143 179 2 375 67
b 151 2 319 71
b 156 2 96 188
b 161 2 382 54
b 186 2 373 2
b 187 2 119 58
m 187 212 2 119 58
m 187 233 2 119 58
m 187 234 2 119 58
b 199 2 351 460
b 201 2 373 306
b 208 2 339 7
m 208 38 2 339 7
m 208 65 2 339 7
m 208 140 2 339 7
b 215 2 27 95
m 215 157 2 27 95
m 215 171 2 27 95
m 215 224 2 27 95
m 215 233 2 27 95
m 215 234 2 27 95
b 217 2 292 33
b 218 2 391 57
m 218 38 2 391 57
m 218 65 2 391 57
b 220 2 363 54
m 220 38 2 363 54
m 220 65 2 363 54
b 235 2 355 399
b 238 2 366 32
m 238 38 2 366 32
m 238 65 2 366 32
m 238 140 2 366 32
b 30 2 410 97
b 38 2 366 55
b 56 2 445 80
b 65 2 374 59
m 65 37 2 374 59
b 93 2 349 151
m 93 48 2 349 151
b 96 2 448 121
m 96 33 2 448 121
m 96 51 2 448 121
m 96 229 2 448 121
b 120 2 182 12
m 120 80 2 182 12
m 120 133 2 182 12
b 140 2 342 1
b 153 2 413 66
m 153 33 2 413 66
m 153 37 2 413 66
m 153 51 2 413 66
b 157 2 15 117
b 171 2 4 158
b 179 2 310 99
b 183 2 459 32
m 183 33 2 459 32
m 183 37 2 459 32
m 183 51 2 459 32
m 183 53 2 459 32
m 183 77 2 459 32
m 183 229 2 459 32
b 188 2 27 66
m 188 49 2 27 66
m 188 185 2 27 66
b 192 2 9 198
b 197 2 390 104
b 212 2 150 85
m 212 133 2 150 85
b 224 2 12 113
b 233 2 89 137
b 234 2 123 89
b 33 2 478 45
b 37 2 398 99
b 48 2 324 215
b 49 2 15 52
b 51 2 473 65
m 51 210 2 473 65
b 53 2 488 6
b 77 2 481 5
b 80 2 156 5
b 133 2 113 19
b 185 2 44 66
b 229 2 481 47
b 210 2 462 87
