Key: 
t: node change direction (node id, x, y, new direction)
s: node start location (node id, x, y, start direction, buffer)
m: message transfer (sender id, target id, messageType, sender x, sender y
b: broadcast (node id, message type, x, y)
321 455 400 417
s 0 289 137 183 0
s 1 347 431 16 0
s 2 182 455 184 0
s 3 269 76 157 0
s 4 78 312 305 0
s 5 452 266 336 0
s 6 262 381 168 0
s 7 481 246 265 0
s 8 315 152 228 0
s 9 68 443 275 0
s 10 444 21 203 0
s 11 382 328 165 0
s 12 254 447 73 0
s 13 464 310 349 0
s 14 51 320 315 0
s 15 387 434 222 0
s 16 224 475 203 0
s 17 318 188 283 0
s 18 468 353 310 0
s 19 173 420 68 0
s 20 36 69 312 0
s 21 485 52 319 0
s 22 206 108 289 0
s 23 61 388 208 0
s 24 107 334 121 0
s 25 359 252 169 0
s 26 367 389 134 0
s 27 213 382 182 0
s 28 211 103 30 0
s 29 496 409 63 0
s 30 127 118 95 0
s 31 261 402 321 0
s 32 425 122 251 0
s 33 319 267 95 0
s 34 134 294 90 0
s 35 145 422 314 0
s 36 16 156 303 0
s 37 437 481 208 0
s 38 401 493 155 0
s 39 406 72 233 0
s 40 215 414 328 0
s 41 97 36 77 0
s 42 181 176 197 0
s 43 220 252 314 0
s 44 118 294 17 0
s 45 355 319 43 0
s 46 55 10 243 0
s 47 282 40 66 0
s 48 261 462 84 0
s 49 371 152 246 0
s 50 479 131 359 0
s 51 486 466 193 0
s 52 271 238 281 0
s 53 156 3 217 0
s 54 384 103 66 0
s 55 60 368 126 0
s 56 429 108 54 0
s 57 247 22 131 0
s 58 20 324 101 0
s 59 471 407 247 0
s 60 412 5 245 0
s 61 68 483 147 0
s 62 154 355 169 0
s 63 489 23 159 0
s 64 4 176 74 0
s 65 211 299 302 0
s 66 488 479 115 0
s 67 277 58 22 0
s 68 106 111 59 0
s 69 24 266 340 0
s 70 101 342 331 0
s 71 299 105 101 0
s 72 487 53 70 0
s 73 166 381 256 0
s 74 111 230 200 0
s 75 182 155 335 0
s 76 344 96 215 0
s 77 335 171 357 0
s 78 292 400 150 0
s 79 409 43 122 0
s 80 441 257 120 0
s 81 472 243 226 0
s 82 321 455 241 0
s 83 413 313 76 0
s 84 354 255 232 0
s 85 111 463 152 0
s 86 21 445 320 0
s 87 233 130 16 0
s 88 82 449 261 0
s 89 30 3 295 0
s 90 455 289 323 0
s 91 436 94 359 0
s 92 191 71 315 0
s 93 36 351 325 0
s 94 34 156 94 0
s 95 432 390 112 0
s 96 464 456 275 0
s 97 56 235 15 0
s 98 369 200 333 0
s 99 188 71 185 0
s 100 5 498 237 0
s 101 226 410 350 0
s 102 21 425 6 0
s 103 143 387 347 0
s 104 209 488 159 0
s 105 354 185 52 0
s 106 444 69 355 0
s 107 323 72 227 0
s 108 1 326 291 0
s 109 8 156 93 0
s 110 428 104 165 0
s 111 299 217 140 0
s 112 366 390 6 0
s 113 477 157 80 0
s 114 118 405 283 0
s 115 178 390 271 0
s 116 250 39 293 0
s 117 107 92 252 0
s 118 257 227 337 0
s 119 307 55 284 0
s 120 113 338 279 0
s 121 335 467 268 0
s 122 165 387 90 0
s 123 252 405 134 0
s 124 112 136 134 0
s 125 337 195 211 0
s 126 166 481 344 0
s 127 453 238 124 0
s 128 126 85 206 0
s 129 397 479 17 0
s 130 92 115 55 0
s 131 172 163 291 0
s 132 172 84 221 0
s 133 8 425 37 0
s 134 297 341 286 0
s 135 58 6 261 0
s 136 84 422 217 0
s 137 276 387 185 0
s 138 155 21 262 0
s 139 188 83 238 0
s 140 213 127 142 0
s 141 425 459 202 0
s 142 372 406 177 0
s 143 495 132 306 0
s 144 395 186 6 0
s 145 123 491 238 0
s 146 94 46 101 0
s 147 404 113 248 0
s 148 359 348 32 0
s 149 422 496 173 0
s 150 254 109 295 0
s 151 337 323 139 0
s 152 338 252 202 0
s 153 340 388 177 0
s 154 333 320 161 0
s 155 63 240 117 0
s 156 186 489 288 0
s 157 62 76 271 0
s 158 261 67 341 0
s 159 11 366 59 0
s 160 472 90 299 0
s 161 308 76 188 0
s 162 20 170 73 0
s 163 327 421 316 0
s 164 164 157 75 0
s 165 201 17 329 0
s 166 165 2 57 0
s 167 470 137 354 0
s 168 258 55 278 0
s 169 385 138 312 0
s 170 376 455 137 0
s 171 114 119 320 0
s 172 480 168 55 0
s 173 280 158 148 0
s 174 433 258 257 0
s 175 2 226 98 0
s 176 486 260 161 0
s 177 109 260 190 0
s 178 490 315 159 0
s 179 199 221 41 0
s 180 376 422 121 0
s 181 321 257 188 0
s 182 380 88 353 0
s 183 443 23 198 0
s 184 217 450 136 0
s 185 131 499 72 0
s 186 287 57 144 0
s 187 388 295 202 0
s 188 268 299 95 0
s 189 213 497 304 0
s 190 43 482 111 0
s 191 176 274 197 0
s 192 57 457 82 0
s 193 44 298 88 0
s 194 36 39 323 0
s 195 204 225 92 0
s 196 56 222 271 0
s 197 33 185 298 0
s 198 199 465 193 0
s 199 405 212 106 0
s 200 256 428 37 0
s 201 400 417 87 0
s 202 397 8 60 0
s 203 174 394 265 0
s 204 138 127 110 0
s 205 230 353 268 0
s 206 90 390 141 0
s 207 359 1 46 0
s 208 173 144 269 0
s 209 311 42 334 0
s 210 108 16 273 0
s 211 379 235 241 0
s 212 272 242 104 0
s 213 163 93 295 0
s 214 12 395 191 0
s 215 162 372 299 0
s 216 355 372 104 0
s 217 195 460 152 0
s 218 64 115 15 0
s 219 114 66 247 0
s 220 69 156 325 0
s 221 84 92 173 0
s 222 95 302 5 0
s 223 260 421 74 0
s 224 40 321 236 0
s 225 307 344 53 0
s 226 148 194 53 0
s 227 89 265 324 0
s 228 497 331 113 0
s 229 297 436 120 0
s 230 186 391 173 0
s 231 408 201 269 0
s 232 48 388 278 0
s 233 355 267 263 0
s 234 304 432 95 0
s 235 230 462 201 0
s 236 436 297 179 0
s 237 332 415 176 0
s 238 394 52 21 0
s 239 347 346 189 0
b 82 0 309 433
m 82 1 0 309 433
m 82 15 0 309 433
m 82 48 0 309 433
m 82 121 0 309 433
m 82 163 0 309 433
m 82 180 0 309 433
m 82 200 0 309 433
m 82 229 0 309 433
m 82 234 0 309 433
m 82 237 0 309 433
b 82 1 309 433
m 82 1 1 309 433
m 82 15 1 309 433
m 82 48 1 309 433
m 82 121 1 309 433
m 82 163 1 309 433
m 82 180 1 309 433
m 82 200 1 309 433
m 82 229 1 309 433
m 82 234 1 309 433
m 82 237 1 309 433
b 82 2 309 433
m 82 1 2 309 433
m 82 15 2 309 433
m 82 48 2 309 433
m 82 121 2 309 433
m 82 163 2 309 433
m 82 180 2 309 433
m 82 200 2 309 433
m 82 229 2 309 433
m 82 234 2 309 433
m 82 237 2 309 433
b 82 3 309 433
m 82 1 3 16.0 256.0 1.0
m 82 15 3 16.0 256.0 1.0
m 82 48 3 16.0 256.0 1.0
m 82 121 3 16.0 256.0 1.0
m 82 163 3 16.0 256.0 1.0
m 82 180 3 16.0 256.0 1.0
m 82 200 3 16.0 256.0 1.0
m 82 229 3 16.0 256.0 1.0
m 82 234 3 16.0 256.0 1.0
m 82 237 3 16.0 256.0 1.0
b 1 0 394 444
m 1 201 0 394 444
b 1 1 394 444
m 1 201 1 394 444
b 1 2 394 444
m 1 201 2 394 444
b 1 3 394 444
m 1 201 3 16.0 256.0 -1.0
b 15 0 351 401
m 15 26 0 351 401
m 15 38 0 351 401
m 15 141 0 351 401
m 15 142 0 351 401
m 15 153 0 351 401
m 15 170 0 351 401
m 15 201 0 351 401
m 15 216 0 351 401
b 15 1 351 401
m 15 26 1 351 401
m 15 38 1 351 401
m 15 141 1 351 401
m 15 142 1 351 401
m 15 153 1 351 401
m 15 170 1 351 401
m 15 201 1 351 401
m 15 216 1 351 401
b 15 2 351 401
b 15 3 351 401
m 15 38 3 15.0 227.0 0.8403418803418803
m 15 153 3 15.0 227.0 0.8403418803418803
m 15 141 3 15.0 227.0 0.8403418803418803
m 15 142 3 15.0 227.0 0.8403418803418803
m 15 26 3 15.0 227.0 0.8403418803418803
m 15 216 3 15.0 227.0 0.8403418803418803
m 15 170 3 15.0 227.0 0.8403418803418803
b 48 0 266 486
m 48 12 0 266 486
m 48 16 0 266 486
m 48 123 0 266 486
m 48 156 0 266 486
m 48 189 0 266 486
m 48 235 0 266 486
b 48 1 266 486
b 48 2 266 486
m 48 12 2 266 486
m 48 16 2 266 486
m 48 123 2 266 486
m 48 156 2 266 486
m 48 189 2 266 486
m 48 235 2 266 486
b 48 3 266 486
m 48 12 3 13.666666666666666 197.66666666666666 0.4043360433604335
m 48 16 3 13.666666666666666 197.66666666666666 0.4043360433604335
m 48 235 3 13.666666666666666 197.66666666666666 0.4043360433604335
b 121 0 334 418
m 121 26 0 334 418
m 121 78 0 334 418
m 121 142 0 334 418
m 121 153 0 334 418
m 121 170 0 334 418
m 121 216 0 334 418
m 121 223 0 334 418
b 121 1 334 418
m 121 26 1 334 418
m 121 78 1 334 418
m 121 142 1 334 418
m 121 153 1 334 418
m 121 170 1 334 418
m 121 216 1 334 418
m 121 223 1 334 418
b 121 2 334 418
m 121 26 2 334 418
m 121 78 2 334 418
m 121 142 2 334 418
m 121 153 2 334 418
m 121 170 2 334 418
m 121 216 2 334 418
m 121 223 2 334 418
b 121 3 334 418
m 121 26 3 14.0 204.0 0.5523809523809522
m 121 78 3 14.0 204.0 0.5523809523809522
m 121 223 3 14.0 204.0 0.5523809523809522
m 121 170 3 14.0 204.0 0.5523809523809522
b 163 0 363 387
m 163 11 0 363 387
m 163 26 0 363 387
m 163 31 0 363 387
m 163 142 0 363 387
m 163 151 0 363 387
m 163 153 0 363 387
m 163 170 0 363 387
m 163 201 0 363 387
m 163 216 0 363 387
m 163 225 0 363 387
m 163 239 0 363 387
b 163 1 363 387
m 163 11 1 363 387
m 163 26 1 363 387
m 163 31 1 363 387
m 163 142 1 363 387
m 163 151 1 363 387
m 163 153 1 363 387
m 163 170 1 363 387
m 163 201 1 363 387
m 163 216 1 363 387
m 163 225 1 363 387
m 163 239 1 363 387
b 163 2 363 387
m 163 11 2 363 387
m 163 26 2 363 387
m 163 31 2 363 387
m 163 142 2 363 387
m 163 151 2 363 387
m 163 153 2 363 387
m 163 170 2 363 387
m 163 201 2 363 387
m 163 216 2 363 387
m 163 225 2 363 387
m 163 239 2 363 387
b 163 3 363 387
m 163 26 3 15.666666666666666 245.66666666666666 0.9560283687943261
m 163 11 3 15.666666666666666 245.66666666666666 0.9560283687943261
m 163 170 3 15.666666666666666 245.66666666666666 0.9560283687943261
m 163 201 3 15.666666666666666 245.66666666666666 0.9560283687943261
m 163 142 3 15.666666666666666 245.66666666666666 0.9560283687943261
m 163 239 3 15.666666666666666 245.66666666666666 0.9560283687943261
m 163 153 3 15.666666666666666 245.66666666666666 0.9560283687943261
m 163 216 3 15.666666666666666 245.66666666666666 0.9560283687943261
m 163 151 3 15.666666666666666 245.66666666666666 0.9560283687943261
m 163 225 3 15.666666666666666 245.66666666666666 0.9560283687943261
m 163 31 3 15.666666666666666 245.66666666666666 0.9560283687943261
b 180 0 350 464
m 180 26 0 350 464
m 180 37 0 350 464
m 180 38 0 350 464
m 180 129 0 350 464
m 180 141 0 350 464
m 180 142 0 350 464
m 180 149 0 350 464
m 180 153 0 350 464
m 180 170 0 350 464
m 180 201 0 350 464
b 180 1 350 464
m 180 26 1 350 464
m 180 37 1 350 464
m 180 38 1 350 464
m 180 129 1 350 464
m 180 141 1 350 464
m 180 142 1 350 464
m 180 149 1 350 464
m 180 153 1 350 464
m 180 170 1 350 464
m 180 201 1 350 464
b 180 2 350 464
m 180 26 2 350 464
m 180 37 2 350 464
m 180 38 2 350 464
m 180 129 2 350 464
m 180 141 2 350 464
m 180 142 2 350 464
m 180 149 2 350 464
m 180 153 2 350 464
m 180 170 2 350 464
m 180 201 2 350 464
b 180 3 350 464
m 180 153 3 15.0 227.0 0.8403418803418803
m 180 142 3 15.0 227.0 0.8403418803418803
m 180 149 3 15.0 227.0 0.8403418803418803
m 180 201 3 15.0 227.0 0.8403418803418803
m 180 37 3 15.0 227.0 0.8403418803418803
m 180 38 3 15.0 227.0 0.8403418803418803
m 180 26 3 15.0 227.0 0.8403418803418803
m 180 141 3 15.0 227.0 0.8403418803418803
m 180 129 3 15.0 227.0 0.8403418803418803
b 200 0 295 457
m 200 12 0 295 457
m 200 31 0 295 457
m 200 40 0 295 457
m 200 78 0 295 457
m 200 101 0 295 457
m 200 123 0 295 457
m 200 137 0 295 457
m 200 153 0 295 457
m 200 223 0 295 457
m 200 235 0 295 457
b 200 1 295 457
m 200 12 1 295 457
m 200 31 1 295 457
m 200 40 1 295 457
m 200 78 1 295 457
m 200 101 1 295 457
m 200 123 1 295 457
m 200 137 1 295 457
m 200 153 1 295 457
m 200 223 1 295 457
m 200 235 1 295 457
b 200 2 295 457
m 200 12 2 295 457
m 200 31 2 295 457
m 200 40 2 295 457
m 200 78 2 295 457
m 200 101 2 295 457
m 200 123 2 295 457
m 200 137 2 295 457
m 200 153 2 295 457
m 200 223 2 295 457
m 200 235 2 295 457
b 200 3 295 457
m 200 31 3 14.666666666666666 218.66666666666666 0.7636363636363637
m 200 235 3 14.666666666666666 218.66666666666666 0.7636363636363637
m 200 137 3 14.666666666666666 218.66666666666666 0.7636363636363637
m 200 40 3 14.666666666666666 218.66666666666666 0.7636363636363637
m 200 123 3 14.666666666666666 218.66666666666666 0.7636363636363637
m 200 153 3 14.666666666666666 218.66666666666666 0.7636363636363637
m 200 101 3 14.666666666666666 218.66666666666666 0.7636363636363637
m 200 78 3 14.666666666666666 218.66666666666666 0.7636363636363637
b 229 0 273 478
m 229 12 0 273 478
m 229 31 0 273 478
m 229 170 0 273 478
m 229 223 0 273 478
b 229 1 273 478
m 229 12 1 273 478
m 229 31 1 273 478
m 229 170 1 273 478
m 229 223 1 273 478
b 229 2 273 478
b 229 3 273 478
m 229 31 3 13.666666666666666 197.66666666666666 0.4043360433604335
m 229 170 3 13.666666666666666 197.66666666666666 0.4043360433604335
b 234 0 300 480
m 234 26 0 300 480
m 234 142 0 300 480
m 234 153 0 300 480
m 234 170 0 300 480
m 234 223 0 300 480
b 234 1 300 480
m 234 26 1 300 480
m 234 142 1 300 480
m 234 153 1 300 480
m 234 170 1 300 480
m 234 223 1 300 480
b 234 2 300 480
m 234 26 2 300 480
m 234 142 2 300 480
m 234 153 2 300 480
m 234 170 2 300 480
m 234 223 2 300 480
b 234 3 300 480
m 234 153 3 13.333333333333332 192.0 0.21333333333333337
b 237 0 283 418
m 237 26 0 283 418
m 237 31 0 283 418
m 237 78 0 283 418
m 237 142 0 283 418
m 237 153 0 283 418
m 237 216 0 283 418
m 237 223 0 283 418
m 237 225 0 283 418
b 237 1 283 418
m 237 26 1 283 418
m 237 31 1 283 418
m 237 78 1 283 418
m 237 142 1 283 418
m 237 153 1 283 418
m 237 216 1 283 418
m 237 223 1 283 418
m 237 225 1 283 418
b 237 2 283 418
m 237 26 2 283 418
m 237 31 2 283 418
m 237 78 2 283 418
m 237 142 2 283 418
m 237 153 2 283 418
m 237 216 2 283 418
m 237 223 2 283 418
m 237 225 2 283 418
b 237 3 283 418
m 237 31 3 15.0 227.0 0.8403418803418803
m 237 26 3 15.0 227.0 0.8403418803418803
m 237 78 3 15.0 227.0 0.8403418803418803
m 237 142 3 15.0 227.0 0.8403418803418803
m 237 225 3 15.0 227.0 0.8403418803418803
m 237 153 3 15.0 227.0 0.8403418803418803
b 11 0 312 347
m 11 33 0 312 347
m 11 187 0 312 347
m 11 188 0 312 347
m 11 236 0 312 347
b 11 1 312 347
b 11 2 312 347
b 11 3 312 347
m 11 33 3 13.5 196.5 0.020453332941769903
b 12 0 286 488
m 12 104 0 286 488
m 12 126 0 286 488
b 12 1 286 488
b 12 2 286 488
m 12 104 2 286 488
m 12 126 2 286 488
b 12 3 286 488
m 12 126 3 11.0 150.5 0.3333333333333333
b 16 0 157 446
m 16 2 0 157 446
m 16 19 0 157 446
m 16 104 0 157 446
m 16 122 0 157 446
m 16 126 0 157 446
m 16 184 0 157 446
m 16 185 0 157 446
m 16 198 0 157 446
m 16 217 0 157 446
b 16 2 157 446
m 16 2 2 157 446
m 16 19 2 157 446
m 16 104 2 157 446
m 16 122 2 157 446
m 16 126 2 157 446
m 16 184 2 157 446
m 16 185 2 157 446
m 16 198 2 157 446
m 16 217 2 157 446
b 16 3 157 446
m 16 126 3 13.75 197.25 0.5510191599375054
m 16 104 3 13.75 197.25 0.5510191599375054
m 16 19 3 13.75 197.25 0.5510191599375054
m 16 156 3 13.75 197.25 0.5510191599375054
m 16 217 3 13.75 197.25 0.5510191599375054
m 16 184 3 13.75 197.25 0.5510191599375054
b 26 0 317 441
b 26 1 317 441
b 26 2 317 441
b 26 3 317 441
b 31 0 318 356
m 31 33 0 318 356
m 31 188 0 318 356
b 31 1 318 356
m 31 33 1 318 356
m 31 188 1 318 356
b 31 2 318 356
m 31 33 2 318 356
m 31 188 2 318 356
b 31 3 318 356
m 31 33 3 12.5 186.5 0.3333333333333333
b 37 0 373 446
m 37 201 0 373 446
b 37 1 373 446
m 37 201 1 373 446
b 37 2 373 446
b 37 3 373 446
m 37 201 3 15.0 227.0 -1.0
b 38 0 357 447
m 38 201 0 357 447
b 38 1 357 447
m 38 201 1 357 447
b 38 2 357 447
m 38 201 2 357 447
b 38 3 357 447
m 38 201 3 15.0 227.0 -1.0
b 40 0 277 376
m 40 6 0 277 376
m 40 103 0 277 376
m 40 188 0 277 376
b 40 1 277 376
m 40 6 1 277 376
m 40 103 1 277 376
m 40 188 1 277 376
m 40 189 1 277 376
b 40 2 277 376
m 40 6 2 277 376
m 40 103 2 277 376
m 40 188 2 277 376
b 40 3 277 376
m 40 189 3 12.25 170.25 0.2
b 78 0 229 437
m 78 6 0 229 437
m 78 19 0 229 437
m 78 126 0 229 437
b 78 1 229 437
m 78 6 1 229 437
m 78 19 1 229 437
m 78 126 1 229 437
m 78 156 1 229 437
m 78 189 1 229 437
b 78 2 229 437
m 78 6 2 229 437
m 78 19 2 229 437
m 78 126 2 229 437
b 78 3 229 437
m 78 6 3 11.75 159.25 0.08288807124193462
b 101 0 298 397
m 101 6 0 298 397
m 101 154 0 298 397
m 101 188 0 298 397
b 101 1 298 397
b 101 2 298 397
m 101 6 2 298 397
m 101 154 2 298 397
m 101 188 2 298 397
b 101 3 298 397
m 101 188 3 12.0 168.0 0.25
m 101 154 3 12.0 168.0 0.25
b 123 0 202 458
m 123 19 0 202 458
m 123 103 0 202 458
m 123 104 0 202 458
m 123 122 0 202 458
m 123 126 0 202 458
m 123 184 0 202 458
m 123 185 0 202 458
m 123 198 0 202 458
b 123 1 202 458
m 123 16 1 202 458
m 123 19 1 202 458
m 123 103 1 202 458
m 123 104 1 202 458
m 123 122 1 202 458
m 123 126 1 202 458
m 123 156 1 202 458
m 123 184 1 202 458
m 123 185 1 202 458
m 123 189 1 202 458
m 123 198 1 202 458
b 123 2 202 458
b 123 3 202 458
m 123 104 3 14.0 200.0 0.797860962566845
m 123 103 3 14.0 200.0 0.797860962566845
m 123 122 3 14.0 200.0 0.797860962566845
m 123 126 3 14.0 200.0 0.797860962566845
m 123 198 3 14.0 200.0 0.797860962566845
m 123 189 3 14.0 200.0 0.797860962566845
m 123 184 3 14.0 200.0 0.797860962566845
m 123 156 3 14.0 200.0 0.797860962566845
b 129 0 455 495
m 129 201 0 455 495
b 129 1 455 495
m 129 201 1 455 495
b 129 2 455 495
m 129 201 2 455 495
b 129 3 455 495
m 129 201 3 15.0 227.0 -1.0
b 137 0 204 380
m 137 6 0 204 380
m 137 27 0 204 380
m 137 35 0 204 380
m 137 103 0 204 380
m 137 115 0 204 380
m 137 203 0 204 380
b 137 1 204 380
m 137 6 1 204 380
m 137 27 1 204 380
m 137 35 1 204 380
m 137 103 1 204 380
m 137 115 1 204 380
m 137 156 1 204 380
m 137 203 1 204 380
b 137 2 204 380
m 137 6 2 204 380
m 137 27 2 204 380
m 137 35 2 204 380
m 137 103 2 204 380
m 137 115 2 204 380
m 137 203 2 204 380
b 137 3 204 380
m 137 203 3 13.75 194.25 0.7410403500243075
m 137 115 3 13.75 194.25 0.7410403500243075
m 137 27 3 13.75 194.25 0.7410403500243075
m 137 156 3 13.75 194.25 0.7410403500243075
m 137 35 3 13.75 194.25 0.7410403500243075
m 137 6 3 13.75 194.25 0.7410403500243075
b 141 0 357 432
m 141 201 0 357 432
b 141 1 357 432
b 141 2 357 432
b 141 3 357 432
m 141 201 3 15.0 227.0 -1.0
b 142 0 299 410
b 142 1 299 410
b 142 2 299 410
b 142 3 299 410
b 149 0 420 454
m 149 201 0 420 454
b 149 1 420 454
b 149 2 420 454
m 149 201 2 420 454
b 149 3 420 454
m 149 201 3 15.0 227.0 -1.0
b 151 0 282 371
m 151 33 0 282 371
m 151 154 0 282 371
m 151 188 0 282 371
b 151 1 282 371
m 151 33 1 282 371
m 151 154 1 282 371
m 151 188 1 282 371
b 151 2 282 371
b 151 3 282 371
m 151 154 3 12.75 188.25 0.25
m 151 33 3 12.75 188.25 0.25
b 153 0 267 392
m 153 188 0 267 392
b 153 1 267 392
b 153 2 267 392
b 153 3 267 392
m 153 188 3 11.75 171.25 0.5
b 156 0 209 420
m 156 6 0 209 420
m 156 19 0 209 420
m 156 27 0 209 420
m 156 35 0 209 420
m 156 103 0 209 420
m 156 122 0 209 420
m 156 126 0 209 420
m 156 184 0 209 420
m 156 198 0 209 420
b 156 2 209 420
m 156 6 2 209 420
m 156 19 2 209 420
m 156 27 2 209 420
m 156 35 2 209 420
m 156 103 2 209 420
m 156 122 2 209 420
m 156 126 2 209 420
m 156 184 2 209 420
m 156 198 2 209 420
b 170 0 321 496
b 170 1 321 496
b 170 2 321 496
b 170 3 321 496
b 189 0 254 437
m 189 19 0 254 437
m 189 104 0 254 437
m 189 126 0 254 437
m 189 184 0 254 437
m 189 185 0 254 437
b 189 2 254 437
b 216 0 338 443
b 216 1 338 443
b 216 2 338 443
b 216 3 338 443
b 223 0 280 491
m 223 126 0 280 491
b 223 1 280 491
m 223 126 1 280 491
m 223 189 1 280 491
b 223 2 280 491
m 223 126 2 280 491
b 223 3 280 491
m 223 126 3 11.0 154.0 0.5
m 223 189 3 11.0 154.0 0.5
b 225 0 351 402
m 225 33 0 351 402
b 225 1 351 402
m 225 33 1 351 402
b 225 2 351 402
b 225 3 351 402
m 225 33 3 12.75 188.25 0.25
b 235 0 162 436
m 235 6 0 162 436
m 235 19 0 162 436
m 235 27 0 162 436
m 235 35 0 162 436
m 235 103 0 162 436
m 235 104 0 162 436
m 235 122 0 162 436
m 235 126 0 162 436
m 235 184 0 162 436
m 235 185 0 162 436
m 235 198 0 162 436
b 235 1 162 436
m 235 6 1 162 436
m 235 16 1 162 436
m 235 19 1 162 436
m 235 27 1 162 436
m 235 35 1 162 436
m 235 103 1 162 436
m 235 104 1 162 436
m 235 122 1 162 436
m 235 126 1 162 436
m 235 156 1 162 436
m 235 184 1 162 436
m 235 185 1 162 436
m 235 189 1 162 436
m 235 198 1 162 436
b 235 2 162 436
b 235 3 162 436
m 235 35 3 14.25 212.25 0.5739466862632012
m 235 19 3 14.25 212.25 0.5739466862632012
m 235 184 3 14.25 212.25 0.5739466862632012
m 235 27 3 14.25 212.25 0.5739466862632012
m 235 6 3 14.25 212.25 0.5739466862632012
m 235 122 3 14.25 212.25 0.5739466862632012
m 235 189 3 14.25 212.25 0.5739466862632012
b 239 0 275 335
m 239 33 0 275 335
m 239 134 0 275 335
m 239 154 0 275 335
m 239 188 0 275 335
b 239 1 275 335
m 239 33 1 275 335
m 239 134 1 275 335
m 239 154 1 275 335
m 239 188 1 275 335
b 239 2 275 335
b 239 3 275 335
m 239 188 3 13.0 190.5 0.2
m 239 154 3 13.0 190.5 0.2
b 2 0 85 448
m 2 24 0 85 448
m 2 61 0 85 448
m 2 102 0 85 448
m 2 133 0 85 448
m 2 145 0 85 448
m 2 190 0 85 448
b 2 2 85 448
m 2 24 2 85 448
m 2 61 2 85 448
m 2 102 2 85 448
m 2 133 2 85 448
m 2 145 2 85 448
m 2 190 2 85 448
b 6 0 167 401
m 6 34 0 167 401
b 6 1 167 401
m 6 34 1 167 401
b 6 2 167 401
m 6 34 2 167 401
b 6 3 167 401
m 6 34 3 9.8 128.20000000000002 0.5
b 16 1 134 437
m 16 2 1 134 437
m 16 102 1 134 437
m 16 145 1 134 437
m 16 217 1 134 437
b 19 0 194 493
b 19 1 194 493
b 19 2 194 493
b 19 3 194 493
m 19 185 3 11.2 158.0 1.0
b 27 0 116 379
m 27 34 0 116 379
m 27 62 0 116 379
m 27 86 0 116 379
m 27 102 0 116 379
m 27 114 0 116 379
m 27 145 0 116 379
m 27 230 0 116 379
b 27 1 116 379
m 27 34 1 116 379
m 27 62 1 116 379
m 27 86 1 116 379
m 27 102 1 116 379
m 27 114 1 116 379
m 27 145 1 116 379
m 27 230 1 116 379
b 27 2 116 379
b 27 3 116 379
m 27 62 3 13.2 179.6 0.7704630047344138
m 27 102 3 13.2 179.6 0.7704630047344138
m 27 145 3 13.2 179.6 0.7704630047344138
m 27 34 3 13.2 179.6 0.7704630047344138
m 27 86 3 13.2 179.6 0.7704630047344138
b 33 0 310 364
b 33 1 310 364
m 33 187 1 310 364
m 33 236 1 310 364
b 33 2 310 364
m 33 187 2 310 364
m 33 236 2 310 364
b 33 3 310 364
b 35 0 213 353
m 35 114 0 213 353
b 35 1 213 353
m 35 114 1 213 353
b 35 2 213 353
b 35 3 213 353
m 35 114 3 12.4 165.20000000000002 0.3889712160620077
b 103 0 238 365
b 103 1 238 365
b 103 2 238 365
b 103 3 238 365
b 104 0 248 483
b 104 1 248 483
b 104 2 248 483
b 104 3 248 483
m 104 185 3 11.2 158.0 1.0
b 115 0 180 293
m 115 44 0 180 293
m 115 70 0 180 293
m 115 73 0 180 293
m 115 114 0 180 293
m 115 195 0 180 293
m 115 215 0 180 293
m 115 222 0 180 293
b 115 1 180 293
m 115 44 1 180 293
m 115 70 1 180 293
m 115 73 1 180 293
m 115 114 1 180 293
m 115 195 1 180 293
m 115 215 1 180 293
m 115 222 1 180 293
b 115 2 180 293
b 115 3 180 293
m 115 70 3 13.2 179.6 0.7704630047344138
m 115 44 3 13.2 179.6 0.7704630047344138
m 115 73 3 13.2 179.6 0.7704630047344138
m 115 114 3 13.2 179.6 0.7704630047344138
m 115 195 3 13.2 179.6 0.7704630047344138
b 122 0 165 484
b 122 1 165 484
m 122 2 1 165 484
m 122 217 1 165 484
b 122 2 165 484
b 122 3 165 484
m 122 185 3 11.6 160.8 0.5
m 122 2 3 11.6 160.8 0.5
b 126 0 260 455
b 126 1 260 455
b 126 2 260 455
b 126 3 260 455
m 126 185 3 9.0 120.60000000000001 1.0
b 134 0 324 247
m 134 25 0 324 247
m 134 65 0 324 247
m 134 152 0 324 247
m 134 179 0 324 247
m 134 181 0 324 247
b 134 1 324 247
m 134 25 1 324 247
m 134 65 1 324 247
m 134 152 1 324 247
m 134 179 1 324 247
m 134 181 1 324 247
m 134 187 1 324 247
m 134 236 1 324 247
b 154 0 242 352
m 154 212 0 242 352
b 154 1 242 352
m 154 212 1 242 352
b 154 2 242 352
b 154 3 242 352
m 154 212 3 10.2 136.20000000000002 0.18325791855203616
b 156 1 216 397
b 156 3 216 397
b 184 0 193 493
b 184 1 193 493
m 184 217 1 193 493
b 184 2 193 493
b 184 3 193 493
m 184 185 3 11.2 158.0 1.0
b 185 0 213 447
b 185 1 213 447
m 185 217 1 213 447
b 185 2 213 447
b 187 0 298 259
m 187 25 0 298 259
m 187 152 0 298 259
m 187 199 0 298 259
b 188 0 259 396
b 188 1 259 396
b 188 2 259 396
b 188 3 259 396
b 189 1 268 417
b 189 3 268 417
m 189 185 3 10.0 136.39999999999998 1.0
b 198 0 105 443
m 198 86 0 105 443
m 198 102 0 105 443
m 198 133 0 105 443
m 198 145 0 105 443
m 198 230 0 105 443
b 198 1 105 443
m 198 2 1 105 443
m 198 86 1 105 443
m 198 102 1 105 443
m 198 133 1 105 443
m 198 145 1 105 443
m 198 230 1 105 443
b 198 2 105 443
m 198 86 2 105 443
m 198 102 2 105 443
m 198 133 2 105 443
m 198 145 2 105 443
m 198 230 2 105 443
b 198 3 105 443
m 198 86 3 12.799999999999999 172.8 0.46970846989822324
m 198 145 3 12.799999999999999 172.8 0.46970846989822324
m 198 133 3 12.799999999999999 172.8 0.46970846989822324
b 203 0 166 298
m 203 34 0 166 298
m 203 44 0 166 298
m 203 70 0 166 298
m 203 73 0 166 298
m 203 114 0 166 298
m 203 195 0 166 298
m 203 215 0 166 298
m 203 222 0 166 298
b 203 1 166 298
m 203 34 1 166 298
m 203 44 1 166 298
m 203 70 1 166 298
m 203 73 1 166 298
m 203 114 1 166 298
m 203 195 1 166 298
m 203 215 1 166 298
m 203 222 1 166 298
b 203 2 166 298
m 203 34 2 166 298
m 203 44 2 166 298
m 203 70 2 166 298
m 203 73 2 166 298
m 203 114 2 166 298
m 203 195 2 166 298
m 203 215 2 166 298
m 203 222 2 166 298
b 203 3 166 298
m 203 70 3 13.4 184.20000000000002 0.8225092400924074
m 203 44 3 13.4 184.20000000000002 0.8225092400924074
m 203 73 3 13.4 184.20000000000002 0.8225092400924074
m 203 34 3 13.4 184.20000000000002 0.8225092400924074
m 203 114 3 13.4 184.20000000000002 0.8225092400924074
m 203 215 3 13.4 184.20000000000002 0.8225092400924074
b 217 0 136 496
m 217 190 0 136 496
b 217 2 136 496
b 217 3 136 496
m 217 2 3 12.0 162.8 0.2
b 236 0 339 299
m 236 105 0 339 299
m 236 127 0 339 299
m 236 176 0 339 299
m 236 199 0 339 299
b 2 1 61 446
m 2 24 1 61 446
m 2 61 1 61 446
m 2 85 1 61 446
m 2 100 1 61 446
m 2 159 1 61 446
m 2 190 1 61 446
m 2 193 1 61 446
m 2 214 1 61 446
b 2 3 61 446
m 2 24 3 11.333333333333332 150.66666666666666 0.9044157073016874
m 2 190 3 11.333333333333332 150.66666666666666 0.9044157073016874
m 2 61 3 11.333333333333332 150.66666666666666 0.9044157073016874
m 2 100 3 11.333333333333332 150.66666666666666 0.9044157073016874
m 2 214 3 11.333333333333332 150.66666666666666 0.9044157073016874
m 2 230 3 11.333333333333332 150.66666666666666 0.9044157073016874
m 2 193 3 11.333333333333332 150.66666666666666 0.9044157073016874
m 2 85 3 11.333333333333332 150.66666666666666 0.9044157073016874
m 2 159 3 11.333333333333332 150.66666666666666 0.9044157073016874
b 24 0 45 438
m 24 55 0 45 438
m 24 58 0 45 438
m 24 85 0 45 438
m 24 159 0 45 438
m 24 193 0 45 438
m 24 206 0 45 438
m 24 214 0 45 438
b 24 2 45 438
b 25 0 240 275
m 25 71 0 240 275
m 25 205 0 240 275
b 25 1 240 275
m 25 71 1 240 275
m 25 205 1 240 275
b 34 0 134 415
b 34 1 134 415
b 34 2 134 415
b 34 3 134 415
m 34 230 3 8.5 107.50000000000003 0.5179848966613672
b 44 0 234 329
m 44 111 0 234 329
m 44 164 0 234 329
m 44 205 0 234 329
m 44 226 0 234 329
b 44 1 234 329
m 44 111 1 234 329
m 44 164 1 234 329
m 44 205 1 234 329
m 44 226 1 234 329
b 44 2 234 329
m 44 111 2 234 329
m 44 164 2 234 329
m 44 179 2 234 329
m 44 205 2 234 329
m 44 212 2 234 329
m 44 226 2 234 329
b 44 3 234 329
m 44 179 3 12.166666666666666 157.83333333333331 0.3910378103868543
m 44 111 3 12.166666666666666 157.83333333333331 0.3910378103868543
b 61 0 23 408
m 61 55 0 23 408
m 61 58 0 23 408
m 61 85 0 23 408
m 61 100 0 23 408
m 61 159 0 23 408
m 61 192 0 23 408
m 61 193 0 23 408
m 61 206 0 23 408
m 61 214 0 23 408
b 61 2 23 408
m 61 55 2 23 408
m 61 58 2 23 408
m 61 62 2 23 408
m 61 85 2 23 408
m 61 100 2 23 408
m 61 159 2 23 408
m 61 192 2 23 408
m 61 193 2 23 408
m 61 206 2 23 408
m 61 214 2 23 408
b 62 0 36 378
m 62 9 0 36 378
m 62 23 0 36 378
m 62 88 0 36 378
m 62 193 0 36 378
b 62 1 36 378
m 62 9 1 36 378
m 62 23 1 36 378
m 62 61 1 36 378
m 62 88 1 36 378
m 62 193 1 36 378
b 62 3 36 378
m 62 61 3 12.666666666666666 166.33333333333331 0.7253162511105848
m 62 88 3 12.666666666666666 166.33333333333331 0.7253162511105848
m 62 9 3 12.666666666666666 166.33333333333331 0.7253162511105848
m 62 23 3 12.666666666666666 166.33333333333331 0.7253162511105848
b 65 0 276 196
m 65 43 0 276 196
m 65 71 0 276 196
m 65 84 0 276 196
m 65 205 0 276 196
b 65 1 276 196
m 65 43 1 276 196
m 65 71 1 276 196
m 65 84 1 276 196
m 65 205 1 276 196
b 70 0 207 284
m 70 93 0 207 284
m 70 97 0 207 284
m 70 111 0 207 284
m 70 164 0 207 284
m 70 205 0 207 284
m 70 226 0 207 284
b 70 1 207 284
m 70 93 1 207 284
m 70 97 1 207 284
m 70 111 1 207 284
m 70 164 1 207 284
m 70 205 1 207 284
m 70 226 1 207 284
b 70 2 207 284
b 70 3 207 284
m 70 111 3 12.333333333333334 160.33333333333331 0.5324714275508273
m 70 97 3 12.333333333333334 160.33333333333331 0.5324714275508273
m 70 164 3 12.333333333333334 160.33333333333331 0.5324714275508273
m 70 93 3 12.333333333333334 160.33333333333331 0.5324714275508273
m 70 222 3 12.333333333333334 160.33333333333331 0.5324714275508273
b 73 0 137 263
m 73 4 0 137 263
m 73 14 0 137 263
m 73 30 0 137 263
m 73 69 0 137 263
m 73 93 0 137 263
m 73 97 0 137 263
m 73 120 0 137 263
m 73 164 0 137 263
m 73 175 0 137 263
m 73 191 0 137 263
m 73 226 0 137 263
b 73 1 137 263
m 73 4 1 137 263
m 73 14 1 137 263
m 73 30 1 137 263
m 73 69 1 137 263
m 73 93 1 137 263
m 73 97 1 137 263
m 73 120 1 137 263
m 73 164 1 137 263
m 73 175 1 137 263
m 73 191 1 137 263
m 73 226 1 137 263
b 73 2 137 263
m 73 4 2 137 263
m 73 14 2 137 263
m 73 30 2 137 263
m 73 69 2 137 263
m 73 93 2 137 263
m 73 97 2 137 263
m 73 120 2 137 263
m 73 164 2 137 263
m 73 175 2 137 263
m 73 191 2 137 263
m 73 226 2 137 263
b 73 3 137 263
m 73 4 3 13.0 173.66666666666666 0.8485113250180066
m 73 30 3 13.0 173.66666666666666 0.8485113250180066
m 73 222 3 13.0 173.66666666666666 0.8485113250180066
m 73 69 3 13.0 173.66666666666666 0.8485113250180066
m 73 226 3 13.0 173.66666666666666 0.8485113250180066
m 73 93 3 13.0 173.66666666666666 0.8485113250180066
m 73 191 3 13.0 173.66666666666666 0.8485113250180066
m 73 97 3 13.0 173.66666666666666 0.8485113250180066
m 73 164 3 13.0 173.66666666666666 0.8485113250180066
m 73 120 3 13.0 173.66666666666666 0.8485113250180066
m 73 175 3 13.0 173.66666666666666 0.8485113250180066
b 86 0 114 367
m 86 9 0 114 367
m 86 193 0 114 367
b 86 1 114 367
m 86 9 1 114 367
m 86 193 1 114 367
b 86 2 114 367
m 86 9 2 114 367
m 86 62 2 114 367
m 86 193 2 114 367
b 86 3 114 367
m 86 9 3 11.833333333333334 153.83333333333331 0.2
b 102 0 141 437
b 102 1 141 437
m 102 190 1 141 437
b 102 2 141 437
b 102 3 141 437
b 105 0 429 280
m 105 13 0 429 280
m 105 18 0 429 280
m 105 59 0 429 280
b 114 0 145 287
m 114 14 0 145 287
m 114 93 0 145 287
m 114 97 0 145 287
b 114 1 145 287
m 114 14 1 145 287
m 114 93 1 145 287
m 114 97 1 145 287
b 114 2 145 287
b 114 3 145 287
m 114 222 3 11.333333333333334 143.66666666666669 0.3479367693003076
m 114 93 3 11.333333333333334 143.66666666666669 0.3479367693003076
b 127 0 385 339
m 127 59 0 385 339
m 127 80 0 385 339
b 133 0 105 498
m 133 85 0 105 498
m 133 100 0 105 498
m 133 159 0 105 498
m 133 214 0 105 498
b 133 1 105 498
b 133 2 105 498
b 133 3 105 498
m 133 85 3 11.666666666666666 150.0 0.34534756072516987
m 133 24 3 11.666666666666666 150.0 0.34534756072516987
m 133 214 3 11.666666666666666 150.0 0.34534756072516987
b 145 0 59 388
m 145 9 0 59 388
m 145 88 0 59 388
m 145 193 0 59 388
b 145 1 59 388
m 145 9 1 59 388
m 145 24 1 59 388
m 145 61 1 59 388
m 145 88 1 59 388
m 145 193 1 59 388
b 145 2 59 388
m 145 9 2 59 388
m 145 62 2 59 388
m 145 88 2 59 388
m 145 193 2 59 388
b 145 3 59 388
m 145 9 3 12.833333333333334 169.83333333333331 0.7932170632533562
m 145 61 3 12.833333333333334 169.83333333333331 0.7932170632533562
m 145 88 3 12.833333333333334 169.83333333333331 0.7932170632533562
m 145 193 3 12.833333333333334 169.83333333333331 0.7932170632533562
b 152 0 226 207
m 152 71 0 226 207
m 152 164 0 226 207
m 152 205 0 226 207
b 152 1 226 207
b 176 0 372 300
b 179 0 291 300
m 179 111 0 291 300
m 179 205 0 291 300
m 179 226 0 291 300
b 179 1 291 300
m 179 111 1 291 300
m 179 205 1 291 300
m 179 226 1 291 300
b 181 0 201 240
m 181 71 0 201 240
m 181 111 0 201 240
m 181 164 0 201 240
m 181 173 0 201 240
m 181 205 0 201 240
b 181 1 201 240
b 185 3 233 434
b 187 1 275 250
m 187 71 1 275 250
b 187 2 275 250
m 187 25 2 275 250
m 187 65 2 275 250
m 187 71 2 275 250
m 187 134 2 275 250
m 187 152 2 275 250
m 187 179 2 275 250
b 190 0 130 454
m 190 85 0 130 454
m 190 159 0 130 454
m 190 214 0 130 454
b 190 2 130 454
m 190 85 2 130 454
m 190 159 2 130 454
m 190 214 2 130 454
b 195 0 200 346
m 195 111 0 200 346
m 195 164 0 200 346
m 195 205 0 200 346
m 195 226 0 200 346
b 195 1 200 346
m 195 111 1 200 346
m 195 164 1 200 346
m 195 205 1 200 346
m 195 226 1 200 346
b 195 2 200 346
b 195 3 200 346
m 195 205 3 11.833333333333334 153.83333333333331 0.2
m 195 164 3 11.833333333333334 153.83333333333331 0.2
b 199 0 371 328
m 199 59 0 371 328
m 199 80 0 371 328
b 212 0 243 359
m 212 111 0 243 359
b 212 1 243 359
m 212 111 1 243 359
b 212 3 243 359
b 215 0 221 267
m 215 97 0 221 267
m 215 111 0 221 267
m 215 164 0 221 267
m 215 205 0 221 267
m 215 226 0 221 267
b 215 1 221 267
b 215 2 221 267
m 215 97 2 221 267
m 215 111 2 221 267
m 215 164 2 221 267
m 215 179 2 221 267
m 215 181 2 221 267
m 215 205 2 221 267
m 215 212 2 221 267
m 215 226 2 221 267
b 215 3 221 267
m 215 179 3 12.666666666666666 167.00000000000003 0.5966985353675842
m 215 97 3 12.666666666666666 167.00000000000003 0.5966985353675842
m 215 222 3 12.666666666666666 167.00000000000003 0.5966985353675842
m 215 205 3 12.666666666666666 167.00000000000003 0.5966985353675842
m 215 181 3 12.666666666666666 167.00000000000003 0.5966985353675842
b 217 1 160 492
b 222 0 215 313
m 222 97 0 215 313
m 222 111 0 215 313
m 222 164 0 215 313
m 222 205 0 215 313
m 222 226 0 215 313
b 222 1 215 313
m 222 97 1 215 313
m 222 111 1 215 313
m 222 164 1 215 313
m 222 205 1 215 313
m 222 226 1 215 313
b 222 2 215 313
b 230 0 66 406
m 230 88 0 66 406
m 230 159 0 66 406
m 230 193 0 66 406
b 230 1 66 406
m 230 24 1 66 406
m 230 61 1 66 406
m 230 88 1 66 406
m 230 159 1 66 406
m 230 193 1 66 406
b 230 2 66 406
m 230 62 2 66 406
m 230 88 2 66 406
m 230 159 2 66 406
m 230 193 2 66 406
b 236 1 315 299
m 236 176 1 315 299
b 236 2 315 299
b 4 0 161 193
m 4 41 0 161 193
m 4 68 0 161 193
m 4 130 0 161 193
m 4 140 0 161 193
m 4 204 0 161 193
m 4 218 0 161 193
m 4 227 0 161 193
b 4 1 161 193
m 4 41 1 161 193
m 4 68 1 161 193
m 4 130 1 161 193
m 4 140 1 161 193
m 4 173 1 161 193
m 4 204 1 161 193
m 4 218 1 161 193
m 4 227 1 161 193
b 4 2 161 193
b 4 3 161 193
m 4 14 3 12.428571428571429 160.42857142857144 0.606952489751517
m 4 204 3 12.428571428571429 160.42857142857144 0.606952489751517
m 4 140 3 12.428571428571429 160.42857142857144 0.606952489751517
m 4 218 3 12.428571428571429 160.42857142857144 0.606952489751517
m 4 227 3 12.428571428571429 160.42857142857144 0.606952489751517
m 4 68 3 12.428571428571429 160.42857142857144 0.606952489751517
b 9 0 81 299
m 9 64 0 81 299
m 9 94 0 81 299
m 9 136 0 81 299
m 9 162 0 81 299
m 9 232 0 81 299
b 9 1 81 299
m 9 64 1 81 299
m 9 94 1 81 299
m 9 136 1 81 299
m 9 162 1 81 299
m 9 232 1 81 299
b 9 2 81 299
b 9 3 81 299
m 9 136 3 11.714285714285715 147.7142857142857 0.29376951877335794
b 13 0 414 233
m 13 5 0 414 233
m 13 54 0 414 233
m 13 90 0 414 233
m 13 113 0 414 233
m 13 144 0 414 233
b 14 0 153 217
m 14 68 0 153 217
m 14 130 0 153 217
m 14 227 0 153 217
b 14 1 153 217
b 14 2 153 217
m 14 68 2 153 217
m 14 130 2 153 217
m 14 173 2 153 217
m 14 227 2 153 217
b 18 0 400 322
m 18 5 0 400 322
m 18 96 0 400 322
b 23 0 10 280
m 23 64 0 10 280
m 23 94 0 10 280
m 23 109 0 10 280
m 23 136 0 10 280
m 23 155 0 10 280
m 23 162 0 10 280
m 23 224 0 10 280
m 23 232 0 10 280
b 23 1 10 280
m 23 64 1 10 280
m 23 94 1 10 280
m 23 109 1 10 280
m 23 136 1 10 280
m 23 155 1 10 280
m 23 162 1 10 280
m 23 224 1 10 280
m 23 232 1 10 280
b 23 3 10 280
m 23 136 3 12.142857142857144 154.14285714285714 0.6737863327133078
m 23 232 3 12.142857142857144 154.14285714285714 0.6737863327133078
m 23 162 3 12.142857142857144 154.14285714285714 0.6737863327133078
m 23 224 3 12.142857142857144 154.14285714285714 0.6737863327133078
m 23 94 3 12.142857142857144 154.14285714285714 0.6737863327133078
m 23 64 3 12.142857142857144 154.14285714285714 0.6737863327133078
b 24 1 32 458
m 24 55 1 32 458
m 24 58 1 32 458
m 24 192 1 32 458
m 24 206 1 32 458
b 24 3 32 458
m 24 192 3 10.285714285714285 131.42857142857142 0.25
m 24 58 3 10.285714285714285 131.42857142857142 0.25
b 25 2 217 280
b 30 0 115 263
m 30 68 0 115 263
m 30 130 0 115 263
m 30 204 0 115 263
b 30 1 115 263
m 30 68 1 115 263
m 30 130 1 115 263
m 30 173 1 115 263
m 30 204 1 115 263
b 30 2 115 263
m 30 68 2 115 263
m 30 130 2 115 263
m 30 173 2 115 263
m 30 204 2 115 263
b 30 3 115 263
m 30 14 3 12.142857142857142 155.85714285714286 0.30406641059573397
m 30 173 3 12.142857142857142 155.85714285714286 0.30406641059573397
b 43 0 321 148
m 43 28 0 321 148
m 43 47 0 321 148
m 43 52 0 321 148
m 43 75 0 321 148
m 43 79 0 321 148
m 43 87 0 321 148
m 43 110 0 321 148
m 43 118 0 321 148
m 43 211 0 321 148
m 43 233 0 321 148
b 43 1 321 148
m 43 28 1 321 148
m 43 47 1 321 148
m 43 52 1 321 148
m 43 75 1 321 148
m 43 79 1 321 148
m 43 87 1 321 148
m 43 110 1 321 148
m 43 118 1 321 148
m 43 211 1 321 148
m 43 233 1 321 148
b 55 0 4 406
b 55 2 4 406
b 58 0 45 429
b 58 2 45 429
b 59 0 414 274
m 59 5 0 414 274
m 59 96 0 414 274
b 61 1 17 385
m 61 55 1 17 385
m 61 58 1 17 385
m 61 136 1 17 385
m 61 192 1 17 385
b 61 3 17 385
m 61 192 3 10.571428571428571 134.28571428571428 0.37398421829152484
m 61 58 3 10.571428571428571 134.28571428571428 0.37398421829152484
b 62 2 12 382
b 65 2 288 176
b 69 0 160 217
m 69 41 0 160 217
m 69 68 0 160 217
m 69 130 0 160 217
m 69 227 0 160 217
b 69 1 160 217
m 69 41 1 160 217
m 69 68 1 160 217
m 69 130 1 160 217
m 69 173 1 160 217
m 69 227 1 160 217
b 69 2 160 217
b 69 3 160 217
m 69 14 3 12.285714285714285 158.0 0.4755937500112988
m 69 227 3 12.285714285714285 158.0 0.4755937500112988
b 71 0 271 247
b 71 1 271 247
b 71 2 271 247
b 80 0 369 383
m 80 201 0 369 383
b 84 0 264 141
m 84 28 0 264 141
m 84 47 0 264 141
m 84 52 0 264 141
m 84 75 0 264 141
m 84 79 0 264 141
m 84 87 0 264 141
m 84 110 0 264 141
m 84 166 0 264 141
m 84 211 0 264 141
m 84 233 0 264 141
b 84 1 264 141
m 84 28 1 264 141
m 84 47 1 264 141
m 84 52 1 264 141
m 84 75 1 264 141
m 84 79 1 264 141
m 84 87 1 264 141
m 84 110 1 264 141
m 84 166 1 264 141
m 84 211 1 264 141
m 84 233 1 264 141
b 85 0 96 452
b 85 1 96 452
m 85 58 1 96 452
m 85 192 1 96 452
b 85 2 96 452
b 85 3 96 452
m 85 58 3 10.142857142857142 130.42857142857142 0.3333333333333333
b 88 0 59 306
m 88 64 0 59 306
m 88 94 0 59 306
m 88 136 0 59 306
m 88 155 0 59 306
m 88 162 0 59 306
m 88 224 0 59 306
m 88 232 0 59 306
b 88 1 59 306
m 88 64 1 59 306
m 88 94 1 59 306
m 88 136 1 59 306
m 88 155 1 59 306
m 88 162 1 59 306
m 88 224 1 59 306
m 88 232 1 59 306
b 88 2 59 306
m 88 23 2 59 306
m 88 64 2 59 306
m 88 94 2 59 306
m 88 136 2 59 306
m 88 155 2 59 306
m 88 162 2 59 306
m 88 224 2 59 306
m 88 232 2 59 306
b 88 3 59 306
m 88 155 3 11.857142857142858 149.57142857142856 0.4586340811174948
m 88 232 3 11.857142857142858 149.57142857142856 0.4586340811174948
m 88 224 3 11.857142857142858 149.57142857142856 0.4586340811174948
m 88 136 3 11.857142857142858 149.57142857142856 0.4586340811174948
b 93 0 155 268
m 93 68 0 155 268
m 93 130 0 155 268
m 93 204 0 155 268
m 93 232 0 155 268
b 93 1 155 268
b 93 2 155 268
m 93 68 2 155 268
m 93 130 2 155 268
m 93 173 2 155 268
m 93 204 2 155 268
m 93 232 2 155 268
b 93 3 155 268
m 93 68 3 11.428571428571429 142.57142857142856 0.3860417849743496
m 93 14 3 11.428571428571429 142.57142857142856 0.3860417849743496
m 93 130 3 11.428571428571429 142.57142857142856 0.3860417849743496
b 97 0 196 273
m 97 68 0 196 273
b 97 1 196 273
b 97 2 196 273
m 97 68 2 196 273
m 97 173 2 196 273
b 97 3 196 273
m 97 14 3 11.428571428571429 142.57142857142856 0.3860417849743496
m 97 68 3 11.428571428571429 142.57142857142856 0.3860417849743496
b 100 0 50 467
b 100 1 50 467
m 100 58 1 50 467
m 100 192 1 50 467
b 100 2 50 467
b 100 3 50 467
b 111 0 188 310
b 111 1 188 310
b 111 2 188 310
b 111 3 188 310
b 120 0 136 195
m 120 41 0 136 195
m 120 68 0 136 195
m 120 130 0 136 195
m 120 140 0 136 195
m 120 204 0 136 195
m 120 227 0 136 195
b 120 1 136 195
m 120 41 1 136 195
m 120 68 1 136 195
m 120 130 1 136 195
m 120 140 1 136 195
m 120 173 1 136 195
m 120 204 1 136 195
m 120 227 1 136 195
b 120 2 136 195
m 120 41 2 136 195
m 120 68 2 136 195
m 120 130 2 136 195
m 120 140 2 136 195
m 120 173 2 136 195
m 120 204 2 136 195
m 120 227 2 136 195
b 120 3 136 195
m 120 204 3 12.285714285714285 158.0 0.4755937500112988
m 120 227 3 12.285714285714285 158.0 0.4755937500112988
m 120 68 3 12.285714285714285 158.0 0.4755937500112988
m 120 130 3 12.285714285714285 158.0 0.4755937500112988
b 134 2 337 201
b 152 2 204 198
b 159 0 86 490
b 159 1 86 490
m 159 58 1 86 490
m 159 192 1 86 490
b 159 2 86 490
b 159 3 86 490
b 164 0 201 297
m 164 68 0 201 297
b 164 1 201 297
m 164 68 1 201 297
b 164 2 201 297
m 164 68 2 201 297
b 164 3 201 297
m 164 25 3 11.428571428571429 142.57142857142856 0.3860417849743496
m 164 14 3 11.428571428571429 142.57142857142856 0.3860417849743496
m 164 68 3 11.428571428571429 142.57142857142856 0.3860417849743496
b 173 0 157 235
m 173 68 0 157 235
m 173 130 0 157 235
m 173 140 0 157 235
m 173 227 0 157 235
b 175 0 137 250
m 175 68 0 137 250
m 175 204 0 137 250
m 175 232 0 137 250
b 175 1 137 250
m 175 68 1 137 250
m 175 173 1 137 250
m 175 204 1 137 250
m 175 232 1 137 250
b 175 2 137 250
m 175 68 2 137 250
m 175 173 2 137 250
m 175 204 2 137 250
m 175 232 2 137 250
b 175 3 137 250
m 175 232 3 12.285714285714285 158.0 0.4755937500112988
m 175 204 3 12.285714285714285 158.0 0.4755937500112988
b 176 1 349 307
m 176 59 1 349 307
m 176 105 1 349 307
m 176 127 1 349 307
m 176 199 1 349 307
b 179 2 309 316
b 179 3 309 316
m 179 25 3 10.857142857142858 136.57142857142856 0.3333333333333333
b 181 2 177 237
m 181 68 2 177 237
m 181 130 2 177 237
m 181 173 2 177 237
m 181 227 2 177 237
b 181 3 177 237
m 181 25 3 12.0 152.2857142857143 0.549313380927525
m 181 152 3 12.0 152.2857142857143 0.549313380927525
m 181 68 3 12.0 152.2857142857143 0.549313380927525
m 181 14 3 12.0 152.2857142857143 0.549313380927525
m 181 130 3 12.0 152.2857142857143 0.549313380927525
b 190 1 151 444
b 190 3 151 444
b 191 0 37 231
m 191 64 0 37 231
m 191 74 0 37 231
m 191 94 0 37 231
m 191 108 0 37 231
m 191 109 0 37 231
m 191 124 0 37 231
m 191 162 0 37 231
m 191 177 0 37 231
m 191 204 0 37 231
m 191 232 0 37 231
b 191 1 37 231
m 191 64 1 37 231
m 191 74 1 37 231
m 191 94 1 37 231
m 191 108 1 37 231
m 191 109 1 37 231
m 191 124 1 37 231
m 191 162 1 37 231
m 191 177 1 37 231
m 191 204 1 37 231
m 191 232 1 37 231
b 191 2 37 231
m 191 64 2 37 231
m 191 74 2 37 231
m 191 94 2 37 231
m 191 108 2 37 231
m 191 109 2 37 231
m 191 124 2 37 231
m 191 162 2 37 231
m 191 177 2 37 231
m 191 204 2 37 231
m 191 232 2 37 231
b 191 3 37 231
m 191 94 3 12.857142857142856 169.42857142857144 0.8609514633930974
m 191 204 3 12.857142857142856 169.42857142857144 0.8609514633930974
m 191 108 3 12.857142857142856 169.42857142857144 0.8609514633930974
m 191 74 3 12.857142857142856 169.42857142857144 0.8609514633930974
m 191 124 3 12.857142857142856 169.42857142857144 0.8609514633930974
m 191 64 3 12.857142857142856 169.42857142857144 0.8609514633930974
m 191 177 3 12.857142857142856 169.42857142857144 0.8609514633930974
m 191 162 3 12.857142857142856 169.42857142857144 0.8609514633930974
m 191 232 3 12.857142857142856 169.42857142857144 0.8609514633930974
b 192 0 32 464
b 192 2 32 464
b 193 0 49 443
b 193 1 49 443
b 193 2 49 443
b 193 3 49 443
m 193 58 3 10.428571428571427 132.71428571428572 0.08358302073116412
b 205 0 225 208
m 205 68 0 225 208
m 205 130 0 225 208
m 205 227 0 225 208
b 205 1 225 208
m 205 68 1 225 208
m 205 130 1 225 208
m 205 173 1 225 208
m 205 227 1 225 208
b 205 2 225 208
m 205 68 2 225 208
m 205 130 2 225 208
m 205 173 2 225 208
m 205 227 2 225 208
b 205 3 225 208
m 205 130 3 11.428571428571429 143.42857142857142 0.29305555555555557
m 205 25 3 11.428571428571429 143.42857142857142 0.29305555555555557
b 206 0 20 441
b 206 2 20 441
b 212 2 237 382
b 214 0 54 485
b 214 1 54 485
m 214 58 1 54 485
m 214 192 1 54 485
b 214 2 54 485
b 214 3 54 485
m 214 192 3 10.142857142857142 130.42857142857142 0.3333333333333333
b 222 3 239 315
m 222 25 3 10.714285714285714 137.57142857142856 1.0
b 226 0 235 309
b 226 1 235 309
b 226 2 235 309
b 226 3 235 309
m 226 25 3 11.428571428571429 149.42857142857144 0.5
b 230 3 42 409
m 230 136 3 10.142857142857142 130.42857142857142 0.3333333333333333
b 5 0 430 342
b 14 3 170 200
m 14 41 3 11.25 141.5 0.3333333333333333
b 23 2 13 257
b 25 3 193 284
m 25 187 3 10.25 125.24999999999999 0.5
m 25 71 3 10.25 125.24999999999999 0.5
b 28 0 357 187
m 28 81 0 357 187
m 28 172 0 357 187
b 28 1 357 187
m 28 81 1 357 187
m 28 172 1 357 187
b 41 0 135 200
m 41 0 0 135 200
m 41 138 0 135 200
m 41 146 0 135 200
b 41 1 135 200
m 41 0 1 135 200
m 41 138 1 135 200
m 41 146 1 135 200
b 41 2 135 200
b 47 0 351 195
b 47 1 351 195
b 52 0 303 72
m 52 63 0 303 72
m 52 92 0 303 72
m 52 107 0 303 72
m 52 119 0 303 72
m 52 168 0 303 72
b 52 1 303 72
b 54 0 453 258
b 55 1 5 382
b 58 1 69 433
b 58 3 69 433
m 58 206 3 9.25 115.49999999999999 0.01236613972463041
b 59 1 405 252
b 64 0 50 338
b 64 1 50 338
b 64 2 50 338
b 64 3 50 338
m 64 109 3 10.750000000000002 135.0 1.0
b 68 0 193 256
b 68 1 193 256
b 68 2 193 256
b 68 3 193 256
b 74 0 49 173
m 74 42 0 49 173
m 74 46 0 49 173
m 74 146 0 49 173
m 74 221 0 49 173
b 74 1 49 173
m 74 42 1 49 173
m 74 46 1 49 173
m 74 146 1 49 173
m 74 221 1 49 173
b 74 2 49 173
b 74 3 49 173
m 74 46 3 11.874999999999998 151.375 0.2
m 74 42 3 11.874999999999998 151.375 0.2
b 75 0 335 84
m 75 63 0 335 84
m 75 119 0 335 84
m 75 143 0 335 84
b 75 1 335 84
m 75 63 1 335 84
m 75 119 1 335 84
m 75 143 1 335 84
b 79 0 320 186
b 79 1 320 186
b 87 0 395 177
m 87 67 0 395 177
m 87 81 0 395 177
m 87 172 0 395 177
b 87 1 395 177
m 87 67 1 395 177
m 87 81 1 395 177
m 87 172 1 395 177
b 90 0 390 217
m 90 72 0 390 217
m 90 172 0 390 217
b 94 0 22 325
b 94 1 22 325
b 94 2 22 325
b 94 3 22 325
m 94 109 3 10.750000000000002 135.0 1.0
b 96 0 479 287
b 105 1 458 318
m 105 5 1 458 318
m 105 18 1 458 318
m 105 96 1 458 318
b 108 0 62 169
m 108 42 0 62 169
m 108 46 0 62 169
m 108 146 0 62 169
m 108 221 0 62 169
b 108 1 62 169
m 108 42 1 62 169
m 108 46 1 62 169
m 108 146 1 62 169
m 108 221 1 62 169
b 108 2 62 169
m 108 42 2 62 169
m 108 46 2 62 169
m 108 146 2 62 169
m 108 221 2 62 169
b 108 3 62 169
m 108 46 3 11.874999999999998 151.375 0.2
m 108 42 3 11.874999999999998 151.375 0.2
b 109 0 18 320
b 109 1 18 320
b 109 2 18 320
b 110 0 264 147
m 110 119 0 264 147
b 110 1 264 147
m 110 119 1 264 147
b 113 0 480 321
b 118 0 412 161
m 118 67 0 412 161
m 118 81 0 412 161
m 118 172 0 412 161
m 118 174 0 412 161
b 118 1 412 161
m 118 67 1 412 161
m 118 81 1 412 161
m 118 90 1 412 161
m 118 172 1 412 161
m 118 174 1 412 161
b 124 0 5 245
b 124 1 5 245
b 124 2 5 245
b 124 3 5 245
m 124 109 3 11.374999999999998 148.375 1.0
b 127 1 358 378
m 127 201 1 358 378
b 130 0 189 253
b 130 1 189 253
b 130 2 189 253
b 130 3 189 253
m 130 41 3 10.125 124.87499999999999 1.0
b 136 0 60 335
b 136 1 60 335
b 136 2 60 335
b 136 3 60 335
m 136 109 3 10.5 129.74999999999997 0.5
b 140 0 80 231
m 140 146 0 80 231
b 140 1 80 231
m 140 146 1 80 231
b 140 2 80 231
m 140 146 2 80 231
b 140 3 80 231
m 140 146 3 11.125 140.875 0.5
m 140 41 3 11.125 140.875 0.5
b 144 0 454 243
m 144 56 0 454 243
b 152 3 181 189
b 155 0 31 358
b 155 1 31 358
b 155 2 31 358
b 155 3 31 358
m 155 55 3 10.625 131.375 0.5
m 155 109 3 10.625 131.375 0.5
b 162 0 70 332
b 162 1 70 332
b 162 2 70 332
b 162 3 70 332
m 162 109 3 10.750000000000002 135.0 1.0
b 166 0 257 143
m 166 119 0 257 143
m 166 168 0 257 143
b 166 1 257 143
b 173 1 137 248
b 173 2 137 248
b 173 3 137 248
m 173 41 3 10.75 136.5 1.0
b 177 0 58 231
m 177 146 0 58 231
b 177 1 58 231
m 177 146 1 58 231
b 177 2 58 231
m 177 146 2 58 231
b 177 3 58 231
m 177 146 3 11.499999999999998 148.75 0.5
b 192 1 54 453
b 192 3 54 453
m 192 206 3 9.25 115.49999999999999 0.01236613972463041
b 199 1 358 374
b 204 0 80 286
b 204 1 80 286
b 204 2 80 286
b 204 3 80 286
b 206 1 36 423
b 211 0 297 87
m 211 63 0 297 87
m 211 119 0 297 87
b 211 1 297 87
b 218 0 227 159
m 218 0 0 227 159
m 218 3 0 227 159
m 218 53 0 227 159
m 218 57 0 227 159
m 218 125 0 227 159
m 218 138 0 227 159
m 218 186 0 227 159
b 218 1 227 159
m 218 0 1 227 159
m 218 3 1 227 159
m 218 53 1 227 159
m 218 57 1 227 159
m 218 125 1 227 159
m 218 138 1 227 159
m 218 186 1 227 159
b 218 3 227 159
m 218 138 3 12.25 155.5 0.7262388863170508
m 218 186 3 12.25 155.5 0.7262388863170508
m 218 53 3 12.25 155.5 0.7262388863170508
m 218 125 3 12.25 155.5 0.7262388863170508
m 218 0 3 12.25 155.5 0.7262388863170508
b 224 0 22 358
b 224 1 22 358
b 224 2 22 358
b 224 3 22 358
m 224 55 3 10.875000000000002 135.375 0.5
m 224 109 3 10.875000000000002 135.375 0.5
b 227 0 225 166
m 227 53 0 225 166
m 227 57 0 225 166
m 227 125 0 225 166
m 227 186 0 225 166
b 227 1 225 166
m 227 53 1 225 166
m 227 57 1 225 166
m 227 125 1 225 166
m 227 186 1 225 166
b 227 2 225 166
m 227 53 2 225 166
m 227 57 2 225 166
m 227 125 2 225 166
m 227 186 2 225 166
m 227 218 2 225 166
b 227 3 225 166
m 227 53 3 11.625 144.875 0.3375507043047655
m 227 125 3 11.625 144.875 0.3375507043047655
b 232 0 72 220
m 232 146 0 72 220
b 232 1 72 220
m 232 146 1 72 220
b 232 2 72 220
m 232 146 2 72 220
b 232 3 72 220
m 232 146 3 10.750000000000002 135.0 1.0
b 233 0 335 99
m 233 63 0 335 99
m 233 81 0 335 99
m 233 119 0 335 99
m 233 143 0 335 99
m 233 167 0 335 99
m 233 174 0 335 99
m 233 183 0 335 99
b 233 1 335 99
m 233 63 1 335 99
m 233 81 1 335 99
m 233 119 1 335 99
m 233 143 1 335 99
m 233 167 1 335 99
m 233 174 1 335 99
m 233 183 1 335 99
b 0 0 96 127
m 0 89 0 96 127
b 0 1 96 127
b 0 3 96 127
m 0 89 3 11.777777777777779 145.33333333333334 0.4841502898611295
m 0 57 3 11.777777777777779 145.33333333333334 0.4841502898611295
b 3 0 91 152
m 3 89 0 91 152
b 3 1 91 152
m 3 89 1 91 152
b 5 1 417 361
m 5 113 1 417 361
b 18 1 352 325
b 41 3 140 224
b 42 0 2 125
m 42 135 0 2 125
m 42 210 0 2 125
b 42 1 2 125
m 42 135 1 2 125
m 42 210 1 2 125
b 42 2 2 125
m 42 135 2 2 125
m 42 210 2 2 125
b 42 3 2 125
m 42 135 3 11.111111111111109 137.33333333333331 0.20659498207885307
b 46 0 31 182
m 46 210 0 31 182
b 46 1 31 182
m 46 210 1 31 182
b 46 2 31 182
b 46 3 31 182
m 46 221 3 10.888888888888888 135.55555555555554 0.07513349425791818
b 53 0 159 189
b 53 1 159 189
b 53 2 159 189
m 53 0 2 159 189
m 53 3 2 159 189
m 53 138 2 159 189
b 53 3 159 189
m 53 3 3 11.333333333333334 140.0 0.25
b 55 3 6 358
b 56 0 485 277
m 56 91 0 485 277
b 57 0 121 167
m 57 89 0 121 167
m 57 116 0 121 167
b 57 1 121 167
b 57 2 121 167
m 57 0 2 121 167
m 57 3 2 121 167
m 57 89 2 121 167
m 57 116 2 121 167
m 57 138 2 121 167
b 63 0 309 92
m 63 22 0 309 92
b 63 1 309 92
m 63 22 1 309 92
m 63 92 1 309 92
m 63 107 1 309 92
b 67 0 456 131
m 67 7 0 456 131
m 67 10 0 456 131
m 67 21 0 456 131
m 67 98 0 456 131
m 67 106 0 456 131
m 67 202 0 456 131
m 67 207 0 456 131
b 67 1 456 131
b 71 3 262 294
m 71 236 3 9.333333333333332 111.77777777777776 0.510843685300207
m 71 176 3 9.333333333333332 111.77777777777776 0.510843685300207
b 72 0 406 215
m 72 91 0 406 215
m 72 106 0 406 215
m 72 202 0 406 215
b 81 0 338 104
b 81 1 338 104
b 90 1 367 209
m 90 13 1 367 209
m 90 72 1 367 209
b 92 0 300 85
m 92 22 0 300 85
m 92 171 0 300 85
m 92 213 0 300 85
b 96 1 481 263
m 96 54 1 481 263
m 96 56 1 481 263
m 96 113 1 481 263
m 96 144 1 481 263
b 107 0 303 82
m 107 22 0 303 82
m 107 49 0 303 82
m 107 60 0 303 82
m 107 150 0 303 82
m 107 171 0 303 82
m 107 213 0 303 82
b 109 3 30 341
b 119 0 303 137
b 119 1 303 137
m 119 92 1 303 137
m 119 107 1 303 137
m 119 168 1 303 137
b 125 0 172 96
m 125 20 0 172 96
m 125 89 0 172 96
m 125 116 0 172 96
m 125 157 0 172 96
m 125 220 0 172 96
b 125 1 172 96
m 125 20 1 172 96
m 125 89 1 172 96
m 125 116 1 172 96
m 125 157 1 172 96
m 125 168 1 172 96
m 125 220 1 172 96
b 125 2 172 96
m 125 20 2 172 96
m 125 89 2 172 96
m 125 116 2 172 96
m 125 138 2 172 96
m 125 157 2 172 96
m 125 168 2 172 96
m 125 220 2 172 96
b 125 3 172 96
m 125 57 3 11.777777777777779 145.33333333333334 0.4841502898611295
m 125 220 3 11.777777777777779 145.33333333333334 0.4841502898611295
m 125 168 3 11.777777777777779 145.33333333333334 0.4841502898611295
m 125 89 3 11.777777777777779 145.33333333333334 0.4841502898611295
b 138 0 138 172
m 138 89 0 138 172
b 138 1 138 172
m 138 89 1 138 172
b 138 3 138 172
m 138 57 3 11.444444444444445 141.0 0.2
m 138 3 3 11.444444444444445 141.0 0.2
b 143 0 318 75
m 143 50 0 318 75
m 143 147 0 318 75
b 143 1 318 75
m 143 50 1 318 75
m 143 147 1 318 75
b 146 0 57 236
b 146 1 57 236
b 146 2 57 236
b 146 3 57 236
b 167 0 345 76
m 167 17 0 345 76
m 167 50 0 345 76
m 167 147 0 345 76
b 167 1 345 76
b 168 0 232 135
m 168 116 0 232 135
m 168 220 0 232 135
b 172 0 344 151
b 172 1 344 151
m 172 13 1 344 151
m 172 72 1 344 151
b 174 0 390 70
m 174 7 0 390 70
m 174 10 0 390 70
m 174 21 0 390 70
m 174 50 0 390 70
m 174 147 0 390 70
m 174 231 0 390 70
m 174 238 0 390 70
b 174 1 390 70
b 183 0 370 122
m 183 50 0 370 122
m 183 147 0 370 122
m 183 150 0 370 122
b 183 1 370 122
b 186 0 130 171
m 186 89 0 130 171
m 186 116 0 130 171
b 186 1 130 171
b 186 2 130 171
m 186 0 2 130 171
m 186 3 2 130 171
m 186 89 2 130 171
m 186 116 2 130 171
m 186 138 2 130 171
b 186 3 130 171
m 186 57 3 11.444444444444445 141.0 0.2
m 186 3 3 11.444444444444445 141.0 0.2
b 187 3 209 223
b 206 3 51 405
b 218 2 250 165
m 218 110 2 250 165
m 218 166 2 250 165
m 218 168 2 250 165
b 221 0 98 149
m 221 89 0 98 149
b 221 1 98 149
m 221 89 1 98 149
b 221 2 98 149
b 0 2 72 126
m 0 219 2 72 126
b 3 2 69 161
m 3 219 2 69 161
b 3 3 69 161
m 3 219 3 10.399999999999999 126.4 0.008768433638899842
b 7 0 462 29
m 7 32 0 462 29
m 7 39 0 462 29
m 7 158 0 462 29
m 7 160 0 462 29
m 7 182 0 462 29
b 10 0 476 142
b 13 1 358 187
m 13 106 1 358 187
b 17 0 348 21
m 17 209 0 348 21
b 20 0 171 101
m 20 161 0 171 101
b 20 1 171 101
b 20 2 171 101
m 20 161 2 171 101
b 21 0 440 151
b 22 0 339 36
m 22 209 0 339 36
b 22 1 339 36
m 22 17 1 339 36
m 22 49 1 339 36
m 22 150 1 339 36
m 22 171 1 339 36
m 22 209 1 339 36
m 22 213 1 339 36
b 49 0 267 36
m 49 76 0 267 36
m 49 131 0 267 36
m 49 139 0 267 36
m 49 194 0 267 36
m 49 209 0 267 36
b 50 0 334 21
b 50 1 334 21
b 54 1 473 301
b 56 1 481 300
m 56 91 1 481 300
b 57 3 105 185
m 57 219 3 10.799999999999999 131.20000000000002 0.5
m 57 116 3 10.799999999999999 131.20000000000002 0.5
b 60 0 198 5
m 60 8 0 198 5
m 60 76 0 198 5
m 60 131 0 198 5
m 60 139 0 198 5
m 60 194 0 198 5
b 72 1 392 235
m 72 91 1 392 235
m 72 106 1 392 235
b 89 0 157 173
m 89 219 0 157 173
b 89 1 157 173
m 89 219 1 157 173
b 89 2 157 173
b 89 3 157 173
m 89 219 3 10.9 131.70000000000002 0.3333333333333333
b 91 0 471 244
m 91 77 0 471 244
b 92 1 310 107
b 98 0 437 170
b 106 0 420 205
m 106 77 0 420 205
b 107 1 315 103
b 110 2 218 160
b 113 1 461 365
m 113 29 1 461 365
b 116 0 152 133
b 116 1 152 133
b 116 2 152 133
m 116 84 2 152 133
b 135 0 27 172
m 135 219 0 27 172
b 135 1 27 172
b 135 2 27 172
m 135 219 2 27 172
b 135 3 27 172
m 135 210 3 10.199999999999998 123.99999999999999 0.5
m 135 219 3 10.199999999999998 123.99999999999999 0.5
b 138 2 135 196
b 144 1 420 277
b 147 0 432 61
m 147 32 0 432 61
m 147 39 0 432 61
m 147 158 0 432 61
m 147 182 0 432 61
b 147 1 432 61
m 147 7 1 432 61
m 147 32 1 432 61
m 147 39 1 432 61
m 147 158 1 432 61
m 147 182 1 432 61
m 147 238 1 432 61
b 150 0 360 81
m 150 209 0 360 81
b 157 0 170 94
m 157 161 0 170 94
m 157 197 0 170 94
b 157 1 170 94
m 157 161 1 170 94
m 157 197 1 170 94
b 157 2 170 94
m 157 161 2 170 94
m 157 197 2 170 94
b 166 2 283 184
b 168 1 226 159
b 168 2 226 159
m 168 84 2 226 159
m 168 119 2 226 159
b 168 3 226 159
m 168 110 3 11.1 133.3 0.21624523237274434
m 168 84 3 11.1 133.3 0.21624523237274434
b 171 0 288 5
m 171 76 0 288 5
m 171 139 0 288 5
m 171 194 0 288 5
m 171 209 0 288 5
b 176 3 281 331
b 202 0 492 196
m 202 77 0 492 196
b 207 0 491 160
m 207 77 0 491 160
b 210 0 17 181
b 210 1 17 181
b 210 2 17 181
b 213 0 320 1
m 213 139 0 320 1
m 213 209 0 320 1
b 220 0 247 32
m 220 8 0 247 32
m 220 76 0 247 32
m 220 131 0 247 32
m 220 139 0 247 32
m 220 194 0 247 32
b 220 1 247 32
m 220 8 1 247 32
m 220 49 1 247 32
m 220 60 1 247 32
m 220 76 1 247 32
m 220 131 1 247 32
m 220 139 1 247 32
m 220 171 1 247 32
m 220 194 1 247 32
b 220 2 247 32
m 220 8 2 247 32
m 220 49 2 247 32
m 220 60 2 247 32
m 220 76 2 247 32
m 220 131 2 247 32
m 220 139 2 247 32
m 220 171 2 247 32
m 220 194 2 247 32
b 220 3 247 32
m 220 60 3 11.7 142.9 0.6201021013428317
m 220 131 3 11.7 142.9 0.6201021013428317
m 220 171 3 11.7 142.9 0.6201021013428317
m 220 76 3 11.7 142.9 0.6201021013428317
m 220 49 3 11.7 142.9 0.6201021013428317
b 221 3 120 160
m 221 219 3 9.999999999999998 122.4 0.039623878094737386
b 231 0 412 15
m 231 32 0 412 15
m 231 39 0 412 15
m 231 158 0 412 15
m 231 182 0 412 15
b 236 3 219 301
b 238 0 405 47
m 238 32 0 405 47
m 238 39 0 405 47
m 238 158 0 405 47
m 238 160 0 405 47
m 238 182 0 405 47
b 7 1 460 6
m 7 160 1 460 6
m 7 169 1 460 6
b 8 0 157 30
m 8 208 0 157 30
b 8 1 157 30
m 8 208 1 157 30
b 8 2 157 30
b 17 1 335 41
b 29 1 467 365
b 32 0 488 39
m 32 169 0 488 39
b 32 1 488 39
m 32 160 1 488 39
m 32 169 1 488 39
b 39 0 495 21
m 39 169 0 495 21
b 39 1 495 21
b 49 1 249 53
b 49 2 249 53
m 49 52 2 249 53
m 49 209 2 249 53
m 49 211 2 249 53
b 49 3 249 53
m 49 139 3 11.818181818181818 145.27272727272728 0.7118231133777577
m 49 52 3 11.818181818181818 145.27272727272728 0.7118231133777577
m 49 194 3 11.818181818181818 145.27272727272728 0.7118231133777577
m 49 209 3 11.818181818181818 145.27272727272728 0.7118231133777577
b 60 1 174 5
b 60 2 174 5
b 60 3 174 5
m 60 194 3 11.0 131.36363636363637 0.25
b 76 0 267 44
b 76 1 267 44
b 76 2 267 44
b 76 3 267 44
b 77 0 459 229
b 84 2 205 65
m 84 63 2 205 65
m 84 211 2 205 65
b 84 3 205 65
m 84 63 3 10.545454545454547 123.45454545454545 0.2221794975254758
m 84 211 3 10.545454545454547 123.45454545454545 0.2221794975254758
b 91 1 467 268
m 91 77 1 467 268
m 91 202 1 467 268
b 106 1 409 226
m 106 21 1 409 226
m 106 77 1 409 226
m 106 98 1 409 226
m 106 202 1 409 226
b 110 3 195 166
b 116 3 136 151
m 116 20 3 9.999999999999998 119.63636363636365 0.5082754454847478
m 116 157 3 9.999999999999998 119.63636363636365 0.5082754454847478
b 119 2 298 185
b 131 0 171 23
b 131 1 171 23
b 131 2 171 23
b 131 3 171 23
m 131 8 3 11.0 131.36363636363637 0.25
b 139 0 278 16
b 139 1 278 16
b 139 2 278 16
b 150 1 374 100
b 158 0 441 35
m 158 169 0 441 35
b 158 1 441 35
b 160 0 469 83
m 160 169 0 469 83
b 161 0 70 43
m 161 36 0 70 43
m 161 128 0 70 43
m 161 165 0 70 43
m 161 196 0 70 43
m 161 208 0 70 43
b 161 1 70 43
m 161 36 1 70 43
m 161 128 1 70 43
m 161 165 1 70 43
m 161 196 1 70 43
m 161 208 1 70 43
b 161 2 70 43
m 161 36 2 70 43
m 161 128 2 70 43
m 161 165 2 70 43
m 161 196 2 70 43
m 161 208 2 70 43
b 171 1 312 8
b 171 2 312 8
m 171 17 2 312 8
m 171 22 2 312 8
m 171 50 2 312 8
m 171 52 2 312 8
m 171 143 2 312 8
m 171 167 2 312 8
m 171 209 2 312 8
m 171 211 2 312 8
m 171 213 2 312 8
m 171 233 2 312 8
b 171 3 312 8
m 171 211 3 11.727272727272727 143.0 0.6727848397811504
m 171 167 3 11.727272727272727 143.0 0.6727848397811504
m 171 50 3 11.727272727272727 143.0 0.6727848397811504
m 171 17 3 11.727272727272727 143.0 0.6727848397811504
m 171 52 3 11.727272727272727 143.0 0.6727848397811504
m 171 143 3 11.727272727272727 143.0 0.6727848397811504
m 171 139 3 11.727272727272727 143.0 0.6727848397811504
m 171 209 3 11.727272727272727 143.0 0.6727848397811504
m 171 213 3 11.727272727272727 143.0 0.6727848397811504
b 182 0 410 9
m 182 169 0 410 9
b 182 1 410 9
m 182 169 1 410 9
m 182 231 1 410 9
b 194 0 261 35
b 194 1 261 35
b 194 2 261 35
b 197 0 163 5
m 197 208 0 163 5
b 197 1 163 5
b 197 2 163 5
m 197 208 2 163 5
b 209 0 252 32
b 209 1 252 32
b 210 3 7 202
b 213 1 344 1
b 219 0 77 170
b 219 1 77 170
b 219 2 77 170
b 219 3 77 170
b 238 1 383 37
m 238 231 1 383 37
b 8 3 142 50
m 8 128 3 10.25 120.75 0.007387075381327879
b 17 2 322 61
m 17 81 2 322 61
b 17 3 322 61
m 17 22 3 11.583333333333334 139.41666666666669 0.5496110067812607
m 17 81 3 11.583333333333334 139.41666666666669 0.5496110067812607
b 20 3 199 140
b 21 1 426 197
m 21 10 1 426 197
m 21 207 1 426 197
b 22 2 385 52
b 36 0 50 43
b 36 1 50 43
b 36 2 50 43
b 50 2 293 3
b 50 3 293 3
m 50 22 3 11.166666666666666 133.16666666666669 0.2
m 50 174 3 11.166666666666666 133.16666666666669 0.2
b 52 2 317 24
b 52 3 317 24
b 63 2 242 118
m 63 92 2 242 118
m 63 107 2 242 118
m 63 172 2 242 118
b 63 3 242 118
m 63 107 3 10.000000000000002 114.5 0.17329821918502797
b 77 1 447 250
m 77 207 1 447 250
b 98 1 396 195
m 98 207 1 396 195
b 128 0 114 77
b 128 1 114 77
b 128 2 114 77
b 139 3 302 18
m 139 233 3 11.0 133.5 0.5
m 139 81 3 11.0 133.5 0.5
b 143 2 249 55
b 143 3 249 55
m 143 81 3 10.916666666666666 131.41666666666669 0.5
b 157 3 206 125
b 160 1 458 105
b 165 0 2 19
b 165 1 2 19
b 165 2 2 19
b 167 2 278 50
b 167 3 278 50
m 167 65 3 11.25 134.08333333333334 0.033090494735927505
b 169 0 435 21
b 169 1 435 21
b 194 3 284 40
b 196 0 17 1
b 196 1 17 1
b 196 2 17 1
b 202 1 470 239
m 202 10 1 470 239
m 202 207 1 470 239
b 208 0 50 9
b 208 1 50 9
b 208 2 50 9
b 209 2 228 37
b 209 3 228 37
b 211 2 250 3
b 211 3 250 3
b 213 2 368 1
b 213 3 368 1
m 213 174 3 11.166666666666666 133.16666666666669 0.2
m 213 22 3 11.166666666666666 133.16666666666669 0.2
b 231 1 435 57
b 233 2 323 4
m 233 81 2 323 4
m 233 174 2 323 4
m 233 238 2 323 4
b 10 1 478 199
b 22 3 407 60
m 22 43 3 11.461538461538462 136.3846153846154 0.5564160396785026
m 22 75 3 11.461538461538462 136.3846153846154 0.5564160396785026
m 22 134 3 11.461538461538462 136.3846153846154 0.5564160396785026
m 22 150 3 11.461538461538462 136.3846153846154 0.5564160396785026
b 65 3 365 53
m 65 134 3 10.76923076923077 125.6923076923077 0.027371015349219516
b 81 2 271 35
b 81 3 271 35
b 92 2 339 173
b 107 2 351 166
b 107 3 351 166
m 107 90 3 9.923076923076925 111.92307692307692 0.2708348440871709
m 107 183 3 9.923076923076925 111.92307692307692 0.2708348440871709
b 128 3 136 87
b 172 2 252 125
m 172 13 2 252 125
m 172 90 2 252 125
b 174 2 350 5
m 174 7 2 350 5
m 174 43 2 350 5
m 174 75 2 350 5
m 174 169 2 350 5
m 174 182 2 350 5
b 174 3 350 5
m 174 169 3 10.76923076923077 125.69230769230771 0.23720725995316166
m 174 7 3 10.76923076923077 125.69230769230771 0.23720725995316166
b 207 1 459 225
b 233 3 315 19
m 233 238 3 10.307692307692307 123.53846153846153 0.506792567773378
b 238 2 340 16
m 238 182 2 340 16
b 7 2 394 5
b 7 3 394 5
m 7 182 3 10.142857142857142 117.00000000000003 0.5
m 7 39 3 10.142857142857142 117.00000000000003 0.5
b 13 2 285 125
m 13 59 2 285 125
b 43 2 437 27
m 43 39 2 437 27
m 43 158 2 437 27
m 43 231 2 437 27
b 43 3 437 27
m 43 39 3 10.928571428571429 127.78571428571428 0.25
m 43 182 3 10.928571428571429 127.78571428571428 0.25
b 75 2 465 23
m 75 32 2 465 23
m 75 39 2 465 23
m 75 158 2 465 23
m 75 231 2 465 23
b 75 3 465 23
m 75 39 3 10.928571428571429 127.78571428571428 0.25
m 75 32 3 10.928571428571429 127.78571428571428 0.25
b 90 2 254 168
b 90 3 254 168
m 90 13 3 9.500000000000004 105.07142857142857 0.25
m 90 92 3 9.500000000000004 105.07142857142857 0.25
b 134 3 384 40
b 150 3 415 159
m 150 67 3 11.071428571428571 129.21428571428572 0.20490192339927266
m 150 59 3 11.071428571428571 129.21428571428572 0.20490192339927266
b 169 2 389 33
m 169 158 2 389 33
m 169 231 2 389 33
b 169 3 389 33
m 169 231 3 10.285714285714286 117.85714285714288 0.12570873364652987
b 182 2 343 36
b 183 3 366 242
b 238 3 318 5
m 238 182 3 9.642857142857142 114.78571428571428 0.007508038041087205
b 13 3 266 109
m 13 172 3 8.933333333333337 98.13333333333333 1.0
b 32 2 495 128
b 32 3 495 128
m 32 96 3 10.466666666666667 120.33333333333333 0.2545824054319219
b 39 2 440 59
b 39 3 440 59
m 39 118 3 9.6 109.4666666666667 0.5062852792632204
m 39 158 3 9.6 109.4666666666667 0.5062852792632204
b 59 2 339 97
b 59 3 339 97
b 67 3 406 181
m 67 21 3 10.733333333333334 123.0 0.20896004241062013
b 92 3 359 217
m 92 98 3 9.000000000000004 98.33333333333333 0.006671095609810163
b 158 2 405 124
m 158 118 2 405 124
m 158 150 2 405 124
m 158 160 2 405 124
b 182 3 321 45
b 231 2 470 120
b 231 3 470 120
m 231 96 3 9.933333333333334 111.66666666666669 0.15293447767150814
b 21 3 400 289
m 21 10 3 10.5625 119.3125 0.26365386284101794
m 21 87 3 10.5625 119.3125 0.26365386284101794
m 21 106 3 10.5625 119.3125 0.26365386284101794
b 96 3 495 96
b 98 3 313 244
m 98 201 3 9.000000000000004 98.33333333333333 -1.0
b 118 2 433 51
m 118 96 2 433 51
b 118 3 433 51
b 150 2 443 199
m 150 67 2 443 199
m 150 87 2 443 199
m 150 147 2 443 199
b 158 3 396 146
m 158 160 3 9.0625 102.68750000000003 0.0069832452312169595
b 160 2 416 191
m 160 67 2 416 191
m 160 87 2 416 191
m 160 147 2 416 191
b 172 3 183 105
b 10 3 406 264
m 10 29 3 10.294117647058824 114.41176470588236 0.18196878756869736
m 10 28 3 10.294117647058824 114.41176470588236 0.18196878756869736
b 67 2 361 198
b 87 2 405 261
m 87 10 2 405 261
m 87 21 2 405 261
m 87 28 2 405 261
m 87 29 2 405 261
m 87 54 2 405 261
m 87 105 2 405 261
m 87 207 2 405 261
m 87 228 2 405 261
b 87 3 405 261
m 87 29 3 10.294117647058824 114.41176470588236 0.18196878756869736
m 87 28 3 10.294117647058824 114.41176470588236 0.18196878756869736
b 96 2 497 72
b 106 3 339 352
m 106 83 3 10.411764705882353 116.05882352941177 0.26746853136760923
b 147 2 463 189
b 160 3 406 213
m 160 29 3 8.647058823529411 96.88235294117649 0.010517774628647173
b 10 2 388 280
b 21 2 387 335
b 28 2 429 237
b 28 3 429 237
m 28 54 3 10.055555555555555 110.05555555555557 0.1850189245641835
b 29 2 423 202
b 29 3 423 202
m 29 228 3 9.944444444444443 108.94444444444446 0.09527472880040819
b 54 2 440 246
b 83 3 400 290
m 83 95 3 10.222222222222223 112.33333333333334 0.234011377514442
b 105 2 471 198
b 207 2 407 333
m 207 77 2 407 333
m 207 83 2 407 333
m 207 95 2 407 333
m 207 183 2 407 333
m 207 202 2 407 333
b 228 2 422 271
m 228 83 2 422 271
m 228 95 2 422 271
m 228 202 2 422 271
b 54 3 429 224
m 54 147 3 9.631578947368421 104.47368421052633 0.5
m 54 105 3 9.631578947368421 104.47368421052633 0.5
b 77 2 363 395
b 83 2 393 267
b 95 2 397 273
b 95 3 397 273
m 95 207 3 9.789473684210527 106.63157894736844 0.5
b 183 2 362 362
m 183 106 2 362 362
b 202 2 394 389
b 228 3 422 247
m 228 147 3 9.526315789473681 103.42105263157896 0.0018940217431162821
b 105 3 463 151
b 106 2 304 415
m 106 72 2 304 415
m 106 113 2 304 415
m 106 199 2 304 415
b 147 3 433 255
b 207 3 386 376
m 207 77 3 9.55 102.55000000000003 0.8031185977691783
m 207 202 3 9.55 102.55000000000003 0.8031185977691783
m 207 112 3 9.55 102.55000000000003 0.8031185977691783
m 207 166 3 9.55 102.55000000000003 0.8031185977691783
m 207 80 3 9.55 102.55000000000003 0.8031185977691783
b 72 2 241 451
m 72 144 2 241 451
b 77 3 339 437
m 77 113 3 9.19047619047619 97.85714285714288 0.5
m 77 127 3 9.19047619047619 97.85714285714288 0.5
b 80 3 426 339
b 112 3 425 340
b 113 2 329 405
b 166 3 427 405
m 166 127 3 9.142857142857142 97.71428571428574 1.0
b 199 2 226 344
m 199 148 2 226 344
b 202 3 372 432
m 202 113 3 9.19047619047619 97.85714285714288 0.5
m 202 127 3 9.19047619047619 97.85714285714288 0.5
