Key: 
t: node change direction (node id, x, y, new direction)
s: node start location (node id, x, y, start direction, buffer)
m: message transfer (sender id, target id, messageType, sender x, sender y
b: broadcast (node id, message type, x, y)
287 151 282 217
s 0 397 410 244 0
s 1 91 333 163 0
s 2 150 427 233 0
s 3 395 454 205 0
s 4 339 290 87 0
s 5 447 340 64 0
s 6 149 218 120 0
s 7 174 87 269 0
s 8 228 363 158 0
s 9 451 365 114 0
s 10 348 473 128 0
s 11 234 8 172 0
s 12 372 354 321 0
s 13 114 234 166 0
s 14 144 182 205 0
s 15 336 360 274 0
s 16 56 180 153 0
s 17 492 154 243 0
s 18 80 404 213 0
s 19 84 291 204 0
s 20 301 130 281 0
s 21 153 158 8 0
s 22 463 267 218 0
s 23 219 211 277 0
s 24 39 275 183 0
s 25 410 335 94 0
s 26 454 251 293 0
s 27 307 170 253 0
s 28 389 121 27 0
s 29 119 27 98 0
s 30 444 438 211 0
s 31 13 450 292 0
s 32 89 492 150 0
s 33 193 415 266 0
s 34 387 498 106 0
s 35 11 337 70 0
s 36 13 467 75 0
s 37 13 59 302 0
s 38 257 371 156 0
s 39 345 150 143 0
s 40 29 395 8 0
s 41 5 180 128 0
s 42 103 423 161 0
s 43 114 467 231 0
s 44 272 28 292 0
s 45 351 77 139 0
s 46 152 265 87 0
s 47 346 65 54 0
s 48 262 257 17 0
s 49 157 244 166 0
s 50 169 446 212 0
s 51 220 409 192 0
s 52 20 192 233 0
s 53 307 360 112 0
s 54 259 375 57 0
s 55 473 77 32 0
s 56 195 433 156 0
s 57 287 447 260 0
s 58 487 66 160 0
s 59 363 303 167 0
s 60 406 404 103 0
s 61 399 55 237 0
s 62 161 155 261 0
s 63 464 336 117 0
s 64 313 437 132 0
s 65 70 446 345 0
s 66 284 105 151 0
s 67 294 70 133 0
s 68 115 16 16 0
s 69 304 289 209 0
s 70 97 72 198 0
s 71 421 391 4 0
s 72 421 145 238 0
s 73 324 419 54 0
s 74 282 118 229 0
s 75 138 412 240 0
s 76 138 237 24 0
s 77 25 254 35 0
s 78 287 214 336 0
s 79 143 230 156 0
s 80 184 200 5 0
s 81 69 487 64 0
s 82 326 404 110 0
s 83 343 28 345 0
s 84 33 36 290 0
s 85 249 133 220 0
s 86 479 491 318 0
s 87 457 274 133 0
s 88 239 287 156 0
s 89 178 40 65 0
s 90 401 242 53 0
s 91 489 431 335 0
s 92 227 497 187 0
s 93 365 405 51 0
s 94 445 326 69 0
s 95 428 499 7 0
s 96 258 107 167 0
s 97 405 297 56 0
s 98 86 46 333 0
s 99 141 322 177 0
s 100 95 263 293 0
s 101 224 148 215 0
s 102 301 366 143 0
s 103 430 474 17 0
s 104 482 468 201 0
s 105 192 45 315 0
s 106 97 297 355 0
s 107 51 144 23 0
s 108 113 298 156 0
s 109 377 118 207 0
s 110 112 371 231 0
s 111 218 239 163 0
s 112 362 70 166 0
s 113 287 151 227 0
s 114 239 204 114 0
s 115 160 50 200 0
s 116 47 359 324 0
s 117 115 480 188 0
s 118 410 48 2 0
s 119 241 70 268 0
s 120 70 154 138 0
s 121 326 24 86 0
s 122 168 196 300 0
s 123 435 132 84 0
s 124 263 155 64 0
s 125 282 217 53 0
s 126 336 254 211 0
s 127 64 294 347 0
s 128 276 338 183 0
s 129 156 370 309 0
s 130 10 459 199 0
s 131 258 396 315 0
s 132 341 340 99 0
s 133 464 344 320 0
s 134 288 82 182 0
s 135 409 460 209 0
s 136 184 69 273 0
s 137 309 191 256 0
s 138 21 363 124 0
s 139 148 101 267 0
s 140 334 68 121 0
s 141 249 204 119 0
s 142 31 487 53 0
s 143 429 271 348 0
s 144 1 253 100 0
s 145 146 91 276 0
s 146 64 234 48 0
s 147 269 181 277 0
s 148 121 491 334 0
s 149 428 216 264 0
s 150 402 234 237 0
s 151 464 336 84 0
s 152 65 251 244 0
s 153 341 104 187 0
s 154 336 80 206 0
s 155 285 115 199 0
s 156 414 203 45 0
s 157 73 111 74 0
s 158 318 77 209 0
s 159 161 404 321 0
s 160 43 43 19 0
s 161 468 365 51 0
s 162 382 471 250 0
s 163 236 224 242 0
s 164 153 242 345 0
s 165 113 276 254 0
s 166 469 184 140 0
s 167 436 377 25 0
s 168 210 9 102 0
s 169 106 72 164 0
s 170 79 433 128 0
s 171 253 5 269 0
s 172 77 407 63 0
s 173 100 482 154 0
s 174 154 477 202 0
s 175 430 23 134 0
s 176 444 376 359 0
s 177 484 323 222 0
s 178 360 301 177 0
s 179 51 232 55 0
s 180 453 261 145 0
s 181 26 374 199 0
s 182 389 159 198 0
s 183 177 431 302 0
s 184 196 22 322 0
s 185 334 19 135 0
s 186 130 144 75 0
s 187 256 185 0 0
s 188 20 312 195 0
s 189 145 248 27 0
s 190 2 333 325 0
s 191 380 379 32 0
s 192 338 447 84 0
s 193 207 167 64 0
s 194 390 463 25 0
s 195 246 483 279 0
s 196 360 6 121 0
s 197 396 244 231 0
s 198 88 244 225 0
s 199 276 415 44 0
s 200 388 347 79 0
s 201 182 37 296 0
s 202 256 13 134 0
s 203 326 138 333 0
s 204 16 273 37 0
s 205 151 227 65 0
s 206 293 298 269 0
s 207 234 64 346 0
s 208 258 346 254 0
s 209 485 232 279 0
s 210 165 211 309 0
s 211 176 53 327 0
s 212 309 495 268 0
s 213 113 235 137 0
s 214 38 130 334 0
s 215 306 206 81 0
s 216 286 78 38 0
s 217 163 396 299 0
s 218 184 227 251 0
s 219 110 324 182 0
s 220 439 403 50 0
s 221 350 18 152 0
s 222 428 146 71 0
s 223 128 299 337 0
s 224 450 436 193 0
s 225 117 368 277 0
s 226 469 468 314 0
s 227 364 334 306 0
s 228 50 27 256 0
s 229 39 298 331 0
s 230 180 37 300 0
s 231 162 246 216 0
s 232 254 397 292 0
s 233 377 239 244 0
s 234 41 299 87 0
s 235 194 239 298 0
s 236 116 434 196 0
s 237 156 22 123 0
s 238 74 449 199 0
s 239 392 310 272 0
b 113 0 270 133
m 113 20 0 270 133
m 113 27 0 270 133
m 113 39 0 270 133
m 113 66 0 270 133
m 113 74 0 270 133
m 113 78 0 270 133
m 113 85 0 270 133
m 113 101 0 270 133
m 113 124 0 270 133
m 113 125 0 270 133
m 113 137 0 270 133
m 113 141 0 270 133
m 113 147 0 270 133
m 113 187 0 270 133
m 113 203 0 270 133
m 113 215 0 270 133
b 113 1 270 133
m 113 20 1 270 133
m 113 27 1 270 133
m 113 39 1 270 133
m 113 66 1 270 133
m 113 74 1 270 133
m 113 78 1 270 133
m 113 85 1 270 133
m 113 101 1 270 133
m 113 124 1 270 133
m 113 125 1 270 133
m 113 137 1 270 133
m 113 141 1 270 133
m 113 147 1 270 133
m 113 187 1 270 133
m 113 203 1 270 133
m 113 215 1 270 133
b 113 2 270 133
m 113 20 2 270 133
m 113 27 2 270 133
m 113 39 2 270 133
m 113 66 2 270 133
m 113 74 2 270 133
m 113 78 2 270 133
m 113 85 2 270 133
m 113 101 2 270 133
m 113 124 2 270 133
m 113 125 2 270 133
m 113 137 2 270 133
m 113 141 2 270 133
m 113 147 2 270 133
m 113 187 2 270 133
m 113 203 2 270 133
m 113 215 2 270 133
b 113 3 270 133
m 113 20 3 22.0 484.0 1.0
m 113 27 3 22.0 484.0 1.0
m 113 39 3 22.0 484.0 1.0
m 113 66 3 22.0 484.0 1.0
m 113 74 3 22.0 484.0 1.0
m 113 78 3 22.0 484.0 1.0
m 113 85 3 22.0 484.0 1.0
m 113 101 3 22.0 484.0 1.0
m 113 124 3 22.0 484.0 1.0
m 113 125 3 22.0 484.0 1.0
m 113 137 3 22.0 484.0 1.0
m 113 141 3 22.0 484.0 1.0
m 113 147 3 22.0 484.0 1.0
m 113 187 3 22.0 484.0 1.0
m 113 203 3 22.0 484.0 1.0
m 113 215 3 22.0 484.0 1.0
b 20 0 310 81
m 20 45 0 310 81
m 20 47 0 310 81
m 20 67 0 310 81
m 20 112 0 310 81
m 20 121 0 310 81
m 20 134 0 310 81
m 20 140 0 310 81
m 20 153 0 310 81
m 20 154 0 310 81
m 20 155 0 310 81
m 20 158 0 310 81
m 20 185 0 310 81
m 20 207 0 310 81
m 20 216 0 310 81
b 20 1 310 81
m 20 45 1 310 81
m 20 47 1 310 81
m 20 67 1 310 81
m 20 112 1 310 81
m 20 121 1 310 81
m 20 134 1 310 81
m 20 140 1 310 81
m 20 153 1 310 81
m 20 154 1 310 81
m 20 155 1 310 81
m 20 158 1 310 81
m 20 185 1 310 81
m 20 207 1 310 81
m 20 216 1 310 81
b 20 2 310 81
m 20 45 2 310 81
m 20 47 2 310 81
m 20 67 2 310 81
m 20 112 2 310 81
m 20 121 2 310 81
m 20 134 2 310 81
m 20 140 2 310 81
m 20 153 2 310 81
m 20 154 2 310 81
m 20 155 2 310 81
m 20 158 2 310 81
m 20 185 2 310 81
m 20 207 2 310 81
m 20 216 2 310 81
b 20 3 310 81
m 20 47 3 20.333333333333332 419.0 0.7917527666804425
m 20 67 3 20.333333333333332 419.0 0.7917527666804425
m 20 158 3 20.333333333333332 419.0 0.7917527666804425
m 20 207 3 20.333333333333332 419.0 0.7917527666804425
m 20 216 3 20.333333333333332 419.0 0.7917527666804425
m 20 185 3 20.333333333333332 419.0 0.7917527666804425
m 20 154 3 20.333333333333332 419.0 0.7917527666804425
m 20 140 3 20.333333333333332 419.0 0.7917527666804425
m 20 45 3 20.333333333333332 419.0 0.7917527666804425
m 20 112 3 20.333333333333332 419.0 0.7917527666804425
m 20 121 3 20.333333333333332 419.0 0.7917527666804425
b 27 0 293 123
m 27 67 0 293 123
m 27 140 0 293 123
m 27 182 0 293 123
m 27 216 0 293 123
b 27 1 293 123
m 27 67 1 293 123
m 27 140 1 293 123
m 27 182 1 293 123
m 27 216 1 293 123
b 27 2 293 123
m 27 67 2 293 123
m 27 140 2 293 123
m 27 182 2 293 123
m 27 216 2 293 123
b 27 3 293 123
b 39 0 306 179
m 39 45 0 306 179
m 39 109 0 306 179
m 39 153 0 306 179
m 39 182 0 306 179
m 39 216 0 306 179
m 39 233 0 306 179
b 39 1 306 179
m 39 45 1 306 179
m 39 109 1 306 179
m 39 153 1 306 179
m 39 182 1 306 179
m 39 216 1 306 179
m 39 233 1 306 179
b 39 2 306 179
m 39 45 2 306 179
m 39 109 2 306 179
m 39 153 2 306 179
m 39 182 2 306 179
m 39 216 2 306 179
m 39 233 2 306 179
b 39 3 306 179
m 39 153 3 16.666666666666664 334.6666666666667 0.16666666666666666
m 39 216 3 16.666666666666664 334.6666666666667 0.16666666666666666
b 66 0 241 129
m 66 45 0 241 129
m 66 67 0 241 129
m 66 96 0 241 129
m 66 134 0 241 129
m 66 140 0 241 129
m 66 153 0 241 129
m 66 155 0 241 129
m 66 158 0 241 129
m 66 207 0 241 129
m 66 216 0 241 129
b 66 1 241 129
m 66 45 1 241 129
m 66 67 1 241 129
m 66 96 1 241 129
m 66 134 1 241 129
m 66 140 1 241 129
m 66 153 1 241 129
m 66 155 1 241 129
m 66 158 1 241 129
m 66 207 1 241 129
m 66 216 1 241 129
b 66 2 241 129
m 66 45 2 241 129
m 66 67 2 241 129
m 66 96 2 241 129
m 66 134 2 241 129
m 66 140 2 241 129
m 66 153 2 241 129
m 66 155 2 241 129
m 66 158 2 241 129
m 66 207 2 241 129
m 66 216 2 241 129
b 66 3 241 129
m 66 67 3 18.333333333333332 363.0 0.20952380952380945
m 66 45 3 18.333333333333332 363.0 0.20952380952380945
m 66 96 3 18.333333333333332 363.0 0.20952380952380945
b 74 0 250 81
m 74 67 0 250 81
m 74 96 0 250 81
m 74 134 0 250 81
m 74 155 0 250 81
m 74 158 0 250 81
m 74 202 0 250 81
m 74 207 0 250 81
b 74 1 250 81
m 74 67 1 250 81
m 74 96 1 250 81
m 74 134 1 250 81
m 74 155 1 250 81
m 74 158 1 250 81
m 74 202 1 250 81
m 74 207 1 250 81
b 74 2 250 81
m 74 67 2 250 81
m 74 96 2 250 81
m 74 134 2 250 81
m 74 155 2 250 81
m 74 158 2 250 81
m 74 202 2 250 81
m 74 207 2 250 81
b 74 3 250 81
m 74 96 3 19.333333333333332 388.0 0.573070607553366
m 74 202 3 19.333333333333332 388.0 0.573070607553366
m 74 207 3 19.333333333333332 388.0 0.573070607553366
b 78 0 332 194
m 78 125 0 332 194
b 78 1 332 194
m 78 125 1 332 194
b 78 2 332 194
b 78 3 332 194
m 78 125 3 22.0 484.0 -1.0
b 85 0 212 101
m 85 67 0 212 101
m 85 96 0 212 101
m 85 134 0 212 101
m 85 155 0 212 101
m 85 207 0 212 101
b 85 1 212 101
m 85 67 1 212 101
m 85 96 1 212 101
m 85 134 1 212 101
m 85 155 1 212 101
m 85 207 1 212 101
b 85 2 212 101
m 85 67 2 212 101
m 85 96 2 212 101
m 85 134 2 212 101
m 85 155 2 212 101
m 85 207 2 212 101
b 85 3 212 101
b 101 0 184 120
m 101 21 0 184 120
m 101 23 0 184 120
m 101 80 0 184 120
m 101 96 0 184 120
m 101 122 0 184 120
m 101 163 0 184 120
m 101 186 0 184 120
m 101 193 0 184 120
m 101 210 0 184 120
m 101 218 0 184 120
b 101 1 184 120
m 101 21 1 184 120
m 101 23 1 184 120
m 101 80 1 184 120
m 101 96 1 184 120
m 101 122 1 184 120
m 101 163 1 184 120
m 101 186 1 184 120
m 101 193 1 184 120
m 101 210 1 184 120
m 101 218 1 184 120
b 101 2 184 120
b 101 3 184 120
m 101 163 3 19.0 379.0 0.4731058415268943
m 101 218 3 19.0 379.0 0.4731058415268943
m 101 23 3 19.0 379.0 0.4731058415268943
m 101 210 3 19.0 379.0 0.4731058415268943
m 101 21 3 19.0 379.0 0.4731058415268943
b 124 0 284 199
m 124 125 0 284 199
b 124 1 284 199
m 124 125 1 284 199
b 124 2 284 199
b 124 3 284 199
m 124 125 3 22.0 484.0 -1.0
b 137 0 297 143
m 137 153 0 297 143
m 137 182 0 297 143
m 137 216 0 297 143
b 137 1 297 143
m 137 153 1 297 143
m 137 182 1 297 143
m 137 216 1 297 143
b 137 2 297 143
b 137 3 297 143
m 137 182 3 16.0 328.0 0.25
m 137 153 3 16.0 328.0 0.25
b 141 0 225 247
m 141 23 0 225 247
m 141 48 0 225 247
m 141 80 0 225 247
m 141 88 0 225 247
m 141 111 0 225 247
m 141 114 0 225 247
m 141 163 0 225 247
m 141 164 0 225 247
m 141 193 0 225 247
m 141 206 0 225 247
m 141 210 0 225 247
m 141 218 0 225 247
m 141 235 0 225 247
b 141 1 225 247
b 141 2 225 247
m 141 23 2 225 247
m 141 48 2 225 247
m 141 80 2 225 247
m 141 88 2 225 247
m 141 111 2 225 247
m 141 114 2 225 247
m 141 163 2 225 247
m 141 164 2 225 247
m 141 193 2 225 247
m 141 206 2 225 247
m 141 210 2 225 247
m 141 218 2 225 247
m 141 235 2 225 247
b 141 3 225 247
m 141 48 3 19.333333333333332 388.0 0.573070607553366
m 141 88 3 19.333333333333332 388.0 0.573070607553366
m 141 218 3 19.333333333333332 388.0 0.573070607553366
m 141 210 3 19.333333333333332 388.0 0.573070607553366
m 141 163 3 19.333333333333332 388.0 0.573070607553366
m 141 206 3 19.333333333333332 388.0 0.573070607553366
m 141 111 3 19.333333333333332 388.0 0.573070607553366
m 141 235 3 19.333333333333332 388.0 0.573070607553366
m 141 114 3 19.333333333333332 388.0 0.573070607553366
b 147 0 275 132
m 147 23 0 275 132
m 147 67 0 275 132
b 147 1 275 132
m 147 23 1 275 132
m 147 67 1 275 132
b 147 2 275 132
m 147 23 2 275 132
m 147 67 2 275 132
b 147 3 275 132
m 147 67 3 17.666666666666664 349.6666666666667 0.1111111111111111
b 187 0 305 185
m 187 23 0 305 185
m 187 126 0 305 185
b 187 1 305 185
b 187 2 305 185
m 187 23 2 305 185
m 187 126 2 305 185
b 187 3 305 185
m 187 23 3 16.666666666666664 334.6666666666667 0.16666666666666666
b 203 0 370 116
m 203 28 0 370 116
m 203 45 0 370 116
m 203 47 0 370 116
m 203 72 0 370 116
m 203 109 0 370 116
m 203 112 0 370 116
m 203 140 0 370 116
m 203 153 0 370 116
m 203 182 0 370 116
m 203 216 0 370 116
b 203 1 370 116
b 203 2 370 116
b 203 3 370 116
m 203 47 3 18.333333333333332 363.0 0.20952380952380945
m 203 72 3 18.333333333333332 363.0 0.20952380952380945
b 215 0 313 254
m 215 125 0 313 254
b 215 1 313 254
m 215 125 1 313 254
b 215 2 313 254
m 215 125 2 313 254
b 215 3 313 254
m 215 125 3 22.0 484.0 -1.0
b 21 0 225 169
b 21 1 225 169
b 21 3 225 169
m 21 186 3 15.5 290.5 0.2
m 21 193 3 15.5 290.5 0.2
b 23 0 228 139
b 23 1 228 139
m 23 164 1 228 139
m 23 235 1 228 139
b 23 2 228 139
m 23 21 2 228 139
m 23 122 2 228 139
b 23 3 228 139
m 23 164 3 15.5 290.5 0.2
m 23 122 3 15.5 290.5 0.2
b 28 0 454 155
m 28 26 0 454 155
m 28 123 0 454 155
m 28 149 0 454 155
m 28 166 0 454 155
m 28 209 0 454 155
m 28 222 0 454 155
b 45 0 296 125
m 45 196 0 296 125
m 45 221 0 296 125
b 45 1 296 125
m 45 196 1 296 125
m 45 221 1 296 125
b 45 2 296 125
m 45 196 2 296 125
m 45 221 2 296 125
b 45 3 296 125
m 45 109 3 16.0 316.5 0.3333333333333333
b 47 0 389 124
m 47 58 0 389 124
m 47 175 0 389 124
m 47 196 0 389 124
b 47 1 389 124
m 47 58 1 389 124
m 47 72 1 389 124
m 47 175 1 389 124
m 47 196 1 389 124
b 47 2 389 124
m 47 58 2 389 124
m 47 72 2 389 124
m 47 175 2 389 124
m 47 196 2 389 124
b 47 3 389 124
m 47 196 3 16.5 320.5 0.2
m 47 58 3 16.5 320.5 0.2
b 48 0 332 279
m 48 125 0 332 279
b 48 2 332 279
b 48 3 332 279
m 48 125 3 19.333333333333332 388.0 -1.0
b 67 0 244 124
m 67 171 0 244 124
b 67 1 244 124
m 67 171 1 244 124
b 67 2 244 124
b 67 3 244 124
b 72 0 382 83
m 72 58 0 382 83
m 72 175 0 382 83
b 72 3 382 83
b 80 0 257 206
m 80 76 0 257 206
b 80 1 257 206
m 80 76 1 257 206
m 80 126 1 257 206
m 80 164 1 257 206
m 80 235 1 257 206
b 80 2 257 206
b 88 0 172 317
m 88 46 0 172 317
m 88 76 0 172 317
m 88 128 0 172 317
m 88 129 0 172 317
m 88 189 0 172 317
m 88 205 0 172 317
m 88 208 0 172 317
m 88 217 0 172 317
m 88 223 0 172 317
m 88 225 0 172 317
b 88 2 172 317
b 88 3 172 317
m 88 76 3 17.75 333.25 0.570877885698279
m 88 189 3 17.75 333.25 0.570877885698279
m 88 223 3 17.75 333.25 0.570877885698279
m 88 225 3 17.75 333.25 0.570877885698279
m 88 128 3 17.75 333.25 0.570877885698279
m 88 129 3 17.75 333.25 0.570877885698279
m 88 217 3 17.75 333.25 0.570877885698279
m 88 46 3 17.75 333.25 0.570877885698279
b 96 0 187 123
m 96 62 0 187 123
m 96 89 0 187 123
m 96 168 0 187 123
b 96 1 187 123
m 96 62 1 187 123
m 96 89 1 187 123
m 96 168 1 187 123
b 96 2 187 123
b 96 3 187 123
m 96 62 3 15.25 281.25 0.06265495152833836
b 109 0 312 84
m 109 175 0 312 84
m 109 196 0 312 84
m 109 221 0 312 84
b 109 1 312 84
m 109 72 1 312 84
m 109 175 1 312 84
m 109 196 1 312 84
m 109 221 1 312 84
b 109 2 312 84
b 111 0 148 261
m 111 6 0 148 261
m 111 46 0 148 261
m 111 76 0 148 261
m 111 189 0 148 261
m 111 205 0 148 261
m 111 223 0 148 261
b 111 2 148 261
b 111 3 148 261
m 111 164 3 18.5 355.0 0.6678389978804644
m 111 46 3 18.5 355.0 0.6678389978804644
m 111 189 3 18.5 355.0 0.6678389978804644
m 111 76 3 18.5 355.0 0.6678389978804644
m 111 223 3 18.5 355.0 0.6678389978804644
m 111 205 3 18.5 355.0 0.6678389978804644
m 111 186 3 18.5 355.0 0.6678389978804644
b 112 0 291 88
m 112 196 0 291 88
m 112 221 0 291 88
b 112 1 291 88
m 112 196 1 291 88
m 112 221 1 291 88
b 112 2 291 88
b 112 3 291 88
m 112 109 3 16.25 318.25 0.25
b 114 0 210 271
m 114 69 0 210 271
m 114 76 0 210 271
m 114 189 0 210 271
m 114 208 0 210 271
m 114 223 0 210 271
b 114 2 210 271
m 114 69 2 210 271
m 114 76 2 210 271
m 114 189 2 210 271
m 114 208 2 210 271
m 114 223 2 210 271
b 114 3 210 271
m 114 76 3 16.75 311.25 0.32420708427405626
m 114 69 3 16.75 311.25 0.32420708427405626
b 121 0 331 96
m 121 44 0 331 96
m 121 175 0 331 96
m 121 196 0 331 96
m 121 221 0 331 96
b 121 1 331 96
m 121 44 1 331 96
m 121 175 1 331 96
m 121 196 1 331 96
m 121 221 1 331 96
b 121 2 331 96
m 121 44 2 331 96
m 121 175 2 331 96
m 121 196 2 331 96
m 121 221 2 331 96
b 121 3 331 96
m 121 109 3 16.75 323.25 0.16666666666666666
m 121 44 3 16.75 323.25 0.16666666666666666
b 122 0 205 133
m 122 62 0 205 133
m 122 89 0 205 133
b 122 1 205 133
m 122 62 1 205 133
m 122 89 1 205 133
b 126 0 274 216
m 126 69 0 274 216
b 126 2 274 216
b 134 0 215 80
m 134 105 0 215 80
m 134 168 0 215 80
m 134 171 0 215 80
m 134 211 0 215 80
b 134 1 215 80
m 134 105 1 215 80
m 134 168 1 215 80
m 134 171 1 215 80
m 134 211 1 215 80
b 134 2 215 80
b 140 0 297 130
m 140 196 0 297 130
m 140 221 0 297 130
b 140 1 297 130
m 140 196 1 297 130
m 140 221 1 297 130
b 140 2 297 130
m 140 196 2 297 130
m 140 221 2 297 130
b 140 3 297 130
m 140 109 3 16.25 318.25 0.25
b 153 0 269 95
m 153 196 0 269 95
m 153 221 0 269 95
b 153 1 269 95
m 153 196 1 269 95
m 153 221 1 269 95
b 153 2 269 95
m 153 196 2 269 95
m 153 221 2 269 95
b 153 3 269 95
m 153 109 3 13.749999999999998 257.25 0.14770344959024206
b 154 0 270 48
m 154 44 0 270 48
m 154 171 0 270 48
m 154 196 0 270 48
m 154 221 0 270 48
b 154 1 270 48
m 154 44 1 270 48
m 154 171 1 270 48
m 154 196 1 270 48
m 154 221 1 270 48
b 154 2 270 48
b 154 3 270 48
m 154 44 3 17.25 330.25 0.026456040111014212
b 155 0 216 91
m 155 89 0 216 91
m 155 168 0 216 91
m 155 171 0 216 91
b 155 1 216 91
m 155 89 1 216 91
m 155 168 1 216 91
m 155 171 1 216 91
b 155 2 216 91
b 158 0 254 42
m 158 105 0 254 42
m 158 168 0 254 42
m 158 171 0 254 42
m 158 196 0 254 42
m 158 211 0 254 42
m 158 221 0 254 42
b 158 1 254 42
m 158 105 1 254 42
m 158 168 1 254 42
m 158 171 1 254 42
m 158 196 1 254 42
m 158 211 1 254 42
m 158 221 1 254 42
b 158 2 254 42
m 158 105 2 254 42
m 158 168 2 254 42
m 158 171 2 254 42
m 158 196 2 254 42
m 158 211 2 254 42
m 158 221 2 254 42
b 158 3 254 42
m 158 196 3 18.25 350.25 0.5427921603068331
m 158 168 3 18.25 350.25 0.5427921603068331
m 158 155 3 18.25 350.25 0.5427921603068331
m 158 134 3 18.25 350.25 0.5427921603068331
m 158 105 3 18.25 350.25 0.5427921603068331
b 163 0 202 160
b 163 1 202 160
m 163 164 1 202 160
m 163 235 1 202 160
b 163 2 202 160
m 163 21 2 202 160
m 163 122 2 202 160
m 163 186 2 202 160
b 163 3 202 160
m 163 186 3 15.5 290.5 0.2
m 163 122 3 15.5 290.5 0.2
b 164 0 223 223
m 164 76 0 223 223
b 164 2 223 223
b 182 0 319 136
m 182 150 0 319 136
m 182 197 0 319 136
b 182 1 319 136
m 182 150 1 319 136
m 182 197 1 319 136
b 182 2 319 136
b 182 3 319 136
m 182 197 3 13.0 250.0 0.26627218934911245
m 182 150 3 13.0 250.0 0.26627218934911245
b 185 0 282 70
m 185 44 0 282 70
m 185 119 0 282 70
m 185 171 0 282 70
m 185 196 0 282 70
m 185 221 0 282 70
b 185 1 282 70
m 185 44 1 282 70
m 185 119 1 282 70
m 185 171 1 282 70
m 185 196 1 282 70
m 185 221 1 282 70
b 185 2 282 70
m 185 44 2 282 70
m 185 119 2 282 70
m 185 171 2 282 70
m 185 196 2 282 70
m 185 221 2 282 70
b 185 3 282 70
m 185 119 3 17.0 326.5 0.14285714285714285
b 186 0 149 215
m 186 79 0 149 215
m 186 100 0 149 215
b 186 1 149 215
m 186 79 1 149 215
m 186 100 1 149 215
m 186 111 1 149 215
m 186 164 1 149 215
m 186 235 1 149 215
b 193 0 239 233
m 193 69 0 239 233
m 193 76 0 239 233
b 193 1 239 233
m 193 69 1 239 233
m 193 76 1 239 233
m 193 111 1 239 233
m 193 114 1 239 233
m 193 126 1 239 233
m 193 164 1 239 233
m 193 206 1 239 233
m 193 235 1 239 233
b 193 2 239 233
m 193 21 2 239 233
m 193 69 2 239 233
m 193 76 2 239 233
b 202 0 205 65
m 202 7 0 205 65
m 202 11 0 205 65
m 202 89 0 205 65
m 202 105 0 205 65
m 202 119 0 205 65
m 202 136 0 205 65
m 202 145 0 205 65
m 202 168 0 205 65
m 202 171 0 205 65
m 202 211 0 205 65
b 202 1 205 65
m 202 7 1 205 65
m 202 11 1 205 65
m 202 89 1 205 65
m 202 105 1 205 65
m 202 119 1 205 65
m 202 136 1 205 65
m 202 145 1 205 65
m 202 168 1 205 65
m 202 171 1 205 65
m 202 211 1 205 65
b 202 2 205 65
m 202 7 2 205 65
m 202 11 2 205 65
m 202 89 2 205 65
m 202 105 2 205 65
m 202 119 2 205 65
m 202 136 2 205 65
m 202 145 2 205 65
m 202 168 2 205 65
m 202 171 2 205 65
m 202 211 2 205 65
b 202 3 205 65
m 202 7 3 18.75 363.25 0.6914170131896783
m 202 89 3 18.75 363.25 0.6914170131896783
m 202 134 3 18.75 363.25 0.6914170131896783
m 202 119 3 18.75 363.25 0.6914170131896783
m 202 155 3 18.75 363.25 0.6914170131896783
m 202 145 3 18.75 363.25 0.6914170131896783
m 202 168 3 18.75 363.25 0.6914170131896783
m 202 105 3 18.75 363.25 0.6914170131896783
m 202 171 3 18.75 363.25 0.6914170131896783
m 202 136 3 18.75 363.25 0.6914170131896783
b 206 0 292 225
b 206 2 292 225
b 206 3 292 225
b 207 0 305 47
m 207 44 0 305 47
m 207 105 0 305 47
m 207 171 0 305 47
m 207 196 0 305 47
m 207 211 0 305 47
m 207 221 0 305 47
b 207 1 305 47
m 207 44 1 305 47
m 207 105 1 305 47
m 207 171 1 305 47
m 207 196 1 305 47
m 207 211 1 305 47
m 207 221 1 305 47
b 207 2 305 47
m 207 44 2 305 47
m 207 105 2 305 47
m 207 171 2 305 47
m 207 196 2 305 47
m 207 211 2 305 47
m 207 221 2 305 47
b 207 3 305 47
m 207 134 3 18.0 344.5 0.4514827654685522
m 207 105 3 18.0 344.5 0.4514827654685522
b 210 0 211 154
b 210 1 211 154
m 210 164 1 211 154
m 210 235 1 211 154
b 210 2 211 154
m 210 21 2 211 154
m 210 122 2 211 154
m 210 186 2 211 154
b 210 3 211 154
m 210 186 3 15.5 290.5 0.2
m 210 193 3 15.5 290.5 0.2
b 216 0 344 123
m 216 196 0 344 123
m 216 221 0 344 123
b 216 1 344 123
m 216 72 1 344 123
m 216 196 1 344 123
m 216 221 1 344 123
b 216 2 344 123
b 216 3 344 123
m 216 109 3 16.0 316.5 0.3333333333333333
b 218 0 160 158
b 218 1 160 158
b 218 2 160 158
m 218 21 2 160 158
m 218 122 2 160 158
m 218 186 2 160 158
b 218 3 160 158
b 233 0 345 174
m 233 150 0 345 174
m 233 197 0 345 174
b 233 1 345 174
m 233 150 1 345 174
m 233 197 1 345 174
b 233 2 345 174
m 233 150 2 345 174
m 233 197 2 345 174
b 235 0 228 175
m 235 76 0 228 175
b 235 2 228 175
m 235 21 2 228 175
m 235 76 2 228 175
m 235 186 2 228 175
b 235 3 228 175
m 235 80 3 16.0 300.0 0.16666666666666666
m 235 76 3 16.0 300.0 0.16666666666666666
b 6 0 101 302
m 6 49 0 101 302
m 6 77 0 101 302
m 6 99 0 101 302
m 6 106 0 101 302
m 6 110 0 101 302
m 6 116 0 101 302
m 6 127 0 101 302
m 6 146 0 101 302
m 6 179 0 101 302
m 6 204 0 101 302
m 6 213 0 101 302
m 6 229 0 101 302
b 7 0 170 11
m 7 68 0 170 11
m 7 98 0 170 11
m 7 139 0 170 11
m 7 184 0 170 11
m 7 201 0 170 11
m 7 230 0 170 11
b 7 1 170 11
b 7 2 170 11
m 7 68 2 170 11
m 7 98 2 170 11
m 7 139 2 170 11
m 7 184 2 170 11
m 7 201 2 170 11
m 7 230 2 170 11
b 7 3 170 11
m 7 184 3 16.6 303.40000000000003 0.0012347380081489821
b 11 0 138 22
m 11 68 0 138 22
m 11 98 0 138 22
m 11 115 0 138 22
m 11 139 0 138 22
m 11 160 0 138 22
m 11 184 0 138 22
m 11 201 0 138 22
m 11 230 0 138 22
b 11 1 138 22
m 11 68 1 138 22
m 11 98 1 138 22
m 11 115 1 138 22
m 11 139 1 138 22
m 11 160 1 138 22
m 11 184 1 138 22
m 11 201 1 138 22
m 11 230 1 138 22
b 11 2 138 22
m 11 62 2 138 22
m 11 68 2 138 22
m 11 98 2 138 22
m 11 115 2 138 22
m 11 139 2 138 22
m 11 160 2 138 22
m 11 184 2 138 22
m 11 201 2 138 22
m 11 230 2 138 22
b 21 2 249 172
b 26 0 492 162
b 44 0 280 68
b 44 1 280 68
b 44 2 280 68
b 44 3 280 68
b 46 0 157 362
m 46 2 0 157 362
m 46 33 0 157 362
m 46 38 0 157 362
m 46 106 0 157 362
m 46 127 0 157 362
b 46 3 157 362
m 46 2 3 16.8 300.40000000000003 0.5995811829095443
m 46 33 3 16.8 300.40000000000003 0.5995811829095443
m 46 127 3 16.8 300.40000000000003 0.5995811829095443
m 46 38 3 16.8 300.40000000000003 0.5995811829095443
b 58 0 396 99
m 58 17 0 396 99
b 58 1 396 99
m 58 17 1 396 99
m 58 149 1 396 99
b 58 2 396 99
m 58 17 2 396 99
m 58 149 2 396 99
b 58 3 396 99
m 58 149 3 14.2 261.4 0.21102668643439584
b 62 0 146 60
m 62 29 0 146 60
m 62 68 0 146 60
m 62 139 0 146 60
m 62 160 0 146 60
m 62 214 0 146 60
m 62 237 0 146 60
b 62 1 146 60
m 62 29 1 146 60
m 62 68 1 146 60
m 62 139 1 146 60
m 62 160 1 146 60
m 62 214 1 146 60
m 62 237 1 146 60
b 62 3 146 60
b 69 0 219 242
b 69 1 219 242
b 69 2 219 242
m 69 129 2 219 242
b 69 3 219 242
b 72 1 370 63
b 72 2 370 63
b 76 0 227 277
b 76 1 227 277
m 76 88 1 227 277
m 76 189 1 227 277
m 76 208 1 227 277
m 76 223 1 227 277
b 76 2 227 277
b 76 3 227 277
b 79 0 54 269
m 79 13 0 54 269
m 79 24 0 54 269
m 79 49 0 54 269
m 79 77 0 54 269
m 79 108 0 54 269
m 79 110 0 54 269
m 79 116 0 54 269
m 79 144 0 54 269
m 79 146 0 54 269
m 79 165 0 54 269
m 79 179 0 54 269
m 79 190 0 54 269
m 79 204 0 54 269
m 79 213 0 54 269
m 79 229 0 54 269
m 79 231 0 54 269
b 79 1 54 269
m 79 6 1 54 269
m 79 13 1 54 269
m 79 24 1 54 269
m 79 49 1 54 269
m 79 77 1 54 269
m 79 108 1 54 269
m 79 110 1 54 269
m 79 116 1 54 269
m 79 144 1 54 269
m 79 146 1 54 269
m 79 165 1 54 269
m 79 179 1 54 269
m 79 190 1 54 269
m 79 204 1 54 269
m 79 213 1 54 269
m 79 229 1 54 269
m 79 231 1 54 269
b 80 3 281 208
m 80 126 3 13.200000000000001 240.8 0.5
b 89 0 219 128
b 89 1 219 128
b 89 2 219 128
b 89 3 219 128
b 100 0 133 174
m 100 14 0 133 174
m 100 41 0 133 174
m 100 107 0 133 174
m 100 157 0 133 174
m 100 165 0 133 174
m 100 229 0 133 174
m 100 231 0 133 174
b 100 1 133 174
m 100 14 1 133 174
m 100 41 1 133 174
m 100 107 1 133 174
m 100 157 1 133 174
m 100 165 1 133 174
m 100 229 1 133 174
m 100 231 1 133 174
b 105 0 205 11
m 105 184 0 205 11
m 105 201 0 205 11
m 105 230 0 205 11
b 105 1 205 11
m 105 184 1 205 11
m 105 201 1 205 11
m 105 230 1 205 11
b 105 2 205 11
b 105 3 205 11
b 109 3 291 74
m 109 221 3 13.200000000000001 254.0 0.18101144557051377
b 111 1 125 268
m 111 6 1 125 268
m 111 88 1 125 268
m 111 106 1 125 268
m 111 127 1 125 268
m 111 146 1 125 268
m 111 189 1 125 268
m 111 205 1 125 268
m 111 223 1 125 268
m 111 225 1 125 268
b 114 1 200 293
m 114 88 1 200 293
m 114 128 1 200 293
m 114 129 1 200 293
m 114 189 1 200 293
m 114 205 1 200 293
m 114 208 1 200 293
m 114 217 1 200 293
m 114 223 1 200 293
b 119 0 213 10
m 119 68 0 213 10
m 119 184 0 213 10
m 119 201 0 213 10
m 119 230 0 213 10
b 119 1 213 10
m 119 68 1 213 10
m 119 184 1 213 10
m 119 201 1 213 10
m 119 230 1 213 10
b 119 2 213 10
m 119 68 2 213 10
m 119 184 2 213 10
m 119 201 2 213 10
m 119 230 2 213 10
b 119 3 213 10
m 119 68 3 14.799999999999999 268.4 0.1288498283651757
b 122 2 217 112
b 122 3 217 112
b 123 0 445 228
m 123 22 0 445 228
m 123 156 0 445 228
m 123 177 0 445 228
m 123 239 0 445 228
b 126 1 253 204
b 128 0 179 332
m 128 8 0 179 332
m 128 33 0 179 332
m 128 38 0 179 332
m 128 159 0 179 332
m 128 183 0 179 332
b 128 3 179 332
m 128 33 3 15.6 276.40000000000003 0.14458276238800266
m 128 8 3 15.6 276.40000000000003 0.14458276238800266
b 129 0 217 295
m 129 33 0 217 295
m 129 159 0 217 295
m 129 183 0 217 295
b 129 3 217 295
m 129 183 3 15.2 271.6 0.2
m 129 159 3 15.2 271.6 0.2
b 134 3 191 79
m 134 211 3 15.6 285.2 0.2
m 134 201 3 15.6 285.2 0.2
b 136 0 165 17
m 136 68 0 165 17
m 136 98 0 165 17
m 136 184 0 165 17
m 136 201 0 165 17
m 136 230 0 165 17
b 136 1 165 17
m 136 68 1 165 17
m 136 98 1 165 17
m 136 184 1 165 17
m 136 201 1 165 17
m 136 230 1 165 17
b 136 2 165 17
m 136 68 2 165 17
m 136 98 2 165 17
m 136 184 2 165 17
m 136 201 2 165 17
m 136 230 2 165 17
b 136 3 165 17
m 136 184 3 16.6 303.40000000000003 0.0012347380081489821
b 145 0 151 5
m 145 68 0 151 5
m 145 98 0 151 5
m 145 115 0 151 5
m 145 139 0 151 5
m 145 160 0 151 5
m 145 184 0 151 5
m 145 201 0 151 5
m 145 230 0 151 5
b 145 1 151 5
b 145 2 151 5
b 145 3 151 5
m 145 115 3 16.8 306.8 0.1558264746649464
m 145 184 3 16.8 306.8 0.1558264746649464
b 149 0 417 119
b 150 0 349 153
m 150 22 0 349 153
b 150 1 349 153
m 150 22 1 349 153
b 150 2 349 153
m 150 22 2 349 153
b 150 3 349 153
b 155 3 194 83
m 155 201 3 15.2 282.0 0.3333333333333333
b 164 1 247 216
b 164 3 247 216
m 164 126 3 12.8 233.20000000000002 0.5
b 166 0 395 247
m 166 22 0 395 247
m 166 156 0 395 247
m 166 177 0 395 247
m 166 180 0 395 247
m 166 227 0 395 247
m 166 239 0 395 247
b 168 0 190 104
b 168 1 190 104
b 168 2 190 104
b 168 3 190 104
b 171 0 224 88
b 171 1 224 88
b 171 2 224 88
b 171 3 224 88
b 175 0 363 93
b 175 1 363 93
b 175 2 363 93
b 186 2 156 238
m 186 100 2 156 238
b 186 3 156 238
m 186 100 3 13.8 242.20000000000002 0.26673442499529454
b 189 0 231 292
m 189 33 0 231 292
m 189 106 0 231 292
m 189 127 0 231 292
b 189 2 231 292
m 189 33 2 231 292
m 189 106 2 231 292
m 189 127 2 231 292
m 189 128 2 231 292
m 189 129 2 231 292
m 189 205 2 231 292
m 189 217 2 231 292
b 189 3 231 292
m 189 106 3 15.0 269.8 0.25
m 189 33 3 15.0 269.8 0.25
b 193 3 249 255
m 193 208 3 12.8 233.20000000000002 0.5
m 193 126 3 12.8 233.20000000000002 0.5
b 196 0 310 90
b 196 1 310 90
b 196 2 310 90
b 196 3 310 90
m 196 175 3 13.799999999999999 258.2 0.07958619374523268
b 197 0 335 169
m 197 22 0 335 169
b 197 1 335 169
m 197 22 1 335 169
b 197 2 335 169
m 197 22 2 335 169
b 197 3 335 169
b 205 0 192 315
m 205 33 0 192 315
m 205 106 0 192 315
m 205 127 0 192 315
b 205 3 192 315
m 205 33 3 16.2 293.8 0.14285714285714285
b 206 1 291 201
m 206 48 1 291 201
b 208 0 231 252
m 208 59 0 231 252
m 208 106 0 231 252
m 208 232 0 231 252
b 208 2 231 252
m 208 59 2 231 252
m 208 106 2 231 252
m 208 128 2 231 252
m 208 129 2 231 252
m 208 205 2 231 252
m 208 217 2 231 252
m 208 232 2 231 252
b 209 0 490 148
b 211 0 257 0
m 211 184 0 257 0
m 211 201 0 257 0
b 211 1 257 0
m 211 184 1 257 0
m 211 201 1 257 0
b 211 2 257 0
b 217 0 210 311
m 217 33 0 210 311
m 217 38 0 210 311
m 217 106 0 210 311
b 217 3 210 311
m 217 33 3 15.6 276.40000000000003 0.14458276238800266
b 221 0 264 63
b 221 1 264 63
b 221 2 264 63
b 222 0 460 238
m 222 22 0 460 238
m 222 156 0 460 238
m 222 177 0 460 238
m 222 227 0 460 238
m 222 239 0 460 238
b 223 0 217 262
m 223 106 0 217 262
m 223 127 0 217 262
b 223 2 217 262
b 223 3 217 262
m 223 127 3 15.0 269.8 0.25
b 225 0 129 271
m 225 75 0 129 271
m 225 106 0 129 271
m 225 116 0 129 271
m 225 127 0 129 271
m 225 146 0 129 271
m 225 179 0 129 271
m 225 204 0 129 271
b 225 3 129 271
m 225 204 3 17.4 317.8 0.691233501665137
m 225 75 3 17.4 317.8 0.691233501665137
m 225 106 3 17.4 317.8 0.691233501665137
m 225 179 3 17.4 317.8 0.691233501665137
m 225 116 3 17.4 317.8 0.691233501665137
m 225 6 3 17.4 317.8 0.691233501665137
m 225 127 3 17.4 317.8 0.691233501665137
b 235 1 239 153
b 2 0 77 330
m 2 40 0 77 330
m 2 43 0 77 330
m 2 50 0 77 330
m 2 51 0 77 330
m 2 138 0 77 330
m 2 188 0 77 330
m 2 234 0 77 330
b 2 3 77 330
m 2 40 3 17.0 304.33333333333337 0.7655926031063433
m 2 234 3 17.0 304.33333333333337 0.7655926031063433
m 2 146 3 17.0 304.33333333333337 0.7655926031063433
m 2 51 3 17.0 304.33333333333337 0.7655926031063433
m 2 43 3 17.0 304.33333333333337 0.7655926031063433
m 2 99 3 17.0 304.33333333333337 0.7655926031063433
m 2 50 3 17.0 304.33333333333337 0.7655926031063433
m 2 77 3 17.0 304.33333333333337 0.7655926031063433
b 6 1 89 323
m 6 2 1 89 323
m 6 75 1 89 323
m 6 99 1 89 323
m 6 188 1 89 323
b 6 3 89 323
m 6 99 3 16.5 288.8333333333333 0.5013578906346311
m 6 190 3 16.5 288.8333333333333 0.5013578906346311
b 8 0 116 408
m 8 32 0 116 408
m 8 40 0 116 408
m 8 51 0 116 408
m 8 65 0 116 408
m 8 142 0 116 408
b 8 3 116 408
m 8 32 3 14.0 236.33333333333337 0.12893071743112147
b 13 0 5 264
m 13 16 0 5 264
m 13 19 0 5 264
m 13 120 0 5 264
m 13 181 0 5 264
m 13 219 0 5 264
b 13 1 5 264
m 13 16 1 5 264
m 13 19 1 5 264
m 13 120 1 5 264
m 13 181 1 5 264
m 13 219 1 5 264
b 14 0 35 130
m 14 52 0 35 130
m 14 152 0 35 130
m 14 169 0 35 130
m 14 198 0 35 130
b 14 1 35 130
m 14 52 1 35 130
m 14 152 1 35 130
m 14 169 1 35 130
m 14 198 1 35 130
b 17 0 437 47
m 17 55 0 437 47
m 17 83 0 437 47
m 17 118 0 437 47
b 17 1 437 47
b 17 2 437 47
m 17 55 2 437 47
m 17 83 2 437 47
m 17 118 2 437 47
b 22 0 368 193
b 22 1 368 193
m 22 227 1 368 193
m 22 239 1 368 193
b 22 2 368 193
m 22 227 2 368 193
m 22 239 2 368 193
b 24 0 67 322
m 24 1 0 67 322
m 24 138 0 67 322
m 24 181 0 67 322
m 24 188 0 67 322
m 24 219 0 67 322
b 24 1 67 322
m 24 1 1 67 322
m 24 75 1 67 322
m 24 99 1 67 322
m 24 138 1 67 322
m 24 181 1 67 322
m 24 188 1 67 322
m 24 219 1 67 322
b 29 0 102 147
m 29 52 0 102 147
b 29 1 102 147
m 29 52 1 102 147
b 33 0 184 294
b 33 2 184 294
m 33 46 2 184 294
m 33 225 2 184 294
b 33 3 184 294
b 38 0 146 420
m 38 32 0 146 420
m 38 40 0 146 420
m 38 65 0 146 420
m 38 102 0 146 420
b 38 3 146 420
m 38 32 3 15.0 256.33333333333337 0.16666666666666666
b 41 0 114 177
m 41 52 0 114 177
m 41 152 0 114 177
m 41 198 0 114 177
b 41 1 114 177
m 41 52 1 114 177
m 41 152 1 114 177
m 41 198 1 114 177
b 48 1 378 293
m 48 125 1 378 293
b 49 0 39 273
m 49 16 0 39 273
m 49 19 0 39 273
m 49 181 0 39 273
m 49 188 0 39 273
m 49 219 0 39 273
b 49 1 39 273
m 49 16 1 39 273
m 49 19 1 39 273
m 49 99 1 39 273
m 49 181 1 39 273
m 49 188 1 39 273
m 49 219 1 39 273
b 59 0 245 330
m 59 57 0 245 330
m 59 178 0 245 330
b 59 2 245 330
m 59 57 2 245 330
m 59 159 2 245 330
m 59 178 2 245 330
m 59 183 2 245 330
b 62 2 142 36
m 62 84 2 142 36
m 62 214 2 142 36
m 62 228 2 142 36
m 62 237 2 142 36
b 68 0 231 49
b 68 1 231 49
b 68 2 231 49
b 68 3 231 49
m 68 98 3 12.833333333333334 225.16666666666666 0.008868356411712701
b 75 0 78 307
m 75 31 0 78 307
m 75 43 0 78 307
m 75 50 0 78 307
m 75 51 0 78 307
m 75 138 0 78 307
m 75 188 0 78 307
b 75 3 78 307
m 75 24 3 17.333333333333332 313.0 0.739682443497569
m 75 108 3 17.333333333333332 313.0 0.739682443497569
m 75 51 3 17.333333333333332 313.0 0.739682443497569
m 75 43 3 17.333333333333332 313.0 0.739682443497569
m 75 50 3 17.333333333333332 313.0 0.739682443497569
m 75 146 3 17.333333333333332 313.0 0.739682443497569
m 75 99 3 17.333333333333332 313.0 0.739682443497569
m 75 77 3 17.333333333333332 313.0 0.739682443497569
b 77 0 124 323
m 77 188 0 124 323
b 77 1 124 323
b 88 1 128 336
m 88 2 1 128 336
m 88 33 1 128 336
m 88 46 1 128 336
b 98 0 195 5
b 98 1 195 5
b 98 2 195 5
b 99 0 20 328
m 99 1 0 20 328
m 99 18 0 20 328
m 99 31 0 20 328
m 99 43 0 20 328
m 99 130 0 20 328
m 99 138 0 20 328
m 99 181 0 20 328
m 99 188 0 20 328
m 99 219 0 20 328
m 99 234 0 20 328
b 100 2 143 151
m 100 29 2 143 151
m 100 41 2 143 151
m 100 52 2 143 151
m 100 107 2 143 151
m 100 157 2 143 151
m 100 165 2 143 151
m 100 231 2 143 151
b 100 3 143 151
m 100 157 3 12.666666666666666 210.0 0.28239576048446424
m 100 231 3 12.666666666666666 210.0 0.28239576048446424
b 106 0 217 287
b 106 1 217 287
m 106 33 1 217 287
b 106 2 217 287
b 106 3 217 287
b 107 0 163 191
b 107 1 163 191
b 108 0 2 348
m 108 1 0 2 348
m 108 18 0 2 348
m 108 31 0 2 348
m 108 43 0 2 348
m 108 138 0 2 348
m 108 181 0 2 348
m 108 188 0 2 348
m 108 219 0 2 348
m 108 234 0 2 348
b 108 1 2 348
b 110 0 36 277
m 110 16 0 36 277
m 110 19 0 36 277
m 110 181 0 36 277
m 110 188 0 36 277
m 110 219 0 36 277
b 110 1 36 277
m 110 16 1 36 277
m 110 19 1 36 277
m 110 181 1 36 277
m 110 188 1 36 277
m 110 219 1 36 277
b 115 0 46 9
m 115 37 0 46 9
m 115 84 0 46 9
m 115 228 0 46 9
b 115 1 46 9
m 115 37 1 46 9
m 115 84 1 46 9
m 115 228 1 46 9
b 115 2 46 9
b 115 3 46 9
m 115 84 3 14.833333333333334 259.8333333333333 0.04327158113981418
b 116 0 145 288
m 116 188 0 145 288
b 116 1 145 288
m 116 2 1 145 288
m 116 75 1 145 288
m 116 188 1 145 288
b 116 3 145 288
m 116 49 3 15.666666666666666 273.0 0.14285714285714285
b 126 3 232 192
b 127 0 182 267
b 127 1 182 267
b 127 2 182 267
b 127 3 182 267
b 128 1 155 331
m 128 33 1 155 331
m 128 46 1 155 331
m 128 159 1 155 331
m 128 183 1 155 331
b 128 2 155 331
b 129 1 232 276
m 129 33 1 232 276
m 129 59 1 232 276
m 129 159 1 232 276
m 129 178 1 232 276
m 129 183 1 232 276
m 129 232 1 232 276
b 129 2 232 276
m 129 159 2 232 276
m 129 178 2 232 276
m 129 183 2 232 276
b 139 0 152 18
m 139 37 0 152 18
m 139 84 0 152 18
m 139 228 0 152 18
b 139 1 152 18
b 139 2 152 18
b 144 0 78 346
m 144 1 0 78 346
m 144 31 0 78 346
m 144 43 0 78 346
m 144 50 0 78 346
m 144 138 0 78 346
m 144 181 0 78 346
m 144 188 0 78 346
m 144 219 0 78 346
m 144 234 0 78 346
b 144 1 78 346
m 144 1 1 78 346
m 144 2 1 78 346
m 144 31 1 78 346
m 144 43 1 78 346
m 144 50 1 78 346
m 144 75 1 78 346
m 144 99 1 78 346
m 144 138 1 78 346
m 144 181 1 78 346
m 144 188 1 78 346
m 144 219 1 78 346
m 144 234 1 78 346
b 146 0 145 324
m 146 188 0 145 324
b 146 1 145 324
b 149 1 415 95
b 149 2 415 95
b 149 3 415 95
m 149 17 3 12.0 218.0 1.0
b 156 0 497 288
m 156 12 0 497 288
m 156 90 0 497 288
m 156 133 0 497 288
m 156 143 0 497 288
b 157 0 106 227
m 157 52 0 106 227
b 157 1 106 227
m 157 52 1 106 227
b 159 0 255 328
m 159 57 0 255 328
m 159 178 0 255 328
m 159 195 0 255 328
b 159 3 255 328
m 159 232 3 13.5 230.5 0.209418154503958
m 159 195 3 13.5 230.5 0.209418154503958
b 160 0 157 83
b 160 1 157 83
b 160 2 157 83
m 160 214 2 157 83
b 165 0 79 160
m 165 52 0 79 160
m 165 152 0 79 160
m 165 198 0 79 160
b 165 1 79 160
m 165 52 1 79 160
m 165 152 1 79 160
m 165 198 1 79 160
b 175 3 346 110
m 175 233 3 11.833333333333334 215.83333333333331 0.04296601409634056
b 177 0 394 242
m 177 12 0 394 242
m 177 133 0 394 242
b 179 0 121 331
m 179 188 0 121 331
b 179 1 121 331
b 179 3 121 331
m 179 49 3 16.666666666666668 293.0 0.565442173411689
m 179 213 3 16.666666666666668 293.0 0.565442173411689
m 179 229 3 16.666666666666668 293.0 0.565442173411689
m 179 190 3 16.666666666666668 293.0 0.565442173411689
m 179 77 3 16.666666666666668 293.0 0.565442173411689
m 179 24 3 16.666666666666668 293.0 0.565442173411689
m 179 144 3 16.666666666666668 293.0 0.565442173411689
b 180 0 354 330
m 180 125 0 354 330
b 183 0 242 328
m 183 57 0 242 328
m 183 178 0 242 328
m 183 195 0 242 328
b 183 3 242 328
m 183 195 3 13.5 230.5 0.209418154503958
m 183 59 3 13.5 230.5 0.209418154503958
b 184 0 201 84
b 184 1 201 84
b 184 2 201 84
b 184 3 201 84
m 184 160 3 14.333333333333334 254.33333333333337 0.3333333333333333
b 189 1 252 303
b 190 0 101 263
m 190 16 0 101 263
b 190 1 101 263
m 190 16 1 101 263
b 201 0 254 61
b 201 1 254 61
b 201 2 254 61
b 201 3 254 61
b 204 0 112 346
m 204 50 0 112 346
m 204 51 0 112 346
m 204 138 0 112 346
m 204 188 0 112 346
b 204 1 112 346
m 204 2 1 112 346
m 204 46 1 112 346
m 204 50 1 112 346
m 204 51 1 112 346
m 204 75 1 112 346
m 204 99 1 112 346
m 204 138 1 112 346
m 204 188 1 112 346
b 204 3 112 346
m 204 99 3 17.333333333333332 313.0 0.739682443497569
m 204 213 3 17.333333333333332 313.0 0.739682443497569
m 204 190 3 17.333333333333332 313.0 0.739682443497569
m 204 138 3 17.333333333333332 313.0 0.739682443497569
m 204 50 3 17.333333333333332 313.0 0.739682443497569
m 204 51 3 17.333333333333332 313.0 0.739682443497569
m 204 24 3 17.333333333333332 313.0 0.739682443497569
m 204 77 3 17.333333333333332 313.0 0.739682443497569
m 204 144 3 17.333333333333332 313.0 0.739682443497569
b 205 1 202 337
m 205 33 1 202 337
m 205 46 1 202 337
m 205 183 1 202 337
b 205 2 202 337
b 208 1 224 229
b 208 3 224 229
b 211 3 265 24
b 213 0 25 318
m 213 1 0 25 318
m 213 19 0 25 318
m 213 138 0 25 318
m 213 181 0 25 318
m 213 188 0 25 318
m 213 219 0 25 318
b 213 1 25 318
m 213 1 1 25 318
m 213 19 1 25 318
m 213 99 1 25 318
m 213 138 1 25 318
m 213 181 1 25 318
m 213 188 1 25 318
m 213 219 1 25 318
b 214 0 147 77
m 214 228 0 147 77
b 214 1 147 77
m 214 228 1 147 77
b 217 1 221 290
m 217 33 1 221 290
m 217 46 1 221 290
m 217 59 1 221 290
b 217 2 221 290
b 221 3 243 75
b 223 1 240 252
b 225 1 132 247
b 227 0 435 236
m 227 133 0 435 236
b 229 0 145 240
b 229 1 145 240
b 230 0 139 48
m 230 84 0 139 48
b 230 1 139 48
b 230 2 139 48
m 230 84 2 139 48
b 231 0 64 175
m 231 16 0 64 175
m 231 52 0 64 175
m 231 152 0 64 175
m 231 198 0 64 175
b 231 1 64 175
m 231 16 1 64 175
m 231 52 1 64 175
m 231 152 1 64 175
m 231 198 1 64 175
b 232 0 299 285
m 232 125 0 299 285
b 232 2 299 285
m 232 125 2 299 285
b 237 0 90 123
m 237 228 0 90 123
b 237 1 90 123
m 237 228 1 90 123
b 239 0 396 189
m 239 15 0 396 189
b 1 0 38 330
m 1 236 0 38 330
b 1 1 38 330
b 2 1 63 311
m 2 130 1 63 311
b 12 0 485 263
b 15 0 346 216
m 15 0 0 346 216
b 16 0 63 264
b 16 1 63 264
b 17 3 426 25
m 17 55 3 10.714285714285715 188.14285714285714 1.0
m 17 83 3 10.714285714285715 188.14285714285714 1.0
m 17 118 3 10.714285714285715 188.14285714285714 1.0
b 18 0 46 375
m 18 173 0 46 375
m 18 174 0 46 375
m 18 236 0 46 375
m 18 238 0 46 375
b 19 0 52 275
b 19 1 52 275
b 24 3 86 337
b 29 2 99 171
m 29 14 2 99 171
b 31 0 67 316
m 31 238 0 67 316
b 31 1 67 316
m 31 18 1 67 316
m 31 130 1 67 316
m 31 238 1 67 316
b 32 0 157 395
b 32 3 157 395
m 32 65 3 12.571428571428571 204.8571428571429 0.07159547164968606
b 33 1 182 270
b 37 0 113 42
b 37 1 113 42
b 40 0 172 416
b 40 3 172 416
m 40 65 3 15.0 262.14285714285717 0.3333333333333333
b 41 2 138 175
b 43 0 23 354
m 43 173 0 23 354
m 43 236 0 23 354
m 43 238 0 23 354
b 43 1 23 354
m 43 18 1 23 354
m 43 130 1 23 354
m 43 173 1 23 354
m 43 236 1 23 354
m 43 238 1 23 354
b 43 3 23 354
m 43 173 3 15.857142857142858 272.42857142857144 0.06538766698631975
b 46 1 160 410
m 46 8 1 160 410
m 46 32 1 160 410
m 46 38 1 160 410
m 46 40 1 160 410
m 46 65 1 160 410
m 46 102 1 160 410
b 46 2 160 410
m 46 8 2 160 410
m 46 32 2 160 410
m 46 38 2 160 410
m 46 40 2 160 410
m 46 65 2 160 410
m 46 102 2 160 410
m 46 146 2 160 410
m 46 204 2 160 410
b 49 3 16 279
m 49 1 3 14.857142857142858 248.28571428571428 0.19006113704947902
m 49 16 3 14.857142857142858 248.28571428571428 0.19006113704947902
b 50 0 46 369
m 50 173 0 46 369
m 50 236 0 46 369
m 50 238 0 46 369
b 50 1 46 369
m 50 18 1 46 369
m 50 130 1 46 369
m 50 173 1 46 369
m 50 236 1 46 369
m 50 238 1 46 369
b 50 3 46 369
m 50 18 3 16.0 275.14285714285717 0.21064264167419203
m 50 1 3 16.0 275.14285714285717 0.21064264167419203
m 50 130 3 16.0 275.14285714285717 0.21064264167419203
b 51 0 78 379
m 51 173 0 78 379
b 51 1 78 379
m 51 8 1 78 379
m 51 130 1 78 379
m 51 173 1 78 379
b 51 3 78 379
m 51 130 3 15.142857142857142 263.14285714285717 0.25
m 51 31 3 15.142857142857142 263.14285714285717 0.25
b 52 0 112 173
b 52 1 112 173
b 52 2 112 173
b 55 0 431 1
b 55 2 431 1
b 57 0 262 304
m 57 212 0 262 304
b 57 2 262 304
m 57 195 2 262 304
m 57 212 2 262 304
b 59 1 222 335
m 59 57 1 222 335
m 59 195 1 222 335
b 59 3 222 335
b 65 0 210 408
m 65 148 0 210 408
b 75 1 66 286
m 75 130 1 66 286
b 77 3 144 337
m 77 188 3 14.857142857142858 261.42857142857144 0.5
m 77 31 3 14.857142857142858 261.42857142857144 0.5
b 83 0 461 36
b 83 2 461 36
b 84 0 132 64
b 84 1 132 64
b 84 2 132 64
b 84 3 132 64
m 84 139 3 13.571428571428571 227.85714285714286 0.05207153032972268
b 90 0 489 358
m 90 71 0 489 358
m 90 91 0 489 358
m 90 95 0 489 358
m 90 97 0 489 358
m 90 167 0 489 358
m 90 226 0 489 358
b 98 3 219 10
m 98 139 3 11.285714285714286 193.57142857142858 0.004750596820351315
b 99 1 5 329
m 99 18 1 5 329
m 99 130 1 5 329
m 99 236 1 5 329
m 99 238 1 5 329
b 99 3 5 329
m 99 181 3 16.285714285714285 281.42857142857144 0.4250072015779018
m 99 31 3 16.285714285714285 281.42857142857144 0.4250072015779018
m 99 18 3 16.285714285714285 281.42857142857144 0.4250072015779018
m 99 13 3 16.285714285714285 281.42857142857144 0.4250072015779018
b 102 0 185 454
m 102 81 0 185 454
m 102 148 0 185 454
b 107 2 185 200
m 107 229 2 185 200
b 108 3 3 327
m 108 31 3 16.0 277.42857142857144 0.125
m 108 18 3 16.0 277.42857142857144 0.125
b 118 0 491 5
b 118 2 491 5
b 120 0 35 254
b 120 1 35 254
b 130 0 47 330
m 130 173 0 47 330
m 130 236 0 47 330
m 130 238 0 47 330
b 133 0 399 315
m 133 125 0 399 315
b 138 0 67 311
b 138 1 67 311
m 138 130 1 67 311
b 138 3 67 311
b 142 0 162 453
m 142 56 0 162 453
m 142 81 0 162 453
m 142 92 0 162 453
m 142 172 0 162 453
b 143 0 454 198
b 144 3 93 364
m 144 130 3 15.142857142857144 256.2857142857143 0.16666666666666666
m 144 31 3 15.142857142857144 256.2857142857143 0.16666666666666666
b 146 3 161 342
m 146 188 3 14.714285714285714 261.00000000000006 1.0
b 152 0 1 121
b 152 1 1 121
b 157 2 113 250
b 157 3 113 250
b 159 1 273 313
m 159 57 1 273 313
m 159 195 1 273 313
m 159 212 1 273 313
b 159 2 273 313
m 159 195 2 273 313
m 159 212 2 273 313
b 160 3 180 91
m 160 230 3 13.0 221.5714285714286 0.47503052503052495
m 160 214 3 13.0 221.5714285714286 0.47503052503052495
b 165 2 73 137
b 169 0 36 100
m 169 70 0 36 100
b 169 1 36 100
m 169 70 1 36 100
b 178 0 216 309
b 178 1 216 309
b 178 2 216 309
m 178 195 2 216 309
b 181 0 6 247
b 181 1 6 247
b 183 1 254 308
m 183 57 1 254 308
m 183 195 1 254 308
b 183 2 254 308
b 188 0 123 326
b 188 1 123 326
m 188 130 1 123 326
b 190 3 121 250
m 190 16 3 14.857142857142856 251.14285714285717 0.2
m 190 79 3 14.857142857142856 251.14285714285717 0.2
b 195 0 268 340
m 195 3 0 268 340
m 195 135 0 268 340
m 195 212 0 268 340
b 195 3 268 340
m 195 57 3 12.285714285714285 201.14285714285717 0.21856378712215138
m 195 3 3 12.285714285714285 201.14285714285717 0.21856378712215138
b 198 0 12 139
b 198 1 12 139
b 213 3 7 334
m 213 16 3 16.0 271.7142857142857 0.5404103384400524
m 213 181 3 16.0 271.7142857142857 0.5404103384400524
m 213 110 3 16.0 271.7142857142857 0.5404103384400524
m 213 19 3 16.0 271.7142857142857 0.5404103384400524
m 213 13 3 16.0 271.7142857142857 0.5404103384400524
m 213 31 3 16.0 271.7142857142857 0.5404103384400524
b 214 2 169 67
b 219 0 23 293
m 219 238 0 23 293
b 219 1 23 293
m 219 18 1 23 293
m 219 130 1 23 293
m 219 238 1 23 293
b 225 2 135 224
m 225 116 2 135 224
m 225 190 2 135 224
m 225 229 2 135 224
b 227 1 449 216
b 227 2 449 216
m 227 123 2 449 216
m 227 143 2 449 216
m 227 177 2 449 216
b 228 0 133 76
b 228 1 133 76
b 228 2 133 76
b 229 3 166 228
m 229 107 3 14.571428571428573 251.71428571428572 0.5
m 229 41 3 14.571428571428573 251.71428571428572 0.5
b 231 2 45 161
m 231 152 2 45 161
m 231 198 2 45 161
b 231 3 45 161
m 231 152 3 12.0 189.14285714285714 0.33065427022941635
m 231 29 3 12.0 189.14285714285714 0.33065427022941635
m 231 165 3 12.0 189.14285714285714 0.33065427022941635
b 232 1 308 263
m 232 57 1 308 263
b 232 3 308 263
m 232 178 3 12.428571428571429 202.71428571428572 0.25261293672962737
b 233 3 314 109
b 234 0 49 444
m 234 35 0 49 444
m 234 36 0 49 444
m 234 56 0 49 444
m 234 117 0 49 444
m 234 173 0 49 444
m 234 174 0 49 444
m 234 236 0 49 444
m 234 238 0 49 444
b 234 1 49 444
m 234 8 1 49 444
m 234 18 1 49 444
m 234 35 1 49 444
m 234 36 1 49 444
m 234 56 1 49 444
m 234 117 1 49 444
m 234 130 1 49 444
m 234 173 1 49 444
m 234 174 1 49 444
m 234 236 1 49 444
m 234 238 1 49 444
b 234 3 49 444
m 234 35 3 16.142857142857142 278.14285714285717 0.32819706314414626
m 234 18 3 16.142857142857142 278.14285714285717 0.32819706314414626
m 234 36 3 16.142857142857142 278.14285714285717 0.32819706314414626
m 234 130 3 16.142857142857142 278.14285714285717 0.32819706314414626
b 237 2 77 143
m 237 14 2 77 143
b 239 1 397 165
m 239 15 1 397 165
m 239 177 1 397 165
b 239 2 397 165
m 239 15 2 397 165
m 239 177 2 397 165
b 0 0 323 258
m 0 131 0 323 258
m 0 162 0 323 258
b 1 3 57 314
m 1 236 3 13.5 219.25 0.25
b 3 0 242 382
m 3 30 0 242 382
m 3 224 0 242 382
b 3 3 242 382
m 3 212 3 11.5 180.50000000000003 0.26300590516400346
m 3 30 3 11.5 180.50000000000003 0.26300590516400346
b 8 1 71 426
m 8 92 1 71 426
b 8 2 71 426
b 13 3 50 280
m 13 120 3 14.5 246.75 0.5
m 13 219 3 14.5 246.75 0.5
b 14 2 9 121
m 14 169 2 9 121
b 15 1 347 192
m 15 0 1 347 192
b 15 2 347 192
m 15 0 2 347 192
b 16 3 81 280
m 16 120 3 13.25 217.75 0.5
b 18 1 67 386
b 18 3 67 386
m 18 238 3 14.375 241.87500000000003 0.3333333333333333
b 19 3 74 284
m 19 120 3 14.25 238.25 0.5
m 19 219 3 14.25 238.25 0.5
b 29 3 96 195
m 29 237 3 10.75 166.0 0.5
m 29 52 3 10.75 166.0 0.5
b 31 3 76 293
m 31 120 3 13.625 231.37500000000003 0.17472061331191246
b 32 1 172 376
b 32 2 172 376
b 35 0 69 496
m 35 42 0 69 496
m 35 170 0 69 496
b 35 1 69 496
m 35 42 1 69 496
m 35 92 1 69 496
m 35 170 1 69 496
b 35 3 69 496
m 35 56 3 14.875 247.87500000000003 0.07569097338899844
b 36 0 100 438
m 36 170 0 100 438
b 36 1 100 438
m 36 92 1 100 438
m 36 170 1 100 438
b 36 3 100 438
m 36 92 3 14.625 245.37500000000003 0.25
m 36 56 3 14.625 245.37500000000003 0.25
b 38 1 102 439
b 38 2 102 439
m 38 36 2 102 439
m 38 92 2 102 439
m 38 142 2 102 439
m 38 144 2 102 439
m 38 172 2 102 439
m 38 173 2 102 439
b 40 1 196 419
m 40 10 1 196 419
m 40 64 1 196 419
m 40 142 1 196 419
m 40 172 1 196 419
b 40 2 196 419
b 41 3 162 173
m 41 52 3 13.000000000000002 220.75 0.5090245597775719
m 41 237 3 13.000000000000002 220.75 0.5090245597775719
b 55 3 445 19
b 56 0 54 492
m 56 170 0 54 492
b 56 1 54 492
b 57 1 258 281
b 57 3 258 281
m 57 212 3 10.875 176.12500000000003 1.0
b 65 1 233 402
m 65 3 1 233 402
m 65 10 1 233 402
m 65 135 1 233 402
m 65 148 1 233 402
b 65 2 233 402
b 65 3 233 402
m 65 10 3 11.75 183.75000000000003 0.09751132272084059
b 70 0 49 7
b 70 1 49 7
b 71 0 465 312
b 79 3 4 306
m 79 120 3 13.374999999999998 220.87500000000003 0.07483717373534185
b 81 0 230 488
m 81 10 0 230 488
m 81 53 0 230 488
m 81 64 0 230 488
b 83 3 469 58
b 91 0 409 295
m 91 131 0 409 295
b 92 0 59 476
m 92 170 0 59 476
b 95 0 491 342
m 95 103 0 491 342
b 97 0 497 437
m 97 5 0 497 437
m 97 86 0 497 437
m 97 94 0 497 437
m 97 103 0 497 437
m 97 176 0 497 437
m 97 191 0 497 437
m 97 194 0 497 437
b 102 1 166 468
m 102 10 1 166 468
m 102 64 1 166 468
m 102 81 1 166 468
m 102 142 1 166 468
m 102 172 1 166 468
b 102 2 166 468
m 102 10 2 166 468
m 102 64 2 166 468
m 102 81 2 166 468
m 102 142 2 166 468
m 102 172 2 166 468
b 107 3 207 210
b 110 3 6 239
m 110 120 3 14.25 238.25 0.5
b 116 2 184 260
m 116 77 2 184 260
b 117 0 17 483
m 117 42 0 17 483
m 117 170 0 17 483
b 117 1 17 483
m 117 42 1 17 483
m 117 92 1 17 483
m 117 170 1 17 483
b 118 3 476 23
b 123 2 453 300
m 123 12 2 453 300
m 123 71 2 453 300
m 123 91 2 453 300
m 123 133 2 453 300
m 123 156 2 453 300
m 123 167 2 453 300
m 123 222 2 453 300
m 123 226 2 453 300
b 130 1 55 307
b 130 3 55 307
m 130 219 3 14.375 241.87500000000003 0.3333333333333333
b 135 0 261 378
m 135 10 0 261 378
m 135 30 0 261 378
m 135 224 0 261 378
b 139 3 174 61
b 143 2 440 179
b 146 2 177 360
m 146 77 2 177 360
m 146 144 2 177 360
m 146 179 2 177 360
m 146 188 2 177 360
b 148 0 272 417
m 148 10 0 272 417
m 148 53 0 272 417
m 148 82 0 272 417
b 152 2 22 118
m 152 169 2 22 118
b 152 3 22 118
m 152 169 3 10.875 166.625 0.3333333333333333
b 165 3 66 113
m 165 169 3 11.125 168.625 0.15392980959864527
b 167 0 443 323
b 172 0 189 486
m 172 64 0 189 486
b 173 0 76 368
b 173 1 76 368
b 173 3 76 368
m 173 236 3 14.25 239.5 0.3333333333333333
b 174 0 4 415
m 174 170 0 4 415
b 174 1 4 415
m 174 170 1 4 415
b 177 1 359 210
m 177 0 1 359 210
m 177 131 1 359 210
m 177 166 1 359 210
b 177 2 359 210
m 177 0 2 359 210
m 177 131 2 359 210
m 177 166 2 359 210
b 178 3 192 310
b 181 3 6 223
m 181 219 3 14.5 246.75 0.5
m 181 120 3 14.5 246.75 0.5
b 188 3 147 329
b 190 2 141 236
b 195 1 272 316
b 195 2 272 316
m 195 3 2 272 316
m 195 30 2 272 316
m 195 135 2 272 316
b 198 2 26 119
b 204 2 151 375
m 204 6 2 151 375
m 204 24 2 151 375
m 204 77 2 151 375
m 204 144 2 151 375
m 204 179 2 151 375
m 204 188 2 151 375
b 212 0 303 326
m 212 30 0 303 326
m 212 34 0 303 326
m 212 162 0 303 326
m 212 224 0 303 326
b 212 1 303 326
m 212 3 1 303 326
m 212 30 1 303 326
m 212 34 1 303 326
m 212 162 1 303 326
m 212 180 1 303 326
m 212 224 1 303 326
b 212 2 303 326
m 212 3 2 303 326
m 212 30 2 303 326
m 212 34 2 303 326
m 212 162 2 303 326
m 212 180 2 303 326
m 212 224 2 303 326
b 214 3 190 56
m 214 228 3 11.625 194.37500000000003 0.5
m 214 37 3 11.625 194.37500000000003 0.5
b 226 0 464 316
b 229 2 187 216
b 230 3 101 77
m 230 37 3 11.75 195.00000000000003 0.18046129510352765
b 236 0 35 365
b 236 1 35 365
b 238 0 13 334
b 238 1 13 334
b 0 1 312 237
b 0 2 312 237
b 3 1 220 372
b 3 2 220 372
b 5 0 427 474
m 5 9 0 427 474
m 5 25 0 427 474
m 5 93 0 427 474
m 5 151 0 427 474
m 5 192 0 427 474
m 5 200 0 427 474
m 5 220 0 427 474
b 6 2 53 385
b 10 0 196 406
b 10 1 196 406
m 10 53 1 196 406
m 10 82 1 196 406
b 10 2 196 406
b 10 3 196 406
m 10 64 3 11.555555555555555 174.44444444444449 0.13868270952281359
m 10 53 3 11.555555555555555 174.44444444444449 0.13868270952281359
b 12 2 483 278
m 12 28 2 483 278
b 24 2 124 366
m 24 1 2 124 366
m 24 130 2 124 366
m 24 138 2 124 366
m 24 236 2 124 366
b 30 0 279 339
b 30 1 279 339
b 30 2 279 339
b 30 3 279 339
m 30 162 3 11.222222222222221 169.44444444444446 0.35779321900394107
m 30 224 3 11.222222222222221 169.44444444444446 0.35779321900394107
b 34 0 324 316
b 34 1 324 316
b 34 2 324 316
b 36 2 121 426
b 37 3 153 68
b 42 0 11 460
b 42 1 11 460
b 52 3 160 176
b 53 0 215 475
b 56 3 72 477
m 56 42 3 13.555555555555555 221.33333333333337 0.003247208261728089
b 64 0 162 445
b 64 1 162 445
b 64 2 162 445
m 64 53 2 162 445
m 64 82 2 162 445
b 71 2 457 289
m 71 90 2 457 289
m 71 95 2 457 289
b 77 2 183 365
b 81 1 254 486
m 81 53 1 254 486
m 81 82 1 254 486
b 81 2 254 486
m 81 53 2 254 486
m 81 82 2 254 486
b 82 0 222 438
b 86 0 423 429
m 86 125 0 423 429
b 91 2 395 275
b 92 1 35 473
b 92 2 35 473
m 92 35 2 35 473
m 92 42 2 35 473
m 92 56 2 35 473
m 92 117 2 35 473
m 92 170 2 35 473
m 92 234 2 35 473
b 92 3 35 473
m 92 170 3 13.333333333333334 219.11111111111114 0.1739436619718311
b 94 0 478 497
m 94 93 0 478 497
m 94 151 0 478 497
m 94 192 0 478 497
m 94 200 0 478 497
m 94 220 0 478 497
b 103 0 483 375
b 120 3 68 289
b 131 0 395 259
b 131 1 395 259
m 131 91 1 395 259
m 131 133 1 395 259
b 131 2 395 259
b 133 2 351 315
b 135 1 240 367
b 135 2 240 367
m 135 148 2 240 367
b 142 1 207 437
m 142 53 1 207 437
m 142 82 1 207 437
b 142 2 207 437
m 142 53 2 207 437
m 142 82 2 207 437
b 144 2 125 400
b 148 1 294 406
m 148 82 1 294 406
m 148 87 1 294 406
m 148 104 1 294 406
b 156 2 425 293
m 156 95 2 425 293
b 162 0 316 290
b 162 1 316 290
b 162 2 316 290
b 166 1 321 308
m 166 91 1 321 308
m 166 133 1 321 308
b 166 2 321 308
b 167 2 430 303
b 169 2 84 98
b 169 3 84 98
m 169 11 3 10.0 149.11111111111111 0.3428928125557339
b 170 0 83 488
b 170 1 83 488
b 172 1 213 482
m 172 53 1 213 482
m 172 82 1 213 482
b 172 2 213 482
b 173 2 78 344
m 173 1 2 78 344
m 173 18 2 78 344
m 173 31 2 78 344
m 173 50 2 78 344
m 173 51 2 78 344
m 173 99 2 78 344
m 173 130 2 78 344
m 173 236 2 78 344
m 173 238 2 78 344
b 176 0 477 496
m 176 93 0 477 496
m 176 151 0 477 496
m 176 192 0 477 496
m 176 200 0 477 496
b 179 2 162 390
b 180 1 295 371
m 180 87 1 295 371
m 180 104 1 295 371
b 180 2 295 371
m 180 87 2 295 371
m 180 104 2 295 371
b 188 2 171 333
b 191 0 457 485
m 191 9 0 457 485
m 191 93 0 457 485
m 191 151 0 457 485
m 191 192 0 457 485
m 191 200 0 457 485
m 191 220 0 457 485
b 194 0 448 428
m 194 9 0 448 428
m 194 73 0 448 428
m 194 93 0 448 428
m 194 151 0 448 428
m 194 200 0 448 428
b 212 3 303 302
m 212 133 3 11.0 165.8888888888889 0.3100099831457461
b 219 3 54 257
b 222 2 491 329
m 222 90 2 491 329
m 222 95 2 491 329
b 224 0 262 392
m 224 104 0 262 392
b 224 1 262 392
m 224 104 1 262 392
b 224 2 262 392
b 226 2 457 293
m 226 90 2 457 293
m 226 95 2 457 293
b 228 3 170 107
b 236 3 52 348
b 237 3 51 184
m 237 14 3 9.777777777777777 148.0 0.5105767823159126
m 237 198 3 9.777777777777777 148.0 0.5105767823159126
b 238 3 17 311
b 1 2 93 283
m 1 2 2 93 283
m 1 13 2 93 283
m 1 16 2 93 283
m 1 19 2 93 283
m 1 75 2 93 283
m 1 120 2 93 283
m 1 219 2 93 283
b 9 0 453 465
m 9 54 0 453 465
m 9 63 0 453 465
b 11 3 19 39
m 11 70 3 9.1 134.29999999999998 1.0
b 14 3 46 152
b 18 2 110 408
b 25 0 415 449
m 25 125 0 415 449
b 28 2 427 239
m 28 26 2 427 239
b 31 2 94 249
m 31 2 2 94 249
m 31 13 2 94 249
m 31 16 2 94 249
m 31 19 2 94 249
m 31 75 2 94 249
m 31 120 2 94 249
m 31 219 2 94 249
b 35 2 29 479
b 42 2 6 437
m 42 174 2 6 437
b 42 3 6 437
m 42 117 3 12.399999999999999 199.60000000000005 0.0016970402190325023
b 50 2 12 327
b 51 2 8 364
m 51 43 2 8 364
m 51 49 2 8 364
m 51 79 2 8 364
m 51 213 2 8 364
b 53 1 195 462
b 53 2 195 462
b 53 3 195 462
m 53 82 3 10.9 159.50000000000006 0.009112785523796517
b 56 2 90 461
m 56 174 2 90 461
b 64 3 141 434
m 64 82 3 10.8 158.60000000000005 0.25
m 64 172 3 10.8 158.60000000000005 0.25
b 73 0 430 390
m 73 125 0 430 390
b 82 1 204 422
b 82 2 204 422
b 87 1 309 433
m 87 4 1 309 433
m 87 54 1 309 433
m 87 60 1 309 433
m 87 132 1 309 433
m 87 161 1 309 433
m 87 199 1 309 433
b 87 2 309 433
b 90 2 454 405
m 90 125 2 454 405
b 91 1 382 255
m 91 71 1 382 255
m 91 167 1 382 255
m 91 226 1 382 255
b 93 0 496 419
b 95 2 492 350
b 99 2 77 324
b 104 0 279 390
m 104 60 0 279 390
m 104 87 0 279 390
m 104 161 0 279 390
m 104 199 0 279 390
b 104 1 279 390
m 104 60 1 279 390
m 104 161 1 279 390
m 104 199 1 279 390
b 104 2 279 390
b 117 2 35 439
b 130 2 71 262
b 133 1 327 315
b 133 3 327 315
m 133 34 3 10.3 150.9 0.09408233629970564
b 138 2 111 254
b 148 2 316 396
b 151 0 492 451
b 162 3 308 267
m 162 166 3 10.4 153.4 0.3333333333333333
b 170 2 107 486
b 170 3 107 486
b 192 0 498 492
b 198 3 53 79
b 200 0 480 487
m 200 63 0 480 487
b 220 0 412 466
m 220 4 0 412 466
m 220 54 0 412 466
m 220 63 0 412 466
b 224 3 238 387
m 224 135 3 10.799999999999999 157.4 0.27269409279455337
b 234 2 35 496
b 236 2 69 331
m 236 13 2 69 331
m 236 16 2 69 331
m 236 19 2 69 331
m 236 43 2 69 331
m 236 120 2 69 331
m 236 213 2 69 331
b 238 2 20 287
m 238 2 2 20 287
m 238 13 2 20 287
m 238 43 2 20 287
m 238 49 2 20 287
m 238 75 2 20 287
m 238 79 2 20 287
m 238 120 2 20 287
m 238 213 2 20 287
m 238 219 2 20 287
b 2 2 5 234
m 2 108 2 5 234
m 2 110 2 5 234
b 4 0 378 481
b 4 1 378 481
b 13 2 118 305
b 16 2 134 328
b 19 2 141 311
b 26 2 407 233
m 26 209 2 407 233
b 34 3 308 271
b 43 2 28 379
b 49 2 48 347
b 54 0 389 419
m 54 125 0 389 419
b 54 1 389 419
m 54 125 1 389 419
b 60 0 309 377
b 60 1 309 377
b 63 0 417 452
m 63 125 0 417 452
b 70 3 98 59
b 71 1 440 244
m 71 12 1 440 244
m 71 26 1 440 244
m 71 28 1 440 244
m 71 156 1 440 244
b 75 2 18 203
m 75 108 2 18 203
m 75 110 2 18 203
m 75 181 2 18 203
b 79 2 19 376
b 82 3 185 406
m 82 142 3 10.0 145.09090909090912 1.0
b 87 0 293 450
m 87 132 0 293 450
b 117 3 44 417
m 117 174 3 11.363636363636363 181.5454545454546 2.7152643504520815E-5
b 120 2 100 324
b 132 1 277 428
b 135 3 199 343
b 161 0 305 409
m 161 132 0 305 409
b 161 1 305 409
b 166 3 284 339
m 166 60 3 9.818181818181818 140.90909090909093 0.42390572390572384
m 166 148 3 9.818181818181818 140.90909090909093 0.42390572390572384
b 167 1 404 262
m 167 12 1 404 262
m 167 26 1 404 262
m 167 28 1 404 262
m 167 156 1 404 262
b 172 3 260 474
m 172 81 3 10.090909090909092 145.00000000000003 0.1743590681344403
b 174 2 76 416
b 199 0 315 386
m 199 132 0 315 386
b 199 1 315 386
b 213 2 86 356
b 219 2 85 220
m 219 108 2 85 220
m 219 110 2 85 220
b 226 1 444 247
m 226 12 1 444 247
m 226 28 1 444 247
m 226 156 1 444 247
b 12 1 450 342
m 12 73 1 450 342
m 12 103 1 450 342
m 12 222 1 450 342
b 26 1 390 250
b 28 1 391 270
b 60 3 296 357
m 60 104 3 9.416666666666666 131.25000000000003 0.5191969709574314
m 60 180 3 9.416666666666666 131.25000000000003 0.5191969709574314
b 81 3 325 481
m 81 87 3 9.500000000000002 133.66666666666669 0.17826106033166092
b 108 2 11 207
b 110 2 72 284
b 132 0 265 407
b 142 3 275 412
m 142 87 3 9.666666666666666 136.00000000000003 1.0
m 142 104 3 9.666666666666666 136.00000000000003 1.0
m 142 132 3 9.666666666666666 136.00000000000003 1.0
m 142 161 3 9.666666666666666 136.00000000000003 1.0
m 142 180 3 9.666666666666666 136.00000000000003 1.0
m 142 199 3 9.666666666666666 136.00000000000003 1.0
b 148 3 359 375
m 148 199 3 9.416666666666666 131.25000000000003 0.5191969709574314
m 148 86 3 9.416666666666666 131.25000000000003 0.5191969709574314
m 148 54 3 9.416666666666666 131.25000000000003 0.5191969709574314
b 156 1 353 298
b 174 3 100 417
m 174 102 3 10.5 166.50000000000006 2.7368140675191608E-5
b 181 2 10 127
b 209 2 339 221
b 54 3 415 378
m 54 90 3 9.615384615384615 132.23076923076925 0.8251727909736991
m 54 123 3 9.615384615384615 132.23076923076925 0.8251727909736991
m 54 191 3 9.615384615384615 132.23076923076925 0.8251727909736991
m 54 63 3 9.615384615384615 132.23076923076925 0.8251727909736991
m 54 194 3 9.615384615384615 132.23076923076925 0.8251727909736991
m 54 222 3 9.615384615384615 132.23076923076925 0.8251727909736991
m 54 151 3 9.615384615384615 132.23076923076925 0.8251727909736991
m 54 25 3 9.615384615384615 132.23076923076925 0.8251727909736991
b 73 1 459 324
m 73 25 1 459 324
b 86 3 348 370
m 86 194 3 9.0 122.38461538461542 0.4064408315183528
b 87 3 260 485
b 102 3 95 436
b 103 1 471 280
b 104 3 212 365
b 132 3 253 386
b 161 3 257 410
b 180 3 216 426
b 199 3 297 342
b 222 1 425 344
m 222 25 1 425 344
m 222 93 1 425 344
m 222 95 1 425 344
m 222 123 1 425 344
m 222 151 1 425 344
m 222 194 1 425 344
b 25 1 445 358
m 25 63 1 445 358
m 25 220 1 445 358
b 25 3 445 358
m 25 73 3 9.428571428571429 126.2857142857143 0.2754833896832138
m 25 12 3 9.428571428571429 126.2857142857143 0.2754833896832138
b 63 3 461 396
m 63 9 3 9.642857142857142 129.92857142857144 0.6817194980217679
m 63 95 3 9.642857142857142 129.92857142857144 0.6817194980217679
m 63 93 3 9.642857142857142 129.92857142857144 0.6817194980217679
m 63 97 3 9.642857142857142 129.92857142857144 0.6817194980217679
b 90 3 379 464
m 90 5 3 9.428571428571429 126.2857142857143 0.2754833896832138
m 90 4 3 9.428571428571429 126.2857142857143 0.2754833896832138
b 93 1 471 328
m 93 9 1 471 328
m 93 63 1 471 328
b 95 1 470 444
m 95 125 1 470 444
b 123 1 468 443
m 123 125 1 468 443
b 123 3 468 443
m 123 125 3 9.615384615384615 132.23076923076925 -1.0
b 151 1 429 378
m 151 9 1 429 378
m 151 63 1 429 378
m 151 90 1 429 378
m 151 97 1 429 378
m 151 191 1 429 378
m 151 200 1 429 378
m 151 220 1 429 378
b 151 3 429 378
m 151 9 3 9.642857142857142 129.92857142857144 0.6817194980217679
m 151 4 3 9.642857142857142 129.92857142857144 0.6817194980217679
m 151 12 3 9.642857142857142 129.92857142857144 0.6817194980217679
m 151 93 3 9.642857142857142 129.92857142857144 0.6817194980217679
m 151 97 3 9.642857142857142 129.92857142857144 0.6817194980217679
b 191 3 464 403
m 191 125 3 9.615384615384615 132.23076923076925 -1.0
b 194 1 353 354
m 194 86 1 353 354
m 194 220 1 353 354
b 194 3 353 354
m 194 220 3 9.071428571428571 123.0714285714286 0.5
b 222 3 401 342
b 4 3 460 432
m 4 125 3 9.428571428571429 126.2857142857143 -1.0
b 5 3 362 420
b 9 1 471 378
m 9 192 1 471 378
b 9 3 471 378
m 9 200 3 9.133333333333333 121.53333333333335 0.5
m 9 192 3 9.133333333333333 121.53333333333335 0.5
b 12 3 416 406
m 12 200 3 9.0 118.46666666666668 0.3333333333333333
b 63 1 476 377
m 63 192 1 476 377
b 73 3 479 280
m 73 103 3 8.866666666666667 117.93333333333335 1.0
b 86 1 310 340
b 90 1 360 479
b 93 3 464 305
b 95 3 465 467
m 95 125 3 9.642857142857142 129.92857142857144 -1.0
b 97 1 424 409
m 97 5 1 424 409
m 97 94 1 424 409
m 97 192 1 424 409
b 97 3 424 409
b 191 1 469 380
m 191 192 1 469 380
b 200 1 495 383
b 220 1 421 346
b 220 3 421 346
b 5 1 361 396
m 5 176 1 361 396
b 94 1 373 433
b 103 3 462 208
b 192 1 403 416
b 192 3 403 416
m 192 94 3 8.625 114.00000000000001 0.007246376811594124
b 200 3 494 359
b 94 3 352 421
b 176 1 287 476
