Key: 
t: node change direction (node id, x, y, new direction)
s: node start location (node id, x, y, start direction, buffer)
m: message transfer (sender id, target id, messageType, sender x, sender y
b: broadcast (node id, message type, x, y)
327 108 126 456
s 0 434 33 298 0
s 1 208 169 211 0
s 2 230 308 68 0
s 3 384 172 5 0
s 4 66 414 61 0
s 5 103 244 9 0
s 6 459 103 337 0
s 7 16 364 170 0
s 8 335 40 34 0
s 9 13 498 12 0
s 10 192 143 70 0
s 11 499 201 64 0
s 12 221 441 235 0
s 13 280 405 34 0
s 14 398 458 54 0
s 15 158 118 243 0
s 16 173 53 27 0
s 17 499 452 217 0
s 18 103 415 326 0
s 19 244 78 114 0
s 20 411 400 208 0
s 21 141 332 81 0
s 22 363 65 356 0
s 23 211 494 183 0
s 24 294 246 353 0
s 25 174 133 35 0
s 26 47 402 298 0
s 27 367 250 13 0
s 28 247 93 209 0
s 29 271 36 285 0
s 30 341 9 210 0
s 31 381 53 233 0
s 32 360 130 3 0
s 33 218 157 131 0
s 34 126 456 161 0
s 35 192 374 210 0
s 36 341 457 125 0
s 37 340 269 96 0
s 38 474 446 117 0
s 39 327 108 193 0
s 40 189 12 359 0
s 41 137 339 188 0
s 42 395 449 207 0
s 43 45 185 346 0
s 44 155 185 17 0
s 45 374 19 244 0
s 46 88 0 226 0
s 47 45 330 50 0
s 48 321 48 145 0
s 49 79 22 238 0
s 50 477 473 243 0
s 51 215 376 72 0
s 52 407 18 243 0
s 53 309 93 2 0
s 54 15 384 319 0
s 55 53 76 20 0
s 56 288 88 303 0
s 57 92 211 131 0
s 58 348 271 208 0
s 59 18 184 315 0
s 60 89 463 247 0
s 61 192 489 341 0
s 62 251 292 113 0
s 63 6 181 42 0
s 64 156 118 7 0
s 65 257 272 213 0
s 66 416 0 86 0
s 67 160 471 255 0
s 68 219 329 107 0
s 69 487 392 180 0
s 70 133 214 310 0
s 71 3 58 4 0
s 72 59 262 237 0
s 73 200 93 117 0
s 74 122 46 297 0
s 75 205 234 148 0
s 76 113 82 94 0
s 77 103 266 323 0
s 78 340 464 267 0
s 79 465 132 36 0
s 80 52 399 313 0
s 81 181 239 68 0
s 82 438 246 64 0
s 83 113 92 260 0
s 84 59 143 292 0
s 85 353 101 225 0
s 86 132 339 118 0
s 87 88 182 276 0
s 88 247 85 214 0
s 89 20 234 20 0
s 90 251 486 14 0
s 91 390 439 120 0
s 92 435 398 323 0
s 93 204 52 10 0
s 94 401 435 220 0
s 95 1 368 61 0
s 96 313 111 340 0
s 97 285 252 39 0
s 98 242 284 235 0
s 99 69 51 99 0
s 100 392 289 336 0
s 101 285 278 126 0
s 102 195 294 139 0
s 103 387 285 225 0
s 104 47 136 334 0
s 105 274 108 239 0
s 106 5 71 171 0
s 107 322 85 300 0
s 108 403 497 329 0
s 109 266 465 318 0
s 110 23 163 216 0
s 111 453 40 265 0
s 112 360 454 259 0
s 113 461 69 155 0
s 114 272 23 37 0
s 115 152 18 87 0
s 116 42 348 147 0
s 117 307 94 205 0
s 118 372 271 97 0
s 119 241 474 7 0
s 120 121 101 56 0
s 121 180 141 255 0
s 122 231 431 116 0
s 123 240 206 156 0
s 124 45 200 252 0
s 125 463 176 276 0
s 126 480 179 219 0
s 127 425 260 316 0
s 128 458 113 115 0
s 129 471 89 163 0
s 130 59 185 184 0
s 131 132 365 214 0
s 132 275 186 18 0
s 133 479 294 68 0
s 134 57 345 308 0
s 135 342 245 266 0
s 136 215 383 129 0
s 137 122 98 313 0
s 138 396 118 262 0
s 139 80 400 276 0
s 140 382 319 74 0
s 141 113 386 47 0
s 142 242 201 225 0
s 143 141 34 10 0
s 144 406 180 336 0
s 145 60 96 291 0
s 146 143 53 42 0
s 147 499 139 18 0
s 148 39 103 265 0
s 149 180 386 118 0
s 150 230 159 240 0
s 151 54 417 77 0
s 152 117 28 60 0
s 153 398 375 314 0
s 154 62 17 331 0
s 155 89 147 248 0
s 156 284 385 284 0
s 157 189 402 204 0
s 158 123 70 350 0
s 159 422 390 198 0
s 160 452 258 61 0
s 161 27 293 8 0
s 162 297 242 5 0
s 163 325 417 176 0
s 164 113 345 203 0
s 165 36 289 304 0
s 166 186 312 177 0
s 167 226 134 246 0
s 168 216 186 78 0
s 169 303 449 22 0
s 170 56 156 168 0
s 171 132 382 67 0
s 172 99 124 113 0
s 173 351 58 293 0
s 174 297 280 110 0
s 175 17 439 69 0
s 176 181 475 270 0
s 177 499 355 309 0
s 178 322 231 71 0
s 179 184 281 179 0
s 180 417 220 348 0
s 181 237 214 357 0
s 182 34 204 195 0
s 183 233 184 143 0
s 184 396 379 98 0
s 185 282 243 351 0
s 186 76 153 97 0
s 187 406 69 98 0
s 188 326 412 226 0
s 189 235 232 32 0
s 190 444 323 357 0
s 191 48 129 203 0
s 192 112 188 24 0
s 193 162 286 278 0
s 194 156 415 331 0
s 195 362 175 345 0
s 196 222 85 273 0
s 197 498 4 161 0
s 198 176 80 66 0
s 199 7 368 108 0
s 200 42 316 205 0
s 201 421 137 259 0
s 202 486 60 322 0
s 203 343 23 113 0
s 204 61 471 86 0
s 205 274 210 336 0
s 206 274 125 271 0
s 207 317 439 20 0
s 208 286 100 231 0
s 209 198 286 239 0
s 210 43 424 357 0
s 211 124 386 292 0
s 212 28 433 102 0
s 213 415 207 80 0
s 214 63 38 226 0
s 215 311 205 195 0
s 216 378 4 138 0
s 217 18 402 293 0
s 218 52 346 56 0
s 219 422 237 92 0
s 220 485 45 55 0
s 221 274 139 314 0
s 222 179 309 64 0
s 223 220 258 155 0
s 224 51 51 6 0
s 225 172 420 229 0
s 226 22 461 280 0
s 227 279 406 321 0
s 228 344 354 206 0
s 229 456 105 143 0
s 230 428 237 271 0
s 231 488 182 358 0
s 232 406 412 38 0
s 233 482 278 97 0
s 234 367 276 85 0
s 235 167 467 110 0
s 236 128 322 321 0
s 237 18 337 193 0
s 238 257 36 308 0
s 239 33 209 30 0
b 39 0 303 102
m 39 8 0 303 102
m 39 22 0 303 102
m 39 32 0 303 102
m 39 48 0 303 102
m 39 53 0 303 102
m 39 56 0 303 102
m 39 85 0 303 102
m 39 96 0 303 102
m 39 105 0 303 102
m 39 107 0 303 102
m 39 117 0 303 102
m 39 138 0 303 102
m 39 173 0 303 102
m 39 206 0 303 102
m 39 208 0 303 102
m 39 221 0 303 102
b 39 1 303 102
m 39 8 1 303 102
m 39 22 1 303 102
m 39 32 1 303 102
m 39 48 1 303 102
m 39 53 1 303 102
m 39 56 1 303 102
m 39 85 1 303 102
m 39 96 1 303 102
m 39 105 1 303 102
m 39 107 1 303 102
m 39 117 1 303 102
m 39 138 1 303 102
m 39 173 1 303 102
m 39 206 1 303 102
m 39 208 1 303 102
m 39 221 1 303 102
b 39 2 303 102
m 39 8 2 303 102
m 39 22 2 303 102
m 39 32 2 303 102
m 39 48 2 303 102
m 39 53 2 303 102
m 39 56 2 303 102
m 39 85 2 303 102
m 39 96 2 303 102
m 39 105 2 303 102
m 39 107 2 303 102
m 39 117 2 303 102
m 39 138 2 303 102
m 39 173 2 303 102
m 39 206 2 303 102
m 39 208 2 303 102
m 39 221 2 303 102
b 39 3 303 102
m 39 8 3 16.0 256.0 1.0
m 39 22 3 16.0 256.0 1.0
m 39 32 3 16.0 256.0 1.0
m 39 48 3 16.0 256.0 1.0
m 39 53 3 16.0 256.0 1.0
m 39 56 3 16.0 256.0 1.0
m 39 85 3 16.0 256.0 1.0
m 39 96 3 16.0 256.0 1.0
m 39 105 3 16.0 256.0 1.0
m 39 107 3 16.0 256.0 1.0
m 39 117 3 16.0 256.0 1.0
m 39 138 3 16.0 256.0 1.0
m 39 173 3 16.0 256.0 1.0
m 39 206 3 16.0 256.0 1.0
m 39 208 3 16.0 256.0 1.0
m 39 221 3 16.0 256.0 1.0
b 8 0 375 68
m 8 30 0 375 68
m 8 31 0 375 68
m 8 52 0 375 68
m 8 66 0 375 68
m 8 114 0 375 68
m 8 187 0 375 68
m 8 203 0 375 68
m 8 216 0 375 68
b 8 1 375 68
m 8 30 1 375 68
m 8 31 1 375 68
m 8 52 1 375 68
m 8 66 1 375 68
m 8 114 1 375 68
m 8 187 1 375 68
m 8 203 1 375 68
m 8 216 1 375 68
b 8 2 375 68
m 8 30 2 375 68
m 8 31 2 375 68
m 8 52 2 375 68
m 8 66 2 375 68
m 8 114 2 375 68
m 8 187 2 375 68
m 8 203 2 375 68
m 8 216 2 375 68
b 8 3 375 68
m 8 31 3 13.666666666666666 197.66666666666666 0.4043360433604335
m 8 52 3 13.666666666666666 197.66666666666666 0.4043360433604335
m 8 30 3 13.666666666666666 197.66666666666666 0.4043360433604335
b 22 0 412 61
m 22 31 0 412 61
m 22 45 0 412 61
m 22 52 0 412 61
m 22 66 0 412 61
m 22 113 0 412 61
m 22 187 0 412 61
m 22 203 0 412 61
m 22 216 0 412 61
b 22 1 412 61
m 22 31 1 412 61
m 22 45 1 412 61
m 22 52 1 412 61
m 22 66 1 412 61
m 22 113 1 412 61
m 22 187 1 412 61
m 22 203 1 412 61
m 22 216 1 412 61
b 22 2 412 61
b 22 3 412 61
m 22 216 3 14.333333333333332 211.0 0.6694855532064834
m 22 66 3 14.333333333333332 211.0 0.6694855532064834
m 22 45 3 14.333333333333332 211.0 0.6694855532064834
m 22 113 3 14.333333333333332 211.0 0.6694855532064834
m 22 31 3 14.333333333333332 211.0 0.6694855532064834
m 22 52 3 14.333333333333332 211.0 0.6694855532064834
m 22 187 3 14.333333333333332 211.0 0.6694855532064834
b 32 0 409 133
m 32 3 0 409 133
m 32 144 0 409 133
m 32 187 0 409 133
m 32 195 0 409 133
m 32 201 0 409 133
b 32 1 409 133
m 32 3 1 409 133
m 32 144 1 409 133
m 32 187 1 409 133
m 32 195 1 409 133
m 32 201 1 409 133
b 32 2 409 133
m 32 3 2 409 133
m 32 144 2 409 133
m 32 187 2 409 133
m 32 195 2 409 133
m 32 201 2 409 133
b 32 3 409 133
m 32 201 3 13.666666666666666 197.66666666666666 0.4043360433604335
m 32 187 3 13.666666666666666 197.66666666666666 0.4043360433604335
b 48 0 281 77
m 48 29 0 281 77
m 48 30 0 281 77
m 48 31 0 281 77
m 48 88 0 281 77
m 48 114 0 281 77
m 48 203 0 281 77
m 48 238 0 281 77
b 48 1 281 77
m 48 29 1 281 77
m 48 30 1 281 77
m 48 31 1 281 77
m 48 88 1 281 77
m 48 114 1 281 77
m 48 203 1 281 77
m 48 238 1 281 77
b 48 2 281 77
m 48 29 2 281 77
m 48 30 2 281 77
m 48 31 2 281 77
m 48 88 2 281 77
m 48 114 2 281 77
m 48 203 2 281 77
m 48 238 2 281 77
b 48 3 281 77
m 48 30 3 13.666666666666666 197.66666666666666 0.4043360433604335
m 48 29 3 13.666666666666666 197.66666666666666 0.4043360433604335
b 53 0 358 95
m 53 187 0 358 95
b 53 1 358 95
b 53 2 358 95
m 53 187 2 358 95
b 53 3 358 95
m 53 187 3 12.0 176.0 0.25
b 56 0 315 47
m 56 29 0 315 47
m 56 30 0 315 47
m 56 114 0 315 47
m 56 203 0 315 47
m 56 238 0 315 47
b 56 1 315 47
b 56 2 315 47
m 56 29 2 315 47
m 56 30 2 315 47
m 56 114 2 315 47
m 56 203 2 315 47
m 56 238 2 315 47
b 56 3 315 47
m 56 30 3 13.333333333333332 192.0 0.21333333333333337
m 56 29 3 13.333333333333332 192.0 0.21333333333333337
b 85 0 318 67
m 85 31 0 318 67
m 85 114 0 318 67
m 85 187 0 318 67
m 85 203 0 318 67
m 85 216 0 318 67
b 85 1 318 67
m 85 31 1 318 67
m 85 114 1 318 67
m 85 187 1 318 67
m 85 203 1 318 67
m 85 216 1 318 67
b 85 2 318 67
b 85 3 318 67
m 85 114 3 12.333333333333332 179.0 0.2
m 85 31 3 12.333333333333332 179.0 0.2
b 96 0 359 94
m 96 187 0 359 94
m 96 203 0 359 94
b 96 1 359 94
m 96 187 1 359 94
m 96 203 1 359 94
b 96 2 359 94
b 96 3 359 94
m 96 203 3 11.333333333333332 172.0 0.5
m 96 187 3 11.333333333333332 172.0 0.5
b 105 0 249 66
m 105 19 0 249 66
m 105 28 0 249 66
m 105 88 0 249 66
m 105 114 0 249 66
m 105 167 0 249 66
m 105 238 0 249 66
b 105 1 249 66
m 105 19 1 249 66
m 105 28 1 249 66
m 105 88 1 249 66
m 105 114 1 249 66
m 105 167 1 249 66
m 105 238 1 249 66
b 105 2 249 66
m 105 19 2 249 66
m 105 28 2 249 66
m 105 88 2 249 66
m 105 114 2 249 66
m 105 167 2 249 66
m 105 238 2 249 66
b 105 3 249 66
m 105 238 3 14.0 204.0 0.5523809523809522
m 105 114 3 14.0 204.0 0.5523809523809522
m 105 19 3 14.0 204.0 0.5523809523809522
m 105 167 3 14.0 204.0 0.5523809523809522
m 105 28 3 14.0 204.0 0.5523809523809522
b 107 0 346 43
m 107 30 0 346 43
m 107 31 0 346 43
m 107 45 0 346 43
m 107 114 0 346 43
m 107 203 0 346 43
m 107 216 0 346 43
b 107 1 346 43
m 107 30 1 346 43
m 107 31 1 346 43
m 107 45 1 346 43
m 107 114 1 346 43
m 107 203 1 346 43
m 107 216 1 346 43
b 107 2 346 43
b 107 3 346 43
m 107 114 3 12.666666666666666 182.66666666666666 0.16666666666666666
m 107 203 3 12.666666666666666 182.66666666666666 0.16666666666666666
b 117 0 263 73
m 117 19 0 263 73
m 117 28 0 263 73
m 117 29 0 263 73
m 117 88 0 263 73
m 117 93 0 263 73
m 117 114 0 263 73
m 117 167 0 263 73
m 117 196 0 263 73
m 117 238 0 263 73
b 117 1 263 73
b 117 2 263 73
m 117 19 2 263 73
m 117 28 2 263 73
m 117 29 2 263 73
m 117 88 2 263 73
m 117 93 2 263 73
m 117 114 2 263 73
m 117 167 2 263 73
m 117 196 2 263 73
m 117 238 2 263 73
b 117 3 263 73
m 117 29 3 14.0 204.0 0.5523809523809522
m 117 93 3 14.0 204.0 0.5523809523809522
m 117 238 3 14.0 204.0 0.5523809523809522
m 117 114 3 14.0 204.0 0.5523809523809522
m 117 28 3 14.0 204.0 0.5523809523809522
b 138 0 389 69
m 138 31 0 389 69
m 138 66 0 389 69
m 138 113 0 389 69
m 138 187 0 389 69
m 138 201 0 389 69
m 138 203 0 389 69
m 138 229 0 389 69
b 138 1 389 69
m 138 31 1 389 69
m 138 66 1 389 69
m 138 113 1 389 69
m 138 187 1 389 69
m 138 201 1 389 69
m 138 203 1 389 69
m 138 229 1 389 69
b 138 2 389 69
m 138 31 2 389 69
m 138 66 2 389 69
m 138 113 2 389 69
m 138 187 2 389 69
m 138 201 2 389 69
m 138 203 2 389 69
m 138 229 2 389 69
b 138 3 389 69
m 138 66 3 13.666666666666666 197.66666666666666 0.4043360433604335
m 138 31 3 13.666666666666666 197.66666666666666 0.4043360433604335
m 138 113 3 13.666666666666666 197.66666666666666 0.4043360433604335
b 173 0 370 13
m 173 30 0 370 13
m 173 31 0 370 13
m 173 45 0 370 13
m 173 52 0 370 13
m 173 66 0 370 13
m 173 114 0 370 13
m 173 203 0 370 13
m 173 216 0 370 13
b 173 1 370 13
m 173 30 1 370 13
m 173 31 1 370 13
m 173 45 1 370 13
m 173 52 1 370 13
m 173 66 1 370 13
m 173 114 1 370 13
m 173 203 1 370 13
m 173 216 1 370 13
b 173 2 370 13
m 173 30 2 370 13
m 173 31 2 370 13
m 173 45 2 370 13
m 173 52 2 370 13
m 173 66 2 370 13
m 173 114 2 370 13
m 173 203 2 370 13
m 173 216 2 370 13
b 173 3 370 13
m 173 30 3 13.666666666666666 197.66666666666666 0.4043360433604335
m 173 45 3 13.666666666666666 197.66666666666666 0.4043360433604335
m 173 203 3 13.666666666666666 197.66666666666666 0.4043360433604335
b 206 0 275 76
m 206 19 0 275 76
m 206 28 0 275 76
m 206 88 0 275 76
m 206 167 0 275 76
b 206 1 275 76
b 206 2 275 76
b 206 3 275 76
m 206 88 3 13.333333333333332 192.0 0.21333333333333337
m 206 167 3 13.333333333333332 192.0 0.21333333333333337
b 208 0 255 62
m 208 19 0 255 62
m 208 28 0 255 62
m 208 29 0 255 62
m 208 88 0 255 62
m 208 93 0 255 62
m 208 114 0 255 62
m 208 196 0 255 62
m 208 238 0 255 62
b 208 1 255 62
m 208 19 1 255 62
m 208 28 1 255 62
m 208 29 1 255 62
m 208 88 1 255 62
m 208 93 1 255 62
m 208 114 1 255 62
m 208 196 1 255 62
m 208 238 1 255 62
b 208 2 255 62
m 208 19 2 255 62
m 208 28 2 255 62
m 208 29 2 255 62
m 208 88 2 255 62
m 208 93 2 255 62
m 208 114 2 255 62
m 208 196 2 255 62
m 208 238 2 255 62
b 208 3 255 62
m 208 19 3 14.333333333333332 211.0 0.6694855532064834
m 208 29 3 14.333333333333332 211.0 0.6694855532064834
m 208 238 3 14.333333333333332 211.0 0.6694855532064834
m 208 114 3 14.333333333333332 211.0 0.6694855532064834
m 208 28 3 14.333333333333332 211.0 0.6694855532064834
m 208 88 3 14.333333333333332 211.0 0.6694855532064834
m 208 93 3 14.333333333333332 211.0 0.6694855532064834
b 221 0 308 104
m 221 19 0 308 104
m 221 132 0 308 104
b 221 1 308 104
m 221 19 1 308 104
m 221 132 1 308 104
b 221 2 308 104
b 221 3 308 104
m 221 19 3 11.333333333333332 172.0 0.5
m 221 132 3 11.333333333333332 172.0 0.5
b 3 0 456 178
m 3 79 0 456 178
m 3 125 0 456 178
m 3 126 0 456 178
m 3 128 0 456 178
m 3 129 0 456 178
m 3 147 0 456 178
m 3 180 0 456 178
m 3 230 0 456 178
m 3 231 0 456 178
b 3 1 456 178
b 3 2 456 178
b 19 0 214 145
m 19 10 0 214 145
m 19 16 0 214 145
m 19 25 0 214 145
m 19 64 0 214 145
m 19 142 0 214 145
m 19 150 0 214 145
m 19 198 0 214 145
b 19 1 214 145
b 19 2 214 145
b 19 3 214 145
m 19 10 3 13.25 183.25 0.630024460808969
m 19 64 3 13.25 183.25 0.630024460808969
m 19 16 3 13.25 183.25 0.630024460808969
m 19 142 3 13.25 183.25 0.630024460808969
b 28 0 183 57
m 28 16 0 183 57
m 28 64 0 183 57
m 28 73 0 183 57
m 28 115 0 183 57
m 28 121 0 183 57
m 28 137 0 183 57
m 28 143 0 183 57
m 28 146 0 183 57
m 28 150 0 183 57
m 28 158 0 183 57
m 28 198 0 183 57
b 28 1 183 57
m 28 16 1 183 57
m 28 64 1 183 57
m 28 73 1 183 57
m 28 115 1 183 57
m 28 121 1 183 57
m 28 137 1 183 57
m 28 143 1 183 57
m 28 146 1 183 57
m 28 150 1 183 57
m 28 158 1 183 57
m 28 198 1 183 57
b 28 2 183 57
b 28 3 183 57
m 28 121 3 14.25 209.25 0.7334476542232774
m 28 73 3 14.25 209.25 0.7334476542232774
m 28 137 3 14.25 209.25 0.7334476542232774
m 28 198 3 14.25 209.25 0.7334476542232774
m 28 143 3 14.25 209.25 0.7334476542232774
m 28 146 3 14.25 209.25 0.7334476542232774
m 28 64 3 14.25 209.25 0.7334476542232774
m 28 150 3 14.25 209.25 0.7334476542232774
m 28 196 3 14.25 209.25 0.7334476542232774
b 29 0 314 13
m 29 40 0 314 13
b 29 1 314 13
m 29 40 1 314 13
b 29 2 314 13
b 29 3 314 13
m 29 40 3 10.75 149.25 0.5
b 30 0 277 26
m 30 40 0 277 26
b 30 1 277 26
m 30 40 1 277 26
b 30 2 277 26
m 30 40 2 277 26
b 30 3 277 26
m 30 40 3 10.5 148.5 1.0
b 31 0 348 2
b 31 1 348 2
b 31 2 348 2
b 31 3 348 2
b 45 0 361 53
b 45 1 361 53
b 45 2 361 53
b 45 3 361 53
b 52 0 353 29
m 52 0 0 353 29
b 52 1 353 29
b 52 2 353 29
m 52 0 2 353 29
b 52 3 353 29
m 52 0 3 10.5 148.5 1.0
b 66 0 384 67
m 66 0 0 384 67
b 66 1 384 67
m 66 0 1 384 67
b 66 2 384 67
m 66 0 2 384 67
b 66 3 384 67
m 66 0 3 12.0 164.5 0.2
b 88 0 187 44
m 88 16 0 187 44
m 88 40 0 187 44
m 88 64 0 187 44
m 88 115 0 187 44
m 88 137 0 187 44
m 88 143 0 187 44
m 88 146 0 187 44
m 88 150 0 187 44
m 88 158 0 187 44
b 88 1 187 44
m 88 16 1 187 44
m 88 40 1 187 44
m 88 64 1 187 44
m 88 115 1 187 44
m 88 137 1 187 44
m 88 143 1 187 44
m 88 146 1 187 44
m 88 150 1 187 44
m 88 158 1 187 44
b 88 2 187 44
m 88 16 2 187 44
m 88 40 2 187 44
m 88 64 2 187 44
m 88 115 2 187 44
m 88 137 2 187 44
m 88 143 2 187 44
m 88 146 2 187 44
m 88 150 2 187 44
m 88 158 2 187 44
b 88 3 187 44
m 88 137 3 13.5 193.0 0.3057053357550871
m 88 64 3 13.5 193.0 0.3057053357550871
m 88 143 3 13.5 193.0 0.3057053357550871
b 93 0 276 64
m 93 16 0 276 64
m 93 40 0 276 64
m 93 143 0 276 64
b 93 1 276 64
b 93 2 276 64
m 93 16 2 276 64
m 93 40 2 276 64
m 93 143 2 276 64
b 93 3 276 64
m 93 16 3 11.75 159.25 0.08288807124193462
b 113 0 395 100
m 113 129 0 395 100
m 113 220 0 395 100
b 113 1 395 100
b 113 2 395 100
m 113 129 2 395 100
m 113 220 2 395 100
b 113 3 395 100
m 113 129 3 13.0 178.5 0.5797601353375891
m 113 220 3 13.0 178.5 0.5797601353375891
b 114 0 330 67
b 114 1 330 67
b 114 2 330 67
b 114 3 330 67
b 132 0 345 208
m 132 103 0 345 208
m 132 135 0 345 208
m 132 162 0 345 208
m 132 181 0 345 208
m 132 185 0 345 208
m 132 205 0 345 208
m 132 215 0 345 208
b 132 1 345 208
m 132 103 1 345 208
m 132 135 1 345 208
m 132 162 1 345 208
m 132 181 1 345 208
m 132 185 1 345 208
m 132 205 1 345 208
m 132 215 1 345 208
b 132 3 345 208
m 132 162 3 11.0 154.0 0.908298755186722
m 132 135 3 11.0 154.0 0.908298755186722
m 132 103 3 11.0 154.0 0.908298755186722
m 132 181 3 11.0 154.0 0.908298755186722
m 132 215 3 11.0 154.0 0.908298755186722
m 132 185 3 11.0 154.0 0.908298755186722
m 132 205 3 11.0 154.0 0.908298755186722
b 144 0 472 151
m 144 79 0 472 151
m 144 126 0 472 151
m 144 128 0 472 151
m 144 129 0 472 151
m 144 147 0 472 151
m 144 180 0 472 151
m 144 230 0 472 151
m 144 231 0 472 151
b 144 1 472 151
m 144 79 1 472 151
m 144 126 1 472 151
m 144 128 1 472 151
m 144 129 1 472 151
m 144 147 1 472 151
m 144 180 1 472 151
m 144 230 1 472 151
m 144 231 1 472 151
b 144 2 472 151
b 167 0 197 68
m 167 16 0 197 68
m 167 25 0 197 68
m 167 64 0 197 68
m 167 73 0 197 68
m 167 146 0 197 68
m 167 150 0 197 68
m 167 198 0 197 68
b 167 1 197 68
m 167 16 1 197 68
m 167 25 1 197 68
m 167 64 1 197 68
m 167 73 1 197 68
m 167 146 1 197 68
m 167 150 1 197 68
m 167 198 1 197 68
b 167 2 197 68
m 167 16 2 197 68
m 167 25 2 197 68
m 167 64 2 197 68
m 167 73 2 197 68
m 167 146 2 197 68
m 167 150 2 197 68
m 167 198 2 197 68
b 167 3 197 68
m 167 196 3 14.5 217.0 0.7494987468671678
m 167 16 3 14.5 217.0 0.7494987468671678
m 167 25 3 14.5 217.0 0.7494987468671678
m 167 146 3 14.5 217.0 0.7494987468671678
m 167 64 3 14.5 217.0 0.7494987468671678
b 187 0 396 141
m 187 129 0 396 141
b 187 1 396 141
m 187 129 1 396 141
b 187 2 396 141
m 187 129 2 396 141
b 187 3 396 141
m 187 129 3 13.25 183.25 0.6503451603517794
b 195 0 432 156
m 195 125 0 432 156
m 195 126 0 432 156
m 195 128 0 432 156
m 195 129 0 432 156
m 195 147 0 432 156
m 195 230 0 432 156
m 195 231 0 432 156
b 195 1 432 156
m 195 125 1 432 156
m 195 126 1 432 156
m 195 128 1 432 156
m 195 129 1 432 156
m 195 147 1 432 156
m 195 230 1 432 156
m 195 231 1 432 156
b 195 2 432 156
m 195 125 2 432 156
m 195 126 2 432 156
m 195 128 2 432 156
m 195 129 2 432 156
m 195 147 2 432 156
m 195 230 2 432 156
m 195 231 2 432 156
b 196 0 226 12
m 196 16 0 226 12
m 196 40 0 226 12
m 196 137 0 226 12
m 196 143 0 226 12
m 196 146 0 226 12
m 196 158 0 226 12
b 196 1 226 12
m 196 16 1 226 12
m 196 40 1 226 12
m 196 137 1 226 12
m 196 143 1 226 12
m 196 146 1 226 12
m 196 158 1 226 12
b 196 2 226 12
b 201 0 407 65
m 201 125 0 407 65
m 201 126 0 407 65
m 201 128 0 407 65
m 201 129 0 407 65
m 201 147 0 407 65
m 201 220 0 407 65
b 201 1 407 65
m 201 125 1 407 65
m 201 126 1 407 65
m 201 128 1 407 65
m 201 129 1 407 65
m 201 147 1 407 65
m 201 220 1 407 65
b 201 2 407 65
m 201 125 2 407 65
m 201 126 2 407 65
m 201 128 2 407 65
m 201 129 2 407 65
m 201 147 2 407 65
m 201 220 2 407 65
b 201 3 407 65
m 201 125 3 12.5 168.5 0.4338701543537174
m 201 129 3 12.5 168.5 0.4338701543537174
m 201 128 3 12.5 168.5 0.4338701543537174
m 201 147 3 12.5 168.5 0.4338701543537174
b 203 0 315 90
b 203 1 315 90
b 203 2 315 90
b 203 3 315 90
b 216 0 324 53
b 216 1 324 53
b 216 2 324 53
b 216 3 324 53
b 229 0 398 149
m 229 125 0 398 149
m 229 126 0 398 149
m 229 128 0 398 149
m 229 129 0 398 149
m 229 147 0 398 149
m 229 231 0 398 149
b 229 1 398 149
m 229 125 1 398 149
m 229 126 1 398 149
m 229 128 1 398 149
m 229 129 1 398 149
m 229 147 1 398 149
m 229 231 1 398 149
b 229 2 398 149
m 229 125 2 398 149
m 229 126 2 398 149
m 229 128 2 398 149
m 229 129 2 398 149
m 229 147 2 398 149
m 229 231 2 398 149
b 238 0 306 19
m 238 40 0 306 19
b 238 1 306 19
m 238 40 1 306 19
b 238 2 306 19
b 238 3 306 19
m 238 40 3 11.0 154.0 0.5
m 238 196 3 11.0 154.0 0.5
b 0 0 431 57
m 0 6 0 431 57
m 0 111 0 431 57
m 0 197 0 431 57
m 0 202 0 431 57
b 0 1 431 57
m 0 6 1 431 57
m 0 111 1 431 57
m 0 197 1 431 57
m 0 202 1 431 57
b 0 2 431 57
m 0 6 2 431 57
m 0 111 2 431 57
m 0 197 2 431 57
m 0 202 2 431 57
b 0 3 431 57
m 0 6 3 9.200000000000001 122.0 1.0
m 0 111 3 9.200000000000001 122.0 1.0
m 0 197 3 9.200000000000001 122.0 1.0
m 0 202 3 9.200000000000001 122.0 1.0
b 10 0 225 234
m 10 33 0 225 234
m 10 44 0 225 234
m 10 58 0 225 234
m 10 65 0 225 234
m 10 98 0 225 234
m 10 123 0 225 234
m 10 168 0 225 234
m 10 183 0 225 234
m 10 192 0 225 234
m 10 193 0 225 234
m 10 209 0 225 234
m 10 236 0 225 234
b 10 3 225 234
m 10 123 3 13.8 197.8 0.8099211512115301
m 10 33 3 13.8 197.8 0.8099211512115301
m 10 183 3 13.8 197.8 0.8099211512115301
m 10 193 3 13.8 197.8 0.8099211512115301
m 10 65 3 13.8 197.8 0.8099211512115301
m 10 98 3 13.8 197.8 0.8099211512115301
m 10 168 3 13.8 197.8 0.8099211512115301
m 10 58 3 13.8 197.8 0.8099211512115301
m 10 44 3 13.8 197.8 0.8099211512115301
m 10 192 3 13.8 197.8 0.8099211512115301
b 16 0 259 97
b 16 1 259 97
b 16 2 259 97
b 16 3 259 97
b 25 0 253 189
m 25 44 0 253 189
m 25 65 0 253 189
m 25 70 0 253 189
m 25 120 0 253 189
m 25 192 0 253 189
b 25 1 253 189
m 25 10 1 253 189
m 25 44 1 253 189
m 25 65 1 253 189
m 25 70 1 253 189
m 25 120 1 253 189
m 25 142 1 253 189
m 25 192 1 253 189
b 25 2 253 189
m 25 10 2 253 189
m 25 44 2 253 189
m 25 65 2 253 189
m 25 70 2 253 189
m 25 120 2 253 189
m 25 142 2 253 189
m 25 192 2 253 189
m 25 215 2 253 189
b 25 3 253 189
m 25 44 3 13.0 183.4 0.14285714285714285
b 40 0 286 10
b 40 1 286 10
b 40 2 286 10
b 40 3 286 10
b 64 0 252 129
b 64 1 252 129
m 64 142 1 252 129
b 64 2 252 129
b 64 3 252 129
b 73 0 156 180
m 73 1 0 156 180
m 73 33 0 156 180
m 73 43 0 156 180
m 73 55 0 156 180
m 73 70 0 156 180
m 73 76 0 156 180
m 73 120 0 156 180
m 73 152 0 156 180
m 73 183 0 156 180
m 73 192 0 156 180
b 73 1 156 180
m 73 1 1 156 180
m 73 33 1 156 180
m 73 43 1 156 180
m 73 55 1 156 180
m 73 70 1 156 180
m 73 76 1 156 180
m 73 120 1 156 180
m 73 142 1 156 180
m 73 152 1 156 180
m 73 183 1 156 180
m 73 192 1 156 180
b 73 2 156 180
b 73 3 156 180
m 73 152 3 14.4 212.4 0.7299214635779732
m 73 192 3 14.4 212.4 0.7299214635779732
m 73 115 3 14.4 212.4 0.7299214635779732
m 73 183 3 14.4 212.4 0.7299214635779732
m 73 76 3 14.4 212.4 0.7299214635779732
m 73 33 3 14.4 212.4 0.7299214635779732
m 73 1 3 14.4 212.4 0.7299214635779732
m 73 120 3 14.4 212.4 0.7299214635779732
m 73 43 3 14.4 212.4 0.7299214635779732
b 79 0 445 144
b 79 1 445 144
b 103 0 319 217
m 103 24 0 319 217
m 103 58 0 319 217
b 103 1 319 217
b 103 3 319 217
b 115 0 157 115
m 115 1 0 157 115
m 115 15 0 157 115
m 115 55 0 157 115
m 115 87 0 157 115
m 115 104 0 157 115
m 115 152 0 157 115
m 115 224 0 157 115
b 115 1 157 115
m 115 1 1 157 115
m 115 15 1 157 115
m 115 55 1 157 115
m 115 87 1 157 115
m 115 104 1 157 115
m 115 142 1 157 115
m 115 152 1 157 115
m 115 224 1 157 115
b 115 2 157 115
m 115 1 2 157 115
m 115 15 2 157 115
m 115 55 2 157 115
m 115 87 2 157 115
m 115 104 2 157 115
m 115 121 2 157 115
m 115 142 2 157 115
m 115 152 2 157 115
m 115 224 2 157 115
b 121 0 155 47
m 121 1 0 155 47
m 121 15 0 155 47
m 121 49 0 155 47
m 121 55 0 155 47
m 121 74 0 155 47
m 121 104 0 155 47
m 121 152 0 155 47
m 121 224 0 155 47
b 121 1 155 47
m 121 1 1 155 47
m 121 15 1 155 47
m 121 49 1 155 47
m 121 55 1 155 47
m 121 74 1 155 47
m 121 104 1 155 47
m 121 152 1 155 47
m 121 224 1 155 47
b 121 3 155 47
m 121 152 3 13.600000000000001 191.6 0.510298241942368
m 121 158 3 13.600000000000001 191.6 0.510298241942368
m 121 55 3 13.600000000000001 191.6 0.510298241942368
m 121 104 3 13.600000000000001 191.6 0.510298241942368
m 121 49 3 13.600000000000001 191.6 0.510298241942368
b 125 0 473 80
m 125 6 0 473 80
m 125 111 0 473 80
m 125 202 0 473 80
b 125 1 473 80
m 125 6 1 473 80
m 125 111 1 473 80
m 125 202 1 473 80
b 125 2 473 80
m 125 6 2 473 80
m 125 79 2 473 80
m 125 111 2 473 80
m 125 202 2 473 80
b 125 3 473 80
m 125 126 3 11.8 151.0 0.45762836358821046
m 125 195 3 11.8 151.0 0.45762836358821046
m 125 79 3 11.8 151.0 0.45762836358821046
b 126 0 404 118
m 126 202 0 404 118
b 126 1 404 118
m 126 202 1 404 118
b 126 2 404 118
m 126 79 2 404 118
m 126 202 2 404 118
b 128 0 417 201
m 128 127 0 417 201
b 128 1 417 201
m 128 127 1 417 201
b 128 2 417 201
m 128 127 2 417 201
m 128 180 2 417 201
b 128 3 417 201
m 128 3 3 12.0 154.8 0.49540462336061486
m 128 195 3 12.0 154.8 0.49540462336061486
m 128 144 3 12.0 154.8 0.49540462336061486
b 129 0 378 117
m 129 202 0 378 117
b 129 1 378 117
b 129 2 378 117
m 129 202 2 378 117
b 129 3 378 117
m 129 126 3 11.6 150.0 0.34451003354157794
m 129 195 3 11.6 150.0 0.34451003354157794
m 129 202 3 11.6 150.0 0.34451003354157794
b 135 0 335 148
b 135 1 335 148
b 135 3 335 148
b 137 0 188 27
m 137 15 0 188 27
m 137 49 0 188 27
m 137 74 0 188 27
m 137 224 0 188 27
b 137 1 188 27
m 137 15 1 188 27
m 137 49 1 188 27
m 137 74 1 188 27
m 137 224 1 188 27
b 137 2 188 27
b 137 3 188 27
m 137 15 3 12.8 177.20000000000002 0.14285714285714285
b 142 0 173 132
m 142 1 0 173 132
m 142 33 0 173 132
m 142 44 0 173 132
m 142 70 0 173 132
m 142 120 0 173 132
m 142 192 0 173 132
b 142 3 173 132
m 142 70 3 12.4 162.79999999999998 0.5321003552832739
m 142 1 3 12.4 162.79999999999998 0.5321003552832739
m 142 115 3 12.4 162.79999999999998 0.5321003552832739
m 142 44 3 12.4 162.79999999999998 0.5321003552832739
b 143 0 236 51
m 143 74 0 236 51
b 143 1 236 51
m 143 74 1 236 51
b 143 2 236 51
m 143 74 2 236 51
m 143 121 2 236 51
b 143 3 236 51
m 143 115 3 12.200000000000001 170.6 0.25
b 146 0 215 118
m 146 1 0 215 118
m 146 55 0 215 118
m 146 120 0 215 118
m 146 152 0 215 118
b 146 1 215 118
m 146 1 1 215 118
m 146 55 1 215 118
m 146 120 1 215 118
m 146 142 1 215 118
m 146 152 1 215 118
b 146 2 215 118
m 146 1 2 215 118
m 146 55 2 215 118
m 146 120 2 215 118
m 146 121 2 215 118
m 146 142 2 215 118
m 146 152 2 215 118
b 146 3 215 118
b 147 0 408 103
m 147 202 0 408 103
b 147 1 408 103
m 147 202 1 408 103
b 147 2 408 103
b 147 3 408 103
m 147 126 3 12.0 154.8 0.49540462336061486
m 147 3 3 12.0 154.8 0.49540462336061486
m 147 195 3 12.0 154.8 0.49540462336061486
m 147 144 3 12.0 154.8 0.49540462336061486
m 147 229 3 12.0 154.8 0.49540462336061486
b 150 0 181 75
m 150 55 0 181 75
m 150 70 0 181 75
m 150 120 0 181 75
m 150 152 0 181 75
b 150 1 181 75
m 150 55 1 181 75
m 150 70 1 181 75
m 150 120 1 181 75
m 150 142 1 181 75
m 150 152 1 181 75
b 150 2 181 75
b 150 3 181 75
m 150 120 3 12.8 177.20000000000002 0.14285714285714285
b 158 0 219 54
m 158 74 0 219 54
m 158 224 0 219 54
b 158 1 219 54
m 158 74 1 219 54
m 158 224 1 219 54
b 158 2 219 54
m 158 74 2 219 54
m 158 121 2 219 54
m 158 224 2 219 54
b 162 0 393 250
m 162 24 0 393 250
m 162 213 0 393 250
b 162 1 393 250
m 162 24 1 393 250
m 162 213 1 393 250
b 162 3 393 250
m 162 24 3 9.8 128.2 0.12833106431209618
b 180 0 485 204
m 180 11 0 485 204
m 180 100 0 485 204
m 180 127 0 485 204
b 180 1 485 204
m 180 11 1 485 204
m 180 100 1 485 204
m 180 127 1 485 204
b 181 0 334 209
m 181 58 0 334 209
b 181 1 334 209
m 181 58 1 334 209
b 181 3 334 209
b 185 0 378 227
m 185 24 0 378 227
b 185 1 378 227
m 185 24 1 378 227
b 185 3 378 227
m 185 24 3 9.8 128.2 0.12833106431209618
b 196 3 238 1
m 196 158 3 11.8 168.20000000000002 0.5
m 196 74 3 11.8 168.20000000000002 0.5
b 198 0 216 168
m 198 1 0 216 168
m 198 44 0 216 168
m 198 70 0 216 168
m 198 120 0 216 168
b 198 1 216 168
b 198 2 216 168
m 198 1 2 216 168
m 198 44 2 216 168
m 198 70 2 216 168
m 198 120 2 216 168
m 198 142 2 216 168
b 198 3 216 168
m 198 70 3 12.4 172.4 0.2
m 198 44 3 12.4 172.4 0.2
b 205 0 362 171
b 205 1 362 171
b 205 3 362 171
b 215 0 218 180
m 215 44 0 218 180
m 215 58 0 218 180
m 215 65 0 218 180
m 215 192 0 218 180
b 215 1 218 180
b 215 3 218 180
m 215 58 3 10.4 136.0 0.7618422990989221
m 215 65 3 10.4 136.0 0.7618422990989221
m 215 192 3 10.4 136.0 0.7618422990989221
m 215 44 3 10.4 136.0 0.7618422990989221
b 220 0 431 36
m 220 6 0 431 36
m 220 111 0 431 36
m 220 197 0 431 36
m 220 202 0 431 36
b 220 1 431 36
m 220 6 1 431 36
m 220 111 1 431 36
m 220 197 1 431 36
m 220 202 1 431 36
b 220 2 431 36
m 220 6 2 431 36
m 220 111 2 431 36
m 220 197 2 431 36
m 220 202 2 431 36
b 220 3 431 36
m 220 111 3 11.200000000000001 146.0 0.25
m 220 202 3 11.200000000000001 146.0 0.25
b 230 0 429 140
m 230 127 0 429 140
b 230 1 429 140
m 230 127 1 429 140
b 230 2 429 140
b 231 0 420 146
b 231 1 420 146
b 231 2 420 146
b 1 0 104 107
m 1 46 0 104 107
m 1 59 0 104 107
m 1 71 0 104 107
m 1 84 0 104 107
b 1 1 104 107
m 1 46 1 104 107
m 1 59 1 104 107
m 1 71 1 104 107
m 1 84 1 104 107
b 1 2 104 107
b 1 3 104 107
m 1 59 3 13.0 183.0 0.16666666666666666
m 1 46 3 13.0 183.0 0.16666666666666666
b 3 3 496 177
m 3 230 3 10.833333333333334 133.16666666666666 0.050597240136378396
b 6 0 437 39
b 6 1 437 39
b 6 2 437 39
b 6 3 437 39
b 10 1 233 256
m 10 5 1 233 256
m 10 168 1 233 256
m 10 236 1 233 256
b 10 2 233 256
b 11 0 451 312
m 11 27 0 451 312
m 11 82 0 451 312
m 11 92 0 451 312
m 11 153 0 451 312
m 11 160 0 451 312
m 11 177 0 451 312
m 11 190 0 451 312
b 11 1 451 312
b 15 0 103 10
m 15 71 0 103 10
m 15 83 0 103 10
m 15 84 0 103 10
m 15 106 0 103 10
m 15 145 0 103 10
m 15 214 0 103 10
b 15 1 103 10
m 15 71 1 103 10
m 15 83 1 103 10
m 15 84 1 103 10
m 15 106 1 103 10
m 15 145 1 103 10
m 15 214 1 103 10
b 15 2 103 10
b 15 3 103 10
m 15 84 3 12.333333333333332 164.33333333333334 0.18975847588986275
b 24 0 414 231
b 24 1 414 231
b 24 3 414 231
b 33 0 139 249
m 33 5 0 139 249
m 33 77 0 139 249
m 33 134 0 139 249
m 33 239 0 139 249
b 33 1 139 249
m 33 5 1 139 249
m 33 77 1 139 249
m 33 98 1 139 249
m 33 123 1 139 249
m 33 134 1 139 249
m 33 193 1 139 249
m 33 209 1 139 249
m 33 239 1 139 249
b 33 3 139 249
m 33 209 3 13.333333333333334 185.0 0.48227123094868385
m 33 134 3 13.333333333333334 185.0 0.48227123094868385
b 43 0 162 156
m 43 59 0 162 156
m 43 77 0 162 156
b 43 1 162 156
m 43 59 1 162 156
m 43 77 1 162 156
m 43 98 1 162 156
m 43 193 1 162 156
m 43 209 1 162 156
b 43 3 162 156
m 43 59 3 12.666666666666666 179.66666666666666 0.25
b 44 0 270 221
b 44 1 270 221
b 44 2 270 221
m 44 58 2 270 221
b 44 3 270 221
b 49 0 147 52
m 49 71 0 147 52
m 49 84 0 147 52
m 49 145 0 147 52
b 49 1 147 52
m 49 71 1 147 52
m 49 84 1 147 52
m 49 145 1 147 52
b 49 3 147 52
b 55 0 167 118
m 55 59 0 167 118
b 55 1 167 118
m 55 59 1 167 118
b 55 2 167 118
b 55 3 167 118
m 55 87 3 12.0 162.33333333333331 0.25
b 58 0 241 214
b 58 1 241 214
m 58 236 1 241 214
b 58 3 241 214
m 58 236 3 11.833333333333334 165.5 0.5
b 65 0 155 206
m 65 5 0 155 206
m 65 77 0 155 206
b 65 1 155 206
b 65 2 155 206
m 65 5 2 155 206
m 65 33 2 155 206
m 65 43 2 155 206
m 65 77 2 155 206
m 65 98 2 155 206
m 65 123 2 155 206
m 65 183 2 155 206
m 65 193 2 155 206
m 65 209 2 155 206
m 65 236 2 155 206
b 65 3 155 206
m 65 5 3 12.333333333333334 169.0 0.2
m 65 236 3 12.333333333333334 169.0 0.2
b 70 0 211 121
m 70 77 0 211 121
b 70 1 211 121
m 70 77 1 211 121
m 70 98 1 211 121
m 70 193 1 211 121
b 70 2 211 121
b 70 3 211 121
m 70 77 3 10.5 135.83333333333331 1.0
b 74 0 202 39
b 74 1 202 39
b 74 2 202 39
m 74 49 2 202 39
b 74 3 202 39
m 74 224 3 10.0 140.33333333333334 0.016666666666666607
b 76 0 105 202
m 76 59 0 105 202
m 76 110 0 105 202
m 76 165 0 105 202
m 76 172 0 105 202
b 76 1 105 202
b 76 3 105 202
m 76 110 3 13.333333333333334 187.66666666666666 0.15842613584476495
b 79 2 421 139
b 79 3 421 139
m 79 230 3 10.5 128.5 0.25
b 87 0 101 62
m 87 59 0 101 62
m 87 71 0 101 62
m 87 84 0 101 62
b 87 1 101 62
b 87 2 101 62
m 87 49 2 101 62
m 87 59 2 101 62
m 87 71 2 101 62
m 87 84 2 101 62
b 98 0 173 185
m 98 5 0 173 185
m 98 77 0 173 185
b 98 3 173 185
m 98 77 3 12.166666666666666 167.5 0.25
m 98 5 3 12.166666666666666 167.5 0.25
b 100 0 497 246
m 100 27 0 497 246
m 100 153 0 497 246
m 100 177 0 497 246
m 100 190 0 497 246
b 100 1 497 246
m 100 27 1 497 246
m 100 153 1 497 246
m 100 177 1 497 246
m 100 190 1 497 246
b 104 0 156 83
m 104 59 0 156 83
b 104 1 156 83
m 104 59 1 156 83
b 104 2 156 83
m 104 43 2 156 83
m 104 49 2 156 83
m 104 59 2 156 83
b 104 3 156 83
m 104 87 3 12.166666666666668 163.83333333333331 0.2
b 111 0 476 76
b 111 1 476 76
b 111 2 476 76
b 111 3 476 76
b 115 3 158 139
b 120 0 188 201
m 120 77 0 188 201
b 120 1 188 201
m 120 77 1 188 201
m 120 98 1 188 201
m 120 123 1 188 201
m 120 193 1 188 201
m 120 209 1 188 201
b 120 2 188 201
b 120 3 188 201
m 120 77 3 12.333333333333334 177.66666666666666 0.5
m 120 209 3 12.333333333333334 177.66666666666666 0.5
b 121 2 149 24
b 123 0 130 256
m 123 5 0 130 256
m 123 77 0 130 256
m 123 89 0 130 256
m 123 134 0 130 256
m 123 223 0 130 256
m 123 239 0 130 256
b 123 3 130 256
m 123 77 3 13.833333333333334 197.5 0.6981213640735531
m 123 89 3 13.833333333333334 197.5 0.6981213640735531
m 123 209 3 13.833333333333334 197.5 0.6981213640735531
m 123 223 3 13.833333333333334 197.5 0.6981213640735531
b 126 3 386 103
m 126 231 3 10.166666666666668 126.5 0.5
m 126 230 3 10.166666666666668 126.5 0.5
b 127 0 496 206
m 127 177 0 496 206
b 127 1 496 206
m 127 177 1 496 206
b 127 2 496 206
b 142 1 157 115
b 142 2 157 115
b 144 3 479 139
m 144 180 3 10.5 130.5 0.3333333333333333
b 152 0 178 132
b 152 1 178 132
b 152 2 178 132
m 152 43 2 178 132
b 152 3 178 132
m 152 224 3 12.333333333333334 177.66666666666666 0.5
m 152 87 3 12.333333333333334 177.66666666666666 0.5
b 158 3 242 49
m 158 224 3 11.5 159.83333333333331 1.0
b 168 0 241 304
m 168 5 0 241 304
m 168 81 0 241 304
m 168 228 0 241 304
b 168 3 241 304
m 168 236 3 12.5 170.83333333333334 0.16666666666666666
m 168 81 3 12.5 170.83333333333334 0.16666666666666666
b 180 2 461 206
m 180 190 2 461 206
b 183 0 136 257
m 183 5 0 136 257
m 183 77 0 136 257
m 183 134 0 136 257
m 183 223 0 136 257
m 183 239 0 136 257
b 183 1 136 257
b 183 3 136 257
m 183 77 3 13.5 188.83333333333334 0.5679447085038876
m 183 134 3 13.5 188.83333333333334 0.5679447085038876
m 183 209 3 13.5 188.83333333333334 0.5679447085038876
m 183 223 3 13.5 188.83333333333334 0.5679447085038876
b 192 0 223 237
m 192 5 0 223 237
m 192 77 0 223 237
b 192 1 223 237
b 192 2 223 237
m 192 5 2 223 237
m 192 33 2 223 237
m 192 77 2 223 237
m 192 98 2 223 237
m 192 123 2 223 237
m 192 183 2 223 237
m 192 193 2 223 237
m 192 209 2 223 237
m 192 236 2 223 237
b 192 3 223 237
m 192 209 3 12.166666666666666 167.5 0.25
m 192 77 3 12.166666666666666 167.5 0.25
b 193 0 179 166
m 193 5 0 179 166
m 193 77 0 179 166
b 193 3 179 166
m 193 77 3 12.0 166.33333333333334 0.3333333333333333
b 195 3 478 143
m 195 231 3 10.5 128.5 0.25
m 195 180 3 10.5 128.5 0.25
b 197 0 384 44
b 197 1 384 44
b 197 2 384 44
b 197 3 384 44
b 202 0 397 81
b 202 1 397 81
b 202 2 397 81
b 202 3 397 81
b 209 0 136 182
m 209 77 0 136 182
m 209 134 0 136 182
m 209 239 0 136 182
b 213 0 436 326
m 213 27 0 436 326
m 213 92 0 436 326
m 213 153 0 436 326
m 213 160 0 436 326
m 213 177 0 436 326
m 213 219 0 436 326
b 213 1 436 326
b 215 2 194 174
m 215 58 2 194 174
m 215 193 2 194 174
m 215 209 2 194 174
b 224 0 172 64
b 224 1 172 64
b 224 2 172 64
m 224 49 2 172 64
b 229 3 360 178
m 229 231 3 10.333333333333334 129.66666666666666 0.5
m 229 230 3 10.333333333333334 129.66666666666666 0.5
b 236 0 222 246
m 236 5 0 222 246
m 236 81 0 222 246
m 236 228 0 222 246
b 5 0 246 267
m 5 211 0 246 267
b 5 1 246 267
m 5 211 1 246 267
m 5 228 1 246 267
b 5 2 246 267
m 5 168 2 246 267
m 5 211 2 246 267
m 5 228 2 246 267
b 5 3 246 267
m 5 211 3 11.0 146.14285714285714 0.07760891590678823
b 27 0 494 289
b 27 1 494 289
m 27 92 1 494 289
m 27 160 1 494 289
b 33 2 123 267
b 43 2 186 150
b 46 0 41 138
m 46 72 0 41 138
m 46 99 0 41 138
m 46 124 0 41 138
m 46 154 0 41 138
m 46 170 0 41 138
m 46 182 0 41 138
m 46 191 0 41 138
b 46 1 41 138
m 46 72 1 41 138
m 46 99 1 41 138
m 46 124 1 41 138
m 46 154 1 41 138
m 46 170 1 41 138
m 46 182 1 41 138
m 46 191 1 41 138
b 46 3 41 138
m 46 72 3 12.285714285714285 166.0 0.21373689010487912
m 46 124 3 12.285714285714285 166.0 0.21373689010487912
b 49 2 167 65
m 49 145 2 167 65
b 58 2 220 203
m 58 103 2 220 203
b 59 0 120 82
b 59 1 120 82
b 59 2 120 82
b 59 3 120 82
m 59 71 3 11.714285714285714 159.14285714285714 0.09273075083692009
b 71 0 147 69
b 71 1 147 69
b 71 2 147 69
m 71 106 2 147 69
m 71 145 2 147 69
m 71 214 2 147 69
b 77 0 219 179
b 77 1 219 179
b 77 2 219 179
b 77 3 219 179
b 81 0 235 374
m 81 18 0 235 374
m 81 62 0 235 374
m 81 101 0 235 374
m 81 174 0 235 374
m 81 176 0 235 374
m 81 188 0 235 374
m 81 194 0 235 374
b 81 3 235 374
m 81 188 3 12.285714285714285 163.7142857142857 0.24487222284039906
m 81 62 3 12.285714285714285 163.7142857142857 0.24487222284039906
b 82 0 493 367
m 82 233 0 493 367
b 83 0 48 18
m 83 148 0 48 18
m 83 155 0 48 18
b 83 1 48 18
m 83 148 1 48 18
m 83 155 1 48 18
b 84 0 114 8
m 84 148 0 114 8
m 84 155 0 114 8
b 84 1 114 8
m 84 148 1 114 8
m 84 155 1 114 8
b 84 2 114 8
b 84 3 114 8
m 84 71 3 11.571428571428571 147.85714285714286 0.12045515059619673
b 87 3 103 38
m 87 71 3 11.285714285714286 146.14285714285714 0.36373860779541545
b 89 0 156 284
m 89 12 0 156 284
m 89 26 0 156 284
m 89 54 0 156 284
m 89 75 0 156 284
m 89 80 0 156 284
m 89 139 0 156 284
m 89 161 0 156 284
m 89 211 0 156 284
b 89 3 156 284
m 89 75 3 14.142857142857142 205.85714285714283 0.7725756767221515
m 89 139 3 14.142857142857142 205.85714285714283 0.7725756767221515
m 89 26 3 14.142857142857142 205.85714285714283 0.7725756767221515
m 89 54 3 14.142857142857142 205.85714285714283 0.7725756767221515
m 89 12 3 14.142857142857142 205.85714285714283 0.7725756767221515
m 89 80 3 14.142857142857142 205.85714285714283 0.7725756767221515
m 89 161 3 14.142857142857142 205.85714285714283 0.7725756767221515
m 89 211 3 14.142857142857142 205.85714285714283 0.7725756767221515
b 92 0 433 342
m 92 17 0 433 342
m 92 50 0 433 342
m 92 133 0 433 342
b 98 1 159 165
m 98 165 1 159 165
b 98 2 159 165
m 98 76 2 159 165
m 98 165 2 159 165
b 106 0 100 28
m 106 148 0 100 28
m 106 155 0 100 28
b 106 1 100 28
m 106 148 1 100 28
m 106 155 1 100 28
b 110 0 86 225
m 110 63 0 86 225
m 110 72 0 86 225
m 110 99 0 86 225
m 110 130 0 86 225
m 110 191 0 86 225
b 110 3 86 225
m 110 191 3 13.0 178.14285714285714 0.2049087731771523
m 110 99 3 13.0 178.14285714285714 0.2049087731771523
m 110 63 3 13.0 178.14285714285714 0.2049087731771523
b 123 1 108 265
b 123 2 108 265
b 134 0 146 231
m 134 54 0 146 231
m 134 63 0 146 231
m 134 80 0 146 231
m 134 139 0 146 231
m 134 211 0 146 231
b 134 1 146 231
m 134 54 1 146 231
m 134 63 1 146 231
m 134 80 1 146 231
m 134 89 1 146 231
m 134 139 1 146 231
m 134 211 1 146 231
m 134 223 1 146 231
b 134 3 146 231
m 134 80 3 13.0 175.85714285714286 0.49528890100416406
m 134 54 3 13.0 175.85714285714286 0.49528890100416406
m 134 63 3 13.0 175.85714285714286 0.49528890100416406
b 145 0 133 23
b 145 1 133 23
b 153 0 499 271
b 153 1 499 271
m 153 92 1 499 271
m 153 160 1 499 271
b 160 0 458 310
m 160 50 0 458 310
b 165 0 117 169
m 165 63 0 117 169
m 165 99 0 117 169
m 165 130 0 117 169
b 168 1 246 328
b 172 0 42 257
m 172 63 0 42 257
m 172 130 0 42 257
m 172 131 0 42 257
m 172 139 0 42 257
m 172 179 0 42 257
m 172 186 0 42 257
m 172 191 0 42 257
m 172 200 0 42 257
m 172 217 0 42 257
b 177 0 460 215
b 177 1 460 215
b 180 3 437 208
m 180 177 3 9.571428571428571 114.14285714285715 0.4276741293532338
m 180 127 3 9.571428571428571 114.14285714285715 0.4276741293532338
b 183 2 117 271
b 190 0 487 230
b 190 1 487 230
b 190 2 487 230
b 193 1 182 142
b 193 2 182 142
b 209 1 123 162
m 209 165 1 123 162
b 209 2 123 162
b 209 3 123 162
m 209 165 3 11.714285714285715 159.14285714285717 0.5
b 214 0 115 23
b 214 1 115 23
b 219 0 417 382
m 219 17 0 417 382
m 219 50 0 417 382
m 219 69 0 417 382
m 219 97 0 417 382
m 219 109 0 417 382
m 219 133 0 417 382
m 219 178 0 417 382
m 219 227 0 417 382
m 219 234 0 417 382
b 223 0 89 319
m 223 12 0 89 319
m 223 26 0 89 319
m 223 35 0 89 319
m 223 54 0 89 319
m 223 63 0 89 319
m 223 67 0 89 319
m 223 75 0 89 319
m 223 80 0 89 319
m 223 139 0 89 319
m 223 161 0 89 319
m 223 166 0 89 319
m 223 179 0 89 319
m 223 186 0 89 319
m 223 200 0 89 319
m 223 211 0 89 319
m 223 217 0 89 319
m 223 225 0 89 319
b 223 3 89 319
m 223 26 3 14.857142857142858 232.28571428571428 0.8832425918101683
m 223 35 3 14.857142857142858 232.28571428571428 0.8832425918101683
m 223 12 3 14.857142857142858 232.28571428571428 0.8832425918101683
m 223 54 3 14.857142857142858 232.28571428571428 0.8832425918101683
m 223 211 3 14.857142857142858 232.28571428571428 0.8832425918101683
m 223 63 3 14.857142857142858 232.28571428571428 0.8832425918101683
m 223 161 3 14.857142857142858 232.28571428571428 0.8832425918101683
m 223 67 3 14.857142857142858 232.28571428571428 0.8832425918101683
m 223 239 3 14.857142857142858 232.28571428571428 0.8832425918101683
m 223 75 3 14.857142857142858 232.28571428571428 0.8832425918101683
m 223 80 3 14.857142857142858 232.28571428571428 0.8832425918101683
m 223 166 3 14.857142857142858 232.28571428571428 0.8832425918101683
m 223 139 3 14.857142857142858 232.28571428571428 0.8832425918101683
m 223 186 3 14.857142857142858 232.28571428571428 0.8832425918101683
m 223 179 3 14.857142857142858 232.28571428571428 0.8832425918101683
m 223 225 3 14.857142857142858 232.28571428571428 0.8832425918101683
m 223 200 3 14.857142857142858 232.28571428571428 0.8832425918101683
b 224 3 196 66
b 228 0 214 290
m 228 18 0 214 290
m 228 188 0 214 290
m 228 194 0 214 290
b 230 3 430 92
b 231 3 377 125
b 236 1 241 231
m 236 228 1 241 231
b 236 2 241 231
m 236 168 2 241 231
m 236 228 2 241 231
b 236 3 241 231
m 236 228 3 10.428571428571429 142.42857142857144 0.5126437464713396
b 239 0 159 281
m 239 54 0 159 281
m 239 63 0 159 281
m 239 80 0 159 281
m 239 139 0 159 281
m 239 211 0 159 281
b 239 1 159 281
m 239 54 1 159 281
m 239 63 1 159 281
m 239 80 1 159 281
m 239 89 1 159 281
m 239 139 1 159 281
m 239 211 1 159 281
m 239 223 1 159 281
b 12 0 124 302
m 12 116 0 124 302
b 12 3 124 302
m 12 116 3 12.625 180.62499999999997 0.5
b 17 0 383 328
m 17 14 0 383 328
m 17 38 0 383 328
m 17 189 0 383 328
b 18 0 244 321
m 18 20 0 244 321
m 18 42 0 244 321
m 18 94 0 244 321
m 18 159 0 244 321
b 26 0 126 253
b 26 3 126 253
m 26 217 3 12.5 180.24999999999997 1.0
b 35 0 46 290
m 35 41 0 46 290
m 35 57 0 46 290
m 35 60 0 46 290
m 35 157 0 46 290
m 35 164 0 46 290
m 35 199 0 46 290
m 35 226 0 46 290
b 35 3 46 290
m 35 57 3 14.25 215.75 0.1
m 35 157 3 14.25 215.75 0.1
b 50 0 400 322
m 50 189 0 400 322
b 54 0 142 273
b 54 1 142 273
m 54 12 1 142 273
m 54 26 1 142 273
m 54 67 1 142 273
m 54 110 1 142 273
m 54 200 1 142 273
m 54 217 1 142 273
b 54 3 142 273
m 54 217 3 12.625 180.62499999999997 0.5
b 62 0 185 448
m 62 21 0 185 448
m 62 47 0 185 448
m 62 68 0 185 448
m 62 90 0 185 448
m 62 122 0 185 448
m 62 163 0 185 448
m 62 171 0 185 448
m 62 204 0 185 448
m 62 210 0 185 448
m 62 218 0 185 448
m 62 222 0 185 448
m 62 235 0 185 448
b 62 3 185 448
m 62 218 3 12.625 171.37499999999997 0.3065484895409935
m 62 47 3 12.625 171.37499999999997 0.3065484895409935
m 62 21 3 12.625 171.37499999999997 0.3065484895409935
m 62 68 3 12.625 171.37499999999997 0.3065484895409935
m 62 90 3 12.625 171.37499999999997 0.3065484895409935
b 63 0 131 294
b 63 1 131 294
m 63 26 1 131 294
m 63 67 1 131 294
m 63 75 1 131 294
m 63 110 1 131 294
m 63 200 1 131 294
m 63 217 1 131 294
b 63 3 131 294
m 63 217 3 11.5 156.0 1.0
b 67 0 116 308
m 67 157 0 116 308
b 67 3 116 308
m 67 157 3 13.5 205.25 0.25
b 69 0 318 392
m 69 37 0 318 392
m 69 78 0 318 392
m 69 94 0 318 392
m 69 118 0 318 392
m 69 159 0 318 392
b 71 3 171 70
m 71 145 3 10.625 140.375 0.06549082849804919
b 72 0 45 129
b 72 1 45 129
b 72 3 45 129
m 72 154 3 11.25 147.25 0.014443352012043895
b 75 0 62 323
m 75 41 0 62 323
m 75 60 0 62 323
m 75 157 0 62 323
m 75 164 0 62 323
m 75 226 0 62 323
b 75 3 62 323
m 75 172 3 13.375 188.12499999999997 0.05586880947033201
b 76 2 101 250
m 76 26 2 101 250
m 76 54 2 101 250
m 76 63 2 101 250
m 76 110 2 101 250
m 76 130 2 101 250
m 76 134 2 101 250
m 76 139 2 101 250
m 76 172 2 101 250
m 76 200 2 101 250
m 76 217 2 101 250
b 80 0 168 276
b 80 1 168 276
b 80 3 168 276
m 80 176 3 12.5 180.24999999999997 1.0
b 89 1 179 292
m 89 12 1 179 292
m 89 67 1 179 292
m 89 161 1 179 292
m 89 176 1 179 292
b 92 1 409 339
m 92 17 1 409 339
m 92 50 1 409 339
m 92 82 1 409 339
m 92 97 1 409 339
m 92 133 1 409 339
m 92 219 1 409 339
m 92 227 1 409 339
b 97 0 416 359
m 97 14 0 416 359
m 97 189 0 416 359
b 99 0 43 218
b 99 1 43 218
b 99 3 43 218
m 99 130 3 11.625 156.375 0.5
b 101 0 186 415
m 101 42 0 186 415
m 101 90 0 186 415
m 101 122 0 186 415
m 101 163 0 186 415
m 101 210 0 186 415
m 101 222 0 186 415
m 101 235 0 186 415
b 103 2 268 166
b 106 2 119 42
b 109 0 391 352
m 109 14 0 391 352
m 109 78 0 391 352
m 109 112 0 391 352
m 109 189 0 391 352
b 124 0 17 44
b 124 1 17 44
b 124 3 17 44
m 124 83 3 11.375 148.375 0.09827758242838668
b 127 3 490 254
m 127 27 3 8.875 101.87500000000001 0.44515238400470514
m 127 190 3 8.875 101.87500000000001 0.44515238400470514
b 130 0 110 194
b 131 0 7 284
m 131 41 0 7 284
m 131 57 0 7 284
m 131 60 0 7 284
m 131 157 0 7 284
m 131 164 0 7 284
m 131 199 0 7 284
m 131 226 0 7 284
b 133 0 383 359
m 133 14 0 383 359
m 133 38 0 383 359
m 133 189 0 383 359
b 139 0 97 232
b 139 1 97 232
m 139 26 1 97 232
m 139 110 1 97 232
m 139 130 1 97 232
m 139 172 1 97 232
m 139 200 1 97 232
m 139 217 1 97 232
b 139 3 97 232
m 139 172 3 12.75 181.24999999999997 0.3333333333333333
b 145 2 154 35
b 148 0 57 62
b 148 1 57 62
b 154 0 10 107
b 154 1 10 107
b 155 0 29 12
b 155 1 29 12
b 160 1 439 295
m 160 50 1 439 295
m 160 82 1 439 295
m 160 227 1 439 295
b 161 0 194 316
b 161 3 194 316
m 161 176 3 12.625 180.62499999999997 0.5
b 165 1 130 149
m 165 110 1 130 149
m 165 130 1 130 149
b 165 2 130 149
m 165 110 2 130 149
m 165 130 2 130 149
b 165 3 130 149
m 165 130 3 10.5 139.75000000000003 0.5109588409007013
b 166 0 18 321
m 166 41 0 18 321
m 166 57 0 18 321
m 166 60 0 18 321
m 166 157 0 18 321
m 166 164 0 18 321
m 166 226 0 18 321
b 166 3 18 321
b 168 2 251 351
b 170 0 92 102
b 170 1 92 102
b 174 0 239 439
m 174 2 0 239 439
m 174 42 0 239 439
m 174 90 0 239 439
m 174 122 0 239 439
m 174 163 0 239 439
m 174 210 0 239 439
m 174 222 0 239 439
m 174 235 0 239 439
b 176 0 181 306
b 177 3 454 192
b 178 0 377 391
m 178 14 0 377 391
m 178 37 0 377 391
m 178 112 0 377 391
m 178 118 0 377 391
m 178 189 0 377 391
b 179 0 15 284
m 179 41 0 15 284
m 179 57 0 15 284
m 179 60 0 15 284
m 179 157 0 15 284
m 179 164 0 15 284
m 179 199 0 15 284
m 179 226 0 15 284
b 179 3 15 284
m 179 57 3 14.25 215.75 0.1
m 179 199 3 14.25 215.75 0.1
b 182 0 51 70
b 182 1 51 70
b 186 0 56 321
m 186 41 0 56 321
m 186 57 0 56 321
m 186 60 0 56 321
m 186 157 0 56 321
m 186 164 0 56 321
m 186 199 0 56 321
m 186 226 0 56 321
b 186 3 56 321
m 186 217 3 14.25 215.75 0.1
m 186 131 3 14.25 215.75 0.1
b 188 0 208 291
m 188 20 0 208 291
m 188 159 0 208 291
b 188 3 208 291
m 188 194 3 11.5 147.74999999999997 0.058213231810738966
b 191 0 39 220
m 191 199 0 39 220
b 191 1 39 220
m 191 172 1 39 220
m 191 199 1 39 220
b 191 3 39 220
b 194 0 304 333
m 194 20 0 304 333
m 194 42 0 304 333
m 194 78 0 304 333
m 194 94 0 304 333
m 194 112 0 304 333
m 194 159 0 304 333
b 200 0 116 257
m 200 226 0 116 257
b 200 3 116 257
m 200 172 3 13.5 205.25 0.25
m 200 226 3 13.5 205.25 0.25
b 211 0 188 229
b 211 1 188 229
m 211 26 1 188 229
b 211 2 188 229
m 211 26 2 188 229
m 211 54 2 188 229
m 211 63 2 188 229
m 211 80 2 188 229
m 211 89 2 188 229
m 211 134 2 188 229
m 211 239 2 188 229
b 211 3 188 229
b 214 2 138 29
b 217 0 85 246
m 217 164 0 85 246
m 217 226 0 85 246
b 223 1 67 329
m 223 12 1 67 329
m 223 26 1 67 329
m 223 35 1 67 329
m 223 60 1 67 329
m 223 67 1 67 329
m 223 75 1 67 329
m 223 157 1 67 329
m 223 166 1 67 329
m 223 179 1 67 329
m 223 186 1 67 329
m 223 200 1 67 329
m 223 217 1 67 329
m 223 225 1 67 329
m 223 226 1 67 329
b 225 0 61 293
m 225 41 0 61 293
m 225 57 0 61 293
m 225 60 0 61 293
m 225 157 0 61 293
m 225 164 0 61 293
m 225 226 0 61 293
b 225 3 61 293
m 225 131 3 14.25 215.75 0.1
m 225 217 3 14.25 215.75 0.1
b 227 0 410 300
m 227 189 0 410 300
b 228 1 192 279
m 228 18 1 192 279
m 228 176 1 192 279
m 228 188 1 192 279
b 228 2 192 279
b 228 3 192 279
m 228 176 3 9.375 125.12500000000001 0.5252342177050224
m 228 18 3 9.375 125.12500000000001 0.5252342177050224
b 233 0 461 446
m 233 14 0 461 446
m 233 38 0 461 446
m 233 91 0 461 446
m 233 108 0 461 446
m 233 140 0 461 446
m 233 232 0 461 446
b 234 0 382 444
m 234 14 0 382 444
m 234 37 0 382 444
m 234 61 0 382 444
m 234 91 0 382 444
m 234 118 0 382 444
m 234 140 0 382 444
m 234 184 0 382 444
b 239 3 180 293
b 2 0 302 487
m 2 141 0 302 487
b 12 1 111 282
b 14 0 421 356
b 17 1 367 311
m 17 14 1 367 311
m 17 38 1 367 311
m 17 109 1 367 311
m 17 178 1 367 311
m 17 189 1 367 311
b 18 1 263 307
m 18 20 1 263 307
m 18 42 1 263 307
m 18 94 1 263 307
m 18 159 1 263 307
m 18 194 1 263 307
b 18 3 263 307
m 18 42 3 8.88888888888889 114.0 0.8492515469317979
m 18 159 3 8.88888888888889 114.0 0.8492515469317979
m 18 94 3 8.88888888888889 114.0 0.8492515469317979
m 18 20 3 8.88888888888889 114.0 0.8492515469317979
b 20 0 241 310
b 21 0 173 475
m 21 51 0 173 475
m 21 136 0 173 475
m 21 141 0 173 475
m 21 151 0 173 475
b 21 3 173 475
m 21 163 3 12.11111111111111 159.44444444444443 0.05701972419322867
b 26 1 137 232
b 26 2 137 232
m 26 12 2 137 232
m 26 67 2 137 232
b 27 3 473 331
m 27 213 3 8.666666666666668 96.00000000000001 0.6456892461124611
m 27 82 3 8.666666666666668 96.00000000000001 0.6456892461124611
m 27 11 3 8.666666666666668 96.00000000000001 0.6456892461124611
m 27 100 3 8.666666666666668 96.00000000000001 0.6456892461124611
m 27 153 3 8.666666666666668 96.00000000000001 0.6456892461124611
b 35 1 25 278
m 35 41 1 25 278
m 35 57 1 25 278
m 35 131 1 25 278
m 35 164 1 25 278
b 37 0 320 461
b 38 0 417 367
b 41 0 52 303
b 42 0 223 361
b 47 0 170 478
m 47 136 0 170 478
m 47 151 0 170 478
m 47 237 0 170 478
b 47 3 170 478
m 47 163 3 12.333333333333332 163.44444444444443 0.16504951660751507
b 50 1 389 301
m 50 109 1 389 301
m 50 189 1 389 301
b 54 2 160 257
m 54 67 2 160 257
b 57 0 40 352
b 57 3 40 352
m 57 41 3 13.0 192.77777777777777 0.3333333333333333
b 60 0 13 285
b 60 1 13 285
m 60 41 1 13 285
m 60 57 1 13 285
m 60 131 1 13 285
m 60 164 1 13 285
b 61 0 374 426
m 61 169 0 374 426
b 63 2 149 310
b 67 1 110 285
m 67 164 1 110 285
b 68 0 155 490
m 68 51 0 155 490
m 68 136 0 155 490
m 68 141 0 155 490
m 68 151 0 155 490
b 68 3 155 490
m 68 136 3 12.0 157.77777777777777 0.14285714285714285
b 75 1 42 336
m 75 41 1 42 336
m 75 57 1 42 336
m 75 131 1 42 336
m 75 164 1 42 336
b 78 0 330 272
m 78 156 0 330 272
b 80 2 184 258
m 80 176 2 184 258
m 80 188 2 184 258
b 82 1 451 343
m 82 14 1 451 343
m 82 38 1 451 343
b 83 3 2 34
m 83 155 3 10.444444444444445 132.88888888888889 0.037118649723026614
b 89 2 201 300
m 89 18 2 201 300
m 89 161 2 201 300
m 89 176 2 201 300
m 89 188 2 201 300
b 90 0 235 375
b 90 3 235 375
m 90 101 3 12.444444444444443 165.77777777777777 0.2034813952522529
m 90 174 3 12.444444444444443 165.77777777777777 0.2034813952522529
b 91 0 448 415
m 91 13 0 448 415
m 91 169 0 448 415
b 94 0 253 311
b 97 1 435 374
b 108 0 453 492
m 108 13 0 453 492
m 108 36 0 453 492
m 108 119 0 453 492
m 108 169 0 453 492
m 108 207 0 453 492
b 110 1 121 258
b 110 2 121 258
b 112 0 323 265
m 112 156 0 323 265
b 116 0 144 378
m 116 102 0 144 378
m 116 237 0 144 378
b 116 3 144 378
m 116 102 3 11.666666666666666 162.33333333333331 0.7573767006802721
m 116 237 3 11.666666666666666 162.33333333333331 0.7573767006802721
m 116 163 3 11.666666666666666 162.33333333333331 0.7573767006802721
b 118 0 348 463
b 122 0 267 404
m 122 141 0 267 404
b 130 1 134 197
b 130 2 134 197
b 130 3 134 197
b 131 3 20 304
m 131 164 3 13.0 192.77777777777777 0.3333333333333333
b 133 1 359 363
b 134 2 176 193
b 139 2 100 208
b 140 0 437 493
m 140 13 0 437 493
m 140 36 0 437 493
m 140 119 0 437 493
m 140 169 0 437 493
b 145 3 174 48
m 145 214 3 9.666666666666666 125.22222222222221 0.03481879008978736
b 154 3 8 116
m 154 148 3 10.222222222222221 131.33333333333334 5.760256277181787E-4
b 157 0 13 323
b 157 1 13 323
m 157 41 1 13 323
m 157 57 1 13 323
m 157 131 1 13 323
m 157 164 1 13 323
b 157 3 13 323
m 157 164 3 13.0 192.77777777777777 0.3333333333333333
b 159 0 238 330
b 161 1 218 319
m 161 159 1 218 319
m 161 235 1 218 319
b 163 0 133 431
m 163 136 0 133 431
m 163 151 0 133 431
m 163 237 0 133 431
b 164 0 71 291
b 166 1 6 319
m 166 41 1 6 319
m 166 57 1 6 319
m 166 131 1 6 319
m 166 164 1 6 319
b 171 0 160 436
m 171 51 0 160 436
m 171 136 0 160 436
m 171 141 0 160 436
m 171 151 0 160 436
m 171 237 0 160 436
b 172 1 23 302
m 172 41 1 23 302
m 172 57 1 23 302
m 172 131 1 23 302
m 172 164 1 23 302
b 172 2 23 302
b 172 3 23 302
m 172 164 3 12.222222222222223 168.2222222222222 0.3333333333333333
b 176 1 181 282
b 176 3 181 282
b 179 1 6 277
m 179 41 1 6 277
m 179 57 1 6 277
m 179 131 1 6 277
m 179 164 1 6 277
b 184 0 399 429
m 184 13 0 399 429
m 184 169 0 399 429
b 186 1 53 344
m 186 41 1 53 344
m 186 57 1 53 344
m 186 131 1 53 344
m 186 164 1 53 344
b 188 1 192 274
b 189 0 398 335
b 190 3 481 183
m 190 153 3 8.0 90.66666666666669 1.0
b 194 3 325 321
m 194 78 3 11.11111111111111 138.44444444444443 0.07419570130769469
b 199 0 10 219
b 199 1 10 219
m 199 41 1 10 219
m 199 131 1 10 219
m 199 164 1 10 219
b 199 3 10 219
b 200 1 139 249
b 200 2 139 249
m 200 12 2 139 249
m 200 67 2 139 249
b 204 0 221 450
m 204 51 0 221 450
m 204 141 0 221 450
m 204 151 0 221 450
b 210 0 236 413
b 217 1 94 224
b 217 2 94 224
b 217 3 94 224
b 218 0 152 489
m 218 136 0 152 489
m 218 151 0 152 489
m 218 212 0 152 489
m 218 237 0 152 489
b 218 3 152 489
b 219 1 416 430
m 219 14 1 416 430
m 219 38 1 416 430
m 219 91 1 416 430
m 219 109 1 416 430
m 219 169 1 416 430
m 219 178 1 416 430
m 219 184 1 416 430
m 219 232 1 416 430
m 219 234 1 416 430
b 222 0 264 482
m 222 51 0 264 482
m 222 141 0 264 482
b 225 1 45 275
m 225 41 1 45 275
m 225 57 1 45 275
m 225 131 1 45 275
m 225 164 1 45 275
b 226 0 55 271
b 226 1 55 271
m 226 41 1 55 271
m 226 57 1 55 271
m 226 131 1 55 271
m 226 164 1 55 271
b 226 3 55 271
m 226 60 3 12.333333333333334 183.44444444444446 0.17440713203425073
b 227 1 429 285
b 232 0 443 434
m 232 13 0 443 434
m 232 36 0 443 434
m 232 119 0 443 434
m 232 169 0 443 434
b 235 0 233 359
b 239 2 200 305
b 11 3 413 401
m 11 91 3 9.100000000000001 103.30000000000001 0.9342209644281293
m 11 97 3 9.100000000000001 103.30000000000001 0.9342209644281293
m 11 38 3 9.100000000000001 103.30000000000001 0.9342209644281293
m 11 14 3 9.100000000000001 103.30000000000001 0.9342209644281293
m 11 219 3 9.100000000000001 103.30000000000001 0.9342209644281293
m 11 189 3 9.100000000000001 103.30000000000001 0.9342209644281293
m 11 232 3 9.100000000000001 103.30000000000001 0.9342209644281293
b 12 2 97 263
m 12 41 2 97 263
m 12 164 2 97 263
m 12 191 2 97 263
m 12 225 2 97 263
m 12 226 2 97 263
b 13 0 372 481
b 14 1 419 332
b 18 2 283 294
b 20 1 220 298
b 20 3 220 298
m 20 235 3 8.1 102.69999999999999 1.0
b 36 0 472 461
b 38 1 412 344
b 41 1 75 296
b 41 3 75 296
b 42 1 201 350
m 42 81 1 201 350
m 42 90 1 201 350
m 42 122 1 201 350
m 42 210 1 201 350
b 42 3 201 350
m 42 122 3 8.3 103.5 0.3255907719687071
b 51 0 204 428
b 57 1 57 368
b 60 3 4 263
b 67 2 103 262
m 67 41 2 103 262
m 67 164 2 103 262
m 67 191 2 103 262
m 67 225 2 103 262
m 67 226 2 103 262
b 78 3 329 248
m 78 156 3 10.4 126.19999999999997 0.004213287911552573
b 82 3 431 330
m 82 91 3 8.700000000000001 94.5 0.7998834110830162
m 82 92 3 8.700000000000001 94.5 0.7998834110830162
m 82 227 3 8.700000000000001 94.5 0.7998834110830162
m 82 97 3 8.700000000000001 94.5 0.7998834110830162
m 82 38 3 8.700000000000001 94.5 0.7998834110830162
m 82 189 3 8.700000000000001 94.5 0.7998834110830162
m 82 109 3 8.700000000000001 94.5 0.7998834110830162
b 91 1 466 398
b 94 1 235 296
b 94 3 235 296
m 94 235 3 8.1 102.69999999999999 1.0
b 100 3 469 337
m 100 227 3 8.3 88.9 0.4202532564047333
b 101 3 158 454
m 101 210 3 12.0 155.6 0.13523157268044653
m 101 141 3 12.0 155.6 0.13523157268044653
b 102 0 32 437
m 102 34 0 32 437
b 102 3 32 437
m 102 34 3 11.666666666666666 162.33333333333331 -1.0
b 109 1 427 320
b 119 0 443 479
b 131 1 33 324
b 136 0 120 430
m 136 7 0 120 430
m 136 9 0 120 430
m 136 95 0 120 430
b 136 3 120 430
m 136 212 3 11.600000000000001 148.4 0.16436756578156914
b 141 0 250 444
b 148 3 76 106
m 148 170 3 9.399999999999999 118.60000000000001 5.872470522050563E-4
b 151 0 205 494
b 153 3 465 206
b 155 3 28 60
m 155 182 3 9.5 119.69999999999999 1.0
b 156 0 336 174
b 159 1 216 323
m 159 90 1 216 323
b 159 3 216 323
m 159 235 3 8.1 102.69999999999999 1.0
b 161 2 242 323
b 163 3 109 432
m 163 34 3 12.11111111111111 159.44444444444443 -1.0
b 164 1 95 289
b 164 3 95 289
b 169 0 354 451
b 169 1 354 451
m 169 13 1 354 451
m 169 61 1 354 451
m 169 118 1 354 451
m 169 140 1 354 451
b 174 3 223 484
m 174 51 3 11.899999999999999 154.1 0.09685625200388566
b 176 2 181 258
b 178 1 393 436
m 178 13 1 393 436
m 178 61 1 393 436
m 178 118 1 393 436
b 184 1 406 406
m 184 13 1 406 406
m 184 61 1 406 406
m 184 118 1 406 406
b 188 2 175 256
b 189 1 419 347
b 194 1 346 309
m 194 78 1 346 309
m 194 112 1 346 309
b 207 0 457 463
b 212 0 133 498
m 212 7 0 133 498
m 212 9 0 133 498
m 212 34 0 133 498
m 212 95 0 133 498
m 212 149 0 133 498
m 212 175 0 133 498
b 213 3 452 420
m 213 219 3 8.900000000000002 98.5 0.8808730039090242
m 213 91 3 8.900000000000002 98.5 0.8808730039090242
m 213 97 3 8.900000000000002 98.5 0.8808730039090242
m 213 14 3 8.900000000000002 98.5 0.8808730039090242
m 213 232 3 8.900000000000002 98.5 0.8808730039090242
b 214 3 185 41
m 214 106 3 8.899999999999999 113.10000000000001 0.0355357803005818
b 232 1 425 417
m 232 13 1 425 417
m 232 36 1 425 417
m 232 61 1 425 417
m 232 140 1 425 417
m 232 207 1 425 417
m 232 233 1 425 417
b 234 1 386 492
m 234 13 1 386 492
m 234 37 1 386 492
m 234 61 1 386 492
m 234 118 1 386 492
b 235 1 245 338
m 235 69 1 245 338
m 235 81 1 245 338
m 235 90 1 245 338
m 235 122 1 245 338
m 235 210 1 245 338
b 237 0 143 470
m 237 7 0 143 470
m 237 9 0 143 470
m 237 95 0 143 470
m 237 175 0 143 470
b 237 3 143 470
m 237 7 3 11.3 152.49999999999997 1.0
m 237 9 3 11.3 152.49999999999997 1.0
m 237 95 3 11.3 152.49999999999997 1.0
m 237 151 3 11.3 152.49999999999997 1.0
m 237 171 3 11.3 152.49999999999997 1.0
m 237 175 3 11.3 152.49999999999997 1.0
m 237 212 3 11.3 152.49999999999997 1.0
b 7 0 94 427
m 7 34 0 94 427
b 7 3 94 427
m 7 34 3 11.3 152.49999999999997 -1.0
b 9 0 146 427
m 9 34 0 146 427
b 9 3 146 427
m 9 34 3 11.3 152.49999999999997 -1.0
b 13 1 349 472
m 13 119 1 349 472
b 14 3 418 308
m 14 184 3 8.545454545454547 94.72727272727272 0.3333333333333333
b 36 1 496 456
m 36 108 1 496 456
m 36 119 1 496 456
b 37 1 326 495
m 37 2 1 326 495
m 37 222 1 326 495
b 38 3 406 321
b 41 2 98 289
m 41 99 2 98 289
m 41 131 2 98 289
m 41 157 2 98 289
m 41 166 2 98 289
m 41 179 2 98 289
b 51 3 189 409
m 51 204 3 10.999999999999998 140.45454545454547 0.5
b 61 1 420 410
b 69 1 246 392
m 69 141 1 246 392
m 69 204 1 246 392
b 78 1 327 224
m 78 156 1 327 224
b 81 1 271 463
m 81 2 1 271 463
m 81 51 1 271 463
m 81 141 1 271 463
m 81 204 1 271 463
m 81 222 1 271 463
b 90 1 212 333
b 91 3 484 382
m 91 207 3 8.727272727272728 96.18181818181817 0.2
b 92 3 338 330
m 92 50 3 8.181818181818183 86.72727272727272 0.3333333333333333
b 95 0 161 471
m 95 34 0 161 471
b 95 3 161 471
m 95 34 3 11.3 152.49999999999997 -1.0
b 97 3 472 404
m 97 61 3 8.636363636363637 95.36363636363636 0.25
m 97 36 3 8.636363636363637 95.36363636363636 0.25
b 106 3 178 83
b 109 3 445 304
m 109 160 3 8.090909090909092 86.27272727272727 0.5
m 109 50 3 8.090909090909092 86.27272727272727 0.5
b 112 1 314 217
m 112 156 1 314 217
b 118 1 335 492
m 118 2 1 335 492
b 122 1 295 365
m 122 141 1 295 365
b 122 3 295 365
m 122 133 3 7.818181818181818 94.9090909090909 0.33496812979925
b 140 1 462 452
m 140 108 1 462 452
m 140 119 1 462 452
b 141 3 263 423
m 141 69 3 11.272727272727272 142.90909090909093 0.0065373875552232575
b 149 0 8 484
m 149 4 0 8 484
m 149 23 0 8 484
m 149 86 0 8 484
b 151 3 229 493
m 151 222 3 10.454545454545455 139.0 0.5
m 151 204 3 10.454545454545455 139.0 0.5
b 156 3 342 151
m 156 112 3 9.545454545454547 114.8181818181818 1.0
b 164 2 119 287
m 164 99 2 119 287
m 164 131 2 119 287
m 164 166 2 119 287
b 170 3 150 59
b 171 3 144 390
b 175 0 137 488
b 175 3 137 488
b 182 3 78 4
b 189 3 439 360
m 189 184 3 8.454545454545455 94.27272727272727 0.5
b 191 2 63 288
m 191 35 2 63 288
m 191 60 2 63 288
m 191 99 2 63 288
m 191 131 2 63 288
m 191 157 2 63 288
m 191 166 2 63 288
m 191 179 2 63 288
b 207 1 444 443
b 210 1 284 411
m 210 141 1 284 411
m 210 204 1 284 411
b 210 3 284 411
m 210 204 3 11.09090909090909 141.81818181818184 0.5
m 210 69 3 11.09090909090909 141.81818181818184 0.5
b 212 3 139 486
m 212 34 3 11.600000000000001 148.4 -1.0
b 219 3 414 478
m 219 119 3 9.363636363636363 107.0 0.8489841094861547
m 219 184 3 9.363636363636363 107.0 0.8489841094861547
m 219 140 3 9.363636363636363 107.0 0.8489841094861547
m 219 169 3 9.363636363636363 107.0 0.8489841094861547
m 219 178 3 9.363636363636363 107.0 0.8489841094861547
m 219 207 3 9.363636363636363 107.0 0.8489841094861547
m 219 61 3 9.363636363636363 107.0 0.8489841094861547
m 219 233 3 9.363636363636363 107.0 0.8489841094861547
m 219 234 3 9.363636363636363 107.0 0.8489841094861547
b 225 2 14 239
m 225 35 2 14 239
m 225 46 2 14 239
m 225 60 2 14 239
m 225 99 2 14 239
m 225 131 2 14 239
m 225 157 2 14 239
m 225 166 2 14 239
m 225 179 2 14 239
m 225 199 2 14 239
b 226 2 63 224
m 226 35 2 63 224
m 226 46 2 63 224
m 226 60 2 63 224
m 226 99 2 63 224
m 226 166 2 63 224
m 226 179 2 63 224
m 226 199 2 63 224
b 227 3 466 254
b 232 3 408 401
m 232 61 3 9.0 99.72727272727272 0.3900526296585493
m 232 119 3 9.0 99.72727272727272 0.3900526296585493
b 233 1 454 479
b 235 3 256 317
m 235 69 3 7.454545454545454 93.45454545454545 1.0
b 2 1 264 457
m 2 151 1 264 457
m 2 174 1 264 457
b 4 0 34 488
b 23 0 39 490
b 35 2 19 302
b 36 3 495 476
m 36 108 3 8.0 87.5 1.0
b 46 2 2 252
b 50 3 356 237
m 50 17 3 7.583333333333334 79.58333333333331 1.0
b 51 1 175 389
m 51 9 1 175 389
m 51 21 1 175 389
m 51 47 1 175 389
m 51 95 1 175 389
m 51 116 1 175 389
m 51 171 1 175 389
m 51 218 1 175 389
b 60 2 16 219
b 61 3 442 402
m 61 108 3 8.0 87.5 1.0
b 69 3 222 392
b 86 0 19 463
b 99 2 28 313
b 108 1 453 420
b 112 3 309 194
m 112 17 3 8.833333333333336 105.33333333333331 1.0
b 119 1 457 433
b 119 3 457 433
m 119 108 3 8.666666666666668 98.16666666666666 1.0
b 131 2 60 364
b 133 3 288 373
b 140 3 474 431
m 140 108 3 8.666666666666668 98.16666666666666 1.0
b 141 1 275 403
b 156 1 348 128
b 157 2 59 316
m 157 223 2 59 316
b 160 3 364 236
m 160 17 3 7.500000000000001 79.16666666666666 0.011111111111111072
b 166 2 66 280
b 169 3 314 425
m 169 13 3 8.916666666666668 99.41666666666666 0.25
b 178 3 409 481
b 179 2 52 221
b 184 3 419 359
b 199 2 14 147
b 204 1 290 429
m 204 151 1 290 429
b 204 3 290 429
m 204 2 3 10.166666666666666 128.83333333333337 0.008196721311475308
b 207 3 431 423
m 207 108 3 8.083333333333336 88.25 1.0
b 222 1 221 480
m 222 47 1 221 480
m 222 62 1 221 480
m 222 151 1 221 480
m 222 174 1 221 480
b 222 3 221 480
m 222 2 3 9.666666666666668 127.5 0.008620689655172264
b 233 3 454 455
m 233 108 3 8.666666666666668 98.16666666666666 1.0
b 234 3 346 498
b 2 3 247 440
m 2 118 3 9.461538461538462 119.00000000000004 0.008263361322137707
b 9 1 188 403
m 9 34 1 188 403
b 13 3 304 456
m 13 118 3 8.384615384615385 92.07692307692308 0.008270397215604686
b 17 3 301 241
b 21 1 193 381
b 47 1 195 430
m 47 175 1 195 430
m 47 237 1 195 430
b 62 1 226 490
b 95 1 207 457
m 95 34 1 207 457
b 108 3 453 396
b 116 1 240 380
b 151 1 277 491
b 171 1 128 345
m 171 7 1 128 345
m 171 136 1 128 345
b 174 1 193 448
m 174 34 1 193 448
b 218 1 122 398
m 218 34 1 122 398
b 223 2 47 358
m 223 75 2 47 358
b 7 1 132 366
m 7 212 1 132 366
b 75 2 47 416
m 75 68 2 47 416
m 75 102 2 47 416
m 75 149 2 47 416
m 75 163 2 47 416
m 75 186 2 47 416
b 118 3 277 449
b 136 1 118 334
b 175 1 209 487
b 237 1 173 443
m 237 34 1 173 443
b 68 2 37 407
m 68 4 2 37 407
m 68 23 2 37 407
m 68 57 2 37 407
m 68 86 2 37 407
m 68 101 2 37 407
m 68 212 2 37 407
b 102 2 54 407
m 102 212 2 54 407
b 149 2 19 397
b 163 2 6 430
b 186 2 35 487
m 186 4 2 35 487
m 186 86 2 35 487
b 212 1 103 396
b 4 2 21 451
b 23 2 132 466
m 23 222 2 132 466
b 57 2 164 465
m 57 34 2 164 465
b 86 2 79 483
b 101 2 78 424
m 101 222 2 78 424
b 212 2 94 374
m 212 51 2 94 374
m 212 69 2 94 374
m 212 218 2 94 374
b 51 2 105 292
b 69 2 102 392
m 69 2 2 102 392
m 69 133 2 102 392
m 69 174 2 102 392
b 218 2 93 307
b 222 2 107 441
b 2 2 161 357
b 133 2 145 393
m 133 13 2 145 393
m 133 118 2 145 393
m 133 237 2 145 393
b 174 2 140 340
m 174 7 2 140 340
m 174 47 2 140 340
m 174 92 2 140 340
m 174 169 2 140 340
m 174 237 2 140 340
b 7 2 196 264
b 13 2 169 407
b 47 2 210 287
m 47 21 2 210 287
b 92 2 147 307
b 118 2 182 376
b 169 2 173 334
b 237 2 173 323
b 21 2 227 216
m 21 82 2 227 216
m 21 232 2 227 216
b 82 2 205 194
m 82 124 2 205 194
m 82 135 2 205 194
b 232 2 232 237
