Key: 
t: node change direction (node id, x, y, new direction)
s: node start location (node id, x, y, start direction, buffer)
m: message transfer (sender id, target id, messageType, sender x, sender y
b: broadcast (node id, message type, x, y)
151 368 412 1
s 0 97 214 95 0
s 1 227 244 141 0
s 2 264 108 256 0
s 3 225 102 279 0
s 4 339 323 220 0
s 5 498 319 23 0
s 6 240 318 15 0
s 7 83 446 63 0
s 8 423 270 290 0
s 9 184 39 301 0
s 10 20 63 187 0
s 11 379 319 46 0
s 12 245 252 84 0
s 13 461 88 309 0
s 14 146 175 119 0
s 15 476 188 154 0
s 16 209 336 342 0
s 17 236 416 247 0
s 18 227 465 104 0
s 19 488 235 203 0
s 20 277 148 127 0
s 21 96 202 234 0
s 22 398 156 22 0
s 23 38 229 236 0
s 24 284 473 280 0
s 25 240 200 90 0
s 26 383 307 188 0
s 27 214 461 329 0
s 28 339 111 116 0
s 29 436 10 93 0
s 30 207 332 284 0
s 31 0 226 207 0
s 32 9 387 182 0
s 33 266 446 290 0
s 34 378 466 236 0
s 35 239 86 327 0
s 36 212 432 319 0
s 37 475 174 105 0
s 38 117 348 124 0
s 39 224 426 100 0
s 40 207 238 94 0
s 41 306 23 247 0
s 42 72 493 254 0
s 43 166 204 97 0
s 44 406 70 111 0
s 45 119 450 200 0
s 46 309 59 117 0
s 47 126 150 212 0
s 48 280 20 293 0
s 49 473 490 291 0
s 50 319 280 199 0
s 51 37 145 302 0
s 52 47 434 280 0
s 53 144 186 162 0
s 54 234 408 292 0
s 55 112 462 354 0
s 56 6 492 232 0
s 57 244 411 264 0
s 58 480 338 270 0
s 59 295 141 82 0
s 60 358 487 89 0
s 61 273 292 225 0
s 62 159 344 31 0
s 63 454 283 270 0
s 64 134 262 238 0
s 65 444 437 126 0
s 66 54 103 166 0
s 67 200 246 133 0
s 68 428 366 118 0
s 69 147 42 127 0
s 70 332 243 51 0
s 71 127 356 266 0
s 72 11 249 139 0
s 73 287 78 224 0
s 74 209 238 287 0
s 75 261 477 289 0
s 76 45 268 62 0
s 77 50 192 357 0
s 78 102 393 118 0
s 79 282 85 71 0
s 80 117 359 308 0
s 81 424 197 7 0
s 82 107 89 77 0
s 83 436 255 319 0
s 84 44 46 341 0
s 85 419 34 189 0
s 86 455 226 92 0
s 87 129 386 40 0
s 88 483 377 57 0
s 89 64 439 124 0
s 90 44 41 126 0
s 91 436 360 8 0
s 92 212 33 330 0
s 93 242 140 216 0
s 94 40 141 357 0
s 95 154 320 38 0
s 96 127 140 69 0
s 97 348 366 233 0
s 98 50 146 47 0
s 99 112 226 272 0
s 100 428 262 65 0
s 101 127 126 216 0
s 102 415 327 140 0
s 103 204 425 257 0
s 104 225 250 327 0
s 105 318 245 48 0
s 106 224 52 94 0
s 107 26 51 318 0
s 108 340 367 41 0
s 109 401 469 86 0
s 110 318 187 240 0
s 111 98 237 204 0
s 112 404 149 340 0
s 113 410 28 89 0
s 114 193 338 89 0
s 115 424 281 212 0
s 116 15 86 222 0
s 117 256 462 252 0
s 118 451 36 7 0
s 119 53 178 24 0
s 120 129 47 161 0
s 121 32 222 199 0
s 122 232 28 20 0
s 123 468 202 356 0
s 124 102 386 183 0
s 125 73 51 82 0
s 126 338 397 28 0
s 127 340 52 87 0
s 128 321 297 37 0
s 129 444 422 43 0
s 130 171 157 302 0
s 131 203 459 208 0
s 132 198 394 265 0
s 133 171 439 92 0
s 134 479 341 263 0
s 135 201 79 41 0
s 136 414 441 188 0
s 137 233 464 175 0
s 138 378 401 51 0
s 139 343 466 256 0
s 140 209 398 88 0
s 141 381 423 162 0
s 142 133 435 293 0
s 143 202 451 282 0
s 144 256 277 203 0
s 145 346 238 35 0
s 146 203 396 42 0
s 147 122 289 279 0
s 148 141 347 172 0
s 149 422 92 69 0
s 150 185 498 123 0
s 151 288 96 265 0
s 152 303 427 194 0
s 153 229 326 74 0
s 154 412 1 24 0
s 155 47 214 293 0
s 156 372 384 136 0
s 157 237 122 232 0
s 158 176 469 30 0
s 159 473 383 129 0
s 160 263 497 20 0
s 161 295 299 173 0
s 162 251 394 211 0
s 163 31 328 133 0
s 164 83 67 276 0
s 165 33 39 347 0
s 166 223 354 325 0
s 167 191 195 347 0
s 168 390 55 88 0
s 169 4 68 357 0
s 170 419 0 7 0
s 171 498 86 231 0
s 172 148 70 188 0
s 173 400 436 177 0
s 174 143 294 108 0
s 175 471 379 200 0
s 176 321 287 339 0
s 177 27 361 260 0
s 178 337 383 274 0
s 179 202 424 230 0
s 180 410 277 301 0
s 181 29 252 138 0
s 182 251 469 329 0
s 183 227 212 307 0
s 184 443 290 243 0
s 185 48 2 356 0
s 186 246 357 179 0
s 187 91 153 323 0
s 188 408 311 278 0
s 189 151 368 32 0
s 190 411 141 162 0
s 191 70 168 308 0
s 192 385 115 324 0
s 193 402 289 118 0
s 194 271 202 310 0
s 195 203 448 343 0
s 196 213 141 276 0
s 197 448 377 61 0
s 198 61 287 4 0
s 199 184 381 45 0
s 200 405 276 13 0
s 201 362 395 107 0
s 202 221 485 248 0
s 203 185 407 156 0
s 204 189 79 179 0
s 205 334 17 339 0
s 206 19 394 165 0
s 207 426 309 336 0
s 208 11 77 3 0
s 209 27 367 68 0
s 210 36 121 24 0
s 211 171 248 107 0
s 212 109 60 251 0
s 213 88 385 258 0
s 214 65 100 42 0
s 215 433 272 326 0
s 216 324 236 299 0
s 217 375 366 197 0
s 218 389 420 131 0
s 219 351 365 134 0
s 220 164 257 224 0
s 221 498 170 244 0
s 222 351 499 64 0
s 223 161 115 9 0
s 224 290 399 140 0
s 225 170 484 37 0
s 226 86 24 167 0
s 227 227 72 214 0
s 228 60 175 223 0
s 229 242 275 179 0
s 230 367 70 358 0
s 231 371 393 201 0
s 232 480 270 194 0
s 233 50 41 119 0
s 234 52 209 112 0
s 235 137 0 189 0
s 236 494 32 63 0
s 237 412 313 344 0
s 238 291 277 88 0
s 239 252 116 193 0
b 189 0 162 374
m 189 16 0 162 374
m 189 30 0 162 374
m 189 38 0 162 374
m 189 62 0 162 374
m 189 71 0 162 374
m 189 78 0 162 374
m 189 80 0 162 374
m 189 87 0 162 374
m 189 95 0 162 374
m 189 103 0 162 374
m 189 114 0 162 374
m 189 124 0 162 374
m 189 132 0 162 374
m 189 133 0 162 374
m 189 140 0 162 374
m 189 142 0 162 374
m 189 146 0 162 374
m 189 148 0 162 374
m 189 166 0 162 374
m 189 174 0 162 374
m 189 179 0 162 374
m 189 199 0 162 374
m 189 203 0 162 374
m 189 213 0 162 374
b 189 1 162 374
m 189 16 1 162 374
m 189 30 1 162 374
m 189 38 1 162 374
m 189 62 1 162 374
m 189 71 1 162 374
m 189 78 1 162 374
m 189 80 1 162 374
m 189 87 1 162 374
m 189 95 1 162 374
m 189 103 1 162 374
m 189 114 1 162 374
m 189 124 1 162 374
m 189 132 1 162 374
m 189 133 1 162 374
m 189 140 1 162 374
m 189 142 1 162 374
m 189 146 1 162 374
m 189 148 1 162 374
m 189 166 1 162 374
m 189 174 1 162 374
m 189 179 1 162 374
m 189 199 1 162 374
m 189 203 1 162 374
m 189 213 1 162 374
b 189 2 162 374
m 189 16 2 162 374
m 189 30 2 162 374
m 189 38 2 162 374
m 189 62 2 162 374
m 189 71 2 162 374
m 189 78 2 162 374
m 189 80 2 162 374
m 189 87 2 162 374
m 189 95 2 162 374
m 189 103 2 162 374
m 189 114 2 162 374
m 189 124 2 162 374
m 189 132 2 162 374
m 189 133 2 162 374
m 189 140 2 162 374
m 189 142 2 162 374
m 189 146 2 162 374
m 189 148 2 162 374
m 189 166 2 162 374
m 189 174 2 162 374
m 189 179 2 162 374
m 189 199 2 162 374
m 189 203 2 162 374
m 189 213 2 162 374
b 189 3 162 374
m 189 16 3 24.0 576.0 1.0
m 189 30 3 24.0 576.0 1.0
m 189 38 3 24.0 576.0 1.0
m 189 62 3 24.0 576.0 1.0
m 189 71 3 24.0 576.0 1.0
m 189 78 3 24.0 576.0 1.0
m 189 80 3 24.0 576.0 1.0
m 189 87 3 24.0 576.0 1.0
m 189 95 3 24.0 576.0 1.0
m 189 103 3 24.0 576.0 1.0
m 189 114 3 24.0 576.0 1.0
m 189 124 3 24.0 576.0 1.0
m 189 132 3 24.0 576.0 1.0
m 189 133 3 24.0 576.0 1.0
m 189 140 3 24.0 576.0 1.0
m 189 142 3 24.0 576.0 1.0
m 189 146 3 24.0 576.0 1.0
m 189 148 3 24.0 576.0 1.0
m 189 166 3 24.0 576.0 1.0
m 189 174 3 24.0 576.0 1.0
m 189 179 3 24.0 576.0 1.0
m 189 199 3 24.0 576.0 1.0
m 189 203 3 24.0 576.0 1.0
m 189 213 3 24.0 576.0 1.0
b 16 0 233 328
m 16 6 0 233 328
m 16 12 0 233 328
m 16 54 0 233 328
m 16 57 0 233 328
m 16 144 0 233 328
m 16 153 0 233 328
m 16 161 0 233 328
m 16 162 0 233 328
m 16 186 0 233 328
m 16 229 0 233 328
b 16 1 233 328
m 16 6 1 233 328
m 16 12 1 233 328
m 16 54 1 233 328
m 16 57 1 233 328
m 16 144 1 233 328
m 16 153 1 233 328
m 16 161 1 233 328
m 16 162 1 233 328
m 16 186 1 233 328
m 16 229 1 233 328
b 16 2 233 328
b 16 3 233 328
m 16 57 3 19.333333333333332 417.3333333333333 0.1
m 16 54 3 19.333333333333332 417.3333333333333 0.1
b 30 0 213 307
m 30 1 0 213 307
m 30 6 0 213 307
m 30 12 0 213 307
m 30 67 0 213 307
m 30 144 0 213 307
m 30 153 0 213 307
m 30 161 0 213 307
m 30 162 0 213 307
m 30 186 0 213 307
m 30 211 0 213 307
m 30 229 0 213 307
b 30 1 213 307
m 30 1 1 213 307
m 30 6 1 213 307
m 30 12 1 213 307
m 30 67 1 213 307
m 30 144 1 213 307
m 30 153 1 213 307
m 30 161 1 213 307
m 30 162 1 213 307
m 30 186 1 213 307
m 30 211 1 213 307
m 30 229 1 213 307
b 30 2 213 307
m 30 1 2 213 307
m 30 6 2 213 307
m 30 12 2 213 307
m 30 67 2 213 307
m 30 144 2 213 307
m 30 153 2 213 307
m 30 161 2 213 307
m 30 162 2 213 307
m 30 186 2 213 307
m 30 211 2 213 307
m 30 229 2 213 307
b 30 3 213 307
m 30 161 3 19.666666666666668 424.3333333333333 0.048100757017485396
b 38 0 103 368
b 38 1 103 368
b 38 2 103 368
b 38 3 103 368
b 62 0 180 357
m 62 153 0 180 357
m 62 186 0 180 357
b 62 1 180 357
m 62 153 1 180 357
m 62 186 1 180 357
b 62 2 180 357
m 62 153 2 180 357
m 62 186 2 180 357
b 62 3 180 357
m 62 186 3 16.666666666666668 385.3333333333333 0.5
m 62 153 3 16.666666666666668 385.3333333333333 0.5
b 71 0 126 331
m 71 147 0 126 331
b 71 1 126 331
m 71 147 1 126 331
b 71 2 126 331
m 71 147 2 126 331
b 71 3 126 331
m 71 147 3 16.333333333333332 384.3333333333333 1.0
b 78 0 91 415
m 78 7 0 91 415
m 78 45 0 91 415
m 78 52 0 91 415
m 78 89 0 91 415
m 78 209 0 91 415
b 78 1 91 415
b 78 2 91 415
m 78 7 2 91 415
m 78 45 2 91 415
m 78 52 2 91 415
m 78 89 2 91 415
m 78 209 2 91 415
b 78 3 91 415
m 78 209 3 17.666666666666668 392.3333333333333 0.2
m 78 45 3 17.666666666666668 392.3333333333333 0.2
b 80 0 132 339
m 80 147 0 132 339
b 80 1 132 339
m 80 147 1 132 339
b 80 2 132 339
m 80 147 2 132 339
b 80 3 132 339
m 80 147 3 16.333333333333332 384.3333333333333 1.0
b 87 0 148 402
m 87 45 0 148 402
m 87 55 0 148 402
b 87 1 148 402
m 87 45 1 148 402
m 87 55 1 148 402
b 87 2 148 402
b 87 3 148 402
m 87 55 3 16.666666666666668 385.3333333333333 0.5
m 87 45 3 16.666666666666668 385.3333333333333 0.5
b 95 0 173 335
m 95 153 0 173 335
m 95 186 0 173 335
m 95 211 0 173 335
b 95 1 173 335
m 95 153 1 173 335
m 95 186 1 173 335
m 95 211 1 173 335
b 95 2 173 335
b 95 3 173 335
m 95 186 3 17.0 387.0 0.3333333333333333
b 103 0 198 400
m 103 17 0 198 400
m 103 18 0 198 400
m 103 27 0 198 400
m 103 36 0 198 400
m 103 39 0 198 400
m 103 54 0 198 400
m 103 57 0 198 400
m 103 117 0 198 400
m 103 131 0 198 400
m 103 137 0 198 400
m 103 143 0 198 400
m 103 158 0 198 400
m 103 162 0 198 400
m 103 186 0 198 400
m 103 195 0 198 400
m 103 202 0 198 400
b 103 1 198 400
m 103 17 1 198 400
m 103 18 1 198 400
m 103 27 1 198 400
m 103 36 1 198 400
m 103 39 1 198 400
m 103 54 1 198 400
m 103 57 1 198 400
m 103 117 1 198 400
m 103 131 1 198 400
m 103 137 1 198 400
m 103 143 1 198 400
m 103 158 1 198 400
m 103 162 1 198 400
m 103 186 1 198 400
m 103 195 1 198 400
m 103 202 1 198 400
b 103 2 198 400
b 103 3 198 400
m 103 18 3 21.333333333333332 469.3333333333333 0.6304347826086958
m 103 158 3 21.333333333333332 469.3333333333333 0.6304347826086958
m 103 137 3 21.333333333333332 469.3333333333333 0.6304347826086958
m 103 202 3 21.333333333333332 469.3333333333333 0.6304347826086958
m 103 117 3 21.333333333333332 469.3333333333333 0.6304347826086958
m 103 27 3 21.333333333333332 469.3333333333333 0.6304347826086958
m 103 39 3 21.333333333333332 469.3333333333333 0.6304347826086958
m 103 131 3 21.333333333333332 469.3333333333333 0.6304347826086958
m 103 195 3 21.333333333333332 469.3333333333333 0.6304347826086958
m 103 186 3 21.333333333333332 469.3333333333333 0.6304347826086958
m 103 54 3 21.333333333333332 469.3333333333333 0.6304347826086958
b 114 0 193 363
m 114 6 0 193 363
m 114 17 0 193 363
m 114 54 0 193 363
m 114 57 0 193 363
m 114 153 0 193 363
m 114 162 0 193 363
m 114 186 0 193 363
b 114 1 193 363
m 114 6 1 193 363
m 114 17 1 193 363
m 114 54 1 193 363
m 114 57 1 193 363
m 114 153 1 193 363
m 114 162 1 193 363
m 114 186 1 193 363
b 114 2 193 363
m 114 6 2 193 363
m 114 17 2 193 363
m 114 54 2 193 363
m 114 57 2 193 363
m 114 153 2 193 363
m 114 162 2 193 363
m 114 186 2 193 363
b 114 3 193 363
m 114 54 3 18.333333333333332 400.3333333333333 0.14285714285714285
b 124 0 77 385
m 124 7 0 77 385
m 124 45 0 77 385
m 124 52 0 77 385
m 124 89 0 77 385
m 124 209 0 77 385
b 124 1 77 385
b 124 2 77 385
b 124 3 77 385
m 124 89 3 17.666666666666668 392.3333333333333 0.2
m 124 52 3 17.666666666666668 392.3333333333333 0.2
b 132 0 196 369
m 132 17 0 196 369
m 132 36 0 196 369
m 132 39 0 196 369
m 132 54 0 196 369
m 132 57 0 196 369
m 132 131 0 196 369
m 132 143 0 196 369
m 132 153 0 196 369
m 132 162 0 196 369
m 132 186 0 196 369
m 132 195 0 196 369
b 132 1 196 369
m 132 17 1 196 369
m 132 36 1 196 369
m 132 39 1 196 369
m 132 54 1 196 369
m 132 57 1 196 369
m 132 131 1 196 369
m 132 143 1 196 369
m 132 153 1 196 369
m 132 162 1 196 369
m 132 186 1 196 369
m 132 195 1 196 369
b 132 2 196 369
b 132 3 196 369
m 132 131 3 19.666666666666668 424.3333333333333 0.048100757017485396
b 133 0 170 464
m 133 18 0 170 464
m 133 27 0 170 464
m 133 36 0 170 464
m 133 39 0 170 464
m 133 45 0 170 464
m 133 55 0 170 464
m 133 131 0 170 464
m 133 137 0 170 464
m 133 143 0 170 464
m 133 150 0 170 464
m 133 158 0 170 464
m 133 195 0 170 464
m 133 202 0 170 464
m 133 225 0 170 464
b 133 1 170 464
m 133 18 1 170 464
m 133 27 1 170 464
m 133 36 1 170 464
m 133 39 1 170 464
m 133 45 1 170 464
m 133 55 1 170 464
m 133 131 1 170 464
m 133 137 1 170 464
m 133 143 1 170 464
m 133 150 1 170 464
m 133 158 1 170 464
m 133 195 1 170 464
m 133 202 1 170 464
m 133 225 1 170 464
b 133 2 170 464
b 133 3 170 464
m 133 55 3 20.666666666666668 449.3333333333333 0.4540172310158288
m 133 45 3 20.666666666666668 449.3333333333333 0.4540172310158288
m 133 131 3 20.666666666666668 449.3333333333333 0.4540172310158288
m 133 36 3 20.666666666666668 449.3333333333333 0.4540172310158288
m 133 137 3 20.666666666666668 449.3333333333333 0.4540172310158288
m 133 27 3 20.666666666666668 449.3333333333333 0.4540172310158288
m 133 143 3 20.666666666666668 449.3333333333333 0.4540172310158288
b 140 0 210 423
m 140 17 0 210 423
m 140 18 0 210 423
m 140 27 0 210 423
m 140 33 0 210 423
m 140 36 0 210 423
m 140 39 0 210 423
m 140 54 0 210 423
m 140 57 0 210 423
m 140 117 0 210 423
m 140 131 0 210 423
m 140 137 0 210 423
m 140 143 0 210 423
m 140 158 0 210 423
m 140 162 0 210 423
m 140 182 0 210 423
m 140 186 0 210 423
m 140 195 0 210 423
m 140 202 0 210 423
m 140 224 0 210 423
b 140 1 210 423
m 140 17 1 210 423
m 140 18 1 210 423
m 140 27 1 210 423
m 140 33 1 210 423
m 140 36 1 210 423
m 140 39 1 210 423
m 140 54 1 210 423
m 140 57 1 210 423
m 140 117 1 210 423
m 140 131 1 210 423
m 140 137 1 210 423
m 140 143 1 210 423
m 140 158 1 210 423
m 140 162 1 210 423
m 140 182 1 210 423
m 140 186 1 210 423
m 140 195 1 210 423
m 140 202 1 210 423
m 140 224 1 210 423
b 140 2 210 423
m 140 17 2 210 423
m 140 18 2 210 423
m 140 27 2 210 423
m 140 33 2 210 423
m 140 36 2 210 423
m 140 39 2 210 423
m 140 54 2 210 423
m 140 57 2 210 423
m 140 117 2 210 423
m 140 131 2 210 423
m 140 137 2 210 423
m 140 143 2 210 423
m 140 158 2 210 423
m 140 162 2 210 423
m 140 182 2 210 423
m 140 186 2 210 423
m 140 195 2 210 423
m 140 202 2 210 423
m 140 224 2 210 423
b 140 3 210 423
m 140 33 3 22.333333333333332 504.3333333333333 0.8147136172683493
m 140 224 3 22.333333333333332 504.3333333333333 0.8147136172683493
m 140 158 3 22.333333333333332 504.3333333333333 0.8147136172683493
m 140 54 3 22.333333333333332 504.3333333333333 0.8147136172683493
m 140 57 3 22.333333333333332 504.3333333333333 0.8147136172683493
m 140 162 3 22.333333333333332 504.3333333333333 0.8147136172683493
m 140 137 3 22.333333333333332 504.3333333333333 0.8147136172683493
m 140 117 3 22.333333333333332 504.3333333333333 0.8147136172683493
m 140 202 3 22.333333333333332 504.3333333333333 0.8147136172683493
m 140 131 3 22.333333333333332 504.3333333333333 0.8147136172683493
m 140 27 3 22.333333333333332 504.3333333333333 0.8147136172683493
m 140 36 3 22.333333333333332 504.3333333333333 0.8147136172683493
m 140 17 3 22.333333333333332 504.3333333333333 0.8147136172683493
m 140 39 3 22.333333333333332 504.3333333333333 0.8147136172683493
m 140 182 3 22.333333333333332 504.3333333333333 0.8147136172683493
m 140 143 3 22.333333333333332 504.3333333333333 0.8147136172683493
b 142 0 143 412
m 142 7 0 143 412
m 142 45 0 143 412
m 142 55 0 143 412
b 142 1 143 412
m 142 7 1 143 412
m 142 45 1 143 412
m 142 55 1 143 412
b 142 2 143 412
m 142 7 2 143 412
m 142 45 2 143 412
m 142 55 2 143 412
b 142 3 143 412
m 142 7 3 17.0 387.0 0.3333333333333333
b 146 0 222 413
m 146 17 0 222 413
m 146 27 0 222 413
m 146 36 0 222 413
m 146 39 0 222 413
m 146 54 0 222 413
m 146 57 0 222 413
m 146 131 0 222 413
m 146 137 0 222 413
m 146 143 0 222 413
m 146 153 0 222 413
m 146 158 0 222 413
m 146 162 0 222 413
m 146 186 0 222 413
m 146 195 0 222 413
m 146 224 0 222 413
b 146 1 222 413
m 146 17 1 222 413
m 146 27 1 222 413
m 146 36 1 222 413
m 146 39 1 222 413
m 146 54 1 222 413
m 146 57 1 222 413
m 146 131 1 222 413
m 146 137 1 222 413
m 146 143 1 222 413
m 146 153 1 222 413
m 146 158 1 222 413
m 146 162 1 222 413
m 146 186 1 222 413
m 146 195 1 222 413
m 146 224 1 222 413
b 146 2 222 413
m 146 17 2 222 413
m 146 27 2 222 413
m 146 36 2 222 413
m 146 39 2 222 413
m 146 54 2 222 413
m 146 57 2 222 413
m 146 131 2 222 413
m 146 137 2 222 413
m 146 143 2 222 413
m 146 153 2 222 413
m 146 158 2 222 413
m 146 162 2 222 413
m 146 186 2 222 413
m 146 195 2 222 413
m 146 224 2 222 413
b 146 3 222 413
m 146 158 3 21.0 459.0 0.5490683229813662
m 146 153 3 21.0 459.0 0.5490683229813662
m 146 186 3 21.0 459.0 0.5490683229813662
m 146 137 3 21.0 459.0 0.5490683229813662
m 146 131 3 21.0 459.0 0.5490683229813662
m 146 224 3 21.0 459.0 0.5490683229813662
m 146 39 3 21.0 459.0 0.5490683229813662
m 146 27 3 21.0 459.0 0.5490683229813662
m 146 54 3 21.0 459.0 0.5490683229813662
b 148 0 116 350
m 148 147 0 116 350
b 148 1 116 350
b 148 2 116 350
b 148 3 116 350
m 148 147 3 16.333333333333332 384.3333333333333 1.0
b 166 0 244 339
m 166 6 0 244 339
m 166 54 0 244 339
m 166 57 0 244 339
m 166 61 0 244 339
m 166 144 0 244 339
m 166 153 0 244 339
m 166 161 0 244 339
m 166 162 0 244 339
m 166 186 0 244 339
m 166 229 0 244 339
b 166 1 244 339
m 166 6 1 244 339
m 166 54 1 244 339
m 166 57 1 244 339
m 166 61 1 244 339
m 166 144 1 244 339
m 166 153 1 244 339
m 166 161 1 244 339
m 166 162 1 244 339
m 166 186 1 244 339
m 166 229 1 244 339
b 166 2 244 339
m 166 6 2 244 339
m 166 54 2 244 339
m 166 57 2 244 339
m 166 61 2 244 339
m 166 144 2 244 339
m 166 153 2 244 339
m 166 161 2 244 339
m 166 162 2 244 339
m 166 186 2 244 339
m 166 229 2 244 339
b 166 3 244 339
m 166 144 3 19.333333333333332 417.3333333333333 0.1
m 166 229 3 19.333333333333332 417.3333333333333 0.1
b 174 0 136 318
m 174 67 0 136 318
m 174 147 0 136 318
m 174 211 0 136 318
b 174 1 136 318
b 174 2 136 318
b 174 3 136 318
m 174 67 3 17.0 387.0 0.3333333333333333
b 179 0 186 405
m 179 17 0 186 405
m 179 18 0 186 405
m 179 27 0 186 405
m 179 36 0 186 405
m 179 39 0 186 405
m 179 54 0 186 405
m 179 57 0 186 405
m 179 131 0 186 405
m 179 137 0 186 405
m 179 143 0 186 405
m 179 150 0 186 405
m 179 158 0 186 405
m 179 162 0 186 405
m 179 186 0 186 405
m 179 195 0 186 405
m 179 202 0 186 405
b 179 1 186 405
b 179 2 186 405
m 179 17 2 186 405
m 179 18 2 186 405
m 179 27 2 186 405
m 179 36 2 186 405
m 179 39 2 186 405
m 179 54 2 186 405
m 179 57 2 186 405
m 179 131 2 186 405
m 179 137 2 186 405
m 179 143 2 186 405
m 179 150 2 186 405
m 179 158 2 186 405
m 179 162 2 186 405
m 179 186 2 186 405
m 179 195 2 186 405
m 179 202 2 186 405
b 179 3 186 405
m 179 18 3 21.333333333333332 469.3333333333333 0.6304347826086958
m 179 158 3 21.333333333333332 469.3333333333333 0.6304347826086958
m 179 150 3 21.333333333333332 469.3333333333333 0.6304347826086958
m 179 137 3 21.333333333333332 469.3333333333333 0.6304347826086958
m 179 27 3 21.333333333333332 469.3333333333333 0.6304347826086958
m 179 202 3 21.333333333333332 469.3333333333333 0.6304347826086958
m 179 54 3 21.333333333333332 469.3333333333333 0.6304347826086958
m 179 186 3 21.333333333333332 469.3333333333333 0.6304347826086958
m 179 57 3 21.333333333333332 469.3333333333333 0.6304347826086958
m 179 39 3 21.333333333333332 469.3333333333333 0.6304347826086958
m 179 195 3 21.333333333333332 469.3333333333333 0.6304347826086958
b 199 0 202 398
m 199 17 0 202 398
m 199 27 0 202 398
m 199 36 0 202 398
m 199 39 0 202 398
m 199 54 0 202 398
m 199 57 0 202 398
m 199 131 0 202 398
m 199 143 0 202 398
m 199 162 0 202 398
m 199 186 0 202 398
m 199 195 0 202 398
b 199 1 202 398
m 199 17 1 202 398
m 199 27 1 202 398
m 199 36 1 202 398
m 199 39 1 202 398
m 199 54 1 202 398
m 199 57 1 202 398
m 199 131 1 202 398
m 199 143 1 202 398
m 199 162 1 202 398
m 199 186 1 202 398
m 199 195 1 202 398
b 199 2 202 398
m 199 17 2 202 398
m 199 27 2 202 398
m 199 36 2 202 398
m 199 39 2 202 398
m 199 54 2 202 398
m 199 57 2 202 398
m 199 131 2 202 398
m 199 143 2 202 398
m 199 162 2 202 398
m 199 186 2 202 398
m 199 195 2 202 398
b 199 3 202 398
m 199 17 3 19.666666666666668 424.3333333333333 0.048100757017485396
b 203 0 163 418
m 203 17 0 163 418
m 203 27 0 163 418
m 203 36 0 163 418
m 203 39 0 163 418
m 203 45 0 163 418
m 203 54 0 163 418
m 203 131 0 163 418
m 203 137 0 163 418
m 203 143 0 163 418
m 203 158 0 163 418
m 203 162 0 163 418
m 203 195 0 163 418
b 203 1 163 418
m 203 17 1 163 418
m 203 27 1 163 418
m 203 36 1 163 418
m 203 39 1 163 418
m 203 45 1 163 418
m 203 54 1 163 418
m 203 131 1 163 418
m 203 137 1 163 418
m 203 143 1 163 418
m 203 158 1 163 418
m 203 162 1 163 418
m 203 195 1 163 418
b 203 2 163 418
b 203 3 163 418
m 203 158 3 20.0 432.0 0.20869565217391295
m 203 45 3 20.0 432.0 0.20869565217391295
m 203 195 3 20.0 432.0 0.20869565217391295
b 213 0 83 361
m 213 52 0 83 361
m 213 163 0 83 361
m 213 209 0 83 361
b 213 1 83 361
m 213 52 1 83 361
m 213 163 1 83 361
m 213 209 1 83 361
b 213 2 83 361
m 213 52 2 83 361
m 213 163 2 83 361
m 213 209 2 83 361
b 213 3 83 361
m 213 163 3 17.0 387.0 0.3333333333333333
b 1 0 198 268
m 1 25 0 198 268
m 1 40 0 198 268
m 1 43 0 198 268
m 1 74 0 198 268
m 1 104 0 198 268
m 1 167 0 198 268
m 1 220 0 198 268
b 1 1 198 268
m 1 25 1 198 268
m 1 40 1 198 268
m 1 43 1 198 268
m 1 74 1 198 268
m 1 104 1 198 268
m 1 167 1 198 268
m 1 220 1 198 268
b 1 2 198 268
b 6 0 276 328
m 6 238 0 276 328
b 6 1 276 328
m 6 238 1 276 328
b 6 2 276 328
m 6 238 2 276 328
b 7 0 99 479
m 7 42 0 99 479
b 7 1 99 479
m 7 42 1 99 479
m 7 89 1 99 479
b 7 2 99 479
b 7 3 99 479
m 7 42 3 13.0 290.5 1.0
b 12 0 248 289
m 12 25 0 248 289
m 12 40 0 248 289
m 12 50 0 248 289
m 12 104 0 248 289
m 12 238 0 248 289
b 12 1 248 289
b 12 2 248 289
m 12 25 2 248 289
m 12 40 2 248 289
m 12 50 2 248 289
m 12 104 2 248 289
m 12 238 2 248 289
b 17 0 221 382
m 17 152 0 221 382
b 17 1 221 382
m 17 152 1 221 382
b 17 2 221 382
b 17 3 221 382
m 17 152 3 17.0 378.5 1.0
b 18 0 219 496
m 18 160 0 219 496
b 18 1 219 496
b 18 2 219 496
b 18 3 219 496
m 18 225 3 16.5 353.0 0.5
m 18 160 3 16.5 353.0 0.5
b 27 0 246 441
m 27 24 0 246 441
m 27 75 0 246 441
m 27 152 0 246 441
m 27 160 0 246 441
b 27 1 246 441
b 27 2 246 441
b 27 3 246 441
m 27 75 3 17.25 358.25 0.2
m 27 24 3 17.25 358.25 0.2
b 33 0 279 411
m 33 24 0 279 411
m 33 75 0 279 411
m 33 139 0 279 411
m 33 152 0 279 411
m 33 160 0 279 411
m 33 219 0 279 411
b 33 1 279 411
m 33 24 1 279 411
m 33 75 1 279 411
m 33 139 1 279 411
m 33 152 1 279 411
m 33 160 1 279 411
m 33 219 1 279 411
b 33 2 279 411
b 33 3 279 411
m 33 160 3 18.25 387.25 0.16666666666666666
m 33 139 3 18.25 387.25 0.16666666666666666
b 36 0 240 407
m 36 24 0 240 407
m 36 75 0 240 407
m 36 152 0 240 407
b 36 1 240 407
m 36 24 1 240 407
m 36 75 1 240 407
m 36 152 1 240 407
b 36 2 240 407
m 36 24 2 240 407
m 36 75 2 240 407
m 36 152 2 240 407
b 36 3 240 407
m 36 24 3 16.25 339.25 0.3333333333333333
b 39 0 218 462
m 39 24 0 218 462
m 39 75 0 218 462
m 39 152 0 218 462
m 39 160 0 218 462
b 39 1 218 462
m 39 24 1 218 462
m 39 75 1 218 462
m 39 152 1 218 462
m 39 160 1 218 462
b 39 2 218 462
b 39 3 218 462
m 39 152 3 17.25 358.25 0.2
m 39 160 3 17.25 358.25 0.2
b 45 0 84 437
m 45 42 0 84 437
b 45 1 84 437
m 45 42 1 84 437
m 45 89 1 84 437
b 45 2 84 437
m 45 42 2 84 437
b 45 3 84 437
m 45 42 3 13.5 294.5 1.0
b 52 0 53 397
m 52 32 0 53 397
m 52 42 0 53 397
m 52 206 0 53 397
b 52 1 53 397
m 52 32 1 53 397
m 52 42 1 53 397
m 52 89 1 53 397
m 52 206 1 53 397
b 52 2 53 397
b 52 3 53 397
m 52 42 3 14.0 296.5 0.08283977291984407
b 54 0 248 374
m 54 152 0 248 374
b 54 1 248 374
m 54 152 1 248 374
b 54 2 248 374
m 54 152 2 248 374
b 54 3 248 374
m 54 152 3 15.0 314.0 0.5
m 54 6 3 15.0 314.0 0.5
b 55 0 148 458
b 55 1 148 458
b 55 2 148 458
b 55 3 148 458
b 57 0 241 374
m 57 75 0 241 374
m 57 152 0 241 374
b 57 1 241 374
m 57 75 1 241 374
m 57 152 1 241 374
b 57 2 241 374
m 57 75 2 241 374
m 57 152 2 241 374
b 57 3 241 374
m 57 75 3 15.25 315.25 0.3333333333333333
b 61 0 247 266
m 61 25 0 247 266
m 61 40 0 247 266
m 61 50 0 247 266
m 61 104 0 247 266
m 61 238 0 247 266
b 61 1 247 266
m 61 25 1 247 266
m 61 40 1 247 266
m 61 50 1 247 266
m 61 104 1 247 266
m 61 238 1 247 266
b 61 2 247 266
b 67 0 175 273
m 67 25 0 175 273
m 67 40 0 175 273
m 67 43 0 175 273
m 67 64 0 175 273
m 67 220 0 175 273
b 67 1 175 273
m 67 25 1 175 273
m 67 40 1 175 273
m 67 43 1 175 273
m 67 64 1 175 273
m 67 220 1 175 273
b 67 2 175 273
m 67 25 2 175 273
m 67 40 2 175 273
m 67 43 2 175 273
m 67 64 2 175 273
m 67 220 2 175 273
b 67 3 175 273
m 67 12 3 15.0 310.5 0.5660960960960961
m 67 25 3 15.0 310.5 0.5660960960960961
m 67 64 3 15.0 310.5 0.5660960960960961
m 67 61 3 15.0 310.5 0.5660960960960961
m 67 220 3 15.0 310.5 0.5660960960960961
m 67 43 3 15.0 310.5 0.5660960960960961
b 89 0 43 469
m 89 32 0 43 469
m 89 42 0 43 469
m 89 56 0 43 469
m 89 206 0 43 469
b 89 2 43 469
m 89 32 2 43 469
m 89 42 2 43 469
m 89 56 2 43 469
m 89 206 2 43 469
b 89 3 43 469
m 89 42 3 14.25 298.25 0.16506212149591054
b 117 0 245 426
m 117 24 0 245 426
m 117 75 0 245 426
m 117 152 0 245 426
m 117 160 0 245 426
b 117 1 245 426
m 117 24 1 245 426
m 117 75 1 245 426
m 117 152 1 245 426
m 117 160 1 245 426
b 117 2 245 426
m 117 24 2 245 426
m 117 75 2 245 426
m 117 152 2 245 426
m 117 160 2 245 426
b 117 3 245 426
m 117 24 3 17.0 356.0 0.25
m 117 160 3 17.0 356.0 0.25
b 131 0 171 442
b 131 1 171 442
b 131 2 171 442
m 131 225 2 171 442
b 131 3 171 442
m 131 225 3 16.25 352.25 1.0
b 137 0 197 468
m 137 75 0 197 468
m 137 160 0 197 468
b 137 1 197 468
m 137 75 1 197 468
m 137 160 1 197 468
b 137 2 197 468
m 137 75 2 197 468
m 137 160 2 197 468
m 137 225 2 197 468
b 137 3 197 468
m 137 75 3 16.75 354.25 0.3333333333333333
b 143 0 210 415
m 143 75 0 210 415
m 143 152 0 210 415
b 143 1 210 415
m 143 75 1 210 415
m 143 152 1 210 415
b 143 2 210 415
m 143 75 2 210 415
m 143 152 2 210 415
b 143 3 210 415
m 143 152 3 16.0 338.0 0.5
m 143 75 3 16.0 338.0 0.5
b 144 0 222 262
m 144 25 0 222 262
m 144 40 0 222 262
m 144 50 0 222 262
m 144 104 0 222 262
b 144 1 222 262
m 144 25 1 222 262
m 144 40 1 222 262
m 144 50 1 222 262
m 144 104 1 222 262
b 144 2 222 262
m 144 25 2 222 262
m 144 40 2 222 262
m 144 50 2 222 262
m 144 104 2 222 262
b 144 3 222 262
m 144 6 3 16.75 333.25 0.09801411701959216
b 147 0 127 253
m 147 0 0 127 253
m 147 43 0 127 253
m 147 64 0 127 253
m 147 76 0 127 253
m 147 99 0 127 253
m 147 111 0 127 253
m 147 198 0 127 253
m 147 220 0 127 253
b 147 1 127 253
m 147 0 1 127 253
m 147 43 1 127 253
m 147 64 1 127 253
m 147 76 1 127 253
m 147 99 1 127 253
m 147 111 1 127 253
m 147 198 1 127 253
m 147 220 1 127 253
b 147 2 127 253
m 147 0 2 127 253
m 147 43 2 127 253
m 147 64 2 127 253
m 147 76 2 127 253
m 147 99 2 127 253
m 147 111 2 127 253
m 147 198 2 127 253
m 147 220 2 127 253
b 147 3 127 253
m 147 0 3 14.5 308.5 1.0
m 147 43 3 14.5 308.5 1.0
m 147 64 3 14.5 308.5 1.0
m 147 76 3 14.5 308.5 1.0
m 147 99 3 14.5 308.5 1.0
m 147 111 3 14.5 308.5 1.0
m 147 198 3 14.5 308.5 1.0
m 147 211 3 14.5 308.5 1.0
m 147 220 3 14.5 308.5 1.0
b 150 0 206 469
m 150 160 0 206 469
b 150 1 206 469
m 150 160 1 206 469
b 150 2 206 469
m 150 160 2 206 469
m 150 225 2 206 469
b 150 3 206 469
m 150 225 3 16.5 353.0 0.5
m 150 160 3 16.5 353.0 0.5
b 153 0 239 362
m 153 238 0 239 362
b 153 1 239 362
m 153 238 1 239 362
b 153 2 239 362
m 153 238 2 239 362
b 153 3 239 362
m 153 6 3 13.25 291.25 0.6838286305685398
m 153 12 3 13.25 291.25 0.6838286305685398
m 153 238 3 13.25 291.25 0.6838286305685398
b 158 0 208 487
m 158 160 0 208 487
b 158 1 208 487
b 158 2 208 487
m 158 160 2 208 487
m 158 225 2 208 487
b 158 3 208 487
m 158 225 3 16.5 353.0 0.5
m 158 160 3 16.5 353.0 0.5
b 161 0 258 304
m 161 4 0 258 304
m 161 40 0 258 304
m 161 50 0 258 304
m 161 104 0 258 304
m 161 238 0 258 304
b 161 1 258 304
m 161 4 1 258 304
m 161 40 1 258 304
m 161 50 1 258 304
m 161 104 1 258 304
m 161 238 1 258 304
b 161 2 258 304
m 161 4 2 258 304
m 161 40 2 258 304
m 161 50 2 258 304
m 161 104 2 258 304
m 161 238 2 258 304
b 161 3 258 304
m 161 6 3 16.75 334.25 0.03527352380205077
b 162 0 220 375
b 162 1 220 375
b 162 2 220 375
b 162 3 220 375
m 162 6 3 17.0 378.5 1.0
b 163 0 6 356
m 163 32 0 6 356
m 163 177 0 6 356
m 163 206 0 6 356
b 163 1 6 356
m 163 32 1 6 356
m 163 177 1 6 356
m 163 206 1 6 356
b 163 2 6 356
m 163 32 2 6 356
m 163 177 2 6 356
m 163 206 2 6 356
b 163 3 6 356
m 163 177 3 13.5 292.5 0.3501501501501501
m 163 32 3 13.5 292.5 0.3501501501501501
b 182 0 282 450
m 182 24 0 282 450
m 182 75 0 282 450
m 182 152 0 282 450
m 182 160 0 282 450
m 182 222 0 282 450
b 182 1 282 450
b 182 2 282 450
m 182 24 2 282 450
m 182 75 2 282 450
m 182 152 2 282 450
m 182 160 2 282 450
m 182 222 2 282 450
b 182 3 282 450
m 182 222 3 18.0 384.5 0.2
m 182 160 3 18.0 384.5 0.2
b 186 0 209 357
b 186 1 209 357
b 186 2 209 357
b 186 3 209 357
m 186 6 3 12.75 289.25 0.01960784313725472
b 195 0 238 437
m 195 24 0 238 437
m 195 75 0 238 437
m 195 152 0 238 437
m 195 160 0 238 437
b 195 1 238 437
m 195 24 1 238 437
m 195 75 1 238 437
m 195 152 1 238 437
m 195 160 1 238 437
b 195 2 238 437
m 195 24 2 238 437
m 195 75 2 238 437
m 195 152 2 238 437
m 195 160 2 238 437
m 195 225 2 238 437
b 195 3 238 437
m 195 24 3 17.25 358.25 0.2
m 195 152 3 17.25 358.25 0.2
b 202 0 207 451
m 202 160 0 207 451
b 202 1 207 451
b 202 2 207 451
b 202 3 207 451
m 202 225 3 16.5 353.0 0.5
m 202 160 3 16.5 353.0 0.5
b 209 0 41 402
m 209 32 0 41 402
m 209 177 0 41 402
m 209 206 0 41 402
b 209 1 41 402
m 209 32 1 41 402
m 209 89 1 41 402
m 209 177 1 41 402
m 209 206 1 41 402
b 209 2 41 402
b 209 3 41 402
m 209 177 3 14.0 296.5 0.08283977291984407
b 211 0 160 283
m 211 40 0 160 283
m 211 43 0 160 283
m 211 64 0 160 283
m 211 220 0 160 283
b 211 1 160 283
m 211 40 1 160 283
m 211 43 1 160 283
m 211 64 1 160 283
m 211 220 1 160 283
b 211 2 160 283
b 224 0 262 423
m 224 24 0 262 423
m 224 75 0 262 423
m 224 139 0 262 423
m 224 152 0 262 423
m 224 160 0 262 423
m 224 219 0 262 423
b 224 1 262 423
b 224 2 262 423
b 224 3 262 423
m 224 219 3 18.25 387.25 0.16666666666666666
m 224 160 3 18.25 387.25 0.16666666666666666
b 225 0 196 487
m 225 160 0 196 487
b 225 1 196 487
m 225 160 1 196 487
b 229 0 205 275
m 229 25 0 205 275
m 229 40 0 205 275
m 229 43 0 205 275
m 229 74 0 205 275
m 229 104 0 205 275
b 229 1 205 275
m 229 25 1 205 275
m 229 40 1 205 275
m 229 43 1 205 275
m 229 74 1 205 275
m 229 104 1 205 275
b 229 2 205 275
m 229 25 2 205 275
m 229 40 2 205 275
m 229 43 2 205 275
m 229 74 2 205 275
m 229 104 2 205 275
b 229 3 205 275
m 229 74 3 16.75 333.25 0.09801411701959216
b 0 0 93 263
m 0 14 0 93 263
m 0 53 0 93 263
m 0 234 0 93 263
b 0 1 93 263
b 0 2 93 263
m 0 14 2 93 263
m 0 53 2 93 263
m 0 234 2 93 263
b 0 3 93 263
m 0 14 3 12.2 248.60000000000002 0.3333333333333333
b 4 0 302 292
m 4 26 0 302 292
m 4 70 0 302 292
m 4 97 0 302 292
m 4 105 0 302 292
m 4 128 0 302 292
m 4 176 0 302 292
m 4 178 0 302 292
m 4 217 0 302 292
b 4 1 302 292
b 4 2 302 292
b 6 3 288 331
m 6 178 3 12.8 254.39999999999998 0.7632734113712375
m 6 217 3 12.8 254.39999999999998 0.7632734113712375
m 6 97 3 12.8 254.39999999999998 0.7632734113712375
m 6 4 3 12.8 254.39999999999998 0.7632734113712375
b 12 3 250 301
m 12 40 3 12.8 251.6 0.25
m 12 1 3 12.8 251.6 0.25
b 24 0 293 424
m 24 34 0 293 424
m 24 141 0 293 424
m 24 156 0 293 424
b 24 1 293 424
b 24 2 293 424
m 24 34 2 293 424
m 24 139 2 293 424
m 24 141 2 293 424
m 24 156 2 293 424
m 24 219 2 293 424
b 24 3 293 424
m 24 141 3 14.4 288.40000000000003 0.07915037471489073
b 25 0 240 249
m 25 20 0 240 249
b 25 1 240 249
b 25 2 240 249
m 25 20 2 240 249
m 25 167 2 240 249
b 25 3 240 249
m 25 40 3 13.2 255.6 0.3406503503965433
m 25 1 3 13.2 255.6 0.3406503503965433
m 25 50 3 13.2 255.6 0.3406503503965433
b 32 0 19 423
b 32 1 19 423
m 32 56 1 19 423
b 32 2 19 423
b 32 3 19 423
m 32 206 3 11.200000000000001 234.8 0.19292547155450382
b 40 0 203 287
b 40 1 203 287
b 40 2 203 287
b 42 0 58 446
b 42 1 58 446
m 42 56 1 58 446
b 42 2 58 446
b 42 3 58 446
m 42 56 3 10.8 233.20000000000002 1.0
m 42 206 3 10.8 233.20000000000002 1.0
b 43 0 160 252
m 43 14 0 160 252
m 43 53 0 160 252
m 43 96 0 160 252
b 43 1 160 252
m 43 14 1 160 252
m 43 53 1 160 252
m 43 96 1 160 252
b 43 2 160 252
b 43 3 160 252
m 43 1 3 13.0 253.4 0.1756865197880425
b 50 0 273 264
m 50 105 0 273 264
b 50 1 273 264
m 50 105 1 273 264
b 50 2 273 264
b 56 0 17 449
b 56 2 17 449
b 61 3 239 258
m 61 50 3 12.8 251.6 0.25
m 61 40 3 12.8 251.6 0.25
b 64 0 108 221
m 64 14 0 108 221
m 64 21 0 108 221
m 64 53 0 108 221
m 64 77 0 108 221
m 64 96 0 108 221
m 64 98 0 108 221
m 64 119 0 108 221
b 64 1 108 221
b 64 2 108 221
b 64 3 108 221
m 64 14 3 13.4 258.2 0.457236882309994
m 64 21 3 13.4 258.2 0.457236882309994
m 64 96 3 13.4 258.2 0.457236882309994
m 64 98 3 13.4 258.2 0.457236882309994
b 74 0 223 191
m 74 20 0 223 191
m 74 183 0 223 191
b 74 1 223 191
m 74 20 1 223 191
m 74 183 1 223 191
b 74 2 223 191
b 74 3 223 191
m 74 104 3 14.200000000000001 269.8 0.25
m 74 183 3 14.200000000000001 269.8 0.25
b 75 0 277 431
m 75 141 0 277 431
b 75 1 277 431
b 75 2 277 431
m 75 139 2 277 431
m 75 141 2 277 431
m 75 219 2 277 431
b 75 3 277 431
m 75 141 3 14.0 286.8 1.0
b 76 0 68 311
m 76 31 0 68 311
m 76 181 0 68 311
m 76 234 0 68 311
b 76 1 68 311
m 76 31 1 68 311
m 76 181 1 68 311
m 76 234 1 68 311
b 76 2 68 311
b 76 3 68 311
m 76 31 3 12.2 248.60000000000002 0.3333333333333333
b 89 1 37 479
m 89 56 1 37 479
b 99 0 114 177
m 99 14 0 114 177
m 99 21 0 114 177
m 99 53 0 114 177
m 99 77 0 114 177
m 99 82 0 114 177
m 99 96 0 114 177
m 99 98 0 114 177
m 99 119 0 114 177
m 99 155 0 114 177
m 99 187 0 114 177
m 99 191 0 114 177
b 99 1 114 177
m 99 14 1 114 177
m 99 21 1 114 177
m 99 53 1 114 177
m 99 77 1 114 177
m 99 82 1 114 177
m 99 96 1 114 177
m 99 98 1 114 177
m 99 119 1 114 177
m 99 155 1 114 177
m 99 187 1 114 177
m 99 191 1 114 177
b 99 2 114 177
m 99 14 2 114 177
m 99 21 2 114 177
m 99 53 2 114 177
m 99 77 2 114 177
m 99 82 2 114 177
m 99 96 2 114 177
m 99 98 2 114 177
m 99 119 2 114 177
m 99 155 2 114 177
m 99 187 2 114 177
m 99 191 2 114 177
b 99 3 114 177
m 99 14 3 13.8 271.0 1.0
m 99 21 3 13.8 271.0 1.0
m 99 53 3 13.8 271.0 1.0
m 99 77 3 13.8 271.0 1.0
m 99 82 3 13.8 271.0 1.0
m 99 96 3 13.8 271.0 1.0
m 99 98 3 13.8 271.0 1.0
m 99 119 3 13.8 271.0 1.0
m 99 155 3 13.8 271.0 1.0
m 99 187 3 13.8 271.0 1.0
m 99 191 3 13.8 271.0 1.0
b 104 0 266 223
m 104 20 0 266 223
m 104 59 0 266 223
m 104 183 0 266 223
m 104 194 0 266 223
b 104 1 266 223
m 104 20 1 266 223
m 104 59 1 266 223
m 104 183 1 266 223
m 104 194 1 266 223
b 104 2 266 223
m 104 20 2 266 223
m 104 59 2 266 223
m 104 167 2 266 223
m 104 183 2 266 223
m 104 194 2 266 223
b 111 0 54 217
m 111 21 0 54 217
m 111 23 0 54 217
m 111 31 0 54 217
m 111 53 0 54 217
m 111 72 0 54 217
m 111 77 0 54 217
m 111 98 0 54 217
m 111 119 0 54 217
m 111 121 0 54 217
m 111 155 0 54 217
m 111 234 0 54 217
b 111 1 54 217
m 111 21 1 54 217
m 111 23 1 54 217
m 111 31 1 54 217
m 111 53 1 54 217
m 111 72 1 54 217
m 111 77 1 54 217
m 111 98 1 54 217
m 111 119 1 54 217
m 111 121 1 54 217
m 111 155 1 54 217
m 111 234 1 54 217
b 111 2 54 217
b 111 3 54 217
m 111 21 3 13.8 271.0 1.0
m 111 23 3 13.8 271.0 1.0
m 111 31 3 13.8 271.0 1.0
m 111 53 3 13.8 271.0 1.0
m 111 72 3 13.8 271.0 1.0
m 111 77 3 13.8 271.0 1.0
m 111 98 3 13.8 271.0 1.0
m 111 119 3 13.8 271.0 1.0
m 111 121 3 13.8 271.0 1.0
m 111 155 3 13.8 271.0 1.0
m 111 234 3 13.8 271.0 1.0
b 139 0 331 419
m 139 34 0 331 419
m 139 108 0 331 419
m 139 126 0 331 419
m 139 136 0 331 419
m 139 141 0 331 419
m 139 156 0 331 419
m 139 173 0 331 419
m 139 201 0 331 419
m 139 217 0 331 419
m 139 218 0 331 419
m 139 231 0 331 419
b 139 1 331 419
m 139 34 1 331 419
m 139 108 1 331 419
m 139 126 1 331 419
m 139 136 1 331 419
m 139 141 1 331 419
m 139 156 1 331 419
m 139 173 1 331 419
m 139 201 1 331 419
m 139 217 1 331 419
m 139 218 1 331 419
m 139 222 1 331 419
m 139 231 1 331 419
b 139 3 331 419
m 139 108 3 16.8 334.0 0.24844114783139173
m 139 126 3 16.8 334.0 0.24844114783139173
m 139 218 3 16.8 334.0 0.24844114783139173
b 152 0 256 415
b 152 1 256 415
b 152 2 256 415
m 152 139 2 256 415
m 152 219 2 256 415
b 152 3 256 415
b 160 0 245 460
b 160 1 245 460
m 160 222 1 245 460
b 160 2 245 460
b 160 3 245 460
b 167 0 239 184
m 167 20 0 239 184
m 167 130 0 239 184
m 167 183 0 239 184
m 167 194 0 239 184
b 167 1 239 184
m 167 20 1 239 184
m 167 130 1 239 184
m 167 183 1 239 184
m 167 194 1 239 184
b 177 0 18 313
m 177 181 0 18 313
b 177 1 18 313
b 177 2 18 313
m 177 181 2 18 313
b 177 3 18 313
m 177 181 3 11.0 234.2 1.0
b 198 0 110 290
b 198 1 110 290
b 198 2 110 290
b 198 3 110 290
b 206 0 29 406
b 206 1 29 406
b 206 2 29 406
b 211 3 157 295
m 211 1 3 12.0 247.60000000000002 0.5
m 211 40 3 12.0 247.60000000000002 0.5
b 219 0 317 400
m 219 34 0 317 400
m 219 97 0 317 400
m 219 108 0 317 400
m 219 126 0 317 400
m 219 136 0 317 400
m 219 141 0 317 400
m 219 156 0 317 400
m 219 173 0 317 400
m 219 178 0 317 400
m 219 201 0 317 400
m 219 217 0 317 400
m 219 218 0 317 400
m 219 231 0 317 400
b 219 1 317 400
m 219 34 1 317 400
m 219 97 1 317 400
m 219 108 1 317 400
m 219 126 1 317 400
m 219 136 1 317 400
m 219 141 1 317 400
m 219 156 1 317 400
m 219 173 1 317 400
m 219 178 1 317 400
m 219 201 1 317 400
m 219 217 1 317 400
m 219 218 1 317 400
m 219 231 1 317 400
b 219 3 317 400
m 219 178 3 17.2 343.6 0.26113704786421743
m 219 218 3 17.2 343.6 0.26113704786421743
m 219 126 3 17.2 343.6 0.26113704786421743
m 219 108 3 17.2 343.6 0.26113704786421743
b 220 0 129 223
m 220 14 0 129 223
m 220 53 0 129 223
m 220 77 0 129 223
m 220 96 0 129 223
m 220 119 0 129 223
b 220 1 129 223
m 220 14 1 129 223
m 220 53 1 129 223
m 220 77 1 129 223
m 220 96 1 129 223
m 220 119 1 129 223
b 220 2 129 223
m 220 14 2 129 223
m 220 53 2 129 223
m 220 77 2 129 223
m 220 96 2 129 223
m 220 119 2 129 223
b 220 3 129 223
m 220 14 3 13.0 253.4 0.1756865197880425
b 222 0 306 478
m 222 34 0 306 478
m 222 141 0 306 478
m 222 173 0 306 478
b 222 2 306 478
m 222 34 2 306 478
m 222 139 2 306 478
m 222 141 2 306 478
m 222 173 2 306 478
b 222 3 306 478
m 222 141 3 15.0 309.40000000000003 0.07869031377899041
b 225 2 201 476
b 225 3 201 476
b 238 0 292 326
m 238 26 0 292 326
m 238 97 0 292 326
m 238 105 0 292 326
m 238 128 0 292 326
m 238 178 0 292 326
m 238 217 0 292 326
b 238 1 292 326
b 238 2 292 326
b 238 3 292 326
m 238 4 3 12.2 245.8 1.0
m 238 26 3 12.2 245.8 1.0
m 238 50 3 12.2 245.8 1.0
m 238 97 3 12.2 245.8 1.0
m 238 105 3 12.2 245.8 1.0
m 238 128 3 12.2 245.8 1.0
m 238 178 3 12.2 245.8 1.0
m 238 217 3 12.2 245.8 1.0
b 1 3 180 283
b 4 3 293 284
m 4 70 3 11.0 212.66666666666666 0.043808186966119475
b 14 0 117 228
b 14 1 117 228
b 14 2 117 228
b 14 3 117 228
b 20 0 241 197
m 20 110 0 241 197
b 20 1 241 197
m 20 110 1 241 197
b 20 2 241 197
m 20 110 2 241 197
b 21 0 60 153
m 21 47 0 60 153
m 21 51 0 60 153
m 21 94 0 60 153
m 21 101 0 60 153
m 21 125 0 60 153
m 21 210 0 60 153
m 21 214 0 60 153
m 21 228 0 60 153
b 21 1 60 153
m 21 47 1 60 153
m 21 51 1 60 153
m 21 94 1 60 153
m 21 101 1 60 153
m 21 125 1 60 153
m 21 210 1 60 153
m 21 214 1 60 153
m 21 228 1 60 153
b 21 2 60 153
m 21 23 2 60 153
m 21 47 2 60 153
m 21 51 2 60 153
m 21 94 2 60 153
m 21 101 2 60 153
m 21 125 2 60 153
m 21 210 2 60 153
m 21 214 2 60 153
m 21 228 2 60 153
b 21 3 60 153
m 21 101 3 12.5 225.83333333333331 0.54071498849208
m 21 51 3 12.5 225.83333333333331 0.54071498849208
m 21 214 3 12.5 225.83333333333331 0.54071498849208
m 21 228 3 12.5 225.83333333333331 0.54071498849208
m 21 125 3 12.5 225.83333333333331 0.54071498849208
b 23 0 4 179
m 23 66 0 4 179
m 23 228 0 4 179
b 23 1 4 179
m 23 66 1 4 179
m 23 228 1 4 179
b 23 3 4 179
m 23 228 3 11.833333333333334 226.5 0.5
m 23 66 3 11.833333333333334 226.5 0.5
b 26 0 322 299
m 26 115 0 322 299
m 26 145 0 322 299
m 26 193 0 322 299
b 26 3 322 299
m 26 70 3 11.0 209.0 0.4958904109589044
m 26 145 3 11.0 209.0 0.4958904109589044
m 26 115 3 11.0 209.0 0.4958904109589044
b 31 0 29 280
b 31 1 29 280
b 31 3 29 280
b 34 0 344 415
m 34 68 0 344 415
m 34 102 0 344 415
b 34 1 344 415
m 34 68 1 344 415
m 34 102 1 344 415
b 34 2 344 415
b 40 3 203 299
b 50 3 261 260
b 53 0 86 204
m 53 94 0 86 204
m 53 210 0 86 204
m 53 214 0 86 204
b 53 1 86 204
m 53 94 1 86 204
m 53 210 1 86 204
m 53 214 1 86 204
b 53 2 86 204
b 53 3 86 204
m 53 214 3 12.0 227.33333333333334 0.3333333333333333
b 56 1 23 438
b 56 3 23 438
b 59 0 304 201
m 59 28 0 304 201
m 59 79 0 304 201
m 59 110 0 304 201
m 59 190 0 304 201
m 59 216 0 304 201
b 59 1 304 201
m 59 28 1 304 201
m 59 79 1 304 201
m 59 110 1 304 201
m 59 190 1 304 201
m 59 216 1 304 201
b 59 2 304 201
m 59 28 2 304 201
m 59 79 2 304 201
m 59 110 2 304 201
m 59 190 2 304 201
m 59 216 2 304 201
b 70 0 370 291
m 70 115 0 370 291
m 70 145 0 370 291
m 70 184 0 370 291
m 70 188 0 370 291
m 70 193 0 370 291
b 72 0 11 214
b 72 1 11 214
b 72 3 11 214
b 77 0 111 188
m 77 47 0 111 188
m 77 94 0 111 188
m 77 210 0 111 188
m 77 214 0 111 188
b 77 1 111 188
m 77 47 1 111 188
m 77 94 1 111 188
m 77 210 1 111 188
m 77 214 1 111 188
b 77 2 111 188
b 77 3 111 188
m 77 210 3 12.166666666666666 228.5 0.25
m 77 94 3 12.166666666666666 228.5 0.25
b 82 0 120 149
m 82 47 0 120 149
m 82 51 0 120 149
m 82 69 0 120 149
m 82 94 0 120 149
m 82 101 0 120 149
m 82 125 0 120 149
m 82 204 0 120 149
m 82 210 0 120 149
m 82 214 0 120 149
b 82 1 120 149
b 82 2 120 149
m 82 47 2 120 149
m 82 51 2 120 149
m 82 69 2 120 149
m 82 94 2 120 149
m 82 101 2 120 149
m 82 125 2 120 149
m 82 204 2 120 149
m 82 210 2 120 149
m 82 214 2 120 149
b 82 3 120 149
m 82 69 3 13.0 239.33333333333334 0.8582698621578868
m 82 94 3 13.0 239.33333333333334 0.8582698621578868
m 82 47 3 13.0 239.33333333333334 0.8582698621578868
m 82 125 3 13.0 239.33333333333334 0.8582698621578868
m 82 51 3 13.0 239.33333333333334 0.8582698621578868
m 82 210 3 13.0 239.33333333333334 0.8582698621578868
m 82 101 3 13.0 239.33333333333334 0.8582698621578868
m 82 214 3 13.0 239.33333333333334 0.8582698621578868
b 96 0 149 197
b 96 1 149 197
b 96 2 149 197
b 96 3 149 197
b 97 0 311 317
m 97 102 0 311 317
m 97 193 0 311 317
b 97 1 311 317
m 97 26 1 311 317
m 97 70 1 311 317
m 97 102 1 311 317
m 97 128 1 311 317
m 97 193 1 311 317
b 97 3 311 317
m 97 102 3 11.333333333333332 214.66666666666666 0.8010356720818518
m 97 193 3 11.333333333333332 214.66666666666666 0.8010356720818518
m 97 231 3 11.333333333333332 214.66666666666666 0.8010356720818518
m 97 70 3 11.333333333333332 214.66666666666666 0.8010356720818518
b 98 0 92 191
m 98 47 0 92 191
m 98 94 0 92 191
m 98 210 0 92 191
m 98 214 0 92 191
m 98 228 0 92 191
b 98 1 92 191
m 98 47 1 92 191
m 98 94 1 92 191
m 98 210 1 92 191
m 98 214 1 92 191
m 98 228 1 92 191
b 98 2 92 191
b 98 3 92 191
m 98 47 3 12.0 219.33333333333331 0.3090624137044705
m 98 210 3 12.0 219.33333333333331 0.3090624137044705
b 104 3 276 217
m 104 194 3 12.5 227.5 0.2611111111111111
m 104 167 3 12.5 227.5 0.2611111111111111
b 105 0 359 290
m 105 115 0 359 290
m 105 145 0 359 290
m 105 188 0 359 290
m 105 193 0 359 290
b 105 1 359 290
m 105 26 1 359 290
m 105 70 1 359 290
m 105 115 1 359 290
m 105 128 1 359 290
m 105 145 1 359 290
m 105 176 1 359 290
m 105 188 1 359 290
m 105 193 1 359 290
b 105 3 359 290
m 105 70 3 11.166666666666666 210.83333333333334 0.7548899338921831
m 105 188 3 11.166666666666666 210.83333333333334 0.7548899338921831
m 105 193 3 11.166666666666666 210.83333333333334 0.7548899338921831
m 105 115 3 11.166666666666666 210.83333333333334 0.7548899338921831
m 105 145 3 11.166666666666666 210.83333333333334 0.7548899338921831
b 108 0 386 407
m 108 11 0 386 407
m 108 68 0 386 407
m 108 102 0 386 407
m 108 138 0 386 407
m 108 159 0 386 407
b 108 1 386 407
b 108 3 386 407
m 108 34 3 15.833333333333334 298.5 0.26197209665401333
m 108 11 3 15.833333333333334 298.5 0.26197209665401333
m 108 68 3 15.833333333333334 298.5 0.26197209665401333
b 119 0 109 202
m 119 94 0 109 202
m 119 210 0 109 202
m 119 214 0 109 202
b 119 1 109 202
m 119 94 1 109 202
m 119 210 1 109 202
m 119 214 1 109 202
b 119 2 109 202
m 119 94 2 109 202
m 119 210 2 109 202
m 119 214 2 109 202
b 119 3 109 202
m 119 210 3 12.0 227.33333333333334 0.3333333333333333
b 121 0 9 184
m 121 228 0 9 184
b 121 1 9 184
m 121 228 1 9 184
b 121 3 9 184
m 121 228 3 11.666666666666666 226.0 1.0
b 126 0 391 426
m 126 11 0 391 426
m 126 60 0 391 426
m 126 68 0 391 426
m 126 102 0 391 426
m 126 138 0 391 426
m 126 159 0 391 426
b 126 1 391 426
m 126 11 1 391 426
m 126 60 1 391 426
m 126 68 1 391 426
m 126 102 1 391 426
m 126 138 1 391 426
m 126 159 1 391 426
b 126 3 391 426
m 126 102 3 16.0 302.3333333333333 0.28102685691473095
m 126 156 3 16.0 302.3333333333333 0.28102685691473095
m 126 201 3 16.0 302.3333333333333 0.28102685691473095
m 126 173 3 16.0 302.3333333333333 0.28102685691473095
b 128 0 370 334
m 128 11 0 370 334
m 128 102 0 370 334
m 128 145 0 370 334
m 128 175 0 370 334
m 128 193 0 370 334
b 128 3 370 334
m 128 11 3 11.5 215.5 1.0
m 128 70 3 11.5 215.5 1.0
m 128 102 3 11.5 215.5 1.0
m 128 145 3 11.5 215.5 1.0
m 128 175 3 11.5 215.5 1.0
m 128 176 3 11.5 215.5 1.0
m 128 193 3 11.5 215.5 1.0
m 128 231 3 11.5 215.5 1.0
b 130 0 203 105
m 130 3 0 203 105
m 130 93 0 203 105
m 130 106 0 203 105
m 130 135 0 203 105
m 130 157 0 203 105
m 130 196 0 203 105
m 130 223 0 203 105
m 130 227 0 203 105
m 130 239 0 203 105
b 130 1 203 105
b 136 0 354 432
m 136 60 0 354 432
m 136 65 0 354 432
m 136 68 0 354 432
m 136 138 0 354 432
b 136 1 354 432
b 139 2 328 407
b 141 0 323 442
b 141 1 323 442
b 141 2 323 442
m 141 108 2 323 442
m 141 126 2 323 442
m 141 136 2 323 442
m 141 201 2 323 442
m 141 218 2 323 442
m 141 231 2 323 442
b 141 3 323 442
m 141 156 3 13.0 246.33333333333337 0.12096985961478525
b 155 0 71 158
m 155 47 0 71 158
m 155 51 0 71 158
m 155 94 0 71 158
m 155 101 0 71 158
m 155 125 0 71 158
m 155 210 0 71 158
m 155 214 0 71 158
m 155 228 0 71 158
b 155 1 71 158
m 155 47 1 71 158
m 155 51 1 71 158
m 155 94 1 71 158
m 155 101 1 71 158
m 155 125 1 71 158
m 155 210 1 71 158
m 155 214 1 71 158
m 155 228 1 71 158
b 155 2 71 158
m 155 23 2 71 158
m 155 47 2 71 158
m 155 51 2 71 158
m 155 94 2 71 158
m 155 101 2 71 158
m 155 121 2 71 158
m 155 125 2 71 158
m 155 210 2 71 158
m 155 214 2 71 158
m 155 228 2 71 158
b 155 3 71 158
m 155 51 3 12.833333333333334 236.5 0.7142023994667852
m 155 228 3 12.833333333333334 236.5 0.7142023994667852
m 155 125 3 12.833333333333334 236.5 0.7142023994667852
m 155 214 3 12.833333333333334 236.5 0.7142023994667852
m 155 94 3 12.833333333333334 236.5 0.7142023994667852
m 155 47 3 12.833333333333334 236.5 0.7142023994667852
b 156 0 328 427
m 156 102 0 328 427
b 156 1 328 427
m 156 102 1 328 427
b 156 2 328 427
m 156 102 2 328 427
m 156 108 2 328 427
m 156 126 2 328 427
m 156 136 2 328 427
m 156 201 2 328 427
m 156 217 2 328 427
m 156 218 2 328 427
m 156 231 2 328 427
b 167 2 250 182
m 167 110 2 250 182
b 173 0 339 439
m 173 60 0 339 439
m 173 68 0 339 439
m 173 138 0 339 439
b 173 1 339 439
m 173 60 1 339 439
m 173 68 1 339 439
m 173 138 1 339 439
b 173 2 339 439
b 176 0 378 265
m 176 115 0 378 265
m 176 145 0 378 265
m 176 184 0 378 265
m 176 188 0 378 265
m 176 193 0 378 265
m 176 232 0 378 265
b 178 0 341 322
m 178 102 0 341 322
m 178 193 0 341 322
b 178 1 341 322
m 178 26 1 341 322
m 178 70 1 341 322
m 178 102 1 341 322
m 178 128 1 341 322
m 178 193 1 341 322
b 178 3 341 322
m 178 231 3 11.333333333333332 214.66666666666666 0.8010356720818518
m 178 102 3 11.333333333333332 214.66666666666666 0.8010356720818518
m 178 193 3 11.333333333333332 214.66666666666666 0.8010356720818518
m 178 70 3 11.333333333333332 214.66666666666666 0.8010356720818518
b 181 0 22 271
b 181 1 22 271
b 181 2 22 271
m 181 31 2 22 271
m 181 72 2 22 271
b 181 3 22 271
b 183 0 263 163
m 183 28 0 263 163
m 183 46 0 263 163
m 183 79 0 263 163
m 183 110 0 263 163
m 183 135 0 263 163
m 183 223 0 263 163
b 183 1 263 163
m 183 28 1 263 163
m 183 46 1 263 163
m 183 79 1 263 163
m 183 110 1 263 163
m 183 135 1 263 163
m 183 223 1 263 163
b 183 2 263 163
b 183 3 263 163
m 183 59 3 13.5 241.5 0.40617283950617283
m 183 46 3 13.5 241.5 0.40617283950617283
m 183 28 3 13.5 241.5 0.40617283950617283
m 183 135 3 13.5 241.5 0.40617283950617283
m 183 194 3 13.5 241.5 0.40617283950617283
b 187 0 140 116
m 187 47 0 140 116
m 187 51 0 140 116
m 187 69 0 140 116
m 187 93 0 140 116
m 187 94 0 140 116
m 187 101 0 140 116
m 187 125 0 140 116
m 187 172 0 140 116
m 187 204 0 140 116
m 187 210 0 140 116
m 187 214 0 140 116
b 187 1 140 116
m 187 47 1 140 116
m 187 51 1 140 116
m 187 69 1 140 116
m 187 93 1 140 116
m 187 94 1 140 116
m 187 101 1 140 116
m 187 125 1 140 116
m 187 172 1 140 116
m 187 204 1 140 116
m 187 210 1 140 116
m 187 214 1 140 116
b 187 2 140 116
m 187 47 2 140 116
m 187 51 2 140 116
m 187 69 2 140 116
m 187 93 2 140 116
m 187 94 2 140 116
m 187 101 2 140 116
m 187 125 2 140 116
m 187 172 2 140 116
m 187 204 2 140 116
m 187 210 2 140 116
m 187 214 2 140 116
b 187 3 140 116
m 187 47 3 13.333333333333334 246.0 1.0
m 187 51 3 13.333333333333334 246.0 1.0
m 187 69 3 13.333333333333334 246.0 1.0
m 187 93 3 13.333333333333334 246.0 1.0
m 187 94 3 13.333333333333334 246.0 1.0
m 187 101 3 13.333333333333334 246.0 1.0
m 187 125 3 13.333333333333334 246.0 1.0
m 187 172 3 13.333333333333334 246.0 1.0
m 187 204 3 13.333333333333334 246.0 1.0
m 187 210 3 13.333333333333334 246.0 1.0
m 187 214 3 13.333333333333334 246.0 1.0
b 191 0 107 120
m 191 47 0 107 120
m 191 51 0 107 120
m 191 69 0 107 120
m 191 94 0 107 120
m 191 101 0 107 120
m 191 125 0 107 120
m 191 172 0 107 120
m 191 204 0 107 120
m 191 210 0 107 120
m 191 214 0 107 120
b 191 1 107 120
m 191 47 1 107 120
m 191 51 1 107 120
m 191 69 1 107 120
m 191 94 1 107 120
m 191 101 1 107 120
m 191 125 1 107 120
m 191 172 1 107 120
m 191 204 1 107 120
m 191 210 1 107 120
m 191 214 1 107 120
b 191 2 107 120
b 191 3 107 120
m 191 69 3 13.166666666666666 242.5 0.9720022835994251
m 191 47 3 13.166666666666666 242.5 0.9720022835994251
m 191 94 3 13.166666666666666 242.5 0.9720022835994251
m 191 172 3 13.166666666666666 242.5 0.9720022835994251
m 191 125 3 13.166666666666666 242.5 0.9720022835994251
m 191 51 3 13.166666666666666 242.5 0.9720022835994251
m 191 210 3 13.166666666666666 242.5 0.9720022835994251
m 191 204 3 13.166666666666666 242.5 0.9720022835994251
m 191 214 3 13.166666666666666 242.5 0.9720022835994251
m 191 101 3 13.166666666666666 242.5 0.9720022835994251
b 194 0 310 155
m 194 28 0 310 155
m 194 79 0 310 155
m 194 110 0 310 155
m 194 190 0 310 155
m 194 216 0 310 155
b 194 1 310 155
m 194 28 1 310 155
m 194 79 1 310 155
m 194 110 1 310 155
m 194 190 1 310 155
m 194 216 1 310 155
b 194 2 310 155
m 194 28 2 310 155
m 194 79 2 310 155
m 194 110 2 310 155
m 194 190 2 310 155
m 194 216 2 310 155
b 201 0 344 454
m 201 60 0 344 454
m 201 68 0 344 454
m 201 138 0 344 454
b 201 1 344 454
m 201 60 1 344 454
m 201 68 1 344 454
m 201 138 1 344 454
b 206 3 41 408
b 217 0 317 349
m 217 102 0 317 349
m 217 193 0 317 349
b 217 1 317 349
m 217 26 1 317 349
m 217 102 1 317 349
m 217 128 1 317 349
m 217 193 1 317 349
b 217 3 317 349
m 217 156 3 11.333333333333332 214.66666666666666 0.8010356720818518
m 217 193 3 11.333333333333332 214.66666666666666 0.8010356720818518
m 217 231 3 11.333333333333332 214.66666666666666 0.8010356720818518
m 217 102 3 11.333333333333332 214.66666666666666 0.8010356720818518
b 218 0 349 466
m 218 60 0 349 466
m 218 65 0 349 466
m 218 68 0 349 466
m 218 138 0 349 466
b 218 1 349 466
m 218 60 1 349 466
m 218 65 1 349 466
m 218 68 1 349 466
m 218 138 1 349 466
b 218 3 349 466
m 218 60 3 15.5 291.8333333333333 0.21016665586615382
m 218 136 3 15.5 291.8333333333333 0.21016665586615382
b 219 2 309 409
m 219 102 2 309 409
m 219 108 2 309 409
m 219 126 2 309 409
m 219 136 2 309 409
m 219 201 2 309 409
m 219 217 2 309 409
m 219 218 2 309 409
m 219 231 2 309 409
b 222 1 295 473
b 231 0 314 371
m 231 102 0 314 371
m 231 193 0 314 371
b 231 1 314 371
m 231 102 1 314 371
m 231 128 1 314 371
m 231 193 1 314 371
b 234 0 29 266
b 234 1 29 266
b 234 2 29 266
b 234 3 29 266
b 3 0 236 30
m 3 2 0 236 30
m 3 9 0 236 30
m 3 41 0 236 30
m 3 48 0 236 30
m 3 73 0 236 30
m 3 92 0 236 30
m 3 122 0 236 30
m 3 151 0 236 30
m 3 235 0 236 30
b 11 0 430 372
m 11 5 0 430 372
m 11 88 0 430 372
m 11 100 0 430 372
b 11 1 430 372
m 11 5 1 430 372
m 11 88 1 430 372
m 11 100 1 430 372
m 11 175 1 430 372
b 11 3 430 372
m 11 88 3 14.142857142857142 258.14285714285717 0.25
m 11 5 3 14.142857142857142 258.14285714285717 0.25
b 23 2 4 179
m 23 66 2 4 179
b 26 1 310 297
b 28 0 307 176
b 28 1 307 176
b 28 2 307 176
b 28 3 307 176
m 28 79 3 12.142857142857142 209.28571428571428 0.25
m 28 110 3 12.142857142857142 209.28571428571428 0.25
b 31 2 35 291
b 34 3 337 405
b 46 0 276 124
m 46 2 0 276 124
m 46 35 0 276 124
m 46 122 0 276 124
b 46 1 276 124
m 46 2 1 276 124
m 46 35 1 276 124
m 46 106 1 276 124
m 46 122 1 276 124
m 46 196 1 276 124
b 46 3 276 124
m 46 35 3 12.714285714285714 216.14285714285714 0.3313515269655621
m 46 106 3 12.714285714285714 216.14285714285714 0.3313515269655621
m 46 2 3 12.714285714285714 216.14285714285714 0.3313515269655621
b 47 0 64 112
m 47 90 0 64 112
m 47 120 0 64 112
m 47 169 0 64 112
m 47 208 0 64 112
m 47 233 0 64 112
b 47 1 64 112
m 47 90 1 64 112
m 47 120 1 64 112
m 47 169 1 64 112
m 47 208 1 64 112
m 47 233 1 64 112
b 47 2 64 112
b 47 3 64 112
m 47 90 3 11.857142857142856 208.71428571428572 0.24333763623868523
m 47 233 3 11.857142857142856 208.71428571428572 0.24333763623868523
b 51 0 75 83
m 51 10 0 75 83
m 51 84 0 75 83
m 51 90 0 75 83
m 51 120 0 75 83
m 51 165 0 75 83
m 51 169 0 75 83
m 51 185 0 75 83
m 51 208 0 75 83
m 51 233 0 75 83
b 51 1 75 83
b 51 2 75 83
b 51 3 75 83
m 51 10 3 12.0 205.14285714285717 0.6281520352422874
m 51 165 3 12.0 205.14285714285717 0.6281520352422874
m 51 90 3 12.0 205.14285714285717 0.6281520352422874
m 51 169 3 12.0 205.14285714285717 0.6281520352422874
m 51 84 3 12.0 205.14285714285717 0.6281520352422874
m 51 233 3 12.0 205.14285714285717 0.6281520352422874
b 59 3 305 213
m 59 79 3 12.285714285714285 210.57142857142858 0.036043489429862186
b 60 0 419 488
m 60 109 0 419 488
b 60 1 419 488
m 60 109 1 419 488
b 60 3 419 488
m 60 65 3 13.857142857142858 252.42857142857142 0.25
m 60 159 3 13.857142857142858 252.42857142857142 0.25
b 65 0 401 497
m 65 109 0 401 497
b 65 1 401 497
b 66 0 7 132
m 66 90 0 7 132
m 66 233 0 7 132
b 66 1 7 132
m 66 90 1 7 132
m 66 233 1 7 132
b 66 3 7 132
m 66 233 3 10.428571428571429 194.71428571428572 0.5129435037862672
m 66 90 3 10.428571428571429 194.71428571428572 0.5129435037862672
b 68 0 394 430
b 68 1 394 430
m 68 175 1 394 430
b 68 3 394 430
m 68 159 3 13.857142857142858 256.42857142857144 0.5
m 68 138 3 13.857142857142858 256.42857142857144 0.5
b 69 0 103 101
m 69 84 0 103 101
m 69 120 0 103 101
m 69 165 0 103 101
m 69 169 0 103 101
m 69 208 0 103 101
m 69 235 0 103 101
b 69 1 103 101
m 69 84 1 103 101
m 69 120 1 103 101
m 69 165 1 103 101
m 69 169 1 103 101
m 69 208 1 103 101
m 69 235 1 103 101
b 69 2 103 101
m 69 84 2 103 101
m 69 120 2 103 101
m 69 165 2 103 101
m 69 169 2 103 101
m 69 208 2 103 101
m 69 235 2 103 101
b 69 3 103 101
m 69 165 3 12.0 210.28571428571428 0.4946834183424221
m 69 235 3 12.0 210.28571428571428 0.4946834183424221
m 69 169 3 12.0 210.28571428571428 0.4946834183424221
b 70 1 378 300
m 70 5 1 378 300
m 70 232 1 378 300
b 70 3 378 300
m 70 5 3 9.714285714285715 182.85714285714286 0.04502638253950889
b 72 2 14 202
b 79 0 306 154
m 79 127 0 306 154
b 79 1 306 154
m 79 127 1 306 154
b 79 2 306 154
m 79 46 2 306 154
m 79 127 2 306 154
m 79 135 2 306 154
b 93 0 183 97
m 93 235 0 183 97
b 93 1 183 97
b 93 2 183 97
m 93 106 2 183 97
m 93 130 2 183 97
m 93 135 2 183 97
m 93 157 2 183 97
m 93 196 2 183 97
m 93 223 2 183 97
m 93 227 2 183 97
m 93 235 2 183 97
m 93 239 2 183 97
b 93 3 183 97
m 93 130 3 12.571428571428571 220.0 0.6998567335243553
m 93 106 3 12.571428571428571 220.0 0.6998567335243553
m 93 157 3 12.571428571428571 220.0 0.6998567335243553
m 93 227 3 12.571428571428571 220.0 0.6998567335243553
m 93 235 3 12.571428571428571 220.0 0.6998567335243553
m 93 223 3 12.571428571428571 220.0 0.6998567335243553
b 94 0 113 137
m 94 208 0 113 137
b 94 1 113 137
m 94 208 1 113 137
b 94 2 113 137
m 94 208 2 113 137
b 94 3 113 137
m 94 208 3 10.571428571428571 196.0 1.0
b 101 0 68 83
m 101 10 0 68 83
m 101 84 0 68 83
m 101 90 0 68 83
m 101 120 0 68 83
m 101 165 0 68 83
m 101 169 0 68 83
m 101 185 0 68 83
m 101 208 0 68 83
m 101 233 0 68 83
b 101 1 68 83
m 101 10 1 68 83
m 101 84 1 68 83
m 101 90 1 68 83
m 101 120 1 68 83
m 101 165 1 68 83
m 101 169 1 68 83
m 101 185 1 68 83
m 101 208 1 68 83
m 101 233 1 68 83
b 101 2 68 83
b 101 3 68 83
m 101 120 3 12.0 205.14285714285717 0.6281520352422874
m 101 10 3 12.0 205.14285714285717 0.6281520352422874
m 101 169 3 12.0 205.14285714285717 0.6281520352422874
m 101 84 3 12.0 205.14285714285717 0.6281520352422874
m 101 185 3 12.0 205.14285714285717 0.6281520352422874
m 101 165 3 12.0 205.14285714285717 0.6281520352422874
b 102 0 359 374
b 102 1 359 374
m 102 175 1 359 374
b 102 2 359 374
b 102 3 359 374
b 106 0 219 125
b 108 2 395 415
m 108 11 2 395 415
m 108 68 2 395 415
m 108 138 2 395 415
m 108 159 2 395 415
m 108 175 2 395 415
m 108 193 2 395 415
b 110 0 282 124
m 110 127 0 282 124
b 110 1 282 124
m 110 106 1 282 124
m 110 127 1 282 124
b 110 2 282 124
b 115 0 362 242
m 115 15 0 362 242
m 115 19 0 362 242
b 115 1 362 242
m 115 15 1 362 242
m 115 19 1 362 242
m 115 184 1 362 242
m 115 232 1 362 242
b 115 3 362 242
m 115 19 3 10.142857142857142 182.71428571428572 0.523051857568547
m 115 184 3 10.142857142857142 182.71428571428572 0.523051857568547
m 115 15 3 10.142857142857142 182.71428571428572 0.523051857568547
b 121 2 12 173
b 125 0 83 123
m 125 120 0 83 123
m 125 169 0 83 123
m 125 208 0 83 123
m 125 233 0 83 123
b 125 1 83 123
m 125 120 1 83 123
m 125 169 1 83 123
m 125 208 1 83 123
m 125 233 1 83 123
b 125 2 83 123
b 125 3 83 123
m 125 233 3 11.285714285714285 195.85714285714286 0.04513087918189425
b 126 2 402 431
b 128 1 379 341
m 128 5 1 379 341
m 128 175 1 379 341
b 135 0 256 127
b 135 1 256 127
m 135 106 1 256 127
m 135 157 1 256 127
m 135 196 1 256 127
m 135 239 1 256 127
b 135 3 256 127
m 135 106 3 12.714285714285714 216.14285714285714 0.3313515269655621
m 135 79 3 12.714285714285714 216.14285714285714 0.3313515269655621
m 135 110 3 12.714285714285714 216.14285714285714 0.3313515269655621
b 136 2 342 430
b 136 3 342 430
m 136 138 3 13.428571428571429 250.28571428571428 1.0
b 138 0 424 458
m 138 109 0 424 458
m 138 129 0 424 458
m 138 197 0 424 458
b 138 1 424 458
b 145 0 406 280
m 145 5 0 406 280
m 145 15 0 406 280
m 145 19 0 406 280
m 145 86 0 406 280
b 145 1 406 280
m 145 5 1 406 280
m 145 15 1 406 280
m 145 19 1 406 280
m 145 86 1 406 280
m 145 184 1 406 280
m 145 232 1 406 280
b 145 3 406 280
m 145 19 3 10.285714285714286 184.28571428571428 0.6034098596313213
m 145 15 3 10.285714285714286 184.28571428571428 0.6034098596313213
m 145 184 3 10.285714285714286 184.28571428571428 0.6034098596313213
m 145 86 3 10.285714285714286 184.28571428571428 0.6034098596313213
b 156 3 320 435
b 157 0 192 64
m 157 2 0 192 64
m 157 9 0 192 64
m 157 48 0 192 64
m 157 73 0 192 64
m 157 235 0 192 64
b 159 0 427 439
m 159 49 0 427 439
m 159 88 0 427 439
m 159 109 0 427 439
m 159 197 0 427 439
b 159 1 427 439
m 159 49 1 427 439
m 159 88 1 427 439
m 159 109 1 427 439
m 159 197 1 427 439
b 167 3 262 179
m 167 20 3 11.142857142857142 196.28571428571428 0.18590737427946732
b 172 0 75 59
m 172 10 0 75 59
m 172 84 0 75 59
m 172 107 0 75 59
m 172 120 0 75 59
m 172 164 0 75 59
m 172 165 0 75 59
m 172 169 0 75 59
m 172 185 0 75 59
m 172 208 0 75 59
m 172 212 0 75 59
m 172 233 0 75 59
b 172 1 75 59
m 172 10 1 75 59
m 172 84 1 75 59
m 172 107 1 75 59
m 172 120 1 75 59
m 172 164 1 75 59
m 172 165 1 75 59
m 172 169 1 75 59
m 172 185 1 75 59
m 172 208 1 75 59
m 172 212 1 75 59
m 172 233 1 75 59
b 172 2 75 59
m 172 10 2 75 59
m 172 84 2 75 59
m 172 107 2 75 59
m 172 120 2 75 59
m 172 164 2 75 59
m 172 165 2 75 59
m 172 169 2 75 59
m 172 185 2 75 59
m 172 208 2 75 59
m 172 212 2 75 59
m 172 233 2 75 59
b 172 3 75 59
m 172 10 3 13.0 228.14285714285714 1.0
m 172 84 3 13.0 228.14285714285714 1.0
m 172 107 3 13.0 228.14285714285714 1.0
m 172 120 3 13.0 228.14285714285714 1.0
m 172 164 3 13.0 228.14285714285714 1.0
m 172 165 3 13.0 228.14285714285714 1.0
m 172 169 3 13.0 228.14285714285714 1.0
m 172 185 3 13.0 228.14285714285714 1.0
m 172 208 3 13.0 228.14285714285714 1.0
m 172 212 3 13.0 228.14285714285714 1.0
m 172 233 3 13.0 228.14285714285714 1.0
b 173 3 327 440
b 175 0 402 355
m 175 5 0 402 355
m 175 88 0 402 355
m 175 100 0 402 355
b 175 3 402 355
m 175 5 3 10.285714285714286 186.0 0.3333333333333333
b 176 1 389 261
b 176 3 389 261
m 176 5 3 10.571428571428571 188.2857142857143 0.4837307896131424
m 176 184 3 10.571428571428571 188.2857142857143 0.4837307896131424
m 176 19 3 10.571428571428571 188.2857142857143 0.4837307896131424
b 184 0 410 225
m 184 8 0 410 225
m 184 15 0 410 225
m 184 19 0 410 225
m 184 22 0 410 225
m 184 37 0 410 225
m 184 63 0 410 225
m 184 86 0 410 225
m 184 123 0 410 225
m 184 180 0 410 225
b 188 0 418 239
m 188 5 0 418 239
m 188 8 0 418 239
m 188 15 0 418 239
m 188 19 0 418 239
m 188 37 0 418 239
m 188 63 0 418 239
m 188 86 0 418 239
m 188 134 0 418 239
m 188 180 0 418 239
m 188 200 0 418 239
m 188 207 0 418 239
m 188 237 0 418 239
b 188 1 418 239
m 188 5 1 418 239
m 188 8 1 418 239
m 188 15 1 418 239
m 188 19 1 418 239
m 188 37 1 418 239
m 188 63 1 418 239
m 188 86 1 418 239
m 188 134 1 418 239
m 188 180 1 418 239
m 188 184 1 418 239
m 188 200 1 418 239
m 188 207 1 418 239
m 188 232 1 418 239
m 188 237 1 418 239
b 188 3 418 239
m 188 5 3 11.571428571428571 208.71428571428572 1.0
m 188 8 3 11.571428571428571 208.71428571428572 1.0
m 188 15 3 11.571428571428571 208.71428571428572 1.0
m 188 19 3 11.571428571428571 208.71428571428572 1.0
m 188 37 3 11.571428571428571 208.71428571428572 1.0
m 188 63 3 11.571428571428571 208.71428571428572 1.0
m 188 86 3 11.571428571428571 208.71428571428572 1.0
m 188 134 3 11.571428571428571 208.71428571428572 1.0
m 188 180 3 11.571428571428571 208.71428571428572 1.0
m 188 184 3 11.571428571428571 208.71428571428572 1.0
m 188 200 3 11.571428571428571 208.71428571428572 1.0
m 188 207 3 11.571428571428571 208.71428571428572 1.0
m 188 232 3 11.571428571428571 208.71428571428572 1.0
m 188 237 3 11.571428571428571 208.71428571428572 1.0
b 190 0 342 163
m 190 44 0 342 163
m 190 127 0 342 163
m 190 168 0 342 163
b 190 1 342 163
m 190 44 1 342 163
m 190 127 1 342 163
m 190 168 1 342 163
b 190 2 342 163
m 190 44 2 342 163
m 190 127 2 342 163
m 190 168 2 342 163
b 193 0 368 353
m 193 5 0 368 353
b 193 1 368 353
m 193 5 1 368 353
m 193 175 1 368 353
b 193 3 368 353
m 193 5 3 9.857142857142856 184.14285714285714 1.0
b 194 3 318 146
m 194 79 3 11.428571428571427 198.57142857142858 0.3233527131782945
m 194 216 3 11.428571428571427 198.57142857142858 0.3233527131782945
b 196 0 220 69
m 196 2 0 220 69
m 196 41 0 220 69
m 196 48 0 220 69
m 196 73 0 220 69
m 196 235 0 220 69
b 201 2 341 465
b 201 3 341 465
m 201 65 3 14.0 259.7142857142857 0.5
m 201 138 3 14.0 259.7142857142857 0.5
b 204 0 116 80
m 204 84 0 116 80
m 204 120 0 116 80
m 204 165 0 116 80
m 204 169 0 116 80
m 204 185 0 116 80
m 204 208 0 116 80
m 204 235 0 116 80
b 204 1 116 80
b 204 2 116 80
m 204 84 2 116 80
m 204 120 2 116 80
m 204 165 2 116 80
m 204 169 2 116 80
m 204 185 2 116 80
m 204 208 2 116 80
m 204 235 2 116 80
m 204 239 2 116 80
b 204 3 116 80
m 204 169 3 12.571428571428571 220.0 0.6998567335243553
m 204 239 3 12.571428571428571 220.0 0.6998567335243553
m 204 185 3 12.571428571428571 220.0 0.6998567335243553
m 204 165 3 12.571428571428571 220.0 0.6998567335243553
m 204 208 3 12.571428571428571 220.0 0.6998567335243553
m 204 120 3 12.571428571428571 220.0 0.6998567335243553
b 210 0 103 150
m 210 208 0 103 150
b 210 1 103 150
m 210 208 1 103 150
b 210 2 103 150
m 210 208 2 103 150
b 210 3 103 150
m 210 208 3 10.571428571428571 196.0 1.0
b 214 0 119 149
m 214 208 0 119 149
b 214 1 119 149
m 214 208 1 119 149
b 214 2 119 149
b 214 3 119 149
m 214 208 3 10.857142857142856 193.71428571428572 1.0
b 216 0 360 173
m 216 15 0 360 173
m 216 44 0 360 173
m 216 127 0 360 173
b 216 1 360 173
m 216 15 1 360 173
m 216 44 1 360 173
m 216 127 1 360 173
b 216 2 360 173
b 217 2 305 345
b 218 2 341 475
m 218 60 2 341 475
m 218 65 2 341 475
m 218 68 2 341 475
m 218 138 2 341 475
b 223 0 233 126
b 223 1 233 126
m 223 106 1 233 126
m 223 157 1 233 126
m 223 196 1 233 126
m 223 239 1 233 126
b 227 0 167 32
m 227 2 0 167 32
m 227 9 0 167 32
m 227 73 0 167 32
m 227 235 0 167 32
b 228 0 6 125
m 228 90 0 6 125
m 228 233 0 6 125
b 228 1 6 125
b 228 2 6 125
m 228 66 2 6 125
m 228 90 2 6 125
m 228 233 2 6 125
b 228 3 6 125
m 228 233 3 11.0 194.14285714285717 0.5
m 228 90 3 11.0 194.14285714285717 0.5
b 231 2 303 367
m 231 97 2 303 367
m 231 128 2 303 367
m 231 178 2 303 367
m 231 193 2 303 367
b 231 3 303 367
b 232 0 409 253
m 232 5 0 409 253
m 232 8 0 409 253
m 232 15 0 409 253
m 232 19 0 409 253
m 232 37 0 409 253
m 232 58 0 409 253
m 232 63 0 409 253
m 232 86 0 409 253
m 232 123 0 409 253
m 232 134 0 409 253
m 232 180 0 409 253
m 232 200 0 409 253
m 232 207 0 409 253
m 232 215 0 409 253
m 232 237 0 409 253
b 239 0 181 99
m 239 235 0 181 99
b 2 0 244 26
b 2 1 244 26
m 2 3 1 244 26
m 2 9 1 244 26
m 2 41 1 244 26
m 2 48 1 244 26
m 2 73 1 244 26
m 2 92 1 244 26
m 2 151 1 244 26
b 2 3 244 26
m 2 122 3 12.25 199.25 0.3816929154161124
m 2 9 3 12.25 199.25 0.3816929154161124
m 2 92 3 12.25 199.25 0.3816929154161124
m 2 151 3 12.25 199.25 0.3816929154161124
b 5 0 415 303
b 5 1 415 303
b 5 3 415 303
m 5 100 3 12.5 226.00000000000003 1.0
b 8 0 452 190
m 8 81 0 452 190
m 8 83 0 452 190
m 8 149 0 452 190
b 8 1 452 190
m 8 22 1 452 190
m 8 58 1 452 190
m 8 81 1 452 190
m 8 83 1 452 190
m 8 123 1 452 190
m 8 149 1 452 190
m 8 215 1 452 190
b 8 3 452 190
m 8 58 3 11.0 188.75 0.10306324110671938
b 9 0 177 25
b 10 0 48 16
m 10 116 0 48 16
m 10 226 0 48 16
b 10 1 48 16
m 10 116 1 48 16
m 10 226 1 48 16
b 10 2 48 16
m 10 116 2 48 16
m 10 226 2 48 16
b 10 3 48 16
m 10 116 3 10.75 180.00000000000003 0.5
m 10 226 3 10.75 180.00000000000003 0.5
b 11 2 438 381
m 11 5 2 438 381
m 11 88 2 438 381
m 11 91 2 438 381
m 11 100 2 438 381
b 15 0 400 225
b 15 1 400 225
m 15 22 1 400 225
m 15 123 1 400 225
b 15 3 400 225
m 15 123 3 9.125 160.375 0.5
m 15 22 3 9.125 160.375 0.5
b 19 0 410 202
m 19 149 0 410 202
b 19 1 410 202
m 19 22 1 410 202
m 19 123 1 410 202
m 19 149 1 410 202
b 19 3 410 202
m 19 123 3 9.25 161.0 0.2055375978994714
b 20 3 226 216
b 22 0 477 187
m 22 81 0 477 187
m 22 83 0 477 187
m 22 112 0 477 187
m 22 149 0 477 187
b 35 0 310 40
m 35 85 0 310 40
m 35 170 0 310 40
m 35 205 0 310 40
b 35 1 310 40
m 35 41 1 310 40
m 35 48 1 310 40
m 35 85 1 310 40
m 35 92 1 310 40
m 35 151 1 310 40
m 35 170 1 310 40
m 35 205 1 310 40
b 35 3 310 40
m 35 41 3 12.125 197.125 0.3467235050206654
m 35 92 3 12.125 197.125 0.3467235050206654
m 35 48 3 12.125 197.125 0.3467235050206654
b 37 0 453 256
m 37 81 0 453 256
m 37 83 0 453 256
b 37 1 453 256
b 37 3 453 256
m 37 58 3 10.875 187.125 0.16666666666666666
m 37 22 3 10.875 187.125 0.16666666666666666
b 41 0 245 32
b 44 0 376 150
m 44 113 0 376 150
b 44 1 376 150
m 44 113 1 376 150
b 44 2 376 150
m 44 113 2 376 150
b 46 2 270 135
b 48 0 240 41
b 49 0 491 437
m 49 91 0 491 437
b 49 1 491 437
m 49 91 1 491 437
m 49 129 1 491 437
b 58 0 480 253
m 58 81 0 480 253
m 58 83 0 480 253
b 60 2 430 486
m 60 109 2 430 486
b 63 0 454 198
m 63 81 0 454 198
m 63 83 0 454 198
m 63 149 0 454 198
b 63 1 454 198
m 63 22 1 454 198
m 63 58 1 454 198
m 63 81 1 454 198
m 63 83 1 454 198
m 63 123 1 454 198
m 63 149 1 454 198
m 63 215 1 454 198
b 63 3 454 198
m 63 58 3 11.0 188.75 0.10306324110671938
b 65 2 408 497
m 65 109 2 408 497
b 65 3 408 497
m 65 109 3 12.25 221.0 1.0
b 66 2 12 143
b 68 2 388 441
b 73 0 225 19
b 79 3 310 166
m 79 190 3 10.875 183.625 0.010786273529901691
b 84 0 124 18
b 84 1 124 18
m 84 9 1 124 18
m 84 227 1 124 18
b 84 2 124 18
m 84 9 2 124 18
b 84 3 124 18
m 84 9 3 10.625 179.62500000000003 1.0
b 86 0 452 311
b 86 1 452 311
m 86 58 1 452 311
b 86 3 452 311
m 86 100 3 9.25 161.75 0.5
m 86 58 3 9.25 161.75 0.5
b 88 0 453 367
m 88 91 0 453 367
b 88 1 453 367
m 88 91 1 453 367
b 88 3 453 367
m 88 91 3 12.875 227.87500000000003 0.25802050885609695
m 88 49 3 12.875 227.87500000000003 0.25802050885609695
b 90 0 4 90
m 90 226 0 4 90
b 90 1 4 90
m 90 226 1 4 90
b 90 2 4 90
b 90 3 4 90
m 90 226 3 10.499999999999998 182.75 1.0
b 92 0 285 12
b 97 2 297 298
b 100 0 464 339
m 100 91 0 464 339
b 100 1 464 339
b 106 1 218 137
b 106 2 218 137
b 106 3 218 137
m 106 196 3 11.25 189.25 1.0
b 107 0 91 1
m 107 116 0 91 1
b 107 1 91 1
b 107 2 91 1
m 107 116 2 91 1
b 107 3 91 1
m 107 116 3 11.5 199.75 1.0
b 109 0 457 487
b 109 1 457 487
b 110 3 276 114
m 110 122 3 11.0 184.25 0.1766304347826087
b 120 0 49 75
m 120 116 0 49 75
m 120 226 0 49 75
b 120 1 49 75
m 120 116 1 49 75
m 120 226 1 49 75
b 120 2 49 75
b 120 3 49 75
m 120 226 3 10.75 180.00000000000003 0.5
m 120 116 3 10.75 180.00000000000003 0.5
b 122 0 311 57
m 122 85 0 311 57
m 122 170 0 311 57
m 122 205 0 311 57
b 122 1 311 57
m 122 41 1 311 57
m 122 48 1 311 57
m 122 85 1 311 57
m 122 92 1 311 57
m 122 151 1 311 57
m 122 170 1 311 57
m 122 205 1 311 57
b 123 0 447 216
m 123 81 0 447 216
m 123 83 0 447 216
m 123 149 0 447 216
b 127 0 344 137
m 127 113 0 344 137
b 127 1 344 137
m 127 113 1 344 137
b 127 2 344 137
m 127 113 2 344 137
b 128 2 389 348
b 129 0 488 473
b 130 2 216 85
m 130 3 2 216 85
m 130 48 2 216 85
b 130 3 216 85
m 130 3 3 11.375 193.625 0.3333333333333333
b 134 0 468 257
m 134 81 0 468 257
m 134 83 0 468 257
b 134 1 468 257
m 134 58 1 468 257
m 134 81 1 468 257
m 134 83 1 468 257
m 134 123 1 468 257
m 134 215 1 468 257
b 134 3 468 257
m 134 58 3 10.75 185.75 0.2
m 134 83 3 10.75 185.75 0.2
b 135 2 265 134
b 138 2 432 468
b 138 3 432 468
m 138 109 3 12.5 225.5 0.6755241460541814
m 138 197 3 12.5 225.5 0.6755241460541814
m 138 129 3 12.5 225.5 0.6755241460541814
b 151 0 280 11
m 151 85 0 280 11
b 157 1 185 55
m 157 3 1 185 55
m 157 9 1 185 55
m 157 41 1 185 55
m 157 48 1 185 55
m 157 73 1 185 55
m 157 227 1 185 55
b 157 2 185 55
m 157 2 2 185 55
m 157 3 2 185 55
m 157 9 2 185 55
m 157 41 2 185 55
m 157 48 2 185 55
m 157 73 2 185 55
b 157 3 185 55
m 157 9 3 11.75 197.0 0.5080842565753864
m 157 3 3 11.75 197.0 0.5080842565753864
m 157 41 3 11.75 197.0 0.5080842565753864
m 157 48 3 11.75 197.0 0.5080842565753864
b 159 2 419 449
m 159 49 2 419 449
m 159 109 2 419 449
m 159 197 2 419 449
b 159 3 419 449
m 159 109 3 12.5 222.0 0.17550499001996006
b 164 0 86 17
m 164 116 0 86 17
b 164 1 86 17
m 164 116 1 86 17
b 164 2 86 17
b 164 3 86 17
m 164 116 3 11.5 199.75 1.0
b 165 0 116 20
b 165 1 116 20
m 165 227 1 116 20
b 165 2 116 20
b 165 3 116 20
b 168 0 393 140
m 168 29 0 393 140
m 168 113 0 393 140
m 168 149 0 393 140
m 168 236 0 393 140
b 168 1 393 140
m 168 29 1 393 140
m 168 113 1 393 140
m 168 149 1 393 140
m 168 236 1 393 140
b 168 2 393 140
b 169 0 89 63
m 169 116 0 89 63
b 169 1 89 63
m 169 116 1 89 63
b 169 2 89 63
m 169 116 2 89 63
b 169 3 89 63
m 169 116 3 10.625 179.62500000000003 1.0
b 175 1 391 350
b 175 2 391 350
b 178 2 343 298
m 178 26 2 343 298
m 178 70 2 343 298
m 178 105 2 343 298
m 178 145 2 343 298
b 180 0 454 205
m 180 81 0 454 205
m 180 83 0 454 205
m 180 149 0 454 205
b 180 1 454 205
b 180 3 454 205
m 180 58 3 11.0 188.75 0.10306324110671938
b 184 1 404 215
m 184 22 1 404 215
m 184 123 1 404 215
b 184 3 404 215
m 184 123 3 9.125 160.375 0.5
m 184 22 3 9.125 160.375 0.5
b 185 0 80 59
m 185 116 0 80 59
m 185 226 0 80 59
b 185 1 80 59
m 185 116 1 80 59
m 185 226 1 80 59
b 185 2 80 59
b 185 3 80 59
m 185 116 3 10.75 180.00000000000003 0.5
m 185 226 3 10.75 180.00000000000003 0.5
b 193 2 362 364
b 196 1 222 57
m 196 3 1 222 57
m 196 9 1 222 57
m 196 41 1 222 57
m 196 48 1 222 57
m 196 73 1 222 57
m 196 227 1 222 57
b 196 2 222 57
m 196 2 2 222 57
m 196 3 2 222 57
m 196 9 2 222 57
m 196 41 2 222 57
m 196 48 2 222 57
m 196 73 2 222 57
b 197 0 490 451
m 197 91 0 490 451
b 197 1 490 451
m 197 91 1 490 451
m 197 129 1 490 451
b 200 0 488 295
b 200 1 488 295
b 200 3 488 295
m 200 58 3 10.375 183.125 0.5
m 200 100 3 10.375 183.125 0.5
b 207 0 495 280
m 207 81 0 495 280
b 207 1 495 280
b 207 3 495 280
m 207 58 3 10.625 184.625 0.25
m 207 81 3 10.625 184.625 0.25
b 208 0 96 82
b 208 1 96 82
b 208 2 96 82
b 208 3 96 82
b 212 0 70 12
m 212 116 0 70 12
m 212 226 0 70 12
b 212 1 70 12
m 212 116 1 70 12
m 212 226 1 70 12
b 212 2 70 12
m 212 116 2 70 12
m 212 226 2 70 12
b 212 3 70 12
m 212 116 3 11.625 200.125 0.5
m 212 226 3 11.625 200.125 0.5
b 215 0 492 231
m 215 81 0 492 231
m 215 83 0 492 231
b 216 3 365 162
m 216 44 3 10.499999999999998 175.75 0.25823551830342173
m 216 190 3 10.499999999999998 175.75 0.25823551830342173
b 223 2 245 128
b 223 3 245 128
m 223 196 3 11.125 192.625 1.0
b 227 2 157 25
m 227 3 2 157 25
m 227 9 2 157 25
m 227 73 2 157 25
b 227 3 157 25
m 227 9 3 11.5 194.5 0.049792178669717004
b 232 1 398 250
m 232 123 1 398 250
b 232 3 398 250
m 232 123 3 10.25 182.75 1.0
b 233 0 9 115
m 233 226 0 9 115
b 233 1 9 115
b 233 2 9 115
b 233 3 9 115
m 233 226 3 10.499999999999998 182.75 1.0
b 235 0 173 78
b 235 1 173 78
m 235 9 1 173 78
m 235 227 1 173 78
b 235 2 173 78
m 235 9 2 173 78
b 235 3 173 78
m 235 9 3 10.75 184.5 0.5
m 235 196 3 10.75 184.5 0.5
b 237 0 494 289
b 237 1 494 289
m 237 58 1 494 289
m 237 215 1 494 289
b 237 3 494 289
m 237 58 3 10.5 183.75 0.3333333333333333
b 239 1 169 97
m 239 227 1 169 97
b 239 2 169 97
b 239 3 169 97
m 239 196 3 11.125 192.625 1.0
b 2 2 241 14
m 2 92 2 241 14
m 2 151 2 241 14
b 3 1 240 7
b 3 2 240 7
m 3 92 2 240 7
m 3 151 2 240 7
b 3 3 240 7
m 3 73 3 10.222222222222221 172.22222222222223 1.0
b 5 2 403 301
b 9 1 168 32
b 9 2 168 32
b 9 3 168 32
m 9 73 3 11.0 177.22222222222223 1.0
b 22 1 488 192
m 22 112 1 488 192
b 22 3 488 192
m 22 149 3 8.444444444444445 143.55555555555554 0.6782369146005511
m 22 112 3 8.444444444444445 143.55555555555554 0.6782369146005511
m 22 215 3 8.444444444444445 143.55555555555554 0.6782369146005511
b 26 2 287 294
b 29 0 431 107
m 29 13 0 431 107
m 29 118 0 431 107
m 29 192 0 431 107
m 29 221 0 431 107
m 29 230 0 431 107
b 29 1 431 107
m 29 13 1 431 107
m 29 112 1 431 107
m 29 118 1 431 107
m 29 192 1 431 107
m 29 221 1 431 107
m 29 230 1 431 107
b 41 1 234 39
b 41 2 234 39
m 41 92 2 234 39
m 41 151 2 234 39
b 41 3 234 39
m 41 73 3 10.88888888888889 175.33333333333334 1.0
b 44 3 371 161
m 44 113 3 9.666666666666666 157.22222222222223 0.1825210996393636
b 48 1 230 48
b 48 2 230 48
m 48 92 2 230 48
m 48 151 2 230 48
b 48 3 230 48
m 48 73 3 10.88888888888889 175.33333333333334 1.0
b 49 2 486 447
b 49 3 486 447
b 58 1 480 241
b 58 3 480 241
m 58 215 3 9.88888888888889 167.88888888888889 1.0
b 70 2 393 319
m 70 86 2 393 319
m 70 176 2 393 319
b 73 1 217 10
b 73 2 217 10
b 81 0 479 195
b 81 1 479 195
b 81 3 479 195
m 81 149 3 9.666666666666666 164.55555555555557 0.010792376800105585
b 83 0 498 215
b 83 1 498 215
b 83 3 498 215
m 83 215 3 9.777777777777777 165.55555555555557 0.5
m 83 149 3 9.777777777777777 165.55555555555557 0.5
b 85 0 323 19
b 85 1 323 19
b 88 2 444 360
m 88 86 2 444 360
b 91 0 466 375
b 91 1 466 375
b 91 2 466 375
m 91 86 2 466 375
b 91 3 466 375
b 92 1 295 19
b 92 3 295 19
m 92 85 3 11.222222222222223 178.11111111111111 0.3333333333333333
b 100 2 469 350
m 100 86 2 469 350
m 100 200 2 469 350
b 100 3 469 350
b 105 2 383 317
b 109 2 469 484
b 109 3 469 484
b 112 0 495 116
m 112 13 0 495 116
m 112 118 0 495 116
m 112 221 0 495 116
m 112 230 0 495 116
b 113 0 411 125
m 113 192 0 411 125
m 113 221 0 411 125
m 113 230 0 411 125
b 113 1 411 125
m 113 192 1 411 125
m 113 221 1 411 125
m 113 230 1 411 125
b 113 2 411 125
m 113 29 2 411 125
m 113 149 2 411 125
m 113 192 2 411 125
m 113 221 2 411 125
m 113 230 2 411 125
m 113 236 2 411 125
b 116 0 32 2
b 116 1 32 2
b 116 2 32 2
b 116 3 32 2
b 122 3 323 61
m 122 170 3 11.222222222222223 178.11111111111111 0.3333333333333333
b 123 1 436 220
b 123 3 436 220
m 123 149 3 8.333333333333332 143.0 0.5125289256198348
m 123 215 3 8.333333333333332 143.0 0.5125289256198348
b 129 1 476 473
b 129 3 476 473
b 145 2 425 293
b 149 0 456 182
b 149 1 456 182
m 149 112 1 456 182
b 151 1 280 2
b 151 3 280 2
m 151 205 3 11.222222222222223 178.11111111111111 0.3333333333333333
b 170 0 341 60
b 170 1 341 60
b 190 3 319 171
m 190 127 3 9.888888888888888 163.66666666666669 0.011013402820153931
b 196 3 223 45
m 196 73 3 10.11111111111111 168.33333333333334 1.0
b 197 2 495 462
b 197 3 495 462
b 205 0 342 37
b 205 1 342 37
b 215 1 482 237
b 226 0 9 40
b 226 1 9 40
b 226 2 9 40
b 226 3 9 40
b 227 1 147 18
b 236 0 431 97
m 236 13 0 431 97
m 236 118 0 431 97
m 236 192 0 431 97
m 236 221 0 431 97
m 236 230 0 431 97
b 236 1 431 97
m 236 13 1 431 97
m 236 112 1 431 97
m 236 118 1 431 97
m 236 192 1 431 97
m 236 221 1 431 97
m 236 230 1 431 97
b 13 0 487 89
m 13 154 0 487 89
b 13 1 487 89
b 29 2 431 119
m 29 13 2 431 119
m 29 112 2 431 119
m 29 118 2 431 119
b 73 3 208 2
b 85 3 311 17
b 86 2 451 335
m 86 37 2 451 335
m 86 207 2 451 335
m 86 237 2 451 335
b 92 2 305 26
m 92 35 2 305 26
m 92 85 2 305 26
m 92 122 2 305 26
m 92 170 2 305 26
m 92 205 2 305 26
b 112 1 495 108
m 112 154 1 495 108
b 112 3 495 108
m 112 154 3 8.444444444444445 143.55555555555554 -1.0
b 113 3 411 137
m 113 29 3 9.0 142.4 0.18780798088895767
b 118 0 442 66
m 118 154 0 442 66
b 118 1 442 66
m 118 154 1 442 66
b 127 3 345 161
m 127 168 3 8.999999999999998 147.4 2.447422848923087E-4
b 149 2 461 194
m 149 8 2 461 194
m 149 22 2 461 194
m 149 58 2 461 194
m 149 63 2 461 194
m 149 81 2 461 194
m 149 83 2 461 194
m 149 123 2 461 194
m 149 134 2 461 194
m 149 180 2 461 194
m 149 188 2 461 194
m 149 215 2 461 194
b 149 3 461 194
m 149 168 3 7.699999999999999 129.29999999999998 1.0
b 151 2 290 9
m 151 35 2 290 9
m 151 85 2 290 9
m 151 205 2 290 9
b 170 3 332 67
b 176 2 423 248
m 176 15 2 423 248
m 176 19 2 423 248
m 176 37 2 423 248
m 176 58 2 423 248
m 176 123 2 423 248
m 176 134 2 423 248
m 176 184 2 423 248
m 176 188 2 423 248
m 176 215 2 423 248
m 176 232 2 423 248
b 192 0 473 51
m 192 154 0 473 51
b 192 1 473 51
m 192 154 1 473 51
b 192 2 473 51
m 192 154 2 473 51
b 200 2 485 295
b 205 3 334 45
b 215 3 472 243
b 221 0 450 72
m 221 154 0 450 72
b 221 1 450 72
m 221 154 1 450 72
b 221 2 450 72
m 221 154 2 450 72
b 230 0 475 66
m 230 154 0 475 66
b 230 1 475 66
m 230 154 1 475 66
b 230 2 475 66
m 230 154 2 475 66
b 236 2 422 105
m 236 13 2 422 105
m 236 118 2 422 105
b 8 2 464 156
b 13 2 484 101
m 13 154 2 484 101
b 15 2 367 241
m 15 115 2 367 241
b 19 2 377 188
b 22 2 487 201
b 29 3 430 131
m 29 221 3 8.636363636363637 131.72727272727275 0.2672614416905088
m 29 118 3 8.636363636363637 131.72727272727275 0.2672614416905088
b 35 2 340 20
b 37 2 443 291
b 58 2 480 217
b 63 2 454 162
b 81 2 458 183
b 83 2 497 239
b 85 2 299 15
b 112 2 488 98
m 112 154 2 488 98
b 118 2 431 71
b 122 2 345 69
b 123 2 413 228
b 134 2 464 221
b 168 3 394 176
m 168 236 3 8.272727272727272 134.0909090909091 2.474317605504659E-4
b 170 2 322 74
b 180 2 472 174
b 184 2 388 182
b 188 2 425 192
b 205 2 325 54
b 207 2 474 310
b 215 2 461 249
b 232 2 363 241
b 237 2 494 319
b 115 2 311 210
b 118 3 420 75
m 118 154 3 8.636363636363637 131.72727272727275 -1.0
b 221 3 440 50
m 221 154 3 8.636363636363637 131.72727272727275 -1.0
b 236 3 403 120
m 236 13 3 7.666666666666665 123.0 2.5012123620862315E-4
b 13 3 479 124
m 13 154 3 7.666666666666665 123.0 -1.0
