Key: 
t: node change direction (node id, x, y, new direction)
s: node start location (node id, x, y, start direction, buffer)
m: message transfer (sender id, target id, messageType, sender x, sender y
b: broadcast (node id, message type, x, y)
493 427 85 207
s 0 240 485 167 4
s 1 292 395 94 3
s 2 258 140 151 1
s 3 177 20 182 6
s 4 485 477 191 3
s 5 464 344 212 2
s 6 122 389 270 2
s 7 437 204 347 3
s 8 469 121 290 0
s 9 415 417 227 6
s 10 343 254 17 6
s 11 127 367 92 5
s 12 195 158 103 4
s 13 337 309 86 5
s 14 323 118 73 7
s 15 496 90 241 4
s 16 65 300 164 8
s 17 448 353 295 4
s 18 332 170 243 0
s 19 483 194 83 6
s 20 385 214 28 9
s 21 184 281 70 9
s 22 226 224 38 10
s 23 164 166 189 10
s 24 339 468 137 3
s 25 247 275 321 3
s 26 155 68 273 1
s 27 274 128 156 6
s 28 455 276 289 3
s 29 336 291 339 0
s 30 400 104 241 10
s 31 405 388 254 0
s 32 255 228 52 0
s 33 378 101 81 7
s 34 303 271 176 4
s 35 240 36 277 0
s 36 376 437 306 2
s 37 263 443 95 4
s 38 303 54 61 3
s 39 309 168 187 1
s 40 93 110 256 0
s 41 277 124 14 1
s 42 383 371 74 4
s 43 261 186 126 2
s 44 227 465 43 7
s 45 325 308 111 4
s 46 243 154 311 1
s 47 450 225 148 8
s 48 32 257 73 1
s 49 474 165 311 9
s 50 302 117 179 5
s 51 383 97 263 3
s 52 190 298 78 2
s 53 424 420 164 7
s 54 68 488 242 8
s 55 126 193 177 3
s 56 113 398 203 0
s 57 212 217 37 6
s 58 205 354 342 9
s 59 166 116 271 8
s 60 256 9 127 2
s 61 215 82 21 8
s 62 28 275 329 4
s 63 51 331 216 7
s 64 170 124 225 3
s 65 447 108 319 3
s 66 389 412 23 5
s 67 248 392 109 4
s 68 40 39 162 7
s 69 152 298 281 8
s 70 333 148 311 5
s 71 161 335 314 10
s 72 399 75 310 7
s 73 291 328 284 0
s 74 52 480 58 8
s 75 119 39 154 2
s 76 207 151 291 4
s 77 279 294 153 6
s 78 92 412 321 0
s 79 376 343 221 8
s 80 429 289 31 3
s 81 153 256 140 0
s 82 365 111 1 1
s 83 215 425 244 4
s 84 161 146 324 4
s 85 290 195 298 5
s 86 417 242 345 6
s 87 228 376 322 4
s 88 317 89 110 10
s 89 383 212 325 6
s 90 469 146 201 5
s 91 98 101 212 4
s 92 243 44 266 7
s 93 6 63 110 3
s 94 118 429 212 2
s 95 424 65 200 5
s 96 56 6 127 2
s 97 412 316 129 7
s 98 126 454 77 7
s 99 80 74 327 8
s 100 352 27 223 3
s 101 72 124 59 9
s 102 34 378 140 8
s 103 40 153 182 4
s 104 299 357 133 5
s 105 466 314 110 2
s 106 397 23 232 9
s 107 301 191 63 10
s 108 473 91 216 3
s 109 244 127 10 0
s 110 167 203 357 5
s 111 135 380 84 3
s 112 113 229 245 4
s 113 74 126 283 10
s 114 307 50 110 3
s 115 376 72 19 10
s 116 280 459 295 2
s 117 331 425 8 5
s 118 412 383 43 0
s 119 239 468 17 5
s 120 232 246 177 3
s 121 216 499 129 1
s 122 124 322 187 5
s 123 361 131 2 6
s 124 49 443 105 5
s 125 414 464 15 4
s 126 314 87 353 2
s 127 272 92 125 4
s 128 370 106 317 3
s 129 73 294 230 10
s 130 471 272 129 9
s 131 416 348 147 10
s 132 298 69 80 7
s 133 145 19 293 1
s 134 382 353 187 9
s 135 70 288 31 6
s 136 301 21 349 2
s 137 471 30 323 7
s 138 142 257 45 3
s 139 151 101 95 8
s 140 139 394 33 7
s 141 20 119 330 4
s 142 141 0 236 10
s 143 337 427 328 5
s 144 33 309 292 2
s 145 235 463 15 5
s 146 85 207 34 5
s 147 295 466 212 10
s 148 13 85 215 5
s 149 156 240 102 3
s 150 208 207 175 4
s 151 463 483 165 7
s 152 26 497 229 0
s 153 306 69 72 2
s 154 182 420 259 1
s 155 421 36 170 10
s 156 37 429 133 6
s 157 225 471 95 1
s 158 327 376 9 0
s 159 253 446 80 8
s 160 29 456 140 4
s 161 69 472 56 10
s 162 38 414 45 9
s 163 107 423 248 5
s 164 378 112 270 0
s 165 332 477 246 3
s 166 385 479 332 4
s 167 266 365 79 5
s 168 243 164 197 9
s 169 493 427 348 1
s 170 154 355 177 8
s 171 30 252 39 1
s 172 159 168 327 3
s 173 227 203 99 8
s 174 101 239 253 10
s 175 74 134 65 0
s 176 124 370 171 1
s 177 311 142 21 3
s 178 450 234 133 4
s 179 121 44 270 9
s 180 28 189 155 4
s 181 400 406 227 5
s 182 170 109 38 4
s 183 369 251 295 2
s 184 293 16 202 8
s 185 58 325 347 8
s 186 261 50 18 9
s 187 11 58 147 10
s 188 171 464 141 10
s 189 192 213 287 8
s 190 286 144 236 5
s 191 478 397 288 2
s 192 112 421 300 8
s 193 458 454 196 0
s 194 24 416 286 10
s 195 174 238 95 2
s 196 138 363 169 1
s 197 218 26 135 1
s 198 91 475 225 0
s 199 489 336 75 0
s 200 146 348 182 10
s 201 229 426 81 5
s 202 25 122 43 9
s 203 224 86 58 1
s 204 10 402 90 10
s 205 498 231 322 9
s 206 211 239 113 9
s 207 272 228 89 5
s 208 320 209 35 0
s 209 48 352 272 4
s 210 184 290 38 8
s 211 26 352 265 0
s 212 37 45 220 4
s 213 325 282 96 7
s 214 187 420 128 10
s 215 352 95 127 4
s 216 231 266 119 9
s 217 488 360 258 1
s 218 481 426 96 5
s 219 347 110 174 1
s 220 22 443 170 10
s 221 31 371 223 10
s 222 213 197 273 7
s 223 184 291 86 2
s 224 192 341 125 6
s 225 429 448 349 5
s 226 262 249 207 3
s 227 426 379 280 4
s 228 325 391 136 7
s 229 422 497 72 0
s 230 222 22 256 5
s 231 20 475 318 9
s 232 205 155 16 6
s 233 498 19 329 6
s 234 284 347 60 9
s 235 461 83 118 10
s 236 8 477 185 8
s 237 292 394 330 9
s 238 2 260 144 8
s 239 174 165 149 8
b 169 0 491 426
m 169 4 0 491 426
m 169 53 0 491 426
m 169 151 0 491 426
m 169 191 0 491 426
m 169 193 0 491 426
m 169 217 0 491 426
m 169 218 0 491 426
m 169 225 0 491 426
b 169 1 491 426
m 169 4 1 491 426
m 169 53 1 491 426
m 169 151 1 491 426
m 169 191 1 491 426
m 169 193 1 491 426
m 169 217 1 491 426
m 169 218 1 491 426
m 169 225 1 491 426
b 169 2 491 426
m 169 4 2 491 426
m 169 53 2 491 426
m 169 151 2 491 426
m 169 191 2 491 426
m 169 193 2 491 426
m 169 217 2 491 426
m 169 218 2 491 426
m 169 225 2 491 426
b 169 3 491 426
m 169 4 3 8.0 64.0 1.0
m 169 53 3 8.0 64.0 1.0
m 169 151 3 8.0 64.0 1.0
m 169 191 3 8.0 64.0 1.0
m 169 193 3 8.0 64.0 1.0
m 169 217 3 8.0 64.0 1.0
m 169 218 3 8.0 64.0 1.0
m 169 225 3 8.0 64.0 1.0
b 193 0 434 447
m 193 9 0 434 447
m 193 66 0 434 447
m 193 125 0 434 447
m 193 166 0 434 447
m 193 229 0 434 447
b 193 1 434 447
m 193 9 1 434 447
m 193 66 1 434 447
m 193 125 1 434 447
m 193 166 1 434 447
m 193 229 1 434 447
b 193 2 434 447
m 193 9 2 434 447
m 193 66 2 434 447
m 193 125 2 434 447
m 193 166 2 434 447
m 193 229 2 434 447
b 193 3 434 447
m 193 9 3 7.666666666666666 59.0 0.9068322981366459
m 193 229 3 7.666666666666666 59.0 0.9068322981366459
m 193 166 3 7.666666666666666 59.0 0.9068322981366459
m 193 125 3 7.666666666666666 59.0 0.9068322981366459
m 193 66 3 7.666666666666666 59.0 0.9068322981366459
b 217 0 483 334
m 217 5 0 483 334
m 217 17 0 483 334
m 217 80 0 483 334
m 217 105 0 483 334
m 217 199 0 483 334
b 217 1 483 334
m 217 5 1 483 334
m 217 17 1 483 334
m 217 80 1 483 334
m 217 105 1 483 334
m 217 199 1 483 334
b 217 2 483 334
m 217 5 2 483 334
m 217 17 2 483 334
m 217 80 2 483 334
m 217 105 2 483 334
m 217 199 2 483 334
b 217 3 483 334
m 217 80 3 7.666666666666666 59.0 0.9068322981366459
m 217 17 3 7.666666666666666 59.0 0.9068322981366459
m 217 5 3 7.666666666666666 59.0 0.9068322981366459
m 217 105 3 7.666666666666666 59.0 0.9068322981366459
m 217 199 3 7.666666666666666 59.0 0.9068322981366459
b 191 0 486 371
m 191 5 0 486 371
m 191 17 0 486 371
m 191 105 0 486 371
m 191 118 0 486 371
m 191 199 0 486 371
m 191 227 0 486 371
b 191 1 486 371
m 191 5 1 486 371
m 191 17 1 486 371
m 191 105 1 486 371
m 191 118 1 486 371
m 191 199 1 486 371
m 191 227 1 486 371
b 191 2 486 371
m 191 5 2 486 371
m 191 17 2 486 371
m 191 105 2 486 371
m 191 118 2 486 371
m 191 199 2 486 371
m 191 227 2 486 371
b 191 3 486 371
m 191 5 3 7.333333333333333 54.666666666666664 0.7705627705627707
m 191 105 3 7.333333333333333 54.666666666666664 0.7705627705627707
m 191 118 3 7.333333333333333 54.666666666666664 0.7705627705627707
m 191 227 3 7.333333333333333 54.666666666666664 0.7705627705627707
m 191 199 3 7.333333333333333 54.666666666666664 0.7705627705627707
b 4 0 457 472
m 4 125 0 457 472
m 4 166 0 457 472
m 4 229 0 457 472
b 4 1 457 472
b 4 2 457 472
m 4 125 2 457 472
m 4 166 2 457 472
m 4 229 2 457 472
b 4 3 457 472
m 4 125 3 6.333333333333333 45.666666666666664 0.3333333333333333
b 218 0 477 455
m 218 125 0 477 455
b 218 1 477 455
m 218 125 1 477 455
b 218 2 477 455
b 218 3 477 455
m 218 125 3 6.0 44.0 0.5
b 225 0 459 443
m 225 9 0 459 443
m 225 36 0 459 443
m 225 66 0 459 443
m 225 118 0 459 443
m 225 125 0 459 443
m 225 166 0 459 443
m 225 229 0 459 443
b 225 1 459 443
m 225 9 1 459 443
m 225 36 1 459 443
m 225 66 1 459 443
m 225 118 1 459 443
m 225 125 1 459 443
m 225 166 1 459 443
m 225 229 1 459 443
b 225 2 459 443
b 225 3 459 443
m 225 66 3 7.666666666666666 59.0 0.9068322981366459
m 225 36 3 7.666666666666666 59.0 0.9068322981366459
m 225 118 3 7.666666666666666 59.0 0.9068322981366459
m 225 9 3 7.666666666666666 59.0 0.9068322981366459
m 225 125 3 7.666666666666666 59.0 0.9068322981366459
m 225 229 3 7.666666666666666 59.0 0.9068322981366459
m 225 166 3 7.666666666666666 59.0 0.9068322981366459
b 53 0 393 429
m 53 9 0 393 429
m 53 31 0 393 429
m 53 36 0 393 429
m 53 42 0 393 429
m 53 66 0 393 429
m 53 117 0 393 429
m 53 118 0 393 429
m 53 125 0 393 429
m 53 131 0 393 429
m 53 143 0 393 429
m 53 166 0 393 429
m 53 181 0 393 429
m 53 229 0 393 429
b 53 1 393 429
m 53 9 1 393 429
m 53 31 1 393 429
m 53 36 1 393 429
m 53 42 1 393 429
m 53 66 1 393 429
m 53 117 1 393 429
m 53 118 1 393 429
m 53 125 1 393 429
m 53 131 1 393 429
m 53 143 1 393 429
m 53 166 1 393 429
m 53 181 1 393 429
m 53 229 1 393 429
b 53 2 393 429
m 53 9 2 393 429
m 53 31 2 393 429
m 53 36 2 393 429
m 53 42 2 393 429
m 53 66 2 393 429
m 53 117 2 393 429
m 53 118 2 393 429
m 53 125 2 393 429
m 53 131 2 393 429
m 53 143 2 393 429
m 53 166 2 393 429
m 53 181 2 393 429
m 53 229 2 393 429
b 53 3 393 429
m 53 9 3 10.333333333333332 117.66666666666666 1.0
m 53 31 3 10.333333333333332 117.66666666666666 1.0
m 53 36 3 10.333333333333332 117.66666666666666 1.0
m 53 42 3 10.333333333333332 117.66666666666666 1.0
m 53 66 3 10.333333333333332 117.66666666666666 1.0
m 53 117 3 10.333333333333332 117.66666666666666 1.0
m 53 118 3 10.333333333333332 117.66666666666666 1.0
m 53 125 3 10.333333333333332 117.66666666666666 1.0
m 53 131 3 10.333333333333332 117.66666666666666 1.0
m 53 143 3 10.333333333333332 117.66666666666666 1.0
m 53 166 3 10.333333333333332 117.66666666666666 1.0
m 53 181 3 10.333333333333332 117.66666666666666 1.0
m 53 229 3 10.333333333333332 117.66666666666666 1.0
b 151 0 432 492
m 151 125 0 432 492
m 151 166 0 432 492
m 151 229 0 432 492
b 151 1 432 492
m 151 125 1 432 492
m 151 166 1 432 492
m 151 229 1 432 492
b 151 2 432 492
b 151 3 432 492
m 151 125 3 6.333333333333333 45.666666666666664 0.3333333333333333
b 229 0 392 482
b 229 1 392 482
b 229 2 392 482
b 229 3 392 482
b 199 0 497 369
b 199 1 497 369
b 199 2 497 369
b 199 3 497 369
b 118 0 441 410
m 118 31 0 441 410
m 118 36 0 441 410
m 118 42 0 441 410
m 118 131 0 441 410
m 118 181 0 441 410
b 118 1 441 410
m 118 31 1 441 410
m 118 36 1 441 410
m 118 42 1 441 410
m 118 131 1 441 410
m 118 181 1 441 410
b 118 2 441 410
m 118 31 2 441 410
m 118 36 2 441 410
m 118 42 2 441 410
m 118 131 2 441 410
m 118 181 2 441 410
b 118 3 441 410
m 118 36 3 7.0 50.0 0.8077730451975925
m 118 31 3 7.0 50.0 0.8077730451975925
m 118 181 3 7.0 50.0 0.8077730451975925
m 118 131 3 7.0 50.0 0.8077730451975925
b 5 0 430 322
m 5 31 0 430 322
m 5 97 0 430 322
m 5 130 0 430 322
m 5 178 0 430 322
b 5 1 430 322
m 5 31 1 430 322
m 5 97 1 430 322
m 5 130 1 430 322
m 5 178 1 430 322
b 5 2 430 322
m 5 31 2 430 322
m 5 97 2 430 322
m 5 130 2 430 322
m 5 178 2 430 322
b 5 3 430 322
m 5 178 3 7.0 50.5 0.6353714608372993
m 5 97 3 7.0 50.5 0.6353714608372993
m 5 130 3 7.0 50.5 0.6353714608372993
b 105 0 452 352
m 105 31 0 452 352
m 105 97 0 452 352
m 105 130 0 452 352
m 105 131 0 452 352
b 105 1 452 352
m 105 31 1 452 352
m 105 97 1 452 352
m 105 130 1 452 352
m 105 131 1 452 352
b 105 2 452 352
m 105 31 2 452 352
m 105 97 2 452 352
m 105 130 2 452 352
m 105 131 2 452 352
b 105 3 452 352
m 105 131 3 6.75 48.25 0.35647363908233476
m 105 97 3 6.75 48.25 0.35647363908233476
b 80 0 464 310
m 80 28 0 464 310
m 80 86 0 464 310
m 80 130 0 464 310
m 80 178 0 464 310
m 80 205 0 464 310
b 80 1 464 310
m 80 28 1 464 310
m 80 86 1 464 310
m 80 130 1 464 310
m 80 178 1 464 310
m 80 205 1 464 310
b 80 2 464 310
m 80 28 2 464 310
m 80 86 2 464 310
m 80 130 2 464 310
m 80 178 2 464 310
m 80 205 2 464 310
b 80 3 464 310
m 80 86 3 7.5 56.5 0.9288161114248071
m 80 130 3 7.5 56.5 0.9288161114248071
m 80 28 3 7.5 56.5 0.9288161114248071
m 80 178 3 7.5 56.5 0.9288161114248071
m 80 205 3 7.5 56.5 0.9288161114248071
b 125 0 453 475
b 125 1 453 475
b 125 2 453 475
b 125 3 453 475
b 166 0 421 460
m 166 36 0 421 460
m 166 42 0 421 460
m 166 117 0 421 460
m 166 143 0 421 460
b 166 1 421 460
m 166 36 1 421 460
m 166 42 1 421 460
m 166 117 1 421 460
m 166 143 1 421 460
b 166 2 421 460
m 166 36 2 421 460
m 166 42 2 421 460
m 166 117 2 421 460
m 166 143 2 421 460
b 166 3 421 460
m 166 42 3 6.75 48.25 0.35647363908233476
m 166 36 3 6.75 48.25 0.35647363908233476
b 17 0 466 315
m 17 130 0 466 315
b 17 1 466 315
m 17 130 1 466 315
b 17 2 466 315
b 17 3 466 315
b 66 0 428 428
m 66 31 0 428 428
m 66 42 0 428 428
m 66 117 0 428 428
m 66 131 0 428 428
m 66 143 0 428 428
m 66 158 0 428 428
m 66 181 0 428 428
b 66 1 428 428
b 66 2 428 428
b 66 3 428 428
m 66 42 3 7.5 56.5 0.9288161114248071
m 66 31 3 7.5 56.5 0.9288161114248071
m 66 181 3 7.5 56.5 0.9288161114248071
m 66 158 3 7.5 56.5 0.9288161114248071
m 66 131 3 7.5 56.5 0.9288161114248071
m 66 143 3 7.5 56.5 0.9288161114248071
m 66 117 3 7.5 56.5 0.9288161114248071
b 9 0 386 386
m 9 31 0 386 386
m 9 42 0 386 386
m 9 97 0 386 386
m 9 117 0 386 386
m 9 131 0 386 386
m 9 143 0 386 386
m 9 158 0 386 386
m 9 181 0 386 386
b 9 1 386 386
m 9 31 1 386 386
m 9 42 1 386 386
m 9 97 1 386 386
m 9 117 1 386 386
m 9 131 1 386 386
m 9 143 1 386 386
m 9 158 1 386 386
m 9 181 1 386 386
b 9 2 386 386
b 9 3 386 386
m 9 31 3 8.0 64.5 1.0
m 9 42 3 8.0 64.5 1.0
m 9 97 3 8.0 64.5 1.0
m 9 117 3 8.0 64.5 1.0
m 9 131 3 8.0 64.5 1.0
m 9 143 3 8.0 64.5 1.0
m 9 158 3 8.0 64.5 1.0
m 9 181 3 8.0 64.5 1.0
b 227 0 433 337
m 227 97 0 433 337
m 227 130 0 433 337
b 227 1 433 337
m 227 97 1 433 337
m 227 130 1 433 337
b 227 2 433 337
m 227 97 2 433 337
m 227 130 2 433 337
b 227 3 433 337
m 227 130 3 6.0 42.0 0.5
m 227 97 3 6.0 42.0 0.5
b 31 0 393 345
m 31 13 0 393 345
m 31 79 0 393 345
m 31 97 0 393 345
m 31 134 0 393 345
m 31 158 0 393 345
b 31 1 393 345
m 31 13 1 393 345
m 31 79 1 393 345
m 31 97 1 393 345
m 31 134 1 393 345
m 31 158 1 393 345
b 31 2 393 345
m 31 13 2 393 345
m 31 79 2 393 345
m 31 97 2 393 345
m 31 134 2 393 345
m 31 158 2 393 345
b 31 3 393 345
m 31 134 3 9.0 94.5 0.2
m 31 97 3 9.0 94.5 0.2
b 36 0 402 402
m 36 97 0 402 402
m 36 158 0 402 402
b 36 1 402 402
m 36 97 1 402 402
m 36 158 1 402 402
b 36 3 402 402
m 36 158 3 6.25 45.25 0.5
m 36 97 3 6.25 45.25 0.5
b 36 2 403 400
m 36 97 2 403 400
m 36 158 2 403 400
b 42 0 396 417
m 42 97 0 396 417
m 42 158 0 396 417
b 42 1 396 417
m 42 97 1 396 417
m 42 158 1 396 417
b 42 2 396 417
m 42 97 2 396 417
m 42 158 2 396 417
b 42 3 396 417
b 117 0 380 432
m 117 116 0 380 432
m 117 158 0 380 432
m 117 165 0 380 432
b 117 1 380 432
m 117 116 1 380 432
m 117 158 1 380 432
m 117 165 1 380 432
b 117 2 380 432
m 117 116 2 380 432
m 117 158 2 380 432
m 117 165 2 380 432
b 117 3 380 432
m 117 158 3 9.0 94.5 0.2
m 117 116 3 9.0 94.5 0.2
b 143 0 379 401
m 143 97 0 379 401
m 143 158 0 379 401
m 143 165 0 379 401
m 143 237 0 379 401
b 143 1 379 401
m 143 97 1 379 401
m 143 158 1 379 401
m 143 165 1 379 401
m 143 237 1 379 401
b 143 2 379 401
b 143 3 379 401
m 143 97 3 9.75 104.25 0.25041806020066915
b 181 0 366 370
m 181 13 0 366 370
m 181 79 0 366 370
m 181 97 0 366 370
m 181 134 0 366 370
m 181 158 0 366 370
m 181 237 0 366 370
b 181 1 366 370
b 181 2 366 370
m 181 13 2 366 370
m 181 79 2 366 370
m 181 97 2 366 370
m 181 134 2 366 370
m 181 158 2 366 370
m 181 237 2 366 370
b 181 3 366 370
m 181 134 3 9.75 104.25 0.25041806020066915
b 131 0 370 378
m 131 13 0 370 378
m 131 79 0 370 378
m 131 134 0 370 378
m 131 237 0 370 378
b 131 1 370 378
m 131 13 1 370 378
m 131 79 1 370 378
m 131 134 1 370 378
m 131 237 1 370 378
b 131 2 370 378
m 131 13 2 370 378
m 131 79 2 370 378
m 131 134 2 370 378
m 131 158 2 370 378
m 131 237 2 370 378
b 131 3 370 378
m 131 13 3 9.0 94.5 0.2
m 131 79 3 9.0 94.5 0.2
b 158 0 381 384
m 158 13 0 381 384
m 158 45 0 381 384
m 158 79 0 381 384
m 158 134 0 381 384
m 158 234 0 381 384
m 158 237 0 381 384
b 158 3 381 384
m 158 13 3 7.2 52.400000000000006 0.816399875716646
m 158 79 3 7.2 52.400000000000006 0.816399875716646
m 158 45 3 7.2 52.400000000000006 0.816399875716646
m 158 234 3 7.2 52.400000000000006 0.816399875716646
m 158 134 3 7.2 52.400000000000006 0.816399875716646
b 158 1 382 385
m 158 45 1 382 385
m 158 234 1 382 385
m 158 237 1 382 385
b 28 0 474 223
m 28 7 0 474 223
m 28 19 0 474 223
m 28 20 0 474 223
b 28 1 474 223
m 28 7 1 474 223
m 28 19 1 474 223
m 28 20 1 474 223
b 28 2 474 223
b 28 3 474 223
m 28 20 3 7.0 50.2 0.6293203040674205
m 28 19 3 7.0 50.2 0.6293203040674205
b 158 2 383 385
m 158 45 2 383 385
m 158 234 2 383 385
m 158 237 2 383 385
b 178 0 412 275
m 178 10 0 412 275
m 178 19 0 412 275
m 178 20 0 412 275
m 178 29 0 412 275
m 178 47 0 412 275
m 178 183 0 412 275
b 178 1 412 275
b 178 2 412 275
m 178 10 2 412 275
m 178 19 2 412 275
m 178 20 2 412 275
m 178 29 2 412 275
m 178 47 2 412 275
m 178 183 2 412 275
b 178 3 412 275
m 178 10 3 7.0 50.2 0.8200360726077459
m 178 19 3 7.0 50.2 0.8200360726077459
m 178 183 3 7.0 50.2 0.8200360726077459
m 178 20 3 7.0 50.2 0.8200360726077459
m 178 29 3 7.0 50.2 0.8200360726077459
b 86 0 474 226
m 86 7 0 474 226
m 86 19 0 474 226
m 86 20 0 474 226
m 86 89 0 474 226
b 86 1 474 226
m 86 7 1 474 226
m 86 19 1 474 226
m 86 20 1 474 226
m 86 89 1 474 226
b 86 2 474 226
m 86 7 2 474 226
m 86 19 2 474 226
m 86 20 2 474 226
m 86 89 2 474 226
b 86 3 474 226
m 86 89 3 7.0 50.2 0.6293203040674205
m 86 19 3 7.0 50.2 0.6293203040674205
m 86 7 3 7.0 50.2 0.6293203040674205
m 86 20 3 7.0 50.2 0.6293203040674205
b 97 0 375 362
m 97 45 0 375 362
m 97 213 0 375 362
m 97 237 0 375 362
b 97 1 375 362
m 97 45 1 375 362
m 97 213 1 375 362
m 97 237 1 375 362
b 97 2 375 362
b 97 3 375 362
m 97 79 3 6.6 45.4 0.6696739952956
m 97 45 3 6.6 45.4 0.6696739952956
m 97 213 3 6.6 45.4 0.6696739952956
m 97 237 3 6.6 45.4 0.6696739952956
b 13 0 341 370
m 13 45 0 341 370
m 13 87 0 341 370
m 13 213 0 341 370
m 13 234 0 341 370
b 13 1 341 370
b 13 2 341 370
b 130 0 433 320
m 130 10 0 433 320
m 130 20 0 433 320
m 130 29 0 433 320
m 130 47 0 433 320
b 130 1 433 320
m 130 10 1 433 320
m 130 20 1 433 320
m 130 29 1 433 320
m 130 47 1 433 320
b 130 2 433 320
m 130 10 2 433 320
m 130 20 2 433 320
m 130 29 2 433 320
m 130 47 2 433 320
b 130 3 433 320
m 130 10 3 6.3999999999999995 43.6 0.5278786598120233
m 130 20 3 6.3999999999999995 43.6 0.5278786598120233
m 130 47 3 6.3999999999999995 43.6 0.5278786598120233
b 205 0 462 277
m 205 19 0 462 277
m 205 20 0 462 277
b 205 1 462 277
m 205 19 1 462 277
m 205 20 1 462 277
b 205 2 462 277
b 205 3 462 277
m 205 19 3 6.6 47.0 0.3333333333333333
b 116 0 307 402
m 116 1 0 307 402
m 116 45 0 307 402
m 116 104 0 307 402
m 116 119 0 307 402
m 116 147 0 307 402
m 116 167 0 307 402
m 116 228 0 307 402
m 116 234 0 307 402
b 116 1 307 402
m 116 1 1 307 402
m 116 45 1 307 402
m 116 104 1 307 402
m 116 119 1 307 402
m 116 147 1 307 402
m 116 167 1 307 402
m 116 228 1 307 402
m 116 234 1 307 402
b 116 2 307 402
m 116 1 2 307 402
m 116 45 2 307 402
m 116 104 2 307 402
m 116 119 2 307 402
m 116 147 2 307 402
m 116 167 2 307 402
m 116 228 2 307 402
m 116 234 2 307 402
b 116 3 307 402
m 116 45 3 9.8 109.39999999999999 0.3177063537965794
m 116 119 3 9.8 109.39999999999999 0.3177063537965794
m 116 104 3 9.8 109.39999999999999 0.3177063537965794
m 116 165 3 9.8 109.39999999999999 0.3177063537965794
b 79 0 328 301
m 79 29 0 328 301
m 79 32 0 328 301
m 79 45 0 328 301
m 79 73 0 328 301
m 79 207 0 328 301
m 79 213 0 328 301
b 79 1 328 301
m 79 29 1 328 301
m 79 32 1 328 301
m 79 45 1 328 301
m 79 73 1 328 301
m 79 207 1 328 301
m 79 213 1 328 301
b 79 2 328 301
m 79 29 2 328 301
m 79 32 2 328 301
m 79 45 2 328 301
m 79 73 2 328 301
m 79 207 2 328 301
m 79 213 2 328 301
b 165 0 306 419
m 165 1 0 306 419
m 165 24 0 306 419
m 165 104 0 306 419
m 165 119 0 306 419
m 165 145 0 306 419
m 165 147 0 306 419
m 165 167 0 306 419
m 165 228 0 306 419
m 165 234 0 306 419
b 165 1 306 419
m 165 1 1 306 419
m 165 24 1 306 419
m 165 104 1 306 419
m 165 119 1 306 419
m 165 145 1 306 419
m 165 147 1 306 419
m 165 167 1 306 419
m 165 228 1 306 419
m 165 234 1 306 419
b 165 2 306 419
b 134 0 318 346
m 134 45 0 318 346
m 134 87 0 318 346
m 134 213 0 318 346
m 134 234 0 318 346
b 134 1 318 346
b 134 2 318 346
m 134 45 2 318 346
m 134 87 2 318 346
m 134 213 2 318 346
m 134 234 2 318 346
b 134 3 318 346
m 134 234 3 8.4 82.8 0.24461152882205517
b 29 0 399 267
m 29 107 0 399 267
m 29 208 0 399 267
b 29 2 399 267
m 29 107 2 399 267
m 29 208 2 399 267
b 29 3 399 267
m 29 47 3 6.333333333333333 43.333333333333336 0.3333333333333333
b 45 0 300 373
m 45 58 0 300 373
m 45 87 0 300 373
m 45 104 0 300 373
m 45 167 0 300 373
m 45 213 0 300 373
m 45 228 0 300 373
b 45 3 300 373
m 45 58 3 7.333333333333333 54.33333333333333 1.0
m 45 87 3 7.333333333333333 54.33333333333333 1.0
m 45 104 3 7.333333333333333 54.33333333333333 1.0
m 45 167 3 7.333333333333333 54.33333333333333 1.0
m 45 213 3 7.333333333333333 54.33333333333333 1.0
m 45 228 3 7.333333333333333 54.33333333333333 1.0
m 45 237 3 7.333333333333333 54.33333333333333 1.0
b 183 0 398 187
m 183 33 0 398 187
m 183 90 0 398 187
m 183 123 0 398 187
m 183 177 0 398 187
m 183 208 0 398 187
b 183 2 398 187
b 183 3 398 187
m 183 208 3 7.166666666666666 52.5 0.9046177433181486
m 183 123 3 7.166666666666666 52.5 0.9046177433181486
m 183 33 3 7.166666666666666 52.5 0.9046177433181486
m 183 177 3 7.166666666666666 52.5 0.9046177433181486
m 183 47 3 7.166666666666666 52.5 0.9046177433181486
m 183 90 3 7.166666666666666 52.5 0.9046177433181486
b 237 0 353 359
m 237 87 0 353 359
b 237 1 353 359
b 237 2 353 359
m 237 87 2 353 359
m 237 213 2 353 359
b 7 0 494 198
m 7 49 0 494 198
b 7 1 494 198
b 13 3 342 380
m 13 87 3 7.6000000000000005 76.39999999999999 0.5
b 45 1 300 374
b 45 2 299 375
b 29 1 404 265
m 29 107 1 404 265
m 29 183 1 404 265
m 29 208 1 404 265
b 7 2 493 200
m 7 49 2 493 200
b 7 3 493 200
m 7 49 3 6.0 42.0 1.0
b 10 0 414 276
m 10 208 0 414 276
b 10 2 414 276
m 10 208 2 414 276
b 10 3 414 276
m 10 208 3 6.0 42.0 1.0
b 19 0 492 267
b 19 1 492 267
b 19 2 492 267
b 19 3 492 267
b 79 3 320 295
m 79 87 3 9.0 91.8 0.2923976608187135
m 79 207 3 9.0 91.8 0.2923976608187135
b 234 0 321 412
b 234 3 321 412
m 234 167 3 6.666666666666667 46.33333333333333 0.4721392201600249
b 32 0 302 287
m 32 22 0 302 287
m 32 25 0 302 287
m 32 34 0 302 287
m 32 57 0 302 287
m 32 58 0 302 287
m 32 107 0 302 287
b 32 1 302 287
m 32 22 1 302 287
m 32 25 1 302 287
m 32 34 1 302 287
m 32 57 1 302 287
m 32 58 1 302 287
m 32 87 1 302 287
m 32 107 1 302 287
b 32 2 302 287
b 47 0 385 265
m 47 107 0 385 265
m 47 208 0 385 265
b 47 2 385 265
b 73 0 309 254
m 73 22 0 309 254
m 73 25 0 309 254
m 73 34 0 309 254
m 73 57 0 309 254
m 73 107 0 309 254
m 73 208 0 309 254
b 73 1 309 254
m 73 22 1 309 254
m 73 25 1 309 254
m 73 34 1 309 254
m 73 57 1 309 254
m 73 107 1 309 254
m 73 208 1 309 254
b 73 2 309 254
b 234 1 322 413
b 20 0 453 250
m 20 208 0 453 250
b 20 1 453 250
m 20 183 1 453 250
m 20 208 1 453 250
b 20 2 453 250
b 20 3 453 250
m 20 208 3 6.0 42.0 1.0
b 87 0 288 329
m 87 21 0 288 329
m 87 58 0 288 329
m 87 77 0 288 329
m 87 210 0 288 329
b 89 0 446 168
m 89 33 0 446 168
m 89 49 0 446 168
m 89 82 0 446 168
m 89 90 0 446 168
m 89 123 0 446 168
m 89 177 0 446 168
m 89 235 0 446 168
b 89 1 446 168
m 89 33 1 446 168
m 89 49 1 446 168
m 89 82 1 446 168
m 89 90 1 446 168
m 89 123 1 446 168
m 89 177 1 446 168
m 89 183 1 446 168
m 89 235 1 446 168
b 89 2 446 168
m 89 33 2 446 168
m 89 49 2 446 168
m 89 82 2 446 168
m 89 90 2 446 168
m 89 123 2 446 168
m 89 177 2 446 168
m 89 235 2 446 168
b 89 3 446 168
m 89 33 3 7.0 50.0 0.8112071908911394
m 89 82 3 7.0 50.0 0.8112071908911394
m 89 90 3 7.0 50.0 0.8112071908911394
m 89 123 3 7.0 50.0 0.8112071908911394
m 89 177 3 7.0 50.0 0.8112071908911394
m 89 235 3 7.0 50.0 0.8112071908911394
b 234 2 322 414
b 1 0 286 473
m 1 37 0 286 473
m 1 44 0 286 473
m 1 121 0 286 473
m 1 157 0 286 473
m 1 159 0 286 473
m 1 201 0 286 473
b 1 1 286 473
m 1 37 1 286 473
m 1 44 1 286 473
m 1 121 1 286 473
m 1 157 1 286 473
m 1 159 1 286 473
m 1 201 1 286 473
b 1 2 286 473
b 165 3 300 406
m 165 121 3 9.166666666666666 97.16666666666667 0.16666666666666666
m 165 1 3 9.166666666666666 97.16666666666667 0.16666666666666666
b 213 0 316 359
m 213 58 0 316 359
b 213 1 316 359
b 213 3 316 359
m 213 32 3 6.166666666666667 40.5 0.5465707859346995
m 213 207 3 6.166666666666667 40.5 0.5465707859346995
m 213 87 3 6.166666666666667 40.5 0.5465707859346995
b 10 1 418 277
m 10 208 1 418 277
b 24 0 335 485
m 24 37 0 335 485
m 24 121 0 335 485
m 24 157 0 335 485
m 24 159 0 335 485
b 24 1 335 485
m 24 37 1 335 485
m 24 121 1 335 485
m 24 157 1 335 485
m 24 159 1 335 485
b 104 0 244 415
m 104 67 0 244 415
m 104 121 0 244 415
m 104 140 0 244 415
m 104 157 0 244 415
b 104 1 244 415
b 104 2 244 415
b 104 3 244 415
m 104 140 3 9.666666666666666 104.66666666666667 0.19166068802061562
b 119 0 316 492
m 119 37 0 316 492
m 119 44 0 316 492
m 119 121 0 316 492
m 119 157 0 316 492
m 119 159 0 316 492
m 119 201 0 316 492
b 119 1 316 492
m 119 37 1 316 492
m 119 44 1 316 492
m 119 121 1 316 492
m 119 157 1 316 492
m 119 159 1 316 492
m 119 201 1 316 492
b 119 2 316 492
m 119 24 2 316 492
m 119 37 2 316 492
m 119 44 2 316 492
m 119 121 2 316 492
m 119 145 2 316 492
m 119 157 2 316 492
m 119 159 2 316 492
m 119 201 2 316 492
b 119 3 316 492
m 119 228 3 10.0 111.33333333333334 0.261047367444686
m 119 167 3 10.0 111.33333333333334 0.261047367444686
m 119 121 3 10.0 111.33333333333334 0.261047367444686
b 167 0 281 443
m 167 37 0 281 443
m 167 44 0 281 443
m 167 67 0 281 443
m 167 121 0 281 443
m 167 157 0 281 443
m 167 159 0 281 443
m 167 201 0 281 443
b 167 1 281 443
m 167 37 1 281 443
m 167 44 1 281 443
m 167 67 1 281 443
m 167 121 1 281 443
m 167 157 1 281 443
m 167 159 1 281 443
m 167 201 1 281 443
b 167 2 281 443
m 167 24 2 281 443
m 167 37 2 281 443
m 167 44 2 281 443
m 167 67 2 281 443
m 167 121 2 281 443
m 167 145 2 281 443
m 167 157 2 281 443
m 167 159 2 281 443
m 167 201 2 281 443
b 208 0 385 255
m 208 14 0 385 255
b 208 2 385 255
m 208 14 2 385 255
b 237 3 361 354
m 237 87 3 5.666666666666667 38.0 1.0
b 47 1 381 268
m 47 107 1 381 268
m 47 208 1 381 268
b 47 3 381 268
m 47 208 3 5.666666666666666 37.0 0.05141892069010221
b 87 2 291 326
m 87 22 2 291 326
m 87 58 2 291 326
m 87 77 2 291 326
m 87 210 2 291 326
b 145 0 313 484
m 145 37 0 313 484
m 145 44 0 313 484
m 145 121 0 313 484
m 145 157 0 313 484
m 145 159 0 313 484
m 145 201 0 313 484
b 145 1 313 484
m 145 37 1 313 484
m 145 44 1 313 484
m 145 121 1 313 484
m 145 157 1 313 484
m 145 159 1 313 484
m 145 201 1 313 484
b 207 0 274 309
m 207 22 0 274 309
m 207 34 0 274 309
m 207 57 0 274 309
m 207 71 0 274 309
m 207 77 0 274 309
m 207 210 0 274 309
b 207 1 274 309
m 207 22 1 274 309
m 207 34 1 274 309
m 207 57 1 274 309
m 207 58 1 274 309
m 207 71 1 274 309
m 207 77 1 274 309
m 207 87 1 274 309
m 207 210 1 274 309
b 207 2 274 309
m 207 22 2 274 309
m 207 34 2 274 309
m 207 57 2 274 309
m 207 58 2 274 309
m 207 71 2 274 309
m 207 77 2 274 309
m 207 210 2 274 309
b 208 3 387 256
m 208 73 3 6.571428571428572 46.285714285714285 0.3333333333333333
b 228 0 266 448
m 228 37 0 266 448
m 228 44 0 266 448
m 228 67 0 266 448
m 228 121 0 266 448
m 228 157 0 266 448
m 228 159 0 266 448
m 228 201 0 266 448
b 228 1 266 448
m 228 37 1 266 448
m 228 44 1 266 448
m 228 67 1 266 448
m 228 121 1 266 448
m 228 157 1 266 448
m 228 159 1 266 448
m 228 201 1 266 448
b 228 2 266 448
m 228 24 2 266 448
m 228 37 2 266 448
m 228 44 2 266 448
m 228 67 2 266 448
m 228 121 2 266 448
m 228 145 2 266 448
m 228 157 2 266 448
m 228 159 2 266 448
m 228 201 2 266 448
b 213 2 316 364
m 213 58 2 316 364
b 147 0 223 421
m 147 44 0 223 421
m 147 52 0 223 421
m 147 67 0 223 421
m 147 121 0 223 421
m 147 140 0 223 421
m 147 157 0 223 421
b 147 1 223 421
m 147 44 1 223 421
m 147 52 1 223 421
m 147 67 1 223 421
m 147 121 1 223 421
m 147 140 1 223 421
m 147 157 1 223 421
b 147 2 223 421
m 147 44 2 223 421
m 147 52 2 223 421
m 147 67 2 223 421
m 147 121 2 223 421
m 147 140 2 223 421
m 147 157 2 223 421
b 177 0 390 173
m 177 14 0 390 173
m 177 41 0 390 173
m 177 85 0 390 173
m 177 153 0 390 173
m 177 215 0 390 173
m 177 235 0 390 173
b 177 3 390 173
m 177 85 3 7.428571428571429 56.57142857142857 0.9682911893033377
m 177 153 3 7.428571428571429 56.57142857142857 0.9682911893033377
m 177 41 3 7.428571428571429 56.57142857142857 0.9682911893033377
m 177 14 3 7.428571428571429 56.57142857142857 0.9682911893033377
m 177 235 3 7.428571428571429 56.57142857142857 0.9682911893033377
m 177 215 3 7.428571428571429 56.57142857142857 0.9682911893033377
b 208 1 390 258
m 208 14 1 390 258
b 87 3 295 323
m 87 210 3 7.0 50.14285714285714 0.46136922854248064
b 90 0 387 115
m 90 38 0 387 115
m 90 41 0 387 115
m 90 70 0 387 115
m 90 82 0 387 115
m 90 108 0 387 115
m 90 115 0 387 115
m 90 126 0 387 115
m 90 128 0 387 115
m 90 235 0 387 115
b 90 3 387 115
m 90 38 3 7.714285714285714 62.285714285714285 1.0
m 90 41 3 7.714285714285714 62.285714285714285 1.0
m 90 70 3 7.714285714285714 62.285714285714285 1.0
m 90 82 3 7.714285714285714 62.285714285714285 1.0
m 90 108 3 7.714285714285714 62.285714285714285 1.0
m 90 115 3 7.714285714285714 62.285714285714285 1.0
m 90 126 3 7.714285714285714 62.285714285714285 1.0
m 90 128 3 7.714285714285714 62.285714285714285 1.0
m 90 235 3 7.714285714285714 62.285714285714285 1.0
b 167 3 282 450
m 167 1 3 7.857142857142857 63.857142857142854 1.0
m 167 24 3 7.857142857142857 63.857142857142854 1.0
m 167 37 3 7.857142857142857 63.857142857142854 1.0
m 167 44 3 7.857142857142857 63.857142857142854 1.0
m 167 67 3 7.857142857142857 63.857142857142854 1.0
m 167 121 3 7.857142857142857 63.857142857142854 1.0
m 167 145 3 7.857142857142857 63.857142857142854 1.0
m 167 147 3 7.857142857142857 63.857142857142854 1.0
m 167 157 3 7.857142857142857 63.857142857142854 1.0
m 167 159 3 7.857142857142857 63.857142857142854 1.0
m 167 201 3 7.857142857142857 63.857142857142854 1.0
b 183 1 405 172
m 183 14 1 405 172
m 183 33 1 405 172
m 183 41 1 405 172
m 183 90 1 405 172
m 183 123 1 405 172
m 183 177 1 405 172
m 183 235 1 405 172
b 123 0 449 134
m 123 115 0 449 134
m 123 126 0 449 134
b 123 3 449 134
m 123 115 3 6.571428571428572 46.285714285714285 0.3333333333333333
b 33 0 392 189
m 33 14 0 392 189
m 33 41 0 392 189
b 33 3 392 189
m 33 14 3 6.714285714285714 47.285714285714285 0.08095140005913382
b 228 3 261 453
m 228 37 3 7.571428571428571 58.14285714285714 1.0
m 228 44 3 7.571428571428571 58.14285714285714 1.0
m 228 67 3 7.571428571428571 58.14285714285714 1.0
m 228 140 3 7.571428571428571 58.14285714285714 1.0
m 228 145 3 7.571428571428571 58.14285714285714 1.0
m 228 147 3 7.571428571428571 58.14285714285714 1.0
m 228 157 3 7.571428571428571 58.14285714285714 1.0
m 228 159 3 7.571428571428571 58.14285714285714 1.0
m 228 201 3 7.571428571428571 58.14285714285714 1.0
b 32 3 310 298
m 32 22 3 6.0 38.285714285714285 0.6705410252225237
m 32 25 3 6.0 38.285714285714285 0.6705410252225237
m 32 73 3 6.0 38.285714285714285 0.6705410252225237
m 32 107 3 6.0 38.285714285714285 0.6705410252225237
b 82 0 455 113
m 82 115 0 455 113
m 82 126 0 455 113
m 82 128 0 455 113
b 82 1 455 113
m 82 115 1 455 113
m 82 126 1 455 113
m 82 128 1 455 113
b 82 2 455 113
m 82 115 2 455 113
m 82 126 2 455 113
m 82 128 2 455 113
b 82 3 455 113
m 82 128 3 6.714285714285714 46.42857142857142 0.5288701606720267
m 82 126 3 6.714285714285714 46.42857142857142 0.5288701606720267
b 107 0 342 271
b 107 2 342 271
b 25 0 318 218
m 25 14 0 318 218
m 25 215 0 318 218
m 25 232 0 318 218
b 25 1 318 218
m 25 14 1 318 218
m 25 215 1 318 218
m 25 232 1 318 218
b 58 0 292 326
b 58 3 292 326
m 58 77 3 6.857142857142857 48.857142857142854 0.0886524822695034
b 121 0 289 443
b 121 1 289 443
m 121 67 1 289 443
m 121 140 1 289 443
b 121 3 289 443
m 121 37 3 9.142857142857142 94.85714285714286 0.2248263888888889
m 121 24 3 9.142857142857142 94.85714285714286 0.2248263888888889
m 121 145 3 9.142857142857142 94.85714285714286 0.2248263888888889
b 157 0 280 472
b 157 1 280 472
m 157 67 1 280 472
m 157 140 1 280 472
b 207 3 274 319
m 207 73 3 8.833333333333334 87.16666666666667 0.2677213611003171
m 207 34 3 8.833333333333334 87.16666666666667 0.2677213611003171
b 34 0 211 277
m 34 146 0 211 277
b 34 1 211 277
m 34 146 1 211 277
b 49 0 493 190
b 87 1 300 319
m 87 210 1 300 319
b 177 1 396 175
m 177 14 1 396 175
m 177 41 1 396 175
m 177 153 1 396 175
b 177 2 396 175
m 177 41 2 396 175
m 177 153 2 396 175
b 1 3 285 488
m 1 24 3 9.0 92.42857142857143 0.21263227513227512
m 1 145 3 9.0 92.42857142857143 0.21263227513227512
b 121 2 291 442
b 157 2 282 472
m 157 140 2 282 472
b 37 0 278 466
b 37 1 278 466
m 37 140 1 278 466
b 57 0 287 273
m 57 43 0 287 273
m 57 173 0 287 273
b 57 1 287 273
m 57 43 1 287 273
m 57 173 1 287 273
b 73 3 314 237
m 73 107 3 6.500000000000001 45.0 0.5033204205866075
m 73 22 3 6.500000000000001 45.0 0.5033204205866075
m 73 25 3 6.500000000000001 45.0 0.5033204205866075
m 73 14 3 6.500000000000001 45.0 0.5033204205866075
b 90 1 381 113
m 90 38 1 381 113
m 90 41 1 381 113
m 90 70 1 381 113
m 90 115 1 381 113
m 90 126 1 381 113
m 90 186 1 381 113
b 90 2 381 113
b 24 2 350 479
b 49 2 493 193
b 49 3 493 193
b 77 0 195 337
m 77 52 0 195 337
m 77 78 0 195 337
m 77 83 0 195 337
m 77 135 0 195 337
m 77 138 0 195 337
m 77 149 0 195 337
m 77 154 0 195 337
m 77 173 0 195 337
m 77 185 0 195 337
m 77 192 0 195 337
m 77 195 0 195 337
m 77 206 0 195 337
m 77 216 0 195 337
m 77 223 0 195 337
b 107 1 344 275
b 123 1 456 134
m 123 115 1 456 134
m 123 126 1 456 134
b 123 2 456 134
m 123 115 2 456 134
m 123 126 2 456 134
b 201 0 259 486
m 201 0 0 259 486
b 201 1 259 486
m 201 0 1 259 486
m 201 140 1 259 486
b 33 1 393 196
m 33 14 1 393 196
m 33 41 1 393 196
b 33 2 393 196
m 33 41 2 393 196
b 37 2 279 464
m 37 140 2 279 464
b 67 0 217 482
m 67 0 0 217 482
b 67 1 217 482
m 67 0 1 217 482
m 67 140 1 217 482
b 67 2 217 482
m 67 0 2 217 482
m 67 140 2 217 482
b 34 2 206 278
b 44 0 215 493
m 44 0 0 215 493
b 44 1 215 493
m 44 0 1 215 493
b 58 1 298 324
b 145 2 329 488
b 201 2 261 484
m 201 0 2 261 484
b 210 0 260 350
m 210 138 0 260 350
m 210 216 0 260 350
b 21 0 217 374
m 21 78 0 217 374
m 21 83 0 217 374
m 21 138 0 217 374
m 21 154 0 217 374
m 21 195 0 217 374
m 21 206 0 217 374
m 21 216 0 217 374
m 21 223 0 217 374
b 22 0 303 285
b 22 1 303 285
b 41 0 372 148
m 41 38 0 372 148
m 41 109 0 372 148
m 41 132 0 372 148
b 41 3 372 148
m 41 38 3 7.25 54.0 0.5208350563153277
b 49 1 492 196
b 159 0 303 482
b 159 1 303 482
b 14 0 352 212
m 14 88 0 352 212
m 14 109 0 352 212
m 14 132 0 352 212
m 14 232 0 352 212
b 14 2 352 212
b 44 2 213 492
b 52 0 210 395
m 52 78 0 210 395
m 52 83 0 210 395
m 52 138 0 210 395
m 52 154 0 210 395
m 52 192 0 210 395
m 52 195 0 210 395
m 52 206 0 210 395
m 52 216 0 210 395
m 52 223 0 210 395
m 52 224 0 210 395
b 52 1 210 395
m 52 21 1 210 395
m 52 78 1 210 395
m 52 83 1 210 395
m 52 138 1 210 395
m 52 154 1 210 395
m 52 192 1 210 395
m 52 195 1 210 395
m 52 206 1 210 395
m 52 216 1 210 395
m 52 223 1 210 395
m 52 224 1 210 395
b 52 2 210 395
m 52 21 2 210 395
m 52 78 2 210 395
m 52 83 2 210 395
m 52 138 2 210 395
m 52 154 2 210 395
m 52 192 2 210 395
m 52 195 2 210 395
m 52 206 2 210 395
m 52 216 2 210 395
m 52 223 2 210 395
m 52 224 2 210 395
b 57 2 291 276
m 57 25 2 291 276
m 57 43 2 291 276
b 77 1 191 339
b 77 2 191 339
m 77 21 2 191 339
m 77 78 2 191 339
m 77 83 2 191 339
m 77 135 2 191 339
m 77 138 2 191 339
m 77 149 2 191 339
m 77 154 2 191 339
m 77 173 2 191 339
m 77 185 2 191 339
m 77 192 2 191 339
m 77 195 2 191 339
m 77 206 2 191 339
m 77 216 2 191 339
m 77 223 2 191 339
b 140 0 222 448
m 140 0 0 222 448
b 140 3 222 448
m 140 0 3 8.857142857142858 92.0 0.25
b 153 0 337 164
m 153 61 0 337 164
m 153 88 0 337 164
m 153 109 0 337 164
m 153 114 0 337 164
m 153 132 0 337 164
m 153 203 0 337 164
m 153 232 0 337 164
b 153 3 337 164
m 153 25 3 7.75 62.0 1.0
m 153 61 3 7.75 62.0 1.0
m 153 88 3 7.75 62.0 1.0
m 153 109 3 7.75 62.0 1.0
m 153 114 3 7.75 62.0 1.0
m 153 132 3 7.75 62.0 1.0
m 153 203 3 7.75 62.0 1.0
m 153 232 3 7.75 62.0 1.0
b 235 0 415 170
b 235 1 415 170
m 235 115 1 415 170
b 235 2 415 170
m 235 41 2 415 170
m 235 115 2 415 170
b 235 3 415 170
b 41 1 374 148
m 41 38 1 374 148
m 41 85 1 374 148
m 41 109 1 374 148
m 41 132 1 374 148
m 41 153 1 374 148
m 41 215 1 374 148
b 157 3 289 469
b 159 2 305 481
b 126 0 414 75
m 126 100 0 414 75
m 126 164 0 414 75
m 126 186 0 414 75
b 126 3 414 75
m 126 164 3 7.625 60.625 0.45595105263803215
b 210 1 264 352
m 210 21 1 264 352
m 210 138 1 264 352
m 210 216 1 264 352
b 210 2 264 352
m 210 21 2 264 352
m 210 138 2 264 352
m 210 216 2 264 352
b 215 0 291 175
m 215 61 0 291 175
m 215 88 0 291 175
m 215 109 0 291 175
m 215 110 0 291 175
m 215 114 0 291 175
m 215 132 0 291 175
m 215 182 0 291 175
m 215 203 0 291 175
m 215 232 0 291 175
b 215 3 291 175
m 215 61 3 7.75 62.0 1.0
m 215 88 3 7.75 62.0 1.0
m 215 109 3 7.75 62.0 1.0
m 215 110 3 7.75 62.0 1.0
m 215 114 3 7.75 62.0 1.0
m 215 132 3 7.75 62.0 1.0
m 215 182 3 7.75 62.0 1.0
m 215 203 3 7.75 62.0 1.0
m 215 232 3 7.75 62.0 1.0
b 24 3 357 476
b 38 0 353 143
m 38 18 0 353 143
m 38 46 0 353 143
m 38 61 0 353 143
m 38 109 0 353 143
m 38 132 0 353 143
m 38 186 0 353 143
b 38 3 353 143
m 38 61 3 7.875 64.625 0.7549239591124404
m 38 46 3 7.875 64.625 0.7549239591124404
m 38 109 3 7.875 64.625 0.7549239591124404
m 38 18 3 7.875 64.625 0.7549239591124404
m 38 132 3 7.875 64.625 0.7549239591124404
m 38 186 3 7.875 64.625 0.7549239591124404
b 58 2 302 322
b 85 0 338 105
m 85 18 0 338 105
m 85 46 0 338 105
m 85 61 0 338 105
m 85 109 0 338 105
m 85 114 0 338 105
m 85 132 0 338 105
m 85 155 0 338 105
m 85 186 0 338 105
b 85 3 338 105
m 85 18 3 7.625 59.625 0.9383897076664447
m 85 61 3 7.625 59.625 0.9383897076664447
m 85 114 3 7.625 59.625 0.9383897076664447
m 85 132 3 7.625 59.625 0.9383897076664447
m 85 155 3 7.625 59.625 0.9383897076664447
m 85 109 3 7.625 59.625 0.9383897076664447
m 85 186 3 7.625 59.625 0.9383897076664447
m 85 46 3 7.625 59.625 0.9383897076664447
b 108 0 391 31
m 108 15 0 391 31
m 108 30 0 391 31
m 108 51 0 391 31
m 108 72 0 391 31
m 108 95 0 391 31
m 108 100 0 391 31
m 108 106 0 391 31
m 108 136 0 391 31
m 108 155 0 391 31
m 108 164 0 391 31
m 108 186 0 391 31
b 108 3 391 31
m 108 51 3 8.25 72.5 0.9908376963350785
m 108 72 3 8.25 72.5 0.9908376963350785
m 108 95 3 8.25 72.5 0.9908376963350785
m 108 155 3 8.25 72.5 0.9908376963350785
m 108 100 3 8.25 72.5 0.9908376963350785
m 108 106 3 8.25 72.5 0.9908376963350785
m 108 186 3 8.25 72.5 0.9908376963350785
m 108 136 3 8.25 72.5 0.9908376963350785
m 108 30 3 8.25 72.5 0.9908376963350785
m 108 164 3 8.25 72.5 0.9908376963350785
m 108 15 3 8.25 72.5 0.9908376963350785
b 128 0 445 36
m 128 8 0 445 36
m 128 15 0 445 36
m 128 51 0 445 36
m 128 65 0 445 36
m 128 72 0 445 36
m 128 106 0 445 36
m 128 136 0 445 36
m 128 137 0 445 36
m 128 164 0 445 36
m 128 233 0 445 36
b 128 3 445 36
m 128 65 3 8.0 67.0 0.8532068062827223
m 128 51 3 8.0 67.0 0.8532068062827223
m 128 72 3 8.0 67.0 0.8532068062827223
m 128 164 3 8.0 67.0 0.8532068062827223
m 128 106 3 8.0 67.0 0.8532068062827223
m 128 136 3 8.0 67.0 0.8532068062827223
m 128 137 3 8.0 67.0 0.8532068062827223
m 128 15 3 8.0 67.0 0.8532068062827223
m 128 233 3 8.0 67.0 0.8532068062827223
b 22 2 307 288
m 22 25 2 307 288
b 37 3 282 458
b 67 3 214 489
m 67 0 3 7.125 56.375 0.5
b 71 0 232 261
m 71 12 0 232 261
m 71 43 0 232 261
m 71 138 0 232 261
m 71 173 0 232 261
m 71 206 0 232 261
b 71 1 232 261
b 71 2 232 261
b 14 1 354 217
m 14 38 1 354 217
m 14 88 1 354 217
m 14 109 1 354 217
m 14 132 1 354 217
b 14 3 354 217
m 14 132 3 7.0 51.5 0.25
m 14 109 3 7.0 51.5 0.25
b 70 0 401 70
m 70 30 0 401 70
m 70 95 0 401 70
m 70 100 0 401 70
m 70 155 0 401 70
m 70 164 0 401 70
m 70 186 0 401 70
b 70 3 401 70
m 70 30 3 7.625 60.625 0.45595105263803215
m 70 95 3 7.625 60.625 0.45595105263803215
m 70 164 3 7.625 60.625 0.45595105263803215
b 126 1 417 74
m 126 70 1 417 74
m 126 100 1 417 74
m 126 108 1 417 74
m 126 164 1 417 74
m 126 186 1 417 74
b 126 2 417 74
m 126 70 2 417 74
m 126 100 2 417 74
m 126 108 2 417 74
m 126 164 2 417 74
m 126 186 2 417 74
b 140 1 227 451
m 140 0 1 227 451
b 140 2 227 451
b 145 3 335 490
b 201 3 267 481
m 201 0 3 7.0 56.0 1.0
b 25 3 329 209
m 25 203 3 6.125 39.625 0.8542525540761571
m 25 110 3 6.125 39.625 0.8542525540761571
m 25 132 3 6.125 39.625 0.8542525540761571
m 25 88 3 6.125 39.625 0.8542525540761571
m 25 232 3 6.125 39.625 0.8542525540761571
b 41 2 379 150
m 41 38 2 379 150
m 41 85 2 379 150
m 41 109 2 379 150
m 41 132 2 379 150
b 128 1 447 34
m 128 8 1 447 34
m 128 15 1 447 34
m 128 65 1 447 34
m 128 72 1 447 34
m 128 106 1 447 34
m 128 108 1 447 34
m 128 136 1 447 34
m 128 137 1 447 34
m 128 164 1 447 34
m 128 233 1 447 34
b 128 2 447 34
m 128 8 2 447 34
m 128 15 2 447 34
m 128 65 2 447 34
m 128 70 2 447 34
m 128 72 2 447 34
m 128 106 2 447 34
m 128 108 2 447 34
m 128 136 2 447 34
m 128 137 2 447 34
m 128 164 2 447 34
m 128 233 2 447 34
b 44 3 206 492
m 44 0 3 7.125 56.375 0.5
m 44 111 3 7.125 56.375 0.5
b 153 1 339 170
m 153 61 1 339 170
m 153 85 1 339 170
m 153 88 1 339 170
m 153 109 1 339 170
m 153 114 1 339 170
m 153 132 1 339 170
m 153 203 1 339 170
b 153 2 339 170
m 153 25 2 339 170
m 153 38 2 339 170
m 153 61 2 339 170
m 153 85 2 339 170
m 153 88 2 339 170
m 153 109 2 339 170
m 153 114 2 339 170
m 153 132 2 339 170
m 153 203 2 339 170
m 153 215 2 339 170
m 153 232 2 339 170
b 210 3 267 355
m 210 21 3 6.75 47.0 0.47636344556035626
m 210 216 3 6.75 47.0 0.47636344556035626
b 34 3 196 278
m 34 146 3 8.833333333333334 87.16666666666667 -1.0
b 78 0 175 344
m 78 224 0 175 344
b 159 3 311 478
b 215 1 288 180
m 215 61 1 288 180
m 215 85 1 288 180
m 215 88 1 288 180
m 215 109 1 288 180
m 215 110 1 288 180
m 215 114 1 288 180
m 215 132 1 288 180
m 215 182 1 288 180
m 215 203 1 288 180
b 43 0 198 273
m 43 146 0 198 273
b 43 1 198 273
m 43 146 1 198 273
b 154 0 161 314
m 154 146 0 161 314
b 38 1 356 149
m 38 46 1 356 149
m 38 61 1 356 149
m 38 85 1 356 149
m 38 109 1 356 149
m 38 132 1 356 149
b 77 3 182 343
m 77 78 3 8.0 74.75 0.14711336662324478
m 77 21 3 8.0 74.75 0.14711336662324478
m 77 83 3 8.0 74.75 0.14711336662324478
b 115 0 479 108
m 115 65 0 479 108
m 115 137 0 479 108
m 115 233 0 479 108
b 115 3 479 108
m 115 137 3 7.125 55.625 0.3333333333333333
b 147 3 203 409
m 147 0 3 7.5 59.0 0.2
m 147 52 3 7.5 59.0 0.2
b 195 0 164 347
m 195 6 0 164 347
m 195 171 0 164 347
b 223 0 192 400
m 223 224 0 192 400
b 232 0 310 186
m 232 61 0 310 186
m 232 88 0 310 186
m 232 110 0 310 186
m 232 114 0 310 186
m 232 182 0 310 186
m 232 203 0 310 186
b 232 1 310 186
m 232 61 1 310 186
m 232 88 1 310 186
m 232 109 1 310 186
m 232 110 1 310 186
m 232 114 1 310 186
m 232 132 1 310 186
m 232 182 1 310 186
m 232 203 1 310 186
b 109 0 353 146
m 109 46 0 353 146
m 109 61 0 353 146
m 109 114 0 353 146
m 109 186 0 353 146
m 109 203 0 353 146
b 138 0 220 335
b 149 0 133 347
m 149 6 0 133 347
m 149 81 0 133 347
m 149 171 0 133 347
m 149 238 0 133 347
b 0 0 210 454
m 0 188 0 210 454
b 0 1 210 454
m 0 188 1 210 454
b 70 1 406 64
m 70 30 1 406 64
m 70 100 1 406 64
m 70 108 1 406 64
m 70 136 1 406 64
m 70 164 1 406 64
b 78 1 178 342
m 78 135 1 178 342
m 78 149 1 178 342
m 78 171 1 178 342
m 78 185 1 178 342
b 78 2 178 342
m 78 171 2 178 342
b 83 0 167 325
m 83 146 0 167 325
b 109 3 354 146
m 109 186 3 7.111111111111112 55.55555555555556 0.5
m 109 46 3 7.111111111111112 55.55555555555556 0.5
b 0 2 211 453
m 0 188 2 211 453
b 22 3 314 293
m 22 57 3 5.375 33.625 1.0
b 107 3 352 290
m 107 57 3 5.375 33.625 1.0
b 109 1 355 146
m 109 46 1 355 146
m 109 61 1 355 146
m 109 114 1 355 146
m 109 203 1 355 146
b 115 1 482 109
m 115 65 1 482 109
m 115 137 1 482 109
m 115 233 1 482 109
b 115 2 482 109
m 115 65 2 482 109
m 115 137 2 482 109
m 115 233 2 482 109
b 154 1 161 310
m 154 146 1 161 310
b 154 2 161 310
m 154 146 2 161 310
b 203 0 283 181
m 203 110 0 283 181
m 203 127 0 283 181
m 203 172 0 283 181
m 203 182 0 283 181
b 203 3 283 181
m 203 110 3 7.555555555555556 59.111111111111114 0.3753501400560224
m 203 172 3 7.555555555555556 59.111111111111114 0.3753501400560224
b 43 2 195 277
m 43 146 2 195 277
b 135 0 167 346
m 135 6 0 167 346
m 135 171 0 167 346
b 164 0 377 1
b 164 3 377 1
b 195 1 164 351
b 195 2 164 351
m 195 6 2 164 351
m 195 171 2 164 351
b 223 1 192 404
m 223 135 1 192 404
b 223 2 192 404
b 8 0 482 16
b 18 0 280 69
m 18 35 0 280 69
m 18 76 0 280 69
m 18 84 0 280 69
m 18 142 0 280 69
m 18 172 0 280 69
m 18 189 0 280 69
m 18 190 0 280 69
m 18 219 0 280 69
b 18 3 280 69
m 18 35 3 8.0 66.44444444444444 0.7445312834638661
m 18 219 3 8.0 66.44444444444444 0.7445312834638661
m 18 189 3 8.0 66.44444444444444 0.7445312834638661
m 18 190 3 8.0 66.44444444444444 0.7445312834638661
m 18 172 3 8.0 66.44444444444444 0.7445312834638661
m 18 142 3 8.0 66.44444444444444 0.7445312834638661
b 25 2 336 204
m 25 88 2 336 204
m 25 110 2 336 204
m 25 132 2 336 204
m 25 203 2 336 204
m 25 215 2 336 204
m 25 232 2 336 204
b 114 0 268 157
m 114 39 0 268 157
m 114 84 0 268 157
m 114 127 0 268 157
m 114 172 0 268 157
m 114 189 0 268 157
m 114 219 0 268 157
m 114 222 0 268 157
b 114 3 268 157
m 114 39 3 7.666666666666667 60.55555555555556 0.5921325051759834
m 114 172 3 7.666666666666667 60.55555555555556 0.5921325051759834
m 114 222 3 7.666666666666667 60.55555555555556 0.5921325051759834
m 114 189 3 7.666666666666667 60.55555555555556 0.5921325051759834
m 114 84 3 7.666666666666667 60.55555555555556 0.5921325051759834
b 138 1 223 338
m 138 135 1 223 338
m 138 185 1 223 338
b 138 2 223 338
b 149 2 132 351
b 173 0 209 315
m 173 146 0 209 315
b 173 1 209 315
m 173 146 1 209 315
b 0 3 212 450
m 0 52 3 8.375 83.625 0.30856542032107503
b 46 0 319 67
m 46 35 0 319 67
m 46 76 0 319 67
m 46 84 0 319 67
m 46 172 0 319 67
b 46 3 319 67
m 46 35 3 7.444444444444445 59.22222222222222 0.25
m 46 172 3 7.444444444444445 59.22222222222222 0.25
b 83 1 165 321
b 83 2 165 321
m 83 146 2 165 321
b 185 0 170 300
m 185 146 0 170 300
b 186 1 370 85
b 192 0 170 321
m 192 146 0 170 321
b 100 0 366 65
b 136 0 409 9
b 136 3 409 9
b 164 1 374 2
m 164 30 1 374 2
m 164 51 1 374 2
m 164 95 1 374 2
b 164 2 374 2
m 164 30 2 374 2
m 164 51 2 374 2
m 164 95 2 374 2
b 206 0 166 346
m 206 6 0 166 346
m 206 171 0 166 346
b 216 0 174 367
b 8 1 481 14
b 8 2 481 14
b 51 0 367 19
b 51 3 367 19
b 65 0 451 52
b 65 3 451 52
m 65 8 3 7.222222222222221 59.66666666666667 1.0
b 85 1 345 92
m 85 18 1 345 92
m 85 46 1 345 92
m 85 61 1 345 92
m 85 155 1 345 92
b 100 3 367 66
b 109 2 360 147
b 132 0 318 184
b 135 2 170 348
b 182 0 262 181
m 182 39 0 262 181
m 182 127 0 262 181
m 182 172 0 262 181
m 182 219 0 262 181
b 182 3 262 181
m 182 172 3 7.444444444444445 57.88888888888889 0.06396588486140709
b 224 0 125 437
m 224 11 0 125 437
m 224 74 0 125 437
m 224 102 0 125 437
m 224 111 0 125 437
m 224 188 0 125 437
m 224 220 0 125 437
m 224 231 0 125 437
b 224 1 125 437
m 224 11 1 125 437
m 224 74 1 125 437
m 224 102 1 125 437
m 224 111 1 125 437
m 224 188 1 125 437
m 224 220 1 125 437
m 224 231 1 125 437
b 224 2 125 437
m 224 11 2 125 437
m 224 74 2 125 437
m 224 102 2 125 437
m 224 111 2 125 437
m 224 188 2 125 437
m 224 220 2 125 437
m 224 231 2 125 437
b 232 3 318 188
b 15 0 446 16
b 15 3 446 16
m 15 8 3 7.444444444444444 64.55555555555556 1.0
b 110 0 285 196
m 110 127 0 285 196
b 110 3 285 196
m 110 127 3 7.111111111111112 55.55555555555556 0.5
b 132 3 318 185
b 12 0 169 274
m 12 146 0 169 274
b 61 0 326 125
m 61 35 0 326 125
m 61 172 0 326 125
b 61 3 326 125
m 61 172 3 7.111111111111112 55.55555555555556 0.5
m 61 35 3 7.111111111111112 55.55555555555556 0.5
b 95 0 313 24
b 95 3 313 24
b 100 1 368 68
b 100 2 368 68
m 100 30 2 368 68
m 100 46 2 368 68
m 100 51 2 368 68
m 100 95 2 368 68
m 100 155 2 368 68
b 108 1 377 21
m 108 30 1 377 21
m 108 51 1 377 21
m 108 95 1 377 21
b 108 2 377 21
m 108 30 2 377 21
m 108 51 2 377 21
m 108 95 2 377 21
b 132 1 318 186
b 136 1 410 12
m 136 30 1 410 12
m 136 51 1 410 12
b 136 2 410 12
m 136 30 2 410 12
m 136 51 2 410 12
b 173 2 208 320
m 173 146 2 208 320
b 185 2 174 299
m 185 146 2 174 299
b 192 1 172 318
m 192 146 1 172 318
b 192 2 172 318
m 192 146 2 172 318
b 203 1 287 187
m 203 127 1 287 187
b 203 2 287 187
m 203 110 2 287 187
m 203 127 2 287 187
m 203 182 2 287 187
b 21 1 225 394
b 21 2 225 394
b 38 2 362 159
b 65 1 448 51
b 65 2 448 51
b 206 1 164 350
m 206 135 1 164 350
m 206 149 1 164 350
m 206 171 1 164 350
m 206 185 1 164 350
b 206 2 164 350
b 216 1 172 371
m 216 135 1 172 371
m 216 149 1 172 371
m 216 171 1 172 371
m 216 185 1 172 371
b 216 2 172 371
m 216 171 2 172 371
b 233 0 457 66
b 233 3 457 66
m 233 8 3 7.222222222222221 59.66666666666667 1.0
b 15 1 446 19
b 15 2 446 19
b 70 2 412 57
b 72 0 462 24
b 72 3 462 24
m 72 8 3 7.444444444444444 64.55555555555556 1.0
b 78 3 186 336
m 78 146 3 8.0 74.75 -1.0
b 88 0 275 203
m 88 127 0 275 203
b 88 3 275 203
m 88 127 3 7.0 55.22222222222223 1.0
b 111 3 148 498
m 111 98 3 7.222222222222221 57.22222222222223 0.8748047637641546
m 111 188 3 7.222222222222221 57.22222222222223 0.8748047637641546
m 111 224 3 7.222222222222221 57.22222222222223 0.8748047637641546
m 111 74 3 7.222222222222221 57.22222222222223 0.8748047637641546
m 111 236 3 7.222222222222221 57.22222222222223 0.8748047637641546
m 111 214 3 7.222222222222221 57.22222222222223 0.8748047637641546
m 111 162 3 7.222222222222221 57.22222222222223 0.8748047637641546
b 114 1 266 164
m 114 39 1 266 164
m 114 127 1 266 164
m 114 172 1 266 164
m 114 189 1 266 164
m 114 219 1 266 164
b 114 2 266 164
m 114 39 2 266 164
m 114 110 2 266 164
m 114 127 2 266 164
m 114 172 2 266 164
m 114 182 2 266 164
m 114 189 2 266 164
m 114 219 2 266 164
b 137 0 440 52
b 137 3 440 52
m 137 8 3 7.222222222222221 59.66666666666667 1.0
b 46 1 323 62
m 46 18 1 323 62
m 46 30 1 323 62
m 46 35 1 323 62
m 46 76 1 323 62
m 46 84 1 323 62
m 46 95 1 323 62
m 46 155 1 323 62
m 46 172 1 323 62
b 81 0 59 335
m 81 16 0 59 335
m 81 48 0 59 335
m 81 56 0 59 335
m 81 63 0 59 335
m 81 94 0 59 335
m 81 122 0 59 335
m 81 163 0 59 335
m 81 170 0 59 335
m 81 194 0 59 335
m 81 196 0 59 335
m 81 200 0 59 335
m 81 221 0 59 335
b 85 2 347 87
m 85 18 2 347 87
m 85 46 2 347 87
m 85 155 2 347 87
b 171 0 125 329
m 171 48 0 125 329
m 171 120 0 125 329
m 171 163 0 125 329
b 186 0 377 87
b 215 2 279 192
m 215 110 2 279 192
m 215 182 2 279 192
b 6 0 122 266
m 6 146 0 122 266
b 52 3 215 419
m 52 223 3 6.888888888888889 52.888888888888886 0.5
m 52 138 3 6.888888888888889 52.888888888888886 0.5
b 106 0 473 21
b 106 3 473 21
m 106 8 3 7.444444444444444 64.55555555555556 1.0
b 182 1 266 185
b 186 3 378 88
b 233 1 454 67
b 233 2 454 67
b 30 0 345 5
b 30 3 345 5
b 72 1 462 27
b 72 2 462 27
b 110 1 291 196
m 110 127 1 291 196
b 132 2 319 191
b 137 1 438 54
b 137 2 438 54
b 155 0 299 57
m 155 35 0 299 57
b 155 3 299 57
m 155 35 3 7.111111111111111 54.0 0.3333333333333333
b 171 1 127 330
m 171 6 1 127 330
m 171 48 1 127 330
m 171 81 1 127 330
m 171 120 1 127 330
m 171 163 1 127 330
m 171 238 1 127 330
b 171 2 127 330
m 171 6 2 127 330
m 171 48 2 127 330
m 171 81 2 127 330
m 171 120 2 127 330
m 171 163 2 127 330
m 171 238 2 127 330
b 232 2 324 190
m 232 110 2 324 190
m 232 182 2 324 190
b 83 3 161 312
m 83 146 3 8.0 74.75 -1.0
b 186 2 380 88
b 35 0 273 86
b 35 3 273 86
m 35 76 3 7.3 59.9 1.0
b 61 1 332 127
m 61 35 1 332 127
m 61 155 1 332 127
m 61 172 1 332 127
b 61 2 332 127
m 61 35 2 332 127
m 61 46 2 332 127
m 61 155 2 332 127
m 61 172 2 332 127
b 88 1 273 207
m 88 127 1 273 207
b 106 1 475 22
b 106 2 475 22
b 149 1 130 363
m 149 81 1 130 363
m 149 231 1 130 363
m 149 238 1 130 363
b 6 2 122 262
b 21 3 227 401
m 21 195 3 6.666666666666667 45.77777777777778 0.5621680413445197
m 21 138 3 6.666666666666667 45.77777777777778 0.5621680413445197
b 39 0 183 152
m 39 2 0 183 152
m 39 27 0 183 152
m 39 50 0 183 152
m 39 60 0 183 152
m 39 69 0 183 152
m 39 168 0 183 152
m 39 226 0 183 152
b 39 3 183 152
m 39 2 3 7.800000000000001 62.6 0.7152329530846155
m 39 50 3 7.800000000000001 62.6 0.7152329530846155
m 39 168 3 7.800000000000001 62.6 0.7152329530846155
m 39 60 3 7.800000000000001 62.6 0.7152329530846155
m 39 226 3 7.800000000000001 62.6 0.7152329530846155
m 39 127 3 7.800000000000001 62.6 0.7152329530846155
b 172 0 265 99
b 172 3 265 99
b 216 3 169 377
m 216 185 3 7.333333333333333 57.77777777777778 0.7237577307405582
m 216 138 3 7.333333333333333 57.77777777777778 0.7237577307405582
m 216 192 3 7.333333333333333 57.77777777777778 0.7237577307405582
m 216 173 3 7.333333333333333 57.77777777777778 0.7237577307405582
m 216 171 3 7.333333333333333 57.77777777777778 0.7237577307405582
m 216 223 3 7.333333333333333 57.77777777777778 0.7237577307405582
m 216 149 3 7.333333333333333 57.77777777777778 0.7237577307405582
m 216 195 3 7.333333333333333 57.77777777777778 0.7237577307405582
b 219 0 221 123
m 219 50 0 221 123
m 219 60 0 221 123
b 219 3 221 123
m 219 127 3 7.5 60.699999999999996 0.3333333333333333
b 88 2 273 209
m 88 127 2 273 209
m 88 182 2 273 209
b 127 0 199 197
m 127 2 0 199 197
m 127 27 0 199 197
m 127 50 0 199 197
m 127 69 0 199 197
m 127 226 0 199 197
b 8 3 474 4
b 18 1 274 55
m 18 35 1 274 55
m 18 76 1 274 55
m 18 84 1 274 55
m 18 142 1 274 55
m 18 172 1 274 55
m 18 189 1 274 55
m 18 190 1 274 55
m 18 222 1 274 55
b 135 1 180 354
b 57 3 316 295
m 57 71 3 4.888888888888888 30.0 1.0
b 76 0 254 30
m 76 92 0 254 30
b 84 0 266 70
m 84 92 0 266 70
b 84 3 266 70
m 84 76 3 7.1000000000000005 54.9 0.5
m 84 92 3 7.1000000000000005 54.9 0.5
b 238 0 104 337
m 238 16 0 104 337
m 238 48 0 104 337
m 238 163 0 104 337
m 238 170 0 104 337
m 238 194 0 104 337
m 238 200 0 104 337
b 51 1 364 33
b 51 2 364 33
b 110 2 298 196
b 185 1 186 296
m 185 146 1 186 296
b 190 0 213 35
m 190 26 0 213 35
m 190 59 0 213 35
m 190 92 0 213 35
m 190 99 0 213 35
m 190 184 0 213 35
b 190 3 213 35
m 190 76 3 7.9 64.7 0.5469660098940464
m 190 92 3 7.9 64.7 0.5469660098940464
m 190 59 3 7.9 64.7 0.5469660098940464
b 46 2 330 55
m 46 18 2 330 55
m 46 35 2 330 55
m 46 84 2 330 55
m 46 172 2 330 55
b 111 0 159 494
m 111 162 0 159 494
m 111 214 0 159 494
m 111 236 0 159 494
b 111 1 159 494
m 111 162 1 159 494
m 111 214 1 159 494
m 111 236 1 159 494
b 111 2 159 494
b 30 1 350 13
b 95 1 299 19
b 95 2 299 19
b 188 0 145 422
m 188 214 0 145 422
m 188 236 0 145 422
b 188 1 145 422
m 188 214 1 145 422
m 188 236 1 145 422
b 222 0 220 64
m 222 26 0 220 64
m 222 50 0 220 64
m 222 60 0 220 64
m 222 92 0 220 64
m 222 179 0 220 64
m 222 184 0 220 64
b 222 3 220 64
m 222 184 3 7.6000000000000005 59.4 0.5992362620105249
m 222 60 3 7.6000000000000005 59.4 0.5992362620105249
m 222 26 3 7.6000000000000005 59.4 0.5992362620105249
m 222 76 3 7.6000000000000005 59.4 0.5992362620105249
m 222 50 3 7.6000000000000005 59.4 0.5992362620105249
b 11 0 123 496
m 11 98 0 123 496
m 11 124 0 123 496
m 11 152 0 123 496
m 11 160 0 123 496
m 11 162 0 123 496
m 11 214 0 123 496
m 11 236 0 123 496
b 11 1 123 496
m 11 98 1 123 496
m 11 124 1 123 496
m 11 152 1 123 496
m 11 160 1 123 496
m 11 162 1 123 496
m 11 214 1 123 496
m 11 236 1 123 496
b 11 2 123 496
b 18 2 271 51
b 35 1 276 94
m 35 142 1 276 94
m 35 222 1 276 94
b 39 1 176 151
m 39 2 1 176 151
m 39 27 1 176 151
m 39 50 1 176 151
m 39 60 1 176 151
m 39 69 1 176 151
m 39 168 1 176 151
m 39 197 1 176 151
m 39 226 1 176 151
b 39 2 176 151
m 39 2 2 176 151
m 39 27 2 176 151
m 39 50 2 176 151
m 39 60 2 176 151
m 39 69 2 176 151
m 39 168 2 176 151
m 39 197 2 176 151
m 39 226 2 176 151
b 56 0 8 358
m 56 54 0 8 358
m 56 176 0 8 358
m 56 198 0 8 358
b 127 3 195 202
m 127 226 3 7.1000000000000005 54.9 0.8588226607350525
m 127 27 3 7.1000000000000005 54.9 0.8588226607350525
m 127 2 3 7.1000000000000005 54.9 0.8588226607350525
m 127 71 3 7.1000000000000005 54.9 0.8588226607350525
m 127 69 3 7.1000000000000005 54.9 0.8588226607350525
b 188 2 145 421
m 188 214 2 145 421
m 188 236 2 145 421
b 189 0 231 85
m 189 50 0 231 85
m 189 60 0 231 85
m 189 92 0 231 85
b 189 3 231 85
m 189 50 3 7.6000000000000005 61.4 0.25
m 189 76 3 7.6000000000000005 61.4 0.25
b 219 1 214 124
m 219 50 1 214 124
m 219 60 1 214 124
m 219 69 1 214 124
m 219 92 1 214 124
m 219 142 1 214 124
m 219 222 1 214 124
b 219 2 214 124
m 219 35 2 214 124
m 219 50 2 214 124
m 219 60 2 214 124
m 219 69 2 214 124
m 219 84 2 214 124
m 219 92 2 214 124
m 219 142 2 214 124
m 219 222 2 214 124
b 48 0 71 386
m 48 54 0 71 386
m 48 156 0 71 386
m 48 176 0 71 386
m 48 198 0 71 386
b 127 1 195 203
m 127 2 1 195 203
m 127 27 1 195 203
m 127 69 1 195 203
m 127 226 1 195 203
b 127 2 195 203
m 127 2 2 195 203
m 127 27 2 195 203
m 127 69 2 195 203
m 127 226 2 195 203
b 182 2 276 192
b 196 0 6 389
m 196 54 0 6 389
m 196 156 0 6 389
m 196 176 0 6 389
m 196 198 0 6 389
b 81 1 48 344
m 81 16 1 48 344
m 81 54 1 48 344
m 81 56 1 48 344
m 81 63 1 48 344
m 81 94 1 48 344
m 81 122 1 48 344
m 81 170 1 48 344
m 81 194 1 48 344
m 81 196 1 48 344
m 81 198 1 48 344
m 81 200 1 48 344
m 81 221 1 48 344
b 81 2 48 344
m 81 16 2 48 344
m 81 54 2 48 344
m 81 56 2 48 344
m 81 63 2 48 344
m 81 94 2 48 344
m 81 122 2 48 344
m 81 170 2 48 344
m 81 194 2 48 344
m 81 196 2 48 344
m 81 198 2 48 344
m 81 200 2 48 344
m 81 221 2 48 344
b 94 0 3 357
m 94 54 0 3 357
m 94 156 0 3 357
m 94 176 0 3 357
m 94 198 0 3 357
b 142 0 254 77
m 142 60 0 254 77
m 142 92 0 254 77
b 142 3 254 77
m 142 76 3 7.5 60.699999999999996 0.3333333333333333
b 172 1 273 94
m 172 142 1 273 94
m 172 222 1 273 94
b 172 2 273 94
m 172 35 2 273 94
m 172 76 2 273 94
m 172 84 2 273 94
m 172 142 2 273 94
m 172 222 2 273 94
b 48 1 72 388
m 48 16 1 72 388
m 48 54 1 72 388
m 48 56 1 72 388
m 48 63 1 72 388
m 48 94 1 72 388
m 48 156 1 72 388
m 48 170 1 72 388
m 48 176 1 72 388
m 48 196 1 72 388
m 48 198 1 72 388
m 48 200 1 72 388
m 48 221 1 72 388
b 48 2 72 388
b 74 0 160 435
m 74 152 0 160 435
m 74 162 0 160 435
m 74 214 0 160 435
m 74 236 0 160 435
b 74 1 160 435
m 74 152 1 160 435
m 74 162 1 160 435
m 74 214 1 160 435
m 74 236 1 160 435
b 74 2 160 435
m 74 152 2 160 435
m 74 162 2 160 435
m 74 214 2 160 435
m 74 236 2 160 435
b 102 0 93 404
m 102 98 0 93 404
m 102 124 0 93 404
m 102 152 0 93 404
m 102 156 0 93 404
b 102 1 93 404
m 102 98 1 93 404
m 102 124 1 93 404
m 102 152 1 93 404
m 102 156 1 93 404
m 102 170 1 93 404
m 102 196 1 93 404
m 102 221 1 93 404
b 102 2 93 404
b 120 0 95 253
m 120 62 0 95 253
m 120 101 0 95 253
m 120 139 0 95 253
m 120 150 0 95 253
m 120 175 0 95 253
m 120 180 0 95 253
m 120 202 0 95 253
m 120 209 0 95 253
m 120 239 0 95 253
b 223 3 194 428
m 223 206 3 6.5 48.5 0.6774433296172426
m 223 195 3 6.5 48.5 0.6774433296172426
m 223 135 3 6.5 48.5 0.6774433296172426
b 6 1 122 251
m 6 2 1 122 251
m 6 12 1 122 251
m 6 62 1 122 251
m 6 101 1 122 251
m 6 139 1 122 251
m 6 150 1 122 251
m 6 175 1 122 251
m 6 180 1 122 251
m 6 202 1 122 251
b 30 2 353 17
b 35 2 277 97
m 35 76 2 277 97
m 35 84 2 277 97
m 35 142 2 277 97
m 35 222 2 277 97
b 76 1 257 22
m 76 92 1 257 22
m 76 99 1 257 22
m 76 142 1 257 22
m 76 190 1 257 22
m 76 222 1 257 22
b 84 1 272 65
m 84 142 1 272 65
m 84 190 1 272 65
m 84 222 1 272 65
b 138 3 240 355
m 138 135 3 6.8 51.2 0.8370275646490479
m 138 173 3 6.8 51.2 0.8370275646490479
m 138 206 3 6.8 51.2 0.8370275646490479
m 138 185 3 6.8 51.2 0.8370275646490479
b 231 0 123 382
m 231 124 0 123 382
m 231 156 0 123 382
b 231 1 123 382
m 231 124 1 123 382
m 231 156 1 123 382
m 231 221 1 123 382
b 231 2 123 382
m 231 124 2 123 382
m 231 156 2 123 382
m 231 221 2 123 382
b 120 1 93 253
m 120 2 1 93 253
m 120 12 1 93 253
m 120 62 1 93 253
m 120 101 1 93 253
m 120 139 1 93 253
m 120 150 1 93 253
m 120 175 1 93 253
m 120 180 1 93 253
m 120 194 1 93 253
m 120 202 1 93 253
m 120 209 1 93 253
m 120 239 1 93 253
b 120 2 93 253
m 120 2 2 93 253
m 120 12 2 93 253
m 120 62 2 93 253
m 120 101 2 93 253
m 120 139 2 93 253
m 120 150 2 93 253
m 120 175 2 93 253
m 120 180 2 93 253
m 120 194 2 93 253
m 120 202 2 93 253
m 120 209 2 93 253
m 120 239 2 93 253
b 122 0 16 302
m 122 54 0 16 302
b 155 1 284 60
m 155 142 1 284 60
b 163 0 55 294
b 220 0 118 436
m 220 98 0 118 436
m 220 124 0 118 436
m 220 152 0 118 436
m 220 156 0 118 436
m 220 160 0 118 436
m 220 162 0 118 436
m 220 214 0 118 436
m 220 236 0 118 436
b 220 1 118 436
m 220 98 1 118 436
m 220 124 1 118 436
m 220 152 1 118 436
m 220 156 1 118 436
m 220 160 1 118 436
m 220 162 1 118 436
m 220 214 1 118 436
m 220 221 1 118 436
m 220 236 1 118 436
b 220 2 118 436
b 224 3 112 455
m 224 124 3 7.3 57.9 0.8737395524840766
m 224 11 3 7.3 57.9 0.8737395524840766
m 224 152 3 7.3 57.9 0.8737395524840766
m 224 231 3 7.3 57.9 0.8737395524840766
m 224 160 3 7.3 57.9 0.8737395524840766
m 224 220 3 7.3 57.9 0.8737395524840766
b 2 0 136 208
m 2 62 0 136 208
m 2 101 0 136 208
m 2 139 0 136 208
m 2 150 0 136 208
m 2 175 0 136 208
m 2 180 0 136 208
m 2 202 0 136 208
b 2 3 136 208
m 2 180 3 8.181818181818182 70.0 0.8535809330608366
m 2 175 3 8.181818181818182 70.0 0.8535809330608366
m 2 27 3 8.181818181818182 70.0 0.8535809330608366
m 2 6 3 8.181818181818182 70.0 0.8535809330608366
m 2 62 3 8.181818181818182 70.0 0.8535809330608366
m 2 150 3 8.181818181818182 70.0 0.8535809330608366
m 2 101 3 8.181818181818182 70.0 0.8535809330608366
m 2 69 3 8.181818181818182 70.0 0.8535809330608366
m 2 139 3 8.181818181818182 70.0 0.8535809330608366
m 2 120 3 8.181818181818182 70.0 0.8535809330608366
m 2 202 3 8.181818181818182 70.0 0.8535809330608366
b 98 3 55 451
m 98 11 3 7.5 61.5 1.0
m 98 102 3 7.5 61.5 1.0
m 98 124 3 7.5 61.5 1.0
m 98 152 3 7.5 61.5 1.0
m 98 156 3 7.5 61.5 1.0
m 98 160 3 7.5 61.5 1.0
m 98 161 3 7.5 61.5 1.0
m 98 204 3 7.5 61.5 1.0
m 98 220 3 7.5 61.5 1.0
m 98 221 3 7.5 61.5 1.0
b 171 3 139 340
m 171 154 3 7.5 60.1 0.4636300623469326
m 171 135 3 7.5 60.1 0.4636300623469326
m 171 206 3 7.5 60.1 0.4636300623469326
m 171 12 3 7.5 60.1 0.4636300623469326
b 60 0 171 121
m 60 26 0 171 121
m 60 92 0 171 121
m 60 179 0 171 121
m 60 197 0 171 121
b 60 3 171 121
m 60 197 3 7.7272727272727275 61.36363636363636 0.5219362352234355
m 60 69 3 7.7272727272727275 61.36363636363636 0.5219362352234355
m 60 26 3 7.7272727272727275 61.36363636363636 0.5219362352234355
m 60 92 3 7.7272727272727275 61.36363636363636 0.5219362352234355
b 63 0 42 362
m 63 54 0 42 362
m 63 156 0 42 362
m 63 176 0 42 362
m 63 198 0 42 362
b 74 3 164 433
m 74 220 3 7.0 54.0 0.3921347068047578
b 155 2 282 60
b 163 1 54 292
m 163 16 1 54 292
m 163 56 1 54 292
m 163 63 1 54 292
m 163 122 1 54 292
m 163 170 1 54 292
m 163 194 1 54 292
m 163 200 1 54 292
b 163 2 54 292
b 189 1 233 78
m 189 60 1 233 78
m 189 92 1 233 78
b 189 2 233 78
b 195 3 161 379
m 195 231 3 6.4 42.800000000000004 0.3068367469980564
b 236 3 111 465
m 236 204 3 7.2 56.4 0.7627927252292739
m 236 102 3 7.2 56.4 0.7627927252292739
m 236 124 3 7.2 56.4 0.7627927252292739
m 236 220 3 7.2 56.4 0.7627927252292739
m 236 160 3 7.2 56.4 0.7627927252292739
m 236 152 3 7.2 56.4 0.7627927252292739
b 16 0 75 314
b 76 3 258 19
m 76 99 3 6.7272727272727275 54.54545454545455 1.0
b 149 3 126 378
m 149 48 3 7.3 56.9 0.22198722849976799
m 149 206 3 7.3 56.9 0.22198722849976799
b 162 3 120 477
m 162 11 3 7.0 54.0 0.3921347068047578
b 170 0 12 362
m 170 54 0 12 362
m 170 156 0 12 362
m 170 176 0 12 362
m 170 198 0 12 362
b 226 0 136 185
m 226 62 0 136 185
m 226 101 0 136 185
m 226 139 0 136 185
m 226 202 0 136 185
b 226 3 136 185
m 226 27 3 8.09090909090909 67.9090909090909 0.814655148959369
m 226 6 3 8.09090909090909 67.9090909090909 0.814655148959369
m 226 62 3 8.09090909090909 67.9090909090909 0.814655148959369
m 226 69 3 8.09090909090909 67.9090909090909 0.814655148959369
m 226 101 3 8.09090909090909 67.9090909090909 0.814655148959369
m 226 139 3 8.09090909090909 67.9090909090909 0.814655148959369
b 188 3 147 412
m 188 206 3 7.1 55.1 0.6105836066335104
m 188 102 3 7.1 55.1 0.6105836066335104
m 188 220 3 7.1 55.1 0.6105836066335104
b 214 3 108 459
m 214 11 3 7.2 56.4 0.7627927252292739
m 214 152 3 7.2 56.4 0.7627927252292739
m 214 160 3 7.2 56.4 0.7627927252292739
m 214 220 3 7.2 56.4 0.7627927252292739
b 26 0 150 76
m 26 141 0 150 76
m 26 179 0 150 76
m 26 187 0 150 76
m 26 197 0 150 76
b 50 0 158 120
m 50 179 0 158 120
m 50 197 0 158 120
b 50 3 158 120
m 50 69 3 7.545454545454545 59.18181818181818 0.17644635300263495
b 194 0 63 278
m 194 180 0 63 278
m 194 209 0 63 278
m 194 239 0 63 278
b 200 0 2 343
m 200 54 0 2 343
m 200 176 0 2 343
m 200 198 0 2 343
b 221 0 68 419
m 221 98 0 68 419
m 221 124 0 68 419
m 221 152 0 68 419
m 221 156 0 68 419
m 221 160 0 68 419
m 221 176 0 68 419
m 221 198 0 68 419
b 238 1 115 345
b 238 2 115 345
m 238 16 2 115 345
m 238 194 2 115 345
b 27 0 142 187
m 27 62 0 142 187
m 27 139 0 142 187
m 27 197 0 142 187
m 27 202 0 142 187
b 26 3 150 78
m 26 141 3 7.454545454545455 57.27272727272727 0.5129915352214909
m 26 179 3 7.454545454545455 57.27272727272727 0.5129915352214909
b 152 0 108 477
m 152 204 0 108 477
b 152 1 108 477
m 152 204 1 108 477
m 152 221 1 108 477
b 190 1 204 23
m 190 26 1 204 23
m 190 59 1 204 23
m 190 99 1 204 23
m 190 184 1 204 23
b 198 0 16 373
b 2 1 130 212
b 2 2 130 212
b 69 0 180 154
m 69 62 0 180 154
m 69 197 0 180 154
m 69 202 0 180 154
b 173 3 204 348
m 173 146 3 7.333333333333333 57.77777777777778 -1.0
b 176 0 17 377
b 185 3 201 292
m 185 146 3 7.333333333333333 57.77777777777778 -1.0
b 192 3 186 293
m 192 146 3 7.333333333333333 57.77777777777778 -1.0
b 197 1 114 130
m 197 26 1 114 130
m 197 112 1 114 130
m 197 144 1 114 130
m 197 174 1 114 130
m 197 179 1 114 130
b 197 2 114 130
b 56 1 17 369
b 56 2 17 369
b 60 1 167 127
m 60 26 1 167 127
m 60 179 1 167 127
b 60 2 167 127
b 84 2 280 59
b 168 0 101 121
m 168 112 0 101 121
m 168 144 0 101 121
m 168 174 0 101 121
m 168 197 0 101 121
b 168 3 101 121
m 168 179 3 7.545454545454545 59.18181818181818 0.17644635300263495
b 198 1 17 372
b 198 2 17 372
b 222 1 221 49
m 222 26 1 221 49
m 222 99 1 221 49
m 222 184 1 221 49
b 92 0 170 79
m 92 141 0 170 79
b 92 3 170 79
m 92 179 3 6.8181818181818175 51.36363636363636 0.7573919107391911
m 92 141 3 6.8181818181818175 51.36363636363636 0.7573919107391911
b 152 2 111 478
m 152 98 2 111 478
m 152 124 2 111 478
m 152 160 2 111 478
m 152 204 2 111 478
b 175 0 137 269
m 175 146 0 137 269
b 196 1 9 388
b 196 2 9 388
b 226 1 129 181
b 226 2 129 181
m 226 62 2 129 181
m 226 101 2 129 181
m 226 139 2 129 181
m 226 202 2 129 181
b 94 1 12 355
b 94 2 12 355
m 94 176 2 12 355
b 160 0 90 459
m 160 161 0 90 459
m 160 204 0 90 459
b 160 1 90 459
m 160 161 1 90 459
m 160 204 1 90 459
b 175 1 138 270
b 176 1 20 375
b 50 1 151 120
b 50 2 151 120
m 50 26 2 151 120
m 50 179 2 151 120
b 59 0 149 31
m 59 40 0 149 31
m 59 68 0 149 31
m 59 113 0 149 31
m 59 141 0 149 31
m 59 187 0 149 31
m 59 230 0 149 31
b 59 3 149 31
m 59 99 3 7.909090909090909 64.63636363636364 0.6164989642844139
m 59 230 3 7.909090909090909 64.63636363636364 0.6164989642844139
m 59 68 3 7.909090909090909 64.63636363636364 0.6164989642844139
m 59 40 3 7.909090909090909 64.63636363636364 0.6164989642844139
m 59 141 3 7.909090909090909 64.63636363636364 0.6164989642844139
b 99 0 209 4
b 124 0 95 428
m 124 204 0 95 428
b 124 1 95 428
b 142 1 266 85
b 152 3 113 478
b 175 2 138 271
b 184 0 147 20
m 184 141 0 147 20
m 184 187 0 147 20
m 184 230 0 147 20
b 27 1 135 190
b 27 2 135 190
b 27 3 135 190
m 27 197 3 6.636363636363636 50.27272727272727 0.5
b 71 3 266 226
b 76 2 262 9
b 175 3 138 272
m 175 43 3 7.666666666666667 64.5 0.5
b 236 0 115 455
m 236 204 0 115 455
b 236 1 115 455
b 62 0 159 196
m 62 144 0 159 196
b 92 1 167 82
m 92 26 1 167 82
m 92 59 1 167 82
m 92 141 1 167 82
m 92 179 1 167 82
m 92 184 1 167 82
b 92 2 167 82
m 92 26 2 167 82
m 92 59 2 167 82
m 92 141 2 167 82
m 92 179 2 167 82
m 92 184 2 167 82
m 92 190 2 167 82
b 98 0 44 445
m 98 161 0 44 445
m 98 204 0 44 445
b 98 1 44 445
m 98 161 1 44 445
m 98 204 1 44 445
b 122 1 29 297
b 122 2 29 297
b 150 0 56 220
m 150 55 0 56 220
m 150 129 0 56 220
m 150 144 0 56 220
m 150 211 0 56 220
b 154 3 153 270
m 154 146 3 7.5 60.1 -1.0
b 156 0 66 394
b 162 0 118 467
b 162 1 118 467
b 180 0 112 254
b 184 3 145 21
m 184 141 3 7.454545454545455 57.27272727272727 0.5129915352214909
b 209 0 53 200
m 209 23 0 53 200
m 209 55 0 53 200
m 209 129 0 53 200
m 209 144 0 53 200
m 209 211 0 53 200
b 222 2 221 44
b 6 3 122 235
b 12 1 161 308
b 54 0 10 362
b 62 1 160 195
b 69 1 181 147
m 69 179 1 181 147
b 69 2 181 147
b 69 3 181 147
m 69 179 3 6.545454545454545 50.0 1.0
b 150 1 55 220
m 150 55 1 55 220
m 150 129 1 55 220
m 150 144 1 55 220
m 150 211 1 55 220
b 179 0 156 105
m 179 141 0 156 105
b 180 1 112 254
b 197 0 109 135
m 197 112 0 109 135
m 197 144 0 109 135
m 197 174 0 109 135
b 197 3 109 135
m 197 144 3 7.416666666666666 57.583333333333336 0.15379277089115587
b 214 0 104 448
m 214 204 0 104 448
b 214 1 104 448
m 214 204 1 104 448
b 236 2 116 454
m 236 98 2 116 454
m 236 160 2 116 454
m 236 204 2 116 454
b 12 2 161 309
m 12 146 2 161 309
b 48 3 77 405
m 48 238 3 7.363636363636364 57.54545454545455 0.249155468307946
m 48 198 3 7.363636363636364 57.54545454545455 0.249155468307946
b 62 2 161 195
b 63 1 49 374
b 63 2 49 374
b 120 3 77 254
m 120 163 3 8.0 67.16666666666667 0.03608889974338093
b 124 2 98 425
b 135 3 203 368
m 135 146 3 6.5 48.5 -1.0
b 150 2 54 220
b 156 1 67 393
b 160 3 94 457
b 168 1 95 119
b 168 2 95 119
m 168 26 2 95 119
m 168 96 2 95 119
m 168 112 2 95 119
m 168 144 2 95 119
m 168 174 2 95 119
m 168 179 2 95 119
b 180 2 113 255
b 209 1 53 198
b 209 2 53 198
b 11 3 124 474
b 12 3 160 310
m 12 146 3 7.5 60.1 -1.0
b 16 1 89 313
b 16 2 89 313
b 54 1 12 363
b 54 2 12 363
m 54 176 2 12 363
b 62 3 162 194
b 124 3 99 424
b 142 2 270 88
b 150 3 53 221
m 150 194 3 8.166666666666666 69.5 0.4344757690489731
m 150 211 3 8.166666666666666 69.5 0.4344757690489731
m 150 129 3 8.166666666666666 69.5 0.4344757690489731
m 150 55 3 8.166666666666666 69.5 0.4344757690489731
b 156 2 68 392
b 170 1 3 363
b 170 2 3 363
m 170 176 2 3 363
b 180 3 114 255
m 180 209 3 7.916666666666667 66.25 0.2
m 180 239 3 7.916666666666667 66.25 0.2
b 214 2 103 447
b 139 0 137 258
b 239 0 39 246
m 239 55 0 39 246
m 239 129 0 39 246
m 239 211 0 39 246
b 99 1 216 5
b 101 0 153 259
m 101 146 0 153 259
b 139 1 137 259
b 156 3 69 390
m 156 54 3 7.636363636363637 63.272727272727266 0.8756613756613758
m 156 63 3 7.636363636363637 63.272727272727266 0.8756613756613758
m 156 170 3 7.636363636363637 63.272727272727266 0.8756613756613758
m 156 94 3 7.636363636363637 63.272727272727266 0.8756613756613758
m 156 196 3 7.636363636363637 63.272727272727266 0.8756613756613758
m 156 198 3 7.636363636363637 63.272727272727266 0.8756613756613758
m 156 81 3 7.636363636363637 63.272727272727266 0.8756613756613758
m 156 176 3 7.636363636363637 63.272727272727266 0.8756613756613758
b 162 2 117 462
m 162 160 2 117 462
b 194 1 67 264
m 194 129 1 67 264
b 194 2 67 264
b 200 1 13 340
b 200 2 13 340
b 202 0 141 230
m 202 144 0 141 230
b 206 3 149 385
m 206 238 3 6.090909090909091 44.45454545454546 0.3643605115052226
b 221 1 77 430
b 221 2 77 430
m 221 98 2 77 430
m 221 160 2 77 430
m 221 176 2 77 430
m 221 204 2 77 430
b 26 1 149 91
m 26 141 1 149 91
m 26 187 1 149 91
b 101 1 154 260
m 101 146 1 154 260
b 139 2 137 260
b 202 1 141 230
b 239 1 38 247
m 239 55 1 38 247
m 239 129 1 38 247
m 239 211 1 38 247
b 239 2 38 247
m 239 55 2 38 247
m 239 129 2 38 247
m 239 211 2 38 247
b 101 2 154 261
m 101 146 2 154 261
b 102 3 116 403
m 102 238 3 7.0 56.27272727272727 0.5
b 139 3 137 261
m 139 43 3 7.583333333333333 64.25 1.0
b 141 0 159 39
m 141 40 0 159 39
m 141 68 0 159 39
m 141 113 0 159 39
m 141 230 0 159 39
b 202 2 142 231
b 231 3 139 368
m 231 238 3 6.7272727272727275 52.72727272727273 1.0
b 101 3 155 262
m 101 146 3 8.181818181818182 70.0 -1.0
b 144 1 93 159
m 144 55 1 93 159
b 202 3 143 232
b 220 3 140 434
b 99 3 220 6
b 141 3 160 38
m 141 187 3 7.0 52.833333333333336 0.5
m 141 113 3 7.0 52.833333333333336 0.5
b 144 0 94 158
m 144 55 0 94 158
b 161 3 43 484
b 204 3 65 464
b 221 3 80 433
m 221 63 3 7.090909090909091 56.72727272727273 0.3333333333333333
b 40 0 96 39
m 40 3 0 96 39
m 40 64 0 96 39
m 40 93 0 96 39
m 40 96 0 96 39
m 40 103 0 96 39
m 40 133 0 96 39
b 40 3 96 39
m 40 3 3 8.083333333333334 67.58333333333333 0.7268429898506251
m 40 103 3 8.083333333333334 67.58333333333333 0.7268429898506251
m 40 133 3 8.083333333333334 67.58333333333333 0.7268429898506251
m 40 112 3 8.083333333333334 67.58333333333333 0.7268429898506251
m 40 96 3 8.083333333333334 67.58333333333333 0.7268429898506251
m 40 174 3 8.083333333333334 67.58333333333333 0.7268429898506251
m 40 93 3 8.083333333333334 67.58333333333333 0.7268429898506251
m 40 187 3 8.083333333333334 67.58333333333333 0.7268429898506251
b 112 1 44 81
m 112 23 1 44 81
m 112 40 1 44 81
m 112 75 1 44 81
m 112 91 1 44 81
m 112 93 1 44 81
m 112 96 1 44 81
m 112 103 1 44 81
m 112 133 1 44 81
m 112 148 1 44 81
m 112 212 1 44 81
b 176 2 30 367
b 26 2 148 96
b 112 0 43 80
m 112 23 0 43 80
m 112 75 0 43 80
m 112 91 0 43 80
m 112 93 0 43 80
m 112 96 0 43 80
m 112 103 0 43 80
m 112 133 0 43 80
m 112 148 0 43 80
m 112 212 0 43 80
b 160 2 103 453
m 160 161 2 103 453
b 211 0 11 188
b 43 3 164 320
m 43 146 3 7.666666666666667 64.5 -1.0
b 59 1 141 44
m 59 40 1 141 44
m 59 68 1 141 44
m 59 113 1 141 44
m 59 187 1 141 44
m 59 230 1 141 44
b 184 1 132 23
m 184 40 1 132 23
m 184 68 1 132 23
m 184 187 1 132 23
m 184 230 1 132 23
b 187 0 146 15
b 211 1 11 187
m 211 23 1 11 187
b 179 3 161 117
b 198 3 32 361
m 198 200 3 7.583333333333333 61.083333333333336 0.29196306811852285
m 198 196 3 7.583333333333333 61.083333333333336 0.29196306811852285
m 198 56 3 7.583333333333333 61.083333333333336 0.29196306811852285
b 55 0 43 193
b 98 2 31 437
b 144 3 96 153
m 144 212 3 7.0 53.46153846153846 0.005760701797463688
b 179 1 161 118
b 204 0 70 461
b 204 1 70 461
b 211 3 11 185
m 211 23 3 7.615384615384615 64.23076923076924 1.0
b 230 0 72 16
m 230 3 0 72 16
m 230 64 0 72 16
m 230 93 0 72 16
m 230 103 0 72 16
b 230 3 72 16
m 230 3 3 7.75 62.25 0.4270619376246459
m 230 93 3 7.75 62.25 0.4270619376246459
m 230 187 3 7.75 62.25 0.4270619376246459
b 55 1 44 193
m 55 23 1 44 193
b 96 2 74 101
m 96 23 2 74 101
m 96 40 2 74 101
m 96 75 2 74 101
m 96 91 2 74 101
m 96 93 2 74 101
m 96 133 2 74 101
m 96 148 2 74 101
m 96 212 2 74 101
b 141 1 166 34
m 141 40 1 166 34
m 141 68 1 166 34
m 141 187 1 166 34
b 141 2 166 34
m 141 40 2 166 34
m 141 68 2 166 34
m 141 99 2 166 34
m 141 187 2 166 34
b 144 2 96 152
m 144 55 2 96 152
m 144 212 2 96 152
b 174 1 51 77
b 68 0 123 15
m 68 64 0 123 15
b 68 3 123 15
m 68 64 3 7.5 60.0 0.3333333333333333
b 81 3 22 365
m 81 56 3 7.25 58.74999999999999 0.3333333333333333
b 174 0 51 76
m 174 75 0 51 76
m 174 91 0 51 76
m 174 93 0 51 76
m 174 96 0 51 76
m 174 103 0 51 76
m 174 133 0 51 76
m 174 148 0 51 76
m 174 212 0 51 76
b 190 2 191 3
b 55 3 46 193
m 55 23 3 7.615384615384615 64.23076923076924 1.0
b 112 2 40 74
b 176 3 36 362
m 176 56 3 7.25 58.74999999999999 0.3333333333333333
b 196 3 30 384
m 196 56 3 7.166666666666667 58.33333333333333 0.5
m 196 200 3 7.166666666666667 58.33333333333333 0.5
b 204 2 73 459
b 211 2 11 182
m 211 23 2 11 182
b 94 3 34 355
m 94 122 3 7.25 58.74999999999999 0.3333333333333333
b 161 0 53 481
b 161 1 53 481
b 163 3 42 264
m 163 122 3 7.615384615384616 62.69230769230769 0.0015957362413206444
b 179 2 162 122
b 209 3 54 181
m 209 23 3 7.461538461538462 61.46153846153846 0.5
b 59 2 137 50
m 59 40 2 137 50
m 59 68 2 137 50
m 59 113 2 137 50
m 59 187 2 137 50
m 59 230 2 137 50
b 113 0 65 24
m 113 3 0 65 24
m 113 64 0 65 24
m 113 93 0 65 24
m 113 103 0 65 24
b 184 2 125 24
m 184 40 2 125 24
m 184 68 2 125 24
m 184 187 2 125 24
m 184 230 2 125 24
b 55 2 49 193
m 55 23 2 49 193
b 23 0 9 136
m 23 75 0 9 136
m 23 91 0 9 136
m 23 212 0 9 136
b 40 1 103 49
m 40 64 1 103 49
m 40 68 1 103 49
m 40 113 1 103 49
m 40 230 1 103 49
b 129 0 52 239
b 238 3 140 363
m 238 16 3 6.833333333333333 52.833333333333336 1.0
b 129 1 53 240
b 133 0 24 88
b 133 1 24 88
b 133 3 24 88
m 133 23 3 7.846153846153847 64.3076923076923 0.03253567511002678
b 239 3 23 256
m 239 122 3 7.384615384615384 61.23076923076923 1.0
b 63 3 61 393
m 63 56 3 7.166666666666667 58.33333333333333 0.5
m 63 200 3 7.166666666666667 58.33333333333333 0.5
b 75 1 41 119
b 96 0 82 103
b 96 1 82 103
b 96 3 82 103
m 96 91 3 7.6923076923076925 63.07692307692308 0.3333333333333333
b 174 2 49 69
m 174 40 2 49 69
m 174 75 2 49 69
m 174 91 2 49 69
m 174 93 2 49 69
m 174 103 2 49 69
m 174 133 2 49 69
m 174 148 2 49 69
m 174 212 2 49 69
b 54 3 33 368
m 54 56 3 7.166666666666667 58.33333333333333 0.5
m 54 200 3 7.166666666666667 58.33333333333333 0.5
b 64 0 43 3
b 75 0 42 119
b 93 0 52 72
b 93 1 52 72
m 93 3 1 52 72
m 93 64 1 52 72
b 93 3 52 72
m 93 212 3 7.846153846153847 64.3076923076923 0.03253567511002678
b 129 3 55 241
m 129 122 3 7.615384615384615 64.23076923076924 1.0
b 170 3 25 368
m 170 56 3 7.166666666666667 58.33333333333333 0.5
m 170 200 3 7.166666666666667 58.33333333333333 0.5
b 194 3 73 245
m 194 122 3 7.6923076923076925 64.46153846153847 0.5
m 194 16 3 7.6923076923076925 64.46153846153847 0.5
b 56 3 36 393
b 91 1 18 100
b 103 0 18 14
b 103 1 18 14
m 103 3 1 18 14
m 103 64 1 18 14
b 103 3 18 14
m 103 64 3 7.6923076923076925 63.07692307692308 0.3333333333333333
b 112 3 37 67
m 112 75 3 7.923076923076923 65.15384615384616 0.26491391993631025
b 212 1 52 135
b 91 0 19 101
b 148 1 6 68
b 212 0 52 136
b 3 0 2 11
b 3 3 2 11
m 3 64 3 7.615384615384616 62.69230769230769 0.5
m 3 148 3 7.615384615384616 62.69230769230769 0.5
b 40 2 107 54
m 40 113 2 107 54
m 40 230 2 107 54
b 129 2 57 243
b 148 0 6 69
b 187 1 160 10
b 133 2 19 91
m 133 103 2 19 91
b 75 2 46 122
b 230 1 57 18
m 230 3 1 57 18
m 230 64 1 57 18
b 93 2 54 77
m 93 3 2 54 77
m 93 103 2 54 77
b 113 3 56 30
b 187 3 163 9
b 212 3 54 140
m 212 75 3 6.642857142857143 49.92857142857143 0.00586592290485167
b 23 1 19 132
b 64 3 37 6
b 68 1 137 10
b 91 2 20 106
b 174 3 47 62
m 174 75 3 7.6923076923076925 63.07692307692308 0.3333333333333333
b 212 2 54 141
b 148 2 10 72
b 161 2 67 476
b 68 2 140 9
b 113 1 52 32
b 99 2 247 11
b 122 3 63 285
b 200 3 43 331
b 23 3 23 131
m 23 75 3 7.214285714285714 59.92857142857144 1.0
m 23 148 3 7.214285714285714 59.92857142857144 1.0
b 64 1 33 9
b 230 2 50 19
b 23 2 24 130
b 187 2 170 7
b 75 3 55 127
b 91 3 22 114
b 103 2 20 0
m 103 3 2 20 0
m 103 64 2 20 0
b 16 3 127 310
b 113 2 46 35
m 113 64 2 46 35
b 3 1 4 3
b 148 3 19 80
b 3 2 1 8
b 64 2 17 18
