Key: 
t: node change direction (node id, x, y, new direction)
s: node start location (node id, x, y, start direction, buffer)
m: message transfer (sender id, target id, messageType, sender x, sender y
b: broadcast (node id, message type, x, y)
213 57 157 371
s 0 133 103 251 0
s 1 244 300 122 0
s 2 191 489 55 0
s 3 196 233 315 0
s 4 113 293 203 0
s 5 95 402 116 0
s 6 84 290 227 0
s 7 474 400 307 0
s 8 193 233 3 0
s 9 22 178 253 0
s 10 157 371 155 0
s 11 378 201 153 0
s 12 286 259 236 0
s 13 202 143 138 0
s 14 198 391 224 0
s 15 180 459 206 0
s 16 43 143 285 0
s 17 269 436 116 0
s 18 141 378 178 0
s 19 86 360 50 0
s 20 95 12 211 0
s 21 468 142 324 0
s 22 7 147 72 0
s 23 294 60 103 0
s 24 262 386 259 0
s 25 375 323 85 0
s 26 423 427 134 0
s 27 24 362 27 0
s 28 280 365 59 0
s 29 472 172 5 0
s 30 470 136 133 0
s 31 290 8 91 0
s 32 399 228 245 0
s 33 389 212 116 0
s 34 339 318 256 0
s 35 399 240 177 0
s 36 30 216 67 0
s 37 217 393 228 0
s 38 235 349 169 0
s 39 263 129 39 0
s 40 269 65 173 0
s 41 421 243 49 0
s 42 9 163 113 0
s 43 387 134 354 0
s 44 270 488 47 0
s 45 61 16 215 0
s 46 329 427 150 0
s 47 86 15 177 0
s 48 486 178 301 0
s 49 238 445 71 0
s 50 73 367 291 0
s 51 382 61 276 0
s 52 220 132 128 0
s 53 490 322 275 0
s 54 291 190 84 0
s 55 281 85 309 0
s 56 358 63 38 0
s 57 121 129 189 0
s 58 336 414 40 0
s 59 156 311 3 0
s 60 431 497 102 0
s 61 374 424 317 0
s 62 217 282 302 0
s 63 276 128 123 0
s 64 392 198 321 0
s 65 212 17 25 0
s 66 372 359 121 0
s 67 162 202 254 0
s 68 124 497 228 0
s 69 478 284 123 0
s 70 332 394 325 0
s 71 346 113 263 0
s 72 313 246 313 0
s 73 168 174 319 0
s 74 238 50 247 0
s 75 346 56 146 0
s 76 250 124 322 0
s 77 130 97 266 0
s 78 296 149 298 0
s 79 168 183 239 0
s 80 82 296 79 0
s 81 91 421 157 0
s 82 87 232 109 0
s 83 461 342 261 0
s 84 371 483 147 0
s 85 57 320 288 0
s 86 108 357 70 0
s 87 51 367 216 0
s 88 44 401 108 0
s 89 318 64 136 0
s 90 105 288 323 0
s 91 0 116 300 0
s 92 32 166 336 0
s 93 51 211 331 0
s 94 72 476 108 0
s 95 6 166 232 0
s 96 481 259 346 0
s 97 268 372 319 0
s 98 286 31 243 0
s 99 485 465 4 0
s 100 446 369 259 0
s 101 216 390 279 0
s 102 436 237 325 0
s 103 462 318 324 0
s 104 426 37 185 0
s 105 198 381 118 0
s 106 232 56 23 0
s 107 470 303 67 0
s 108 453 326 84 0
s 109 216 53 27 0
s 110 414 11 330 0
s 111 69 129 313 0
s 112 269 454 325 0
s 113 314 205 316 0
s 114 243 308 8 0
s 115 269 12 7 0
s 116 294 224 342 0
s 117 19 93 284 0
s 118 452 140 21 0
s 119 117 431 134 0
s 120 259 362 21 0
s 121 325 189 349 0
s 122 125 128 80 0
s 123 499 499 293 0
s 124 413 415 106 0
s 125 315 10 63 0
s 126 213 57 47 0
s 127 269 314 296 0
s 128 184 185 269 0
s 129 147 329 343 0
s 130 247 183 231 0
s 131 198 422 106 0
s 132 104 335 25 0
s 133 346 119 234 0
s 134 368 149 187 0
s 135 404 423 132 0
s 136 88 213 236 0
s 137 100 42 88 0
s 138 7 294 144 0
s 139 375 419 60 0
s 140 433 198 357 0
s 141 70 176 162 0
s 142 436 464 104 0
s 143 493 233 88 0
s 144 47 366 254 0
s 145 40 474 278 0
s 146 498 311 124 0
s 147 477 313 97 0
s 148 18 139 320 0
s 149 171 194 53 0
s 150 6 449 353 0
s 151 69 344 1 0
s 152 127 162 306 0
s 153 27 161 356 0
s 154 285 314 21 0
s 155 402 403 357 0
s 156 355 103 91 0
s 157 56 316 145 0
s 158 324 78 176 0
s 159 460 446 165 0
s 160 278 262 91 0
s 161 228 492 170 0
s 162 329 14 212 0
s 163 284 60 344 0
s 164 6 411 23 0
s 165 124 258 114 0
s 166 344 300 149 0
s 167 99 250 193 0
s 168 53 73 114 0
s 169 394 40 125 0
s 170 220 410 322 0
s 171 426 469 93 0
s 172 93 65 182 0
s 173 187 448 55 0
s 174 472 422 43 0
s 175 322 302 123 0
s 176 149 39 41 0
s 177 363 453 113 0
s 178 10 313 170 0
s 179 365 15 139 0
s 180 173 447 305 0
s 181 82 128 173 0
s 182 334 105 194 0
s 183 228 197 264 0
s 184 407 340 18 0
s 185 182 226 53 0
s 186 51 35 316 0
s 187 185 381 263 0
s 188 176 243 34 0
s 189 104 278 73 0
s 190 69 338 269 0
s 191 262 383 86 0
s 192 24 385 5 0
s 193 55 293 175 0
s 194 382 124 2 0
s 195 322 116 222 0
s 196 234 1 107 0
s 197 45 399 185 0
s 198 230 321 13 0
s 199 328 317 58 0
s 200 357 72 20 0
s 201 441 18 299 0
s 202 324 175 165 0
s 203 219 491 190 0
s 204 344 370 173 0
s 205 227 252 266 0
s 206 16 358 187 0
s 207 361 401 218 0
s 208 332 440 57 0
s 209 275 258 39 0
s 210 69 358 296 0
s 211 332 144 269 0
s 212 420 230 265 0
s 213 50 334 171 0
s 214 196 469 1 0
s 215 418 227 123 0
s 216 73 457 60 0
s 217 388 345 25 0
s 218 177 439 307 0
s 219 91 95 272 0
s 220 447 469 161 0
s 221 211 465 111 0
s 222 192 41 48 0
s 223 447 299 11 0
s 224 30 292 313 0
s 225 336 399 286 0
s 226 21 184 161 0
s 227 64 366 308 0
s 228 45 382 55 0
s 229 357 482 54 0
s 230 420 491 178 0
s 231 58 13 191 0
s 232 462 81 232 0
s 233 475 67 91 0
s 234 332 179 305 0
s 235 182 55 135 0
s 236 382 205 276 0
s 237 64 188 28 0
s 238 115 28 120 0
s 239 209 312 173 0
b 126 0 214 58
m 126 40 0 214 58
m 126 52 0 214 58
m 126 55 0 214 58
m 126 65 0 214 58
m 126 74 0 214 58
m 126 76 0 214 58
m 126 106 0 214 58
m 126 109 0 214 58
m 126 115 0 214 58
m 126 163 0 214 58
m 126 176 0 214 58
m 126 196 0 214 58
m 126 222 0 214 58
m 126 235 0 214 58
b 126 1 214 58
m 126 40 1 214 58
m 126 52 1 214 58
m 126 55 1 214 58
m 126 65 1 214 58
m 126 74 1 214 58
m 126 76 1 214 58
m 126 106 1 214 58
m 126 109 1 214 58
m 126 115 1 214 58
m 126 163 1 214 58
m 126 176 1 214 58
m 126 196 1 214 58
m 126 222 1 214 58
m 126 235 1 214 58
b 126 2 214 58
m 126 40 2 214 58
m 126 52 2 214 58
m 126 55 2 214 58
m 126 65 2 214 58
m 126 74 2 214 58
m 126 76 2 214 58
m 126 106 2 214 58
m 126 109 2 214 58
m 126 115 2 214 58
m 126 163 2 214 58
m 126 176 2 214 58
m 126 196 2 214 58
m 126 222 2 214 58
m 126 235 2 214 58
b 126 3 214 58
m 126 40 3 14.0 196.0 1.0
m 126 52 3 14.0 196.0 1.0
m 126 55 3 14.0 196.0 1.0
m 126 65 3 14.0 196.0 1.0
m 126 74 3 14.0 196.0 1.0
m 126 76 3 14.0 196.0 1.0
m 126 106 3 14.0 196.0 1.0
m 126 109 3 14.0 196.0 1.0
m 126 115 3 14.0 196.0 1.0
m 126 163 3 14.0 196.0 1.0
m 126 176 3 14.0 196.0 1.0
m 126 196 3 14.0 196.0 1.0
m 126 222 3 14.0 196.0 1.0
m 126 235 3 14.0 196.0 1.0
b 40 0 266 65
m 40 23 0 266 65
m 40 31 0 266 65
m 40 39 0 266 65
m 40 63 0 266 65
m 40 89 0 266 65
m 40 98 0 266 65
m 40 125 0 266 65
m 40 158 0 266 65
m 40 195 0 266 65
b 40 1 266 65
m 40 23 1 266 65
m 40 31 1 266 65
m 40 39 1 266 65
m 40 63 1 266 65
m 40 89 1 266 65
m 40 98 1 266 65
m 40 125 1 266 65
m 40 158 1 266 65
m 40 195 1 266 65
b 40 2 266 65
m 40 23 2 266 65
m 40 31 2 266 65
m 40 39 2 266 65
m 40 63 2 266 65
m 40 89 2 266 65
m 40 98 2 266 65
m 40 125 2 266 65
m 40 158 2 266 65
m 40 195 2 266 65
b 40 3 266 65
m 40 23 3 12.333333333333334 157.66666666666666 0.5899745899745901
m 40 195 3 12.333333333333334 157.66666666666666 0.5899745899745901
m 40 125 3 12.333333333333334 157.66666666666666 0.5899745899745901
m 40 63 3 12.333333333333334 157.66666666666666 0.5899745899745901
m 40 39 3 12.333333333333334 157.66666666666666 0.5899745899745901
m 40 31 3 12.333333333333334 157.66666666666666 0.5899745899745901
b 52 0 218 134
m 52 13 0 218 134
m 52 73 0 218 134
m 52 79 0 218 134
m 52 128 0 218 134
m 52 130 0 218 134
m 52 183 0 218 134
b 52 1 218 134
m 52 13 1 218 134
m 52 73 1 218 134
m 52 79 1 218 134
m 52 128 1 218 134
m 52 130 1 218 134
m 52 183 1 218 134
b 52 2 218 134
m 52 13 2 218 134
m 52 73 2 218 134
m 52 79 2 218 134
m 52 128 2 218 134
m 52 130 2 218 134
m 52 183 2 218 134
b 52 3 218 134
m 52 13 3 11.333333333333334 142.66666666666666 0.16666666666666666
m 52 79 3 11.333333333333334 142.66666666666666 0.16666666666666666
b 55 0 283 83
m 55 71 0 283 83
m 55 75 0 283 83
m 55 78 0 283 83
m 55 133 0 283 83
m 55 182 0 283 83
b 55 1 283 83
b 55 2 283 83
m 55 71 2 283 83
m 55 75 2 283 83
m 55 78 2 283 83
m 55 133 2 283 83
m 55 182 2 283 83
b 55 3 283 83
m 55 89 3 12.0 152.0 0.42948717948717974
m 55 75 3 12.0 152.0 0.42948717948717974
m 55 98 3 12.0 152.0 0.42948717948717974
m 55 71 3 12.0 152.0 0.42948717948717974
b 65 0 215 18
b 65 1 215 18
b 65 2 215 18
b 65 3 215 18
b 74 0 237 47
b 74 1 237 47
b 74 2 237 47
b 74 3 237 47
b 76 0 252 122
b 76 1 252 122
m 76 78 1 252 122
b 76 2 252 122
b 76 3 252 122
m 76 78 3 10.0 132.0 0.5
m 76 130 3 10.0 132.0 0.5
b 106 0 235 58
b 106 1 235 58
b 106 2 235 58
b 106 3 235 58
b 109 0 218 55
b 109 1 218 55
b 109 2 218 55
b 109 3 218 55
b 115 0 272 12
m 115 162 0 272 12
b 115 1 272 12
b 115 2 272 12
m 115 162 2 272 12
b 115 3 272 12
m 115 162 3 9.666666666666668 131.0 1.0
b 163 0 287 59
m 163 56 0 287 59
m 163 200 0 287 59
b 163 1 287 59
m 163 56 1 287 59
m 163 75 1 287 59
m 163 162 1 287 59
m 163 182 1 287 59
m 163 200 1 287 59
b 163 2 287 59
m 163 56 2 287 59
m 163 200 2 287 59
b 163 3 287 59
m 163 158 3 10.666666666666668 136.0 0.25
m 163 56 3 10.666666666666668 136.0 0.25
b 176 0 151 41
m 176 0 0 151 41
m 176 20 0 151 41
m 176 47 0 151 41
m 176 77 0 151 41
m 176 137 0 151 41
m 176 172 0 151 41
m 176 238 0 151 41
b 176 1 151 41
m 176 0 1 151 41
m 176 20 1 151 41
m 176 47 1 151 41
m 176 77 1 151 41
m 176 137 1 151 41
m 176 172 1 151 41
m 176 238 1 151 41
b 176 2 151 41
m 176 0 2 151 41
m 176 20 2 151 41
m 176 47 2 151 41
m 176 77 2 151 41
m 176 137 2 151 41
m 176 172 2 151 41
m 176 238 2 151 41
b 176 3 151 41
m 176 172 3 11.666666666666668 147.0 0.2153846153846155
m 176 77 3 11.666666666666668 147.0 0.2153846153846155
b 196 0 234 3
b 196 1 234 3
b 196 2 234 3
b 196 3 234 3
b 222 0 194 43
b 222 1 194 43
b 222 2 194 43
b 222 3 194 43
b 235 0 180 57
b 235 1 180 57
b 235 2 180 57
b 235 3 180 57
m 235 0 3 10.0 132.0 0.5
m 235 238 3 10.0 132.0 0.5
b 0 0 132 99
m 0 57 0 132 99
m 0 111 0 132 99
m 0 122 0 132 99
m 0 152 0 132 99
m 0 181 0 132 99
m 0 219 0 132 99
b 0 1 132 99
m 0 57 1 132 99
m 0 111 1 132 99
m 0 122 1 132 99
m 0 152 1 132 99
m 0 181 1 132 99
m 0 219 1 132 99
b 0 2 132 99
b 0 3 132 99
m 0 57 3 9.25 111.25 0.8708779036647889
m 0 111 3 9.25 111.25 0.8708779036647889
m 0 137 3 9.25 111.25 0.8708779036647889
m 0 181 3 9.25 111.25 0.8708779036647889
m 0 152 3 9.25 111.25 0.8708779036647889
m 0 219 3 9.25 111.25 0.8708779036647889
m 0 122 3 9.25 111.25 0.8708779036647889
b 13 0 199 146
m 13 67 0 199 146
m 13 149 0 199 146
b 13 1 199 146
m 13 67 1 199 146
m 13 149 1 199 146
b 13 2 199 146
m 13 67 2 199 146
m 13 122 2 199 146
m 13 149 2 199 146
m 13 152 2 199 146
b 13 3 199 146
m 13 73 3 9.75 113.25 0.15012364961603536
b 20 0 92 10
m 20 45 0 92 10
m 20 186 0 92 10
m 20 231 0 92 10
b 20 1 92 10
m 20 45 1 92 10
m 20 186 1 92 10
m 20 231 1 92 10
b 20 2 92 10
m 20 45 2 92 10
m 20 186 2 92 10
m 20 231 2 92 10
b 23 0 293 64
b 23 1 293 64
b 23 2 293 64
b 23 3 293 64
m 23 182 3 10.0 120.5 0.3333333333333333
b 31 0 290 12
m 31 179 0 290 12
b 31 1 290 12
m 31 179 1 290 12
b 31 2 290 12
m 31 179 2 290 12
b 31 3 290 12
m 31 179 3 9.5 118.5 1.0
b 39 0 266 131
m 39 54 0 266 131
m 39 202 0 266 131
m 39 211 0 266 131
b 39 1 266 131
m 39 54 1 266 131
m 39 202 1 266 131
m 39 211 1 266 131
b 39 2 266 131
m 39 54 2 266 131
m 39 202 2 266 131
m 39 211 2 266 131
b 39 3 266 131
m 39 183 3 10.25 122.25 0.25
m 39 202 3 10.25 122.25 0.25
b 47 0 82 15
m 47 168 0 82 15
b 47 1 82 15
b 47 2 82 15
b 56 0 361 66
m 56 43 0 361 66
m 56 51 0 361 66
m 56 104 0 361 66
m 56 156 0 361 66
m 56 169 0 361 66
m 56 194 0 361 66
b 56 1 361 66
m 56 43 1 361 66
m 56 51 1 361 66
m 56 71 1 361 66
m 56 104 1 361 66
m 56 133 1 361 66
m 56 156 1 361 66
m 56 169 1 361 66
m 56 194 1 361 66
b 56 2 361 66
m 56 43 2 361 66
m 56 51 2 361 66
m 56 104 2 361 66
m 56 156 2 361 66
m 56 169 2 361 66
m 56 194 2 361 66
b 56 3 361 66
m 56 43 3 10.0 118.0 0.38510638297872335
m 56 104 3 10.0 118.0 0.38510638297872335
m 56 194 3 10.0 118.0 0.38510638297872335
m 56 133 3 10.0 118.0 0.38510638297872335
b 63 0 274 131
m 63 234 0 274 131
b 63 1 274 131
m 63 234 1 274 131
b 63 2 274 131
m 63 234 2 274 131
b 63 3 274 131
m 63 234 3 10.0 120.5 0.3333333333333333
b 71 0 345 109
m 71 134 0 345 109
b 71 2 345 109
b 71 3 345 109
m 71 156 3 10.25 120.25 0.22686500491378547
m 71 134 3 10.25 120.25 0.22686500491378547
b 73 0 171 171
m 73 3 0 171 171
m 73 8 0 171 171
m 73 185 0 171 171
m 73 188 0 171 171
b 73 1 171 171
m 73 3 1 171 171
m 73 8 1 171 171
m 73 185 1 171 171
m 73 188 1 171 171
b 73 2 171 171
m 73 3 2 171 171
m 73 8 2 171 171
m 73 57 2 171 171
m 73 185 2 171 171
m 73 188 2 171 171
b 75 0 342 58
b 75 1 342 58
b 75 2 342 58
b 75 3 342 58
m 75 169 3 9.75 116.25 0.3333333333333333
b 77 0 129 93
b 77 1 129 93
b 77 2 129 93
m 77 111 2 129 93
m 77 181 2 129 93
m 77 219 2 129 93
b 77 3 129 93
b 78 0 298 145
m 78 113 0 298 145
m 78 121 0 298 145
b 78 1 298 145
m 78 113 1 298 145
m 78 121 1 298 145
m 78 134 1 298 145
b 78 2 298 145
m 78 113 2 298 145
m 78 121 2 298 145
m 78 134 2 298 145
b 78 3 298 145
m 78 113 3 8.5 103.0 0.7721793635486982
m 78 121 3 8.5 103.0 0.7721793635486982
m 78 211 3 8.5 103.0 0.7721793635486982
m 78 54 3 8.5 103.0 0.7721793635486982
b 79 0 166 180
b 79 1 166 180
b 79 2 166 180
b 79 3 166 180
m 79 67 3 10.25 119.25 0.20223798322102143
m 79 3 3 10.25 119.25 0.20223798322102143
b 89 0 315 66
b 89 1 315 66
b 89 2 315 66
b 89 3 315 66
m 89 200 3 9.5 115.0 0.5
m 89 51 3 9.5 115.0 0.5
b 98 0 284 27
b 98 1 284 27
b 98 2 284 27
b 98 3 284 27
b 125 0 317 14
b 125 1 317 14
b 125 2 317 14
b 125 3 317 14
b 128 0 184 181
b 128 1 184 181
b 128 2 184 181
b 130 0 244 180
m 130 116 0 244 180
m 130 205 0 244 180
b 130 1 244 180
m 130 116 1 244 180
m 130 205 1 244 180
b 130 2 244 180
b 130 3 244 180
m 130 116 3 8.75 105.25 0.8192037470725995
m 130 8 3 8.75 105.25 0.8192037470725995
m 130 128 3 8.75 105.25 0.8192037470725995
m 130 149 3 8.75 105.25 0.8192037470725995
m 130 205 3 8.75 105.25 0.8192037470725995
b 133 0 343 116
b 133 2 343 116
b 137 0 100 46
b 137 1 100 46
m 137 168 1 100 46
b 137 2 100 46
b 158 0 320 78
b 158 1 320 78
b 158 2 320 78
b 158 3 320 78
b 162 0 326 12
b 162 1 326 12
b 162 2 326 12
b 162 3 326 12
b 172 0 89 64
m 172 117 0 89 64
b 172 1 89 64
b 172 2 89 64
m 172 117 2 89 64
m 172 168 2 89 64
b 172 3 89 64
m 172 45 3 10.5 122.5 0.23271441202475698
m 172 47 3 10.5 122.5 0.23271441202475698
b 182 0 330 104
b 182 1 330 104
b 182 2 330 104
b 183 0 228 193
b 183 1 228 193
b 183 2 228 193
m 183 205 2 228 193
b 195 0 319 114
b 195 1 319 114
b 195 2 319 114
b 195 3 319 114
b 200 0 361 73
b 200 1 361 73
b 200 2 361 73
b 238 0 113 31
b 238 1 113 31
b 238 2 113 31
b 238 3 113 31
m 238 20 3 8.25 101.25 0.6920019870839542
m 238 231 3 8.25 101.25 0.6920019870839542
m 238 186 3 8.25 101.25 0.6920019870839542
b 3 0 200 230
m 3 62 0 200 230
b 3 1 200 230
m 3 62 1 200 230
b 3 2 200 230
m 3 62 2 200 230
b 3 3 200 230
m 3 185 3 8.799999999999999 97.2 0.3333333333333333
b 8 0 198 233
b 8 1 198 233
b 8 2 198 233
b 8 3 198 233
m 8 188 3 7.4 85.0 0.5
m 8 62 3 7.4 85.0 0.5
b 20 3 91 10
b 43 0 392 133
m 43 11 0 392 133
m 43 30 0 392 133
m 43 64 0 392 133
m 43 118 0 392 133
m 43 236 0 392 133
b 43 1 392 133
b 43 2 392 133
b 43 3 392 133
m 43 64 3 9.0 99.4 0.1971491112862271
b 45 0 57 13
b 45 1 57 13
b 45 2 57 13
b 45 3 57 13
m 45 168 3 8.6 98.2 1.0
b 47 3 81 15
b 51 0 382 56
m 51 110 0 382 56
m 51 201 0 382 56
b 51 1 382 56
m 51 110 1 382 56
m 51 201 1 382 56
b 51 2 382 56
b 51 3 382 56
m 51 110 3 8.0 92.8 0.5227488151658768
m 51 201 3 8.0 92.8 0.5227488151658768
b 54 0 291 195
m 54 12 0 291 195
m 54 72 0 291 195
m 54 160 0 291 195
m 54 209 0 291 195
b 54 1 291 195
m 54 12 1 291 195
m 54 72 1 291 195
m 54 160 1 291 195
m 54 209 1 291 195
b 54 2 291 195
m 54 12 2 291 195
m 54 72 2 291 195
m 54 116 2 291 195
m 54 160 2 291 195
m 54 209 2 291 195
b 54 3 291 195
m 54 160 3 7.6 85.60000000000001 0.8315281533953816
m 54 209 3 7.6 85.60000000000001 0.8315281533953816
m 54 72 3 7.6 85.60000000000001 0.8315281533953816
m 54 12 3 7.6 85.60000000000001 0.8315281533953816
b 57 0 116 128
m 57 16 0 116 128
m 57 141 0 116 128
b 57 1 116 128
m 57 16 1 116 128
m 57 141 1 116 128
b 57 2 116 128
b 57 3 116 128
m 57 141 3 7.800000000000001 89.8 0.5
m 57 16 3 7.800000000000001 89.8 0.5
b 67 0 161 198
b 67 1 161 198
b 67 2 161 198
b 67 3 161 198
b 71 1 345 108
b 73 3 171 171
b 104 0 421 36
m 104 232 0 421 36
m 104 233 0 421 36
b 104 1 421 36
m 104 232 1 421 36
m 104 233 1 421 36
b 104 2 421 36
m 104 110 2 421 36
m 104 201 2 421 36
m 104 232 2 421 36
m 104 233 2 421 36
b 104 3 421 36
m 104 232 3 8.4 95.2 0.5
m 104 233 3 8.4 95.2 0.5
b 111 0 73 125
m 111 9 0 73 125
m 111 22 0 73 125
m 111 91 0 73 125
m 111 92 0 73 125
m 111 148 0 73 125
m 111 153 0 73 125
m 111 237 0 73 125
b 111 1 73 125
m 111 9 1 73 125
m 111 22 1 73 125
m 111 91 1 73 125
m 111 92 1 73 125
m 111 117 1 73 125
m 111 148 1 73 125
m 111 153 1 73 125
m 111 237 1 73 125
b 111 2 73 125
m 111 9 2 73 125
m 111 16 2 73 125
m 111 22 2 73 125
m 111 91 2 73 125
m 111 92 2 73 125
m 111 141 2 73 125
m 111 148 2 73 125
m 111 153 2 73 125
m 111 237 2 73 125
b 111 3 73 125
m 111 9 3 9.0 101.8 1.0
m 111 22 3 9.0 101.8 1.0
m 111 91 3 9.0 101.8 1.0
m 111 92 3 9.0 101.8 1.0
m 111 117 3 9.0 101.8 1.0
m 111 148 3 9.0 101.8 1.0
m 111 153 3 9.0 101.8 1.0
m 111 237 3 9.0 101.8 1.0
b 113 0 318 202
m 113 33 0 318 202
b 113 1 318 202
m 113 11 1 318 202
m 113 33 1 318 202
m 113 236 1 318 202
b 113 2 318 202
b 113 3 318 202
m 113 11 3 7.3999999999999995 84.2 0.5832477331995172
m 113 33 3 7.3999999999999995 84.2 0.5832477331995172
b 116 0 298 223
b 116 1 298 223
b 116 3 298 223
b 117 0 20 88
b 117 2 20 88
b 121 0 330 188
b 121 1 330 188
m 121 64 1 330 188
b 121 2 330 188
m 121 11 2 330 188
m 121 33 2 330 188
m 121 64 2 330 188
m 121 236 2 330 188
b 121 3 330 188
m 121 236 3 7.0 82.60000000000001 1.0
b 122 0 126 133
b 122 1 126 133
b 122 2 126 133
b 122 3 126 133
b 128 3 184 180
b 133 1 343 115
b 133 3 343 115
b 134 0 363 149
b 134 1 363 149
b 134 2 363 149
b 134 3 363 149
b 137 3 100 47
b 149 0 174 198
b 149 1 174 198
b 149 2 174 198
b 149 3 174 198
b 152 0 130 158
m 152 136 0 130 158
b 152 1 130 158
m 152 136 1 130 158
b 152 2 130 158
m 152 136 2 130 158
b 152 3 130 158
m 152 136 3 7.6000000000000005 89.2 1.0
b 156 0 355 108
b 156 1 355 108
b 156 2 355 108
b 156 3 355 108
b 168 0 50 78
b 168 1 50 78
b 168 2 50 78
b 169 0 391 44
b 169 1 391 44
b 169 2 391 44
b 169 3 391 44
b 179 0 361 18
b 179 1 361 18
b 179 2 361 18
b 179 3 361 18
b 181 0 77 128
b 181 1 77 128
b 181 2 77 128
b 181 3 77 128
b 182 3 329 104
b 183 3 228 192
b 185 0 185 230
m 185 165 0 185 230
b 185 1 185 230
m 185 165 1 185 230
b 185 2 185 230
m 185 165 2 185 230
b 186 0 55 31
b 186 1 55 31
b 186 2 55 31
b 186 3 55 31
b 188 0 180 246
m 188 59 0 180 246
m 188 239 0 180 246
b 188 1 180 246
m 188 59 1 180 246
m 188 239 1 180 246
b 188 2 180 246
b 194 0 387 124
b 194 1 387 124
m 194 118 1 387 124
b 194 2 387 124
b 194 3 387 124
m 194 118 3 8.2 94.60000000000001 1.0
b 200 3 362 73
b 202 0 319 176
b 202 1 319 176
b 202 2 319 176
b 202 3 319 176
b 205 0 226 247
m 205 1 0 226 247
m 205 114 0 226 247
b 205 1 226 247
m 205 1 1 226 247
m 205 114 1 226 247
b 205 2 226 247
b 205 3 226 247
m 205 1 3 7.6 86.0 0.3613104791197391
m 205 239 3 7.6 86.0 0.3613104791197391
b 211 0 332 139
b 211 1 332 139
b 211 2 332 139
b 211 3 332 139
b 219 0 91 90
b 219 1 91 90
b 219 2 91 90
b 219 3 91 90
b 231 0 53 12
b 231 1 53 12
b 231 2 53 12
b 231 3 53 12
b 234 0 335 175
b 234 1 335 175
b 234 2 335 175
b 234 3 335 175
b 1 0 241 305
m 1 38 0 241 305
m 1 97 0 241 305
m 1 120 0 241 305
m 1 127 0 241 305
m 1 154 0 241 305
m 1 198 0 241 305
b 1 1 241 305
m 1 38 1 241 305
m 1 97 1 241 305
m 1 120 1 241 305
m 1 127 1 241 305
m 1 154 1 241 305
m 1 198 1 241 305
b 1 3 241 305
m 1 154 3 7.5 79.83333333333334 0.5778509771500046
m 1 114 3 7.5 79.83333333333334 0.5778509771500046
m 1 38 3 7.5 79.83333333333334 0.5778509771500046
m 1 127 3 7.5 79.83333333333334 0.5778509771500046
m 1 97 3 7.5 79.83333333333334 0.5778509771500046
b 9 0 20 172
m 9 36 0 20 172
m 9 42 0 20 172
m 9 93 0 20 172
m 9 95 0 20 172
m 9 226 0 20 172
b 9 1 20 172
m 9 36 1 20 172
m 9 42 1 20 172
m 9 93 1 20 172
m 9 95 1 20 172
m 9 226 1 20 172
b 9 2 20 172
b 9 3 20 172
m 9 42 3 8.333333333333334 89.0 0.49793103448275833
m 9 36 3 8.333333333333334 89.0 0.49793103448275833
m 9 95 3 8.333333333333334 89.0 0.49793103448275833
b 11 0 372 203
m 11 32 0 372 203
m 11 35 0 372 203
m 11 41 0 372 203
m 11 102 0 372 203
m 11 140 0 372 203
m 11 212 0 372 203
m 11 215 0 372 203
b 11 1 372 203
m 11 32 1 372 203
m 11 35 1 372 203
m 11 41 1 372 203
m 11 102 1 372 203
m 11 140 1 372 203
m 11 212 1 372 203
m 11 215 1 372 203
b 11 2 372 203
b 11 3 372 203
m 11 32 3 7.333333333333334 78.33333333333334 0.9333088092690934
m 11 102 3 7.333333333333334 78.33333333333334 0.9333088092690934
m 11 41 3 7.333333333333334 78.33333333333334 0.9333088092690934
m 11 140 3 7.333333333333334 78.33333333333334 0.9333088092690934
m 11 212 3 7.333333333333334 78.33333333333334 0.9333088092690934
m 11 215 3 7.333333333333334 78.33333333333334 0.9333088092690934
m 11 35 3 7.333333333333334 78.33333333333334 0.9333088092690934
b 12 0 282 254
m 12 175 0 282 254
b 12 1 282 254
m 12 175 1 282 254
b 12 2 282 254
m 12 1 2 282 254
m 12 114 2 282 254
m 12 127 2 282 254
m 12 154 2 282 254
m 12 175 2 282 254
b 12 3 282 254
m 12 175 3 6.5 71.50000000000001 1.0
b 16 0 45 137
b 16 1 45 137
b 16 2 45 137
b 16 3 45 137
m 16 226 3 6.833333333333333 75.5 0.522070196311719
m 16 93 3 6.833333333333333 75.5 0.522070196311719
b 22 0 9 152
b 22 1 9 152
b 22 2 9 152
b 22 3 9 152
b 30 0 466 140
m 30 21 0 466 140
m 30 29 0 466 140
m 30 48 0 466 140
b 33 0 386 217
b 33 1 386 217
b 33 2 386 217
m 33 32 2 386 217
m 33 35 2 386 217
m 33 41 2 386 217
m 33 102 2 386 217
m 33 140 2 386 217
m 33 212 2 386 217
m 33 215 2 386 217
b 33 3 386 217
b 59 0 162 311
m 59 10 0 162 311
b 59 1 162 311
m 59 10 1 162 311
b 62 0 220 277
b 62 1 220 277
b 62 2 220 277
b 62 3 220 277
m 62 198 3 6.5 71.5 0.5231958762886597
m 62 59 3 6.5 71.5 0.5231958762886597
b 64 0 396 195
b 64 1 396 195
b 64 2 396 195
b 64 3 396 195
b 72 0 318 241
m 72 34 0 318 241
m 72 166 0 318 241
b 72 1 318 241
m 72 34 1 318 241
m 72 166 1 318 241
b 72 2 318 241
m 72 34 2 318 241
m 72 166 2 318 241
b 72 3 318 241
m 72 166 3 6.666666666666666 72.00000000000001 0.07505074615260864
b 91 0 3 110
b 91 1 3 110
b 91 2 3 110
m 91 42 2 3 110
m 91 95 2 3 110
b 91 3 3 110
b 92 0 37 164
b 92 1 37 164
b 92 2 37 164
b 92 3 37 164
b 110 0 419 8
b 110 1 419 8
b 110 2 419 8
b 110 3 419 8
b 114 0 249 309
m 114 24 0 249 309
m 114 28 0 249 309
b 114 1 249 309
m 114 24 1 249 309
m 114 28 1 249 309
b 116 2 299 222
b 117 1 21 87
b 117 3 21 87
b 118 0 458 142
b 118 1 458 142
m 118 21 1 458 142
m 118 29 1 458 142
m 118 30 1 458 142
m 118 48 1 458 142
b 118 3 458 142
m 118 21 3 7.5 81.50000000000001 1.0
m 118 29 3 7.5 81.50000000000001 1.0
m 118 30 3 7.5 81.50000000000001 1.0
m 118 48 3 7.5 81.50000000000001 1.0
b 136 0 85 208
m 136 82 0 85 208
m 136 167 0 85 208
b 136 1 85 208
m 136 82 1 85 208
m 136 167 1 85 208
b 136 2 85 208
b 136 3 85 208
m 136 82 3 6.833333333333333 75.83333333333333 1.0
m 136 165 3 6.833333333333333 75.83333333333333 1.0
m 136 167 3 6.833333333333333 75.83333333333333 1.0
b 141 0 64 178
b 141 1 64 178
b 141 2 64 178
b 141 3 64 178
b 148 0 22 135
b 148 1 22 135
b 148 2 22 135
m 148 226 2 22 135
b 148 3 22 135
b 153 0 33 160
b 153 1 33 160
b 153 2 33 160
m 153 36 2 33 160
m 153 93 2 33 160
b 153 3 33 160
b 160 0 277 268
b 160 1 277 268
b 160 2 277 268
b 160 3 277 268
m 160 34 3 6.5 71.50000000000001 1.0
b 165 0 122 263
m 165 4 0 122 263
m 165 6 0 122 263
m 165 80 0 122 263
m 165 90 0 122 263
m 165 129 0 122 263
m 165 132 0 122 263
m 165 189 0 122 263
b 165 1 122 263
m 165 4 1 122 263
m 165 6 1 122 263
m 165 80 1 122 263
m 165 90 1 122 263
m 165 129 1 122 263
m 165 132 1 122 263
m 165 189 1 122 263
b 165 2 122 263
m 165 4 2 122 263
m 165 6 2 122 263
m 165 59 2 122 263
m 165 80 2 122 263
m 165 82 2 122 263
m 165 90 2 122 263
m 165 129 2 122 263
m 165 132 2 122 263
m 165 167 2 122 263
m 165 189 2 122 263
b 168 3 50 79
b 185 3 186 230
b 188 3 181 247
b 201 0 444 12
b 201 1 444 12
b 201 2 444 12
b 201 3 444 12
b 209 0 279 262
b 209 1 279 262
b 209 2 279 262
m 209 198 2 279 262
b 209 3 279 262
b 232 0 458 76
b 232 1 458 76
b 232 2 458 76
b 232 3 458 76
b 233 0 475 73
b 233 1 475 73
b 233 2 475 73
b 233 3 475 73
b 236 0 382 199
b 236 1 382 199
b 236 2 382 199
b 236 3 382 199
b 237 0 69 191
b 237 1 69 191
b 237 2 69 191
b 237 3 69 191
b 239 0 203 312
m 239 101 0 203 312
m 239 105 0 203 312
m 239 187 0 203 312
b 239 1 203 312
b 239 3 203 312
m 239 129 3 7.0 74.33333333333334 0.4699406341028969
m 239 101 3 7.0 74.33333333333334 0.4699406341028969
b 1 2 240 306
m 1 38 2 240 306
m 1 97 2 240 306
m 1 120 2 240 306
m 1 239 2 240 306
b 4 0 107 290
m 4 85 0 107 290
m 4 86 0 107 290
m 4 151 0 107 290
m 4 157 0 107 290
m 4 190 0 107 290
m 4 193 0 107 290
m 4 210 0 107 290
m 4 224 0 107 290
b 4 1 107 290
b 4 2 107 290
b 6 0 79 285
m 6 213 0 79 285
b 6 1 79 285
m 6 85 1 79 285
m 6 151 1 79 285
m 6 157 1 79 285
m 6 190 1 79 285
m 6 193 1 79 285
m 6 210 1 79 285
m 6 213 1 79 285
m 6 224 1 79 285
b 6 2 79 285
m 6 85 2 79 285
m 6 151 2 79 285
m 6 157 2 79 285
m 6 190 2 79 285
m 6 193 2 79 285
m 6 210 2 79 285
m 6 213 2 79 285
m 6 224 2 79 285
b 21 0 473 138
b 21 1 473 138
b 21 3 473 138
b 24 0 261 380
m 24 14 0 261 380
m 24 17 0 261 380
m 24 37 0 261 380
m 24 112 0 261 380
m 24 170 0 261 380
m 24 191 0 261 380
b 24 1 261 380
m 24 14 1 261 380
m 24 17 1 261 380
m 24 37 1 261 380
m 24 101 1 261 380
m 24 105 1 261 380
m 24 112 1 261 380
m 24 170 1 261 380
m 24 191 1 261 380
b 28 0 283 371
m 28 46 0 283 371
m 28 70 0 283 371
m 28 199 0 283 371
m 28 204 0 283 371
m 28 225 0 283 371
b 28 1 283 371
m 28 46 1 283 371
m 28 70 1 283 371
m 28 199 1 283 371
m 28 204 1 283 371
m 28 225 1 283 371
b 29 0 479 172
m 29 143 0 479 172
b 29 1 479 172
m 29 143 1 479 172
b 29 3 479 172
m 29 143 3 6.571428571428572 70.00000000000001 1.0
b 30 1 465 141
b 30 3 465 141
b 32 0 396 222
b 32 1 396 222
b 32 2 396 222
b 32 3 396 222
b 34 0 337 311
m 34 25 0 337 311
m 34 66 0 337 311
m 34 217 0 337 311
b 34 1 337 311
m 34 25 1 337 311
m 34 66 1 337 311
m 34 217 1 337 311
b 34 2 337 311
m 34 25 2 337 311
m 34 66 2 337 311
m 34 199 2 337 311
m 34 204 2 337 311
m 34 217 2 337 311
b 34 3 337 311
m 34 25 3 6.285714285714286 64.85714285714288 1.0
m 34 66 3 6.285714285714286 64.85714285714288 1.0
m 34 199 3 6.285714285714286 64.85714285714288 1.0
m 34 204 3 6.285714285714286 64.85714285714288 1.0
m 34 217 3 6.285714285714286 64.85714285714288 1.0
b 35 0 392 240
b 35 1 392 240
b 35 2 392 240
b 35 3 392 240
b 36 0 33 222
b 36 1 33 222
b 36 2 33 222
b 36 3 33 222
m 36 224 3 7.428571428571429 76.85714285714286 0.5
m 36 193 3 7.428571428571429 76.85714285714286 0.5
b 38 0 228 350
b 38 1 228 350
m 38 187 1 228 350
b 38 3 228 350
m 38 24 3 7.714285714285714 80.0 0.7190343998825923
m 38 14 3 7.714285714285714 80.0 0.7190343998825923
m 38 37 3 7.714285714285714 80.0 0.7190343998825923
m 38 28 3 7.714285714285714 80.0 0.7190343998825923
m 38 105 3 7.714285714285714 80.0 0.7190343998825923
m 38 170 3 7.714285714285714 80.0 0.7190343998825923
m 38 120 3 7.714285714285714 80.0 0.7190343998825923
b 41 0 426 249
m 41 69 0 426 249
m 41 96 0 426 249
m 41 223 0 426 249
b 41 1 426 249
b 41 2 426 249
m 41 69 2 426 249
m 41 96 2 426 249
m 41 143 2 426 249
m 41 223 2 426 249
b 41 3 426 249
m 41 69 3 6.714285714285714 68.42857142857144 0.3333333333333333
b 42 0 6 169
b 42 1 6 169
b 42 2 6 169
b 42 3 6 169
b 48 0 490 172
b 48 1 490 172
b 48 3 490 172
b 59 2 163 311
b 59 3 163 311
m 59 10 3 6.5 71.5 -1.0
b 80 0 84 303
m 80 19 0 84 303
m 80 50 0 84 303
m 80 87 0 84 303
m 80 144 0 84 303
m 80 227 0 84 303
b 80 1 84 303
m 80 19 1 84 303
m 80 50 1 84 303
m 80 86 1 84 303
m 80 87 1 84 303
m 80 144 1 84 303
m 80 227 1 84 303
b 80 2 84 303
m 80 19 2 84 303
m 80 50 2 84 303
m 80 86 2 84 303
m 80 87 2 84 303
m 80 144 2 84 303
m 80 227 2 84 303
b 82 0 85 238
b 82 1 85 238
b 82 2 85 238
b 82 3 85 238
m 82 4 3 6.571428571428571 68.57142857142857 1.0
m 82 6 3 6.571428571428571 68.57142857142857 1.0
m 82 80 3 6.571428571428571 68.57142857142857 1.0
m 82 90 3 6.571428571428571 68.57142857142857 1.0
m 82 189 3 6.571428571428571 68.57142857142857 1.0
b 90 0 110 284
b 90 1 110 284
b 90 2 110 284
b 93 0 57 208
b 93 1 57 208
b 93 2 57 208
b 93 3 57 208
b 95 0 1 160
b 95 1 1 160
b 95 2 1 160
b 95 3 1 160
b 97 0 273 367
b 97 1 273 367
b 97 3 273 367
m 97 225 3 6.857142857142858 69.71428571428572 0.3333333333333333
b 101 0 217 383
m 101 10 0 217 383
b 101 3 217 383
m 101 10 3 7.0 74.33333333333334 -1.0
b 102 0 442 233
b 102 1 442 233
m 102 69 1 442 233
m 102 96 1 442 233
m 102 223 1 442 233
b 102 2 442 233
m 102 29 2 442 233
b 102 3 442 233
m 102 96 3 6.571428571428571 67.71428571428572 0.5
m 102 223 3 6.571428571428571 67.71428571428572 0.5
b 105 0 195 387
m 105 10 0 195 387
b 114 2 250 309
m 114 24 2 250 309
m 114 28 2 250 309
b 114 3 250 309
b 120 0 266 365
b 120 1 266 365
b 127 0 272 308
b 127 1 272 308
b 127 2 272 308
b 127 3 272 308
b 129 0 154 327
m 129 10 0 154 327
b 129 1 154 327
m 129 10 1 154 327
b 129 2 154 327
m 129 10 2 154 327
b 129 3 154 327
m 129 10 3 7.0 74.33333333333334 -1.0
b 132 0 110 338
m 132 10 0 110 338
b 132 1 110 338
m 132 10 1 110 338
b 132 2 110 338
m 132 10 2 110 338
b 140 0 440 198
b 140 1 440 198
b 140 2 440 198
m 140 21 2 440 198
m 140 30 2 440 198
m 140 48 2 440 198
m 140 118 2 440 198
b 140 3 440 198
b 154 0 291 316
b 154 1 291 316
b 154 2 291 316
b 154 3 291 316
b 165 3 121 264
m 165 132 3 6.0 65.14285714285714 1.0
b 166 0 338 304
b 166 1 338 304
b 166 2 338 304
b 166 3 338 304
b 167 0 92 249
b 167 1 92 249
b 167 2 92 249
b 167 3 92 249
m 167 85 3 6.0 65.14285714285714 1.0
b 175 0 318 308
b 175 1 318 308
b 175 2 318 308
b 175 3 318 308
b 187 0 185 375
m 187 10 0 185 375
b 189 0 106 285
b 189 1 106 285
b 189 2 106 285
b 198 0 237 322
b 198 1 237 322
b 198 2 237 322
b 198 3 237 322
m 198 191 3 5.857142857142857 61.857142857142854 0.5461654513452349
m 198 187 3 5.857142857142857 61.857142857142854 0.5461654513452349
b 212 0 419 223
b 212 1 419 223
b 212 2 419 223
b 212 3 419 223
b 215 0 414 233
b 215 1 414 233
b 215 2 414 233
b 215 3 414 233
b 226 0 15 187
b 226 1 15 187
b 226 2 15 187
b 226 3 15 187
b 4 3 106 290
m 4 86 3 6.375 63.125 1.0
m 4 151 3 6.375 63.125 1.0
m 4 157 3 6.375 63.125 1.0
m 4 190 3 6.375 63.125 1.0
m 4 210 3 6.375 63.125 1.0
b 6 3 79 284
m 6 213 3 5.875 60.125 1.0
b 14 0 192 386
m 14 10 0 192 386
b 14 1 192 386
m 14 10 1 192 386
b 14 3 192 386
m 14 10 3 7.714285714285714 80.0 -1.0
b 17 0 265 443
m 17 44 0 265 443
m 17 49 0 265 443
m 17 131 0 265 443
m 17 161 0 265 443
m 17 173 0 265 443
m 17 203 0 265 443
m 17 208 0 265 443
m 17 214 0 265 443
m 17 221 0 265 443
b 17 1 265 443
m 17 44 1 265 443
m 17 49 1 265 443
m 17 131 1 265 443
m 17 161 1 265 443
m 17 173 1 265 443
m 17 203 1 265 443
m 17 208 1 265 443
m 17 214 1 265 443
m 17 221 1 265 443
b 19 0 92 366
m 19 10 0 92 366
b 19 1 92 366
m 19 10 1 92 366
b 19 2 92 366
m 19 10 2 92 366
b 21 2 474 137
b 24 2 261 379
m 24 14 2 261 379
m 24 17 2 261 379
m 24 37 2 261 379
m 24 101 2 261 379
m 24 105 2 261 379
m 24 112 2 261 379
m 24 170 2 261 379
m 24 191 2 261 379
b 24 3 261 379
m 24 17 3 7.0 70.5 0.5
m 24 112 3 7.0 70.5 0.5
b 25 0 376 331
m 25 184 0 376 331
m 25 207 0 376 331
b 25 1 376 331
m 25 184 1 376 331
m 25 207 1 376 331
b 25 2 376 331
m 25 70 2 376 331
m 25 184 2 376 331
m 25 207 2 376 331
m 25 225 2 376 331
b 25 3 376 331
m 25 184 3 5.875 57.875000000000014 0.41688289223317776
m 25 70 3 5.875 57.875000000000014 0.41688289223317776
b 28 2 284 372
b 28 3 284 372
m 28 46 3 6.875 70.125 1.0
b 29 2 480 172
b 30 2 464 142
b 37 0 211 387
m 37 10 0 211 387
b 37 1 211 387
m 37 10 1 211 387
b 37 3 211 387
m 37 10 3 7.714285714285714 80.0 -1.0
b 38 2 227 351
m 38 187 2 227 351
b 46 0 322 431
m 46 58 0 322 431
m 46 61 0 322 431
m 46 84 0 322 431
m 46 139 0 322 431
m 46 177 0 322 431
m 46 229 0 322 431
b 46 1 322 431
m 46 58 1 322 431
m 46 61 1 322 431
m 46 84 1 322 431
m 46 139 1 322 431
m 46 177 1 322 431
m 46 229 1 322 431
b 48 2 491 171
b 50 0 75 360
m 50 5 0 75 360
m 50 18 0 75 360
m 50 27 0 75 360
m 50 81 0 75 360
m 50 88 0 75 360
m 50 192 0 75 360
m 50 197 0 75 360
m 50 206 0 75 360
m 50 228 0 75 360
b 50 1 75 360
b 50 2 75 360
m 50 5 2 75 360
m 50 18 2 75 360
m 50 27 2 75 360
m 50 81 2 75 360
m 50 88 2 75 360
m 50 192 2 75 360
m 50 197 2 75 360
m 50 206 2 75 360
m 50 228 2 75 360
b 66 0 368 365
m 66 124 0 368 365
m 66 135 0 368 365
m 66 155 0 368 365
b 66 1 368 365
m 66 124 1 368 365
m 66 135 1 368 365
m 66 155 1 368 365
b 66 2 368 365
m 66 58 2 368 365
m 66 61 2 368 365
m 66 124 2 368 365
m 66 135 2 368 365
m 66 139 2 368 365
m 66 155 2 368 365
b 66 3 368 365
m 66 58 3 6.375 62.875000000000014 1.0
m 66 61 3 6.375 62.875000000000014 1.0
m 66 124 3 6.375 62.875000000000014 1.0
m 66 135 3 6.375 62.875000000000014 1.0
m 66 139 3 6.375 62.875000000000014 1.0
m 66 155 3 6.375 62.875000000000014 1.0
m 66 207 3 6.375 62.875000000000014 1.0
b 69 0 474 290
m 69 53 0 474 290
m 69 83 0 474 290
m 69 103 0 474 290
m 69 107 0 474 290
m 69 108 0 474 290
m 69 146 0 474 290
m 69 147 0 474 290
b 69 1 474 290
m 69 53 1 474 290
m 69 83 1 474 290
m 69 103 1 474 290
m 69 107 1 474 290
m 69 108 1 474 290
m 69 146 1 474 290
m 69 147 1 474 290
b 69 2 474 290
b 69 3 474 290
m 69 83 3 6.75 66.00000000000001 0.5302395649617871
m 69 146 3 6.75 66.00000000000001 0.5302395649617871
m 69 147 3 6.75 66.00000000000001 0.5302395649617871
m 69 103 3 6.75 66.00000000000001 0.5302395649617871
b 70 0 339 389
b 70 1 339 389
b 80 3 84 304
m 80 19 3 6.375 63.125 1.0
m 80 50 3 6.375 63.125 1.0
m 80 87 3 6.375 63.125 1.0
m 80 144 3 6.375 63.125 1.0
m 80 227 3 6.375 63.125 1.0
b 85 0 60 312
m 85 138 0 60 312
m 85 178 0 60 312
b 85 1 60 312
m 85 27 1 60 312
m 85 138 1 60 312
m 85 178 1 60 312
m 85 206 1 60 312
b 85 2 60 312
m 85 138 2 60 312
m 85 178 2 60 312
b 85 3 60 312
m 85 27 3 5.75 59.0 1.0
m 85 138 3 5.75 59.0 1.0
m 85 178 3 5.75 59.0 1.0
m 85 206 3 5.75 59.0 1.0
b 86 0 110 364
m 86 10 0 110 364
b 86 1 110 364
b 86 2 110 364
b 87 0 45 362
m 87 164 0 45 362
b 87 1 45 362
m 87 5 1 45 362
m 87 81 1 45 362
m 87 88 1 45 362
m 87 164 1 45 362
m 87 192 1 45 362
m 87 197 1 45 362
m 87 228 1 45 362
b 87 2 45 362
b 90 3 111 283
b 96 0 488 257
b 96 1 488 257
b 96 2 488 257
m 96 53 2 488 257
m 96 103 2 488 257
m 96 107 2 488 257
m 96 146 2 488 257
m 96 147 2 488 257
b 96 3 488 257
m 96 107 3 6.0 59.75000000000001 0.5185942367601246
m 96 53 3 6.0 59.75000000000001 0.5185942367601246
b 97 2 274 367
b 101 1 218 382
m 101 10 1 218 382
b 105 1 194 388
b 105 3 194 388
m 105 10 3 7.714285714285714 80.0 -1.0
b 112 0 275 450
b 112 1 275 450
b 118 2 459 143
b 120 2 267 365
b 120 3 267 365
b 132 3 111 338
m 132 10 3 6.0 65.14285714285714 -1.0
b 143 0 493 241
b 143 1 493 241
b 143 2 493 241
b 143 3 493 241
b 144 0 45 358
b 144 1 45 358
b 144 2 45 358
b 151 0 77 344
b 151 1 77 344
m 151 18 1 77 344
b 151 2 77 344
b 157 0 50 321
b 157 1 50 321
b 157 2 50 321
b 170 0 227 405
m 170 15 0 227 405
m 170 180 0 227 405
m 170 218 0 227 405
b 170 1 227 405
m 170 15 1 227 405
m 170 180 1 227 405
m 170 218 1 227 405
b 170 3 227 405
m 170 15 3 7.75 78.0 0.6555585051205485
m 170 221 3 7.75 78.0 0.6555585051205485
m 170 214 3 7.75 78.0 0.6555585051205485
m 170 173 3 7.75 78.0 0.6555585051205485
m 170 180 3 7.75 78.0 0.6555585051205485
m 170 218 3 7.75 78.0 0.6555585051205485
b 187 1 184 374
m 187 10 1 184 374
b 187 3 184 374
m 187 10 3 5.857142857142857 61.857142857142854 -1.0
b 189 3 106 286
b 190 0 69 330
b 190 1 69 330
b 190 2 69 330
b 191 0 263 391
b 191 1 263 391
b 191 3 263 391
m 191 49 3 5.25 54.25 0.026007878635487404
b 193 0 47 294
b 193 1 47 294
b 193 2 47 294
b 193 3 47 294
b 199 0 332 324
b 199 1 332 324
b 199 2 332 324
b 199 3 332 324
b 204 0 336 371
b 204 1 336 371
b 204 2 336 371
b 204 3 336 371
b 210 0 72 351
b 210 1 72 351
b 210 2 72 351
b 213 0 42 335
b 213 1 42 335
b 213 2 42 335
b 217 0 395 349
m 217 100 0 395 349
b 217 1 395 349
m 217 100 1 395 349
b 217 2 395 349
b 217 3 395 349
m 217 100 3 5.75 57.250000000000014 0.5
m 217 108 3 5.75 57.250000000000014 0.5
b 223 0 455 300
b 223 1 455 300
b 223 2 455 300
m 223 83 2 455 300
m 223 100 2 455 300
m 223 108 2 455 300
b 223 3 455 300
b 224 0 36 287
b 224 1 36 287
b 224 2 36 287
b 224 3 36 287
b 225 0 338 392
b 225 1 338 392
b 225 3 338 392
m 225 208 3 6.25 61.50000000000001 0.1844848484848483
b 227 0 69 360
b 227 1 69 360
b 227 2 69 360
b 239 2 201 313
b 5 0 91 411
m 5 10 0 91 411
b 5 1 91 411
m 5 10 1 91 411
b 5 2 91 411
b 14 2 191 385
m 14 10 2 191 385
b 15 0 172 455
m 15 2 0 172 455
m 15 68 0 172 455
m 15 119 0 172 455
b 15 1 172 455
m 15 2 1 172 455
m 15 68 1 172 455
m 15 119 1 172 455
b 15 3 172 455
m 15 68 3 7.555555555555556 73.33333333333333 0.47162153288625075
m 15 119 3 7.555555555555556 73.33333333333333 0.47162153288625075
m 15 161 3 7.555555555555556 73.33333333333333 0.47162153288625075
b 17 2 265 444
m 17 44 2 265 444
m 17 46 2 265 444
m 17 49 2 265 444
m 17 131 2 265 444
m 17 161 2 265 444
m 17 173 2 265 444
m 17 203 2 265 444
m 17 208 2 265 444
m 17 214 2 265 444
m 17 221 2 265 444
b 17 3 265 444
m 17 44 3 6.555555555555555 63.666666666666664 0.6798789981760754
m 17 203 3 6.555555555555555 63.666666666666664 0.6798789981760754
m 17 131 3 6.555555555555555 63.666666666666664 0.6798789981760754
b 18 0 132 378
m 18 10 0 132 378
b 18 1 132 378
m 18 10 1 132 378
b 18 2 132 378
b 19 3 92 367
m 19 10 3 6.375 63.125 -1.0
b 27 0 32 367
b 27 1 32 367
b 27 2 32 367
b 27 3 32 367
m 27 5 3 5.777777777777778 56.44444444444444 1.0
m 27 88 3 5.777777777777778 56.44444444444444 1.0
m 27 164 3 5.777777777777778 56.44444444444444 1.0
m 27 192 3 5.777777777777778 56.44444444444444 1.0
m 27 197 3 5.777777777777778 56.44444444444444 1.0
m 27 228 3 5.777777777777778 56.44444444444444 1.0
b 37 2 211 386
m 37 10 2 211 386
b 44 0 277 494
b 44 1 277 494
b 46 3 321 432
m 46 84 3 6.444444444444444 63.333333333333336 1.0
m 46 177 3 6.444444444444444 63.333333333333336 1.0
m 46 229 3 6.444444444444444 63.333333333333336 1.0
b 49 0 241 454
b 49 1 241 454
b 49 3 241 454
m 49 2 3 4.777777777777778 48.333333333333336 0.026612713022359204
b 50 3 76 359
m 50 10 3 6.375 63.125 -1.0
b 53 0 491 313
b 53 1 491 313
b 53 2 491 313
b 53 3 491 313
b 58 0 343 420
b 58 1 343 420
b 58 2 343 420
m 58 84 2 343 420
m 58 177 2 343 420
m 58 229 2 343 420
b 58 3 343 420
b 61 0 380 418
m 61 26 0 380 418
b 61 1 380 418
m 61 26 1 380 418
b 61 2 380 418
m 61 26 2 380 418
b 61 3 380 418
m 61 26 3 5.777777777777778 56.000000000000014 1.0
b 70 2 340 389
b 70 3 340 389
b 81 0 83 425
m 81 94 0 83 425
m 81 145 0 83 425
m 81 150 0 83 425
m 81 216 0 83 425
b 81 1 83 425
m 81 94 1 83 425
m 81 145 1 83 425
m 81 150 1 83 425
m 81 216 1 83 425
b 81 2 83 425
b 83 0 459 333
m 83 7 0 459 333
b 83 1 459 333
m 83 7 1 459 333
b 83 2 459 333
b 83 3 459 333
m 83 7 3 6.111111111111111 58.77777777777779 1.0
b 84 0 364 488
m 84 60 0 364 488
m 84 142 0 364 488
m 84 171 0 364 488
m 84 230 0 364 488
b 84 1 364 488
m 84 60 1 364 488
m 84 142 1 364 488
m 84 171 1 364 488
m 84 230 1 364 488
b 86 3 111 365
m 86 10 3 6.375 63.125 -1.0
b 87 3 44 361
m 87 81 3 5.777777777777778 56.22222222222223 1.0
b 88 0 42 410
b 88 1 42 410
b 88 2 42 410
m 88 119 2 42 410
m 88 145 2 42 410
m 88 150 2 42 410
m 88 164 2 42 410
m 88 216 2 42 410
b 100 0 445 361
b 100 1 445 361
b 100 2 445 361
m 100 7 2 445 361
b 100 3 445 361
b 101 2 218 382
m 101 10 2 218 382
b 103 0 470 312
b 103 1 470 312
b 103 2 470 312
b 103 3 470 312
b 105 2 194 389
b 107 0 474 312
b 107 1 474 312
b 107 2 474 312
b 107 3 474 312
b 108 0 454 335
b 108 1 454 335
b 108 2 454 335
b 108 3 454 335
b 112 2 276 449
b 112 3 276 449
b 124 0 411 424
m 124 159 0 411 424
m 124 174 0 411 424
m 124 220 0 411 424
b 124 1 411 424
m 124 159 1 411 424
m 124 174 1 411 424
m 124 220 1 411 424
b 124 2 411 424
m 124 60 2 411 424
m 124 142 2 411 424
m 124 159 2 411 424
m 124 171 2 411 424
m 124 174 2 411 424
m 124 220 2 411 424
m 124 230 2 411 424
b 124 3 411 424
m 124 60 3 6.444444444444445 61.33333333333334 1.0
m 124 142 3 6.444444444444445 61.33333333333334 1.0
m 124 159 3 6.444444444444445 61.33333333333334 1.0
m 124 171 3 6.444444444444445 61.33333333333334 1.0
m 124 174 3 6.444444444444445 61.33333333333334 1.0
m 124 220 3 6.444444444444445 61.33333333333334 1.0
m 124 230 3 6.444444444444445 61.33333333333334 1.0
b 131 0 196 431
m 131 10 0 196 431
b 131 1 196 431
m 131 10 1 196 431
b 135 0 398 429
b 135 1 398 429
b 135 2 398 429
b 135 3 398 429
b 138 0 2 298
b 138 1 2 298
b 138 2 2 298
b 138 3 2 298
b 139 0 379 426
b 139 1 379 426
b 139 2 379 426
b 139 3 379 426
b 144 3 45 357
b 146 0 493 319
b 146 1 493 319
b 146 2 493 319
b 146 3 493 319
b 147 0 476 322
b 147 1 476 322
b 147 2 476 322
b 147 3 476 322
b 151 3 78 344
m 151 18 3 5.777777777777778 56.22222222222223 1.0
b 155 0 411 403
b 155 1 411 403
b 155 2 411 403
b 155 3 411 403
b 157 3 49 321
b 161 0 220 493
b 161 1 220 493
b 164 0 14 415
b 164 1 14 415
b 170 2 227 405
m 170 15 2 227 405
m 170 180 2 227 405
m 170 218 2 227 405
b 173 0 192 456
b 173 1 192 456
b 173 3 192 456
b 177 0 359 461
b 177 1 359 461
b 178 0 2 315
b 178 1 2 315
b 178 2 2 315
b 178 3 2 315
b 180 0 178 439
m 180 10 0 178 439
b 180 1 178 439
m 180 10 1 178 439
b 180 3 178 439
m 180 10 3 7.75 78.0 -1.0
b 184 0 415 343
b 184 1 415 343
b 184 2 415 343
b 184 3 415 343
b 187 2 184 373
m 187 10 2 184 373
b 190 3 69 329
b 191 2 263 392
b 192 0 32 386
b 192 1 32 386
b 192 2 32 386
b 197 0 36 399
b 197 1 36 399
b 197 2 36 399
b 203 0 210 490
b 203 1 210 490
b 206 0 7 357
b 206 1 7 357
b 206 2 7 357
b 206 3 7 357
b 207 0 354 395
b 207 1 354 395
b 207 2 354 395
b 207 3 354 395
b 208 0 337 448
b 208 1 337 448
b 208 3 337 448
b 210 3 73 350
b 213 3 41 335
b 214 0 205 469
b 214 1 205 469
b 214 3 205 469
b 218 0 183 432
m 218 10 0 183 432
b 218 1 183 432
b 218 3 183 432
m 218 10 3 7.75 78.0 -1.0
b 221 0 208 473
b 221 1 208 473
b 221 3 208 473
b 225 2 338 391
b 227 3 69 359
b 228 0 50 389
b 228 1 50 389
b 228 2 50 389
b 229 0 362 489
b 229 1 362 489
b 2 0 197 497
b 2 1 197 497
b 2 3 197 497
b 5 3 90 411
m 5 10 3 5.777777777777778 56.44444444444444 -1.0
b 7 0 480 392
m 7 99 0 480 392
b 7 1 480 392
m 7 99 1 480 392
b 7 2 480 392
b 7 3 480 392
m 7 99 3 5.6 53.000000000000014 1.0
b 15 2 171 454
b 18 3 131 378
m 18 10 3 5.777777777777778 56.22222222222223 -1.0
b 26 0 416 434
b 26 1 416 434
b 26 2 416 434
b 26 3 416 434
b 44 2 277 495
b 44 3 277 495
b 46 2 320 432
b 49 2 242 455
m 49 2 2 242 455
b 60 0 424 494
m 60 123 0 424 494
b 60 1 424 494
m 60 123 1 424 494
b 60 2 424 494
b 60 3 424 494
m 60 123 3 5.8999999999999995 55.30000000000001 1.0
b 68 0 117 490
b 68 1 117 490
b 68 3 117 490
m 68 216 3 7.0 66.4 0.5
m 68 94 3 7.0 66.4 0.5
b 81 3 82 425
m 81 145 3 5.4 51.00000000000001 1.0
m 81 150 3 5.4 51.00000000000001 1.0
b 84 2 363 489
b 84 3 363 489
b 88 3 41 411
b 94 0 69 486
b 94 1 69 486
b 119 0 110 438
m 119 10 0 110 438
b 119 1 110 438
m 119 10 1 110 438
b 119 2 110 438
m 119 10 2 110 438
b 119 3 110 438
m 119 10 3 7.555555555555556 73.33333333333333 -1.0
b 131 2 195 432
b 131 3 195 432
m 131 10 3 6.555555555555555 63.666666666666664 -1.0
b 142 0 434 473
b 142 1 434 473
b 142 2 434 473
b 142 3 434 473
b 145 0 41 464
b 145 1 41 464
b 145 2 41 464
b 150 0 16 448
b 150 1 16 448
b 150 2 16 448
m 150 94 2 16 448
b 159 0 451 448
b 159 1 451 448
b 159 2 451 448
b 159 3 451 448
b 161 2 219 494
b 161 3 219 494
b 164 2 15 415
b 164 3 15 415
b 171 0 425 479
b 171 1 425 479
b 171 2 425 479
m 171 99 2 425 479
m 171 123 2 425 479
b 171 3 425 479
b 173 2 193 457
b 174 0 479 428
b 174 1 479 428
b 174 2 479 428
b 174 3 479 428
b 177 2 359 462
b 177 3 359 462
b 180 2 178 438
m 180 10 2 178 438
b 192 3 33 386
b 197 3 35 398
b 203 2 209 490
b 203 3 209 490
b 208 2 337 449
b 214 2 206 469
b 216 0 78 466
b 216 1 78 466
b 216 2 78 466
b 218 2 183 431
b 220 0 437 472
b 220 1 437 472
b 220 2 437 472
b 220 3 437 472
b 221 2 207 474
b 228 3 51 390
b 229 2 362 490
b 229 3 362 490
b 230 0 410 492
b 230 1 410 492
b 230 2 410 492
b 230 3 410 492
b 2 2 198 498
b 94 2 69 487
m 94 68 2 69 487
b 94 3 69 487
b 99 0 496 465
b 99 1 496 465
b 99 2 496 465
b 99 3 496 465
b 123 0 488 494
b 123 1 488 494
b 123 2 488 494
b 123 3 488 494
b 145 3 42 463
b 150 3 17 448
b 216 3 79 467
b 68 2 116 489
