Key: 
t: node change direction (node id, x, y, new direction)
s: node start location (node id, x, y, start direction, buffer)
m: message transfer (sender id, target id, messageType, sender x, sender y
b: broadcast (node id, message type, x, y)
80 187 295 319
s 0 51 431 308 0
s 1 346 58 79 0
s 2 71 457 278 0
s 3 432 266 109 0
s 4 259 66 203 0
s 5 298 123 321 0
s 6 169 236 147 0
s 7 2 93 148 0
s 8 274 183 6 0
s 9 439 201 339 0
s 10 299 434 356 0
s 11 108 398 115 0
s 12 403 188 333 0
s 13 224 414 233 0
s 14 20 136 232 0
s 15 191 229 343 0
s 16 380 30 272 0
s 17 84 486 306 0
s 18 295 319 169 0
s 19 259 446 65 0
s 20 312 268 184 0
s 21 205 94 104 0
s 22 256 79 65 0
s 23 138 455 10 0
s 24 118 323 266 0
s 25 462 244 269 0
s 26 100 53 181 0
s 27 427 178 334 0
s 28 330 363 308 0
s 29 26 344 253 0
s 30 215 224 270 0
s 31 269 195 347 0
s 32 483 62 294 0
s 33 410 457 207 0
s 34 339 309 188 0
s 35 451 348 255 0
s 36 419 361 331 0
s 37 299 135 107 0
s 38 99 267 274 0
s 39 201 275 86 0
s 40 14 230 143 0
s 41 361 394 182 0
s 42 337 80 85 0
s 43 9 36 138 0
s 44 312 447 15 0
s 45 363 160 274 0
s 46 498 376 341 0
s 47 290 22 42 0
s 48 52 351 4 0
s 49 408 10 168 0
s 50 269 185 51 0
s 51 236 376 276 0
s 52 399 123 337 0
s 53 320 153 279 0
s 54 382 136 43 0
s 55 285 20 323 0
s 56 50 231 185 0
s 57 269 410 346 0
s 58 225 180 216 0
s 59 270 258 203 0
s 60 21 309 107 0
s 61 53 466 214 0
s 62 495 83 11 0
s 63 491 167 336 0
s 64 172 457 126 0
s 65 104 273 26 0
s 66 195 289 132 0
s 67 158 169 332 0
s 68 456 168 117 0
s 69 216 363 158 0
s 70 211 474 271 0
s 71 451 273 214 0
s 72 15 370 172 0
s 73 215 294 333 0
s 74 105 107 81 0
s 75 229 21 36 0
s 76 499 437 42 0
s 77 328 141 84 0
s 78 61 125 98 0
s 79 310 90 130 0
s 80 444 345 190 0
s 81 333 289 65 0
s 82 153 420 9 0
s 83 137 389 185 0
s 84 197 146 19 0
s 85 189 291 197 0
s 86 235 224 244 0
s 87 115 278 115 0
s 88 126 335 117 0
s 89 266 256 211 0
s 90 347 153 342 0
s 91 396 233 122 0
s 92 372 259 106 0
s 93 5 68 168 0
s 94 14 180 71 0
s 95 456 438 196 0
s 96 499 263 258 0
s 97 361 309 177 0
s 98 218 41 288 0
s 99 384 307 282 0
s 100 241 370 88 0
s 101 188 416 96 0
s 102 188 191 108 0
s 103 476 464 20 0
s 104 16 479 215 0
s 105 313 12 264 0
s 106 370 284 217 0
s 107 388 50 192 0
s 108 33 246 358 0
s 109 478 381 325 0
s 110 169 316 181 0
s 111 378 101 113 0
s 112 151 97 150 0
s 113 11 285 174 0
s 114 106 34 322 0
s 115 402 436 217 0
s 116 149 86 119 0
s 117 87 207 204 0
s 118 103 1 116 0
s 119 224 211 64 0
s 120 245 195 71 0
s 121 223 163 305 0
s 122 13 214 142 0
s 123 14 316 282 0
s 124 18 47 323 0
s 125 273 482 9 0
s 126 427 98 178 0
s 127 398 376 190 0
s 128 449 445 172 0
s 129 36 321 45 0
s 130 15 281 14 0
s 131 338 469 226 0
s 132 443 158 28 0
s 133 301 306 243 0
s 134 452 57 248 0
s 135 281 100 273 0
s 136 76 382 359 0
s 137 124 404 216 0
s 138 25 170 43 0
s 139 77 177 54 0
s 140 344 410 164 0
s 141 419 72 103 0
s 142 149 90 344 0
s 143 253 488 6 0
s 144 370 163 202 0
s 145 499 323 40 0
s 146 447 300 167 0
s 147 427 255 202 0
s 148 444 412 163 0
s 149 98 98 307 0
s 150 463 253 219 0
s 151 328 401 163 0
s 152 269 251 221 0
s 153 66 305 58 0
s 154 414 98 306 0
s 155 152 121 333 0
s 156 46 134 181 0
s 157 379 449 227 0
s 158 98 468 220 0
s 159 288 232 214 0
s 160 398 129 339 0
s 161 400 109 300 0
s 162 268 206 8 0
s 163 290 85 293 0
s 164 202 386 105 0
s 165 344 428 126 0
s 166 350 190 51 0
s 167 360 43 147 0
s 168 141 238 204 0
s 169 303 439 148 0
s 170 407 55 121 0
s 171 80 187 86 0
s 172 178 305 170 0
s 173 300 331 289 0
s 174 161 14 89 0
s 175 67 463 225 0
s 176 256 482 331 0
s 177 312 227 182 0
s 178 260 227 150 0
s 179 314 19 78 0
s 180 251 239 313 0
s 181 440 204 146 0
s 182 233 137 202 0
s 183 31 327 125 0
s 184 149 255 9 0
s 185 465 70 232 0
s 186 273 44 242 0
s 187 439 102 11 0
s 188 10 64 296 0
s 189 326 433 69 0
s 190 132 247 301 0
s 191 133 213 156 0
s 192 21 75 183 0
s 193 259 220 128 0
s 194 401 40 141 0
s 195 391 17 153 0
s 196 437 65 359 0
s 197 199 154 337 0
s 198 463 2 261 0
s 199 26 118 196 0
s 200 236 37 342 0
s 201 339 188 187 0
s 202 254 34 289 0
s 203 223 93 304 0
s 204 185 162 258 0
s 205 223 79 323 0
s 206 290 413 266 0
s 207 182 155 195 0
s 208 391 407 18 0
s 209 106 102 135 0
s 210 135 170 344 0
s 211 246 117 236 0
s 212 90 373 168 0
s 213 410 463 17 0
s 214 141 48 23 0
s 215 217 281 157 0
s 216 190 339 17 0
s 217 46 115 114 0
s 218 361 427 92 0
s 219 12 114 58 0
s 220 80 42 20 0
s 221 76 64 175 0
s 222 25 119 133 0
s 223 397 186 144 0
s 224 334 270 288 0
s 225 197 285 296 0
s 226 378 200 293 0
s 227 110 408 184 0
s 228 266 468 223 0
s 229 345 62 4 0
s 230 41 120 134 0
s 231 359 95 235 0
s 232 285 226 190 0
s 233 329 441 31 0
s 234 279 204 237 0
s 235 340 260 340 0
s 236 124 212 226 0
s 237 287 48 37 0
s 238 263 334 26 0
s 239 179 371 42 0
b 171 0 81 200
m 171 56 0 81 200
m 171 78 0 81 200
m 171 94 0 81 200
m 171 108 0 81 200
m 171 117 0 81 200
m 171 138 0 81 200
m 171 139 0 81 200
m 171 156 0 81 200
m 171 191 0 81 200
m 171 210 0 81 200
m 171 236 0 81 200
b 171 1 81 200
m 171 56 1 81 200
m 171 78 1 81 200
m 171 94 1 81 200
m 171 108 1 81 200
m 171 117 1 81 200
m 171 138 1 81 200
m 171 139 1 81 200
m 171 156 1 81 200
m 171 191 1 81 200
m 171 210 1 81 200
m 171 236 1 81 200
b 171 2 81 200
m 171 56 2 81 200
m 171 78 2 81 200
m 171 94 2 81 200
m 171 108 2 81 200
m 171 117 2 81 200
m 171 138 2 81 200
m 171 139 2 81 200
m 171 156 2 81 200
m 171 191 2 81 200
m 171 210 2 81 200
m 171 236 2 81 200
b 171 3 81 200
m 171 56 3 12.0 144.0 1.0
m 171 78 3 12.0 144.0 1.0
m 171 94 3 12.0 144.0 1.0
m 171 108 3 12.0 144.0 1.0
m 171 117 3 12.0 144.0 1.0
m 171 138 3 12.0 144.0 1.0
m 171 139 3 12.0 144.0 1.0
m 171 156 3 12.0 144.0 1.0
m 171 191 3 12.0 144.0 1.0
m 171 210 3 12.0 144.0 1.0
m 171 236 3 12.0 144.0 1.0
b 56 0 25 229
m 56 38 0 25 229
m 56 40 0 25 229
m 56 113 0 25 229
m 56 122 0 25 229
m 56 130 0 25 229
b 56 1 25 229
b 56 2 25 229
m 56 38 2 25 229
m 56 40 2 25 229
m 56 113 2 25 229
m 56 122 2 25 229
m 56 130 2 25 229
b 56 3 25 229
m 56 38 3 9.666666666666666 104.33333333333333 0.2
m 56 130 3 9.666666666666666 104.33333333333333 0.2
b 78 0 58 150
m 78 7 0 58 150
m 78 14 0 58 150
m 78 74 0 58 150
m 78 199 0 58 150
m 78 209 0 58 150
m 78 217 0 58 150
m 78 219 0 58 150
m 78 222 0 58 150
m 78 230 0 58 150
b 78 1 58 150
m 78 7 1 58 150
m 78 14 1 58 150
m 78 74 1 58 150
m 78 199 1 58 150
m 78 209 1 58 150
m 78 217 1 58 150
m 78 219 1 58 150
m 78 222 1 58 150
m 78 230 1 58 150
b 78 2 58 150
m 78 7 2 58 150
m 78 14 2 58 150
m 78 74 2 58 150
m 78 199 2 58 150
m 78 209 2 58 150
m 78 217 2 58 150
m 78 219 2 58 150
m 78 222 2 58 150
m 78 230 2 58 150
b 78 3 58 150
m 78 7 3 11.666666666666666 136.33333333333334 0.9402597402597401
m 78 209 3 11.666666666666666 136.33333333333334 0.9402597402597401
m 78 217 3 11.666666666666666 136.33333333333334 0.9402597402597401
m 78 219 3 11.666666666666666 136.33333333333334 0.9402597402597401
m 78 199 3 11.666666666666666 136.33333333333334 0.9402597402597401
m 78 222 3 11.666666666666666 136.33333333333334 0.9402597402597401
m 78 14 3 11.666666666666666 136.33333333333334 0.9402597402597401
m 78 230 3 11.666666666666666 136.33333333333334 0.9402597402597401
m 78 74 3 11.666666666666666 136.33333333333334 0.9402597402597401
b 94 0 22 204
m 94 40 0 22 204
m 94 122 0 22 204
m 94 217 0 22 204
m 94 219 0 22 204
m 94 222 0 22 204
m 94 230 0 22 204
b 94 1 22 204
m 94 40 1 22 204
m 94 122 1 22 204
m 94 217 1 22 204
m 94 219 1 22 204
m 94 222 1 22 204
m 94 230 1 22 204
b 94 2 22 204
m 94 40 2 22 204
m 94 122 2 22 204
m 94 217 2 22 204
m 94 219 2 22 204
m 94 222 2 22 204
m 94 230 2 22 204
b 94 3 22 204
m 94 219 3 10.333333333333334 112.33333333333333 0.4616673648931715
m 94 222 3 10.333333333333334 112.33333333333333 0.4616673648931715
m 94 217 3 10.333333333333334 112.33333333333333 0.4616673648931715
b 108 0 58 245
m 108 38 0 58 245
m 108 40 0 58 245
m 108 113 0 58 245
m 108 122 0 58 245
m 108 123 0 58 245
m 108 130 0 58 245
b 108 1 58 245
m 108 38 1 58 245
m 108 40 1 58 245
m 108 113 1 58 245
m 108 122 1 58 245
m 108 123 1 58 245
m 108 130 1 58 245
b 108 2 58 245
b 108 3 58 245
m 108 38 3 10.0 108.0 0.21818181818181803
m 108 123 3 10.0 108.0 0.21818181818181803
b 117 0 64 197
m 117 38 0 64 197
m 117 122 0 64 197
m 117 168 0 64 197
b 117 1 64 197
m 117 38 1 64 197
m 117 122 1 64 197
m 117 168 1 64 197
b 117 2 64 197
m 117 38 2 64 197
m 117 122 2 64 197
m 117 168 2 64 197
b 117 3 64 197
m 117 38 3 9.333333333333334 101.33333333333333 0.25
b 138 0 43 188
m 138 14 0 43 188
m 138 40 0 43 188
m 138 122 0 43 188
m 138 199 0 43 188
m 138 217 0 43 188
m 138 219 0 43 188
m 138 222 0 43 188
m 138 230 0 43 188
b 138 1 43 188
m 138 14 1 43 188
m 138 40 1 43 188
m 138 122 1 43 188
m 138 199 1 43 188
m 138 217 1 43 188
m 138 219 1 43 188
m 138 222 1 43 188
m 138 230 1 43 188
b 138 2 43 188
b 138 3 43 188
m 138 122 3 10.666666666666666 117.33333333333333 0.6363636363636365
m 138 199 3 10.666666666666666 117.33333333333333 0.6363636363636365
m 138 217 3 10.666666666666666 117.33333333333333 0.6363636363636365
m 138 40 3 10.666666666666666 117.33333333333333 0.6363636363636365
m 138 219 3 10.666666666666666 117.33333333333333 0.6363636363636365
m 138 14 3 10.666666666666666 117.33333333333333 0.6363636363636365
b 139 0 92 197
m 139 38 0 92 197
m 139 168 0 92 197
b 139 1 92 197
m 139 38 1 92 197
m 139 168 1 92 197
b 139 2 92 197
m 139 38 2 92 197
m 139 168 2 92 197
b 139 3 92 197
b 156 0 21 133
m 156 7 0 21 133
m 156 14 0 21 133
m 156 93 0 21 133
m 156 192 0 21 133
m 156 199 0 21 133
m 156 209 0 21 133
m 156 217 0 21 133
m 156 219 0 21 133
m 156 221 0 21 133
m 156 222 0 21 133
m 156 230 0 21 133
b 156 1 21 133
m 156 7 1 21 133
m 156 14 1 21 133
m 156 93 1 21 133
m 156 192 1 21 133
m 156 199 1 21 133
m 156 209 1 21 133
m 156 217 1 21 133
m 156 219 1 21 133
m 156 221 1 21 133
m 156 222 1 21 133
m 156 230 1 21 133
b 156 2 21 133
m 156 7 2 21 133
m 156 14 2 21 133
m 156 93 2 21 133
m 156 192 2 21 133
m 156 199 2 21 133
m 156 209 2 21 133
m 156 217 2 21 133
m 156 219 2 21 133
m 156 221 2 21 133
m 156 222 2 21 133
m 156 230 2 21 133
b 156 3 21 133
m 156 7 3 11.666666666666666 136.33333333333334 0.9402597402597401
m 156 199 3 11.666666666666666 136.33333333333334 0.9402597402597401
m 156 221 3 11.666666666666666 136.33333333333334 0.9402597402597401
m 156 217 3 11.666666666666666 136.33333333333334 0.9402597402597401
m 156 209 3 11.666666666666666 136.33333333333334 0.9402597402597401
m 156 219 3 11.666666666666666 136.33333333333334 0.9402597402597401
m 156 192 3 11.666666666666666 136.33333333333334 0.9402597402597401
m 156 222 3 11.666666666666666 136.33333333333334 0.9402597402597401
m 156 93 3 11.666666666666666 136.33333333333334 0.9402597402597401
m 156 230 3 11.666666666666666 136.33333333333334 0.9402597402597401
m 156 14 3 11.666666666666666 136.33333333333334 0.9402597402597401
b 191 0 110 223
m 191 6 0 110 223
m 191 38 0 110 223
m 191 102 0 110 223
m 191 168 0 110 223
m 191 184 0 110 223
m 191 190 0 110 223
b 191 1 110 223
m 191 6 1 110 223
m 191 38 1 110 223
m 191 102 1 110 223
m 191 168 1 110 223
m 191 184 1 110 223
m 191 190 1 110 223
b 191 2 110 223
m 191 6 2 110 223
m 191 38 2 110 223
m 191 102 2 110 223
m 191 168 2 110 223
m 191 184 2 110 223
m 191 190 2 110 223
b 191 3 110 223
m 191 102 3 10.666666666666666 117.33333333333333 0.6363636363636365
m 191 38 3 10.666666666666666 117.33333333333333 0.6363636363636365
m 191 6 3 10.666666666666666 117.33333333333333 0.6363636363636365
m 191 168 3 10.666666666666666 117.33333333333333 0.6363636363636365
b 210 0 159 163
m 210 58 0 159 163
m 210 67 0 159 163
m 210 74 0 159 163
m 210 84 0 159 163
m 210 102 0 159 163
m 210 112 0 159 163
m 210 116 0 159 163
m 210 155 0 159 163
m 210 190 0 159 163
m 210 197 0 159 163
m 210 204 0 159 163
m 210 207 0 159 163
b 210 1 159 163
m 210 58 1 159 163
m 210 67 1 159 163
m 210 74 1 159 163
m 210 84 1 159 163
m 210 102 1 159 163
m 210 112 1 159 163
m 210 116 1 159 163
m 210 155 1 159 163
m 210 190 1 159 163
m 210 197 1 159 163
m 210 204 1 159 163
m 210 207 1 159 163
b 210 2 159 163
b 210 3 159 163
m 210 58 3 12.333333333333332 152.33333333333334 1.0
m 210 67 3 12.333333333333332 152.33333333333334 1.0
m 210 74 3 12.333333333333332 152.33333333333334 1.0
m 210 84 3 12.333333333333332 152.33333333333334 1.0
m 210 102 3 12.333333333333332 152.33333333333334 1.0
m 210 112 3 12.333333333333332 152.33333333333334 1.0
m 210 116 3 12.333333333333332 152.33333333333334 1.0
m 210 155 3 12.333333333333332 152.33333333333334 1.0
m 210 190 3 12.333333333333332 152.33333333333334 1.0
m 210 197 3 12.333333333333332 152.33333333333334 1.0
m 210 204 3 12.333333333333332 152.33333333333334 1.0
m 210 207 3 12.333333333333332 152.33333333333334 1.0
b 236 0 107 194
m 236 6 0 107 194
m 236 38 0 107 194
m 236 67 0 107 194
m 236 102 0 107 194
m 236 168 0 107 194
m 236 184 0 107 194
m 236 190 0 107 194
m 236 207 0 107 194
b 236 1 107 194
m 236 6 1 107 194
m 236 38 1 107 194
m 236 67 1 107 194
m 236 102 1 107 194
m 236 168 1 107 194
m 236 184 1 107 194
m 236 190 1 107 194
m 236 207 1 107 194
b 236 2 107 194
m 236 6 2 107 194
m 236 38 2 107 194
m 236 67 2 107 194
m 236 102 2 107 194
m 236 168 2 107 194
m 236 184 2 107 194
m 236 190 2 107 194
m 236 207 2 107 194
b 236 3 107 194
m 236 38 3 10.666666666666666 117.33333333333333 0.6363636363636365
m 236 6 3 10.666666666666666 117.33333333333333 0.6363636363636365
m 236 168 3 10.666666666666666 117.33333333333333 0.6363636363636365
m 236 184 3 10.666666666666666 117.33333333333333 0.6363636363636365
m 236 190 3 10.666666666666666 117.33333333333333 0.6363636363636365
m 236 67 3 10.666666666666666 117.33333333333333 0.6363636363636365
b 6 0 138 256
m 6 24 0 138 256
m 6 65 0 138 256
m 6 66 0 138 256
m 6 85 0 138 256
m 6 87 0 138 256
m 6 110 0 138 256
m 6 172 0 138 256
m 6 215 0 138 256
b 6 1 138 256
m 6 24 1 138 256
m 6 65 1 138 256
m 6 66 1 138 256
m 6 85 1 138 256
m 6 87 1 138 256
m 6 110 1 138 256
m 6 172 1 138 256
m 6 215 1 138 256
b 6 2 138 256
m 6 24 2 138 256
m 6 65 2 138 256
m 6 66 2 138 256
m 6 85 2 138 256
m 6 87 2 138 256
m 6 110 2 138 256
m 6 172 2 138 256
m 6 215 2 138 256
b 6 3 138 256
m 6 66 3 10.5 113.0 0.7757575757575758
m 6 87 3 10.5 113.0 0.7757575757575758
m 6 215 3 10.5 113.0 0.7757575757575758
m 6 110 3 10.5 113.0 0.7757575757575758
m 6 172 3 10.5 113.0 0.7757575757575758
m 6 65 3 10.5 113.0 0.7757575757575758
m 6 24 3 10.5 113.0 0.7757575757575758
b 7 0 36 100
m 7 43 0 36 100
m 7 124 0 36 100
m 7 188 0 36 100
b 7 1 36 100
b 7 2 36 100
m 7 43 2 36 100
m 7 124 2 36 100
m 7 188 2 36 100
b 7 3 36 100
m 7 124 3 9.75 106.25 0.25
m 7 188 3 9.75 106.25 0.25
b 14 0 1 106
m 14 43 0 1 106
b 14 1 1 106
m 14 43 1 1 106
b 14 2 1 106
m 14 43 2 1 106
b 14 3 1 106
m 14 43 3 9.0 102.5 1.0
b 38 0 102 230
m 38 24 0 102 230
m 38 65 0 102 230
b 38 1 102 230
b 38 2 102 230
m 38 24 2 102 230
m 38 65 2 102 230
b 38 3 102 230
m 38 24 3 8.0 80.5 0.09153462441314551
b 40 0 15 254
b 40 1 15 254
b 40 2 15 254
b 40 3 15 254
m 40 113 3 8.5 89.0 0.5
b 58 0 195 158
m 58 15 0 195 158
m 58 21 0 195 158
m 58 30 0 195 158
m 58 86 0 195 158
m 58 121 0 195 158
m 58 182 0 195 158
m 58 234 0 195 158
b 58 1 195 158
m 58 15 1 195 158
m 58 21 1 195 158
m 58 30 1 195 158
m 58 86 1 195 158
m 58 121 1 195 158
m 58 182 1 195 158
m 58 234 1 195 158
b 58 3 195 158
m 58 21 3 11.5 134.5 0.6389924085576262
m 58 15 3 11.5 134.5 0.6389924085576262
m 58 30 3 11.5 134.5 0.6389924085576262
m 58 86 3 11.5 134.5 0.6389924085576262
b 67 0 191 152
m 67 15 0 191 152
m 67 21 0 191 152
m 67 30 0 191 152
m 67 86 0 191 152
m 67 121 0 191 152
m 67 182 0 191 152
b 67 1 191 152
m 67 15 1 191 152
m 67 21 1 191 152
m 67 30 1 191 152
m 67 86 1 191 152
m 67 121 1 191 152
m 67 182 1 191 152
b 67 2 191 152
m 67 15 2 191 152
m 67 21 2 191 152
m 67 30 2 191 152
m 67 58 2 191 152
m 67 84 2 191 152
m 67 86 2 191 152
m 67 112 2 191 152
m 67 116 2 191 152
m 67 121 2 191 152
m 67 155 2 191 152
m 67 182 2 191 152
m 67 197 2 191 152
m 67 204 2 191 152
b 67 3 191 152
m 67 21 3 11.0 126.5 0.28214285714285725
m 67 15 3 11.0 126.5 0.28214285714285725
b 74 0 110 143
m 74 149 0 110 143
b 74 1 110 143
m 74 149 1 110 143
b 74 2 110 143
b 74 3 110 143
m 74 149 3 9.0 102.5 1.0
b 84 0 232 158
m 84 15 0 232 158
m 84 21 0 232 158
m 84 22 0 232 158
m 84 30 0 232 158
m 84 37 0 232 158
m 84 86 0 232 158
m 84 121 0 232 158
m 84 182 0 232 158
m 84 211 0 232 158
m 84 234 0 232 158
b 84 1 232 158
m 84 15 1 232 158
m 84 21 1 232 158
m 84 22 1 232 158
m 84 30 1 232 158
m 84 37 1 232 158
m 84 86 1 232 158
m 84 121 1 232 158
m 84 182 1 232 158
m 84 211 1 232 158
m 84 234 1 232 158
b 84 3 232 158
m 84 30 3 12.0 144.5 0.8504238816738818
m 84 211 3 12.0 144.5 0.8504238816738818
m 84 37 3 12.0 144.5 0.8504238816738818
m 84 182 3 12.0 144.5 0.8504238816738818
m 84 86 3 12.0 144.5 0.8504238816738818
m 84 21 3 12.0 144.5 0.8504238816738818
m 84 121 3 12.0 144.5 0.8504238816738818
m 84 15 3 12.0 144.5 0.8504238816738818
m 84 234 3 12.0 144.5 0.8504238816738818
b 93 0 18 95
m 93 26 0 18 95
m 93 43 0 18 95
m 93 124 0 18 95
m 93 188 0 18 95
b 93 1 18 95
m 93 26 1 18 95
m 93 43 1 18 95
m 93 124 1 18 95
m 93 188 1 18 95
b 93 2 18 95
b 93 3 18 95
m 93 124 3 9.75 106.25 0.25
m 93 188 3 9.75 106.25 0.25
b 102 0 177 226
m 102 15 0 177 226
m 102 30 0 177 226
m 102 59 0 177 226
m 102 85 0 177 226
m 102 86 0 177 226
m 102 89 0 177 226
m 102 119 0 177 226
m 102 120 0 177 226
m 102 152 0 177 226
m 102 178 0 177 226
m 102 193 0 177 226
m 102 225 0 177 226
b 102 1 177 226
m 102 15 1 177 226
m 102 30 1 177 226
m 102 59 1 177 226
m 102 85 1 177 226
m 102 86 1 177 226
m 102 89 1 177 226
m 102 119 1 177 226
m 102 120 1 177 226
m 102 152 1 177 226
m 102 178 1 177 226
m 102 193 1 177 226
m 102 225 1 177 226
b 102 2 177 226
m 102 15 2 177 226
m 102 30 2 177 226
m 102 58 2 177 226
m 102 59 2 177 226
m 102 85 2 177 226
m 102 86 2 177 226
m 102 89 2 177 226
m 102 119 2 177 226
m 102 120 2 177 226
m 102 152 2 177 226
m 102 178 2 177 226
m 102 193 2 177 226
m 102 225 2 177 226
b 102 3 177 226
m 102 120 3 11.0 124.0 0.8369146005509643
m 102 119 3 11.0 124.0 0.8369146005509643
m 102 152 3 11.0 124.0 0.8369146005509643
m 102 193 3 11.0 124.0 0.8369146005509643
m 102 59 3 11.0 124.0 0.8369146005509643
m 102 89 3 11.0 124.0 0.8369146005509643
m 102 85 3 11.0 124.0 0.8369146005509643
m 102 86 3 11.0 124.0 0.8369146005509643
m 102 178 3 11.0 124.0 0.8369146005509643
m 102 30 3 11.0 124.0 0.8369146005509643
m 102 225 3 11.0 124.0 0.8369146005509643
b 112 0 119 115
m 112 21 0 119 115
m 112 142 0 119 115
m 112 149 0 119 115
m 112 214 0 119 115
m 112 220 0 119 115
b 112 1 119 115
m 112 21 1 119 115
m 112 142 1 119 115
m 112 149 1 119 115
m 112 214 1 119 115
m 112 220 1 119 115
b 112 3 119 115
m 112 214 3 10.5 120.5 0.2
m 112 149 3 10.5 120.5 0.2
b 113 0 25 277
m 113 29 0 25 277
m 113 60 0 25 277
m 113 183 0 25 277
b 113 1 25 277
m 113 29 1 25 277
m 113 60 1 25 277
m 113 183 1 25 277
b 113 2 25 277
b 116 0 131 118
m 116 21 0 131 118
m 116 142 0 131 118
m 116 149 0 131 118
m 116 174 0 131 118
m 116 214 0 131 118
m 116 220 0 131 118
b 116 1 131 118
m 116 21 1 131 118
m 116 142 1 131 118
m 116 149 1 131 118
m 116 174 1 131 118
m 116 214 1 131 118
m 116 220 1 131 118
b 116 3 131 118
m 116 142 3 11.0 126.5 0.28214285714285725
b 122 0 21 227
b 122 1 21 227
b 122 2 21 227
m 122 123 2 21 227
b 122 3 21 227
m 122 113 3 8.25 88.25 1.0
b 123 0 22 280
m 123 29 0 22 280
m 123 60 0 22 280
m 123 129 0 22 280
m 123 183 0 22 280
b 123 1 22 280
m 123 29 1 22 280
m 123 60 1 22 280
m 123 129 1 22 280
m 123 183 1 22 280
b 123 3 22 280
m 123 129 3 9.25 93.25 0.26306974878403433
b 130 0 51 289
m 130 29 0 51 289
m 130 60 0 51 289
m 130 87 0 51 289
m 130 129 0 51 289
m 130 153 0 51 289
m 130 183 0 51 289
b 130 1 51 289
b 130 2 51 289
b 130 3 51 289
m 130 183 3 9.0 90.5 0.2679018555779119
m 130 60 3 9.0 90.5 0.2679018555779119
b 155 0 185 104
m 155 21 0 185 104
m 155 121 0 185 104
m 155 142 0 185 104
m 155 174 0 185 104
m 155 182 0 185 104
m 155 203 0 185 104
m 155 211 0 185 104
m 155 214 0 185 104
b 155 1 185 104
m 155 21 1 185 104
m 155 121 1 185 104
m 155 142 1 185 104
m 155 174 1 185 104
m 155 182 1 185 104
m 155 203 1 185 104
m 155 211 1 185 104
m 155 214 1 185 104
b 155 3 185 104
m 155 203 3 11.5 134.5 0.6389924085576262
m 155 121 3 11.5 134.5 0.6389924085576262
m 155 174 3 11.5 134.5 0.6389924085576262
m 155 211 3 11.5 134.5 0.6389924085576262
m 155 214 3 11.5 134.5 0.6389924085576262
m 155 142 3 11.5 134.5 0.6389924085576262
b 168 0 107 223
m 168 65 0 107 223
b 168 1 107 223
m 168 65 1 107 223
b 168 2 107 223
m 168 65 2 107 223
b 168 3 107 223
b 184 0 186 260
m 184 15 0 186 260
m 184 24 0 186 260
m 184 39 0 186 260
m 184 65 0 186 260
m 184 66 0 186 260
m 184 85 0 186 260
m 184 89 0 186 260
m 184 110 0 186 260
m 184 172 0 186 260
m 184 193 0 186 260
m 184 215 0 186 260
m 184 225 0 186 260
b 184 1 186 260
m 184 15 1 186 260
m 184 24 1 186 260
m 184 39 1 186 260
m 184 65 1 186 260
m 184 66 1 186 260
m 184 85 1 186 260
m 184 89 1 186 260
m 184 110 1 186 260
m 184 172 1 186 260
m 184 193 1 186 260
m 184 215 1 186 260
m 184 225 1 186 260
b 184 2 186 260
m 184 15 2 186 260
m 184 24 2 186 260
m 184 39 2 186 260
m 184 65 2 186 260
m 184 66 2 186 260
m 184 85 2 186 260
m 184 89 2 186 260
m 184 110 2 186 260
m 184 172 2 186 260
m 184 193 2 186 260
m 184 215 2 186 260
m 184 225 2 186 260
b 184 3 186 260
m 184 65 3 12.25 160.25 0.9109243697478994
m 184 110 3 12.25 160.25 0.9109243697478994
m 184 66 3 12.25 160.25 0.9109243697478994
m 184 24 3 12.25 160.25 0.9109243697478994
m 184 85 3 12.25 160.25 0.9109243697478994
m 184 172 3 12.25 160.25 0.9109243697478994
m 184 89 3 12.25 160.25 0.9109243697478994
m 184 39 3 12.25 160.25 0.9109243697478994
m 184 193 3 12.25 160.25 0.9109243697478994
m 184 15 3 12.25 160.25 0.9109243697478994
m 184 215 3 12.25 160.25 0.9109243697478994
m 184 225 3 12.25 160.25 0.9109243697478994
b 190 0 151 215
m 190 15 0 151 215
m 190 30 0 151 215
m 190 85 0 151 215
b 190 1 151 215
m 190 15 1 151 215
m 190 30 1 151 215
m 190 85 1 151 215
b 190 2 151 215
m 190 15 2 151 215
m 190 30 2 151 215
m 190 85 2 151 215
b 190 3 151 215
m 190 15 3 10.5 120.5 0.2
b 192 0 10 60
m 192 26 0 10 60
m 192 43 0 10 60
m 192 124 0 10 60
m 192 188 0 10 60
b 192 1 10 60
m 192 26 1 10 60
m 192 43 1 10 60
m 192 124 1 10 60
m 192 188 1 10 60
b 192 2 10 60
b 192 3 10 60
m 192 43 3 9.75 106.25 0.25
m 192 26 3 9.75 106.25 0.25
b 197 0 233 140
m 197 21 0 233 140
m 197 22 0 233 140
m 197 30 0 233 140
m 197 86 0 233 140
m 197 121 0 233 140
m 197 182 0 233 140
m 197 203 0 233 140
m 197 211 0 233 140
m 197 234 0 233 140
b 197 1 233 140
m 197 21 1 233 140
m 197 22 1 233 140
m 197 30 1 233 140
m 197 86 1 233 140
m 197 121 1 233 140
m 197 182 1 233 140
m 197 203 1 233 140
m 197 211 1 233 140
m 197 234 1 233 140
b 197 3 233 140
m 197 211 3 11.75 139.25 0.7572948328267479
m 197 86 3 11.75 139.25 0.7572948328267479
m 197 30 3 11.75 139.25 0.7572948328267479
m 197 22 3 11.75 139.25 0.7572948328267479
m 197 234 3 11.75 139.25 0.7572948328267479
m 197 121 3 11.75 139.25 0.7572948328267479
m 197 21 3 11.75 139.25 0.7572948328267479
b 199 0 11 110
b 199 1 11 110
b 199 2 11 110
b 199 3 11 110
b 204 0 177 126
m 204 21 0 177 126
m 204 30 0 177 126
m 204 121 0 177 126
m 204 142 0 177 126
m 204 182 0 177 126
m 204 211 0 177 126
b 204 1 177 126
m 204 21 1 177 126
m 204 30 1 177 126
m 204 121 1 177 126
m 204 142 1 177 126
m 204 182 1 177 126
m 204 211 1 177 126
b 204 3 177 126
m 204 21 3 10.75 123.25 0.002491694352159568
b 207 0 146 145
m 207 21 0 146 145
m 207 182 0 146 145
b 207 1 146 145
b 207 2 146 145
m 207 21 2 146 145
m 207 58 2 146 145
m 207 84 2 146 145
m 207 112 2 146 145
m 207 116 2 146 145
m 207 155 2 146 145
m 207 182 2 146 145
m 207 197 2 146 145
m 207 204 2 146 145
b 207 3 146 145
m 207 21 3 10.0 116.5 0.3333333333333333
b 209 0 80 128
m 209 149 0 80 128
m 209 220 0 80 128
b 209 1 80 128
m 209 149 1 80 128
m 209 220 1 80 128
b 209 2 80 128
m 209 112 2 80 128
m 209 116 2 80 128
m 209 149 2 80 128
m 209 220 2 80 128
b 209 3 80 128
m 209 220 3 9.5 104.5 0.3333333333333333
b 217 0 31 149
b 217 1 31 149
b 217 2 31 149
b 217 3 31 149
b 219 0 32 146
b 219 1 32 146
b 219 2 32 146
b 219 3 32 146
b 221 0 39 67
m 221 26 0 39 67
m 221 43 0 39 67
m 221 118 0 39 67
m 221 124 0 39 67
m 221 149 0 39 67
m 221 188 0 39 67
m 221 220 0 39 67
b 221 1 39 67
m 221 26 1 39 67
m 221 43 1 39 67
m 221 118 1 39 67
m 221 124 1 39 67
m 221 149 1 39 67
m 221 188 1 39 67
m 221 220 1 39 67
b 221 2 39 67
m 221 26 2 39 67
m 221 43 2 39 67
m 221 118 2 39 67
m 221 124 2 39 67
m 221 149 2 39 67
m 221 188 2 39 67
m 221 220 2 39 67
b 221 3 39 67
m 221 149 3 10.5 114.5 0.5109534722980101
m 221 220 3 10.5 114.5 0.5109534722980101
m 221 118 3 10.5 114.5 0.5109534722980101
m 221 124 3 10.5 114.5 0.5109534722980101
b 222 0 2 146
b 222 1 2 146
b 222 2 2 146
b 222 3 2 146
b 230 0 16 147
b 230 1 16 147
b 230 2 16 147
b 230 3 16 147
b 15 0 238 215
m 15 159 0 238 215
m 15 177 0 238 215
m 15 180 0 238 215
m 15 232 0 238 215
b 15 1 238 215
m 15 159 1 238 215
m 15 177 1 238 215
m 15 180 1 238 215
m 15 232 1 238 215
b 15 2 238 215
b 15 3 238 215
m 15 177 3 10.6 117.39999999999999 0.5040608710987413
m 15 180 3 10.6 117.39999999999999 0.5040608710987413
b 21 0 193 142
b 21 1 193 142
b 21 2 193 142
m 21 142 2 193 142
m 21 211 2 193 142
b 21 3 193 142
b 22 0 276 124
m 22 5 0 276 124
m 22 42 0 276 124
m 22 53 0 276 124
m 22 79 0 276 124
m 22 135 0 276 124
m 22 205 0 276 124
b 22 1 276 124
m 22 5 1 276 124
m 22 42 1 276 124
m 22 53 1 276 124
m 22 79 1 276 124
m 22 135 1 276 124
m 22 205 1 276 124
b 22 3 276 124
m 22 135 3 11.4 131.4 0.7799589712704794
m 22 42 3 11.4 131.4 0.7799589712704794
m 22 5 3 11.4 131.4 0.7799589712704794
m 22 53 3 11.4 131.4 0.7799589712704794
m 22 79 3 11.4 131.4 0.7799589712704794
m 22 205 3 11.4 131.4 0.7799589712704794
b 24 0 115 274
m 24 48 0 115 274
b 24 1 115 274
m 24 48 1 115 274
m 24 153 1 115 274
b 24 2 115 274
m 24 48 2 115 274
m 24 153 2 115 274
b 24 3 115 274
m 24 153 3 8.8 91.2 0.5
m 24 48 3 8.8 91.2 0.5
b 26 0 51 52
b 26 1 51 52
b 26 2 51 52
b 26 3 51 52
b 29 0 12 297
m 29 72 0 12 297
b 29 1 12 297
m 29 72 1 12 297
b 30 0 215 175
m 30 159 0 215 175
m 30 177 0 215 175
m 30 180 0 215 175
m 30 232 0 215 175
b 30 1 215 175
m 30 159 1 215 175
m 30 177 1 215 175
m 30 180 1 215 175
m 30 232 1 215 175
b 30 2 215 175
m 30 37 2 215 175
m 30 159 2 215 175
m 30 177 2 215 175
m 30 180 2 215 175
m 30 232 2 215 175
m 30 234 2 215 175
b 30 3 215 175
m 30 159 3 10.0 110.8 0.25
m 30 180 3 10.0 110.8 0.25
b 37 0 285 182
m 37 8 0 285 182
m 37 31 0 285 182
m 37 42 0 285 182
m 37 50 0 285 182
m 37 53 0 285 182
m 37 77 0 285 182
m 37 79 0 285 182
m 37 144 0 285 182
m 37 159 0 285 182
m 37 162 0 285 182
m 37 177 0 285 182
m 37 180 0 285 182
m 37 201 0 285 182
b 37 1 285 182
m 37 8 1 285 182
m 37 31 1 285 182
m 37 42 1 285 182
m 37 50 1 285 182
m 37 53 1 285 182
m 37 77 1 285 182
m 37 79 1 285 182
m 37 144 1 285 182
m 37 159 1 285 182
m 37 162 1 285 182
m 37 177 1 285 182
m 37 180 1 285 182
m 37 201 1 285 182
b 37 3 285 182
m 37 8 3 12.399999999999999 154.8 1.0
m 37 31 3 12.399999999999999 154.8 1.0
m 37 42 3 12.399999999999999 154.8 1.0
m 37 50 3 12.399999999999999 154.8 1.0
m 37 53 3 12.399999999999999 154.8 1.0
m 37 77 3 12.399999999999999 154.8 1.0
m 37 79 3 12.399999999999999 154.8 1.0
m 37 144 3 12.399999999999999 154.8 1.0
m 37 159 3 12.399999999999999 154.8 1.0
m 37 162 3 12.399999999999999 154.8 1.0
m 37 177 3 12.399999999999999 154.8 1.0
m 37 180 3 12.399999999999999 154.8 1.0
m 37 201 3 12.399999999999999 154.8 1.0
b 39 0 204 324
m 39 18 0 204 324
b 39 1 204 324
m 39 18 1 204 324
b 39 2 204 324
m 39 18 2 204 324
b 39 3 204 324
m 39 18 3 12.25 160.25 -1.0
b 43 0 20 76
b 43 1 20 76
b 43 2 20 76
b 43 3 20 76
b 58 2 185 151
b 59 0 225 239
m 59 20 0 225 239
m 59 73 0 225 239
m 59 133 0 225 239
m 59 159 0 225 239
m 59 177 0 225 239
m 59 180 0 225 239
m 59 232 0 225 239
b 59 1 225 239
m 59 20 1 225 239
m 59 73 1 225 239
m 59 133 1 225 239
m 59 159 1 225 239
m 59 177 1 225 239
m 59 180 1 225 239
m 59 232 1 225 239
b 59 2 225 239
b 59 3 225 239
m 59 133 3 10.4 112.0 0.4799867603568331
m 59 73 3 10.4 112.0 0.4799867603568331
m 59 159 3 10.4 112.0 0.4799867603568331
m 59 20 3 10.4 112.0 0.4799867603568331
b 60 0 7 356
m 60 72 0 7 356
m 60 212 0 7 356
b 60 1 7 356
m 60 72 1 7 356
m 60 212 1 7 356
b 60 3 7 356
m 60 72 3 7.8 74.2 0.3333333333333333
b 65 0 148 295
b 65 1 148 295
b 65 2 148 295
b 65 3 148 295
b 66 0 162 325
m 66 51 0 162 325
m 66 69 0 162 325
m 66 216 0 162 325
b 66 1 162 325
m 66 51 1 162 325
m 66 69 1 162 325
m 66 216 1 162 325
b 66 2 162 325
b 66 3 162 325
m 66 216 3 9.200000000000001 93.60000000000001 0.25
m 66 51 3 9.200000000000001 93.60000000000001 0.25
b 84 2 243 162
m 84 22 2 243 162
m 84 37 2 243 162
m 84 79 2 243 162
m 84 159 2 243 162
m 84 180 2 243 162
m 84 201 2 243 162
m 84 232 2 243 162
m 84 234 2 243 162
b 85 0 142 277
b 85 1 142 277
b 85 2 142 277
b 85 3 142 277
b 86 0 214 180
m 86 159 0 214 180
m 86 177 0 214 180
m 86 180 0 214 180
m 86 232 0 214 180
b 86 1 214 180
m 86 159 1 214 180
m 86 177 1 214 180
m 86 180 1 214 180
m 86 232 1 214 180
b 86 2 214 180
m 86 37 2 214 180
m 86 159 2 214 180
m 86 177 2 214 180
m 86 180 2 214 180
m 86 232 2 214 180
m 86 234 2 214 180
b 86 3 214 180
m 86 159 3 10.0 110.8 0.25
m 86 180 3 10.0 110.8 0.25
b 87 0 94 322
m 87 48 0 94 322
m 87 83 0 94 322
m 87 88 0 94 322
m 87 136 0 94 322
m 87 137 0 94 322
b 87 1 94 322
m 87 48 1 94 322
m 87 83 1 94 322
m 87 88 1 94 322
m 87 136 1 94 322
m 87 137 1 94 322
m 87 153 1 94 322
b 87 2 94 322
m 87 48 2 94 322
m 87 83 2 94 322
m 87 88 2 94 322
m 87 129 2 94 322
m 87 136 2 94 322
m 87 137 2 94 322
m 87 153 2 94 322
b 87 3 94 322
m 87 136 3 9.6 97.60000000000001 0.3374230105937422
m 87 83 3 9.6 97.60000000000001 0.3374230105937422
m 87 88 3 9.6 97.60000000000001 0.3374230105937422
b 89 0 224 230
m 89 20 0 224 230
m 89 73 0 224 230
m 89 133 0 224 230
m 89 159 0 224 230
m 89 177 0 224 230
m 89 180 0 224 230
m 89 232 0 224 230
b 89 1 224 230
m 89 20 1 224 230
m 89 73 1 224 230
m 89 133 1 224 230
m 89 159 1 224 230
m 89 177 1 224 230
m 89 180 1 224 230
m 89 232 1 224 230
b 89 2 224 230
m 89 20 2 224 230
m 89 73 2 224 230
m 89 133 2 224 230
m 89 159 2 224 230
m 89 177 2 224 230
m 89 180 2 224 230
m 89 232 2 224 230
b 89 3 224 230
m 89 133 3 10.4 112.0 0.4799867603568331
m 89 73 3 10.4 112.0 0.4799867603568331
m 89 159 3 10.4 112.0 0.4799867603568331
m 89 20 3 10.4 112.0 0.4799867603568331
b 110 0 120 315
m 110 48 0 120 315
m 110 88 0 120 315
b 110 1 120 315
m 110 48 1 120 315
m 110 88 1 120 315
m 110 153 1 120 315
b 110 2 120 315
b 110 3 120 315
m 110 88 3 9.200000000000001 93.60000000000001 0.25
b 112 2 108 121
b 113 3 37 272
m 113 29 3 7.0 71.4 0.02857142857142847
b 116 2 126 129
b 118 0 81 45
m 118 114 0 81 45
b 118 1 81 45
m 118 114 1 81 45
b 118 2 81 45
m 118 114 2 81 45
b 118 3 81 45
m 118 114 3 8.6 91.8 1.0
b 119 0 245 255
m 119 18 0 245 255
b 119 1 245 255
m 119 18 1 245 255
b 119 2 245 255
m 119 18 2 245 255
b 119 3 245 255
m 119 18 3 11.0 124.0 -1.0
b 120 0 261 242
m 120 20 0 261 242
m 120 31 0 261 242
m 120 50 0 261 242
m 120 73 0 261 242
m 120 133 0 261 242
m 120 159 0 261 242
m 120 162 0 261 242
m 120 177 0 261 242
m 120 180 0 261 242
m 120 232 0 261 242
b 120 1 261 242
m 120 20 1 261 242
m 120 31 1 261 242
m 120 50 1 261 242
m 120 73 1 261 242
m 120 133 1 261 242
m 120 159 1 261 242
m 120 162 1 261 242
m 120 177 1 261 242
m 120 180 1 261 242
m 120 232 1 261 242
b 120 2 261 242
m 120 20 2 261 242
m 120 31 2 261 242
m 120 50 2 261 242
m 120 73 2 261 242
m 120 133 2 261 242
m 120 159 2 261 242
m 120 162 2 261 242
m 120 177 2 261 242
m 120 180 2 261 242
m 120 232 2 261 242
b 120 3 261 242
m 120 31 3 11.200000000000001 128.0 0.8242180452960827
m 120 162 3 11.200000000000001 128.0 0.8242180452960827
m 120 180 3 11.200000000000001 128.0 0.8242180452960827
m 120 50 3 11.200000000000001 128.0 0.8242180452960827
m 120 159 3 11.200000000000001 128.0 0.8242180452960827
m 120 232 3 11.200000000000001 128.0 0.8242180452960827
m 120 73 3 11.200000000000001 128.0 0.8242180452960827
m 120 133 3 11.200000000000001 128.0 0.8242180452960827
b 121 0 251 123
m 121 79 0 251 123
b 121 1 251 123
m 121 79 1 251 123
b 121 2 251 123
m 121 22 2 251 123
m 121 79 2 251 123
m 121 203 2 251 123
m 121 211 2 251 123
m 121 234 2 251 123
b 121 3 251 123
m 121 79 3 9.799999999999999 115.8 1.0
b 123 2 24 268
m 123 29 2 24 268
b 124 0 58 17
b 124 1 58 17
b 124 2 58 17
b 124 3 58 17
b 129 0 71 356
m 129 0 0 71 356
m 129 2 0 71 356
m 129 48 0 71 356
m 129 72 0 71 356
m 129 83 0 71 356
m 129 88 0 71 356
m 129 136 0 71 356
m 129 137 0 71 356
m 129 212 0 71 356
m 129 227 0 71 356
b 129 1 71 356
m 129 0 1 71 356
m 129 2 1 71 356
m 129 48 1 71 356
m 129 72 1 71 356
m 129 83 1 71 356
m 129 88 1 71 356
m 129 136 1 71 356
m 129 137 1 71 356
m 129 153 1 71 356
m 129 212 1 71 356
m 129 227 1 71 356
b 129 3 71 356
m 129 72 3 9.8 103.39999999999999 0.3647408379186803
m 129 227 3 9.8 103.39999999999999 0.3647408379186803
m 129 212 3 9.8 103.39999999999999 0.3647408379186803
m 129 88 3 9.8 103.39999999999999 0.3647408379186803
m 129 48 3 9.8 103.39999999999999 0.3647408379186803
b 142 0 196 77
m 142 4 0 196 77
m 142 205 0 196 77
b 142 1 196 77
m 142 4 1 196 77
m 142 205 1 196 77
b 142 3 196 77
m 142 4 3 9.200000000000001 102.0 0.5
m 142 205 3 9.200000000000001 102.0 0.5
b 149 0 127 59
m 149 114 0 127 59
b 149 1 127 59
m 149 114 1 127 59
b 149 2 127 59
b 149 3 127 59
m 149 114 3 7.4 82.2 1.0
b 152 0 232 219
m 152 20 0 232 219
m 152 50 0 232 219
m 152 73 0 232 219
m 152 133 0 232 219
m 152 159 0 232 219
m 152 162 0 232 219
m 152 177 0 232 219
m 152 180 0 232 219
m 152 232 0 232 219
b 152 1 232 219
m 152 20 1 232 219
m 152 50 1 232 219
m 152 73 1 232 219
m 152 133 1 232 219
m 152 159 1 232 219
m 152 162 1 232 219
m 152 177 1 232 219
m 152 180 1 232 219
m 152 232 1 232 219
b 152 2 232 219
m 152 20 2 232 219
m 152 50 2 232 219
m 152 73 2 232 219
m 152 133 2 232 219
m 152 159 2 232 219
m 152 162 2 232 219
m 152 177 2 232 219
m 152 180 2 232 219
m 152 232 2 232 219
m 152 234 2 232 219
b 152 3 232 219
m 152 133 3 10.8 119.2 0.6925735770144461
m 152 73 3 10.8 119.2 0.6925735770144461
m 152 159 3 10.8 119.2 0.6925735770144461
m 152 20 3 10.8 119.2 0.6925735770144461
m 152 177 3 10.8 119.2 0.6925735770144461
m 152 162 3 10.8 119.2 0.6925735770144461
m 152 180 3 10.8 119.2 0.6925735770144461
b 153 0 92 347
m 153 0 0 92 347
m 153 48 0 92 347
m 153 83 0 92 347
m 153 88 0 92 347
m 153 136 0 92 347
m 153 137 0 92 347
m 153 212 0 92 347
m 153 227 0 92 347
b 155 2 195 99
b 172 0 130 313
m 172 48 0 130 313
m 172 88 0 130 313
b 172 1 130 313
b 172 2 130 313
m 172 48 2 130 313
m 172 88 2 130 313
m 172 153 2 130 313
b 172 3 130 313
m 172 48 3 9.200000000000001 93.60000000000001 0.25
m 172 88 3 9.200000000000001 93.60000000000001 0.25
b 174 0 162 63
m 174 4 0 162 63
m 174 114 0 162 63
b 174 1 162 63
m 174 4 1 162 63
m 174 114 1 162 63
b 174 3 162 63
m 174 4 3 9.6 108.39999999999999 0.5
m 174 114 3 9.6 108.39999999999999 0.5
b 178 0 218 251
m 178 20 0 218 251
m 178 50 0 218 251
m 178 73 0 218 251
m 178 133 0 218 251
m 178 159 0 218 251
m 178 177 0 218 251
m 178 180 0 218 251
m 178 232 0 218 251
b 178 1 218 251
b 178 2 218 251
m 178 20 2 218 251
m 178 50 2 218 251
m 178 73 2 218 251
m 178 133 2 218 251
m 178 159 2 218 251
m 178 177 2 218 251
m 178 180 2 218 251
m 178 232 2 218 251
b 178 3 218 251
m 178 180 3 10.4 112.0 0.4799867603568331
m 178 133 3 10.4 112.0 0.4799867603568331
m 178 159 3 10.4 112.0 0.4799867603568331
m 178 177 3 10.4 112.0 0.4799867603568331
b 182 0 187 119
b 182 1 187 119
b 182 2 187 119
m 182 22 2 187 119
m 182 142 2 187 119
m 182 211 2 187 119
b 182 3 187 119
b 183 0 3 367
m 183 72 0 3 367
m 183 212 0 3 367
b 183 1 3 367
m 183 72 1 3 367
m 183 212 1 3 367
b 183 3 3 367
m 183 72 3 7.8 74.2 0.3333333333333333
b 188 0 31 20
b 188 1 31 20
b 188 2 31 20
b 188 3 31 20
b 193 0 229 259
m 193 18 0 229 259
b 193 1 229 259
m 193 18 1 229 259
b 193 2 229 259
m 193 18 2 229 259
b 193 3 229 259
m 193 18 3 11.0 124.0 -1.0
b 197 2 244 135
b 203 0 251 52
m 203 4 0 251 52
m 203 75 0 251 52
m 203 79 0 251 52
m 203 98 0 251 52
m 203 135 0 251 52
m 203 163 0 251 52
m 203 186 0 251 52
m 203 200 0 251 52
m 203 202 0 251 52
m 203 205 0 251 52
b 203 1 251 52
m 203 4 1 251 52
m 203 75 1 251 52
m 203 79 1 251 52
m 203 98 1 251 52
m 203 135 1 251 52
m 203 163 1 251 52
m 203 186 1 251 52
m 203 200 1 251 52
m 203 202 1 251 52
m 203 205 1 251 52
b 203 3 251 52
m 203 163 3 11.6 136.4 0.7959190555709372
m 203 202 3 11.6 136.4 0.7959190555709372
m 203 186 3 11.6 136.4 0.7959190555709372
m 203 98 3 11.6 136.4 0.7959190555709372
m 203 200 3 11.6 136.4 0.7959190555709372
m 203 75 3 11.6 136.4 0.7959190555709372
m 203 4 3 11.6 136.4 0.7959190555709372
m 203 135 3 11.6 136.4 0.7959190555709372
m 203 79 3 11.6 136.4 0.7959190555709372
b 204 2 175 114
m 204 142 2 175 114
m 204 174 2 175 114
m 204 211 2 175 114
b 211 0 218 76
m 211 4 0 218 76
m 211 75 0 218 76
m 211 79 0 218 76
m 211 135 0 218 76
m 211 205 0 218 76
b 211 1 218 76
m 211 4 1 218 76
m 211 75 1 218 76
m 211 79 1 218 76
m 211 135 1 218 76
m 211 205 1 218 76
b 211 3 218 76
m 211 4 3 10.6 120.6 0.2
m 211 79 3 10.6 120.6 0.2
b 214 0 186 67
m 214 4 0 186 67
m 214 114 0 186 67
b 214 1 186 67
m 214 4 1 186 67
m 214 114 1 186 67
b 214 3 186 67
m 214 4 3 8.8 97.2 0.5
m 214 114 3 8.8 97.2 0.5
b 215 0 172 300
m 215 51 0 172 300
m 215 73 0 172 300
m 215 216 0 172 300
b 215 1 172 300
m 215 51 1 172 300
m 215 73 1 172 300
m 215 216 1 172 300
b 215 2 172 300
m 215 51 2 172 300
m 215 73 2 172 300
m 215 216 2 172 300
b 215 3 172 300
m 215 51 3 9.0 92.2 0.3333333333333333
b 220 0 126 59
m 220 114 0 126 59
b 220 1 126 59
m 220 114 1 126 59
b 220 2 126 59
b 220 3 126 59
m 220 114 3 7.8 83.8 1.0
b 225 0 218 241
m 225 20 0 218 241
m 225 73 0 218 241
m 225 133 0 218 241
m 225 159 0 218 241
m 225 177 0 218 241
m 225 232 0 218 241
b 225 1 218 241
m 225 20 1 218 241
m 225 73 1 218 241
m 225 133 1 218 241
m 225 159 1 218 241
m 225 177 1 218 241
m 225 232 1 218 241
b 225 2 218 241
m 225 20 2 218 241
m 225 73 2 218 241
m 225 133 2 218 241
m 225 159 2 218 241
m 225 177 2 218 241
m 225 232 2 218 241
b 225 3 218 241
m 225 20 3 10.200000000000001 109.0 0.321023686297455
m 225 159 3 10.200000000000001 109.0 0.321023686297455
b 234 0 253 163
m 234 8 0 253 163
m 234 31 0 253 163
m 234 77 0 253 163
m 234 79 0 253 163
m 234 159 0 253 163
m 234 177 0 253 163
m 234 180 0 253 163
m 234 201 0 253 163
m 234 232 0 253 163
b 234 1 253 163
m 234 8 1 253 163
m 234 31 1 253 163
m 234 77 1 253 163
m 234 79 1 253 163
m 234 159 1 253 163
m 234 177 1 253 163
m 234 180 1 253 163
m 234 201 1 253 163
m 234 232 1 253 163
b 234 3 253 163
m 234 79 3 11.8 139.79999999999998 0.8653817689434897
m 234 77 3 11.8 139.79999999999998 0.8653817689434897
m 234 159 3 11.8 139.79999999999998 0.8653817689434897
m 234 177 3 11.8 139.79999999999998 0.8653817689434897
m 234 180 3 11.8 139.79999999999998 0.8653817689434897
m 234 31 3 11.8 139.79999999999998 0.8653817689434897
m 234 201 3 11.8 139.79999999999998 0.8653817689434897
m 234 8 3 11.8 139.79999999999998 0.8653817689434897
b 0 0 89 383
m 0 11 0 89 383
m 0 17 0 89 383
m 0 158 0 89 383
m 0 175 0 89 383
b 0 1 89 383
b 2 0 79 396
m 2 11 0 79 396
m 2 17 0 79 396
m 2 61 0 79 396
m 2 158 0 79 396
m 2 175 0 79 396
b 2 1 79 396
m 2 11 1 79 396
m 2 17 1 79 396
m 2 61 1 79 396
m 2 158 1 79 396
m 2 175 1 79 396
b 4 0 202 43
b 4 1 202 43
b 4 3 202 43
b 5 0 345 84
m 5 1 0 345 84
m 5 45 0 345 84
m 5 47 0 345 84
m 5 90 0 345 84
m 5 105 0 345 84
m 5 107 0 345 84
m 5 111 0 345 84
m 5 126 0 345 84
m 5 167 0 345 84
m 5 170 0 345 84
m 5 179 0 345 84
m 5 194 0 345 84
m 5 195 0 345 84
m 5 229 0 345 84
m 5 231 0 345 84
m 5 237 0 345 84
b 5 1 345 84
m 5 1 1 345 84
m 5 45 1 345 84
m 5 47 1 345 84
m 5 90 1 345 84
m 5 105 1 345 84
m 5 107 1 345 84
m 5 111 1 345 84
m 5 126 1 345 84
m 5 167 1 345 84
m 5 170 1 345 84
m 5 179 1 345 84
m 5 194 1 345 84
m 5 195 1 345 84
m 5 229 1 345 84
m 5 231 1 345 84
m 5 237 1 345 84
b 5 3 345 84
m 5 1 3 12.333333333333334 157.66666666666666 1.0
m 5 45 3 12.333333333333334 157.66666666666666 1.0
m 5 47 3 12.333333333333334 157.66666666666666 1.0
m 5 90 3 12.333333333333334 157.66666666666666 1.0
m 5 105 3 12.333333333333334 157.66666666666666 1.0
m 5 107 3 12.333333333333334 157.66666666666666 1.0
m 5 111 3 12.333333333333334 157.66666666666666 1.0
m 5 126 3 12.333333333333334 157.66666666666666 1.0
m 5 167 3 12.333333333333334 157.66666666666666 1.0
m 5 170 3 12.333333333333334 157.66666666666666 1.0
m 5 179 3 12.333333333333334 157.66666666666666 1.0
m 5 194 3 12.333333333333334 157.66666666666666 1.0
m 5 195 3 12.333333333333334 157.66666666666666 1.0
m 5 229 3 12.333333333333334 157.66666666666666 1.0
m 5 231 3 12.333333333333334 157.66666666666666 1.0
m 5 237 3 12.333333333333334 157.66666666666666 1.0
b 8 0 335 190
m 8 106 0 335 190
m 8 111 0 335 190
m 8 223 0 335 190
m 8 224 0 335 190
b 8 1 335 190
b 8 3 335 190
b 20 0 251 264
m 20 18 0 251 264
b 20 1 251 264
m 20 18 1 251 264
b 20 2 251 264
m 20 18 2 251 264
b 20 3 251 264
m 20 18 3 10.4 112.0 -1.0
b 22 2 281 135
b 29 2 9 285
b 29 3 9 285
b 31 0 328 182
m 31 106 0 328 182
m 31 111 0 328 182
m 31 223 0 328 182
m 31 224 0 328 182
b 31 1 328 182
m 31 106 1 328 182
m 31 111 1 328 182
m 31 223 1 328 182
m 31 224 1 328 182
b 31 2 328 182
m 31 8 2 328 182
m 31 42 2 328 182
m 31 77 2 328 182
m 31 106 2 328 182
m 31 111 2 328 182
m 31 144 2 328 182
m 31 223 2 328 182
m 31 224 2 328 182
b 31 3 328 182
m 31 111 3 10.999999999999998 131.66666666666666 0.25
m 31 106 3 10.999999999999998 131.66666666666666 0.25
b 37 2 281 193
b 42 0 342 141
m 42 1 0 342 141
m 42 45 0 342 141
m 42 90 0 342 141
m 42 111 0 342 141
m 42 126 0 342 141
m 42 141 0 342 141
m 42 167 0 342 141
m 42 170 0 342 141
m 42 179 0 342 141
m 42 194 0 342 141
m 42 226 0 342 141
m 42 237 0 342 141
b 42 1 342 141
m 42 1 1 342 141
m 42 45 1 342 141
m 42 90 1 342 141
m 42 111 1 342 141
m 42 126 1 342 141
m 42 141 1 342 141
m 42 167 1 342 141
m 42 170 1 342 141
m 42 179 1 342 141
m 42 194 1 342 141
m 42 226 1 342 141
m 42 237 1 342 141
b 42 3 342 141
m 42 167 3 11.5 133.5 0.9048654442058243
m 42 179 3 11.5 133.5 0.9048654442058243
m 42 141 3 11.5 133.5 0.9048654442058243
m 42 90 3 11.5 133.5 0.9048654442058243
m 42 194 3 11.5 133.5 0.9048654442058243
m 42 226 3 11.5 133.5 0.9048654442058243
m 42 237 3 11.5 133.5 0.9048654442058243
m 42 45 3 11.5 133.5 0.9048654442058243
m 42 170 3 11.5 133.5 0.9048654442058243
m 42 126 3 11.5 133.5 0.9048654442058243
m 42 111 3 11.5 133.5 0.9048654442058243
b 48 0 113 355
b 48 1 113 355
b 48 2 113 355
m 48 0 2 113 355
m 48 2 2 113 355
m 48 212 2 113 355
b 48 3 113 355
m 48 0 3 8.0 78.66666666666667 0.76415857605178
m 48 2 3 8.0 78.66666666666667 0.76415857605178
m 48 137 3 8.0 78.66666666666667 0.76415857605178
b 50 0 307 233
m 50 106 0 307 233
m 50 173 0 307 233
m 50 223 0 307 233
m 50 224 0 307 233
b 50 1 307 233
m 50 106 1 307 233
m 50 173 1 307 233
m 50 223 1 307 233
m 50 224 1 307 233
b 50 2 307 233
b 50 3 307 233
m 50 106 3 10.999999999999998 131.66666666666666 0.25
m 50 224 3 10.999999999999998 131.66666666666666 0.25
b 51 0 243 315
m 51 18 0 243 315
b 51 1 243 315
m 51 18 1 243 315
b 51 2 243 315
m 51 18 2 243 315
b 51 3 243 315
m 51 18 3 9.200000000000001 93.60000000000001 -1.0
b 53 0 330 93
m 53 1 0 330 93
m 53 45 0 330 93
m 53 47 0 330 93
m 53 107 0 330 93
m 53 111 0 330 93
m 53 126 0 330 93
m 53 167 0 330 93
m 53 170 0 330 93
m 53 179 0 330 93
m 53 194 0 330 93
m 53 195 0 330 93
m 53 231 0 330 93
m 53 237 0 330 93
b 53 1 330 93
m 53 1 1 330 93
m 53 45 1 330 93
m 53 47 1 330 93
m 53 107 1 330 93
m 53 111 1 330 93
m 53 126 1 330 93
m 53 167 1 330 93
m 53 170 1 330 93
m 53 179 1 330 93
m 53 194 1 330 93
m 53 195 1 330 93
m 53 231 1 330 93
m 53 237 1 330 93
b 53 3 330 93
m 53 45 3 11.833333333333334 142.16666666666666 0.976988848218183
m 53 1 3 11.833333333333334 142.16666666666666 0.976988848218183
m 53 47 3 11.833333333333334 142.16666666666666 0.976988848218183
m 53 111 3 11.833333333333334 142.16666666666666 0.976988848218183
m 53 126 3 11.833333333333334 142.16666666666666 0.976988848218183
m 53 107 3 11.833333333333334 142.16666666666666 0.976988848218183
m 53 167 3 11.833333333333334 142.16666666666666 0.976988848218183
m 53 195 3 11.833333333333334 142.16666666666666 0.976988848218183
m 53 179 3 11.833333333333334 142.16666666666666 0.976988848218183
m 53 170 3 11.833333333333334 142.16666666666666 0.976988848218183
m 53 194 3 11.833333333333334 142.16666666666666 0.976988848218183
m 53 231 3 11.833333333333334 142.16666666666666 0.976988848218183
m 53 237 3 11.833333333333334 142.16666666666666 0.976988848218183
b 69 0 160 386
m 69 13 0 160 386
m 69 70 0 160 386
m 69 82 0 160 386
m 69 164 0 160 386
m 69 239 0 160 386
b 69 1 160 386
m 69 13 1 160 386
m 69 70 1 160 386
m 69 82 1 160 386
m 69 164 1 160 386
m 69 239 1 160 386
b 72 0 28 335
b 72 1 28 335
b 72 3 28 335
b 73 0 269 266
m 73 18 0 269 266
b 73 1 269 266
m 73 18 1 269 266
b 73 2 269 266
m 73 18 2 269 266
b 73 3 269 266
m 73 18 3 10.4 112.0 -1.0
b 75 0 279 57
m 75 47 0 279 57
m 75 105 0 279 57
m 75 107 0 279 57
m 75 167 0 279 57
m 75 179 0 279 57
m 75 231 0 279 57
m 75 237 0 279 57
b 75 1 279 57
m 75 47 1 279 57
m 75 105 1 279 57
m 75 107 1 279 57
m 75 167 1 279 57
m 75 179 1 279 57
m 75 231 1 279 57
m 75 237 1 279 57
b 75 3 279 57
m 75 107 3 10.833333333333332 121.83333333333334 0.2923976513534482
m 75 237 3 10.833333333333332 121.83333333333334 0.2923976513534482
m 75 179 3 10.833333333333332 121.83333333333334 0.2923976513534482
b 77 0 334 202
m 77 106 0 334 202
m 77 111 0 334 202
m 77 166 0 334 202
m 77 223 0 334 202
m 77 224 0 334 202
b 77 1 334 202
m 77 106 1 334 202
m 77 111 1 334 202
m 77 166 1 334 202
m 77 223 1 334 202
m 77 224 1 334 202
b 77 3 334 202
m 77 166 3 11.499999999999998 137.16666666666666 0.09688975736850702
b 79 0 271 136
m 79 167 0 271 136
b 79 1 271 136
m 79 167 1 271 136
b 79 2 271 136
b 79 3 271 136
m 79 167 3 9.833333333333334 110.16666666666667 0.5
b 83 0 76 383
m 83 11 0 76 383
m 83 17 0 76 383
m 83 158 0 76 383
m 83 175 0 76 383
b 83 1 76 383
m 83 11 1 76 383
m 83 17 1 76 383
m 83 158 1 76 383
m 83 175 1 76 383
b 83 2 76 383
m 83 0 2 76 383
m 83 2 2 76 383
m 83 11 2 76 383
m 83 17 2 76 383
m 83 158 2 76 383
m 83 175 2 76 383
m 83 212 2 76 383
m 83 227 2 76 383
b 83 3 76 383
m 83 0 3 9.166666666666666 89.50000000000001 0.3983424046669359
m 83 11 3 9.166666666666666 89.50000000000001 0.3983424046669359
m 83 17 3 9.166666666666666 89.50000000000001 0.3983424046669359
b 88 0 98 389
m 88 17 0 98 389
m 88 158 0 98 389
b 88 1 98 389
m 88 17 1 98 389
m 88 158 1 98 389
b 88 2 98 389
b 88 3 98 389
m 88 0 3 9.166666666666666 89.50000000000001 0.3983424046669359
m 88 158 3 9.166666666666666 89.50000000000001 0.3983424046669359
b 98 0 235 19
b 98 1 235 19
b 98 3 235 19
b 114 0 154 5
b 114 1 154 5
b 114 2 154 5
b 114 3 154 5
b 129 2 79 364
m 129 0 2 79 364
m 129 2 2 79 364
m 129 60 2 79 364
m 129 72 2 79 364
m 129 183 2 79 364
m 129 212 2 79 364
m 129 227 2 79 364
b 133 0 273 252
m 133 34 0 273 252
m 133 106 0 273 252
m 133 173 0 273 252
b 133 1 273 252
m 133 34 1 273 252
m 133 106 1 273 252
m 133 173 1 273 252
b 133 2 273 252
b 133 3 273 252
b 135 0 284 39
m 135 47 0 284 39
m 135 55 0 284 39
m 135 105 0 284 39
m 135 107 0 284 39
m 135 167 0 284 39
m 135 179 0 284 39
m 135 195 0 284 39
m 135 231 0 284 39
m 135 237 0 284 39
b 135 1 284 39
m 135 47 1 284 39
m 135 55 1 284 39
m 135 105 1 284 39
m 135 107 1 284 39
m 135 167 1 284 39
m 135 179 1 284 39
m 135 195 1 284 39
m 135 231 1 284 39
m 135 237 1 284 39
b 135 3 284 39
m 135 47 3 11.0 123.0 0.7216590077613727
m 135 107 3 11.0 123.0 0.7216590077613727
m 135 237 3 11.0 123.0 0.7216590077613727
m 135 167 3 11.0 123.0 0.7216590077613727
m 135 55 3 11.0 123.0 0.7216590077613727
m 135 195 3 11.0 123.0 0.7216590077613727
m 135 179 3 11.0 123.0 0.7216590077613727
b 136 0 137 381
m 136 13 0 137 381
m 136 17 0 137 381
b 136 1 137 381
b 136 2 137 381
m 136 0 2 137 381
m 136 2 2 137 381
m 136 13 2 137 381
m 136 17 2 137 381
m 136 69 2 137 381
b 136 3 137 381
m 136 137 3 9.166666666666666 89.50000000000001 0.3983424046669359
m 136 2 3 9.166666666666666 89.50000000000001 0.3983424046669359
b 137 0 75 368
m 137 11 0 75 368
m 137 158 0 75 368
m 137 175 0 75 368
b 137 1 75 368
b 137 2 75 368
m 137 0 2 75 368
m 137 2 2 75 368
m 137 11 2 75 368
m 137 158 2 75 368
m 137 175 2 75 368
m 137 212 2 75 368
m 137 227 2 75 368
b 142 2 208 74
m 142 4 2 208 74
m 142 205 2 208 74
m 142 214 2 208 74
b 144 0 313 140
m 144 1 0 313 140
m 144 45 0 313 140
m 144 90 0 313 140
m 144 111 0 313 140
m 144 126 0 313 140
m 144 170 0 313 140
m 144 226 0 313 140
b 144 1 313 140
m 144 1 1 313 140
m 144 45 1 313 140
m 144 90 1 313 140
m 144 111 1 313 140
m 144 126 1 313 140
m 144 170 1 313 140
m 144 226 1 313 140
b 144 3 313 140
m 144 90 3 11.833333333333332 142.5 0.5042640361519934
m 144 226 3 11.833333333333332 142.5 0.5042640361519934
m 144 170 3 11.833333333333332 142.5 0.5042640361519934
m 144 45 3 11.833333333333332 142.5 0.5042640361519934
m 144 126 3 11.833333333333332 142.5 0.5042640361519934
b 153 1 98 357
b 153 2 98 357
m 153 0 2 98 357
m 153 2 2 98 357
m 153 212 2 98 357
m 153 227 2 98 357
b 153 3 98 357
m 153 2 3 7.833333333333333 77.5 0.6833987468153963
m 153 137 3 7.833333333333333 77.5 0.6833987468153963
m 153 0 3 7.833333333333333 77.5 0.6833987468153963
b 159 0 238 198
b 159 1 238 198
b 159 2 238 198
b 159 3 238 198
b 162 0 328 214
m 162 106 0 328 214
m 162 147 0 328 214
m 162 173 0 328 214
m 162 223 0 328 214
m 162 224 0 328 214
b 162 1 328 214
b 162 2 328 214
m 162 8 2 328 214
m 162 77 2 328 214
m 162 106 2 328 214
m 162 144 2 328 214
m 162 147 2 328 214
m 162 173 2 328 214
m 162 223 2 328 214
m 162 224 2 328 214
b 162 3 328 214
m 162 173 3 11.333333333333332 135.0 0.16666666666666666
m 162 147 3 11.333333333333332 135.0 0.16666666666666666
b 163 0 314 29
m 163 47 0 314 29
m 163 49 0 314 29
m 163 55 0 314 29
m 163 105 0 314 29
m 163 107 0 314 29
m 163 167 0 314 29
m 163 179 0 314 29
m 163 194 0 314 29
m 163 195 0 314 29
m 163 231 0 314 29
m 163 237 0 314 29
b 163 1 314 29
m 163 47 1 314 29
m 163 49 1 314 29
m 163 55 1 314 29
m 163 105 1 314 29
m 163 107 1 314 29
m 163 167 1 314 29
m 163 179 1 314 29
m 163 194 1 314 29
m 163 195 1 314 29
m 163 231 1 314 29
m 163 237 1 314 29
b 163 3 314 29
m 163 49 3 11.666666666666666 137.66666666666669 0.7928578284341259
m 163 47 3 11.666666666666666 137.66666666666669 0.7928578284341259
m 163 55 3 11.666666666666666 137.66666666666669 0.7928578284341259
m 163 105 3 11.666666666666666 137.66666666666669 0.7928578284341259
m 163 194 3 11.666666666666666 137.66666666666669 0.7928578284341259
m 163 107 3 11.666666666666666 137.66666666666669 0.7928578284341259
m 163 237 3 11.666666666666666 137.66666666666669 0.7928578284341259
m 163 195 3 11.666666666666666 137.66666666666669 0.7928578284341259
m 163 179 3 11.666666666666666 137.66666666666669 0.7928578284341259
b 174 2 162 75
m 174 4 2 162 75
m 174 214 2 162 75
b 177 0 251 225
m 177 106 0 251 225
b 177 1 251 225
m 177 106 1 251 225
b 177 2 251 225
m 177 8 2 251 225
m 177 106 2 251 225
b 177 3 251 225
m 177 106 3 9.0 98.0 1.0
b 180 0 292 194
m 180 106 0 292 194
m 180 224 0 292 194
b 180 1 292 194
m 180 106 1 292 194
m 180 224 1 292 194
b 180 2 292 194
m 180 8 2 292 194
m 180 77 2 292 194
m 180 106 2 292 194
m 180 144 2 292 194
m 180 224 2 292 194
b 180 3 292 194
m 180 106 3 9.333333333333334 99.33333333333333 0.3333333333333333
b 186 0 251 12
b 186 1 251 12
b 186 3 251 12
b 200 0 294 18
m 200 47 0 294 18
m 200 55 0 294 18
m 200 105 0 294 18
m 200 107 0 294 18
m 200 167 0 294 18
m 200 179 0 294 18
m 200 195 0 294 18
m 200 231 0 294 18
b 200 1 294 18
m 200 47 1 294 18
m 200 55 1 294 18
m 200 105 1 294 18
m 200 107 1 294 18
m 200 167 1 294 18
m 200 179 1 294 18
m 200 195 1 294 18
m 200 231 1 294 18
b 200 3 294 18
m 200 47 3 11.166666666666666 127.16666666666667 0.5671646695266306
m 200 105 3 11.166666666666666 127.16666666666667 0.5671646695266306
m 200 107 3 11.166666666666666 127.16666666666667 0.5671646695266306
m 200 179 3 11.166666666666666 127.16666666666667 0.5671646695266306
m 200 167 3 11.166666666666666 127.16666666666667 0.5671646695266306
b 201 0 278 181
b 201 1 278 181
b 201 2 278 181
b 201 3 278 181
b 202 0 288 13
m 202 47 0 288 13
m 202 55 0 288 13
m 202 105 0 288 13
m 202 107 0 288 13
m 202 231 0 288 13
b 202 1 288 13
m 202 47 1 288 13
m 202 55 1 288 13
m 202 105 1 288 13
m 202 107 1 288 13
m 202 231 1 288 13
b 202 3 288 13
m 202 105 3 10.666666666666666 119.66666666666667 0.07987889560117009
b 203 2 258 42
m 203 4 2 258 42
m 203 75 2 258 42
m 203 98 2 258 42
m 203 135 2 258 42
m 203 163 2 258 42
m 203 167 2 258 42
m 203 179 2 258 42
m 203 186 2 258 42
m 203 200 2 258 42
m 203 202 2 258 42
m 203 205 2 258 42
m 203 214 2 258 42
b 205 0 272 42
m 205 47 0 272 42
m 205 167 0 272 42
m 205 179 0 272 42
m 205 231 0 272 42
b 205 1 272 42
m 205 47 1 272 42
m 205 167 1 272 42
m 205 179 1 272 42
m 205 231 1 272 42
b 205 3 272 42
m 205 47 3 10.5 115.5 0.32498290469603297
m 205 167 3 10.5 115.5 0.32498290469603297
b 211 2 212 66
m 211 4 2 212 66
m 211 75 2 212 66
m 211 135 2 212 66
m 211 205 2 212 66
m 211 214 2 212 66
b 212 0 30 386
m 212 61 0 30 386
m 212 158 0 30 386
m 212 175 0 30 386
b 212 1 30 386
m 212 61 1 30 386
m 212 158 1 30 386
m 212 175 1 30 386
b 212 3 30 386
m 212 137 3 9.166666666666666 92.16666666666667 0.037919443755648284
b 216 0 249 357
m 216 18 0 249 357
b 216 1 249 357
m 216 18 1 249 357
b 216 2 249 357
m 216 18 2 249 357
b 216 3 249 357
m 216 18 3 9.200000000000001 93.60000000000001 -1.0
b 227 0 49 403
m 227 11 0 49 403
m 227 17 0 49 403
m 227 61 0 49 403
m 227 104 0 49 403
m 227 158 0 49 403
m 227 175 0 49 403
b 227 1 49 403
m 227 11 1 49 403
m 227 17 1 49 403
m 227 61 1 49 403
m 227 104 1 49 403
m 227 158 1 49 403
m 227 175 1 49 403
b 227 3 49 403
m 227 61 3 9.666666666666666 99.66666666666667 0.2554153347759458
m 227 2 3 9.666666666666666 99.66666666666667 0.2554153347759458
m 227 0 3 9.666666666666666 99.66666666666667 0.2554153347759458
b 232 0 225 216
b 232 1 225 216
b 232 2 225 216
b 232 3 225 216
b 234 2 246 153
b 0 2 96 373
b 0 3 96 373
m 0 69 3 7.0 67.57142857142857 1.0
b 1 0 360 130
b 1 1 360 130
b 1 3 360 130
b 2 2 81 384
b 2 3 81 384
m 2 175 3 7.0 67.57142857142857 1.0
b 4 2 191 38
b 8 2 347 191
m 8 1 2 347 191
b 11 0 77 464
b 11 1 77 464
b 11 2 77 464
b 11 3 77 464
b 13 0 180 356
m 13 18 0 180 356
b 13 1 180 356
m 13 18 1 180 356
b 13 2 180 356
b 17 0 127 427
m 17 64 0 127 427
b 17 1 127 427
m 17 64 1 127 427
b 17 2 127 427
b 17 3 127 427
b 34 0 266 299
m 34 18 0 266 299
b 34 1 266 299
b 42 2 343 153
m 42 1 2 343 153
m 42 5 2 343 153
m 42 45 2 343 153
m 42 53 2 343 153
m 42 90 2 343 153
m 42 126 2 343 153
m 42 141 2 343 153
m 42 170 2 343 153
m 42 194 2 343 153
m 42 226 2 343 153
m 42 237 2 343 153
b 45 0 368 87
m 45 16 0 368 87
m 45 62 0 368 87
b 45 1 368 87
m 45 16 1 368 87
m 45 62 1 368 87
b 45 3 368 87
m 45 16 3 10.857142857142858 135.71428571428572 0.5
m 45 62 3 10.857142857142858 135.71428571428572 0.5
b 47 0 344 71
m 47 16 0 344 71
b 47 1 344 71
m 47 16 1 344 71
b 47 3 344 71
m 47 16 3 10.714285714285714 135.28571428571428 1.0
b 49 0 336 26
m 49 16 0 336 26
m 49 198 0 336 26
b 49 1 336 26
m 49 16 1 336 26
m 49 198 1 336 26
b 49 3 336 26
m 49 16 3 10.285714285714286 118.57142857142858 0.5
m 49 198 3 10.285714285714286 118.57142857142858 0.5
b 55 0 352 3
m 55 16 0 352 3
b 55 1 352 3
m 55 16 1 352 3
b 55 3 352 3
m 55 16 3 9.571428571428571 105.57142857142857 1.0
b 60 2 2 378
m 60 61 2 2 378
b 61 0 1 421
b 61 1 1 421
b 61 3 1 421
m 61 175 3 8.571428571428573 86.0 0.5
m 61 104 3 8.571428571428573 86.0 0.5
b 69 2 148 391
b 70 0 212 401
m 70 23 0 212 401
m 70 100 0 212 401
m 70 140 0 212 401
m 70 151 0 212 401
m 70 169 0 212 401
m 70 228 0 212 401
b 70 1 212 401
m 70 23 1 212 401
m 70 100 1 212 401
m 70 140 1 212 401
m 70 151 1 212 401
m 70 169 1 212 401
m 70 228 1 212 401
b 72 2 35 325
b 75 2 288 64
m 75 47 2 288 64
m 75 53 2 288 64
m 75 105 2 288 64
m 75 107 2 288 64
m 75 195 2 288 64
m 75 231 2 288 64
m 75 237 2 288 64
b 77 2 335 213
m 77 181 2 335 213
b 82 0 226 432
m 82 23 0 226 432
m 82 100 0 226 432
m 82 101 0 226 432
m 82 169 0 226 432
m 82 228 0 226 432
b 82 1 226 432
m 82 23 1 226 432
m 82 100 1 226 432
m 82 101 1 226 432
m 82 169 1 226 432
m 82 228 1 226 432
b 90 0 417 131
m 90 52 0 417 131
m 90 54 0 417 131
m 90 62 0 417 131
m 90 63 0 417 131
b 90 1 417 131
b 90 3 417 131
m 90 54 3 11.571428571428571 142.14285714285714 0.14285714285714285
b 98 2 237 31
b 104 0 53 477
b 104 1 53 477
b 105 0 328 59
m 105 16 0 328 59
b 105 1 328 59
b 105 3 328 59
m 105 16 3 10.714285714285714 135.28571428571428 1.0
b 106 0 312 240
m 106 91 0 312 240
b 106 1 312 240
m 106 91 1 312 240
m 106 147 1 312 240
b 106 2 312 240
b 106 3 312 240
m 106 34 3 10.14285714285714 116.42857142857143 0.30894871994397316
b 107 0 317 35
b 107 1 317 35
b 107 3 317 35
b 111 0 349 168
b 111 1 349 168
b 111 2 349 168
m 111 1 2 349 168
m 111 5 2 349 168
m 111 45 2 349 168
m 111 53 2 349 168
m 111 90 2 349 168
m 111 126 2 349 168
m 111 141 2 349 168
m 111 170 2 349 168
m 111 226 2 349 168
b 111 3 349 168
m 111 223 3 10.714285714285714 135.28571428571428 1.0
b 126 0 354 101
b 126 1 354 101
b 126 3 354 101
b 135 2 285 27
b 137 3 65 361
m 137 175 3 7.0 67.57142857142857 1.0
b 141 0 403 143
m 141 52 0 403 143
m 141 54 0 403 143
m 141 62 0 403 143
m 141 63 0 403 143
b 141 1 403 143
m 141 52 1 403 143
m 141 54 1 403 143
m 141 62 1 403 143
m 141 63 1 403 143
b 141 3 403 143
m 141 54 3 10.857142857142858 121.42857142857143 0.32060097613332206
m 141 52 3 10.857142857142858 121.42857142857143 0.32060097613332206
b 144 2 302 135
m 144 1 2 302 135
m 144 5 2 302 135
m 144 45 2 302 135
m 144 53 2 302 135
m 144 126 2 302 135
m 144 170 2 302 135
m 144 194 2 302 135
m 144 237 2 302 135
b 147 0 360 228
m 147 68 0 360 228
m 147 71 0 360 228
m 147 91 0 360 228
m 147 99 0 360 228
m 147 150 0 360 228
m 147 181 0 360 228
m 147 235 0 360 228
b 147 2 360 228
m 147 68 2 360 228
m 147 71 2 360 228
m 147 91 2 360 228
m 147 99 2 360 228
m 147 150 2 360 228
m 147 166 2 360 228
m 147 181 2 360 228
m 147 235 2 360 228
b 147 3 360 228
m 147 99 3 10.857142857142856 124.85714285714285 0.2130503144654088
m 147 91 3 10.857142857142856 124.85714285714285 0.2130503144654088
b 158 0 42 421
b 158 1 42 421
b 158 2 42 421
b 158 3 42 421
m 158 175 3 8.142857142857142 77.2857142857143 0.5
m 158 104 3 8.142857142857142 77.2857142857143 0.5
b 163 2 318 18
m 163 47 2 318 18
m 163 49 2 318 18
m 163 55 2 318 18
m 163 105 2 318 18
m 163 107 2 318 18
m 163 194 2 318 18
m 163 195 2 318 18
m 163 231 2 318 18
m 163 237 2 318 18
b 164 0 183 457
m 164 23 0 183 457
m 164 64 0 183 457
m 164 100 0 183 457
m 164 101 0 183 457
m 164 169 0 183 457
m 164 228 0 183 457
b 164 1 183 457
b 166 0 396 247
m 166 35 0 396 247
m 166 68 0 396 247
m 166 71 0 396 247
m 166 91 0 396 247
m 166 96 0 396 247
m 166 99 0 396 247
m 166 146 0 396 247
m 166 150 0 396 247
m 166 181 0 396 247
m 166 235 0 396 247
b 166 1 396 247
m 166 35 1 396 247
m 166 68 1 396 247
m 166 71 1 396 247
m 166 91 1 396 247
m 166 96 1 396 247
m 166 99 1 396 247
m 166 146 1 396 247
m 166 147 1 396 247
m 166 150 1 396 247
m 166 181 1 396 247
m 166 235 1 396 247
b 166 3 396 247
m 166 68 3 11.57142857142857 138.14285714285714 0.13720496447999775
m 166 35 3 11.57142857142857 138.14285714285714 0.13720496447999775
b 167 0 299 83
b 167 1 299 83
b 167 2 299 83
m 167 1 2 299 83
m 167 5 2 299 83
m 167 45 2 299 83
m 167 47 2 299 83
m 167 53 2 299 83
m 167 105 2 299 83
m 167 107 2 299 83
m 167 126 2 299 83
m 167 194 2 299 83
m 167 195 2 299 83
m 167 231 2 299 83
m 167 237 2 299 83
b 167 3 299 83
b 170 0 369 118
m 170 62 0 369 118
b 170 1 369 118
m 170 62 1 369 118
b 170 3 369 118
m 170 62 3 10.714285714285714 135.28571428571428 1.0
b 173 0 324 262
m 173 28 0 324 262
m 173 91 0 324 262
m 173 92 0 324 262
m 173 97 0 324 262
b 173 1 324 262
m 173 28 1 324 262
m 173 91 1 324 262
m 173 92 1 324 262
m 173 97 1 324 262
m 173 147 1 324 262
b 173 2 324 262
b 173 3 324 262
m 173 91 3 10.571428571428571 120.85714285714285 0.17398800417668348
m 173 28 3 10.571428571428571 120.85714285714285 0.17398800417668348
b 175 0 15 412
b 175 1 15 412
b 175 2 15 412
b 179 0 329 90
b 179 1 329 90
b 179 2 329 90
b 179 3 329 90
b 183 2 17 381
m 183 61 2 17 381
b 186 2 252 24
b 194 0 345 86
m 194 16 0 345 86
b 194 1 345 86
m 194 16 1 345 86
b 194 3 345 86
m 194 16 3 10.714285714285714 135.28571428571428 1.0
b 195 0 326 50
m 195 16 0 326 50
b 195 1 326 50
m 195 16 1 326 50
b 195 3 326 50
m 195 16 3 10.714285714285714 135.28571428571428 1.0
b 200 2 305 14
b 202 2 299 19
m 202 47 2 299 19
m 202 49 2 299 19
m 202 55 2 299 19
m 202 105 2 299 19
m 202 107 2 299 19
m 202 195 2 299 19
m 202 231 2 299 19
b 205 2 282 35
b 212 2 19 388
b 214 2 208 77
b 223 0 337 229
m 223 71 0 337 229
m 223 91 0 337 229
m 223 99 0 337 229
m 223 150 0 337 229
m 223 181 0 337 229
m 223 235 0 337 229
b 223 1 337 229
m 223 71 1 337 229
m 223 91 1 337 229
m 223 99 1 337 229
m 223 147 1 337 229
m 223 150 1 337 229
m 223 181 1 337 229
m 223 235 1 337 229
b 223 2 337 229
m 223 71 2 337 229
m 223 91 2 337 229
m 223 99 2 337 229
m 223 150 2 337 229
m 223 166 2 337 229
m 223 181 2 337 229
m 223 235 2 337 229
b 224 0 356 200
m 224 71 0 356 200
m 224 99 0 356 200
m 224 150 0 356 200
m 224 181 0 356 200
m 224 235 0 356 200
b 224 1 356 200
m 224 71 1 356 200
m 224 99 1 356 200
m 224 147 1 356 200
m 224 150 1 356 200
m 224 181 1 356 200
m 224 235 1 356 200
b 224 2 356 200
b 224 3 356 200
m 224 235 3 10.285714285714285 118.0 0.3408916513198281
m 224 99 3 10.285714285714285 118.0 0.3408916513198281
m 224 181 3 10.285714285714285 118.0 0.3408916513198281
b 226 0 406 133
m 226 52 0 406 133
m 226 54 0 406 133
m 226 62 0 406 133
m 226 63 0 406 133
b 226 1 406 133
m 226 52 1 406 133
m 226 54 1 406 133
m 226 62 1 406 133
m 226 63 1 406 133
b 226 3 406 133
m 226 54 3 11.0 123.57142857142857 0.500401956850038
m 226 62 3 11.0 123.57142857142857 0.500401956850038
b 227 2 37 403
m 227 61 2 37 403
m 227 104 2 37 403
b 229 0 418 67
m 229 16 0 418 67
m 229 52 0 418 67
m 229 62 0 418 67
m 229 134 0 418 67
m 229 154 0 418 67
m 229 161 0 418 67
m 229 185 0 418 67
m 229 198 0 418 67
b 229 1 418 67
m 229 16 1 418 67
m 229 52 1 418 67
m 229 62 1 418 67
m 229 134 1 418 67
m 229 154 1 418 67
m 229 161 1 418 67
m 229 185 1 418 67
m 229 198 1 418 67
b 229 3 418 67
m 229 52 3 11.857142857142858 146.71428571428572 0.17687876889822274
m 229 185 3 11.857142857142858 146.71428571428572 0.17687876889822274
b 231 0 317 36
b 231 1 317 36
b 231 3 317 36
b 237 0 346 92
m 237 16 0 346 92
b 237 1 346 92
m 237 16 1 346 92
b 237 3 346 92
m 237 16 3 10.714285714285714 135.28571428571428 1.0
b 239 0 233 420
m 239 23 0 233 420
m 239 100 0 233 420
m 239 151 0 233 420
m 239 169 0 233 420
m 239 228 0 233 420
b 239 1 233 420
m 239 23 1 233 420
m 239 100 1 233 420
m 239 151 1 233 420
m 239 169 1 233 420
m 239 228 1 233 420
b 1 2 362 142
b 5 2 364 69
m 5 16 2 364 69
m 5 62 2 364 69
m 5 198 2 364 69
m 5 229 2 364 69
b 16 0 383 56
b 16 1 383 56
b 16 3 383 56
m 16 154 3 9.875 119.875 0.6771234635846634
m 16 161 3 9.875 119.875 0.6771234635846634
m 16 134 3 9.875 119.875 0.6771234635846634
b 23 0 222 470
m 23 19 0 222 470
b 23 1 222 470
m 23 19 1 222 470
b 28 0 382 296
m 28 3 0 382 296
m 28 80 0 382 296
m 28 81 0 382 296
b 28 1 382 296
m 28 3 1 382 296
m 28 80 1 382 296
m 28 81 1 382 296
b 28 3 382 296
m 28 71 3 10.0 110.24999999999999 0.18078300200819514
m 28 92 3 10.0 110.24999999999999 0.18078300200819514
b 34 3 255 297
m 34 18 3 10.14285714285714 116.42857142857143 -1.0
b 35 0 429 266
m 35 36 0 429 266
b 35 1 429 266
m 35 36 1 429 266
b 35 3 429 266
m 35 71 3 10.874999999999998 125.375 0.010274085454172794
b 45 2 369 75
m 45 16 2 369 75
m 45 62 2 369 75
m 45 198 2 369 75
m 45 229 2 369 75
b 47 2 353 79
m 47 16 2 353 79
m 47 198 2 353 79
m 47 229 2 353 79
b 49 2 325 28
m 49 16 2 325 28
m 49 198 2 325 28
b 52 0 477 90
m 52 12 0 477 90
m 52 160 0 477 90
m 52 187 0 477 90
m 52 196 0 477 90
b 52 1 477 90
m 52 12 1 477 90
m 52 160 1 477 90
m 52 187 1 477 90
m 52 196 1 477 90
b 52 3 477 90
m 52 63 3 10.5 114.25 0.3690293966237453
m 52 161 3 10.5 114.25 0.3690293966237453
m 52 160 3 10.5 114.25 0.3690293966237453
b 53 2 334 69
b 54 0 444 194
m 54 9 0 444 194
m 54 12 0 444 194
m 54 25 0 444 194
m 54 27 0 444 194
m 54 132 0 444 194
b 54 1 444 194
m 54 9 1 444 194
m 54 12 1 444 194
m 54 25 1 444 194
m 54 27 1 444 194
m 54 132 1 444 194
b 54 3 444 194
m 54 25 3 11.125 132.375 0.1649800148220476
m 54 9 3 11.125 132.375 0.1649800148220476
b 55 2 364 4
m 55 16 2 364 4
m 55 198 2 364 4
b 61 2 1 409
b 62 0 417 85
m 62 160 0 417 85
m 62 196 0 417 85
b 62 1 417 85
m 62 160 1 417 85
m 62 196 1 417 85
b 62 3 417 85
m 62 63 3 10.375 124.875 0.8629050362942453
m 62 154 3 10.375 124.875 0.8629050362942453
m 62 196 3 10.375 124.875 0.8629050362942453
m 62 134 3 10.375 124.875 0.8629050362942453
m 62 160 3 10.375 124.875 0.8629050362942453
m 62 161 3 10.375 124.875 0.8629050362942453
b 63 0 449 105
m 63 12 0 449 105
m 63 25 0 449 105
m 63 27 0 449 105
m 63 160 0 449 105
m 63 187 0 449 105
m 63 196 0 449 105
b 63 1 449 105
m 63 12 1 449 105
m 63 25 1 449 105
m 63 27 1 449 105
m 63 160 1 449 105
m 63 187 1 449 105
m 63 196 1 449 105
b 64 0 158 470
b 64 1 158 470
b 68 0 417 243
b 68 1 417 243
b 68 2 417 243
b 68 3 417 243
m 68 71 3 10.499999999999998 122.0 0.3333333333333333
b 69 3 137 395
m 69 13 3 6.5 60.25 1.0
m 69 70 3 6.5 60.25 1.0
m 69 228 3 6.5 60.25 1.0
b 71 0 381 225
b 71 1 381 225
b 71 2 381 225
b 90 2 428 127
m 90 12 2 428 127
m 90 25 2 428 127
m 90 52 2 428 127
m 90 54 2 428 127
m 90 62 2 428 127
m 90 63 2 428 127
b 91 0 351 305
m 91 3 0 351 305
m 91 80 0 351 305
m 91 81 0 351 305
b 91 1 351 305
m 91 3 1 351 305
m 91 80 1 351 305
m 91 81 1 351 305
b 91 2 351 305
m 91 3 2 351 305
m 91 28 2 351 305
m 91 80 2 351 305
m 91 81 2 351 305
m 91 92 2 351 305
m 91 97 2 351 305
m 91 146 2 351 305
b 91 3 351 305
m 91 3 3 10.499999999999998 117.24999999999999 0.21981381651192972
m 91 81 3 10.499999999999998 117.24999999999999 0.21981381651192972
b 92 0 349 341
m 92 3 0 349 341
m 92 80 0 349 341
m 92 81 0 349 341
m 92 115 0 349 341
m 92 127 0 349 341
m 92 238 0 349 341
b 92 1 349 341
m 92 3 1 349 341
m 92 80 1 349 341
m 92 81 1 349 341
m 92 115 1 349 341
m 92 127 1 349 341
m 92 238 1 349 341
b 96 0 436 205
m 96 9 0 436 205
m 96 25 0 436 205
m 96 132 0 436 205
b 96 1 436 205
b 97 0 276 313
m 97 18 0 276 313
b 97 1 276 313
m 97 18 1 276 313
b 99 0 402 223
b 99 1 402 223
b 99 2 402 223
m 99 35 2 402 223
m 99 54 2 402 223
m 99 96 2 402 223
b 99 3 402 223
m 99 71 3 9.874999999999998 110.37499999999999 0.3333333333333333
b 100 0 244 455
m 100 19 0 244 455
m 100 41 0 244 455
m 100 131 0 244 455
m 100 165 0 244 455
b 100 1 244 455
m 100 19 1 244 455
m 100 41 1 244 455
m 100 131 1 244 455
m 100 165 1 244 455
b 101 0 180 497
b 101 1 180 497
b 104 2 65 480
b 104 3 65 480
b 105 2 332 71
b 107 2 305 33
b 126 2 342 101
b 134 0 440 23
m 134 32 0 440 23
b 134 1 440 23
b 140 0 262 433
m 140 19 0 262 433
m 140 33 0 262 433
m 140 41 0 262 433
m 140 131 0 262 433
m 140 157 0 262 433
m 140 165 0 262 433
m 140 176 0 262 433
b 140 1 262 433
m 140 19 1 262 433
m 140 33 1 262 433
m 140 41 1 262 433
m 140 131 1 262 433
m 140 157 1 262 433
m 140 165 1 262 433
m 140 176 1 262 433
b 141 2 400 155
b 146 0 364 319
m 146 3 0 364 319
m 146 80 0 364 319
m 146 81 0 364 319
m 146 127 0 364 319
m 146 238 0 364 319
b 146 1 364 319
m 146 3 1 364 319
m 146 80 1 364 319
m 146 81 1 364 319
m 146 127 1 364 319
m 146 238 1 364 319
b 147 1 348 223
b 150 0 397 200
m 150 25 0 397 200
b 150 1 397 200
b 150 2 397 200
m 150 25 2 397 200
m 150 35 2 397 200
m 150 54 2 397 200
m 150 96 2 397 200
b 151 0 247 426
m 151 19 0 247 426
m 151 41 0 247 426
m 151 131 0 247 426
m 151 176 0 247 426
b 151 1 247 426
m 151 19 1 247 426
m 151 41 1 247 426
m 151 131 1 247 426
m 151 176 1 247 426
b 154 0 464 30
m 154 32 0 464 30
m 154 196 0 464 30
b 154 1 464 30
b 161 0 443 35
m 161 32 0 443 35
m 161 196 0 443 35
b 161 1 443 35
b 166 2 404 256
b 169 0 231 484
m 169 19 0 231 484
b 169 1 231 484
m 169 19 1 231 484
b 170 2 363 128
m 170 62 2 363 128
b 175 3 7 403
b 181 0 370 252
b 181 1 370 252
b 181 2 370 252
b 181 3 370 252
m 181 71 3 9.5 105.25 0.18964864309779636
b 185 0 412 3
m 185 32 0 412 3
b 185 1 412 3
m 185 32 1 412 3
b 185 3 412 3
m 185 134 3 10.875 130.375 0.25
m 185 32 3 10.875 130.375 0.25
b 194 2 335 94
b 195 2 315 56
b 198 0 397 51
b 198 1 397 51
b 198 3 397 51
m 198 154 3 9.375 104.87500000000001 0.677467018469657
m 198 161 3 9.375 104.87500000000001 0.677467018469657
m 198 134 3 9.375 104.87500000000001 0.677467018469657
b 223 3 328 236
m 223 71 3 9.625 118.875 1.0
m 223 150 3 9.625 118.875 1.0
b 226 2 411 122
b 228 0 204 410
b 228 1 204 410
b 231 2 310 26
b 235 0 420 231
b 235 1 420 231
b 235 2 420 231
m 235 35 2 420 231
m 235 54 2 420 231
m 235 96 2 420 231
b 235 3 420 231
m 235 96 3 9.375 104.375 0.022063014037675976
b 237 2 355 99
m 237 16 2 355 99
b 3 0 400 357
m 3 57 0 400 357
m 3 76 0 400 357
m 3 95 0 400 357
m 3 145 0 400 357
b 3 1 400 357
m 3 57 1 400 357
m 3 76 1 400 357
m 3 95 1 400 357
m 3 145 1 400 357
b 3 2 400 357
m 3 57 2 400 357
m 3 76 2 400 357
m 3 95 2 400 357
m 3 145 2 400 357
m 3 238 2 400 357
b 3 3 400 357
m 3 95 3 10.11111111111111 109.66666666666666 0.19633163434807202
m 3 146 3 10.11111111111111 109.66666666666666 0.19633163434807202
b 9 0 482 149
b 9 1 482 149
b 9 3 482 149
m 9 132 3 10.333333333333334 119.44444444444444 0.010285418505256603
b 12 0 489 144
b 12 1 489 144
b 12 2 489 144
b 13 3 166 337
m 13 18 3 6.5 60.25 -1.0
b 16 2 384 68
m 16 134 2 384 68
m 16 161 2 384 68
m 16 185 2 384 68
b 19 0 250 477
b 19 1 250 477
b 25 0 461 147
b 25 1 461 147
b 25 2 461 147
m 25 9 2 461 147
m 25 27 2 461 147
m 25 132 2 461 147
m 25 160 2 461 147
m 25 187 2 461 147
b 25 3 461 147
m 25 27 3 10.333333333333334 119.44444444444444 0.010285418505256603
b 27 0 482 144
b 27 1 482 144
b 28 2 389 286
b 32 0 453 12
b 32 1 453 12
b 32 3 453 12
b 33 0 323 412
m 33 10 0 323 412
m 33 57 0 323 412
m 33 95 0 323 412
m 33 128 0 323 412
m 33 148 0 323 412
m 33 189 0 323 412
b 33 1 323 412
m 33 10 1 323 412
m 33 57 1 323 412
m 33 95 1 323 412
m 33 128 1 323 412
m 33 148 1 323 412
m 33 189 1 323 412
b 35 2 426 255
b 36 0 494 314
b 36 1 494 314
b 41 0 264 390
m 41 206 0 264 390
b 41 1 264 390
m 41 206 1 264 390
b 52 2 488 85
m 52 27 2 488 85
m 52 154 2 488 85
m 52 160 2 488 85
m 52 161 2 488 85
m 52 187 2 488 85
m 52 196 2 488 85
b 54 2 453 202
b 62 2 405 85
b 63 2 441 96
m 63 27 2 441 96
m 63 160 2 441 96
m 63 161 2 441 96
m 63 187 2 441 96
m 63 196 2 441 96
b 63 3 441 96
m 63 12 3 9.666666666666668 102.55555555555556 0.3333333333333333
b 70 3 213 377
m 70 18 3 6.5 60.25 -1.0
b 71 3 371 219
b 80 0 349 328
m 80 57 0 349 328
b 80 1 349 328
m 80 57 1 349 328
b 80 2 349 328
m 80 57 2 349 328
m 80 115 2 349 328
m 80 127 2 349 328
m 80 157 2 349 328
m 80 238 2 349 328
b 81 0 374 377
m 81 10 0 374 377
m 81 57 0 374 377
m 81 95 0 374 377
m 81 148 0 374 377
b 81 1 374 377
b 81 2 374 377
m 81 10 2 374 377
m 81 33 2 374 377
m 81 57 2 374 377
m 81 95 2 374 377
m 81 115 2 374 377
m 81 127 2 374 377
m 81 148 2 374 377
m 81 157 2 374 377
m 81 238 2 374 377
b 81 3 374 377
m 81 146 3 10.777777777777777 123.0 0.30108843274697333
m 81 57 3 10.777777777777777 123.0 0.30108843274697333
b 92 2 345 352
m 92 57 2 345 352
m 92 115 2 345 352
m 92 127 2 345 352
m 92 157 2 345 352
m 92 238 2 345 352
b 92 3 345 352
m 92 80 3 9.777777777777779 105.1111111111111 0.22969810354906592
m 92 57 3 9.777777777777779 105.1111111111111 0.22969810354906592
b 96 2 427 197
m 96 9 2 427 197
m 96 132 2 427 197
b 96 3 427 197
m 96 132 3 8.555555555555555 93.22222222222221 0.011806276223339428
b 97 2 264 314
m 97 18 2 264 314
b 115 0 325 378
m 115 10 0 325 378
m 115 57 0 325 378
m 115 95 0 325 378
m 115 148 0 325 378
b 115 1 325 378
m 115 10 1 325 378
m 115 57 1 325 378
m 115 95 1 325 378
m 115 148 1 325 378
b 127 0 303 359
m 127 57 0 303 359
m 127 206 0 303 359
b 127 1 303 359
b 131 0 270 400
b 131 1 270 400
b 132 0 466 179
b 132 1 466 179
b 134 3 445 33
b 146 2 352 321
b 150 3 387 192
b 154 3 471 20
b 157 0 313 378
m 157 57 0 313 378
m 157 95 0 313 378
m 157 148 0 313 378
b 157 1 313 378
m 157 57 1 313 378
m 157 95 1 313 378
m 157 148 1 313 378
b 160 0 489 94
b 160 1 489 94
b 160 3 489 94
m 160 27 3 9.666666666666668 102.55555555555556 0.3333333333333333
b 161 3 449 25
b 165 0 290 489
m 165 125 0 290 489
m 165 143 0 290 489
m 165 189 0 290 489
m 165 218 0 290 489
b 165 1 290 489
m 165 125 1 290 489
m 165 143 1 290 489
m 165 189 1 290 489
m 165 218 1 290 489
b 176 0 341 435
m 176 10 0 341 435
m 176 57 0 341 435
m 176 95 0 341 435
m 176 125 0 341 435
m 176 128 0 341 435
m 176 143 0 341 435
m 176 148 0 341 435
m 176 189 0 341 435
m 176 218 0 341 435
b 176 1 341 435
m 176 10 1 341 435
m 176 57 1 341 435
m 176 95 1 341 435
m 176 125 1 341 435
m 176 128 1 341 435
m 176 143 1 341 435
m 176 148 1 341 435
m 176 189 1 341 435
m 176 218 1 341 435
b 187 0 464 128
b 187 1 464 128
b 196 0 483 96
b 196 1 483 96
b 196 3 483 96
m 196 27 3 9.555555555555555 112.0 0.3333333333333333
b 198 2 387 58
m 198 134 2 387 58
m 198 154 2 387 58
m 198 161 2 387 58
m 198 185 2 387 58
b 228 3 195 401
m 228 18 3 6.5 60.25 -1.0
b 229 2 442 69
m 229 134 2 442 69
m 229 154 2 442 69
m 229 160 2 442 69
m 229 161 2 442 69
m 229 185 2 442 69
m 229 196 2 442 69
b 238 0 350 376
m 238 10 0 350 376
m 238 57 0 350 376
m 238 95 0 350 376
m 238 148 0 350 376
b 238 1 350 376
m 238 10 1 350 376
m 238 57 1 350 376
m 238 95 1 350 376
m 238 148 1 350 376
b 9 2 476 138
b 10 0 408 427
m 10 44 0 408 427
m 10 46 0 408 427
m 10 109 0 408 427
b 10 1 408 427
b 10 2 408 427
m 10 44 2 408 427
m 10 46 2 408 427
m 10 109 2 408 427
m 10 128 2 408 427
m 10 176 2 408 427
m 10 189 2 408 427
b 12 3 497 139
m 12 187 3 8.8 92.39999999999999 1.0
b 27 2 471 146
b 27 3 471 146
m 27 187 3 9.4 107.6 1.0
b 33 2 312 407
b 57 0 375 384
b 57 1 375 384
b 57 2 375 384
b 57 3 375 384
m 57 157 3 10.799999999999999 122.8 0.24778041306769955
m 57 148 3 10.799999999999999 122.8 0.24778041306769955
m 57 33 3 10.799999999999999 122.8 0.24778041306769955
b 76 0 423 357
m 76 109 0 423 357
b 76 1 423 357
m 76 109 1 423 357
b 76 2 423 357
m 76 109 2 423 357
b 80 3 337 326
m 80 115 3 9.3 97.1 0.10353197123849257
b 95 0 351 407
b 95 1 351 407
b 95 2 351 407
b 95 3 351 407
m 95 115 3 10.2 110.79999999999998 0.2675144287477497
m 95 145 3 10.2 110.79999999999998 0.2675144287477497
m 95 128 3 10.2 110.79999999999998 0.2675144287477497
b 115 2 315 371
m 115 41 2 315 371
m 115 131 2 315 371
m 115 176 2 315 371
m 115 206 2 315 371
b 125 0 373 496
m 125 44 0 373 496
m 125 233 0 373 496
b 125 1 373 496
b 127 2 291 357
m 127 41 2 291 357
m 127 131 2 291 357
m 127 206 2 291 357
b 128 0 341 460
m 128 44 0 341 460
b 128 1 341 460
b 132 2 455 176
b 132 3 455 176
m 132 187 3 9.4 107.6 1.0
b 134 2 450 44
m 134 32 2 450 44
b 143 0 360 493
m 143 44 0 360 493
m 143 233 0 360 493
b 143 1 360 493
m 143 44 1 360 493
m 143 233 1 360 493
b 145 0 424 402
m 145 46 0 424 402
m 145 109 0 424 402
m 145 208 0 424 402
b 145 1 424 402
m 145 46 1 424 402
m 145 109 1 424 402
m 145 208 1 424 402
b 145 2 424 402
m 145 46 2 424 402
m 145 109 2 424 402
m 145 208 2 424 402
b 146 3 340 324
m 146 115 3 9.6 101.19999999999999 0.1262990155594596
b 148 0 339 444
m 148 44 0 339 444
b 148 1 339 444
m 148 44 1 339 444
b 148 2 339 444
m 148 44 2 339 444
m 148 125 2 339 444
m 148 128 2 339 444
m 148 143 2 339 444
m 148 176 2 339 444
m 148 189 2 339 444
m 148 218 2 339 444
b 154 2 478 10
b 157 2 305 370
m 157 41 2 305 370
m 157 131 2 305 370
m 157 176 2 305 370
m 157 206 2 305 370
b 160 2 498 91
b 161 2 455 15
m 161 32 2 455 15
b 185 2 392 10
b 187 2 453 133
b 189 0 351 460
m 189 44 0 351 460
m 189 233 0 351 460
b 189 1 351 460
b 196 2 478 107
b 206 0 283 304
b 206 1 283 304
b 218 0 335 470
m 218 44 0 335 470
b 218 1 335 470
m 218 44 1 335 470
b 238 2 361 382
b 32 2 434 26
b 33 3 302 402
m 33 218 3 10.727272727272725 120.72727272727273 0.2260546304812247
m 33 176 3 10.727272727272725 120.72727272727273 0.2260546304812247
b 41 2 240 389
b 44 0 429 478
m 44 103 0 429 478
b 44 1 429 478
m 44 103 1 429 478
b 44 2 429 478
b 46 0 443 482
m 46 103 0 443 482
m 46 213 0 443 482
b 46 1 443 482
m 46 103 1 443 482
m 46 213 1 443 482
b 46 2 443 482
b 109 0 426 428
m 109 103 0 426 428
b 109 1 426 428
m 109 103 1 426 428
b 109 2 426 428
b 115 3 306 364
m 115 127 3 9.0 91.54545454545453 0.12324690172720118
b 125 2 363 489
m 125 233 2 363 489
b 128 2 329 462
b 128 3 329 462
m 128 143 3 9.818181818181818 103.99999999999997 0.05801956776942036
b 131 2 254 382
m 131 70 2 254 382
m 131 82 2 254 382
m 131 140 2 254 382
m 131 151 2 254 382
m 131 239 2 254 382
b 143 2 370 486
m 143 233 2 370 486
b 145 3 415 411
m 145 10 3 9.818181818181818 103.99999999999997 0.05801956776942036
b 148 3 328 447
m 148 165 3 10.545454545454543 117.45454545454545 0.16249909417349345
m 148 125 3 10.545454545454543 117.45454545454545 0.16249909417349345
b 157 3 297 361
m 157 206 3 10.272727272727272 113.9090909090909 0.2
m 157 127 3 10.272727272727272 113.9090909090909 0.2
b 176 2 362 423
b 187 3 442 137
b 189 2 351 448
m 189 165 2 351 448
b 206 2 282 292
b 208 0 492 437
m 208 103 0 492 437
m 208 213 0 492 437
b 208 1 492 437
b 208 2 492 437
b 218 2 327 461
m 218 165 2 327 461
b 233 0 420 490
m 233 103 0 420 490
m 233 213 0 420 490
b 233 1 420 490
m 233 103 1 420 490
m 233 213 1 420 490
b 10 3 432 425
m 10 233 3 9.75 102.08333333333331 0.07785340278652841
b 70 2 213 341
m 70 18 2 213 341
b 82 2 285 441
b 103 0 481 441
b 103 1 481 441
b 125 3 353 483
m 125 189 3 9.916666666666664 108.41666666666667 0.3333333333333333
b 127 3 267 352
m 127 41 3 8.5 84.66666666666666 0.005668910354127524
b 140 2 216 447
b 143 3 380 480
m 143 189 3 9.333333333333334 96.66666666666664 0.031145915240809906
b 151 2 201 440
m 151 19 2 201 440
m 151 23 2 201 440
m 151 64 2 201 440
m 151 100 2 201 440
m 151 101 2 201 440
m 151 164 2 201 440
m 151 169 2 201 440
m 151 228 2 201 440
b 165 2 283 454
m 165 19 2 283 454
m 165 23 2 283 454
m 165 100 2 283 454
b 165 3 283 454
m 165 19 3 10.249999999999998 111.75 0.1435988345060604
m 165 82 3 10.249999999999998 111.75 0.1435988345060604
b 176 3 372 417
b 206 3 281 280
m 206 97 3 9.5 104.5 1.0
b 213 0 462 473
b 213 1 462 473
b 218 3 319 452
m 218 23 3 10.166666666666664 112.0 0.25
m 218 239 3 10.166666666666664 112.0 0.25
b 233 2 413 480
b 239 2 278 460
m 239 19 2 278 460
m 239 23 2 278 460
m 239 100 2 278 460
b 19 2 209 451
b 19 3 209 451
m 19 100 3 9.999999999999998 106.92307692307693 0.14664602462820492
m 19 101 3 9.999999999999998 106.92307692307693 0.14664602462820492
b 23 2 281 481
b 23 3 281 481
m 23 100 3 9.615384615384613 104.07692307692308 0.17306928532460447
b 41 3 216 388
m 41 140 3 8.23076923076923 80.07692307692307 0.008024466130756401
b 64 2 189 418
b 82 3 297 443
m 82 100 3 9.615384615384613 103.46153846153847 0.5
m 82 140 3 9.615384615384613 103.46153846153847 0.5
b 97 3 216 316
m 97 18 3 9.5 104.5 -1.0
b 100 2 239 483
b 101 2 202 442
b 164 2 160 473
b 169 2 238 488
b 189 3 350 424
m 189 238 3 9.307692307692305 100.38461538461539 0.17409908965054327
b 228 2 160 369
b 233 3 406 470
m 233 44 3 9.307692307692308 95.46153846153844 0.25
m 233 213 3 9.307692307692308 95.46153846153844 0.25
b 239 3 287 468
m 239 100 3 9.615384615384613 104.07692307692308 0.17306928532460447
b 44 3 463 487
m 44 46 3 8.92857142857143 89.78571428571426 0.25540714285714294
m 44 208 3 8.92857142857143 89.78571428571426 0.25540714285714294
b 100 3 235 472
m 100 169 3 9.428571428571425 99.5714285714286 0.5
m 100 151 3 9.428571428571425 99.5714285714286 0.5
b 101 3 207 431
m 101 64 3 9.57142857142857 100.42857142857144 0.0419509771946357
b 140 3 193 453
m 140 151 3 7.928571428571427 75.49999999999999 0.006255583511013349
b 213 3 440 462
m 213 46 3 8.92857142857143 89.78571428571426 0.25540714285714294
m 213 103 3 8.92857142857143 89.78571428571426 0.25540714285714294
b 238 3 404 403
m 238 109 3 8.785714285714283 93.5 0.17664066474802909
b 46 3 417 475
b 64 3 201 398
m 64 131 3 9.066666666666665 94.00000000000001 0.001103870977790758
b 103 3 493 407
b 109 3 390 460
b 151 3 166 451
m 151 164 3 8.866666666666662 93.00000000000003 0.007518796992480703
b 169 3 261 480
b 208 3 455 406
b 131 3 212 339
b 164 3 144 441
