Key: 
t: node change direction (node id, x, y, new direction)
s: node start location (node id, x, y, start direction, buffer)
m: message transfer (sender id, target id, messageType, sender x, sender y
b: broadcast (node id, message type, x, y)
337 227 41 9
s 0 2 312 32 0
s 1 94 468 138 0
s 2 317 428 54 0
s 3 235 81 113 0
s 4 270 306 241 0
s 5 319 222 293 0
s 6 248 301 174 0
s 7 3 349 142 0
s 8 96 481 290 0
s 9 132 424 111 0
s 10 74 415 301 0
s 11 102 178 25 0
s 12 488 258 230 0
s 13 1 129 215 0
s 14 22 370 97 0
s 15 306 64 196 0
s 16 251 315 61 0
s 17 132 129 216 0
s 18 73 181 99 0
s 19 241 183 200 0
s 20 42 169 0 0
s 21 424 21 107 0
s 22 466 11 339 0
s 23 81 486 34 0
s 24 486 399 241 0
s 25 473 341 127 0
s 26 203 303 109 0
s 27 213 10 79 0
s 28 385 261 333 0
s 29 94 91 290 0
s 30 142 243 272 0
s 31 427 227 47 0
s 32 194 69 315 0
s 33 387 383 182 0
s 34 5 200 34 0
s 35 88 11 318 0
s 36 362 65 283 0
s 37 343 134 46 0
s 38 387 352 37 0
s 39 406 71 191 0
s 40 380 15 304 0
s 41 328 225 150 0
s 42 171 279 222 0
s 43 159 42 256 0
s 44 400 398 215 0
s 45 147 347 79 0
s 46 125 196 337 0
s 47 202 314 146 0
s 48 111 450 270 0
s 49 62 347 1 0
s 50 358 408 55 0
s 51 208 72 54 0
s 52 184 300 342 0
s 53 326 254 80 0
s 54 276 353 281 0
s 55 398 33 169 0
s 56 11 146 346 0
s 57 345 379 192 0
s 58 173 272 299 0
s 59 470 368 162 0
s 60 190 274 311 0
s 61 79 333 338 0
s 62 167 245 99 0
s 63 86 346 175 0
s 64 206 246 146 0
s 65 206 123 37 0
s 66 260 321 319 0
s 67 100 399 116 0
s 68 68 300 197 0
s 69 417 7 222 0
s 70 460 487 203 0
s 71 164 401 189 0
s 72 289 378 331 0
s 73 453 220 17 0
s 74 102 119 249 0
s 75 47 233 336 0
s 76 470 225 312 0
s 77 191 308 342 0
s 78 235 343 320 0
s 79 293 401 92 0
s 80 465 259 35 0
s 81 176 293 254 0
s 82 218 38 86 0
s 83 369 314 293 0
s 84 98 262 180 0
s 85 28 142 100 0
s 86 26 302 310 0
s 87 115 149 86 0
s 88 197 45 287 0
s 89 102 91 333 0
s 90 119 368 92 0
s 91 157 158 134 0
s 92 299 433 128 0
s 93 120 204 232 0
s 94 175 395 92 0
s 95 455 173 21 0
s 96 266 364 125 0
s 97 337 227 207 0
s 98 451 37 247 0
s 99 354 95 20 0
s 100 232 442 328 0
s 101 441 225 77 0
s 102 46 21 143 0
s 103 357 156 73 0
s 104 306 54 314 0
s 105 104 256 295 0
s 106 439 252 287 0
s 107 376 343 281 0
s 108 189 72 177 0
s 109 74 353 300 0
s 110 242 146 180 0
s 111 427 2 140 0
s 112 490 272 92 0
s 113 242 463 125 0
s 114 318 18 39 0
s 115 81 303 117 0
s 116 345 335 235 0
s 117 476 89 206 0
s 118 85 398 41 0
s 119 89 492 16 0
s 120 168 274 240 0
s 121 347 343 260 0
s 122 94 86 326 0
s 123 238 101 11 0
s 124 269 216 209 0
s 125 123 343 182 0
s 126 277 176 92 0
s 127 472 122 55 0
s 128 387 248 260 0
s 129 57 396 340 0
s 130 98 41 89 0
s 131 294 17 245 0
s 132 212 1 154 0
s 133 93 276 339 0
s 134 242 42 113 0
s 135 276 320 9 0
s 136 342 271 165 0
s 137 115 470 72 0
s 138 411 336 246 0
s 139 340 82 234 0
s 140 270 266 51 0
s 141 296 242 289 0
s 142 304 257 151 0
s 143 105 387 305 0
s 144 442 33 337 0
s 145 464 28 232 0
s 146 363 217 218 0
s 147 322 228 102 0
s 148 176 281 233 0
s 149 158 241 8 0
s 150 480 492 122 0
s 151 341 124 31 0
s 152 286 112 349 0
s 153 262 313 159 0
s 154 464 115 291 0
s 155 154 24 42 0
s 156 71 146 243 0
s 157 210 461 210 0
s 158 271 320 25 0
s 159 319 206 246 0
s 160 489 227 327 0
s 161 305 42 237 0
s 162 191 192 230 0
s 163 22 137 326 0
s 164 262 161 100 0
s 165 140 54 121 0
s 166 482 268 33 0
s 167 116 47 151 0
s 168 388 498 5 0
s 169 12 362 276 0
s 170 247 356 232 0
s 171 291 291 214 0
s 172 62 13 156 0
s 173 14 486 158 0
s 174 213 287 272 0
s 175 455 458 11 0
s 176 337 369 283 0
s 177 211 430 150 0
s 178 483 193 136 0
s 179 52 120 321 0
s 180 475 15 296 0
s 181 477 352 217 0
s 182 295 166 306 0
s 183 316 72 100 0
s 184 363 491 215 0
s 185 111 119 76 0
s 186 317 396 162 0
s 187 471 442 234 0
s 188 68 236 292 0
s 189 374 240 142 0
s 190 64 8 53 0
s 191 468 125 315 0
s 192 136 476 271 0
s 193 470 447 32 0
s 194 122 355 212 0
s 195 227 91 81 0
s 196 41 9 263 0
s 197 370 296 110 0
s 198 2 31 24 0
s 199 287 289 218 0
s 200 286 53 232 0
s 201 88 487 259 0
s 202 152 254 36 0
s 203 451 85 314 0
s 204 92 399 54 0
s 205 254 317 145 0
s 206 380 68 86 0
s 207 331 397 186 0
s 208 258 290 216 0
s 209 376 115 239 0
s 210 226 108 303 0
s 211 203 28 260 0
s 212 334 382 94 0
s 213 247 277 170 0
s 214 184 277 255 0
s 215 258 22 93 0
s 216 498 177 188 0
s 217 387 87 149 0
s 218 494 309 51 0
s 219 153 262 66 0
s 220 118 57 270 0
s 221 258 354 129 0
s 222 221 195 247 0
s 223 335 492 172 0
s 224 412 470 34 0
s 225 317 57 87 0
s 226 253 365 140 0
s 227 241 413 109 0
s 228 249 380 122 0
s 229 155 130 137 0
s 230 411 381 172 0
s 231 368 43 322 0
s 232 134 345 87 0
s 233 100 283 326 0
s 234 396 174 2 0
s 235 249 120 79 0
s 236 230 25 264 0
s 237 253 268 268 0
s 238 441 40 291 0
s 239 33 456 46 0
b 97 0 314 215
m 97 5 0 314 215
m 97 28 0 314 215
m 97 41 0 314 215
m 97 53 0 314 215
m 97 128 0 314 215
m 97 141 0 314 215
m 97 142 0 314 215
m 97 146 0 314 215
m 97 147 0 314 215
m 97 159 0 314 215
m 97 189 0 314 215
b 97 1 314 215
m 97 5 1 314 215
m 97 28 1 314 215
m 97 41 1 314 215
m 97 53 1 314 215
m 97 128 1 314 215
m 97 141 1 314 215
m 97 142 1 314 215
m 97 146 1 314 215
m 97 147 1 314 215
m 97 159 1 314 215
m 97 189 1 314 215
b 97 2 314 215
m 97 5 2 314 215
m 97 28 2 314 215
m 97 41 2 314 215
m 97 53 2 314 215
m 97 128 2 314 215
m 97 141 2 314 215
m 97 142 2 314 215
m 97 146 2 314 215
m 97 147 2 314 215
m 97 159 2 314 215
m 97 189 2 314 215
b 97 3 314 215
m 97 5 3 16.0 256.0 1.0
m 97 28 3 16.0 256.0 1.0
m 97 41 3 16.0 256.0 1.0
m 97 53 3 16.0 256.0 1.0
m 97 128 3 16.0 256.0 1.0
m 97 141 3 16.0 256.0 1.0
m 97 142 3 16.0 256.0 1.0
m 97 146 3 16.0 256.0 1.0
m 97 147 3 16.0 256.0 1.0
m 97 159 3 16.0 256.0 1.0
m 97 189 3 16.0 256.0 1.0
b 5 0 338 176
m 5 37 0 338 176
m 5 103 0 338 176
m 5 126 0 338 176
m 5 164 0 338 176
m 5 182 0 338 176
b 5 1 338 176
m 5 37 1 338 176
m 5 103 1 338 176
m 5 126 1 338 176
m 5 164 1 338 176
m 5 182 1 338 176
b 5 2 338 176
m 5 37 2 338 176
m 5 103 2 338 176
m 5 126 2 338 176
m 5 164 2 338 176
m 5 182 2 338 176
b 5 3 338 176
m 5 37 3 12.666666666666666 182.66666666666666 0.16666666666666666
m 5 164 3 12.666666666666666 182.66666666666666 0.16666666666666666
b 28 0 429 239
m 28 12 0 429 239
m 28 31 0 429 239
m 28 73 0 429 239
m 28 83 0 429 239
m 28 101 0 429 239
m 28 106 0 429 239
m 28 107 0 429 239
m 28 178 0 429 239
b 28 1 429 239
m 28 12 1 429 239
m 28 31 1 429 239
m 28 73 1 429 239
m 28 83 1 429 239
m 28 101 1 429 239
m 28 106 1 429 239
m 28 107 1 429 239
m 28 178 1 429 239
b 28 2 429 239
b 28 3 429 239
m 28 107 3 13.666666666666666 197.66666666666666 0.4043360433604335
m 28 73 3 13.666666666666666 197.66666666666666 0.4043360433604335
m 28 83 3 13.666666666666666 197.66666666666666 0.4043360433604335
b 41 0 286 249
m 41 66 0 286 249
m 41 126 0 286 249
m 41 164 0 286 249
m 41 171 0 286 249
m 41 199 0 286 249
b 41 1 286 249
b 41 2 286 249
m 41 66 2 286 249
m 41 126 2 286 249
m 41 164 2 286 249
m 41 171 2 286 249
m 41 199 2 286 249
b 41 3 286 249
m 41 66 3 14.0 204.0 0.5523809523809522
m 41 126 3 14.0 204.0 0.5523809523809522
b 53 0 335 303
m 53 54 0 335 303
m 53 66 0 335 303
m 53 83 0 335 303
m 53 107 0 335 303
m 53 116 0 335 303
m 53 136 0 335 303
m 53 140 0 335 303
m 53 158 0 335 303
m 53 171 0 335 303
m 53 197 0 335 303
m 53 199 0 335 303
b 53 1 335 303
m 53 54 1 335 303
m 53 66 1 335 303
m 53 83 1 335 303
m 53 107 1 335 303
m 53 116 1 335 303
m 53 136 1 335 303
m 53 140 1 335 303
m 53 158 1 335 303
m 53 171 1 335 303
m 53 197 1 335 303
m 53 199 1 335 303
b 53 2 335 303
m 53 54 2 335 303
m 53 66 2 335 303
m 53 83 2 335 303
m 53 107 2 335 303
m 53 116 2 335 303
m 53 136 2 335 303
m 53 140 2 335 303
m 53 158 2 335 303
m 53 171 2 335 303
m 53 197 2 335 303
m 53 199 2 335 303
b 53 3 335 303
m 53 83 3 15.666666666666666 245.66666666666666 0.9560283687943261
m 53 107 3 15.666666666666666 245.66666666666666 0.9560283687943261
m 53 116 3 15.666666666666666 245.66666666666666 0.9560283687943261
m 53 54 3 15.666666666666666 245.66666666666666 0.9560283687943261
m 53 136 3 15.666666666666666 245.66666666666666 0.9560283687943261
m 53 197 3 15.666666666666666 245.66666666666666 0.9560283687943261
m 53 158 3 15.666666666666666 245.66666666666666 0.9560283687943261
m 53 66 3 15.666666666666666 245.66666666666666 0.9560283687943261
m 53 140 3 15.666666666666666 245.66666666666666 0.9560283687943261
m 53 199 3 15.666666666666666 245.66666666666666 0.9560283687943261
m 53 171 3 15.666666666666666 245.66666666666666 0.9560283687943261
b 128 0 379 200
m 128 31 0 379 200
m 128 37 0 379 200
m 128 83 0 379 200
m 128 234 0 379 200
b 128 1 379 200
m 128 31 1 379 200
m 128 37 1 379 200
m 128 83 1 379 200
m 128 234 1 379 200
b 128 2 379 200
m 128 31 2 379 200
m 128 37 2 379 200
m 128 83 2 379 200
m 128 234 2 379 200
b 128 3 379 200
m 128 31 3 13.0 187.0 0.14285714285714285
b 141 0 312 195
m 141 103 0 312 195
m 141 126 0 312 195
m 141 164 0 312 195
b 141 1 312 195
m 141 103 1 312 195
m 141 126 1 312 195
m 141 164 1 312 195
b 141 2 312 195
m 141 103 2 312 195
m 141 126 2 312 195
m 141 164 2 312 195
b 141 3 312 195
b 142 0 261 281
m 142 4 0 261 281
m 142 16 0 261 281
m 142 54 0 261 281
m 142 66 0 261 281
m 142 78 0 261 281
m 142 116 0 261 281
m 142 135 0 261 281
m 142 136 0 261 281
m 142 140 0 261 281
m 142 158 0 261 281
m 142 171 0 261 281
m 142 199 0 261 281
m 142 213 0 261 281
b 142 1 261 281
m 142 4 1 261 281
m 142 16 1 261 281
m 142 54 1 261 281
m 142 66 1 261 281
m 142 78 1 261 281
m 142 116 1 261 281
m 142 135 1 261 281
m 142 136 1 261 281
m 142 140 1 261 281
m 142 158 1 261 281
m 142 171 1 261 281
m 142 199 1 261 281
m 142 213 1 261 281
b 142 2 261 281
b 142 3 261 281
m 142 4 3 17.666666666666664 317.66666666666663 1.0
m 142 16 3 17.666666666666664 317.66666666666663 1.0
m 142 54 3 17.666666666666664 317.66666666666663 1.0
m 142 66 3 17.666666666666664 317.66666666666663 1.0
m 142 78 3 17.666666666666664 317.66666666666663 1.0
m 142 116 3 17.666666666666664 317.66666666666663 1.0
m 142 135 3 17.666666666666664 317.66666666666663 1.0
m 142 136 3 17.666666666666664 317.66666666666663 1.0
m 142 140 3 17.666666666666664 317.66666666666663 1.0
m 142 158 3 17.666666666666664 317.66666666666663 1.0
m 142 171 3 17.666666666666664 317.66666666666663 1.0
m 142 199 3 17.666666666666664 317.66666666666663 1.0
m 142 213 3 17.666666666666664 317.66666666666663 1.0
b 146 0 325 186
m 146 37 0 325 186
m 146 103 0 325 186
m 146 126 0 325 186
m 146 151 0 325 186
m 146 182 0 325 186
b 146 1 325 186
m 146 37 1 325 186
m 146 103 1 325 186
m 146 126 1 325 186
m 146 151 1 325 186
m 146 182 1 325 186
b 146 2 325 186
b 146 3 325 186
m 146 151 3 12.333333333333332 179.0 0.2
m 146 126 3 12.333333333333332 179.0 0.2
b 147 0 312 276
m 147 66 0 312 276
m 147 83 0 312 276
m 147 116 0 312 276
m 147 121 0 312 276
m 147 135 0 312 276
m 147 136 0 312 276
m 147 140 0 312 276
m 147 171 0 312 276
m 147 199 0 312 276
b 147 1 312 276
b 147 2 312 276
m 147 66 2 312 276
m 147 83 2 312 276
m 147 116 2 312 276
m 147 121 2 312 276
m 147 135 2 312 276
m 147 136 2 312 276
m 147 140 2 312 276
m 147 171 2 312 276
m 147 199 2 312 276
b 147 3 312 276
m 147 116 3 14.666666666666666 218.66666666666666 0.7636363636363637
m 147 121 3 14.666666666666666 218.66666666666666 0.7636363636363637
m 147 83 3 14.666666666666666 218.66666666666666 0.7636363636363637
m 147 199 3 14.666666666666666 218.66666666666666 0.7636363636363637
m 147 171 3 14.666666666666666 218.66666666666666 0.7636363636363637
m 147 135 3 14.666666666666666 218.66666666666666 0.7636363636363637
m 147 140 3 14.666666666666666 218.66666666666666 0.7636363636363637
b 159 0 299 161
m 159 37 0 299 161
m 159 103 0 299 161
m 159 126 0 299 161
m 159 164 0 299 161
b 159 1 299 161
m 159 37 1 299 161
m 159 103 1 299 161
m 159 126 1 299 161
m 159 164 1 299 161
b 159 2 299 161
b 159 3 299 161
m 159 126 3 13.333333333333332 192.0 0.21333333333333337
m 159 37 3 13.333333333333332 192.0 0.21333333333333337
b 189 0 335 270
m 189 83 0 335 270
m 189 107 0 335 270
m 189 136 0 335 270
m 189 140 0 335 270
b 189 1 335 270
b 189 2 335 270
m 189 83 2 335 270
m 189 107 2 335 270
m 189 136 2 335 270
m 189 140 2 335 270
b 189 3 335 270
m 189 83 3 13.333333333333332 192.0 0.21333333333333337
b 4 0 235 242
m 4 6 0 235 242
m 4 52 0 235 242
m 4 60 0 235 242
m 4 77 0 235 242
m 4 124 0 235 242
m 4 149 0 235 242
m 4 170 0 235 242
m 4 174 0 235 242
m 4 202 0 235 242
m 4 208 0 235 242
b 4 1 235 242
m 4 6 1 235 242
m 4 52 1 235 242
m 4 60 1 235 242
m 4 77 1 235 242
m 4 124 1 235 242
m 4 149 1 235 242
m 4 170 1 235 242
m 4 174 1 235 242
m 4 202 1 235 242
m 4 208 1 235 242
b 4 3 235 242
m 4 202 3 16.25 274.25 0.3637948717948718
m 4 77 3 16.25 274.25 0.3637948717948718
m 4 60 3 16.25 274.25 0.3637948717948718
b 12 0 442 202
m 12 76 0 442 202
m 12 127 0 442 202
m 12 160 0 442 202
m 12 216 0 442 202
b 12 1 442 202
m 12 76 1 442 202
m 12 127 1 442 202
m 12 160 1 442 202
m 12 216 1 442 202
b 16 0 287 379
m 16 57 0 287 379
m 16 72 0 287 379
m 16 96 0 287 379
m 16 153 0 287 379
m 16 170 0 287 379
m 16 186 0 287 379
m 16 205 0 287 379
m 16 207 0 287 379
b 16 1 287 379
m 16 57 1 287 379
m 16 72 1 287 379
m 16 96 1 287 379
m 16 153 1 287 379
m 16 170 1 287 379
m 16 186 1 287 379
m 16 205 1 287 379
m 16 207 1 287 379
b 16 3 287 379
m 16 153 3 16.25 274.25 0.3637948717948718
m 16 205 3 16.25 274.25 0.3637948717948718
m 16 96 3 16.25 274.25 0.3637948717948718
b 31 0 477 281
m 31 76 0 477 281
m 31 80 0 477 281
m 31 112 0 477 281
m 31 160 0 477 281
m 31 166 0 477 281
m 31 181 0 477 281
m 31 218 0 477 281
b 31 1 477 281
m 31 76 1 477 281
m 31 80 1 477 281
m 31 112 1 477 281
m 31 160 1 477 281
m 31 166 1 477 281
m 31 181 1 477 281
m 31 218 1 477 281
b 31 2 477 281
m 31 12 2 477 281
m 31 76 2 477 281
m 31 80 2 477 281
m 31 101 2 477 281
m 31 112 2 477 281
m 31 160 2 477 281
m 31 166 2 477 281
m 31 178 2 477 281
m 31 181 2 477 281
m 31 218 2 477 281
b 31 3 477 281
m 31 80 3 12.5 170.5 0.1998626660695626
m 31 101 3 12.5 170.5 0.1998626660695626
b 37 0 394 187
m 37 99 0 394 187
b 37 1 394 187
b 37 2 394 187
b 37 3 394 187
m 37 234 3 11.25 149.25 0.20276377217553687
m 37 103 3 11.25 149.25 0.20276377217553687
b 54 0 289 281
m 54 52 0 289 281
m 54 72 0 289 281
m 54 77 0 289 281
m 54 170 0 289 281
b 54 1 289 281
m 54 52 1 289 281
m 54 72 1 289 281
m 54 77 1 289 281
m 54 121 1 289 281
m 54 170 1 289 281
b 54 2 289 281
b 54 3 289 281
b 66 0 315 273
m 66 72 0 315 273
b 66 1 315 273
m 66 72 1 315 273
m 66 121 1 315 273
b 66 2 315 273
m 66 4 2 315 273
m 66 72 2 315 273
m 66 78 2 315 273
b 66 3 315 273
b 73 0 474 230
m 73 76 0 474 230
m 73 80 0 474 230
m 73 95 0 474 230
m 73 127 0 474 230
m 73 160 0 474 230
m 73 166 0 474 230
b 73 1 474 230
b 73 3 474 230
m 73 166 3 13.0 178.5 0.4958541075985402
m 73 76 3 13.0 178.5 0.4958541075985402
m 73 80 3 13.0 178.5 0.4958541075985402
b 78 0 291 296
m 78 57 0 291 296
m 78 72 0 291 296
m 78 170 0 291 296
b 78 1 291 296
b 78 3 291 296
b 83 0 397 247
m 83 138 0 397 247
b 83 1 397 247
m 83 138 1 397 247
b 83 2 397 247
m 83 138 2 397 247
m 83 178 2 397 247
b 83 3 397 247
b 101 0 457 296
m 101 80 0 457 296
m 101 112 0 457 296
m 101 138 0 457 296
m 101 160 0 457 296
m 101 166 0 457 296
m 101 181 0 457 296
m 101 218 0 457 296
b 101 1 457 296
m 101 80 1 457 296
m 101 112 1 457 296
m 101 138 1 457 296
m 101 160 1 457 296
m 101 166 1 457 296
m 101 181 1 457 296
m 101 218 1 457 296
b 103 0 378 225
b 103 1 378 225
b 103 2 378 225
m 103 151 2 378 225
b 106 0 460 183
m 106 76 0 460 183
m 106 127 0 460 183
m 106 160 0 460 183
m 106 216 0 460 183
b 106 1 460 183
m 106 76 1 460 183
m 106 127 1 460 183
m 106 160 1 460 183
m 106 216 1 460 183
b 107 0 390 271
m 107 138 0 390 271
m 107 176 0 390 271
m 107 181 0 390 271
b 107 1 390 271
m 107 121 1 390 271
m 107 138 1 390 271
m 107 176 1 390 271
m 107 181 1 390 271
b 107 2 390 271
b 107 3 390 271
m 107 138 3 11.25 152.25 0.25
m 107 101 3 11.25 152.25 0.25
b 116 0 303 275
m 116 72 0 303 275
m 116 176 0 303 275
b 116 1 303 275
m 116 72 1 303 275
m 116 121 1 303 275
m 116 176 1 303 275
b 116 2 303 275
b 116 3 303 275
m 116 72 3 12.5 186.5 0.3333333333333333
b 121 0 335 272
m 121 72 0 335 272
m 121 176 0 335 272
b 121 2 335 272
m 121 72 2 335 272
m 121 78 2 335 272
m 121 176 2 335 272
b 121 3 335 272
m 121 72 3 11.75 166.25 0.3333333333333333
b 126 0 275 249
m 126 60 0 275 249
m 126 124 0 275 249
m 126 174 0 275 249
m 126 235 0 275 249
m 126 237 0 275 249
b 126 1 275 249
m 126 60 1 275 249
m 126 124 1 275 249
m 126 174 1 275 249
m 126 235 1 275 249
m 126 237 1 275 249
b 126 2 275 249
b 126 3 275 249
m 126 124 3 12.5 169.0 0.4677794486215537
m 126 174 3 12.5 169.0 0.4677794486215537
b 135 0 349 331
m 135 33 0 349 331
m 135 57 0 349 331
m 135 72 0 349 331
m 135 176 0 349 331
b 135 1 349 331
m 135 33 1 349 331
m 135 57 1 349 331
m 135 72 1 349 331
m 135 121 1 349 331
m 135 176 1 349 331
b 135 2 349 331
m 135 16 2 349 331
m 135 33 2 349 331
m 135 57 2 349 331
m 135 72 2 349 331
m 135 78 2 349 331
m 135 176 2 349 331
b 135 3 349 331
b 136 0 272 290
m 136 77 0 272 290
b 136 1 272 290
m 136 77 1 272 290
m 136 121 1 272 290
b 136 2 272 290
m 136 4 2 272 290
m 136 77 2 272 290
m 136 78 2 272 290
b 136 3 272 290
b 140 0 316 323
m 140 57 0 316 323
m 140 72 0 316 323
m 140 176 0 316 323
b 140 1 316 323
m 140 57 1 316 323
m 140 72 1 316 323
m 140 121 1 316 323
m 140 176 1 316 323
b 140 2 316 323
b 140 3 316 323
m 140 72 3 13.0 190.5 0.2
b 151 0 404 161
m 151 99 0 404 161
m 151 206 0 404 161
m 151 216 0 404 161
b 151 1 404 161
m 151 99 1 404 161
m 151 206 1 404 161
m 151 216 1 404 161
b 151 3 404 161
m 151 103 3 11.25 150.25 0.28571111111111114
b 158 0 337 351
m 158 33 0 337 351
m 158 44 0 337 351
m 158 57 0 337 351
m 158 72 0 337 351
m 158 176 0 337 351
m 158 230 0 337 351
b 158 1 337 351
b 158 2 337 351
b 158 3 337 351
m 158 57 3 13.5 196.5 0.020453332941769903
b 164 0 249 233
m 164 65 0 249 233
m 164 124 0 249 233
m 164 235 0 249 233
m 164 237 0 249 233
b 164 1 249 233
m 164 65 1 249 233
m 164 124 1 249 233
m 164 235 1 249 233
m 164 237 1 249 233
b 164 2 249 233
m 164 65 2 249 233
m 164 124 2 249 233
m 164 235 2 249 233
m 164 237 2 249 233
b 164 3 249 233
b 171 0 230 250
m 171 52 0 230 250
m 171 77 0 230 250
m 171 124 0 230 250
m 171 149 0 230 250
m 171 170 0 230 250
m 171 174 0 230 250
m 171 208 0 230 250
b 171 1 230 250
b 171 2 230 250
m 171 4 2 230 250
m 171 52 2 230 250
m 171 77 2 230 250
m 171 78 2 230 250
m 171 124 2 230 250
m 171 149 2 230 250
m 171 170 2 230 250
m 171 174 2 230 250
m 171 208 2 230 250
m 171 213 2 230 250
b 171 3 230 250
m 171 170 3 14.75 220.25 0.7779619205903717
m 171 77 3 14.75 220.25 0.7779619205903717
m 171 174 3 14.75 220.25 0.7779619205903717
m 171 52 3 14.75 220.25 0.7779619205903717
m 171 149 3 14.75 220.25 0.7779619205903717
b 178 0 430 244
m 178 76 0 430 244
m 178 160 0 430 244
m 178 216 0 430 244
b 178 1 430 244
m 178 76 1 430 244
m 178 160 1 430 244
m 178 216 1 430 244
b 182 0 338 107
m 182 39 0 338 107
m 182 123 0 338 107
m 182 152 0 338 107
m 182 183 0 338 107
m 182 206 0 338 107
m 182 209 0 338 107
m 182 217 0 338 107
m 182 225 0 338 107
b 182 1 338 107
m 182 39 1 338 107
m 182 123 1 338 107
m 182 152 1 338 107
m 182 183 1 338 107
m 182 206 1 338 107
m 182 209 1 338 107
m 182 217 1 338 107
m 182 225 1 338 107
b 182 2 338 107
b 197 0 345 364
m 197 33 0 345 364
m 197 44 0 345 364
m 197 57 0 345 364
m 197 72 0 345 364
m 197 176 0 345 364
m 197 230 0 345 364
b 197 1 345 364
m 197 33 1 345 364
m 197 44 1 345 364
m 197 57 1 345 364
m 197 72 1 345 364
m 197 121 1 345 364
m 197 176 1 345 364
m 197 230 1 345 364
b 197 2 345 364
m 197 33 2 345 364
m 197 44 2 345 364
m 197 57 2 345 364
m 197 72 2 345 364
m 197 176 2 345 364
m 197 230 2 345 364
b 197 3 345 364
m 197 176 3 13.5 196.5 0.020453332941769903
b 199 0 230 244
m 199 6 0 230 244
m 199 52 0 230 244
m 199 58 0 230 244
m 199 60 0 230 244
m 199 77 0 230 244
m 199 124 0 230 244
m 199 149 0 230 244
m 199 170 0 230 244
m 199 174 0 230 244
m 199 202 0 230 244
m 199 208 0 230 244
m 199 237 0 230 244
b 199 1 230 244
m 199 6 1 230 244
m 199 52 1 230 244
m 199 58 1 230 244
m 199 60 1 230 244
m 199 77 1 230 244
m 199 124 1 230 244
m 199 149 1 230 244
m 199 170 1 230 244
m 199 174 1 230 244
m 199 202 1 230 244
m 199 208 1 230 244
m 199 237 1 230 244
b 199 2 230 244
m 199 4 2 230 244
m 199 6 2 230 244
m 199 52 2 230 244
m 199 58 2 230 244
m 199 60 2 230 244
m 199 77 2 230 244
m 199 124 2 230 244
m 199 149 2 230 244
m 199 170 2 230 244
m 199 174 2 230 244
m 199 202 2 230 244
m 199 208 2 230 244
m 199 213 2 230 244
m 199 237 2 230 244
b 199 3 230 244
m 199 202 3 14.75 220.25 0.7779619205903717
m 199 237 3 14.75 220.25 0.7779619205903717
m 199 77 3 14.75 220.25 0.7779619205903717
m 199 58 3 14.75 220.25 0.7779619205903717
m 199 60 3 14.75 220.25 0.7779619205903717
m 199 52 3 14.75 220.25 0.7779619205903717
m 199 149 3 14.75 220.25 0.7779619205903717
m 199 6 3 14.75 220.25 0.7779619205903717
m 199 174 3 14.75 220.25 0.7779619205903717
m 199 124 3 14.75 220.25 0.7779619205903717
b 213 0 176 290
m 213 6 0 176 290
m 213 52 0 176 290
m 213 60 0 176 290
m 213 62 0 176 290
m 213 64 0 176 290
m 213 77 0 176 290
m 213 133 0 176 290
m 213 148 0 176 290
m 213 149 0 176 290
m 213 153 0 176 290
m 213 170 0 176 290
m 213 174 0 176 290
m 213 202 0 176 290
m 213 205 0 176 290
m 213 208 0 176 290
m 213 219 0 176 290
b 213 1 176 290
m 213 6 1 176 290
m 213 52 1 176 290
m 213 60 1 176 290
m 213 62 1 176 290
m 213 64 1 176 290
m 213 77 1 176 290
m 213 133 1 176 290
m 213 148 1 176 290
m 213 149 1 176 290
m 213 153 1 176 290
m 213 170 1 176 290
m 213 174 1 176 290
m 213 202 1 176 290
m 213 205 1 176 290
m 213 208 1 176 290
m 213 219 1 176 290
b 213 3 176 290
m 213 6 3 18.75 359.25 0.9791878787878787
m 213 60 3 18.75 359.25 0.9791878787878787
m 213 174 3 18.75 359.25 0.9791878787878787
m 213 77 3 18.75 359.25 0.9791878787878787
m 213 148 3 18.75 359.25 0.9791878787878787
m 213 52 3 18.75 359.25 0.9791878787878787
m 213 205 3 18.75 359.25 0.9791878787878787
m 213 149 3 18.75 359.25 0.9791878787878787
m 213 153 3 18.75 359.25 0.9791878787878787
m 213 208 3 18.75 359.25 0.9791878787878787
m 213 133 3 18.75 359.25 0.9791878787878787
m 213 219 3 18.75 359.25 0.9791878787878787
m 213 202 3 18.75 359.25 0.9791878787878787
m 213 62 3 18.75 359.25 0.9791878787878787
m 213 64 3 18.75 359.25 0.9791878787878787
m 213 170 3 18.75 359.25 0.9791878787878787
b 234 0 468 176
m 234 76 0 468 176
m 234 127 0 468 176
m 234 160 0 468 176
m 234 216 0 468 176
b 234 1 468 176
b 234 2 468 176
m 234 12 2 468 176
m 234 76 2 468 176
m 234 106 2 468 176
m 234 127 2 468 176
m 234 151 2 468 176
m 234 160 2 468 176
m 234 178 2 468 176
m 234 216 2 468 176
b 4 2 223 221
b 6 0 152 311
m 6 61 0 152 311
m 6 109 0 152 311
m 6 143 0 152 311
m 6 233 0 152 311
b 6 1 152 311
m 6 61 1 152 311
m 6 109 1 152 311
m 6 143 1 152 311
m 6 233 1 152 311
b 6 2 152 311
b 6 3 152 311
m 6 233 3 13.200000000000001 186.0 0.30280705715651424
m 6 61 3 13.200000000000001 186.0 0.30280705715651424
b 12 2 426 183
m 12 95 2 426 183
b 16 2 298 400
m 16 100 2 298 400
m 16 186 2 298 400
m 16 207 2 298 400
b 33 0 290 380
m 33 100 0 290 380
b 33 1 290 380
m 33 100 1 290 380
b 33 2 290 380
b 39 0 311 52
m 39 36 0 311 52
m 39 40 0 311 52
m 39 55 0 311 52
m 39 111 0 311 52
m 39 114 0 311 52
m 39 131 0 311 52
m 39 139 0 311 52
m 39 210 0 311 52
b 39 1 311 52
m 39 36 1 311 52
m 39 40 1 311 52
m 39 55 1 311 52
m 39 111 1 311 52
m 39 114 1 311 52
m 39 131 1 311 52
m 39 139 1 311 52
m 39 210 1 311 52
b 44 0 321 342
m 44 59 0 321 342
m 44 100 0 321 342
b 44 1 321 342
m 44 59 1 321 342
m 44 100 1 321 342
b 44 2 321 342
m 44 59 2 321 342
m 44 100 2 321 342
b 52 0 276 270
b 52 1 276 270
b 52 2 276 270
b 52 3 276 270
b 57 0 250 358
b 57 1 250 358
b 57 2 250 358
m 57 186 2 250 358
m 57 207 2 250 358
b 57 3 250 358
b 58 0 220 187
m 58 3 0 220 187
m 58 11 0 220 187
m 58 19 0 220 187
m 58 30 0 220 187
m 58 46 0 220 187
m 58 81 0 220 187
m 58 214 0 220 187
m 58 233 0 220 187
b 58 1 220 187
b 58 2 220 187
m 58 3 2 220 187
m 58 11 2 220 187
m 58 19 2 220 187
m 58 30 2 220 187
m 58 46 2 220 187
m 58 81 2 220 187
m 58 133 2 220 187
m 58 214 2 220 187
m 58 233 2 220 187
b 58 3 220 187
m 58 30 3 14.200000000000001 205.0 0.8056348746897106
m 58 19 3 14.200000000000001 205.0 0.8056348746897106
m 58 81 3 14.200000000000001 205.0 0.8056348746897106
m 58 214 3 14.200000000000001 205.0 0.8056348746897106
m 58 233 3 14.200000000000001 205.0 0.8056348746897106
m 58 235 3 14.200000000000001 205.0 0.8056348746897106
m 58 11 3 14.200000000000001 205.0 0.8056348746897106
m 58 46 3 14.200000000000001 205.0 0.8056348746897106
b 60 0 254 201
m 60 11 0 254 201
b 60 1 254 201
m 60 11 1 254 201
b 60 2 254 201
m 60 11 2 254 201
b 60 3 254 201
b 62 0 152 341
m 62 10 0 152 341
m 62 49 0 152 341
m 62 61 0 152 341
m 62 109 0 152 341
m 62 143 0 152 341
b 62 1 152 341
m 62 10 1 152 341
m 62 49 1 152 341
m 62 61 1 152 341
m 62 109 1 152 341
m 62 143 1 152 341
b 62 3 152 341
m 62 61 3 16.8 303.59999999999997 0.1111111111111111
b 64 0 126 300
m 64 10 0 126 300
m 64 42 0 126 300
m 64 47 0 126 300
m 64 49 0 126 300
m 64 61 0 126 300
m 64 109 0 126 300
m 64 143 0 126 300
b 64 1 126 300
b 64 3 126 300
b 65 0 283 182
m 65 3 0 283 182
m 65 51 0 283 182
m 65 195 0 283 182
b 65 1 283 182
m 65 3 1 283 182
m 65 51 1 283 182
m 65 195 1 283 182
b 65 2 283 182
m 65 3 2 283 182
m 65 51 2 283 182
m 65 123 2 283 182
m 65 183 2 283 182
m 65 195 2 283 182
m 65 217 2 283 182
m 65 225 2 283 182
b 72 0 374 331
b 72 1 374 331
b 72 2 374 331
b 72 3 374 331
m 72 33 3 11.0 154.2 0.47962382445141066
b 76 0 456 228
b 76 1 456 228
m 76 95 1 456 228
b 76 2 456 228
b 76 3 456 228
m 76 178 3 12.0 155.60000000000002 0.3508305132387153
m 76 95 3 12.0 155.60000000000002 0.3508305132387153
b 77 0 284 278
b 77 1 284 278
b 77 2 284 278
b 77 3 284 278
b 78 2 309 281
b 80 0 462 242
b 80 1 462 242
b 80 2 462 242
b 80 3 462 242
m 80 178 3 11.0 141.4 0.2
m 80 160 3 11.0 141.4 0.2
b 95 0 448 193
m 95 191 0 448 193
b 96 0 210 444
m 96 100 0 210 444
m 96 221 0 210 444
m 96 226 0 210 444
m 96 228 0 210 444
b 96 1 210 444
m 96 100 1 210 444
m 96 221 1 210 444
m 96 226 1 210 444
m 96 228 1 210 444
b 96 3 210 444
m 96 207 3 15.4 248.20000000000002 0.3812099993030226
m 96 186 3 15.4 248.20000000000002 0.3812099993030226
b 99 0 445 128
m 99 21 0 445 128
b 99 1 445 128
m 99 21 1 445 128
b 101 2 463 320
m 101 24 2 463 320
b 101 3 463 320
m 101 24 3 11.2 143.6 0.05703961824932079
b 103 3 385 248
m 103 12 3 9.6 121.2 0.3333333333333333
b 106 2 467 160
m 106 95 2 467 160
m 106 99 2 467 160
m 106 191 2 467 160
b 112 0 486 369
m 112 24 0 486 369
m 112 38 0 486 369
b 112 1 486 369
m 112 24 1 486 369
m 112 38 1 486 369
b 112 2 486 369
m 112 24 2 486 369
m 112 38 2 486 369
b 121 1 331 248
b 123 0 333 119
m 123 55 0 333 119
m 123 215 0 333 119
b 123 1 333 119
m 123 55 1 333 119
m 123 215 1 333 119
b 124 0 184 169
m 124 3 0 184 169
m 124 11 0 184 169
m 124 19 0 184 169
m 124 30 0 184 169
m 124 46 0 184 169
m 124 81 0 184 169
m 124 105 0 184 169
m 124 214 0 184 169
m 124 222 0 184 169
m 124 233 0 184 169
b 124 1 184 169
m 124 3 1 184 169
m 124 11 1 184 169
m 124 19 1 184 169
m 124 30 1 184 169
m 124 46 1 184 169
m 124 81 1 184 169
m 124 105 1 184 169
m 124 214 1 184 169
m 124 222 1 184 169
m 124 233 1 184 169
b 124 2 184 169
b 124 3 184 169
m 124 3 3 13.4 193.0 0.6999024053020485
m 124 235 3 13.4 193.0 0.6999024053020485
m 124 222 3 13.4 193.0 0.6999024053020485
m 124 233 3 13.4 193.0 0.6999024053020485
m 124 11 3 13.4 193.0 0.6999024053020485
m 124 81 3 13.4 193.0 0.6999024053020485
m 124 30 3 13.4 193.0 0.6999024053020485
b 127 0 474 119
m 127 191 0 474 119
b 127 1 474 119
m 127 95 1 474 119
m 127 191 1 474 119
b 127 2 474 119
m 127 95 2 474 119
m 127 99 2 474 119
m 127 191 2 474 119
b 133 0 184 241
m 133 11 0 184 241
m 133 61 0 184 241
m 133 81 0 184 241
m 133 105 0 184 241
m 133 120 0 184 241
m 133 185 0 184 241
m 133 214 0 184 241
m 133 233 0 184 241
b 133 1 184 241
m 133 11 1 184 241
m 133 61 1 184 241
m 133 81 1 184 241
m 133 105 1 184 241
m 133 120 1 184 241
m 133 185 1 184 241
m 133 214 1 184 241
m 133 233 1 184 241
b 133 3 184 241
m 133 105 3 17.6 321.2 0.3843254356509867
m 133 120 3 17.6 321.2 0.3843254356509867
b 138 0 371 247
b 138 1 371 247
b 138 2 371 247
b 138 3 371 247
m 138 178 3 9.8 125.0 0.2655232305688233
m 138 160 3 9.8 125.0 0.2655232305688233
b 148 0 118 204
m 148 11 0 118 204
m 148 20 0 118 204
m 148 30 0 118 204
m 148 42 0 118 204
m 148 75 0 118 204
m 148 81 0 118 204
m 148 87 0 118 204
m 148 91 0 118 204
m 148 105 0 118 204
m 148 109 0 118 204
m 148 120 0 118 204
m 148 185 0 118 204
m 148 214 0 118 204
m 148 233 0 118 204
b 148 1 118 204
m 148 11 1 118 204
m 148 20 1 118 204
m 148 30 1 118 204
m 148 42 1 118 204
m 148 75 1 118 204
m 148 81 1 118 204
m 148 87 1 118 204
m 148 91 1 118 204
m 148 105 1 118 204
m 148 109 1 118 204
m 148 120 1 118 204
m 148 185 1 118 204
m 148 214 1 118 204
m 148 233 1 118 204
b 148 3 118 204
m 148 105 3 18.6 352.2 0.7763866944754255
m 148 87 3 18.6 352.2 0.7763866944754255
m 148 42 3 18.6 352.2 0.7763866944754255
m 148 20 3 18.6 352.2 0.7763866944754255
m 148 75 3 18.6 352.2 0.7763866944754255
m 148 11 3 18.6 352.2 0.7763866944754255
m 148 81 3 18.6 352.2 0.7763866944754255
m 148 233 3 18.6 352.2 0.7763866944754255
m 148 109 3 18.6 352.2 0.7763866944754255
m 148 91 3 18.6 352.2 0.7763866944754255
m 148 30 3 18.6 352.2 0.7763866944754255
m 148 120 3 18.6 352.2 0.7763866944754255
b 149 0 254 255
m 149 233 0 254 255
b 149 1 254 255
m 149 233 1 254 255
b 149 2 254 255
b 149 3 254 255
m 149 233 3 12.200000000000001 177.0 0.5
b 151 2 425 174
m 151 21 2 425 174
m 151 99 2 425 174
m 151 206 2 425 174
b 152 0 382 93
m 152 55 0 382 93
m 152 111 0 382 93
m 152 114 0 382 93
m 152 131 0 382 93
b 152 1 382 93
m 152 55 1 382 93
m 152 111 1 382 93
m 152 114 1 382 93
m 152 131 1 382 93
b 153 0 171 348
m 153 26 0 171 348
m 153 47 0 171 348
m 153 49 0 171 348
m 153 129 0 171 348
m 153 143 0 171 348
m 153 221 0 171 348
m 153 226 0 171 348
b 153 1 171 348
b 153 3 171 348
m 153 47 3 14.6 232.20000000000002 0.21533318629973605
b 160 0 426 266
b 160 1 426 266
b 160 2 426 266
b 166 0 422 266
m 166 24 0 422 266
b 166 1 422 266
m 166 24 1 422 266
b 166 2 422 266
b 166 3 422 266
m 166 160 3 11.6 150.0 0.13974899945375388
b 170 0 188 279
m 170 61 0 188 279
m 170 233 0 188 279
b 170 1 188 279
m 170 61 1 188 279
m 170 233 1 188 279
b 170 2 188 279
m 170 61 2 188 279
m 170 62 2 188 279
m 170 133 2 188 279
m 170 233 2 188 279
b 170 3 188 279
m 170 61 3 12.4 178.0 0.3333333333333333
b 174 0 217 190
m 174 11 0 217 190
m 174 233 0 217 190
b 174 1 217 190
m 174 11 1 217 190
m 174 233 1 217 190
b 174 2 217 190
b 174 3 217 190
m 174 235 3 12.0 155.2 0.5788708405732113
m 174 233 3 12.0 155.2 0.5788708405732113
b 176 0 358 275
b 176 1 358 275
b 176 2 358 275
b 176 3 358 275
m 176 181 3 11.200000000000001 158.0 0.5
b 178 2 413 261
b 181 0 400 294
m 181 24 0 400 294
b 181 1 400 294
m 181 24 1 400 294
b 181 2 400 294
b 183 0 299 167
m 183 195 0 299 167
b 183 1 299 167
m 183 195 1 299 167
b 186 0 224 426
m 186 79 0 224 426
m 186 100 0 224 426
m 186 221 0 224 426
m 186 226 0 224 426
b 186 1 224 426
m 186 79 1 224 426
m 186 100 1 224 426
m 186 221 1 224 426
m 186 226 1 224 426
b 202 0 231 311
m 202 61 0 231 311
b 202 1 231 311
m 202 61 1 231 311
b 202 2 231 311
m 202 61 2 231 311
m 202 62 2 231 311
m 202 64 2 231 311
m 202 133 2 231 311
m 202 219 2 231 311
b 202 3 231 311
m 202 61 3 13.4 220.20000000000002 0.5
b 205 0 175 373
m 205 26 0 175 373
m 205 47 0 175 373
m 205 49 0 175 373
m 205 129 0 175 373
m 205 221 0 175 373
m 205 226 0 175 373
b 205 1 175 373
m 205 26 1 175 373
m 205 47 1 175 373
m 205 49 1 175 373
m 205 129 1 175 373
m 205 221 1 175 373
m 205 226 1 175 373
b 205 3 175 373
m 205 26 3 15.2 243.6 0.351984795702054
b 206 0 386 165
m 206 21 0 386 165
b 206 1 386 165
m 206 21 1 386 165
b 207 0 234 387
m 207 221 0 234 387
b 207 1 234 387
m 207 221 1 234 387
b 208 0 179 233
m 208 11 0 179 233
m 208 81 0 179 233
m 208 233 0 179 233
b 208 1 179 233
m 208 11 1 179 233
m 208 81 1 179 233
m 208 233 1 179 233
b 208 2 179 233
b 208 3 179 233
m 208 81 3 15.8 290.59999999999997 0.25
b 209 0 326 32
m 209 36 0 326 32
m 209 40 0 326 32
m 209 55 0 326 32
m 209 104 0 326 32
m 209 111 0 326 32
m 209 114 0 326 32
m 209 117 0 326 32
m 209 131 0 326 32
m 209 139 0 326 32
b 209 1 326 32
m 209 36 1 326 32
m 209 40 1 326 32
m 209 55 1 326 32
m 209 104 1 326 32
m 209 111 1 326 32
m 209 114 1 326 32
m 209 117 1 326 32
m 209 131 1 326 32
m 209 139 1 326 32
b 213 2 152 294
m 213 61 2 152 294
m 213 62 2 152 294
m 213 64 2 152 294
m 213 133 2 152 294
m 213 143 2 152 294
m 213 153 2 152 294
m 213 205 2 152 294
m 213 219 2 152 294
m 213 233 2 152 294
b 216 0 402 163
b 216 1 402 163
b 216 2 402 163
b 217 0 304 137
b 217 1 304 137
b 218 0 427 261
b 218 1 427 261
b 218 2 427 261
b 219 0 192 351
m 219 10 0 192 351
m 219 26 0 192 351
m 219 47 0 192 351
m 219 49 0 192 351
m 219 61 0 192 351
m 219 129 0 192 351
m 219 143 0 192 351
b 219 1 192 351
m 219 10 1 192 351
m 219 26 1 192 351
m 219 47 1 192 351
m 219 49 1 192 351
m 219 61 1 192 351
m 219 129 1 192 351
m 219 143 1 192 351
b 219 3 192 351
m 219 10 3 16.4 297.2 0.14285714285714285
b 225 0 323 154
b 225 1 323 154
b 230 0 315 395
m 230 100 0 315 395
m 230 184 0 315 395
m 230 212 0 315 395
b 230 1 315 395
b 230 2 315 395
b 234 3 492 177
m 234 12 3 10.4 129.20000000000002 0.21670801988576927
m 234 106 3 10.4 129.20000000000002 0.21670801988576927
b 235 0 267 215
m 235 3 0 267 215
m 235 46 0 267 215
m 235 51 0 267 215
m 235 195 0 267 215
b 235 1 267 215
m 235 3 1 267 215
m 235 46 1 267 215
m 235 51 1 267 215
m 235 195 1 267 215
b 235 2 267 215
m 235 3 2 267 215
m 235 46 2 267 215
m 235 51 2 267 215
m 235 195 2 267 215
b 237 0 250 171
m 237 3 0 250 171
m 237 46 0 250 171
m 237 51 0 250 171
m 237 195 0 250 171
b 237 1 250 171
m 237 3 1 250 171
m 237 46 1 250 171
m 237 51 1 250 171
m 237 195 1 250 171
b 237 2 250 171
m 237 3 2 250 171
m 237 46 2 250 171
m 237 51 2 250 171
m 237 195 2 250 171
b 237 3 250 171
m 237 235 3 13.200000000000001 186.0 0.30280705715651424
m 237 51 3 13.200000000000001 186.0 0.30280705715651424
m 237 46 3 13.200000000000001 186.0 0.30280705715651424
b 3 0 188 193
m 3 27 0 188 193
m 3 82 0 188 193
m 3 134 0 188 193
b 3 1 188 193
m 3 27 1 188 193
m 3 82 1 188 193
m 3 134 1 188 193
b 3 2 188 193
m 3 20 2 188 193
m 3 27 2 188 193
m 3 82 2 188 193
m 3 105 2 188 193
m 3 134 2 188 193
m 3 222 2 188 193
b 3 3 188 193
m 3 82 3 12.0 165.0 0.2
m 3 27 3 12.0 165.0 0.2
b 10 0 136 311
m 10 0 0 136 311
m 10 48 0 136 311
b 10 1 136 311
m 10 0 1 136 311
m 10 48 1 136 311
b 10 3 136 311
m 10 0 3 15.0 258.3333333333333 0.16728282006059786
m 10 49 3 15.0 258.3333333333333 0.16728282006059786
b 11 0 211 229
b 11 1 211 229
b 11 2 211 229
m 11 20 2 211 229
m 11 105 2 211 229
m 11 185 2 211 229
b 11 3 211 229
m 11 195 3 12.166666666666668 171.5 0.5
m 11 185 3 12.166666666666668 171.5 0.5
b 12 3 411 165
m 12 99 3 8.833333333333334 105.16666666666667 0.4790424021099615
m 12 206 3 8.833333333333334 105.16666666666667 0.4790424021099615
m 12 21 3 8.833333333333334 105.16666666666667 0.4790424021099615
b 19 0 127 142
m 19 13 0 127 142
m 19 56 0 127 142
m 19 110 0 127 142
m 19 130 0 127 142
m 19 134 0 127 142
m 19 162 0 127 142
m 19 190 0 127 142
b 19 1 127 142
m 19 13 1 127 142
m 19 56 1 127 142
m 19 110 1 127 142
m 19 130 1 127 142
m 19 134 1 127 142
m 19 162 1 127 142
m 19 190 1 127 142
b 19 2 127 142
b 19 3 127 142
m 19 134 3 13.5 187.5 0.6839170131188402
m 19 162 3 13.5 187.5 0.6839170131188402
m 19 190 3 13.5 187.5 0.6839170131188402
m 19 130 3 13.5 187.5 0.6839170131188402
m 19 56 3 13.5 187.5 0.6839170131188402
b 20 0 163 169
m 20 56 0 163 169
m 20 110 0 163 169
m 20 130 0 163 169
m 20 134 0 163 169
m 20 229 0 163 169
b 20 1 163 169
m 20 56 1 163 169
m 20 110 1 163 169
m 20 130 1 163 169
m 20 134 1 163 169
m 20 229 1 163 169
b 20 3 163 169
m 20 185 3 17.166666666666668 310.1666666666667 0.22287292558668365
b 21 0 389 137
m 21 69 0 389 137
b 21 1 389 137
m 21 69 1 389 137
b 21 2 389 137
m 21 69 2 389 137
m 21 114 2 389 137
m 21 152 2 389 137
b 24 0 427 293
m 24 187 0 427 293
b 24 1 427 293
m 24 187 1 427 293
b 24 2 427 293
b 24 3 427 293
m 24 112 3 9.833333333333334 121.16666666666667 0.0048192621286998645
b 26 0 163 417
m 26 8 0 163 417
m 26 23 0 163 417
m 26 45 0 163 417
m 26 48 0 163 417
m 26 118 0 163 417
m 26 157 0 163 417
m 26 192 0 163 417
m 26 232 0 163 417
b 26 1 163 417
m 26 8 1 163 417
m 26 23 1 163 417
m 26 45 1 163 417
m 26 48 1 163 417
m 26 118 1 163 417
m 26 157 1 163 417
m 26 192 1 163 417
m 26 232 1 163 417
b 26 3 163 417
m 26 129 3 14.833333333333332 231.16666666666666 0.4148980014395895
m 26 118 3 14.833333333333332 231.16666666666666 0.4148980014395895
m 26 157 3 14.833333333333332 231.16666666666666 0.4148980014395895
m 26 23 3 14.833333333333332 231.16666666666666 0.4148980014395895
m 26 8 3 14.833333333333332 231.16666666666666 0.4148980014395895
m 26 45 3 14.833333333333332 231.16666666666666 0.4148980014395895
b 30 0 146 122
m 30 13 0 146 122
m 30 56 0 146 122
m 30 110 0 146 122
m 30 130 0 146 122
m 30 162 0 146 122
m 30 165 0 146 122
m 30 188 0 146 122
b 30 1 146 122
m 30 13 1 146 122
m 30 56 1 146 122
m 30 110 1 146 122
m 30 130 1 146 122
m 30 162 1 146 122
m 30 165 1 146 122
m 30 188 1 146 122
b 30 2 146 122
m 30 13 2 146 122
m 30 20 2 146 122
m 30 56 2 146 122
m 30 75 2 146 122
m 30 105 2 146 122
m 30 110 2 146 122
m 30 120 2 146 122
m 30 130 2 146 122
m 30 148 2 146 122
m 30 162 2 146 122
m 30 165 2 146 122
m 30 185 2 146 122
m 30 188 2 146 122
m 30 222 2 146 122
b 30 3 146 122
m 30 165 3 13.5 187.5 0.6839170131188402
m 30 130 3 13.5 187.5 0.6839170131188402
m 30 162 3 13.5 187.5 0.6839170131188402
m 30 110 3 13.5 187.5 0.6839170131188402
m 30 188 3 13.5 187.5 0.6839170131188402
m 30 56 3 13.5 187.5 0.6839170131188402
b 33 3 266 379
m 33 100 3 10.0 132.66666666666666 0.5073116057512128
m 33 44 3 10.0 132.66666666666666 0.5073116057512128
b 36 0 371 54
m 36 145 0 371 54
m 36 161 0 371 54
b 36 1 371 54
m 36 145 1 371 54
m 36 161 1 371 54
b 38 0 484 425
m 38 150 0 484 425
m 38 187 0 484 425
m 38 224 0 484 425
b 38 1 484 425
m 38 150 1 484 425
m 38 187 1 484 425
m 38 224 1 484 425
b 38 2 484 425
b 40 0 295 39
m 40 88 0 295 39
m 40 161 0 295 39
m 40 236 0 295 39
b 40 1 295 39
b 42 0 81 199
m 42 34 0 81 199
m 42 86 0 81 199
m 42 229 0 81 199
b 42 1 81 199
b 42 3 81 199
m 42 34 3 16.5 299.5 0.16666666666666666
b 46 0 236 148
m 46 27 0 236 148
m 46 82 0 236 148
m 46 110 0 236 148
m 46 134 0 236 148
m 46 155 0 236 148
b 46 1 236 148
m 46 27 1 236 148
m 46 82 1 236 148
m 46 110 1 236 148
m 46 134 1 236 148
m 46 155 1 236 148
b 46 2 236 148
m 46 27 2 236 148
m 46 82 2 236 148
m 46 105 2 236 148
m 46 110 2 236 148
m 46 134 2 236 148
m 46 155 2 236 148
m 46 215 2 236 148
m 46 222 2 236 148
b 46 3 236 148
m 46 195 3 13.166666666666668 181.5 0.461439384281118
m 46 155 3 13.166666666666668 181.5 0.461439384281118
m 46 134 3 13.166666666666668 181.5 0.461439384281118
b 47 0 102 382
m 47 0 0 102 382
m 47 8 0 102 382
m 47 48 0 102 382
m 47 71 0 102 382
m 47 157 0 102 382
m 47 192 0 102 382
m 47 201 0 102 382
b 47 1 102 382
m 47 0 1 102 382
m 47 8 1 102 382
m 47 48 1 102 382
m 47 71 1 102 382
m 47 157 1 102 382
m 47 192 1 102 382
m 47 201 1 102 382
b 47 3 102 382
m 47 0 3 14.0 213.66666666666666 0.2808084301922822
m 47 49 3 14.0 213.66666666666666 0.2808084301922822
b 49 0 183 349
m 49 8 0 183 349
m 49 48 0 183 349
m 49 192 0 183 349
b 49 1 183 349
m 49 8 1 183 349
m 49 48 1 183 349
m 49 192 1 183 349
b 51 0 279 170
m 51 27 0 279 170
m 51 82 0 279 170
m 51 134 0 279 170
b 51 1 279 170
m 51 27 1 279 170
m 51 82 1 279 170
m 51 134 1 279 170
b 51 2 279 170
m 51 27 2 279 170
m 51 82 2 279 170
m 51 134 2 279 170
m 51 215 2 279 170
b 51 3 279 170
m 51 27 3 12.666666666666666 171.66666666666666 0.40236483795517736
m 51 82 3 12.666666666666666 171.66666666666666 0.40236483795517736
m 51 134 3 12.666666666666666 171.66666666666666 0.40236483795517736
m 51 183 3 12.666666666666666 171.66666666666666 0.40236483795517736
b 55 0 279 56
m 55 88 0 279 56
m 55 161 0 279 56
m 55 236 0 279 56
b 55 1 279 56
m 55 88 1 279 56
m 55 161 1 279 56
m 55 236 1 279 56
b 59 0 354 405
m 59 187 0 354 405
b 59 1 354 405
b 59 2 354 405
b 61 0 191 288
b 61 1 191 288
b 61 2 191 288
b 61 3 191 288
b 62 2 148 365
b 64 2 106 313
b 75 0 157 183
m 75 86 0 157 183
m 75 110 0 157 183
m 75 130 0 157 183
m 75 165 0 157 183
m 75 188 0 157 183
m 75 229 0 157 183
b 75 1 157 183
b 75 3 157 183
m 75 165 3 16.833333333333332 304.1666666666667 0.125
m 75 188 3 16.833333333333332 304.1666666666667 0.125
b 79 0 287 475
m 79 92 0 287 475
m 79 223 0 287 475
m 79 227 0 287 475
b 79 1 287 475
m 79 92 1 287 475
m 79 184 1 287 475
m 79 223 1 287 475
m 79 227 1 287 475
b 81 0 142 176
m 81 86 0 142 176
m 81 229 0 142 176
b 81 1 142 176
m 81 86 1 142 176
m 81 229 1 142 176
b 81 2 142 176
b 81 3 142 176
m 81 229 3 12.666666666666668 175.0 0.2
m 81 185 3 12.666666666666668 175.0 0.2
b 87 0 124 270
m 87 7 0 124 270
m 87 18 0 124 270
m 87 34 0 124 270
m 87 86 0 124 270
m 87 229 0 124 270
b 87 1 124 270
b 87 3 124 270
m 87 229 3 16.666666666666668 301.6666666666667 0.14285714285714285
b 91 0 73 245
m 91 18 0 73 245
m 91 34 0 73 245
m 91 86 0 73 245
m 91 229 0 73 245
b 91 1 73 245
m 91 18 1 73 245
m 91 34 1 73 245
m 91 86 1 73 245
m 91 229 1 73 245
b 91 3 73 245
m 91 18 3 16.333333333333332 297.6666666666667 0.2
m 91 86 3 16.333333333333332 297.6666666666667 0.2
b 95 1 424 195
b 95 2 424 195
b 95 3 424 195
b 99 2 468 136
m 99 69 2 468 136
m 99 114 2 468 136
m 99 180 2 468 136
b 100 0 334 378
m 100 223 0 334 378
b 100 1 334 378
b 100 2 334 378
b 104 0 354 48
m 104 145 0 354 48
m 104 161 0 354 48
m 104 231 0 354 48
b 104 1 354 48
m 104 145 1 354 48
m 104 161 1 354 48
m 104 231 1 354 48
b 105 0 155 146
m 105 56 0 155 146
m 105 110 0 155 146
m 105 130 0 155 146
m 105 134 0 155 146
b 105 1 155 146
m 105 56 1 155 146
m 105 110 1 155 146
m 105 130 1 155 146
m 105 134 1 155 146
b 105 3 155 146
m 105 185 3 16.333333333333332 284.33333333333337 0.29341047456442654
b 106 3 474 137
m 106 99 3 9.333333333333332 110.33333333333336 0.0741513552891961
b 109 0 134 248
m 109 7 0 134 248
m 109 18 0 134 248
m 109 34 0 134 248
m 109 86 0 134 248
b 109 1 134 248
m 109 7 1 134 248
m 109 18 1 134 248
m 109 34 1 134 248
m 109 86 1 134 248
b 109 3 134 248
m 109 34 3 16.5 299.5 0.16666666666666666
m 109 7 3 16.5 299.5 0.16666666666666666
b 111 0 334 79
b 111 1 334 79
b 114 0 412 94
m 114 69 0 412 94
m 114 231 0 412 94
b 114 1 412 94
m 114 69 1 412 94
m 114 231 1 412 94
b 117 0 368 36
m 117 69 0 368 36
m 117 145 0 368 36
m 117 161 0 368 36
m 117 231 0 368 36
b 117 1 368 36
b 120 0 108 169
m 120 86 0 108 169
m 120 130 0 108 169
m 120 165 0 108 169
m 120 229 0 108 169
b 120 1 108 169
m 120 86 1 108 169
m 120 130 1 108 169
m 120 165 1 108 169
m 120 229 1 108 169
b 120 3 108 169
m 120 229 3 16.5 287.83333333333337 0.33565884191096257
b 123 2 357 124
m 123 39 2 357 124
m 123 111 2 357 124
m 123 114 2 357 124
m 123 152 2 357 124
b 129 0 171 355
m 129 0 0 171 355
m 129 8 0 171 355
m 129 48 0 171 355
m 129 192 0 171 355
b 129 1 171 355
m 129 0 1 171 355
m 129 8 1 171 355
m 129 48 1 171 355
m 129 192 1 171 355
b 131 0 374 53
m 131 145 0 374 53
m 131 161 0 374 53
m 131 231 0 374 53
b 131 1 374 53
b 133 2 206 233
m 133 185 2 206 233
b 139 0 276 21
m 139 32 0 276 21
m 139 88 0 276 21
m 139 161 0 276 21
m 139 200 0 276 21
m 139 236 0 276 21
b 139 1 276 21
m 139 32 1 276 21
m 139 88 1 276 21
m 139 161 1 276 21
m 139 200 1 276 21
m 139 236 1 276 21
b 143 0 174 288
m 143 48 0 174 288
b 143 1 174 288
m 143 48 1 174 288
b 143 2 174 288
m 143 10 2 174 288
m 143 48 2 174 288
m 143 109 2 174 288
b 153 2 149 356
m 153 8 2 149 356
m 153 10 2 149 356
m 153 26 2 149 356
m 153 47 2 149 356
m 153 48 2 149 356
m 153 49 2 149 356
m 153 129 2 149 356
m 153 192 2 149 356
b 160 3 405 278
m 160 218 3 9.333333333333332 118.0 1.0
b 178 3 396 277
m 178 218 3 10.166666666666666 129.83333333333334 1.0
b 181 3 380 280
m 181 218 3 9.666666666666668 132.33333333333331 0.5159259607253596
b 183 2 295 191
b 184 0 264 422
m 184 92 0 264 422
m 184 223 0 264 422
b 185 0 140 237
b 185 1 140 237
b 186 2 202 434
b 186 3 202 434
b 191 0 483 170
m 191 180 0 483 170
b 191 1 483 170
m 191 180 1 483 170
b 191 2 483 170
m 191 180 2 483 170
b 195 0 246 210
m 195 82 0 246 210
m 195 134 0 246 210
b 195 1 246 210
m 195 82 1 246 210
m 195 134 1 246 210
b 195 2 246 210
m 195 82 2 246 210
m 195 134 2 246 210
m 195 215 2 246 210
b 205 2 155 386
m 205 8 2 155 386
m 205 26 2 155 386
m 205 45 2 155 386
m 205 47 2 155 386
m 205 48 2 155 386
m 205 49 2 155 386
m 205 129 2 155 386
m 205 192 2 155 386
m 205 221 2 155 386
m 205 226 2 155 386
b 206 2 388 188
m 206 152 2 388 188
b 207 2 210 384
m 207 26 2 210 384
m 207 96 2 210 384
m 207 221 2 210 384
b 207 3 210 384
b 210 0 292 7
m 210 15 0 292 7
m 210 32 0 292 7
m 210 88 0 292 7
m 210 200 0 292 7
m 210 236 0 292 7
b 210 1 292 7
m 210 15 1 292 7
m 210 32 1 292 7
m 210 88 1 292 7
m 210 200 1 292 7
m 210 236 1 292 7
b 212 0 323 496
m 212 2 0 323 496
m 212 70 0 323 496
m 212 223 0 323 496
b 214 0 153 160
m 214 110 0 153 160
m 214 130 0 153 160
m 214 162 0 153 160
m 214 188 0 153 160
b 214 1 153 160
m 214 110 1 153 160
m 214 130 1 153 160
m 214 162 1 153 160
m 214 188 1 153 160
b 214 2 153 160
b 214 3 153 160
m 214 110 3 12.833333333333334 176.83333333333334 0.07883284978177511
b 215 0 251 143
m 215 27 0 251 143
m 215 82 0 251 143
m 215 134 0 251 143
m 215 155 0 251 143
m 215 211 0 251 143
m 215 236 0 251 143
b 215 1 251 143
m 215 27 1 251 143
m 215 82 1 251 143
m 215 134 1 251 143
m 215 155 1 251 143
m 215 211 1 251 143
m 215 236 1 251 143
b 217 2 283 150
b 219 2 202 372
m 219 8 2 202 372
m 219 10 2 202 372
m 219 26 2 202 372
m 219 47 2 202 372
m 219 49 2 202 372
m 219 129 2 202 372
m 219 192 2 202 372
b 221 0 182 448
m 221 23 0 182 448
m 221 45 0 182 448
m 221 94 0 182 448
m 221 118 0 182 448
m 221 119 0 182 448
m 221 157 0 182 448
m 221 204 0 182 448
m 221 232 0 182 448
b 221 1 182 448
b 222 0 173 84
m 222 27 0 173 84
m 222 35 0 173 84
m 222 43 0 173 84
m 222 82 0 173 84
m 222 110 0 173 84
m 222 134 0 173 84
m 222 155 0 173 84
m 222 162 0 173 84
m 222 179 0 173 84
m 222 211 0 173 84
b 222 1 173 84
b 222 3 173 84
m 222 155 3 13.666666666666666 198.33333333333334 0.6001187563914392
m 222 134 3 13.666666666666666 198.33333333333334 0.6001187563914392
m 222 162 3 13.666666666666666 198.33333333333334 0.6001187563914392
m 222 35 3 13.666666666666666 198.33333333333334 0.6001187563914392
m 222 43 3 13.666666666666666 198.33333333333334 0.6001187563914392
m 222 179 3 13.666666666666666 198.33333333333334 0.6001187563914392
b 225 2 324 178
b 226 0 161 443
m 226 8 0 161 443
m 226 23 0 161 443
m 226 45 0 161 443
m 226 90 0 161 443
m 226 94 0 161 443
m 226 113 0 161 443
m 226 118 0 161 443
m 226 119 0 161 443
m 226 157 0 161 443
m 226 177 0 161 443
m 226 192 0 161 443
m 226 204 0 161 443
m 226 232 0 161 443
b 226 1 161 443
m 226 8 1 161 443
m 226 23 1 161 443
m 226 45 1 161 443
m 226 90 1 161 443
m 226 94 1 161 443
m 226 113 1 161 443
m 226 118 1 161 443
m 226 119 1 161 443
m 226 157 1 161 443
m 226 177 1 161 443
m 226 192 1 161 443
m 226 204 1 161 443
m 226 232 1 161 443
b 228 0 184 483
m 228 23 0 184 483
m 228 45 0 184 483
m 228 94 0 184 483
m 228 113 0 184 483
m 228 118 0 184 483
m 228 119 0 184 483
m 228 177 0 184 483
m 228 204 0 184 483
m 228 227 0 184 483
m 228 232 0 184 483
b 228 1 184 483
m 228 23 1 184 483
m 228 45 1 184 483
m 228 94 1 184 483
m 228 113 1 184 483
m 228 118 1 184 483
m 228 119 1 184 483
m 228 177 1 184 483
m 228 204 1 184 483
m 228 227 1 184 483
m 228 232 1 184 483
b 233 0 201 215
b 233 1 201 215
b 233 2 201 215
m 233 20 2 201 215
m 233 105 2 201 215
m 233 120 2 201 215
m 233 148 2 201 215
m 233 185 2 201 215
b 233 3 201 215
m 233 195 3 11.333333333333334 155.66666666666666 0.5
m 233 185 3 11.333333333333334 155.66666666666666 0.5
b 235 3 272 239
b 0 0 125 389
b 0 1 125 389
b 0 3 125 389
m 0 71 3 13.714285714285715 226.57142857142856 0.12116546726991939
b 2 0 311 495
b 7 0 126 282
b 7 1 126 282
b 7 3 126 282
m 7 48 3 14.571428571428571 258.0 0.008660708099494225
b 8 0 146 344
b 8 1 146 344
b 8 2 146 344
b 8 3 146 344
b 10 2 148 290
m 10 7 2 148 290
m 10 34 2 148 290
m 10 87 2 148 290
b 13 0 143 140
m 13 163 0 143 140
m 13 198 0 143 140
b 13 1 143 140
m 13 163 1 143 140
m 13 198 1 143 140
b 13 2 143 140
m 13 163 2 143 140
m 13 190 2 143 140
m 13 198 2 143 140
b 15 0 167 24
m 15 89 0 167 24
m 15 122 0 167 24
b 15 1 167 24
m 15 35 1 167 24
m 15 43 1 167 24
m 15 89 1 167 24
m 15 122 1 167 24
m 15 179 1 167 24
b 18 0 50 324
m 18 68 0 50 324
m 18 84 0 50 324
m 18 85 0 50 324
m 18 125 0 50 324
m 18 169 0 50 324
m 18 194 0 50 324
b 18 1 50 324
b 18 3 50 324
m 18 84 3 15.142857142857142 264.2857142857143 0.2806000178842886
m 18 85 3 15.142857142857142 264.2857142857143 0.2806000178842886
b 20 2 187 169
b 21 3 382 160
m 21 114 3 8.428571428571429 95.28571428571428 0.580866890177946
m 21 69 3 8.428571428571429 95.28571428571428 0.580866890177946
m 21 123 3 8.428571428571429 95.28571428571428 0.580866890177946
b 23 0 205 436
m 23 9 0 205 436
b 23 1 205 436
m 23 9 1 205 436
b 23 3 205 436
m 23 9 3 14.285714285714285 215.42857142857142 0.3564159225926039
m 23 113 3 14.285714285714285 215.42857142857142 0.3564159225926039
b 26 2 156 440
m 26 0 2 156 440
m 26 23 2 156 440
m 26 113 2 156 440
m 26 118 2 156 440
m 26 157 2 156 440
m 26 228 2 156 440
m 26 232 2 156 440
b 27 0 241 152
b 27 1 241 152
b 27 2 241 152
m 27 211 2 241 152
b 27 3 241 152
m 27 215 3 10.714285714285715 142.7142857142857 0.07790849673202623
b 32 0 261 49
m 32 89 0 261 49
m 32 122 0 261 49
b 32 1 261 49
m 32 89 1 261 49
m 32 122 1 261 49
b 34 0 126 281
m 34 68 0 126 281
b 34 1 126 281
m 34 68 1 126 281
b 34 3 126 281
m 34 48 3 14.571428571428571 258.0 0.008660708099494225
b 35 0 201 80
m 35 89 0 201 80
m 35 122 0 201 80
m 35 163 0 201 80
b 35 3 201 80
m 35 89 3 12.571428571428571 175.14285714285714 0.16666666666666666
m 35 15 3 12.571428571428571 175.14285714285714 0.16666666666666666
b 39 2 264 43
b 43 0 211 80
m 43 89 0 211 80
m 43 163 0 211 80
b 43 3 211 80
m 43 15 3 12.571428571428571 175.14285714285714 0.16666666666666666
b 44 3 281 314
m 44 230 3 8.714285714285714 113.85714285714285 1.0
b 45 0 175 490
m 45 9 0 175 490
b 45 1 175 490
m 45 9 1 175 490
b 45 2 175 490
b 45 3 175 490
m 45 177 3 14.428571428571427 218.71428571428572 0.3934475635679924
m 45 113 3 14.428571428571427 218.71428571428572 0.3934475635679924
m 45 90 3 14.428571428571427 218.71428571428572 0.3934475635679924
m 45 226 3 14.428571428571427 218.71428571428572 0.3934475635679924
b 47 2 82 396
b 48 0 111 305
b 48 1 111 305
b 48 2 111 305
b 49 2 207 350
b 49 3 207 350
m 49 192 3 13.142857142857144 222.0 0.5
b 56 0 151 111
m 56 163 0 151 111
m 56 198 0 151 111
b 56 1 151 111
m 56 163 1 151 111
m 56 198 1 151 111
b 56 2 151 111
b 56 3 151 111
b 69 0 451 130
m 69 144 0 451 130
m 69 154 0 451 130
b 69 1 451 130
m 69 144 1 451 130
m 69 154 1 451 130
b 69 2 451 130
m 69 144 2 451 130
m 69 154 2 451 130
m 69 231 2 451 130
b 70 0 326 431
m 70 25 0 326 431
m 70 193 0 326 431
b 71 0 20 378
m 71 1 0 20 378
m 71 63 0 20 378
m 71 115 0 20 378
m 71 125 0 20 378
m 71 173 0 20 378
b 71 1 20 378
m 71 1 1 20 378
m 71 63 1 20 378
m 71 115 1 20 378
m 71 125 1 20 378
m 71 173 1 20 378
b 75 2 179 174
m 75 86 2 179 174
b 82 0 229 182
b 82 1 229 182
b 82 2 229 182
b 82 3 229 182
m 82 215 3 10.714285714285715 142.7142857142857 0.07790849673202623
b 86 0 119 191
b 86 1 119 191
b 86 3 119 191
b 88 0 289 60
m 88 89 0 289 60
b 88 1 289 60
m 88 89 1 289 60
b 90 0 126 490
m 90 9 0 126 490
m 90 67 0 126 490
b 90 1 126 490
m 90 9 1 126 490
m 90 67 1 126 490
b 92 0 197 463
b 92 1 197 463
b 94 0 208 480
m 94 9 0 208 480
b 94 1 208 480
m 94 9 1 208 480
b 96 2 182 483
m 96 23 2 182 483
m 96 92 2 182 483
m 96 94 2 182 483
m 96 118 2 182 483
m 96 119 2 182 483
m 96 227 2 182 483
m 96 228 2 182 483
m 96 232 2 182 483
b 99 3 491 145
m 99 114 3 8.428571428571429 95.28571428571428 0.580866890177946
m 99 191 3 8.428571428571429 95.28571428571428 0.580866890177946
m 99 180 3 8.428571428571429 95.28571428571428 0.580866890177946
m 99 69 3 8.428571428571429 95.28571428571428 0.580866890177946
b 100 3 355 365
m 100 70 3 9.285714285714285 117.28571428571428 0.5336103679222622
m 100 187 3 9.285714285714285 117.28571428571428 0.5336103679222622
m 100 59 3 9.285714285714285 117.28571428571428 0.5336103679222622
b 105 2 165 125
m 105 190 2 165 125
m 105 211 2 165 125
b 109 2 146 228
m 109 7 2 146 228
m 109 34 2 146 228
m 109 42 2 146 228
m 109 86 2 146 228
m 109 87 2 146 228
b 110 0 97 146
m 110 198 0 97 146
b 110 1 97 146
m 110 198 1 97 146
b 110 2 97 146
m 110 190 2 97 146
m 110 198 2 97 146
b 110 3 97 146
m 110 13 3 11.857142857142858 161.2857142857143 0.5
m 110 198 3 11.857142857142858 161.2857142857143 0.5
b 111 2 315 95
m 111 36 2 315 95
m 111 40 2 315 95
m 111 55 2 315 95
m 111 236 2 315 95
b 112 3 485 417
m 112 224 3 8.857142857142858 105.14285714285715 0.005011259967997594
b 113 0 120 468
m 113 9 0 120 468
b 113 1 120 468
m 113 9 1 120 468
b 114 2 430 109
b 118 0 194 493
m 118 9 0 194 493
b 118 1 194 493
b 118 3 194 493
m 118 90 3 14.571428571428571 222.28571428571428 0.4242679599300603
m 118 226 3 14.571428571428571 222.28571428571428 0.4242679599300603
m 118 232 3 14.571428571428571 222.28571428571428 0.4242679599300603
m 118 119 3 14.571428571428571 222.28571428571428 0.4242679599300603
m 118 221 3 14.571428571428571 222.28571428571428 0.4242679599300603
b 119 0 229 468
b 119 1 229 468
b 120 2 96 148
b 129 2 194 346
m 129 0 2 194 346
b 129 3 194 346
m 129 48 3 13.142857142857142 199.42857142857142 0.3333333333333333
b 130 0 101 186
b 130 1 101 186
b 130 2 101 186
m 130 42 2 101 186
m 130 86 2 101 186
m 130 190 2 101 186
m 130 229 2 101 186
b 130 3 101 186
m 130 13 3 11.714285714285714 160.85714285714286 1.0
b 134 0 185 175
b 134 1 185 175
b 134 2 185 175
m 134 211 2 185 175
b 134 3 185 175
m 134 211 3 11.857142857142858 161.2857142857143 0.5
m 134 215 3 11.857142857142858 161.2857142857143 0.5
b 145 0 338 33
b 145 1 338 33
b 148 2 89 166
m 148 42 2 89 166
m 148 86 2 89 166
m 148 229 2 89 166
b 150 0 496 403
b 150 1 496 403
b 152 2 429 84
m 152 36 2 429 84
m 152 104 2 429 84
m 152 117 2 429 84
m 152 131 2 429 84
m 152 231 2 429 84
b 155 0 262 121
b 155 1 262 121
m 155 35 1 262 121
m 155 43 1 262 121
b 155 2 262 121
m 155 35 2 262 121
m 155 43 2 262 121
m 155 55 2 262 121
m 155 88 2 262 121
m 155 200 2 262 121
m 155 211 2 262 121
b 155 3 262 121
m 155 211 3 12.428571428571429 164.71428571428572 0.4806384555105679
m 155 55 3 12.428571428571429 164.71428571428572 0.4806384555105679
m 155 215 3 12.428571428571429 164.71428571428572 0.4806384555105679
m 155 39 3 12.428571428571429 164.71428571428572 0.4806384555105679
b 157 0 84 388
m 157 1 0 84 388
m 157 173 0 84 388
b 157 1 84 388
m 157 1 1 84 388
m 157 173 1 84 388
b 157 3 84 388
m 157 1 3 13.714285714285714 205.14285714285714 0.09234098569166659
b 161 0 372 9
b 161 1 372 9
b 162 0 98 81
m 162 196 0 98 81
b 162 1 98 81
m 162 196 1 98 81
b 162 2 98 81
m 162 196 2 98 81
b 162 3 98 81
m 162 196 3 13.5 187.5 -1.0
b 165 0 65 179
b 165 1 65 179
b 165 2 65 179
b 165 3 65 179
b 177 0 101 497
m 177 9 0 101 497
m 177 137 0 101 497
b 177 1 101 497
m 177 9 1 101 497
m 177 137 1 101 497
b 179 0 164 29
m 179 29 0 164 29
m 179 89 0 164 29
m 179 122 0 164 29
m 179 163 0 164 29
m 179 198 0 164 29
b 179 3 164 29
m 179 15 3 12.857142857142856 179.14285714285714 0.12321932949372977
b 180 0 482 130
m 180 98 0 482 130
m 180 144 0 482 130
m 180 154 0 482 130
m 180 203 0 482 130
b 180 1 482 130
b 180 2 482 130
b 183 3 291 215
m 183 65 3 11.428571428571429 149.42857142857142 0.25
b 184 1 244 408
b 185 2 146 260
m 185 7 2 146 260
m 185 86 2 146 260
m 185 87 2 146 260
b 185 3 146 260
m 185 143 3 10.571428571428571 147.14285714285714 0.013513513513513598
b 187 0 386 325
b 187 1 386 325
b 188 0 122 102
m 188 93 0 122 102
m 188 108 0 122 102
m 188 198 0 122 102
b 188 1 122 102
m 188 93 1 122 102
m 188 108 1 122 102
m 188 198 1 122 102
b 188 2 122 102
b 188 3 122 102
m 188 93 3 12.428571428571429 165.85714285714286 0.27608778353608354
m 188 108 3 12.428571428571429 165.85714285714286 0.27608778353608354
b 190 0 151 124
m 190 108 0 151 124
m 190 132 0 151 124
m 190 163 0 151 124
m 190 198 0 151 124
b 190 1 151 124
m 190 108 1 151 124
m 190 132 1 151 124
m 190 163 1 151 124
m 190 198 1 151 124
b 190 3 151 124
m 190 13 3 12.428571428571429 165.85714285714286 0.27608778353608354
m 190 108 3 12.428571428571429 165.85714285714286 0.27608778353608354
b 192 0 139 331
b 192 1 139 331
b 192 2 139 331
b 195 3 250 234
m 195 215 3 10.857142857142858 148.28571428571428 0.6778150921236145
m 195 65 3 10.857142857142858 148.28571428571428 0.6778150921236145
m 195 217 3 10.857142857142858 148.28571428571428 0.6778150921236145
b 200 0 297 59
m 200 89 0 297 59
b 200 1 297 59
m 200 89 1 297 59
b 201 0 61 344
m 201 1 0 61 344
m 201 63 0 61 344
m 201 115 0 61 344
m 201 125 0 61 344
m 201 173 0 61 344
b 201 1 61 344
b 204 0 186 497
m 204 9 0 186 497
b 204 1 186 497
m 204 9 1 186 497
b 206 3 390 212
m 206 123 3 8.0 91.42857142857143 0.1946085092110908
b 211 0 211 116
b 211 1 211 116
m 211 35 1 211 116
m 211 43 1 211 116
b 215 2 250 167
m 215 211 2 250 167
b 218 3 389 232
b 221 2 166 467
m 221 9 2 166 467
m 221 23 2 166 467
m 221 113 2 166 467
m 221 118 2 166 467
m 221 204 2 166 467
m 221 228 2 166 467
m 221 232 2 166 467
b 222 2 164 61
m 222 15 2 164 61
m 222 35 2 164 61
m 222 43 2 164 61
m 222 163 2 164 61
m 222 179 2 164 61
m 222 190 2 164 61
m 222 198 2 164 61
m 222 211 2 164 61
b 223 0 328 406
b 223 1 328 406
m 223 70 1 328 406
m 223 212 1 328 406
b 224 0 455 404
m 224 50 0 455 404
m 224 175 0 455 404
b 224 1 455 404
m 224 50 1 455 404
m 224 175 1 455 404
b 226 2 142 458
b 227 0 265 491
b 227 1 265 491
b 229 0 49 229
m 229 68 0 49 229
m 229 169 0 49 229
b 229 1 49 229
m 229 68 1 49 229
m 229 169 1 49 229
b 229 3 49 229
m 229 68 3 11.285714285714286 151.28571428571428 0.07734948318734354
b 231 0 408 76
m 231 144 0 408 76
m 231 154 0 408 76
b 231 1 408 76
m 231 144 1 408 76
m 231 154 1 408 76
b 232 0 141 489
m 232 9 0 141 489
b 232 1 141 489
m 232 9 1 141 489
b 236 0 305 93
b 236 1 305 93
b 0 2 145 402
b 1 0 68 375
b 1 1 68 375
b 1 3 68 375
m 1 201 3 12.625 182.625 0.05997046902877737
b 7 2 147 271
b 9 0 191 497
b 9 1 191 497
b 9 2 191 497
b 9 3 191 497
m 9 204 3 13.0 190.5 0.25
m 9 94 3 13.0 190.5 0.25
b 13 3 167 142
b 15 2 144 17
m 15 196 2 144 17
b 15 3 144 17
m 15 196 3 12.571428571428571 175.14285714285714 -1.0
b 23 2 226 424
m 23 184 2 226 424
b 25 0 372 476
b 29 0 77 55
m 29 196 0 77 55
b 34 2 146 294
b 35 1 220 94
b 35 2 220 94
b 36 2 365 102
m 36 145 2 365 102
b 39 3 240 38
m 39 200 3 12.25 159.25 0.6189357562859948
m 39 88 3 12.25 159.25 0.6189357562859948
m 39 40 3 12.25 159.25 0.6189357562859948
m 39 32 3 12.25 159.25 0.6189357562859948
b 40 2 250 57
m 40 32 2 250 57
m 40 89 2 250 57
m 40 139 2 250 57
m 40 210 2 250 57
b 42 2 45 166
b 43 1 226 99
b 43 2 226 99
b 48 3 111 281
b 50 0 456 451
m 50 168 0 456 451
b 50 1 456 451
m 50 25 1 456 451
m 50 168 1 456 451
m 50 193 1 456 451
b 55 2 232 66
m 55 32 2 232 66
m 55 89 2 232 66
m 55 122 2 232 66
m 55 139 2 232 66
m 55 209 2 232 66
m 55 210 2 232 66
b 55 3 232 66
m 55 236 3 12.125 156.625 0.5872897869994818
m 55 200 3 12.125 156.625 0.5872897869994818
m 55 88 3 12.125 156.625 0.5872897869994818
m 55 210 3 12.125 156.625 0.5872897869994818
m 55 209 3 12.125 156.625 0.5872897869994818
b 59 3 309 420
m 59 79 3 8.5 103.75 0.21035923817912727
b 63 0 53 418
b 63 1 53 418
b 65 3 341 225
m 65 225 3 10.25 131.25 0.011185173963540851
b 67 0 98 464
m 67 14 0 98 464
m 67 239 0 98 464
b 67 1 98 464
m 67 14 1 98 464
m 67 239 1 98 464
b 68 0 76 216
b 68 1 76 216
b 68 3 76 216
m 68 169 3 10.125 132.875 0.04130859965685379
b 69 3 459 153
m 69 144 3 8.125 87.875 0.6084698259004708
m 69 154 3 8.125 87.875 0.6084698259004708
m 69 127 3 8.125 87.875 0.6084698259004708
m 69 231 3 8.125 87.875 0.6084698259004708
b 70 1 304 421
m 70 2 1 304 421
m 70 193 1 304 421
b 70 3 304 421
m 70 79 3 8.875 107.125 0.6439689768779414
m 70 2 3 8.875 107.125 0.6439689768779414
m 70 193 3 8.875 107.125 0.6439689768779414
b 71 3 4 375
m 71 201 3 12.625 201.375 0.10227528059248664
b 84 0 66 289
b 84 3 66 289
b 85 0 10 296
b 85 3 10 296
m 85 169 3 13.625 232.375 0.3333333333333333
b 86 2 135 172
b 87 2 127 318
b 88 2 308 75
b 89 0 252 14
b 89 1 252 14
b 89 3 252 14
m 89 32 3 11.875 159.375 0.19611859173416848
m 89 122 3 11.875 159.375 0.19611859173416848
b 90 3 146 478
m 90 204 3 13.124999999999998 193.375 0.25
m 90 228 3 13.124999999999998 193.375 0.25
b 92 2 177 450
b 93 0 16 71
m 93 17 0 16 71
m 93 102 0 16 71
m 93 167 0 16 71
m 93 220 0 16 71
b 93 1 16 71
b 93 3 16 71
m 93 102 3 11.5 148.25 0.23304169457523533
m 93 132 3 11.5 148.25 0.23304169457523533
b 94 2 230 470
b 98 0 490 3
m 98 22 0 490 3
m 98 238 0 490 3
b 104 2 350 96
m 104 145 2 350 96
b 108 0 21 81
m 108 17 0 21 81
m 108 102 0 21 81
m 108 167 0 21 81
m 108 220 0 21 81
b 108 1 21 81
m 108 17 1 21 81
m 108 29 1 21 81
m 108 102 1 21 81
m 108 167 1 21 81
m 108 220 1 21 81
b 108 3 21 81
m 108 29 3 11.875 153.125 0.35265932185434606
m 108 132 3 11.875 153.125 0.35265932185434606
b 113 2 97 461
b 113 3 97 461
m 113 67 3 12.875 189.625 0.3333333333333333
b 114 3 449 125
m 114 152 3 8.375 91.375 0.7427669950257563
m 114 154 3 8.375 91.375 0.7427669950257563
m 114 127 3 8.375 91.375 0.7427669950257563
m 114 144 3 8.375 91.375 0.7427669950257563
b 115 0 4 454
m 115 239 0 4 454
b 115 1 4 454
m 115 239 1 4 454
b 117 2 324 15
m 117 145 2 324 15
m 117 161 2 324 15
m 117 209 2 324 15
m 117 210 2 324 15
b 118 2 186 495
b 119 2 252 462
m 119 79 2 252 462
m 119 184 2 252 462
m 119 212 2 252 462
b 119 3 252 462
b 122 0 235 8
b 122 1 235 8
b 123 3 404 133
m 123 111 3 8.25 89.5 0.6859083096124662
m 123 216 3 8.25 89.5 0.6859083096124662
m 123 152 3 8.25 89.5 0.6859083096124662
m 123 104 3 8.25 89.5 0.6859083096124662
m 123 131 3 8.25 89.5 0.6859083096124662
b 125 0 29 375
b 125 1 29 375
b 131 2 415 78
m 131 145 2 415 78
b 132 0 60 75
m 132 17 0 60 75
m 132 74 0 60 75
m 132 220 0 60 75
b 132 1 60 75
m 132 17 1 60 75
m 132 29 1 60 75
m 132 74 1 60 75
m 132 220 1 60 75
b 137 0 1 444
m 137 14 0 1 444
m 137 239 0 1 444
b 137 1 1 444
m 137 14 1 1 444
m 137 239 1 1 444
b 143 3 202 249
b 144 0 417 79
m 144 238 0 417 79
b 144 1 417 79
m 144 98 1 417 79
m 144 238 1 417 79
b 144 2 417 79
m 144 98 2 417 79
m 144 238 2 417 79
b 154 0 453 81
m 154 238 0 453 81
b 154 1 453 81
m 154 98 1 453 81
m 154 203 1 453 81
m 154 238 1 453 81
b 154 2 453 81
m 154 98 2 453 81
m 154 203 2 453 81
m 154 238 2 453 81
b 157 2 64 376
b 163 0 162 43
m 163 196 0 162 43
b 163 1 162 43
m 163 196 1 162 43
b 163 2 162 43
m 163 196 2 162 43
b 169 0 30 194
b 169 1 30 194
m 169 85 1 30 194
b 173 0 65 377
b 173 1 65 377
b 175 0 446 434
m 175 168 0 446 434
b 175 1 446 434
m 175 25 1 446 434
m 175 168 1 446 434
m 175 193 1 446 434
b 177 3 125 495
m 177 67 3 12.749999999999998 191.5 1.0
b 179 1 183 14
b 179 2 183 14
m 179 89 2 183 14
m 179 122 2 183 14
b 180 3 482 154
m 180 154 3 7.875 85.375 0.3296492392096958
b 187 3 372 305
b 190 2 166 143
b 191 3 474 217
b 192 3 139 307
b 193 0 363 465
b 194 0 20 261
b 198 0 156 100
b 198 1 156 100
b 198 2 156 100
m 198 29 2 156 100
b 198 3 156 100
m 198 163 3 10.75 142.25000000000003 0.6764492270295107
m 198 29 3 10.75 142.25000000000003 0.6764492270295107
b 200 2 314 77
m 200 32 2 314 77
m 200 139 2 314 77
m 200 209 2 314 77
m 200 210 2 314 77
b 203 0 491 135
b 204 2 210 495
m 204 90 2 210 495
b 211 2 213 140
b 211 3 213 140
b 212 1 277 480
b 215 3 249 191
b 217 3 242 174
b 221 3 151 486
m 221 92 3 13.25 196.5 0.25
b 224 3 455 380
m 224 50 3 8.375 95.12500000000001 0.007157585786081545
b 226 3 124 474
b 227 2 288 488
m 227 2 2 288 488
m 227 79 2 288 488
m 227 212 2 288 488
b 228 2 203 496
b 229 2 31 246
m 229 68 2 31 246
m 229 85 2 31 246
m 229 169 2 31 246
b 230 3 244 405
m 230 79 3 7.999999999999999 100.74999999999999 1.0
m 230 184 3 7.999999999999999 100.74999999999999 1.0
m 230 223 3 7.999999999999999 100.74999999999999 1.0
b 231 2 403 100
b 232 2 135 486
m 232 90 2 135 486
b 232 3 135 486
m 232 94 3 13.375 197.625 0.2
b 236 2 320 112
m 236 145 2 320 112
b 2 1 263 492
b 2 2 263 492
b 2 3 263 492
m 2 212 3 8.11111111111111 95.66666666666667 0.5
m 2 227 3 8.11111111111111 95.66666666666667 0.5
b 14 0 42 456
b 14 1 42 456
b 17 0 4 63
m 17 156 0 4 63
b 17 1 4 63
b 22 0 477 78
b 25 1 357 495
b 29 1 60 72
m 29 172 1 60 72
b 29 2 60 72
m 29 74 2 60 72
m 29 93 2 60 72
m 29 108 2 60 72
m 29 132 2 60 72
m 29 172 2 60 72
m 29 220 2 60 72
b 29 3 60 72
m 29 74 3 11.11111111111111 138.88888888888889 0.15978900246851785
b 32 2 259 97
b 32 3 259 97
m 32 139 3 11.11111111111111 142.0 0.5
b 40 3 228 66
m 40 139 3 11.11111111111111 142.0 0.5
b 50 3 470 432
m 50 175 3 7.777777777777778 85.55555555555557 0.002798402896191339
b 67 3 117 450
m 67 63 3 11.666666666666666 169.0 0.17549673334680405
b 68 2 94 201
b 74 0 108 42
m 74 196 0 108 42
b 74 1 108 42
b 79 2 279 404
b 79 3 279 404
m 79 212 3 7.777777777777778 92.66666666666667 0.11339049149093107
b 85 1 32 288
m 85 84 1 32 288
m 85 194 1 32 288
b 85 2 32 288
m 85 18 2 32 288
m 85 84 2 32 288
m 85 91 2 32 288
m 85 194 2 32 288
m 85 201 2 32 288
b 88 3 327 89
m 88 36 3 11.333333333333334 143.33333333333331 0.25
m 88 117 3 11.333333333333334 143.33333333333331 0.25
b 89 2 274 3
b 90 2 167 465
m 90 177 2 167 465
b 92 3 157 436
b 94 3 252 459
m 94 212 3 11.777777777777777 169.7777777777778 0.008743024182832737
b 98 1 491 9
b 98 2 491 9
m 98 22 2 491 9
b 102 0 52 181
b 102 1 52 181
b 102 3 52 181
m 102 167 3 10.444444444444443 132.22222222222223 0.5
b 104 3 349 120
m 104 36 3 7.555555555555555 80.0 0.5
m 104 145 3 7.555555555555555 80.0 0.5
b 111 3 279 126
b 122 2 256 19
b 122 3 256 19
m 122 139 3 10.666666666666666 141.77777777777777 1.0
b 127 3 426 36
m 127 22 3 7.777777777777778 80.88888888888889 0.5176762092457298
b 131 3 435 91
b 132 3 38 85
m 132 167 3 10.666666666666666 133.55555555555554 0.18385672540671516
b 139 2 259 90
b 144 3 399 95
b 145 2 292 47
b 152 3 476 75
m 152 22 3 7.777777777777778 82.22222222222223 0.3333333333333333
b 154 3 439 100
m 154 22 3 7.555555555555555 79.11111111111111 0.042748848177776036
b 161 2 420 13
b 163 3 182 29
m 163 196 3 10.75 142.25000000000003 -1.0
b 167 0 62 106
b 167 1 62 106
b 168 0 451 419
b 168 1 451 419
b 169 2 33 170
b 169 3 33 170
b 184 2 205 381
b 184 3 205 381
b 193 1 339 465
b 193 3 339 465
m 193 25 3 8.0 95.33333333333334 1.0
b 200 3 330 95
m 200 36 3 11.333333333333334 143.33333333333331 0.25
m 200 117 3 11.333333333333334 143.33333333333331 0.25
b 201 3 52 297
m 201 125 3 11.555555555555555 163.33333333333334 0.02244511261891998
b 203 1 489 159
b 203 2 489 159
b 204 3 234 493
b 209 2 260 37
b 209 3 260 37
m 209 117 3 11.111111111111112 140.22222222222223 0.3333333333333333
b 210 2 307 64
b 210 3 307 64
m 210 117 3 11.111111111111112 140.22222222222223 0.3333333333333333
b 212 2 255 472
m 212 70 2 255 472
b 216 3 307 150
m 216 36 3 7.444444444444444 79.66666666666667 1.0
b 220 0 30 105
b 220 1 30 105
b 223 3 347 362
b 225 3 328 250
b 228 3 227 493
b 231 3 399 123
b 236 3 335 130
m 236 36 3 11.111111111111112 140.22222222222223 0.3333333333333333
b 238 0 409 22
b 238 1 409 22
m 238 22 1 409 22
b 238 2 409 22
b 239 0 27 424
b 239 1 27 424
b 18 2 39 395
m 18 1 2 39 395
m 18 71 2 39 395
m 18 125 2 39 395
m 18 173 2 39 395
b 22 1 464 98
b 22 2 464 98
b 22 3 464 98
b 25 3 372 491
b 36 3 359 150
b 63 3 84 456
m 63 14 3 10.9 153.7 0.2657488825244153
b 70 2 260 403
b 74 2 127 57
b 74 3 127 57
m 74 196 3 11.11111111111111 138.88888888888889 -1.0
b 84 1 111 307
b 84 2 111 307
b 91 2 6 314
m 91 1 2 6 314
b 93 2 9 71
m 93 17 2 9 71
m 93 156 2 9 71
b 108 2 10 108
m 108 17 2 10 108
m 108 156 2 10 108
m 108 167 2 10 108
b 117 3 280 5
b 125 3 58 413
b 132 2 17 96
m 132 17 2 17 96
m 132 156 2 17 96
m 132 167 2 17 96
b 139 3 253 114
b 145 3 269 54
b 156 0 49 46
m 156 172 0 49 46
b 167 3 86 104
m 167 220 3 9.599999999999998 119.4 0.5095232664233577
m 167 17 3 9.599999999999998 119.4 0.5095232664233577
b 172 1 87 19
m 172 196 1 87 19
b 172 2 87 19
m 172 196 2 87 19
b 175 3 444 386
b 177 2 172 490
b 194 1 55 229
b 194 2 55 229
b 201 2 47 274
m 201 1 2 47 274
m 201 173 2 47 274
b 212 3 232 463
b 220 2 15 123
m 220 17 2 15 123
m 220 156 2 15 123
m 220 167 2 15 123
b 227 3 336 481
b 1 2 73 304
b 14 3 77 423
m 14 137 3 10.181818181818182 140.54545454545453 0.18520804222752493
b 17 2 8 111
b 17 3 8 111
m 17 156 3 8.818181818181817 108.63636363636364 0.010505634359244563
b 71 2 74 389
m 71 239 2 74 389
b 125 2 72 433
m 125 14 2 72 433
m 125 115 2 72 433
m 125 137 2 72 433
m 125 239 2 72 433
b 156 2 68 61
b 167 2 110 102
b 172 0 109 29
m 172 196 0 109 29
b 173 2 86 308
b 220 3 2 140
b 14 2 94 406
m 14 63 2 94 406
b 115 2 22 377
b 137 2 4 348
b 137 3 4 348
m 137 115 3 9.5 129.16666666666666 0.09709725006158576
b 156 3 86 76
b 239 2 61 361
b 63 2 124 483
b 115 3 28 354
m 115 239 3 8.846153846153847 119.3076923076923 0.001688647827158025
b 239 3 84 318
