Key: 
t: node change direction (node id, x, y, new direction)
s: node start location (node id, x, y, start direction, buffer)
m: message transfer (sender id, target id, messageType, sender x, sender y
b: broadcast (node id, message type, x, y)
141 137 450 362
s 0 189 79 137 5
s 1 498 155 311 6
s 2 47 194 273 6
s 3 26 295 8 3
s 4 226 273 359 6
s 5 28 133 53 3
s 6 345 161 86 4
s 7 447 444 187 3
s 8 2 497 296 8
s 9 126 163 184 0
s 10 490 395 11 5
s 11 267 25 282 5
s 12 328 114 7 8
s 13 27 45 283 4
s 14 385 481 302 2
s 15 6 498 171 8
s 16 465 110 159 2
s 17 278 372 178 6
s 18 204 387 263 7
s 19 265 333 192 2
s 20 324 396 197 3
s 21 345 211 211 3
s 22 335 341 138 0
s 23 235 56 221 4
s 24 470 160 59 8
s 25 141 137 264 7
s 26 349 443 156 10
s 27 475 188 151 2
s 28 402 256 10 10
s 29 423 70 330 9
s 30 33 362 35 5
s 31 184 200 229 5
s 32 136 163 85 1
s 33 301 52 174 10
s 34 266 365 25 5
s 35 315 332 1 3
s 36 225 416 131 4
s 37 182 466 66 0
s 38 145 65 17 1
s 39 492 192 38 6
s 40 119 426 116 9
s 41 246 146 7 8
s 42 261 141 287 1
s 43 282 10 107 9
s 44 99 455 58 0
s 45 68 365 343 7
s 46 385 353 330 10
s 47 440 193 37 10
s 48 14 470 73 10
s 49 282 375 231 6
s 50 493 74 100 4
s 51 319 21 255 9
s 52 73 468 61 8
s 53 125 443 85 8
s 54 155 40 47 0
s 55 181 306 212 1
s 56 194 227 209 6
s 57 488 197 346 7
s 58 241 419 104 7
s 59 164 252 74 5
s 60 126 316 5 3
s 61 2 123 15 0
s 62 144 262 207 7
s 63 193 442 128 4
s 64 42 38 341 1
s 65 418 123 10 1
s 66 405 200 331 7
s 67 91 31 103 7
s 68 226 279 271 5
s 69 452 279 185 7
s 70 105 273 289 7
s 71 177 132 186 3
s 72 183 91 164 1
s 73 433 288 204 9
s 74 247 493 100 8
s 75 45 218 216 6
s 76 156 86 157 7
s 77 486 457 230 8
s 78 95 211 172 7
s 79 224 40 304 10
s 80 419 49 126 6
s 81 124 189 355 7
s 82 488 119 195 4
s 83 321 93 115 5
s 84 147 376 53 1
s 85 471 70 34 8
s 86 117 82 306 5
s 87 186 33 229 4
s 88 217 274 122 10
s 89 450 362 306 1
s 90 21 261 230 9
s 91 35 246 66 9
s 92 466 305 271 2
s 93 109 168 296 4
s 94 243 317 216 9
s 95 353 328 307 2
s 96 215 150 8 3
s 97 310 416 278 10
s 98 98 201 319 1
s 99 292 256 289 10
s 100 234 119 179 7
s 101 324 489 291 1
s 102 371 377 102 10
s 103 111 319 175 7
s 104 338 144 295 0
s 105 415 444 288 4
s 106 6 450 51 6
s 107 57 104 211 2
s 108 391 152 320 10
s 109 240 143 272 2
s 110 464 27 180 10
s 111 431 346 268 2
s 112 234 377 191 0
s 113 444 471 286 9
s 114 338 215 219 0
s 115 360 391 236 0
s 116 326 307 333 10
s 117 31 393 201 9
s 118 177 493 298 5
s 119 119 273 245 3
s 120 389 79 63 0
s 121 79 210 330 2
s 122 116 223 206 8
s 123 116 27 23 0
s 124 326 249 42 4
s 125 85 117 2 5
s 126 442 381 158 10
s 127 417 372 47 4
s 128 366 461 119 0
s 129 166 42 56 7
s 130 143 91 52 6
s 131 435 214 296 1
s 132 140 105 358 8
s 133 1 180 24 5
s 134 207 315 185 8
s 135 152 143 92 2
s 136 275 122 158 7
s 137 352 237 123 5
s 138 75 25 36 7
s 139 439 162 186 0
s 140 36 152 2 1
s 141 105 51 28 0
s 142 120 432 178 6
s 143 262 304 8 8
s 144 188 271 148 6
s 145 182 82 359 0
s 146 333 280 181 0
s 147 231 82 265 3
s 148 400 43 148 0
s 149 282 131 155 10
s 150 116 435 288 6
s 151 138 346 255 1
s 152 337 146 96 0
s 153 258 185 248 8
s 154 115 405 263 2
s 155 263 161 232 10
s 156 27 293 316 0
s 157 27 386 280 4
s 158 440 88 251 7
s 159 380 125 52 4
s 160 60 140 282 5
s 161 208 365 216 7
s 162 372 474 3 3
s 163 20 318 331 2
s 164 379 337 185 10
s 165 282 4 103 1
s 166 322 113 186 8
s 167 146 136 98 3
s 168 101 283 33 5
s 169 297 159 148 4
s 170 245 63 6 4
s 171 499 177 181 1
s 172 219 119 163 7
s 173 212 410 323 0
s 174 93 116 221 10
s 175 433 206 141 3
s 176 458 330 189 4
s 177 197 93 255 10
s 178 95 426 137 1
s 179 150 317 139 6
s 180 144 285 234 1
s 181 223 119 159 1
s 182 183 263 123 7
s 183 241 480 313 8
s 184 142 358 132 4
s 185 481 6 356 7
s 186 364 384 346 5
s 187 32 2 334 7
s 188 181 180 93 8
s 189 136 1 184 7
s 190 63 64 29 1
s 191 187 201 41 2
s 192 306 374 248 8
s 193 116 318 343 4
s 194 146 124 99 6
s 195 66 163 3 2
s 196 215 482 27 2
s 197 71 191 185 7
s 198 321 250 264 0
s 199 284 406 264 10
s 200 322 82 191 0
s 201 281 291 244 10
s 202 465 188 50 8
s 203 412 117 222 10
s 204 163 411 197 7
s 205 206 480 132 7
s 206 174 350 238 4
s 207 196 279 131 10
s 208 56 62 353 9
s 209 6 412 270 10
s 210 380 68 214 5
s 211 99 35 9 8
s 212 415 108 1 3
s 213 197 148 238 5
s 214 354 204 141 6
s 215 432 53 228 7
s 216 141 261 348 10
s 217 244 205 127 9
s 218 172 472 287 5
s 219 174 385 240 10
s 220 198 364 302 0
s 221 199 341 243 10
s 222 434 262 20 6
s 223 53 435 23 4
s 224 254 303 74 10
s 225 88 348 293 6
s 226 477 402 189 6
s 227 261 131 352 7
s 228 151 42 86 6
s 229 12 203 221 5
s 230 272 151 348 6
s 231 84 195 143 5
s 232 460 257 1 5
s 233 22 153 123 6
s 234 369 370 159 7
s 235 42 144 234 7
s 236 498 136 30 0
s 237 39 99 200 1
s 238 390 133 188 6
s 239 471 155 233 6
b 25 0 140 124
m 25 9 0 140 124
m 25 32 0 140 124
m 25 71 0 140 124
m 25 72 0 140 124
m 25 76 0 140 124
m 25 81 0 140 124
m 25 93 0 140 124
m 25 125 0 140 124
m 25 130 0 140 124
m 25 132 0 140 124
m 25 135 0 140 124
m 25 145 0 140 124
m 25 167 0 140 124
m 25 174 0 140 124
m 25 177 0 140 124
m 25 188 0 140 124
m 25 194 0 140 124
m 25 213 0 140 124
b 25 1 140 124
m 25 9 1 140 124
m 25 32 1 140 124
m 25 71 1 140 124
m 25 72 1 140 124
m 25 76 1 140 124
m 25 81 1 140 124
m 25 93 1 140 124
m 25 125 1 140 124
m 25 130 1 140 124
m 25 132 1 140 124
m 25 135 1 140 124
m 25 145 1 140 124
m 25 167 1 140 124
m 25 174 1 140 124
m 25 177 1 140 124
m 25 188 1 140 124
m 25 194 1 140 124
m 25 213 1 140 124
b 25 2 140 124
m 25 9 2 140 124
m 25 32 2 140 124
m 25 71 2 140 124
m 25 72 2 140 124
m 25 76 2 140 124
m 25 81 2 140 124
m 25 93 2 140 124
m 25 125 2 140 124
m 25 130 2 140 124
m 25 132 2 140 124
m 25 135 2 140 124
m 25 145 2 140 124
m 25 167 2 140 124
m 25 174 2 140 124
m 25 177 2 140 124
m 25 188 2 140 124
m 25 194 2 140 124
m 25 213 2 140 124
b 25 3 140 124
m 25 9 3 21.0 441.0 1.0
m 25 32 3 21.0 441.0 1.0
m 25 71 3 21.0 441.0 1.0
m 25 72 3 21.0 441.0 1.0
m 25 76 3 21.0 441.0 1.0
m 25 81 3 21.0 441.0 1.0
m 25 93 3 21.0 441.0 1.0
m 25 125 3 21.0 441.0 1.0
m 25 130 3 21.0 441.0 1.0
m 25 132 3 21.0 441.0 1.0
m 25 135 3 21.0 441.0 1.0
m 25 145 3 21.0 441.0 1.0
m 25 167 3 21.0 441.0 1.0
m 25 174 3 21.0 441.0 1.0
m 25 177 3 21.0 441.0 1.0
m 25 188 3 21.0 441.0 1.0
m 25 194 3 21.0 441.0 1.0
m 25 213 3 21.0 441.0 1.0
b 9 0 101 162
m 9 2 0 101 162
m 9 31 0 101 162
m 9 78 0 101 162
m 9 98 0 101 162
m 9 121 0 101 162
m 9 122 0 101 162
m 9 140 0 101 162
m 9 160 0 101 162
m 9 195 0 101 162
m 9 197 0 101 162
m 9 231 0 101 162
b 9 1 101 162
b 9 2 101 162
b 9 3 101 162
m 9 160 3 17.666666666666668 334.3333333333333 0.28902229845626093
m 9 98 3 17.666666666666668 334.3333333333333 0.28902229845626093
m 9 2 3 17.666666666666668 334.3333333333333 0.28902229845626093
m 9 121 3 17.666666666666668 334.3333333333333 0.28902229845626093
b 145 0 207 82
m 145 0 0 207 82
m 145 23 0 207 82
m 145 38 0 207 82
m 145 54 0 207 82
m 145 79 0 207 82
m 145 87 0 207 82
m 145 100 0 207 82
m 145 109 0 207 82
m 145 129 0 207 82
m 145 147 0 207 82
m 145 170 0 207 82
m 145 172 0 207 82
m 145 181 0 207 82
m 145 228 0 207 82
b 145 1 207 82
m 145 0 1 207 82
m 145 23 1 207 82
m 145 38 1 207 82
m 145 54 1 207 82
m 145 79 1 207 82
m 145 87 1 207 82
m 145 100 1 207 82
m 145 109 1 207 82
m 145 129 1 207 82
m 145 147 1 207 82
m 145 170 1 207 82
m 145 172 1 207 82
m 145 181 1 207 82
m 145 228 1 207 82
b 145 2 207 82
m 145 0 2 207 82
m 145 23 2 207 82
m 145 38 2 207 82
m 145 54 2 207 82
m 145 79 2 207 82
m 145 87 2 207 82
m 145 100 2 207 82
m 145 109 2 207 82
m 145 129 2 207 82
m 145 147 2 207 82
m 145 170 2 207 82
m 145 172 2 207 82
m 145 181 2 207 82
m 145 228 2 207 82
b 145 3 207 82
m 145 79 3 19.0 369.0 0.7105263157894737
m 145 170 3 19.0 369.0 0.7105263157894737
m 145 228 3 19.0 369.0 0.7105263157894737
m 145 109 3 19.0 369.0 0.7105263157894737
m 145 181 3 19.0 369.0 0.7105263157894737
m 145 172 3 19.0 369.0 0.7105263157894737
m 145 54 3 19.0 369.0 0.7105263157894737
m 145 23 3 19.0 369.0 0.7105263157894737
m 145 38 3 19.0 369.0 0.7105263157894737
m 145 100 3 19.0 369.0 0.7105263157894737
m 145 0 3 19.0 369.0 0.7105263157894737
b 32 0 138 189
m 32 31 0 138 189
m 32 78 0 138 189
m 32 98 0 138 189
m 32 121 0 138 189
m 32 122 0 138 189
m 32 191 0 138 189
m 32 195 0 138 189
m 32 231 0 138 189
b 32 1 138 189
m 32 31 1 138 189
m 32 78 1 138 189
m 32 98 1 138 189
m 32 121 1 138 189
m 32 122 1 138 189
m 32 191 1 138 189
m 32 195 1 138 189
m 32 231 1 138 189
b 32 2 138 189
m 32 31 2 138 189
m 32 78 2 138 189
m 32 98 2 138 189
m 32 121 2 138 189
m 32 122 2 138 189
m 32 191 2 138 189
m 32 195 2 138 189
m 32 231 2 138 189
b 32 3 138 189
m 32 231 3 17.0 321.0 0.1111111111111111
m 32 191 3 17.0 321.0 0.1111111111111111
b 72 0 158 98
m 72 0 0 158 98
m 72 23 0 158 98
m 72 38 0 158 98
m 72 54 0 158 98
m 72 86 0 158 98
m 72 100 0 158 98
m 72 129 0 158 98
m 72 147 0 158 98
m 72 172 0 158 98
m 72 181 0 158 98
m 72 228 0 158 98
b 72 1 158 98
b 72 2 158 98
b 72 3 158 98
m 72 0 3 18.666666666666668 359.3333333333333 0.6312500000000001
m 72 147 3 18.666666666666668 359.3333333333333 0.6312500000000001
m 72 23 3 18.666666666666668 359.3333333333333 0.6312500000000001
m 72 100 3 18.666666666666668 359.3333333333333 0.6312500000000001
m 72 181 3 18.666666666666668 359.3333333333333 0.6312500000000001
m 72 172 3 18.666666666666668 359.3333333333333 0.6312500000000001
b 135 0 151 170
m 135 31 0 151 170
m 135 98 0 151 170
m 135 181 0 151 170
m 135 191 0 151 170
b 135 1 151 170
m 135 31 1 151 170
m 135 98 1 151 170
m 135 181 1 151 170
m 135 191 1 151 170
b 135 2 151 170
b 135 3 151 170
m 135 31 3 17.0 321.0 0.1111111111111111
b 71 0 150 129
m 71 0 0 150 129
m 71 31 0 150 129
m 71 38 0 150 129
m 71 86 0 150 129
m 71 100 0 150 129
m 71 172 0 150 129
m 71 181 0 150 129
m 71 228 0 150 129
b 71 1 150 129
m 71 0 1 150 129
m 71 31 1 150 129
m 71 38 1 150 129
m 71 86 1 150 129
m 71 100 1 150 129
m 71 172 1 150 129
m 71 181 1 150 129
m 71 228 1 150 129
b 71 2 150 129
m 71 0 2 150 129
m 71 31 2 150 129
m 71 38 2 150 129
m 71 86 2 150 129
m 71 100 2 150 129
m 71 172 2 150 129
m 71 181 2 150 129
m 71 228 2 150 129
b 71 3 150 129
m 71 0 3 17.0 321.0 0.1111111111111111
b 167 0 142 163
m 167 31 0 142 163
m 167 98 0 142 163
m 167 181 0 142 163
m 167 195 0 142 163
b 167 1 142 163
m 167 31 1 142 163
m 167 98 1 142 163
m 167 181 1 142 163
m 167 195 1 142 163
b 167 2 142 163
m 167 31 2 142 163
m 167 98 2 142 163
m 167 181 2 142 163
m 167 195 2 142 163
b 167 3 142 163
m 167 31 3 16.666666666666668 315.3333333333333 0.125
b 93 0 122 142
m 93 31 0 122 142
m 93 98 0 122 142
m 93 121 0 122 142
m 93 122 0 122 142
m 93 160 0 122 142
m 93 195 0 122 142
m 93 231 0 122 142
b 93 1 122 142
b 93 2 122 142
m 93 31 2 122 142
m 93 98 2 122 142
m 93 121 2 122 142
m 93 122 2 122 142
m 93 160 2 122 142
m 93 195 2 122 142
m 93 231 2 122 142
b 93 3 122 142
m 93 98 3 17.666666666666668 334.3333333333333 0.28902229845626093
m 93 231 3 17.666666666666668 334.3333333333333 0.28902229845626093
m 93 121 3 17.666666666666668 334.3333333333333 0.28902229845626093
b 125 0 115 118
m 125 5 0 115 118
m 125 67 0 115 118
m 125 98 0 115 118
m 125 140 0 115 118
m 125 141 0 115 118
m 125 160 0 115 118
m 125 190 0 115 118
m 125 195 0 115 118
m 125 208 0 115 118
m 125 235 0 115 118
b 125 1 115 118
m 125 5 1 115 118
m 125 67 1 115 118
m 125 98 1 115 118
m 125 140 1 115 118
m 125 141 1 115 118
m 125 160 1 115 118
m 125 190 1 115 118
m 125 195 1 115 118
m 125 208 1 115 118
m 125 235 1 115 118
b 125 2 115 118
b 125 3 115 118
m 125 140 3 18.666666666666668 359.3333333333333 0.6312500000000001
m 125 5 3 18.666666666666668 359.3333333333333 0.6312500000000001
m 125 208 3 18.666666666666668 359.3333333333333 0.6312500000000001
m 125 141 3 18.666666666666668 359.3333333333333 0.6312500000000001
m 125 67 3 18.666666666666668 359.3333333333333 0.6312500000000001
m 125 160 3 18.666666666666668 359.3333333333333 0.6312500000000001
m 125 235 3 18.666666666666668 359.3333333333333 0.6312500000000001
m 125 190 3 18.666666666666668 359.3333333333333 0.6312500000000001
b 213 0 181 123
m 213 0 0 181 123
m 213 31 0 181 123
m 213 38 0 181 123
m 213 96 0 181 123
m 213 100 0 181 123
m 213 109 0 181 123
m 213 129 0 181 123
m 213 136 0 181 123
m 213 153 0 181 123
m 213 155 0 181 123
m 213 172 0 181 123
m 213 181 0 181 123
b 213 1 181 123
m 213 0 1 181 123
m 213 31 1 181 123
m 213 38 1 181 123
m 213 96 1 181 123
m 213 100 1 181 123
m 213 109 1 181 123
m 213 129 1 181 123
m 213 136 1 181 123
m 213 153 1 181 123
m 213 155 1 181 123
m 213 172 1 181 123
m 213 181 1 181 123
b 213 2 181 123
m 213 0 2 181 123
m 213 31 2 181 123
m 213 38 2 181 123
m 213 96 2 181 123
m 213 100 2 181 123
m 213 109 2 181 123
m 213 129 2 181 123
m 213 136 2 181 123
m 213 153 2 181 123
m 213 155 2 181 123
m 213 172 2 181 123
m 213 181 2 181 123
b 213 3 181 123
m 213 136 3 18.0 342.0 0.42500000000000004
m 213 155 3 18.0 342.0 0.42500000000000004
m 213 109 3 18.0 342.0 0.42500000000000004
m 213 31 3 18.0 342.0 0.42500000000000004
m 213 129 3 18.0 342.0 0.42500000000000004
m 213 38 3 18.0 342.0 0.42500000000000004
b 130 0 162 115
m 130 0 0 162 115
m 130 38 0 162 115
m 130 54 0 162 115
m 130 86 0 162 115
m 130 100 0 162 115
m 130 129 0 162 115
m 130 141 0 162 115
m 130 172 0 162 115
m 130 181 0 162 115
m 130 228 0 162 115
b 130 1 162 115
m 130 0 1 162 115
m 130 38 1 162 115
m 130 54 1 162 115
m 130 86 1 162 115
m 130 100 1 162 115
m 130 129 1 162 115
m 130 141 1 162 115
m 130 172 1 162 115
m 130 181 1 162 115
m 130 228 1 162 115
b 130 2 162 115
m 130 0 2 162 115
m 130 38 2 162 115
m 130 54 2 162 115
m 130 86 2 162 115
m 130 100 2 162 115
m 130 129 2 162 115
m 130 141 2 162 115
m 130 172 2 162 115
m 130 181 2 162 115
m 130 228 2 162 115
b 130 3 162 115
m 130 0 3 17.666666666666668 334.3333333333333 0.28902229845626093
m 130 86 3 17.666666666666668 334.3333333333333 0.28902229845626093
m 130 141 3 17.666666666666668 334.3333333333333 0.28902229845626093
b 194 0 141 155
m 194 0 0 141 155
m 194 31 0 141 155
m 194 98 0 141 155
m 194 172 0 141 155
m 194 181 0 141 155
b 194 1 141 155
b 194 2 141 155
m 194 0 2 141 155
m 194 31 2 141 155
m 194 98 2 141 155
m 194 172 2 141 155
m 194 181 2 141 155
b 194 3 141 155
m 194 31 3 16.333333333333332 310.3333333333333 0.14285714285714285
b 76 0 126 99
m 76 0 0 126 99
m 76 38 0 126 99
m 76 54 0 126 99
m 76 86 0 126 99
m 76 123 0 126 99
m 76 129 0 126 99
m 76 141 0 126 99
m 76 172 0 126 99
m 76 181 0 126 99
m 76 208 0 126 99
m 76 211 0 126 99
m 76 228 0 126 99
b 76 1 126 99
m 76 0 1 126 99
m 76 38 1 126 99
m 76 54 1 126 99
m 76 86 1 126 99
m 76 123 1 126 99
m 76 129 1 126 99
m 76 141 1 126 99
m 76 172 1 126 99
m 76 181 1 126 99
m 76 208 1 126 99
m 76 211 1 126 99
m 76 228 1 126 99
b 76 2 126 99
b 76 3 126 99
m 76 172 3 19.0 369.0 0.7105263157894737
m 76 129 3 19.0 369.0 0.7105263157894737
m 76 123 3 19.0 369.0 0.7105263157894737
m 76 54 3 19.0 369.0 0.7105263157894737
m 76 211 3 19.0 369.0 0.7105263157894737
m 76 208 3 19.0 369.0 0.7105263157894737
m 76 38 3 19.0 369.0 0.7105263157894737
m 76 86 3 19.0 369.0 0.7105263157894737
b 81 0 156 187
m 81 31 0 156 187
m 81 56 0 156 187
m 81 62 0 156 187
m 81 70 0 156 187
m 81 98 0 156 187
m 81 119 0 156 187
m 81 121 0 156 187
m 81 122 0 156 187
m 81 191 0 156 187
m 81 195 0 156 187
b 81 1 156 187
m 81 31 1 156 187
m 81 56 1 156 187
m 81 62 1 156 187
m 81 70 1 156 187
m 81 98 1 156 187
m 81 119 1 156 187
m 81 121 1 156 187
m 81 122 1 156 187
m 81 191 1 156 187
m 81 195 1 156 187
b 81 2 156 187
b 81 3 156 187
m 81 31 3 17.666666666666668 334.3333333333333 0.28902229845626093
m 81 119 3 17.666666666666668 334.3333333333333 0.28902229845626093
m 81 62 3 17.666666666666668 334.3333333333333 0.28902229845626093
m 81 122 3 17.666666666666668 334.3333333333333 0.28902229845626093
b 132 0 173 104
m 132 0 0 173 104
m 132 38 0 173 104
m 132 54 0 173 104
m 132 86 0 173 104
m 132 100 0 173 104
m 132 129 0 173 104
m 132 141 0 173 104
m 132 172 0 173 104
m 132 181 0 173 104
m 132 228 0 173 104
b 132 1 173 104
m 132 0 1 173 104
m 132 38 1 173 104
m 132 54 1 173 104
m 132 86 1 173 104
m 132 100 1 173 104
m 132 129 1 173 104
m 132 141 1 173 104
m 132 172 1 173 104
m 132 181 1 173 104
m 132 228 1 173 104
b 132 2 173 104
m 132 0 2 173 104
m 132 38 2 173 104
m 132 54 2 173 104
m 132 86 2 173 104
m 132 100 2 173 104
m 132 129 2 173 104
m 132 141 2 173 104
m 132 172 2 173 104
m 132 181 2 173 104
m 132 228 2 173 104
b 132 3 173 104
m 132 0 3 17.666666666666668 334.3333333333333 0.28902229845626093
m 132 86 3 17.666666666666668 334.3333333333333 0.28902229845626093
m 132 141 3 17.666666666666668 334.3333333333333 0.28902229845626093
b 188 0 179 213
m 188 31 0 179 213
m 188 56 0 179 213
m 188 59 0 179 213
m 188 62 0 179 213
m 188 98 0 179 213
m 188 191 0 179 213
m 188 217 0 179 213
b 188 1 179 213
m 188 31 1 179 213
m 188 56 1 179 213
m 188 59 1 179 213
m 188 62 1 179 213
m 188 98 1 179 213
m 188 191 1 179 213
m 188 217 1 179 213
b 188 2 179 213
b 188 3 179 213
m 188 59 3 17.0 321.0 0.1111111111111111
m 188 98 3 17.0 321.0 0.1111111111111111
b 174 0 67 93
m 174 5 0 67 93
m 174 61 0 67 93
m 174 64 0 67 93
m 174 67 0 67 93
m 174 86 0 67 93
m 174 107 0 67 93
m 174 140 0 67 93
m 174 141 0 67 93
m 174 160 0 67 93
m 174 190 0 67 93
m 174 195 0 67 93
m 174 208 0 67 93
m 174 235 0 67 93
m 174 237 0 67 93
b 174 1 67 93
m 174 5 1 67 93
m 174 61 1 67 93
m 174 64 1 67 93
m 174 67 1 67 93
m 174 86 1 67 93
m 174 107 1 67 93
m 174 140 1 67 93
m 174 141 1 67 93
m 174 160 1 67 93
m 174 190 1 67 93
m 174 195 1 67 93
m 174 208 1 67 93
m 174 235 1 67 93
m 174 237 1 67 93
b 174 2 67 93
m 174 5 2 67 93
m 174 61 2 67 93
m 174 64 2 67 93
m 174 67 2 67 93
m 174 86 2 67 93
m 174 107 2 67 93
m 174 140 2 67 93
m 174 141 2 67 93
m 174 160 2 67 93
m 174 190 2 67 93
m 174 195 2 67 93
m 174 208 2 67 93
m 174 235 2 67 93
m 174 237 2 67 93
b 174 3 67 93
m 174 86 3 19.333333333333332 379.3333333333333 0.7780172413793103
m 174 67 3 19.333333333333332 379.3333333333333 0.7780172413793103
m 174 195 3 19.333333333333332 379.3333333333333 0.7780172413793103
m 174 107 3 19.333333333333332 379.3333333333333 0.7780172413793103
m 174 141 3 19.333333333333332 379.3333333333333 0.7780172413793103
m 174 5 3 19.333333333333332 379.3333333333333 0.7780172413793103
m 174 237 3 19.333333333333332 379.3333333333333 0.7780172413793103
m 174 140 3 19.333333333333332 379.3333333333333 0.7780172413793103
m 174 235 3 19.333333333333332 379.3333333333333 0.7780172413793103
m 174 160 3 19.333333333333332 379.3333333333333 0.7780172413793103
m 174 61 3 19.333333333333332 379.3333333333333 0.7780172413793103
m 174 190 3 19.333333333333332 379.3333333333333 0.7780172413793103
b 177 0 188 59
m 177 0 0 188 59
m 177 23 0 188 59
m 177 38 0 188 59
m 177 54 0 188 59
m 177 79 0 188 59
m 177 86 0 188 59
m 177 87 0 188 59
m 177 100 0 188 59
m 177 123 0 188 59
m 177 129 0 188 59
m 177 141 0 188 59
m 177 147 0 188 59
m 177 172 0 188 59
m 177 211 0 188 59
m 177 228 0 188 59
b 177 1 188 59
m 177 0 1 188 59
m 177 23 1 188 59
m 177 38 1 188 59
m 177 54 1 188 59
m 177 79 1 188 59
m 177 86 1 188 59
m 177 87 1 188 59
m 177 100 1 188 59
m 177 123 1 188 59
m 177 129 1 188 59
m 177 141 1 188 59
m 177 147 1 188 59
m 177 172 1 188 59
m 177 211 1 188 59
m 177 228 1 188 59
b 177 2 188 59
m 177 0 2 188 59
m 177 23 2 188 59
m 177 38 2 188 59
m 177 54 2 188 59
m 177 79 2 188 59
m 177 86 2 188 59
m 177 87 2 188 59
m 177 100 2 188 59
m 177 123 2 188 59
m 177 129 2 188 59
m 177 141 2 188 59
m 177 147 2 188 59
m 177 172 2 188 59
m 177 211 2 188 59
m 177 228 2 188 59
b 177 3 188 59
m 177 211 3 19.666666666666668 390.3333333333333 0.8358923230309074
m 177 141 3 19.666666666666668 390.3333333333333 0.8358923230309074
m 177 86 3 19.666666666666668 390.3333333333333 0.8358923230309074
m 177 23 3 19.666666666666668 390.3333333333333 0.8358923230309074
m 177 0 3 19.666666666666668 390.3333333333333 0.8358923230309074
m 177 38 3 19.666666666666668 390.3333333333333 0.8358923230309074
m 177 79 3 19.666666666666668 390.3333333333333 0.8358923230309074
m 177 54 3 19.666666666666668 390.3333333333333 0.8358923230309074
m 177 123 3 19.666666666666668 390.3333333333333 0.8358923230309074
m 177 129 3 19.666666666666668 390.3333333333333 0.8358923230309074
m 177 172 3 19.666666666666668 390.3333333333333 0.8358923230309074
m 177 147 3 19.666666666666668 390.3333333333333 0.8358923230309074
m 177 100 3 19.666666666666668 390.3333333333333 0.8358923230309074
b 54 0 180 67
m 54 86 0 180 67
m 54 123 0 180 67
m 54 141 0 180 67
m 54 211 0 180 67
b 54 1 180 67
m 54 86 1 180 67
m 54 123 1 180 67
m 54 141 1 180 67
m 54 211 1 180 67
b 54 2 180 67
b 54 3 180 67
m 54 211 3 16.0 289.0 0.010784774436090423
b 38 0 181 77
m 38 123 0 181 77
m 38 141 0 181 77
m 38 211 0 181 77
b 38 1 181 77
m 38 86 1 181 77
m 38 123 1 181 77
m 38 141 1 181 77
m 38 211 1 181 77
b 38 2 181 77
m 38 86 2 181 77
m 38 123 2 181 77
m 38 141 2 181 77
m 38 211 2 181 77
b 38 3 181 77
m 38 123 3 15.75 285.75 0.16666666666666666
m 38 86 3 15.75 285.75 0.16666666666666666
b 98 0 127 176
m 98 56 0 127 176
m 98 62 0 127 176
b 98 3 127 176
m 98 62 3 15.75 275.75 0.2852459335875424
b 140 0 74 153
m 140 5 0 74 153
m 140 61 0 74 153
m 140 75 0 74 153
m 140 133 0 74 153
m 140 229 0 74 153
m 140 233 0 74 153
m 140 235 0 74 153
b 181 0 187 133
m 181 96 0 187 133
m 181 136 0 187 133
m 181 149 0 187 133
m 181 153 0 187 133
m 181 155 0 187 133
b 181 1 187 133
m 181 96 1 187 133
m 181 136 1 187 133
m 181 149 1 187 133
m 181 153 1 187 133
m 181 155 1 187 133
b 181 2 187 133
b 181 3 187 133
m 181 136 3 16.0 289.0 0.010784774436090423
b 98 1 128 175
b 98 2 128 175
b 109 0 241 104
m 109 41 0 241 104
m 109 42 0 241 104
m 109 83 0 241 104
m 109 96 0 241 104
m 109 136 0 241 104
m 109 149 0 241 104
m 109 153 0 241 104
m 109 155 0 241 104
m 109 166 0 241 104
m 109 169 0 241 104
m 109 200 0 241 104
m 109 227 0 241 104
m 109 230 0 241 104
b 109 1 241 104
m 109 41 1 241 104
m 109 42 1 241 104
m 109 83 1 241 104
m 109 96 1 241 104
m 109 136 1 241 104
m 109 149 1 241 104
m 109 153 1 241 104
m 109 155 1 241 104
m 109 166 1 241 104
m 109 169 1 241 104
m 109 200 1 241 104
m 109 227 1 241 104
m 109 230 1 241 104
b 109 2 241 104
b 109 3 241 104
m 109 42 3 17.75 325.75 0.7039500158847823
m 109 96 3 17.75 325.75 0.7039500158847823
m 109 230 3 17.75 325.75 0.7039500158847823
m 109 136 3 17.75 325.75 0.7039500158847823
m 109 169 3 17.75 325.75 0.7039500158847823
m 109 149 3 17.75 325.75 0.7039500158847823
m 109 83 3 17.75 325.75 0.7039500158847823
m 109 153 3 17.75 325.75 0.7039500158847823
m 109 41 3 17.75 325.75 0.7039500158847823
b 121 0 113 191
m 121 5 0 113 191
m 121 62 0 113 191
m 121 70 0 113 191
m 121 119 0 113 191
b 121 3 113 191
m 121 78 3 16.0 281.0 0.310984190213957
m 121 140 3 16.0 281.0 0.310984190213957
m 121 70 3 16.0 281.0 0.310984190213957
b 195 0 105 165
m 195 5 0 105 165
m 195 61 0 105 165
m 195 133 0 105 165
b 121 1 113 190
b 121 2 113 190
m 121 2 2 113 190
m 121 5 2 113 190
m 121 62 2 113 190
m 121 70 2 113 190
m 121 119 2 113 190
m 121 140 2 113 190
m 121 197 2 113 190
b 147 0 227 42
m 147 33 0 227 42
m 147 42 0 227 42
m 147 43 0 227 42
m 147 165 0 227 42
m 147 200 0 227 42
b 147 1 227 42
m 147 33 1 227 42
m 147 42 1 227 42
m 147 43 1 227 42
m 147 165 1 227 42
m 147 200 1 227 42
b 147 2 227 42
m 147 33 2 227 42
m 147 42 2 227 42
m 147 43 2 227 42
m 147 165 2 227 42
m 147 200 2 227 42
b 191 0 217 228
m 191 56 0 217 228
m 191 59 0 217 228
m 191 68 0 217 228
m 191 153 0 217 228
m 191 216 0 217 228
m 191 217 0 217 228
b 191 1 217 228
m 191 56 1 217 228
m 191 59 1 217 228
m 191 68 1 217 228
m 191 153 1 217 228
m 191 216 1 217 228
m 191 217 1 217 228
b 191 2 217 228
m 191 56 2 217 228
m 191 59 2 217 228
m 191 68 2 217 228
m 191 153 2 217 228
m 191 216 2 217 228
m 191 217 2 217 228
b 191 3 217 228
m 191 68 3 14.75 256.75 0.10753667360491624
b 195 1 106 165
m 195 2 1 106 165
m 195 5 1 106 165
m 195 61 1 106 165
m 195 133 1 106 165
m 195 140 1 106 165
m 195 160 1 106 165
m 195 197 1 106 165
b 195 2 106 165
m 195 2 2 106 165
m 195 5 2 106 165
m 195 61 2 106 165
m 195 133 2 106 165
m 195 140 2 106 165
m 195 197 2 106 165
b 23 0 204 30
m 23 11 0 204 30
m 23 33 0 204 30
m 23 43 0 204 30
m 23 165 0 204 30
b 23 1 204 30
b 23 2 204 30
m 23 11 2 204 30
m 23 33 2 204 30
m 23 43 2 204 30
m 23 165 2 204 30
b 23 3 204 30
m 23 33 3 16.0 289.0 0.010784774436090423
b 87 0 159 2
m 87 123 0 159 2
m 87 138 0 159 2
m 87 141 0 159 2
m 87 189 0 159 2
m 87 211 0 159 2
b 87 1 159 2
m 87 123 1 159 2
m 87 138 1 159 2
m 87 141 1 159 2
m 87 189 1 159 2
m 87 211 1 159 2
b 87 2 159 2
m 87 123 2 159 2
m 87 138 2 159 2
m 87 141 2 159 2
m 87 189 2 159 2
m 87 211 2 159 2
b 147 3 227 41
m 147 200 3 16.0 285.5 0.24293396832191766
m 147 129 3 16.0 285.5 0.24293396832191766
b 170 0 286 68
m 170 33 0 286 68
m 170 42 0 286 68
m 170 43 0 286 68
m 170 51 0 286 68
m 170 83 0 286 68
m 170 165 0 286 68
m 170 166 0 286 68
m 170 200 0 286 68
m 170 227 0 286 68
b 170 1 286 68
m 170 33 1 286 68
m 170 42 1 286 68
m 170 43 1 286 68
m 170 51 1 286 68
m 170 83 1 286 68
m 170 165 1 286 68
m 170 166 1 286 68
m 170 200 1 286 68
m 170 227 1 286 68
b 170 2 286 68
m 170 33 2 286 68
m 170 42 2 286 68
m 170 43 2 286 68
m 170 51 2 286 68
m 170 83 2 286 68
m 170 165 2 286 68
m 170 166 2 286 68
m 170 200 2 286 68
m 170 227 2 286 68
b 170 3 286 68
m 170 51 3 17.0 307.0 0.5238028225644326
m 170 83 3 17.0 307.0 0.5238028225644326
m 170 227 3 17.0 307.0 0.5238028225644326
m 170 166 3 17.0 307.0 0.5238028225644326
m 170 43 3 17.0 307.0 0.5238028225644326
b 0 0 158 107
m 0 123 0 158 107
m 0 211 0 158 107
b 0 1 158 107
m 0 123 1 158 107
m 0 211 1 158 107
b 0 2 158 107
m 0 123 2 158 107
m 0 141 2 158 107
m 0 211 2 158 107
b 0 3 158 107
m 0 86 3 15.0 279.0 0.3333333333333333
b 31 0 157 169
m 31 56 0 157 169
b 141 0 143 71
m 141 64 0 143 71
m 141 123 0 143 71
m 141 138 0 143 71
m 141 189 0 143 71
m 141 211 0 143 71
b 141 1 143 71
m 141 64 1 143 71
m 141 123 1 143 71
m 141 138 1 143 71
m 141 189 1 143 71
m 141 211 1 143 71
b 141 3 143 71
m 141 123 3 15.5 278.5 0.16666666666666666
m 141 189 3 15.5 278.5 0.16666666666666666
b 160 0 69 99
m 160 61 0 69 99
m 160 107 0 69 99
m 160 138 0 69 99
m 160 237 0 69 99
b 160 3 69 99
m 160 61 3 14.5 257.0 0.2
m 160 195 3 14.5 257.0 0.2
b 231 0 51 220
m 231 75 0 51 220
m 231 90 0 51 220
m 231 119 0 51 220
m 231 133 0 51 220
m 231 229 0 51 220
m 231 233 0 51 220
b 2 0 49 151
m 2 61 0 49 151
m 2 75 0 49 151
m 2 133 0 49 151
m 2 229 0 49 151
m 2 233 0 49 151
b 2 3 49 151
m 2 61 3 15.5 271.0 0.25318702286988803
m 2 78 3 15.5 271.0 0.25318702286988803
m 2 195 3 15.5 271.0 0.25318702286988803
b 31 1 156 168
m 31 56 1 156 168
b 31 2 156 168
b 86 0 143 48
m 86 64 0 143 48
m 86 138 0 143 48
m 86 189 0 143 48
b 140 1 79 153
m 140 2 1 79 153
m 140 61 1 79 153
m 140 75 1 79 153
m 140 133 1 79 153
m 140 197 1 79 153
m 140 229 1 79 153
m 140 233 1 79 153
b 140 3 79 153
m 140 233 3 16.0 285.5 0.24293396832191766
m 140 75 3 16.0 285.5 0.24293396832191766
b 141 2 143 72
b 190 0 100 85
m 190 64 0 100 85
m 190 107 0 100 85
m 190 138 0 100 85
m 190 189 0 100 85
b 190 1 100 85
m 190 64 1 100 85
m 190 107 1 100 85
m 190 138 1 100 85
m 190 189 1 100 85
b 190 3 100 85
m 190 107 3 15.0 273.5 0.25
m 190 189 3 15.0 273.5 0.25
b 228 0 154 85
m 228 138 0 154 85
b 228 1 154 85
m 228 138 1 154 85
b 228 2 154 85
m 228 67 2 154 85
m 228 123 2 154 85
m 228 138 2 154 85
m 228 190 2 154 85
m 228 208 2 154 85
m 228 211 2 154 85
b 228 3 154 85
m 228 138 3 14.75 277.75 0.5
m 228 87 3 14.75 277.75 0.5
b 231 1 50 221
m 231 2 1 50 221
m 231 75 1 50 221
m 231 90 1 50 221
m 231 133 1 50 221
m 231 197 1 50 221
m 231 229 1 50 221
m 231 233 1 50 221
b 231 2 50 221
m 231 2 2 50 221
m 231 5 2 50 221
m 231 75 2 50 221
m 231 90 2 50 221
m 231 119 2 50 221
m 231 133 2 50 221
m 231 140 2 50 221
m 231 197 2 50 221
m 231 229 2 50 221
m 231 233 2 50 221
b 231 3 50 221
m 231 78 3 15.5 271.0 0.1384226389531992
m 231 195 3 15.5 271.0 0.1384226389531992
b 31 3 156 167
m 31 56 3 13.25 241.75 0.5
m 31 195 3 13.25 241.75 0.5
b 78 0 51 217
m 78 75 0 51 217
m 78 90 0 51 217
m 78 91 0 51 217
m 78 133 0 51 217
m 78 156 0 51 217
m 78 229 0 51 217
b 100 0 190 120
m 100 149 0 190 120
b 100 1 190 120
b 100 2 190 120
b 100 3 190 120
m 100 149 3 15.25 280.75 0.25
m 100 96 3 15.25 280.75 0.25
b 123 0 157 44
m 123 64 0 157 44
m 123 138 0 157 44
m 123 189 0 157 44
b 123 1 157 44
m 123 64 1 157 44
m 123 138 1 157 44
m 123 189 1 157 44
b 123 3 157 44
m 123 87 3 15.25 280.75 0.25
m 123 64 3 15.25 280.75 0.25
b 129 0 191 78
b 129 1 191 78
b 129 2 191 78
m 129 123 2 191 78
m 129 211 2 191 78
b 172 0 177 132
m 172 149 0 177 132
b 172 1 177 132
m 172 149 1 177 132
b 172 2 177 132
b 172 3 177 132
m 172 96 3 15.0 279.0 0.3333333333333333
b 197 0 28 187
m 197 61 0 28 187
m 197 75 0 28 187
m 197 90 0 28 187
m 197 133 0 28 187
m 197 229 0 28 187
m 197 233 0 28 187
b 5 0 55 169
m 5 61 0 55 169
m 5 75 0 55 169
m 5 133 0 55 169
m 5 229 0 55 169
m 5 233 0 55 169
b 5 1 55 169
m 5 2 1 55 169
m 5 61 1 55 169
m 5 75 1 55 169
m 5 133 1 55 169
m 5 197 1 55 169
m 5 229 1 55 169
m 5 233 1 55 169
b 5 3 55 169
m 5 75 3 16.0 285.5 0.24293396832191766
m 5 78 3 16.0 285.5 0.24293396832191766
b 78 1 50 218
m 78 2 1 50 218
m 78 75 1 50 218
m 78 90 1 50 218
m 78 91 1 50 218
m 78 133 1 50 218
m 78 156 1 50 218
m 78 197 1 50 218
m 78 229 1 50 218
b 78 2 50 218
m 78 2 2 50 218
m 78 5 2 50 218
m 78 62 2 50 218
m 78 75 2 50 218
m 78 90 2 50 218
m 78 91 2 50 218
m 78 119 2 50 218
m 78 133 2 50 218
m 78 140 2 50 218
m 78 156 2 50 218
m 78 197 2 50 218
m 78 229 2 50 218
b 86 1 144 46
m 86 64 1 144 46
m 86 138 1 144 46
m 86 189 1 144 46
b 86 2 144 46
m 86 64 2 144 46
m 86 67 2 144 46
m 86 123 2 144 46
m 86 138 2 144 46
m 86 189 2 144 46
m 86 190 2 144 46
m 86 208 2 144 46
m 86 211 2 144 46
b 96 0 260 156
m 96 41 0 260 156
m 96 42 0 260 156
m 96 83 0 260 156
m 96 114 0 260 156
m 96 149 0 260 156
m 96 166 0 260 156
m 96 169 0 260 156
m 96 227 0 260 156
m 96 230 0 260 156
b 96 1 260 156
b 96 2 260 156
m 96 41 2 260 156
m 96 42 2 260 156
m 96 83 2 260 156
m 96 114 2 260 156
m 96 149 2 260 156
m 96 166 2 260 156
m 96 169 2 260 156
m 96 227 2 260 156
m 96 230 2 260 156
b 122 0 75 204
m 122 133 0 75 204
m 122 229 0 75 204
b 122 1 74 203
m 122 2 1 74 203
m 122 133 1 74 203
m 122 197 1 74 203
m 122 229 1 74 203
b 122 2 74 203
m 122 2 2 74 203
m 122 5 2 74 203
m 122 62 2 74 203
m 122 70 2 74 203
m 122 119 2 74 203
m 122 133 2 74 203
m 122 140 2 74 203
m 122 197 2 74 203
m 122 229 2 74 203
b 160 2 70 95
b 61 0 47 135
m 61 75 0 47 135
m 61 133 0 47 135
m 61 229 0 47 135
m 61 233 0 47 135
b 61 1 47 135
m 61 2 1 47 135
m 61 75 1 47 135
m 61 133 1 47 135
m 61 197 1 47 135
m 61 229 1 47 135
m 61 233 1 47 135
b 61 2 47 135
m 61 2 2 47 135
m 61 75 2 47 135
m 61 133 2 47 135
m 61 197 2 47 135
m 61 229 2 47 135
m 61 233 2 47 135
b 61 3 47 135
m 61 75 3 15.75 290.75 0.2
m 61 197 3 15.75 290.75 0.2
b 79 0 250 1
m 79 11 0 250 1
m 79 33 0 250 1
m 79 43 0 250 1
m 79 165 0 250 1
b 79 1 250 1
m 79 11 1 250 1
m 79 33 1 250 1
m 79 43 1 250 1
m 79 165 1 250 1
b 79 2 250 1
b 79 3 250 1
m 79 11 3 15.25 280.75 0.25
m 79 43 3 15.25 280.75 0.25
b 119 0 99 230
m 119 55 0 99 230
m 119 144 0 99 230
m 119 180 0 99 230
m 119 216 0 99 230
m 119 225 0 99 230
b 119 1 99 230
m 119 55 1 99 230
m 119 144 1 99 230
m 119 180 1 99 230
m 119 216 1 99 230
m 119 225 1 99 230
b 119 3 99 230
m 119 56 3 16.25 286.75 0.33200276155489683
m 119 216 3 16.25 286.75 0.33200276155489683
m 119 70 3 16.25 286.75 0.33200276155489683
b 123 2 159 45
b 160 1 70 94
m 160 2 1 70 94
m 160 138 1 70 94
b 64 0 87 22
m 64 13 0 87 22
m 64 138 0 87 22
m 64 189 0 87 22
b 64 1 87 22
b 64 2 87 22
m 64 13 2 87 22
m 64 138 2 87 22
m 64 189 2 87 22
b 86 3 146 44
m 86 87 3 14.25 254.75 0.25
m 86 64 3 14.25 254.75 0.25
b 140 2 84 153
b 190 2 105 87
b 237 0 6 83
m 237 187 0 6 83
b 237 1 6 83
m 237 187 1 6 83
b 237 2 6 83
b 237 3 6 83
m 237 187 3 14.75 284.75 1.0
b 67 0 80 79
m 67 138 0 80 79
m 67 189 0 80 79
b 67 1 80 79
b 67 3 80 79
m 67 189 3 14.75 271.75 0.3333333333333333
b 107 0 15 79
m 107 187 0 15 79
b 107 1 15 79
m 107 187 1 15 79
b 107 2 15 79
m 107 187 2 15 79
b 107 3 15 79
m 107 187 3 14.75 284.75 1.0
b 129 3 193 83
m 129 87 3 13.75 256.75 1.0
b 136 0 229 140
m 136 41 0 229 140
m 136 42 0 229 140
m 136 83 0 229 140
m 136 149 0 229 140
m 136 166 0 229 140
m 136 169 0 229 140
m 136 227 0 229 140
m 136 230 0 229 140
b 136 1 229 140
b 136 2 229 140
m 136 41 2 229 140
m 136 42 2 229 140
m 136 83 2 229 140
m 136 149 2 229 140
m 136 166 2 229 140
m 136 169 2 229 140
m 136 227 2 229 140
m 136 230 2 229 140
b 136 3 229 140
m 136 96 3 16.0 281.5 0.37984375000000004
m 136 230 3 16.0 281.5 0.37984375000000004
m 136 149 3 16.0 281.5 0.37984375000000004
m 136 227 3 16.0 281.5 0.37984375000000004
b 195 3 115 166
m 195 197 3 15.75 290.75 0.2
b 235 0 13 104
b 235 1 13 104
b 235 3 13 104
m 235 233 3 14.25 269.75 1.0
b 5 2 58 173
m 5 2 2 58 173
m 5 75 2 58 173
m 5 133 2 58 173
m 5 197 2 58 173
m 5 229 2 58 173
m 5 233 2 58 173
b 56 0 150 202
m 56 180 0 150 202
m 56 216 0 150 202
b 56 1 150 202
m 56 180 1 150 202
m 56 216 1 150 202
b 59 0 178 300
m 59 18 0 178 300
m 59 19 0 178 300
m 59 55 0 178 300
m 59 60 0 178 300
m 59 68 0 178 300
m 59 88 0 178 300
m 59 94 0 178 300
m 59 134 0 178 300
m 59 144 0 178 300
m 59 151 0 178 300
m 59 161 0 178 300
m 59 168 0 178 300
m 59 180 0 178 300
m 59 182 0 178 300
m 59 193 0 178 300
m 59 206 0 178 300
m 59 207 0 178 300
m 59 216 0 178 300
m 59 221 0 178 300
b 59 1 178 300
m 59 18 1 178 300
m 59 19 1 178 300
m 59 55 1 178 300
m 59 60 1 178 300
m 59 68 1 178 300
m 59 88 1 178 300
m 59 94 1 178 300
m 59 134 1 178 300
m 59 144 1 178 300
m 59 151 1 178 300
m 59 161 1 178 300
m 59 168 1 178 300
m 59 180 1 178 300
m 59 182 1 178 300
m 59 193 1 178 300
m 59 206 1 178 300
m 59 207 1 178 300
m 59 216 1 178 300
m 59 221 1 178 300
b 59 3 178 300
m 59 18 3 18.25 361.75 0.1743794287503732
m 59 88 3 18.25 361.75 0.1743794287503732
m 59 68 3 18.25 361.75 0.1743794287503732
m 59 94 3 18.25 361.75 0.1743794287503732
b 153 0 240 138
b 153 1 240 138
b 153 2 240 138
m 153 41 2 240 138
m 153 42 2 240 138
m 153 83 2 240 138
m 153 149 2 240 138
m 153 166 2 240 138
m 153 169 2 240 138
m 153 230 2 240 138
b 62 0 98 239
m 62 55 0 98 239
m 62 144 0 98 239
m 62 151 0 98 239
m 62 156 0 98 239
m 62 180 0 98 239
m 62 216 0 98 239
m 62 225 0 98 239
b 62 1 98 239
m 62 55 1 98 239
m 62 144 1 98 239
m 62 151 1 98 239
m 62 156 1 98 239
m 62 180 1 98 239
m 62 216 1 98 239
m 62 225 1 98 239
b 62 3 98 239
m 62 55 3 16.0 281.0 0.310984190213957
m 62 56 3 16.0 281.0 0.310984190213957
m 62 216 3 16.0 281.0 0.310984190213957
b 70 0 122 225
m 70 55 0 122 225
m 70 144 0 122 225
m 70 151 0 122 225
m 70 180 0 122 225
m 70 182 0 122 225
m 70 216 0 122 225
b 70 1 122 225
m 70 55 1 122 225
m 70 144 1 122 225
m 70 151 1 122 225
m 70 180 1 122 225
m 70 182 1 122 225
m 70 216 1 122 225
b 200 0 272 72
b 200 1 272 72
b 208 0 106 55
m 208 138 0 106 55
m 208 189 0 106 55
b 208 1 106 55
m 208 138 1 106 55
m 208 189 1 106 55
b 208 3 106 55
m 208 189 3 14.75 271.75 0.3333333333333333
b 42 0 276 91
b 42 1 276 91
b 42 3 276 91
m 42 165 3 15.2 265.6 0.2
m 42 166 3 15.2 265.6 0.2
b 122 3 69 200
m 122 133 3 15.0 263.0 0.1591172786167821
m 122 90 3 15.0 263.0 0.1591172786167821
b 155 0 231 120
b 155 1 231 120
b 155 2 231 120
b 155 3 231 120
m 155 166 3 14.0 257.5 0.5
m 155 227 3 14.0 257.5 0.5
b 200 2 271 72
b 211 0 151 43
b 211 1 151 43
b 211 3 151 43
m 211 87 3 15.25 280.75 0.25
m 211 64 3 15.25 280.75 0.25
b 42 2 276 90
b 165 0 270 55
b 165 1 270 55
m 165 11 1 270 55
b 165 2 270 55
b 200 3 270 72
m 200 165 3 13.200000000000001 229.20000000000002 0.5
b 67 2 79 84
b 96 3 269 157
m 96 114 3 14.6 261.40000000000003 0.5
m 96 21 3 14.6 261.40000000000003 0.5
b 217 0 211 248
m 217 4 0 211 248
m 217 94 0 211 248
m 217 201 0 211 248
m 217 221 0 211 248
b 217 1 211 248
m 217 4 1 211 248
m 217 94 1 211 248
m 217 201 1 211 248
m 217 221 1 211 248
b 235 2 10 100
b 119 2 96 223
b 133 0 51 203
b 169 0 251 188
m 169 21 0 251 188
m 169 114 0 251 188
m 169 201 0 251 188
b 169 1 251 188
m 169 21 1 251 188
m 169 114 1 251 188
m 169 201 1 251 188
b 169 3 251 188
b 211 2 154 44
b 229 0 40 192
b 75 0 0 185
b 83 0 297 143
m 83 21 0 297 143
m 83 114 0 297 143
m 83 152 0 297 143
m 83 198 0 297 143
m 83 238 0 297 143
b 83 1 297 143
m 83 21 1 297 143
m 83 114 1 297 143
m 83 152 1 297 143
m 83 198 1 297 143
m 83 238 1 297 143
b 83 3 297 143
b 156 0 67 254
m 156 3 0 67 254
m 156 103 0 67 254
m 156 163 0 67 254
m 156 180 0 67 254
m 156 225 0 67 254
b 208 2 111 55
b 233 0 11 200
b 59 2 180 307
m 59 18 2 180 307
m 59 19 2 180 307
m 59 55 2 180 307
m 59 60 2 180 307
m 59 88 2 180 307
m 59 94 2 180 307
m 59 134 2 180 307
m 59 144 2 180 307
m 59 151 2 180 307
m 59 161 2 180 307
m 59 168 2 180 307
m 59 182 2 180 307
m 59 193 2 180 307
m 59 206 2 180 307
m 59 207 2 180 307
m 59 219 2 180 307
m 59 220 2 180 307
m 59 221 2 180 307
b 64 3 96 19
m 64 13 3 12.399999999999999 224.79999999999998 1.0
b 68 0 227 222
m 68 4 0 227 222
m 68 94 0 227 222
m 68 201 0 227 222
b 68 1 227 222
m 68 4 1 227 222
m 68 94 1 227 222
m 68 201 1 227 222
b 68 2 227 222
m 68 4 2 227 222
m 68 94 2 227 222
m 68 201 2 227 222
b 68 3 227 222
m 68 94 3 12.8 210.4 0.053179551296150214
b 114 0 293 179
m 114 6 0 293 179
m 114 21 0 293 179
m 114 99 0 293 179
m 114 152 0 293 179
m 114 198 0 293 179
m 114 214 0 293 179
m 114 238 0 293 179
b 114 2 293 179
b 133 1 53 204
b 133 2 53 204
b 156 1 68 253
b 156 2 68 253
m 156 3 2 68 253
m 156 103 2 68 253
m 156 163 2 68 253
m 156 180 2 68 253
m 156 225 2 68 253
b 230 0 328 139
m 230 6 0 328 139
m 230 21 0 328 139
m 230 99 0 328 139
m 230 152 0 328 139
m 230 198 0 328 139
m 230 238 0 328 139
b 230 1 328 139
m 230 6 1 328 139
m 230 21 1 328 139
m 230 99 1 328 139
m 230 114 1 328 139
m 230 152 1 328 139
m 230 198 1 328 139
m 230 238 1 328 139
b 230 3 328 139
m 230 6 3 16.0 276.8 0.3792619593157027
m 230 114 3 16.0 276.8 0.3792619593157027
b 2 1 50 136
b 2 2 50 136
b 11 0 240 4
b 11 2 240 4
b 56 2 143 199
b 70 3 124 219
m 70 144 3 14.0 232.0 0.08594675373747823
b 78 3 37 219
m 78 90 3 14.0 232.0 0.08594675373747823
b 83 2 296 145
b 227 0 319 123
m 227 12 0 319 123
m 227 21 0 319 123
m 227 104 0 319 123
m 227 238 0 319 123
b 227 1 319 123
m 227 12 1 319 123
m 227 21 1 319 123
m 227 104 1 319 123
m 227 114 1 319 123
m 227 238 1 319 123
b 41 0 304 153
m 41 21 0 304 153
m 41 99 0 304 153
m 41 152 0 304 153
m 41 198 0 304 153
m 41 238 0 304 153
b 41 1 304 153
m 41 21 1 304 153
m 41 99 1 304 153
m 41 114 1 304 153
m 41 152 1 304 153
m 41 198 1 304 153
m 41 238 1 304 153
b 41 3 304 153
m 41 152 3 15.399999999999999 267.8 0.16666666666666666
m 41 99 3 15.399999999999999 267.8 0.16666666666666666
b 62 2 91 235
b 70 2 124 218
m 70 55 2 124 218
m 70 144 2 124 218
m 70 151 2 124 218
m 70 180 2 124 218
b 87 3 162 15
b 153 3 236 130
b 166 0 264 106
b 166 1 264 106
b 197 1 13 186
b 197 2 13 186
b 55 0 130 275
m 55 60 0 130 275
m 55 88 0 130 275
m 55 94 0 130 275
m 55 134 0 130 275
m 55 151 0 130 275
m 55 168 0 130 275
m 55 182 0 130 275
m 55 193 0 130 275
m 55 206 0 130 275
m 55 207 0 130 275
m 55 221 0 130 275
b 55 1 130 275
m 55 60 1 130 275
m 55 88 1 130 275
m 55 94 1 130 275
m 55 134 1 130 275
m 55 151 1 130 275
m 55 168 1 130 275
m 55 182 1 130 275
m 55 193 1 130 275
m 55 206 1 130 275
m 55 207 1 130 275
m 55 221 1 130 275
b 138 0 124 61
b 138 1 124 61
b 138 2 124 61
b 149 0 227 156
m 149 21 0 227 156
b 149 1 227 156
m 149 21 1 227 156
b 180 0 109 236
m 180 3 0 109 236
m 180 151 0 109 236
m 180 163 0 109 236
m 180 168 0 109 236
m 180 182 0 109 236
m 180 206 0 109 236
b 180 1 109 236
b 189 0 77 14
b 189 1 77 14
m 189 13 1 77 14
b 189 2 77 14
b 227 2 321 122
b 227 3 321 122
m 227 114 3 15.0 255.4 0.2742903371544956
b 229 1 45 192
b 229 2 45 192
b 43 0 264 69
m 43 210 0 264 69
b 43 1 264 69
m 43 210 1 264 69
b 43 2 264 69
m 43 210 2 264 69
b 75 1 2 190
b 75 2 2 190
b 75 3 2 190
m 75 90 3 13.4 230.20000000000002 0.3333333333333333
b 149 3 227 157
m 149 21 3 14.6 261.40000000000003 0.5
b 166 2 262 106
b 166 3 262 106
m 166 165 3 14.0 246.4 0.5
b 169 2 246 191
b 189 3 76 14
m 189 13 3 12.6 223.0 1.0
b 217 2 207 253
b 233 1 14 204
b 233 2 14 204
b 233 3 14 204
m 233 90 3 13.4 230.20000000000002 0.3333333333333333
b 33 0 240 58
b 33 1 240 58
b 33 2 240 58
b 43 3 264 70
m 43 165 3 14.0 246.4 0.5
m 43 210 3 14.0 246.4 0.5
b 51 0 339 32
m 51 148 0 339 32
m 51 203 0 339 32
m 51 210 0 339 32
m 51 215 0 339 32
b 51 1 339 32
m 51 148 1 339 32
m 51 203 1 339 32
m 51 210 1 339 32
m 51 215 1 339 32
b 51 2 339 32
m 51 148 2 339 32
m 51 203 2 339 32
m 51 210 2 339 32
m 51 215 2 339 32
b 51 3 339 32
m 51 215 3 14.6 250.6 0.2
b 56 3 139 197
m 56 180 3 10.799999999999999 193.6 0.01851851851851838
b 138 3 125 62
b 216 0 202 248
b 216 1 202 248
b 216 2 202 248
m 216 55 2 202 248
m 216 60 2 202 248
m 216 88 2 202 248
m 216 94 2 202 248
m 216 134 2 202 248
m 216 144 2 202 248
m 216 182 2 202 248
m 216 193 2 202 248
m 216 206 2 202 248
m 216 207 2 202 248
m 216 221 2 202 248
b 33 3 239 58
m 33 165 3 13.0 231.39999999999998 1.0
b 90 0 29 222
b 151 0 122 285
m 151 3 0 122 285
m 151 45 0 122 285
m 151 103 0 122 285
m 151 154 0 122 285
m 151 163 0 122 285
m 151 179 0 122 285
m 151 219 0 122 285
b 151 1 122 285
m 151 3 1 122 285
m 151 45 1 122 285
m 151 103 1 122 285
m 151 154 1 122 285
m 151 163 1 122 285
m 151 179 1 122 285
m 151 219 1 122 285
b 230 2 334 138
b 11 1 234 5
b 11 3 234 5
b 13 0 33 19
b 13 2 33 19
b 19 0 202 320
m 19 17 0 202 320
m 19 49 0 202 320
m 19 112 0 202 320
m 19 192 0 202 320
m 19 219 0 202 320
m 19 220 0 202 320
m 19 224 0 202 320
b 19 1 202 320
m 19 17 1 202 320
m 19 49 1 202 320
m 19 112 1 202 320
m 19 192 1 202 320
m 19 219 1 202 320
m 19 220 1 202 320
m 19 224 1 202 320
b 55 3 127 273
m 55 193 3 16.400000000000002 289.6 0.4308205175796277
m 55 168 3 16.400000000000002 289.6 0.4308205175796277
m 55 182 3 16.400000000000002 289.6 0.4308205175796277
m 55 134 3 16.400000000000002 289.6 0.4308205175796277
m 55 3 3 16.400000000000002 289.6 0.4308205175796277
m 55 144 3 16.400000000000002 289.6 0.4308205175796277
m 55 60 3 16.400000000000002 289.6 0.4308205175796277
b 90 1 29 222
b 90 2 29 222
b 41 2 310 154
b 60 0 191 322
m 60 49 0 191 322
m 60 112 0 191 322
m 60 219 0 191 322
m 60 220 0 191 322
b 60 1 191 322
b 91 0 61 306
m 91 3 0 61 306
m 91 103 0 61 306
m 91 157 0 61 306
m 91 163 0 61 306
b 144 0 133 305
m 144 3 0 133 305
m 144 45 0 133 305
m 144 154 0 133 305
m 144 179 0 133 305
m 144 219 0 133 305
b 144 1 133 305
m 144 3 1 133 305
m 144 45 1 133 305
m 144 154 1 133 305
m 144 179 1 133 305
m 144 219 1 133 305
b 165 3 267 67
b 225 0 113 288
m 225 3 0 113 288
m 225 45 0 113 288
m 225 103 0 113 288
m 225 154 0 113 288
m 225 163 0 113 288
m 225 179 0 113 288
b 225 1 113 288
m 225 3 1 113 288
m 225 45 1 113 288
m 225 103 1 113 288
m 225 154 1 113 288
m 225 163 1 113 288
m 225 179 1 113 288
b 91 1 62 307
m 91 3 1 62 307
m 91 103 1 62 307
m 91 157 1 62 307
m 91 163 1 62 307
b 91 2 62 307
m 91 3 2 62 307
m 91 103 2 62 307
m 91 151 2 62 307
m 91 157 2 62 307
m 91 163 2 62 307
m 91 225 2 62 307
b 114 3 286 174
m 114 6 3 13.333333333333332 226.00000000000003 0.8652060662190322
m 114 214 3 13.333333333333332 226.00000000000003 0.8652060662190322
m 114 201 3 13.333333333333332 226.00000000000003 0.8652060662190322
m 114 238 3 13.333333333333332 226.00000000000003 0.8652060662190322
m 114 152 3 13.333333333333332 226.00000000000003 0.8652060662190322
m 114 198 3 13.333333333333332 226.00000000000003 0.8652060662190322
m 114 99 3 13.333333333333332 226.00000000000003 0.8652060662190322
b 193 0 179 299
m 193 45 0 179 299
m 193 219 0 179 299
b 193 1 179 299
m 193 45 1 179 299
m 193 219 1 179 299
b 197 3 6 185
m 197 229 3 12.799999999999999 232.79999999999998 1.0
b 206 0 139 294
m 206 45 0 139 294
m 206 154 0 139 294
m 206 179 0 139 294
m 206 219 0 139 294
b 206 1 139 294
m 206 45 1 139 294
m 206 154 1 139 294
m 206 179 1 139 294
m 206 219 1 139 294
b 114 1 286 173
m 114 6 1 286 173
m 114 99 1 286 173
m 114 214 1 286 173
b 149 2 221 159
m 149 21 2 221 159
b 168 0 157 320
m 168 45 0 157 320
m 168 112 0 157 320
m 168 150 0 157 320
m 168 154 0 157 320
m 168 179 0 157 320
m 168 219 0 157 320
b 168 1 157 320
m 168 3 1 157 320
m 168 45 1 157 320
m 168 112 1 157 320
m 168 150 1 157 320
m 168 154 1 157 320
m 168 179 1 157 320
m 168 219 1 157 320
b 187 0 5 44
b 187 1 5 44
m 187 13 1 5 44
b 187 3 5 44
m 187 13 3 12.0 228.0 1.0
b 152 0 330 213
m 152 175 0 330 213
b 152 1 330 213
m 152 6 1 330 213
m 152 99 1 330 213
m 152 175 1 330 213
m 152 214 1 330 213
b 187 2 5 45
b 198 0 314 182
b 198 1 314 182
m 198 6 1 314 182
m 198 99 1 314 182
m 198 214 1 314 182
b 18 0 196 318
m 18 17 0 196 318
m 18 49 0 196 318
m 18 112 0 196 318
m 18 219 0 196 318
m 18 220 0 196 318
b 18 1 196 318
m 18 17 1 196 318
m 18 49 1 196 318
m 18 112 1 196 318
m 18 219 1 196 318
m 18 220 1 196 318
b 18 3 196 318
m 18 19 3 17.8 340.59999999999997 0.11773991052757377
m 18 17 3 17.8 340.59999999999997 0.11773991052757377
b 21 3 286 175
m 21 214 3 13.166666666666666 223.83333333333337 0.842247433819557
m 21 201 3 13.166666666666666 223.83333333333337 0.842247433819557
m 21 152 3 13.166666666666666 223.83333333333337 0.842247433819557
m 21 198 3 13.166666666666666 223.83333333333337 0.842247433819557
m 21 99 3 13.166666666666666 223.83333333333337 0.842247433819557
b 133 3 64 208
b 161 0 152 324
m 161 45 0 152 324
m 161 112 0 152 324
m 161 150 0 152 324
m 161 154 0 152 324
m 161 179 0 152 324
m 161 219 0 152 324
b 161 1 152 324
m 161 45 1 152 324
m 161 112 1 152 324
m 161 150 1 152 324
m 161 154 1 152 324
m 161 179 1 152 324
m 161 219 1 152 324
b 182 0 145 321
m 182 45 0 145 321
m 182 112 0 145 321
m 182 150 0 145 321
m 182 154 0 145 321
m 182 179 0 145 321
m 182 219 0 145 321
b 182 1 145 321
m 182 3 1 145 321
m 182 45 1 145 321
m 182 112 1 145 321
m 182 150 1 145 321
m 182 154 1 145 321
m 182 179 1 145 321
m 182 219 1 145 321
b 216 3 208 246
b 220 2 235 306
b 21 0 285 175
b 21 1 285 175
m 21 214 1 285 175
b 55 2 122 269
b 104 0 367 81
m 104 16 0 367 81
m 104 80 0 367 81
m 104 82 0 367 81
m 104 120 0 367 81
m 104 139 0 367 81
m 104 148 0 367 81
m 104 203 0 367 81
m 104 210 0 367 81
b 104 1 367 81
b 134 0 137 309
m 134 45 0 137 309
m 134 112 0 137 309
m 134 150 0 137 309
m 134 154 0 137 309
m 134 179 0 137 309
m 134 219 0 137 309
b 134 1 137 309
b 151 2 120 278
m 151 45 2 120 278
m 151 154 2 120 278
b 163 0 81 285
m 163 157 0 81 285
b 180 2 103 228
b 3 0 96 305
m 3 45 0 96 305
m 3 154 0 96 305
m 3 157 0 96 305
m 3 179 0 96 305
m 3 219 0 96 305
b 19 2 195 318
m 19 17 2 195 318
m 19 49 2 195 318
m 19 112 2 195 318
b 94 0 185 275
m 94 49 0 185 275
m 94 219 0 185 275
m 94 220 0 185 275
b 94 1 185 275
m 94 49 1 185 275
m 94 219 1 185 275
m 94 220 1 185 275
b 94 3 185 275
m 94 219 3 17.6 334.4 0.10417076791725358
m 94 151 3 17.6 334.4 0.10417076791725358
b 152 3 329 216
m 152 198 3 13.5 225.83333333333331 0.09341922482440186
b 163 2 82 284
b 3 2 97 305
m 3 45 2 97 305
m 3 154 2 97 305
m 3 157 2 97 305
m 3 179 2 97 305
b 4 0 298 272
m 4 49 0 298 272
m 4 137 0 298 272
m 4 143 0 298 272
m 4 146 0 298 272
m 4 164 0 298 272
m 4 192 0 298 272
m 4 199 0 298 272
m 4 220 0 298 272
b 4 1 298 272
m 4 49 1 298 272
m 4 137 1 298 272
m 4 143 1 298 272
m 4 146 1 298 272
m 4 164 1 298 272
m 4 192 1 298 272
m 4 199 1 298 272
m 4 214 1 298 272
m 4 220 1 298 272
b 60 2 198 322
m 60 49 2 198 322
m 60 112 2 198 322
b 88 0 179 335
m 88 17 0 179 335
m 88 45 0 179 335
m 88 49 0 179 335
m 88 112 0 179 335
m 88 150 0 179 335
m 88 219 0 179 335
m 88 220 0 179 335
b 88 1 179 335
b 88 3 179 335
m 88 19 3 18.2 354.2 0.13970920828408578
m 88 17 3 18.2 354.2 0.13970920828408578
m 88 45 3 18.2 354.2 0.13970920828408578
b 207 0 148 333
m 207 45 0 148 333
m 207 112 0 148 333
m 207 150 0 148 333
m 207 154 0 148 333
m 207 179 0 148 333
m 207 219 0 148 333
b 207 1 148 333
m 207 45 1 148 333
m 207 112 1 148 333
m 207 150 1 148 333
m 207 154 1 148 333
m 207 179 1 148 333
m 207 219 1 148 333
b 221 0 166 277
m 221 219 0 166 277
b 221 1 166 277
b 6 0 350 234
m 6 69 0 350 234
m 6 73 0 350 234
m 6 124 0 350 234
m 6 139 0 350 234
m 6 175 0 350 234
b 6 1 350 234
m 6 69 1 350 234
m 6 73 1 350 234
m 6 124 1 350 234
m 6 139 1 350 234
m 6 175 1 350 234
m 6 214 1 350 234
b 6 3 350 234
m 6 69 3 15.166666666666668 250.83333333333331 0.4627161868385583
m 6 73 3 15.166666666666668 250.83333333333331 0.4627161868385583
m 6 139 3 15.166666666666668 250.83333333333331 0.4627161868385583
b 13 3 31 28
b 90 3 37 218
m 90 229 3 12.4 211.20000000000002 0.5
m 90 156 3 12.4 211.20000000000002 0.5
b 193 2 186 297
m 193 45 2 186 297
b 206 2 135 288
m 206 45 2 135 288
m 206 154 2 135 288
b 148 0 337 82
m 148 80 0 337 82
b 148 1 337 82
b 148 2 337 82
b 168 2 163 324
m 168 45 2 163 324
m 168 112 2 163 324
m 168 150 2 163 324
m 168 154 2 163 324
m 168 179 2 163 324
b 238 0 317 122
m 238 80 0 317 122
m 238 139 0 317 122
b 238 1 317 122
b 4 2 301 272
b 103 0 36 326
m 103 157 0 36 326
m 103 209 0 36 326
b 144 2 125 311
m 144 45 2 125 311
m 144 150 2 125 311
m 144 154 2 125 311
m 144 179 2 125 311
b 180 3 100 224
m 180 163 3 9.999999999999998 167.33333333333334 0.03416808493394901
b 214 0 295 252
m 214 73 0 295 252
m 214 137 0 295 252
m 214 146 0 295 252
b 225 2 117 279
m 225 45 2 117 279
m 225 154 2 117 279
b 13 1 30 30
b 18 2 195 311
b 103 2 35 326
b 112 0 159 362
m 112 84 0 159 362
m 112 150 0 159 362
m 112 204 0 159 362
m 112 218 0 159 362
b 112 1 159 362
m 112 84 1 159 362
m 112 150 1 159 362
m 112 204 1 159 362
m 112 218 1 159 362
b 144 3 124 311
m 144 150 3 14.166666666666666 230.83333333333334 0.13812705484630877
m 144 163 3 14.166666666666666 230.83333333333334 0.13812705484630877
m 144 151 3 14.166666666666666 230.83333333333334 0.13812705484630877
b 161 2 146 320
m 161 45 2 146 320
m 161 112 2 146 320
m 161 150 2 146 320
m 161 154 2 146 320
m 161 179 2 146 320
b 182 2 141 327
m 182 45 2 141 327
m 182 112 2 141 327
m 182 150 2 141 327
m 182 154 2 141 327
m 182 179 2 141 327
b 201 0 248 223
m 201 146 0 248 223
b 201 1 248 223
m 201 146 1 248 223
m 201 214 1 248 223
b 220 0 238 300
m 220 20 0 238 300
m 220 146 0 238 300
m 220 173 0 238 300
m 220 199 0 238 300
b 220 1 238 300
m 220 20 1 238 300
m 220 146 1 238 300
m 220 173 1 238 300
m 220 199 1 238 300
b 134 2 130 308
b 154 0 106 329
m 154 30 0 106 329
m 154 150 0 106 329
m 154 204 0 106 329
b 154 1 106 329
m 154 30 1 106 329
m 154 150 1 106 329
m 154 204 1 106 329
b 163 1 87 281
b 3 1 103 306
b 12 0 405 124
m 12 1 0 405 124
m 12 16 0 405 124
m 12 39 0 405 124
m 12 80 0 405 124
m 12 82 0 405 124
m 12 108 0 405 124
m 12 120 0 405 124
m 12 139 0 405 124
m 12 159 0 405 124
m 12 171 0 405 124
m 12 236 0 405 124
m 12 239 0 405 124
b 12 1 405 124
b 94 2 180 271
b 198 3 313 172
m 198 139 3 11.571428571428571 193.8571428571429 1.0
b 210 0 316 25
m 210 110 0 316 25
b 210 1 316 25
m 210 110 1 316 25
b 210 2 316 25
b 3 3 104 306
m 3 103 3 16.000000000000004 274.0 0.3254695371120933
m 3 154 3 16.000000000000004 274.0 0.3254695371120933
m 3 156 3 16.000000000000004 274.0 0.3254695371120933
m 3 161 3 16.000000000000004 274.0 0.3254695371120933
m 3 179 3 16.000000000000004 274.0 0.3254695371120933
b 60 3 205 323
m 60 221 3 15.66666666666667 265.33333333333337 0.24343285125441821
m 60 207 3 15.66666666666667 265.33333333333337 0.24343285125441821
b 88 2 175 341
b 99 0 318 181
m 99 139 0 318 181
b 99 1 318 181
m 99 139 1 318 181
b 201 2 246 220
b 207 2 144 338
m 207 45 2 144 338
m 207 112 2 144 338
m 207 150 2 144 338
m 207 154 2 144 338
m 207 179 2 144 338
b 210 3 315 24
m 210 148 3 12.333333333333332 208.0 0.7610713122761316
m 210 110 3 12.333333333333332 208.0 0.7610713122761316
m 210 203 3 12.333333333333332 208.0 0.7610713122761316
m 210 104 3 12.333333333333332 208.0 0.7610713122761316
b 219 2 135 316
m 219 45 2 135 316
m 219 112 2 135 316
m 219 150 2 135 316
m 219 154 2 135 316
m 219 179 2 135 316
b 221 2 163 271
b 193 3 193 295
m 193 45 3 15.66666666666667 265.33333333333337 0.24343285125441821
m 193 161 3 15.66666666666667 265.33333333333337 0.24343285125441821
m 193 151 3 15.66666666666667 265.33333333333337 0.24343285125441821
b 99 3 319 179
m 99 139 3 13.0 223.33333333333331 1.0
b 157 0 41 306
m 157 209 0 41 306
b 168 3 169 327
m 168 45 3 15.66666666666667 265.33333333333337 0.24343285125441821
b 179 0 89 370
m 179 30 0 89 370
m 179 184 0 89 370
m 179 204 0 89 370
b 179 1 89 370
b 215 0 394 6
m 215 110 0 394 6
m 215 158 0 394 6
b 215 1 394 6
m 215 110 1 394 6
m 215 158 1 394 6
b 215 2 394 6
b 215 3 394 6
m 215 203 3 12.666666666666666 210.33333333333334 0.07819655069878079
b 17 0 196 375
m 17 20 0 196 375
m 17 84 0 196 375
m 17 118 0 196 375
m 17 173 0 196 375
m 17 218 0 196 375
b 17 1 196 375
m 17 20 1 196 375
m 17 84 1 196 375
m 17 118 1 196 375
m 17 173 1 196 375
m 17 218 1 196 375
b 21 2 275 168
b 45 0 147 341
m 45 204 0 147 341
b 45 1 147 341
m 45 204 1 147 341
b 49 0 230 312
m 49 146 0 230 312
m 49 164 0 230 312
m 49 173 0 230 312
m 49 199 0 230 312
b 49 1 230 312
m 49 146 1 230 312
m 49 164 1 230 312
m 49 173 1 230 312
m 49 199 1 230 312
b 103 1 29 326
m 103 209 1 29 326
b 120 0 426 152
m 120 1 0 426 152
m 120 39 0 426 152
m 120 50 0 426 152
m 120 57 0 426 152
m 120 65 0 426 152
m 120 66 0 426 152
m 120 108 0 426 152
m 120 131 0 426 152
m 120 159 0 426 152
m 120 171 0 426 152
m 120 212 0 426 152
m 120 236 0 426 152
m 120 239 0 426 152
b 139 0 358 153
b 157 1 41 305
m 157 209 1 41 305
b 157 2 41 305
b 19 3 183 316
m 19 206 3 16.5 300.5 0.05668103897441724
b 112 2 152 361
m 112 150 2 152 361
m 112 204 2 152 361
m 112 218 2 152 361
b 175 0 369 258
m 175 27 0 369 258
m 175 69 0 369 258
m 175 73 0 369 258
m 175 95 0 369 258
m 175 111 0 369 258
m 175 116 0 369 258
m 175 124 0 369 258
b 175 1 369 258
m 175 27 1 369 258
m 175 69 1 369 258
m 175 73 1 369 258
m 175 95 1 369 258
m 175 111 1 369 258
m 175 116 1 369 258
m 175 124 1 369 258
b 182 3 138 333
m 182 225 3 15.333333333333336 258.0 0.12491573578659945
m 182 179 3 15.333333333333336 258.0 0.12491573578659945
b 229 3 68 192
m 229 156 3 10.833333333333332 194.16666666666666 1.0
b 16 0 387 140
m 16 1 0 387 140
m 16 39 0 387 140
m 16 159 0 387 140
m 16 236 0 387 140
m 16 239 0 387 140
b 134 3 123 308
m 134 154 3 15.500000000000004 261.5 0.18999143575052108
m 134 179 3 15.500000000000004 261.5 0.18999143575052108
m 134 161 3 15.500000000000004 261.5 0.18999143575052108
b 146 0 249 278
b 146 1 249 278
b 151 3 117 265
m 151 163 3 16.0 289.33333333333337 0.022968207509533278
b 154 2 105 322
m 154 150 2 105 322
b 192 0 274 296
m 192 97 0 274 296
m 192 115 0 274 296
m 192 173 0 274 296
b 192 1 274 296
m 192 97 1 274 296
m 192 115 1 274 296
m 192 173 1 274 296
b 203 0 350 61
m 203 110 0 350 61
b 203 1 350 61
m 203 80 1 350 61
m 203 110 1 350 61
b 203 2 350 61
b 214 3 288 257
m 214 4 3 12.142857142857142 197.28571428571433 0.57250699760656
m 214 137 3 12.142857142857142 197.28571428571433 0.57250699760656
b 238 3 307 121
m 238 104 3 12.0 196.00000000000003 0.2748407984645621
m 238 203 3 12.0 196.00000000000003 0.2748407984645621
b 139 1 355 153
m 139 16 1 355 153
m 139 80 1 355 153
b 139 3 355 153
b 150 0 142 355
m 150 184 0 142 355
m 150 204 0 142 355
m 150 218 0 142 355
b 150 1 142 355
m 150 184 1 142 355
m 150 204 1 142 355
m 150 218 1 142 355
b 156 3 88 234
m 156 163 3 11.0 178.66666666666666 0.7623163221754771
m 156 91 3 11.0 178.66666666666666 0.7623163221754771
m 156 206 3 11.0 178.66666666666666 0.7623163221754771
m 156 225 3 11.0 178.66666666666666 0.7623163221754771
b 214 1 288 258
b 219 0 132 311
b 219 1 132 311
b 82 0 405 96
m 82 1 0 405 96
m 82 39 0 405 96
m 82 57 0 405 96
m 82 108 0 405 96
m 82 131 0 405 96
m 82 171 0 405 96
m 82 212 0 405 96
m 82 236 0 405 96
m 82 239 0 405 96
b 224 0 278 385
m 224 20 0 278 385
m 224 22 0 278 385
m 224 97 0 278 385
m 224 115 0 278 385
m 224 173 0 278 385
m 224 183 0 278 385
m 224 234 0 278 385
b 224 1 278 385
m 224 20 1 278 385
m 224 22 1 278 385
m 224 97 1 278 385
m 224 115 1 278 385
m 224 173 1 278 385
m 224 183 1 278 385
m 224 234 1 278 385
b 17 3 191 375
b 80 0 367 120
m 80 1 0 367 120
m 80 239 0 367 120
b 173 0 283 357
m 173 22 0 283 357
m 173 97 0 283 357
m 173 115 0 283 357
m 173 183 0 283 357
m 173 234 0 283 357
b 173 1 283 357
m 173 22 1 283 357
m 173 97 1 283 357
m 173 115 1 283 357
m 173 183 1 283 357
m 173 234 1 283 357
b 201 3 242 212
m 201 146 3 11.714285714285715 194.28571428571433 0.5
b 17 2 189 375
b 45 2 154 339
b 49 2 226 306
b 84 0 201 447
m 84 36 0 201 447
m 84 37 0 201 447
m 84 44 0 201 447
m 84 53 0 201 447
m 84 58 0 201 447
m 84 63 0 201 447
m 84 118 0 201 447
m 84 196 0 201 447
m 84 205 0 201 447
m 84 223 0 201 447
b 84 1 201 447
m 84 36 1 201 447
m 84 37 1 201 447
m 84 44 1 201 447
m 84 53 1 201 447
m 84 58 1 201 447
m 84 63 1 201 447
m 84 118 1 201 447
m 84 196 1 201 447
m 84 205 1 201 447
m 84 223 1 201 447
b 124 0 392 308
m 124 35 0 392 308
m 124 46 0 392 308
m 124 95 0 392 308
m 124 111 0 392 308
m 124 116 0 392 308
m 124 176 0 392 308
b 124 1 392 308
b 137 0 304 312
m 137 97 0 304 312
m 137 115 0 304 312
b 137 1 304 312
m 137 97 1 304 312
m 137 115 1 304 312
b 163 3 98 275
m 163 91 3 9.57142857142857 150.42857142857142 0.040942184675470616
b 179 2 82 376
b 236 0 420 179
m 236 24 0 420 179
m 236 27 0 420 179
m 236 50 0 420 179
m 236 57 0 420 179
m 236 66 0 420 179
m 236 92 0 420 179
m 236 131 0 420 179
b 20 0 237 370
m 20 22 0 237 370
m 20 118 0 237 370
m 20 183 0 237 370
m 20 234 0 237 370
b 20 1 237 370
m 20 22 1 237 370
m 20 118 1 237 370
m 20 183 1 237 370
m 20 234 1 237 370
b 45 3 156 338
m 45 112 3 16.0 299.33333333333337 0.2
b 104 3 376 62
m 104 12 3 11.428571428571429 183.42857142857142 1.0
m 104 80 3 11.428571428571429 183.42857142857142 1.0
m 104 82 3 11.428571428571429 183.42857142857142 1.0
m 104 158 3 11.428571428571429 183.42857142857142 1.0
m 104 239 3 11.428571428571429 183.42857142857142 1.0
b 148 3 322 91
m 148 80 3 10.714285714285714 178.42857142857142 1.0
b 171 0 448 100
m 171 50 0 448 100
m 171 57 0 448 100
m 171 65 0 448 100
m 171 66 0 448 100
m 171 85 0 448 100
m 171 131 0 448 100
m 171 185 0 448 100
m 171 212 0 448 100
b 69 0 361 271
m 69 27 0 361 271
m 69 95 0 361 271
m 69 111 0 361 271
m 69 116 0 361 271
m 69 176 0 361 271
b 69 1 361 271
m 69 27 1 361 271
m 69 95 1 361 271
m 69 111 1 361 271
m 69 116 1 361 271
m 69 176 1 361 271
b 69 3 361 271
m 69 137 3 14.571428571428571 232.28571428571428 0.48050259821383196
m 69 111 3 14.571428571428571 232.28571428571428 0.48050259821383196
m 69 124 3 14.571428571428571 232.28571428571428 0.48050259821383196
m 69 27 3 14.571428571428571 232.28571428571428 0.48050259821383196
m 69 95 3 14.571428571428571 232.28571428571428 0.48050259821383196
b 143 0 353 317
m 143 35 0 353 317
m 143 97 0 353 317
m 143 115 0 353 317
m 143 176 0 353 317
b 143 1 353 317
m 143 35 1 353 317
m 143 97 1 353 317
m 143 115 1 353 317
m 143 176 1 353 317
b 150 2 144 348
m 150 218 2 144 348
b 154 3 104 313
m 154 91 3 14.571428571428577 240.0 0.16666666666666666
b 218 0 199 383
m 218 205 0 199 383
b 218 1 199 383
m 218 205 1 199 383
b 219 3 128 304
m 219 206 3 15.5 282.83333333333337 0.2
b 30 0 110 416
m 30 8 0 110 416
m 30 15 0 110 416
m 30 52 0 110 416
m 30 142 0 110 416
m 30 223 0 110 416
b 30 1 110 416
m 30 8 1 110 416
m 30 15 1 110 416
m 30 52 1 110 416
m 30 142 1 110 416
m 30 184 1 110 416
m 30 223 1 110 416
b 73 0 347 250
m 73 27 0 347 250
m 73 95 0 347 250
m 73 116 0 347 250
b 73 1 347 250
m 73 27 1 347 250
m 73 95 1 347 250
m 73 116 1 347 250
b 73 3 347 250
m 73 137 3 14.428571428571429 229.28571428571428 0.43765031439007407
m 73 124 3 14.428571428571429 229.28571428571428 0.43765031439007407
m 73 143 3 14.428571428571429 229.28571428571428 0.43765031439007407
b 150 3 145 346
m 150 112 3 12.714285714285714 200.14285714285714 0.25
b 159 0 438 199
m 159 24 0 438 199
m 159 27 0 438 199
m 159 47 0 438 199
m 159 92 0 438 199
m 159 111 0 438 199
b 164 0 285 328
m 164 22 0 285 328
m 164 97 0 285 328
m 164 115 0 285 328
b 164 1 285 328
b 199 0 274 312
m 199 22 0 274 312
m 199 97 0 274 312
m 199 115 0 274 312
b 199 1 274 312
b 65 0 485 141
m 65 24 0 485 141
b 131 0 477 129
m 131 24 0 477 129
b 204 0 72 383
m 204 8 0 72 383
m 204 52 0 72 383
m 204 142 0 72 383
b 204 1 72 383
m 204 8 1 72 383
m 204 52 1 72 383
m 204 142 1 72 383
m 204 184 1 72 383
b 1 0 404 161
m 1 24 0 404 161
b 39 0 422 154
m 39 24 0 422 154
b 115 0 306 312
b 115 1 306 312
b 239 0 413 78
m 239 185 0 413 78
b 27 0 391 235
m 27 92 0 391 235
b 27 1 391 235
b 95 0 411 251
b 95 1 411 251
m 95 159 1 411 251
b 111 0 428 249
m 111 28 0 428 249
m 111 46 0 428 249
m 111 47 0 428 249
m 111 92 0 428 249
m 111 202 0 428 249
m 111 222 0 428 249
b 111 1 428 249
m 111 28 1 428 249
m 111 46 1 428 249
m 111 47 1 428 249
m 111 92 1 428 249
m 111 159 1 428 249
m 111 202 1 428 249
m 111 222 1 428 249
b 179 3 77 381
m 179 112 3 14.428571428571432 238.42857142857144 0.2
m 179 30 3 14.428571428571432 238.42857142857144 0.2
b 184 0 77 430
m 184 8 0 77 430
m 184 15 0 77 430
m 184 52 0 77 430
m 184 117 0 77 430
m 184 142 0 77 430
m 184 223 0 77 430
b 209 0 6 315
b 212 0 491 99
m 212 85 0 491 99
m 212 185 0 491 99
b 22 0 262 406
b 22 1 262 406
b 50 0 476 170
m 50 24 0 476 170
m 50 92 0 476 170
b 103 3 13 328
m 103 209 3 14.000000000000005 235.42857142857144 0.5
m 103 157 3 14.000000000000005 235.42857142857144 0.5
b 161 3 128 307
m 161 112 3 14.000000000000005 235.42857142857144 0.5
m 161 217 3 14.000000000000005 235.42857142857144 0.5
b 16 1 373 145
m 16 1 1 373 145
m 16 39 1 373 145
m 16 82 1 373 145
m 16 120 1 373 145
m 16 236 1 373 145
b 118 0 223 406
m 118 37 0 223 406
m 118 196 0 223 406
m 118 205 0 223 406
b 118 1 223 406
m 118 37 1 223 406
m 118 196 1 223 406
m 118 205 1 223 406
b 206 3 121 266
m 206 217 3 14.285714285714285 257.7142857142857 1.0
b 108 0 468 87
m 108 85 0 468 87
m 108 185 0 468 87
b 110 0 364 27
b 110 1 364 27
b 146 3 233 278
m 146 164 3 11.0 174.50000000000006 0.8410513586569924
m 146 217 3 11.0 174.50000000000006 0.8410513586569924
m 146 199 3 11.0 174.50000000000006 0.8410513586569924
m 146 192 3 11.0 174.50000000000006 0.8410513586569924
m 146 220 3 11.0 174.50000000000006 0.8410513586569924
m 146 49 3 11.0 174.50000000000006 0.8410513586569924
b 158 0 409 8
m 158 85 0 409 8
b 158 1 409 8
m 158 85 1 409 8
b 218 2 202 376
m 218 20 2 202 376
m 218 84 2 202 376
m 218 118 2 202 376
m 218 205 2 202 376
b 37 0 254 468
m 37 26 0 254 468
b 37 1 254 468
b 44 0 165 468
m 44 15 0 165 468
b 44 1 165 468
m 44 15 1 165 468
b 57 0 468 111
m 57 185 0 468 111
b 66 0 494 151
m 66 24 0 494 151
b 110 3 363 27
m 110 158 3 11.0 179.57142857142856 0.5419329298252146
b 137 3 297 322
m 137 220 3 11.75 182.75000000000006 0.8414288884576057
m 137 192 3 11.75 182.75000000000006 0.8414288884576057
m 137 199 3 11.75 182.75000000000006 0.8414288884576057
m 137 173 3 11.75 182.75000000000006 0.8414288884576057
m 137 115 3 11.75 182.75000000000006 0.8414288884576057
m 137 97 3 11.75 182.75000000000006 0.8414288884576057
m 137 164 3 11.75 182.75000000000006 0.8414288884576057
b 184 1 75 433
m 184 8 1 75 433
m 184 15 1 75 433
m 184 52 1 75 433
m 184 106 1 75 433
m 184 117 1 75 433
m 184 142 1 75 433
b 203 3 337 49
b 207 3 129 355
m 207 218 3 14.000000000000002 229.71428571428575 0.25
b 221 3 153 251
m 221 217 3 13.571428571428573 227.5714285714286 1.0
b 225 3 127 255
b 4 3 328 271
m 4 164 3 11.75 182.75000000000006 0.8414288884576057
m 4 199 3 11.75 182.75000000000006 0.8414288884576057
m 4 192 3 11.75 182.75000000000006 0.8414288884576057
m 4 143 3 11.75 182.75000000000006 0.8414288884576057
m 4 176 3 11.75 182.75000000000006 0.8414288884576057
m 4 115 3 11.75 182.75000000000006 0.8414288884576057
m 4 97 3 11.75 182.75000000000006 0.8414288884576057
m 4 175 3 11.75 182.75000000000006 0.8414288884576057
b 80 1 359 131
m 80 1 1 359 131
m 80 39 1 359 131
m 80 82 1 359 131
m 80 239 1 359 131
b 204 2 66 381
b 112 3 133 357
m 112 30 3 14.142857142857142 257.8571428571429 0.07562685680332737
b 196 0 189 473
b 196 1 189 473
b 35 0 419 334
m 35 89 0 419 334
b 92 0 468 201
m 92 28 0 468 201
m 92 47 0 468 201
m 92 202 0 468 201
b 209 1 6 308
b 36 0 156 495
b 36 1 156 495
b 63 0 168 471
b 63 1 168 471
b 116 0 419 260
m 116 89 0 419 260
b 116 1 419 260
m 116 89 1 419 260
b 176 0 354 314
m 176 226 0 354 314
b 223 0 150 476
b 223 1 150 476
b 234 0 270 408
m 234 128 0 270 408
b 234 1 270 408
m 234 128 1 270 408
b 27 3 383 240
m 27 116 3 13.25 205.25 0.25
m 27 159 3 13.25 205.25 0.25
b 91 3 78 343
m 91 209 3 9.857142857142858 154.42857142857142 0.5466045464505411
m 91 204 3 9.857142857142858 154.42857142857142 0.5466045464505411
b 95 3 416 244
m 95 116 3 13.5 207.75 0.1126462601747285
b 97 0 324 311
b 97 1 324 311
b 111 3 428 240
m 111 46 3 14.0 215.75 0.4512177484956392
m 111 92 3 14.0 215.75 0.4512177484956392
m 111 28 3 14.0 215.75 0.4512177484956392
b 183 0 313 402
m 183 7 0 313 402
m 183 34 0 313 402
m 183 101 0 313 402
m 183 126 0 313 402
m 183 128 0 313 402
b 183 1 313 402
b 35 1 422 334
m 35 89 1 422 334
b 82 3 385 91
m 82 1 3 10.625 163.625 0.8518272425249169
m 82 39 3 10.625 163.625 0.8518272425249169
m 82 108 3 10.625 163.625 0.8518272425249169
m 82 171 3 10.625 163.625 0.8518272425249169
m 82 16 3 10.625 163.625 0.8518272425249169
b 58 0 236 477
m 58 26 0 236 477
b 58 1 236 477
m 58 26 1 236 477
b 124 3 406 321
m 124 89 3 14.571428571428571 232.28571428571428 -1.0
b 176 1 351 313
b 205 0 221 421
m 205 26 0 221 421
b 205 1 221 421
b 53 0 157 452
b 53 1 157 452
b 80 3 355 137
m 80 39 3 10.375 161.625 0.06268262418444537
b 239 3 406 68
m 239 185 3 10.625 163.625 0.8518272425249169
m 239 108 3 10.625 163.625 0.8518272425249169
m 239 171 3 10.625 163.625 0.8518272425249169
m 239 57 3 10.625 163.625 0.8518272425249169
b 24 0 461 168
b 158 3 408 18
m 158 85 3 10.125 160.625 1.0
b 185 0 479 83
m 185 29 0 479 83
b 12 3 438 128
m 12 1 3 11.75 185.0 1.0
m 12 16 3 11.75 185.0 1.0
m 12 24 3 11.75 185.0 1.0
m 12 39 3 11.75 185.0 1.0
m 12 50 3 11.75 185.0 1.0
m 12 57 3 11.75 185.0 1.0
m 12 65 3 11.75 185.0 1.0
m 12 66 3 11.75 185.0 1.0
m 12 108 3 11.75 185.0 1.0
m 12 120 3 11.75 185.0 1.0
m 12 131 3 11.75 185.0 1.0
m 12 171 3 11.75 185.0 1.0
m 12 212 3 11.75 185.0 1.0
m 12 236 3 11.75 185.0 1.0
b 46 0 482 298
m 46 89 0 482 298
b 85 0 464 20
m 85 29 0 464 20
b 92 1 468 194
b 120 1 439 178
b 236 1 402 190
m 236 24 1 402 190
m 236 50 1 402 190
b 142 0 8 436
m 142 40 0 8 436
m 142 48 0 8 436
m 142 106 0 8 436
m 142 178 0 8 436
b 142 1 8 436
b 220 3 257 269
b 84 2 215 466
m 84 26 2 215 466
m 84 36 2 215 466
m 84 37 2 215 466
m 84 44 2 215 466
m 84 53 2 215 466
m 84 58 2 215 466
m 84 63 2 215 466
m 84 196 2 215 466
m 84 223 2 215 466
b 115 3 297 298
b 159 1 450 214
m 159 24 1 450 214
m 159 50 1 450 214
m 159 65 1 450 214
b 173 3 303 342
m 173 183 3 11.0 165.22222222222226 0.22375477405980584
m 173 20 3 11.0 165.22222222222226 0.22375477405980584
b 8 0 52 395
m 8 48 0 52 395
m 8 106 0 52 395
b 8 1 52 395
m 8 48 1 52 395
b 15 0 109 459
m 15 40 0 109 459
m 15 106 0 109 459
b 15 1 109 459
m 15 40 1 109 459
b 30 3 126 428
m 30 15 3 13.875000000000004 221.125 0.3037863118220261
m 30 8 3 13.875000000000004 221.125 0.3037863118220261
m 30 204 3 13.875000000000004 221.125 0.3037863118220261
b 52 0 66 423
m 52 40 0 66 423
m 52 48 0 66 423
m 52 106 0 66 423
b 52 1 66 423
m 52 40 1 66 423
m 52 48 1 66 423
b 143 3 375 320
m 143 35 3 13.0 201.75 0.3333333333333333
b 157 3 46 274
b 20 2 214 363
b 82 1 377 89
m 82 171 1 377 89
b 222 0 470 321
m 222 89 0 470 321
b 222 1 470 321
m 222 89 1 470 321
b 47 0 462 217
b 1 1 383 162
m 1 24 1 383 162
b 39 1 404 144
m 39 24 1 404 144
m 39 65 1 404 144
b 118 2 232 390
m 118 22 2 232 390
m 118 37 2 232 390
m 118 224 2 232 390
m 118 234 2 232 390
b 128 0 325 428
m 128 7 0 325 428
m 128 34 0 325 428
m 128 74 0 325 428
m 128 101 0 325 428
m 128 102 0 325 428
m 128 126 0 325 428
b 128 1 325 428
m 128 7 1 325 428
m 128 34 1 325 428
m 128 74 1 325 428
m 128 101 1 325 428
m 128 102 1 325 428
m 128 126 1 325 428
b 175 3 342 279
b 202 0 491 292
m 202 89 0 491 292
b 202 1 491 292
m 202 89 1 491 292
b 49 3 208 284
b 117 0 30 461
m 117 40 0 30 461
m 117 48 0 30 461
m 117 106 0 30 461
m 117 178 0 30 461
b 176 3 341 312
m 176 226 3 10.666666666666666 162.88888888888894 0.5
m 176 35 3 10.666666666666666 162.88888888888894 0.5
b 218 3 207 359
m 218 20 3 12.750000000000002 203.00000000000003 0.25789507856122584
b 28 0 492 294
m 28 89 0 492 294
b 28 1 492 294
m 28 89 1 492 294
b 46 1 489 294
b 47 1 459 216
m 47 24 1 459 216
m 47 50 1 459 216
b 101 0 367 378
m 101 77 0 367 378
b 106 1 82 455
m 106 40 1 82 455
m 106 48 1 82 455
m 106 178 1 82 455
b 205 2 225 410
m 205 22 2 225 410
m 205 26 2 225 410
m 205 37 2 225 410
m 205 44 2 225 410
m 205 53 2 225 410
m 205 58 2 225 410
m 205 63 2 225 410
m 205 196 2 225 410
m 205 234 2 225 410
b 217 3 172 300
b 85 1 460 11
m 85 29 1 460 11
m 85 108 1 460 11
m 85 171 1 460 11
m 85 212 1 460 11
b 92 3 468 185
m 92 66 3 13.222222222222223 197.22222222222223 0.2799689769335662
m 92 65 3 13.222222222222223 197.22222222222223 0.2799689769335662
b 171 3 432 76
m 171 29 3 10.222222222222223 150.8888888888889 1.0
m 171 57 3 10.222222222222223 150.8888888888889 1.0
m 171 85 3 10.222222222222223 150.8888888888889 1.0
m 171 131 3 10.222222222222223 150.8888888888889 1.0
m 171 185 3 10.222222222222223 150.8888888888889 1.0
m 171 212 3 10.222222222222223 150.8888888888889 1.0
b 192 3 261 263
b 209 3 6 292
b 239 1 399 59
m 239 57 1 399 59
m 239 108 1 399 59
m 239 171 1 399 59
b 7 0 326 429
b 16 3 352 153
m 16 236 3 9.555555555555555 145.55555555555557 1.0
b 117 1 32 465
m 117 40 1 32 465
m 117 48 1 32 465
m 117 178 1 32 465
b 159 3 456 221
m 159 47 3 11.88888888888889 182.55555555555557 1.0
b 164 3 257 326
m 164 20 3 9.88888888888889 155.22222222222229 1.0
b 199 3 271 284
b 26 0 236 493
b 34 0 378 417
m 34 77 0 378 417
b 97 3 327 294
b 120 3 445 189
m 120 47 3 10.555555555555555 164.55555555555557 1.0
b 226 0 355 383
m 226 77 0 355 383
b 236 3 391 195
m 236 47 3 10.555555555555555 164.55555555555557 1.0
b 65 3 458 151
m 65 47 3 10.555555555555555 164.55555555555557 1.0
b 131 3 489 103
b 1 3 375 163
b 37 2 275 457
b 39 3 397 140
b 44 2 184 453
b 178 0 8 482
b 204 3 44 375
m 204 52 3 9.0 136.25 0.5662740282356931
m 204 184 3 9.0 136.25 0.5662740282356931
b 65 1 456 152
m 65 57 1 456 152
m 65 66 1 456 152
m 65 131 1 456 152
m 65 185 1 456 152
m 65 212 1 456 152
b 212 3 474 75
m 212 29 3 10.555555555555555 164.55555555555557 1.0
b 50 1 471 199
m 50 66 1 471 199
b 50 3 471 199
m 50 47 3 10.555555555555555 164.55555555555557 1.0
b 196 2 167 463
m 196 15 2 167 463
b 20 3 202 359
m 20 118 3 10.3 150.3 0.17635377040031627
b 28 3 489 302
m 28 89 3 14.0 215.75 -1.0
b 46 3 496 289
m 46 89 3 14.0 215.75 -1.0
b 57 3 459 85
m 57 29 3 9.555555555555555 145.55555555555557 1.0
b 116 3 440 249
m 116 89 3 13.25 205.25 -1.0
b 126 0 323 429
m 126 74 0 323 429
m 126 102 0 323 429
b 171 1 428 69
m 171 29 1 428 69
m 171 57 1 428 69
m 171 108 1 428 69
m 171 185 1 428 69
m 171 212 1 428 69
b 185 3 475 101
m 185 29 3 9.555555555555555 145.55555555555557 1.0
b 22 2 239 427
b 35 3 444 334
m 35 89 3 13.0 201.75 -1.0
b 36 2 147 480
m 36 15 2 147 480
m 36 30 2 147 480
b 63 2 183 452
b 108 3 490 69
m 108 29 3 9.555555555555555 145.55555555555557 1.0
b 223 2 172 486
b 26 1 230 496
b 66 3 488 127
b 85 3 456 2
m 85 29 3 9.11111111111111 142.88888888888889 1.0
b 101 1 371 367
m 101 77 1 371 367
m 101 226 1 371 367
b 106 0 89 447
b 24 1 447 153
m 24 66 1 447 153
m 24 131 1 447 153
m 24 185 1 447 153
b 24 3 447 153
m 24 47 3 10.555555555555555 164.55555555555557 1.0
b 29 0 455 36
b 7 1 316 428
m 7 226 1 316 428
b 58 2 251 458
b 178 1 4 476
b 40 0 33 483
b 53 2 169 432
b 183 3 332 383
m 183 34 3 10.6 153.60000000000002 0.2937223532783524
m 183 224 3 10.6 153.60000000000002 0.2937223532783524
m 183 126 3 10.6 153.60000000000002 0.2937223532783524
b 8 3 61 377
m 8 184 3 12.888888888888891 199.33333333333331 0.019175397370738496
b 15 3 128 452
m 15 36 3 13.444444444444446 207.66666666666666 0.31376523592109573
m 15 52 3 13.444444444444446 207.66666666666666 0.31376523592109573
m 15 184 3 13.444444444444446 207.66666666666666 0.31376523592109573
m 15 44 3 13.444444444444446 207.66666666666666 0.31376523592109573
b 34 1 388 422
m 34 77 1 388 422
m 34 226 1 388 422
b 48 0 66 446
b 26 2 225 498
b 40 1 31 482
b 212 1 469 68
m 212 66 1 469 68
m 212 131 1 469 68
m 212 185 1 469 68
b 48 1 68 445
b 226 3 342 381
m 226 77 3 10.2 150.20000000000005 0.839702304279376
m 226 126 3 10.2 150.20000000000005 0.839702304279376
m 226 101 3 10.2 150.20000000000005 0.839702304279376
m 226 7 3 10.2 150.20000000000005 0.839702304279376
m 226 128 3 10.2 150.20000000000005 0.839702304279376
m 226 34 3 10.2 150.20000000000005 0.839702304279376
b 234 2 242 419
m 234 128 2 242 419
b 74 0 377 493
b 74 1 377 493
b 57 1 455 75
b 77 0 397 350
m 77 89 0 397 350
b 102 0 333 490
b 102 1 333 490
b 126 1 313 433
m 126 226 1 313 433
b 131 1 496 89
b 224 2 292 436
m 224 7 2 292 436
m 224 126 2 292 436
m 224 128 2 292 436
m 224 183 2 292 436
b 29 1 445 39
b 29 3 445 39
b 184 3 48 463
m 184 106 3 8.666666666666666 125.11111111111111 0.863488732794037
m 184 178 3 8.666666666666666 125.11111111111111 0.863488732794037
m 184 142 3 8.666666666666666 125.11111111111111 0.863488732794037
m 184 48 3 8.666666666666666 125.11111111111111 0.863488732794037
m 184 117 3 8.666666666666666 125.11111111111111 0.863488732794037
m 184 40 3 8.666666666666666 125.11111111111111 0.863488732794037
b 108 1 497 60
b 47 3 437 203
b 52 3 56 393
m 52 106 3 8.333333333333334 122.11111111111111 0.5857209241365967
m 52 142 3 8.333333333333334 122.11111111111111 0.5857209241365967
b 66 1 481 113
b 118 3 245 365
m 118 205 3 9.636363636363637 137.45454545454544 0.12324482452180958
b 185 1 471 117
b 30 2 153 446
m 30 106 2 153 446
b 44 3 201 440
m 44 205 3 13.100000000000001 196.9 0.32279502309212654
m 44 84 3 13.100000000000001 196.9 0.32279502309212654
m 44 58 3 13.100000000000001 196.9 0.32279502309212654
m 44 196 3 13.100000000000001 196.9 0.32279502309212654
b 15 2 140 448
m 15 106 2 140 448
b 128 2 317 398
m 128 7 2 317 398
m 128 101 2 317 398
m 128 126 2 317 398
m 128 137 2 317 398
m 128 183 2 317 398
m 128 226 2 317 398
b 128 3 317 398
m 128 37 3 9.363636363636365 136.63636363636368 1.0
b 226 1 331 379
b 101 3 378 350
m 101 89 3 10.2 150.20000000000005 -1.0
b 34 3 402 428
m 34 74 3 9.727272727272728 139.72727272727275 1.0
b 36 3 140 460
m 36 63 3 12.600000000000001 189.4 0.01800694027660912
b 77 1 389 342
m 77 89 1 389 342
b 7 3 297 425
m 7 37 3 9.636363636363637 138.00000000000006 0.45699270150147925
b 7 2 294 425
m 7 226 2 294 425
b 178 3 9 458
b 126 3 298 439
m 126 37 3 9.90909090909091 140.45454545454547 0.3333333333333333
b 224 3 297 452
m 224 37 3 10.090909090909092 141.90909090909093 0.18926429971215206
b 77 3 386 337
m 77 89 3 10.2 150.20000000000005 -1.0
b 84 3 241 493
m 84 234 3 12.363636363636363 181.27272727272728 0.01696827835335138
b 106 3 108 425
b 142 3 36 418
b 183 2 349 364
m 183 6 2 349 364
m 183 77 2 349 364
m 183 173 2 349 364
m 183 176 2 349 364
b 37 3 306 441
m 37 22 3 8.833333333333334 126.00000000000004 1.0
m 37 102 3 8.833333333333334 126.00000000000004 1.0
b 196 3 136 450
m 196 53 3 12.181818181818182 179.8181818181818 0.3333333333333333
b 101 2 382 338
b 126 2 293 441
m 126 102 2 293 441
b 40 3 6 474
b 117 3 41 495
b 48 3 90 429
b 106 2 111 421
m 106 48 2 111 421
m 106 52 2 111 421
m 106 142 2 111 421
b 205 3 242 369
m 205 22 3 9.083333333333334 126.74999999999999 0.12612542118771797
b 58 3 271 432
m 58 22 3 12.272727272727272 180.45454545454547 0.25
b 137 2 263 376
b 63 3 205 423
m 63 26 3 11.90909090909091 174.45454545454547 0.01849830440284038
b 226 2 313 376
m 226 77 2 313 376
m 226 173 2 313 376
m 226 176 2 313 376
b 74 3 410 492
m 74 162 3 9.000000000000002 128.16666666666669 1.0
b 173 2 349 308
b 22 3 207 456
m 22 26 3 8.307692307692307 116.61538461538466 0.525683578315157
m 22 223 3 8.307692307692307 116.61538461538466 0.525683578315157
b 6 2 357 335
b 176 2 285 303
m 176 27 2 285 303
m 176 69 2 285 303
m 176 97 2 285 303
m 176 115 2 285 303
m 176 152 2 285 303
m 176 175 2 285 303
m 176 199 2 285 303
b 234 3 202 434
m 234 223 3 11.416666666666668 166.25 1.0
b 77 2 371 319
b 53 3 194 392
b 102 3 298 466
b 142 2 56 407
m 142 178 2 56 407
b 102 2 297 465
b 52 2 44 356
m 52 8 2 44 356
b 162 3 442 464
m 162 127 3 8.384615384615387 118.3846153846154 1.0
b 48 2 108 416
b 115 2 255 236
b 152 2 317 332
b 26 3 198 453
b 223 3 191 474
b 27 2 310 280
b 175 2 286 325
b 69 2 259 262
m 69 73 2 259 262
m 69 192 2 259 262
b 178 2 33 424
b 97 2 337 221
m 97 16 2 337 221
m 97 80 2 337 221
m 97 236 2 337 221
b 199 2 263 210
m 199 1 2 263 210
m 199 16 2 263 210
m 199 73 2 263 210
m 199 80 2 263 210
m 199 192 2 263 210
m 199 236 2 263 210
b 127 3 451 471
b 8 2 91 314
b 236 2 316 237
b 16 2 268 185
b 192 2 226 176
m 192 139 2 226 176
b 1 2 286 169
b 73 2 236 201
m 73 139 2 236 201
b 80 2 293 223
b 139 2 215 138
m 139 238 2 215 138
