Key: 
t: node change direction (node id, x, y, new direction)
s: node start location (node id, x, y, start direction, buffer)
m: message transfer (sender id, target id, messageType, sender x, sender y
b: broadcast (node id, message type, x, y)
333 6 450 349
s 0 439 491 57 1
s 1 467 133 24 2
s 2 304 416 126 10
s 3 427 390 357 3
s 4 301 157 324 10
s 5 225 455 121 8
s 6 481 308 22 10
s 7 485 143 54 9
s 8 91 266 348 4
s 9 247 8 230 0
s 10 463 382 103 4
s 11 483 216 34 9
s 12 204 300 71 6
s 13 85 254 348 3
s 14 89 320 54 2
s 15 341 206 246 4
s 16 463 387 20 10
s 17 225 203 77 8
s 18 35 482 94 3
s 19 189 123 126 2
s 20 295 81 77 9
s 21 431 49 308 8
s 22 391 406 328 9
s 23 415 67 283 10
s 24 374 115 191 6
s 25 260 110 43 10
s 26 346 434 285 2
s 27 402 26 28 0
s 28 49 9 167 6
s 29 354 356 219 8
s 30 18 234 134 7
s 31 118 473 239 4
s 32 5 259 334 7
s 33 249 159 274 5
s 34 304 224 313 0
s 35 191 229 303 0
s 36 324 97 180 9
s 37 325 297 181 6
s 38 374 415 325 9
s 39 46 240 342 5
s 40 461 126 319 7
s 41 198 327 71 5
s 42 481 341 291 0
s 43 139 464 235 2
s 44 87 364 116 9
s 45 162 43 6 0
s 46 233 257 237 10
s 47 207 434 283 10
s 48 319 1 74 10
s 49 441 41 19 3
s 50 242 394 106 5
s 51 394 341 188 0
s 52 21 412 213 1
s 53 308 263 113 0
s 54 244 31 239 10
s 55 481 59 43 7
s 56 125 156 183 3
s 57 230 357 236 3
s 58 294 264 21 1
s 59 330 48 52 2
s 60 321 419 144 9
s 61 459 307 274 9
s 62 19 218 240 6
s 63 3 366 8 1
s 64 450 49 166 3
s 65 73 466 235 2
s 66 147 110 229 5
s 67 365 218 239 6
s 68 51 470 20 4
s 69 214 440 124 1
s 70 128 368 274 2
s 71 310 45 39 1
s 72 198 455 21 9
s 73 275 170 110 9
s 74 122 132 32 7
s 75 47 23 297 4
s 76 124 342 264 6
s 77 49 125 34 10
s 78 430 277 155 4
s 79 193 152 113 10
s 80 27 434 36 7
s 81 313 103 23 3
s 82 145 131 350 7
s 83 191 198 101 6
s 84 25 404 292 7
s 85 23 420 185 9
s 86 297 365 186 3
s 87 336 294 348 3
s 88 338 135 187 10
s 89 267 112 331 2
s 90 201 63 207 2
s 91 443 285 175 4
s 92 89 492 80 8
s 93 268 219 251 7
s 94 425 210 88 7
s 95 432 175 170 10
s 96 428 94 290 0
s 97 164 325 195 2
s 98 450 349 234 3
s 99 289 44 195 8
s 100 214 187 203 7
s 101 434 181 301 8
s 102 33 373 180 10
s 103 124 261 16 1
s 104 30 265 311 6
s 105 215 51 13 2
s 106 125 383 223 5
s 107 154 91 339 3
s 108 53 79 300 6
s 109 379 305 249 10
s 110 397 225 5 0
s 111 198 433 352 0
s 112 64 197 66 3
s 113 71 304 34 7
s 114 458 273 293 7
s 115 340 442 268 5
s 116 329 231 331 2
s 117 31 245 219 5
s 118 267 146 212 1
s 119 121 131 302 10
s 120 90 354 163 9
s 121 294 344 168 4
s 122 15 494 203 3
s 123 209 287 288 7
s 124 60 140 64 10
s 125 456 93 199 1
s 126 361 73 70 8
s 127 115 106 229 0
s 128 32 223 1 0
s 129 446 275 353 0
s 130 426 232 66 3
s 131 111 405 307 2
s 132 97 182 321 0
s 133 314 451 153 0
s 134 245 4 44 10
s 135 99 32 50 9
s 136 406 472 348 9
s 137 235 346 241 1
s 138 147 357 32 4
s 139 204 316 354 3
s 140 498 88 240 7
s 141 491 281 314 9
s 142 33 198 198 6
s 143 455 348 239 6
s 144 386 54 107 7
s 145 358 239 180 10
s 146 492 59 45 1
s 147 420 319 190 10
s 148 402 165 138 3
s 149 326 104 256 8
s 150 466 412 235 7
s 151 172 333 328 6
s 152 177 252 238 10
s 153 253 242 148 3
s 154 303 320 8 7
s 155 482 250 261 9
s 156 173 88 151 6
s 157 484 287 30 2
s 158 63 180 65 8
s 159 102 31 273 2
s 160 282 329 244 1
s 161 133 347 254 7
s 162 283 10 146 5
s 163 469 395 65 4
s 164 228 217 88 6
s 165 135 236 191 10
s 166 146 222 322 0
s 167 127 279 244 8
s 168 393 25 221 8
s 169 267 419 149 4
s 170 73 50 90 8
s 171 76 96 237 7
s 172 65 499 243 9
s 173 253 483 143 4
s 174 176 221 196 5
s 175 202 209 159 8
s 176 232 301 144 5
s 177 132 214 4 1
s 178 361 149 342 5
s 179 331 272 246 0
s 180 162 182 304 3
s 181 422 242 16 6
s 182 464 335 55 1
s 183 343 218 307 10
s 184 316 345 173 4
s 185 160 160 159 4
s 186 375 324 264 3
s 187 159 127 63 3
s 188 10 143 78 0
s 189 235 165 152 2
s 190 447 413 66 3
s 191 268 43 333 1
s 192 241 463 195 2
s 193 434 415 330 3
s 194 255 470 253 7
s 195 305 15 74 3
s 196 198 293 126 6
s 197 418 129 56 1
s 198 322 26 6 6
s 199 15 163 48 5
s 200 195 146 2 4
s 201 329 379 175 4
s 202 444 416 78 8
s 203 255 492 5 2
s 204 68 141 70 2
s 205 2 26 125 6
s 206 495 57 40 8
s 207 479 438 231 7
s 208 48 173 265 3
s 209 189 411 195 8
s 210 330 0 314 8
s 211 418 269 138 7
s 212 105 201 22 8
s 213 449 143 355 10
s 214 389 185 81 8
s 215 462 441 30 1
s 216 481 284 16 6
s 217 282 179 169 8
s 218 22 345 72 0
s 219 461 349 205 10
s 220 326 80 261 1
s 221 270 364 164 8
s 222 310 270 185 1
s 223 423 144 137 5
s 224 250 51 30 0
s 225 390 162 292 3
s 226 250 122 41 0
s 227 304 311 193 2
s 228 96 206 123 8
s 229 333 6 308 10
s 230 167 227 359 4
s 231 255 180 99 2
s 232 292 214 226 4
s 233 16 455 72 2
s 234 22 221 307 5
s 235 425 273 18 2
s 236 372 243 88 7
s 237 120 292 191 9
s 238 496 131 25 0
s 239 48 67 168 4
b 229 0 332 3
m 229 27 0 332 3
m 229 48 0 332 3
m 229 59 0 332 3
m 229 71 0 332 3
m 229 99 0 332 3
m 229 144 0 332 3
m 229 162 0 332 3
m 229 168 0 332 3
m 229 191 0 332 3
m 229 195 0 332 3
m 229 198 0 332 3
m 229 210 0 332 3
b 229 1 332 3
m 229 27 1 332 3
m 229 48 1 332 3
m 229 59 1 332 3
m 229 71 1 332 3
m 229 99 1 332 3
m 229 144 1 332 3
m 229 162 1 332 3
m 229 168 1 332 3
m 229 191 1 332 3
m 229 195 1 332 3
m 229 198 1 332 3
m 229 210 1 332 3
b 229 2 332 3
m 229 27 2 332 3
m 229 48 2 332 3
m 229 59 2 332 3
m 229 71 2 332 3
m 229 99 2 332 3
m 229 144 2 332 3
m 229 162 2 332 3
m 229 168 2 332 3
m 229 191 2 332 3
m 229 195 2 332 3
m 229 198 2 332 3
m 229 210 2 332 3
b 229 3 332 3
m 229 27 3 13.0 169.0 1.0
m 229 48 3 13.0 169.0 1.0
m 229 59 3 13.0 169.0 1.0
m 229 71 3 13.0 169.0 1.0
m 229 99 3 13.0 169.0 1.0
m 229 144 3 13.0 169.0 1.0
m 229 162 3 13.0 169.0 1.0
m 229 168 3 13.0 169.0 1.0
m 229 191 3 13.0 169.0 1.0
m 229 195 3 13.0 169.0 1.0
m 229 198 3 13.0 169.0 1.0
m 229 210 3 13.0 169.0 1.0
b 27 0 424 37
m 27 21 0 424 37
m 27 23 0 424 37
m 27 49 0 424 37
m 27 64 0 424 37
m 27 96 0 424 37
m 27 125 0 424 37
m 27 126 0 424 37
b 27 1 424 37
m 27 21 1 424 37
m 27 23 1 424 37
m 27 49 1 424 37
m 27 64 1 424 37
m 27 96 1 424 37
m 27 125 1 424 37
m 27 126 1 424 37
b 27 2 424 37
m 27 21 2 424 37
m 27 23 2 424 37
m 27 49 2 424 37
m 27 64 2 424 37
m 27 96 2 424 37
m 27 125 2 424 37
m 27 126 2 424 37
b 27 3 424 37
m 27 125 3 11.0 129.0 0.3398268398268398
m 27 49 3 11.0 129.0 0.3398268398268398
m 27 96 3 11.0 129.0 0.3398268398268398
b 71 0 330 61
m 71 20 0 330 61
m 71 24 0 330 61
m 71 36 0 330 61
m 71 81 0 330 61
m 71 89 0 330 61
m 71 126 0 330 61
m 71 149 0 330 61
m 71 220 0 330 61
m 71 224 0 330 61
b 71 1 330 61
m 71 20 1 330 61
m 71 24 1 330 61
m 71 36 1 330 61
m 71 81 1 330 61
m 71 89 1 330 61
m 71 126 1 330 61
m 71 149 1 330 61
m 71 220 1 330 61
m 71 224 1 330 61
b 71 2 330 61
m 71 20 2 330 61
m 71 24 2 330 61
m 71 36 2 330 61
m 71 81 2 330 61
m 71 89 2 330 61
m 71 126 2 330 61
m 71 149 2 330 61
m 71 220 2 330 61
m 71 224 2 330 61
b 71 3 330 61
m 71 20 3 11.666666666666666 139.66666666666669 0.679365079365079
m 71 36 3 11.666666666666666 139.66666666666669 0.679365079365079
m 71 224 3 11.666666666666666 139.66666666666669 0.679365079365079
m 71 81 3 11.666666666666666 139.66666666666669 0.679365079365079
m 71 89 3 11.666666666666666 139.66666666666669 0.679365079365079
m 71 149 3 11.666666666666666 139.66666666666669 0.679365079365079
m 71 126 3 11.666666666666666 139.66666666666669 0.679365079365079
b 191 0 291 31
m 191 9 0 291 31
m 191 20 0 291 31
m 191 36 0 291 31
m 191 54 0 291 31
m 191 89 0 291 31
m 191 105 0 291 31
m 191 134 0 291 31
m 191 149 0 291 31
m 191 220 0 291 31
m 191 224 0 291 31
b 191 1 291 31
m 191 9 1 291 31
m 191 20 1 291 31
m 191 36 1 291 31
m 191 54 1 291 31
m 191 89 1 291 31
m 191 105 1 291 31
m 191 134 1 291 31
m 191 149 1 291 31
m 191 220 1 291 31
m 191 224 1 291 31
b 191 2 291 31
b 191 3 291 31
m 191 36 3 12.0 146.0 0.7902777777777779
m 191 54 3 12.0 146.0 0.7902777777777779
m 191 105 3 12.0 146.0 0.7902777777777779
m 191 149 3 12.0 146.0 0.7902777777777779
m 191 134 3 12.0 146.0 0.7902777777777779
m 191 9 3 12.0 146.0 0.7902777777777779
m 191 220 3 12.0 146.0 0.7902777777777779
m 191 20 3 12.0 146.0 0.7902777777777779
b 59 0 347 70
m 59 20 0 347 70
m 59 24 0 347 70
m 59 36 0 347 70
m 59 81 0 347 70
m 59 88 0 347 70
m 59 89 0 347 70
m 59 126 0 347 70
m 59 149 0 347 70
m 59 220 0 347 70
b 59 1 347 70
b 59 2 347 70
b 59 3 347 70
m 59 88 3 11.666666666666666 139.66666666666669 0.679365079365079
m 59 81 3 11.666666666666666 139.66666666666669 0.679365079365079
m 59 89 3 11.666666666666666 139.66666666666669 0.679365079365079
m 59 126 3 11.666666666666666 139.66666666666669 0.679365079365079
m 59 24 3 11.666666666666666 139.66666666666669 0.679365079365079
m 59 149 3 11.666666666666666 139.66666666666669 0.679365079365079
m 59 20 3 11.666666666666666 139.66666666666669 0.679365079365079
b 195 0 313 42
m 195 9 0 313 42
m 195 36 0 313 42
m 195 134 0 313 42
m 195 149 0 313 42
m 195 220 0 313 42
m 195 224 0 313 42
b 195 1 313 42
m 195 9 1 313 42
m 195 36 1 313 42
m 195 134 1 313 42
m 195 149 1 313 42
m 195 220 1 313 42
m 195 224 1 313 42
b 195 2 313 42
m 195 9 2 313 42
m 195 36 2 313 42
m 195 134 2 313 42
m 195 149 2 313 42
m 195 220 2 313 42
m 195 224 2 313 42
b 195 3 313 42
m 195 9 3 11.0 129.0 0.3398268398268398
m 195 149 3 11.0 129.0 0.3398268398268398
m 195 36 3 11.0 129.0 0.3398268398268398
b 162 0 258 27
m 162 9 0 258 27
m 162 54 0 258 27
m 162 105 0 258 27
m 162 134 0 258 27
m 162 220 0 258 27
m 162 224 0 258 27
b 162 1 258 27
m 162 9 1 258 27
m 162 54 1 258 27
m 162 105 1 258 27
m 162 134 1 258 27
m 162 220 1 258 27
m 162 224 1 258 27
b 162 2 258 27
b 162 3 258 27
m 162 220 3 10.666666666666666 124.66666666666667 0.07031250000000022
b 198 0 353 29
m 198 149 0 353 29
m 198 220 0 353 29
b 198 1 353 29
m 198 149 1 353 29
m 198 220 1 353 29
b 198 2 353 29
m 198 149 2 353 29
m 198 220 2 353 29
b 198 3 353 29
b 144 0 377 85
m 144 23 0 377 85
m 144 24 0 377 85
m 144 64 0 377 85
m 144 81 0 377 85
m 144 96 0 377 85
m 144 125 0 377 85
m 144 126 0 377 85
m 144 149 0 377 85
m 144 178 0 377 85
m 144 225 0 377 85
b 144 1 377 85
m 144 23 1 377 85
m 144 24 1 377 85
m 144 64 1 377 85
m 144 81 1 377 85
m 144 96 1 377 85
m 144 125 1 377 85
m 144 126 1 377 85
m 144 149 1 377 85
m 144 178 1 377 85
m 144 225 1 377 85
b 144 2 377 85
m 144 23 2 377 85
m 144 24 2 377 85
m 144 64 2 377 85
m 144 81 2 377 85
m 144 96 2 377 85
m 144 125 2 377 85
m 144 126 2 377 85
m 144 149 2 377 85
m 144 178 2 377 85
m 144 225 2 377 85
b 144 3 377 85
m 144 23 3 12.333333333333332 153.0 0.8767403767403767
m 144 96 3 12.333333333333332 153.0 0.8767403767403767
m 144 149 3 12.333333333333332 153.0 0.8767403767403767
m 144 178 3 12.333333333333332 153.0 0.8767403767403767
m 144 225 3 12.333333333333332 153.0 0.8767403767403767
m 144 64 3 12.333333333333332 153.0 0.8767403767403767
m 144 125 3 12.333333333333332 153.0 0.8767403767403767
m 144 81 3 12.333333333333332 153.0 0.8767403767403767
m 144 126 3 12.333333333333332 153.0 0.8767403767403767
b 99 0 258 36
m 99 9 0 258 36
m 99 36 0 258 36
m 99 54 0 258 36
m 99 89 0 258 36
m 99 105 0 258 36
m 99 134 0 258 36
m 99 149 0 258 36
m 99 220 0 258 36
m 99 224 0 258 36
b 99 1 258 36
b 99 2 258 36
m 99 9 2 258 36
m 99 36 2 258 36
m 99 54 2 258 36
m 99 89 2 258 36
m 99 105 2 258 36
m 99 134 2 258 36
m 99 149 2 258 36
m 99 220 2 258 36
m 99 224 2 258 36
b 99 3 258 36
m 99 89 3 12.0 146.0 0.7902777777777779
m 99 149 3 12.0 146.0 0.7902777777777779
m 99 36 3 12.0 146.0 0.7902777777777779
m 99 220 3 12.0 146.0 0.7902777777777779
m 99 54 3 12.0 146.0 0.7902777777777779
m 99 224 3 12.0 146.0 0.7902777777777779
m 99 105 3 12.0 146.0 0.7902777777777779
b 168 0 368 3
m 168 21 0 368 3
m 168 23 0 368 3
m 168 64 0 368 3
b 168 1 368 3
m 168 21 1 368 3
m 168 23 1 368 3
m 168 64 1 368 3
b 168 2 368 3
m 168 21 2 368 3
m 168 23 2 368 3
m 168 64 2 368 3
b 168 3 368 3
m 168 23 3 10.0 118.0 0.25
m 168 21 3 10.0 118.0 0.25
b 210 0 342 32
m 210 149 0 342 32
m 210 220 0 342 32
b 210 1 342 32
m 210 149 1 342 32
m 210 220 1 342 32
b 210 2 342 32
b 210 3 342 32
m 210 220 3 9.333333333333332 114.0 0.5
m 210 149 3 9.333333333333332 114.0 0.5
b 48 0 329 34
m 48 134 0 329 34
m 48 149 0 329 34
m 48 220 0 329 34
m 48 224 0 329 34
b 48 1 329 34
m 48 134 1 329 34
m 48 149 1 329 34
m 48 220 1 329 34
m 48 224 1 329 34
b 48 2 329 34
m 48 134 2 329 34
m 48 149 2 329 34
m 48 220 2 329 34
m 48 224 2 329 34
b 48 3 329 34
m 48 149 3 10.0 118.0 0.25
m 48 134 3 10.0 118.0 0.25
b 96 0 441 59
m 96 40 0 441 59
m 96 55 0 441 59
m 96 140 0 441 59
m 96 146 0 441 59
m 96 206 0 441 59
m 96 238 0 441 59
b 96 1 441 59
m 96 40 1 441 59
m 96 55 1 441 59
m 96 140 1 441 59
m 96 146 1 441 59
m 96 206 1 441 59
m 96 238 1 441 59
b 96 2 441 59
m 96 40 2 441 59
m 96 55 2 441 59
m 96 140 2 441 59
m 96 146 2 441 59
m 96 206 2 441 59
m 96 238 2 441 59
b 96 3 441 59
m 96 206 3 10.5 117.0 0.4297433577094594
m 96 23 3 10.5 117.0 0.4297433577094594
m 96 21 3 10.5 117.0 0.4297433577094594
m 96 64 3 10.5 117.0 0.4297433577094594
b 9 0 250 26
m 9 45 0 250 26
b 9 1 250 26
m 9 45 1 250 26
b 9 3 250 26
m 9 45 3 9.25 109.75 1.0
b 125 0 420 81
m 125 40 0 420 81
m 125 55 0 420 81
m 125 140 0 420 81
m 125 146 0 420 81
m 125 197 0 420 81
m 125 206 0 420 81
m 125 225 0 420 81
b 125 1 420 81
m 125 40 1 420 81
m 125 55 1 420 81
m 125 140 1 420 81
m 125 146 1 420 81
m 125 197 1 420 81
m 125 206 1 420 81
m 125 225 1 420 81
b 125 2 420 81
m 125 40 2 420 81
m 125 55 2 420 81
m 125 140 2 420 81
m 125 146 2 420 81
m 125 197 2 420 81
m 125 206 2 420 81
m 125 225 2 420 81
b 125 3 420 81
m 125 21 3 11.5 139.0 0.49053458209685175
m 125 55 3 11.5 139.0 0.49053458209685175
m 125 64 3 11.5 139.0 0.49053458209685175
m 125 197 3 11.5 139.0 0.49053458209685175
m 125 140 3 11.5 139.0 0.49053458209685175
b 224 0 283 70
m 224 25 0 283 70
m 224 118 0 283 70
b 224 1 283 70
m 224 25 1 283 70
m 224 118 1 283 70
b 224 2 283 70
m 224 9 2 283 70
m 224 25 2 283 70
m 224 54 2 283 70
m 224 105 2 283 70
m 224 118 2 283 70
m 224 134 2 283 70
b 224 3 283 70
m 224 118 3 9.5 107.00000000000001 0.3333333333333333
b 220 0 320 42
b 220 1 320 42
b 220 2 320 42
b 220 3 320 42
b 9 2 250 28
b 49 0 478 54
m 49 40 0 478 54
m 49 55 0 478 54
m 49 140 0 478 54
m 49 146 0 478 54
m 49 206 0 478 54
m 49 238 0 478 54
b 49 1 478 54
m 49 40 1 478 54
m 49 55 1 478 54
m 49 140 1 478 54
m 49 146 1 478 54
m 49 206 1 478 54
m 49 238 1 478 54
b 49 2 478 54
b 49 3 478 54
m 49 238 3 10.5 117.0 0.4297433577094594
m 49 55 3 10.5 117.0 0.4297433577094594
m 49 21 3 10.5 117.0 0.4297433577094594
m 49 140 3 10.5 117.0 0.4297433577094594
b 64 0 411 58
m 64 55 0 411 58
m 64 206 0 411 58
b 64 1 411 58
m 64 55 1 411 58
m 64 206 1 411 58
b 64 2 411 58
b 89 0 302 93
m 89 4 0 302 93
m 89 25 0 302 93
m 89 33 0 302 93
m 89 118 0 302 93
m 89 226 0 302 93
b 89 1 302 93
m 89 4 1 302 93
m 89 25 1 302 93
m 89 33 1 302 93
m 89 88 1 302 93
m 89 118 1 302 93
m 89 226 1 302 93
b 89 2 302 93
m 89 4 2 302 93
m 89 25 2 302 93
m 89 33 2 302 93
m 89 88 2 302 93
m 89 105 2 302 93
m 89 118 2 302 93
m 89 226 2 302 93
b 89 3 302 93
m 89 118 3 10.0 111.00000000000001 0.2330009920634921
m 89 226 3 10.0 111.00000000000001 0.2330009920634921
b 105 0 254 60
m 105 33 0 254 60
m 105 45 0 254 60
m 105 90 0 254 60
m 105 107 0 254 60
m 105 118 0 254 60
b 105 1 254 60
m 105 33 1 254 60
m 105 45 1 254 60
m 105 90 1 254 60
m 105 107 1 254 60
m 105 118 1 254 60
b 105 3 254 60
m 105 90 3 10.25 115.75 0.12370565869837792
b 81 0 351 119
m 81 4 0 351 119
m 81 25 0 351 119
m 81 178 0 351 119
m 81 225 0 351 119
b 81 1 351 119
m 81 4 1 351 119
m 81 25 1 351 119
m 81 88 1 351 119
m 81 178 1 351 119
m 81 225 1 351 119
b 81 2 351 119
b 81 3 351 119
m 81 4 3 10.25 113.75000000000001 0.42084906116918297
m 81 25 3 10.25 113.75000000000001 0.42084906116918297
b 24 0 330 107
m 24 4 0 330 107
m 24 15 0 330 107
m 24 25 0 330 107
m 24 226 0 330 107
b 24 1 330 107
m 24 4 1 330 107
m 24 15 1 330 107
m 24 25 1 330 107
m 24 88 1 330 107
m 24 226 1 330 107
b 24 2 330 107
b 21 0 459 14
m 21 55 0 459 14
m 21 140 0 459 14
m 21 146 0 459 14
m 21 206 0 459 14
b 21 1 459 14
b 21 2 459 14
b 24 3 329 107
m 24 4 3 9.75 108.75000000000001 0.25
m 24 226 3 9.75 108.75000000000001 0.25
b 126 0 377 115
m 126 4 0 377 115
m 126 223 0 377 115
b 126 1 377 115
m 126 4 1 377 115
m 126 223 1 377 115
b 126 2 377 115
b 126 3 377 116
m 126 4 3 9.25 105.75000000000001 0.5
m 126 223 3 9.25 105.75000000000001 0.5
b 149 0 315 60
m 149 4 0 315 60
m 149 25 0 315 60
b 149 1 315 60
m 149 4 1 315 60
m 149 25 1 315 60
m 149 88 1 315 60
b 149 2 315 60
m 149 4 2 315 60
m 149 25 2 315 60
m 149 88 2 315 60
b 149 3 315 60
m 149 4 3 9.25 105.75000000000001 0.5
m 149 25 3 9.25 105.75000000000001 0.5
b 20 0 306 127
m 20 4 0 306 127
m 20 15 0 306 127
m 20 25 0 306 127
m 20 33 0 306 127
m 20 118 0 306 127
m 20 226 0 306 127
b 20 1 306 127
m 20 4 1 306 127
m 20 15 1 306 127
m 20 25 1 306 127
m 20 33 1 306 127
m 20 88 1 306 127
m 20 118 1 306 127
m 20 226 1 306 127
b 20 2 306 127
m 20 4 2 306 127
m 20 15 2 306 127
m 20 25 2 306 127
m 20 33 2 306 127
m 20 88 2 306 127
m 20 118 2 306 127
m 20 226 2 306 127
b 20 3 306 127
m 20 33 3 10.25 113.75000000000001 0.42084906116918297
m 20 15 3 10.25 113.75000000000001 0.42084906116918297
m 20 25 3 10.25 113.75000000000001 0.42084906116918297
b 23 0 426 21
m 23 140 0 426 21
m 23 146 0 426 21
m 23 206 0 426 21
b 23 1 426 21
b 23 2 426 21
m 23 140 2 426 21
m 23 146 2 426 21
m 23 206 2 426 21
b 36 0 277 97
m 36 4 0 277 97
m 36 25 0 277 97
m 36 33 0 277 97
m 36 118 0 277 97
m 36 226 0 277 97
b 36 1 277 97
m 36 4 1 277 97
m 36 25 1 277 97
m 36 33 1 277 97
m 36 88 1 277 97
m 36 118 1 277 97
m 36 226 1 277 97
b 36 2 277 97
m 36 4 2 277 97
m 36 25 2 277 97
m 36 33 2 277 97
m 36 88 2 277 97
m 36 118 2 277 97
m 36 226 2 277 97
b 36 3 277 97
m 36 4 3 10.0 111.00000000000001 0.2330009920634921
m 36 226 3 10.0 111.00000000000001 0.2330009920634921
b 64 3 405 60
m 64 55 3 10.25 118.75 0.25
m 64 206 3 10.25 118.75 0.25
b 105 2 261 62
m 105 33 2 261 62
m 105 45 2 261 62
m 105 107 2 261 62
m 105 118 2 261 62
b 225 0 408 119
m 225 4 0 408 119
m 225 95 0 408 119
m 225 101 0 408 119
m 225 148 0 408 119
m 225 183 0 408 119
m 225 197 0 408 119
m 225 223 0 408 119
b 225 1 408 119
m 225 4 1 408 119
m 225 95 1 408 119
m 225 101 1 408 119
m 225 148 1 408 119
m 225 183 1 408 119
m 225 197 1 408 119
m 225 223 1 408 119
b 225 2 408 119
m 225 4 2 408 119
m 225 95 2 408 119
m 225 101 2 408 119
m 225 148 2 408 119
m 225 183 2 408 119
m 225 197 2 408 119
m 225 223 2 408 119
b 225 3 408 119
m 225 4 3 11.0 127.0 0.4796250673027925
m 225 101 3 11.0 127.0 0.4796250673027925
m 225 148 3 11.0 127.0 0.4796250673027925
m 225 197 3 11.0 127.0 0.4796250673027925
b 54 0 237 6
m 54 45 0 237 6
m 54 90 0 237 6
b 54 1 237 6
m 54 45 1 237 6
m 54 90 1 237 6
b 54 3 237 6
m 54 45 3 9.5 110.5 0.5
m 54 90 3 9.5 110.5 0.5
b 134 0 280 37
m 134 45 0 280 37
b 134 1 280 37
b 134 3 280 37
m 134 45 3 9.25 109.75 1.0
b 88 0 289 129
m 88 4 0 289 129
m 88 15 0 289 129
m 88 25 0 289 129
m 88 33 0 289 129
m 88 34 0 289 129
m 88 93 0 289 129
m 88 118 0 289 129
m 88 226 0 289 129
m 88 232 0 289 129
b 88 3 289 129
m 88 93 3 11.5 135.0 0.814654895225547
m 88 15 3 11.5 135.0 0.814654895225547
m 88 4 3 11.5 135.0 0.814654895225547
m 88 25 3 11.5 135.0 0.814654895225547
m 88 34 3 11.5 135.0 0.814654895225547
m 88 33 3 11.5 135.0 0.814654895225547
m 88 118 3 11.5 135.0 0.814654895225547
b 178 0 408 134
m 178 4 0 408 134
m 178 67 0 408 134
m 178 95 0 408 134
m 178 148 0 408 134
m 178 183 0 408 134
m 178 223 0 408 134
b 178 1 408 134
b 178 2 408 134
b 178 3 408 134
m 178 4 3 11.0 127.0 0.4796250673027925
m 178 67 3 11.0 127.0 0.4796250673027925
m 178 183 3 11.0 127.0 0.4796250673027925
b 238 0 492 86
m 238 1 0 492 86
m 238 7 0 492 86
m 238 101 0 492 86
m 238 213 0 492 86
b 238 1 492 86
m 238 1 1 492 86
m 238 7 1 492 86
m 238 101 1 492 86
m 238 213 1 492 86
b 238 2 492 86
m 238 1 2 492 86
m 238 7 2 492 86
m 238 101 2 492 86
m 238 213 2 492 86
b 45 0 212 48
m 45 90 0 212 48
m 45 107 0 212 48
b 45 1 212 48
m 45 90 1 212 48
m 45 107 1 212 48
b 45 3 212 48
m 45 90 3 7.800000000000001 88.6 1.0
m 45 107 3 7.800000000000001 88.6 1.0
b 134 2 281 39
m 134 45 2 281 39
b 146 0 461 81
m 146 1 0 461 81
m 146 101 0 461 81
m 146 213 0 461 81
b 146 1 461 81
m 146 1 1 461 81
m 146 101 1 461 81
m 146 213 1 461 81
b 146 2 461 81
m 146 1 2 461 81
m 146 101 2 461 81
m 146 213 2 461 81
b 118 0 224 119
m 118 19 0 224 119
m 118 82 0 224 119
m 118 93 0 224 119
m 118 180 0 224 119
m 118 187 0 224 119
m 118 200 0 224 119
m 118 217 0 224 119
b 118 1 224 119
m 118 19 1 224 119
m 118 82 1 224 119
m 118 93 1 224 119
m 118 180 1 224 119
m 118 187 1 224 119
m 118 200 1 224 119
m 118 217 1 224 119
b 118 2 224 119
b 118 3 224 119
m 118 33 3 10.399999999999999 124.80000000000001 0.59010989010989
m 118 25 3 10.399999999999999 124.80000000000001 0.59010989010989
m 118 19 3 10.399999999999999 124.80000000000001 0.59010989010989
m 118 82 3 10.399999999999999 124.80000000000001 0.59010989010989
m 118 217 3 10.399999999999999 124.80000000000001 0.59010989010989
m 118 187 3 10.399999999999999 124.80000000000001 0.59010989010989
b 197 0 446 172
m 197 1 0 446 172
m 197 7 0 446 172
m 197 95 0 446 172
m 197 101 0 446 172
m 197 110 0 446 172
m 197 148 0 446 172
m 197 155 0 446 172
m 197 213 0 446 172
m 197 223 0 446 172
b 197 1 446 172
m 197 1 1 446 172
m 197 7 1 446 172
m 197 95 1 446 172
m 197 101 1 446 172
m 197 110 1 446 172
m 197 148 1 446 172
m 197 155 1 446 172
m 197 213 1 446 172
m 197 223 1 446 172
b 197 2 446 172
b 197 3 446 172
m 197 7 3 11.0 127.4 0.3048018090158072
m 197 1 3 11.0 127.4 0.3048018090158072
m 197 101 3 11.0 127.4 0.3048018090158072
b 226 0 290 156
m 226 15 0 290 156
m 226 73 0 290 156
m 226 93 0 290 156
m 226 200 0 290 156
m 226 217 0 290 156
m 226 232 0 290 156
b 226 1 290 156
m 226 15 1 290 156
m 226 73 1 290 156
m 226 93 1 290 156
m 226 200 1 290 156
m 226 217 1 290 156
m 226 232 1 290 156
b 226 2 290 156
m 226 15 2 290 156
m 226 73 2 290 156
m 226 93 2 290 156
m 226 200 2 290 156
m 226 217 2 290 156
m 226 232 2 290 156
b 226 3 290 156
m 226 15 3 9.8 105.00000000000001 0.34150043249789835
m 226 73 3 9.8 105.00000000000001 0.34150043249789835
m 226 217 3 9.8 105.00000000000001 0.34150043249789835
m 226 33 3 9.8 105.00000000000001 0.34150043249789835
b 238 3 492 83
m 238 101 3 9.6 100.8 0.2557275614538683
m 238 213 3 9.6 100.8 0.2557275614538683
b 21 3 464 8
m 21 146 3 7.75 88.75 1.0
b 23 3 427 14
m 23 146 3 9.5 115.0 1.0
b 90 0 153 39
m 90 119 0 153 39
m 90 135 0 153 39
m 90 159 0 153 39
b 90 1 153 39
b 90 3 153 39
m 90 119 3 9.399999999999999 99.8 0.15109046822368855
b 54 2 244 8
m 54 45 2 244 8
b 107 0 205 71
m 107 82 0 205 71
m 107 119 0 205 71
m 107 135 0 205 71
m 107 156 0 205 71
b 107 1 205 71
b 40 0 493 91
m 40 1 0 493 91
m 40 7 0 493 91
m 40 101 0 493 91
m 40 213 0 493 91
b 40 1 493 91
m 40 1 1 493 91
m 40 7 1 493 91
m 40 101 1 493 91
m 40 213 1 493 91
b 40 2 493 91
m 40 1 2 493 91
m 40 7 2 493 91
m 40 101 2 493 91
m 40 213 2 493 91
b 55 0 467 73
m 55 1 0 467 73
m 55 101 0 467 73
m 55 213 0 467 73
b 55 1 467 73
m 55 1 1 467 73
m 55 101 1 467 73
m 55 213 1 467 73
b 55 2 467 73
b 140 0 470 40
b 140 1 470 40
b 140 2 470 40
b 33 0 253 102
m 33 82 0 253 102
m 33 93 0 253 102
m 33 200 0 253 102
b 33 1 253 102
m 33 82 1 253 102
m 33 93 1 253 102
m 33 200 1 253 102
b 33 2 253 102
m 33 82 2 253 102
m 33 93 2 253 102
m 33 107 2 253 102
m 33 200 2 253 102
b 55 3 466 73
m 55 1 3 10.2 116.2 0.2
m 55 101 3 10.2 116.2 0.2
b 140 3 469 39
m 140 146 3 9.6 112.0 0.5
m 140 40 3 9.6 112.0 0.5
b 206 0 464 23
b 206 1 464 23
b 206 2 464 23
b 206 3 464 23
m 206 146 3 8.8 94.39999999999999 0.5
m 206 40 3 8.8 94.39999999999999 0.5
b 45 2 221 49
m 45 90 2 221 49
b 15 0 316 151
m 15 34 0 316 151
m 15 67 0 316 151
m 15 93 0 316 151
m 15 116 0 316 151
m 15 179 0 316 151
m 15 232 0 316 151
b 15 1 316 151
b 25 0 304 151
m 25 34 0 304 151
m 25 67 0 304 151
m 25 93 0 304 151
m 25 200 0 304 151
m 25 232 0 304 151
b 25 1 304 151
m 25 34 1 304 151
m 25 67 1 304 151
m 25 93 1 304 151
m 25 200 1 304 151
m 25 232 1 304 151
b 25 2 304 151
m 25 34 2 304 151
m 25 67 2 304 151
m 25 93 2 304 151
m 25 200 2 304 151
m 25 232 2 304 151
b 34 0 346 179
m 34 109 0 346 179
m 34 116 0 346 179
m 34 145 0 346 179
m 34 179 0 346 179
b 34 3 346 179
m 34 95 3 10.2 113.0 0.2
m 34 145 3 10.2 113.0 0.2
b 4 0 352 121
b 4 1 352 121
m 4 34 1 352 121
m 4 67 1 352 121
b 4 2 352 121
b 88 1 276 127
m 88 93 1 276 127
m 88 200 1 276 127
m 88 232 1 276 127
b 88 2 276 127
b 107 2 212 68
b 148 0 356 206
m 148 109 0 356 206
m 148 116 0 356 206
m 148 179 0 356 206
m 148 214 0 356 206
b 148 1 356 206
b 148 2 356 206
b 148 3 356 206
m 148 95 3 10.200000000000001 111.39999999999999 0.5080004516090768
m 148 214 3 10.200000000000001 111.39999999999999 0.5080004516090768
b 223 0 378 186
m 223 116 0 378 186
m 223 214 0 378 186
b 223 1 378 186
m 223 34 1 378 186
m 223 67 1 378 186
m 223 116 1 378 186
m 223 214 1 378 186
b 1 0 492 121
b 1 1 492 121
b 1 2 492 121
b 4 3 352 120
b 15 2 315 148
m 15 34 2 315 148
m 15 67 2 315 148
m 15 93 2 315 148
m 15 116 2 315 148
m 15 179 2 315 148
m 15 232 2 315 148
b 15 3 315 148
m 15 116 3 9.2 96.00000000000001 0.36982741065314595
m 15 232 3 9.2 96.00000000000001 0.36982741065314595
b 25 3 306 153
m 25 200 3 8.6 91.80000000000001 0.5
m 25 232 3 8.6 91.80000000000001 0.5
b 110 0 460 231
m 110 6 0 460 231
m 110 11 0 460 231
m 110 61 0 460 231
m 110 94 0 460 231
m 110 114 0 460 231
m 110 130 0 460 231
m 110 141 0 460 231
m 110 157 0 460 231
m 110 181 0 460 231
m 110 214 0 460 231
m 110 235 0 460 231
b 110 1 460 231
m 110 6 1 460 231
m 110 11 1 460 231
m 110 61 1 460 231
m 110 94 1 460 231
m 110 114 1 460 231
m 110 130 1 460 231
m 110 141 1 460 231
m 110 157 1 460 231
m 110 181 1 460 231
m 110 214 1 460 231
m 110 235 1 460 231
b 223 3 377 187
m 223 95 3 8.0 86.4 0.686873920552677
m 223 214 3 8.0 86.4 0.686873920552677
m 223 116 3 8.0 86.4 0.686873920552677
b 33 3 253 95
b 223 2 377 187
m 223 34 2 377 187
m 223 67 2 377 187
m 223 116 2 377 187
m 223 214 2 377 187
b 1 3 491 120
m 1 40 3 9.5 106.83333333333334 0.5
b 19 0 151 176
m 19 35 0 151 176
m 19 46 0 151 176
m 19 74 0 151 176
m 19 79 0 151 176
m 19 100 0 151 176
m 19 132 0 151 176
m 19 152 0 151 176
m 19 156 0 151 176
m 19 166 0 151 176
m 19 174 0 151 176
m 19 175 0 151 176
m 19 177 0 151 176
m 19 185 0 151 176
m 19 189 0 151 176
m 19 212 0 151 176
b 19 1 151 176
m 19 35 1 151 176
m 19 46 1 151 176
m 19 74 1 151 176
m 19 79 1 151 176
m 19 100 1 151 176
m 19 132 1 151 176
m 19 152 1 151 176
m 19 156 1 151 176
m 19 166 1 151 176
m 19 174 1 151 176
m 19 175 1 151 176
m 19 177 1 151 176
m 19 185 1 151 176
m 19 189 1 151 176
m 19 212 1 151 176
b 19 3 151 176
m 19 74 3 11.666666666666666 158.0 0.6568697968697966
m 19 46 3 11.666666666666666 158.0 0.6568697968697966
m 19 35 3 11.666666666666666 158.0 0.6568697968697966
m 19 79 3 11.666666666666666 158.0 0.6568697968697966
m 19 180 3 11.666666666666666 158.0 0.6568697968697966
m 19 100 3 11.666666666666666 158.0 0.6568697968697966
m 19 156 3 11.666666666666666 158.0 0.6568697968697966
m 19 132 3 11.666666666666666 158.0 0.6568697968697966
m 19 152 3 11.666666666666666 158.0 0.6568697968697966
m 19 177 3 11.666666666666666 158.0 0.6568697968697966
b 107 3 215 67
m 107 135 3 6.833333333333333 74.5 1.0
b 232 0 247 167
m 232 35 0 247 167
m 232 46 0 247 167
m 232 123 0 247 167
m 232 230 0 247 167
m 232 231 0 247 167
b 146 3 446 87
m 146 40 3 6.4 71.2 1.0
b 180 0 199 128
m 180 35 0 199 128
m 180 74 0 199 128
m 180 79 0 199 128
m 180 100 0 199 128
m 180 132 0 199 128
m 180 166 0 199 128
m 180 189 0 199 128
b 180 1 199 128
m 180 35 1 199 128
m 180 74 1 199 128
m 180 79 1 199 128
m 180 100 1 199 128
m 180 119 1 199 128
m 180 132 1 199 128
m 180 156 1 199 128
m 180 166 1 199 128
m 180 189 1 199 128
b 187 0 189 186
m 187 35 0 189 186
m 187 46 0 189 186
m 187 74 0 189 186
m 187 79 0 189 186
m 187 100 0 189 186
m 187 123 0 189 186
m 187 132 0 189 186
m 187 152 0 189 186
m 187 166 0 189 186
m 187 177 0 189 186
m 187 189 0 189 186
m 187 212 0 189 186
m 187 230 0 189 186
b 187 1 189 186
m 187 35 1 189 186
m 187 46 1 189 186
m 187 74 1 189 186
m 187 79 1 189 186
m 187 100 1 189 186
m 187 123 1 189 186
m 187 132 1 189 186
m 187 152 1 189 186
m 187 166 1 189 186
m 187 177 1 189 186
m 187 189 1 189 186
m 187 212 1 189 186
m 187 230 1 189 186
b 187 3 189 186
m 187 230 3 11.666666666666666 158.0 0.6568697968697966
m 187 180 3 11.666666666666666 158.0 0.6568697968697966
m 187 123 3 11.666666666666666 158.0 0.6568697968697966
m 187 152 3 11.666666666666666 158.0 0.6568697968697966
m 187 212 3 11.666666666666666 158.0 0.6568697968697966
m 187 100 3 11.666666666666666 158.0 0.6568697968697966
m 187 46 3 11.666666666666666 158.0 0.6568697968697966
m 187 35 3 11.666666666666666 158.0 0.6568697968697966
m 187 74 3 11.666666666666666 158.0 0.6568697968697966
m 187 200 3 11.666666666666666 158.0 0.6568697968697966
m 187 79 3 11.666666666666666 158.0 0.6568697968697966
b 67 0 330 161
m 67 116 0 330 161
m 67 179 0 330 161
b 67 3 330 161
m 67 95 3 9.4 103.39999999999999 0.3333333333333333
b 101 0 468 124
b 101 1 468 124
b 101 2 468 124
m 101 155 2 468 124
b 101 3 468 124
m 101 40 3 9.200000000000001 102.39999999999999 0.5
m 101 155 3 9.200000000000001 102.39999999999999 0.5
b 200 0 261 148
m 200 35 0 261 148
m 200 166 0 261 148
b 200 1 261 148
m 200 35 1 261 148
m 200 166 1 261 148
b 93 0 246 155
m 93 35 0 246 155
m 93 46 0 246 155
m 93 123 0 246 155
m 93 231 0 246 155
b 93 3 246 155
m 93 123 3 11.2 128.0 0.7591038182173966
m 93 46 3 11.2 128.0 0.7591038182173966
m 93 200 3 11.2 128.0 0.7591038182173966
m 93 35 3 11.2 128.0 0.7591038182173966
b 159 0 124 31
m 159 66 0 124 31
m 159 75 0 124 31
m 159 108 0 124 31
m 159 205 0 124 31
b 200 2 262 148
m 200 35 2 262 148
m 200 166 2 262 148
m 200 180 2 262 148
m 200 187 2 262 148
b 232 1 245 165
m 232 35 1 245 165
m 232 46 1 245 165
m 232 123 1 245 165
m 232 230 1 245 165
m 232 231 1 245 165
b 232 2 245 165
m 232 35 2 245 165
m 232 46 2 245 165
m 232 123 2 245 165
m 232 187 2 245 165
m 232 230 2 245 165
m 232 231 2 245 165
b 95 0 364 187
m 95 109 0 364 187
m 95 116 0 364 187
m 95 214 0 364 187
b 95 1 364 187
m 95 34 1 364 187
m 95 67 1 364 187
m 95 109 1 364 187
m 95 116 1 364 187
m 95 214 1 364 187
b 95 2 364 187
m 95 34 2 364 187
m 95 67 2 364 187
m 95 109 2 364 187
m 95 116 2 364 187
m 95 214 2 364 187
b 183 0 384 163
m 183 116 0 384 163
b 183 1 384 163
m 183 34 1 384 163
m 183 67 1 384 163
m 183 116 1 384 163
b 183 2 384 163
b 7 0 451 160
m 7 114 0 451 160
b 7 1 451 160
m 7 114 1 451 160
b 7 2 451 160
m 7 110 2 451 160
m 7 114 2 451 160
m 7 155 2 451 160
b 82 0 214 119
m 82 74 0 214 119
m 82 132 0 214 119
b 82 1 214 119
m 82 74 1 214 119
m 82 119 1 214 119
m 82 132 1 214 119
b 82 3 214 119
m 82 132 3 10.166666666666666 117.5 0.29920789592920743
b 93 1 245 153
m 93 35 1 245 153
m 93 46 1 245 153
m 93 123 1 245 153
m 93 231 1 245 153
b 93 2 245 152
b 183 3 385 162
m 183 116 3 9.200000000000001 102.39999999999999 0.5
m 183 95 3 9.200000000000001 102.39999999999999 0.5
b 213 0 484 153
b 213 1 484 153
b 213 2 484 153
b 217 0 212 193
m 217 35 0 212 193
m 217 46 0 212 193
m 217 74 0 212 193
m 217 79 0 212 193
m 217 123 0 212 193
m 217 166 0 212 193
m 217 177 0 212 193
m 217 189 0 212 193
m 217 230 0 212 193
m 217 231 0 212 193
b 217 1 212 193
m 217 35 1 212 193
m 217 46 1 212 193
m 217 74 1 212 193
m 217 79 1 212 193
m 217 123 1 212 193
m 217 166 1 212 193
m 217 177 1 212 193
m 217 189 1 212 193
m 217 230 1 212 193
m 217 231 1 212 193
b 217 3 212 193
m 217 180 3 11.333333333333332 146.66666666666666 0.6196942763119233
m 217 200 3 11.333333333333332 146.66666666666666 0.6196942763119233
m 217 231 3 11.333333333333332 146.66666666666666 0.6196942763119233
m 217 79 3 11.333333333333332 146.66666666666666 0.6196942763119233
m 217 232 3 11.333333333333332 146.66666666666666 0.6196942763119233
m 217 230 3 11.333333333333332 146.66666666666666 0.6196942763119233
m 217 189 3 11.333333333333332 146.66666666666666 0.6196942763119233
m 217 74 3 11.333333333333332 146.66666666666666 0.6196942763119233
m 217 123 3 11.333333333333332 146.66666666666666 0.6196942763119233
b 7 3 449 160
m 7 110 3 9.666666666666666 107.66666666666667 0.3333333333333333
b 34 1 353 171
b 34 2 353 171
m 34 109 2 353 171
m 34 116 2 353 171
m 34 179 2 353 171
b 155 0 471 179
m 155 11 0 471 179
m 155 61 0 471 179
m 155 114 0 471 179
m 155 141 0 471 179
m 155 181 0 471 179
b 155 1 471 179
m 155 11 1 471 179
m 155 61 1 471 179
m 155 114 1 471 179
m 155 141 1 471 179
m 155 181 1 471 179
b 179 0 301 206
m 179 231 0 301 206
b 217 2 211 193
b 73 0 250 239
m 73 17 0 250 239
m 73 35 0 250 239
m 73 37 0 250 239
m 73 46 0 250 239
m 73 123 0 250 239
m 73 153 0 250 239
m 73 160 0 250 239
m 73 164 0 250 239
m 73 166 0 250 239
m 73 177 0 250 239
m 73 222 0 250 239
m 73 227 0 250 239
m 73 230 0 250 239
m 73 231 0 250 239
b 73 1 250 239
m 73 17 1 250 239
m 73 35 1 250 239
m 73 37 1 250 239
m 73 46 1 250 239
m 73 123 1 250 239
m 73 145 1 250 239
m 73 153 1 250 239
m 73 160 1 250 239
m 73 164 1 250 239
m 73 166 1 250 239
m 73 177 1 250 239
m 73 179 1 250 239
m 73 222 1 250 239
m 73 227 1 250 239
m 73 230 1 250 239
m 73 231 1 250 239
b 73 2 250 239
b 73 3 250 239
m 73 46 3 10.833333333333332 130.16666666666669 0.46517844546645276
m 73 179 3 10.833333333333332 130.16666666666669 0.46517844546645276
m 73 227 3 10.833333333333332 130.16666666666669 0.46517844546645276
m 73 37 3 10.833333333333332 130.16666666666669 0.46517844546645276
m 73 164 3 10.833333333333332 130.16666666666669 0.46517844546645276
m 73 177 3 10.833333333333332 130.16666666666669 0.46517844546645276
m 73 123 3 10.833333333333332 130.16666666666669 0.46517844546645276
m 73 17 3 10.833333333333332 130.16666666666669 0.46517844546645276
b 90 2 136 30
m 90 66 2 136 30
m 90 75 2 136 30
m 90 108 2 136 30
m 90 119 2 136 30
m 90 135 2 136 30
m 90 159 2 136 30
b 156 0 110 123
m 156 56 0 110 123
m 156 66 0 110 123
m 156 74 0 110 123
m 156 77 0 110 123
m 156 100 0 110 123
m 156 132 0 110 123
m 156 170 0 110 123
b 116 0 393 195
m 116 186 0 393 195
b 213 3 482 155
m 213 155 3 8.333333333333334 84.66666666666667 0.5
m 213 114 3 8.333333333333334 84.66666666666667 0.5
b 135 0 148 90
m 135 66 0 148 90
m 135 132 0 148 90
b 179 2 300 203
b 40 3 475 83
b 82 2 220 118
b 116 1 395 194
m 116 109 1 395 194
m 116 186 1 395 194
b 119 0 161 67
m 119 66 0 161 67
b 119 3 161 67
m 119 159 3 8.166666666666666 83.83333333333334 0.5
m 119 66 3 8.166666666666666 83.83333333333334 0.5
b 35 0 233 165
b 35 1 233 165
m 35 123 1 233 165
m 35 230 1 233 165
m 35 231 1 233 165
b 35 3 233 165
m 35 231 3 10.714285714285714 139.0 0.2
m 35 189 3 10.714285714285714 139.0 0.2
b 116 2 396 193
m 116 109 2 396 193
m 116 186 2 396 193
b 116 3 396 193
m 116 109 3 8.0 80.66666666666669 0.5
m 116 186 3 8.0 80.66666666666669 0.5
b 132 0 156 134
m 132 77 0 156 134
b 132 1 156 134
b 132 3 156 134
m 132 77 3 10.714285714285714 139.0 0.2
b 157 0 486 238
m 157 42 0 486 238
m 157 129 0 486 238
b 157 1 486 238
m 157 42 1 486 238
m 157 129 1 486 238
b 166 0 207 175
b 166 1 207 175
m 166 123 1 207 175
m 166 230 1 207 175
b 235 0 498 297
m 235 42 0 498 297
m 235 129 0 498 297
m 235 143 0 498 297
m 235 216 0 498 297
b 235 1 498 297
m 235 42 1 498 297
m 235 129 1 498 297
m 235 143 1 498 297
m 235 216 1 498 297
b 67 1 324 151
b 67 2 324 151
b 130 0 458 303
m 130 98 0 458 303
b 130 1 458 303
m 130 98 1 458 303
b 177 0 210 220
m 177 8 0 210 220
m 177 13 0 210 220
m 177 83 0 210 220
m 177 103 0 210 220
m 177 153 0 210 220
m 177 222 0 210 220
b 177 1 210 220
m 177 8 1 210 220
m 177 13 1 210 220
m 177 83 1 210 220
m 177 103 1 210 220
m 177 153 1 210 220
m 177 222 1 210 220
m 177 231 1 210 220
b 177 3 210 220
m 177 153 3 12.0 163.42857142857142 0.4640625867244806
m 177 83 3 12.0 163.42857142857142 0.4640625867244806
m 177 103 3 12.0 163.42857142857142 0.4640625867244806
m 177 13 3 12.0 163.42857142857142 0.4640625867244806
m 177 166 3 12.0 163.42857142857142 0.4640625867244806
b 189 0 165 202
m 189 8 0 165 202
m 189 13 0 165 202
m 189 83 0 165 202
b 189 1 165 202
m 189 8 1 165 202
m 189 13 1 165 202
m 189 83 1 165 202
b 200 3 273 149
m 200 166 3 7.5 77.16666666666669 0.5199252136752137
b 231 0 242 258
m 231 17 0 242 258
m 231 37 0 242 258
m 231 83 0 242 258
m 231 151 0 242 258
m 231 153 0 242 258
m 231 160 0 242 258
m 231 164 0 242 258
m 231 222 0 242 258
m 231 227 0 242 258
b 232 3 237 157
m 232 166 3 8.0 80.66666666666669 0.5
b 35 2 234 162
m 35 74 2 234 162
m 35 177 2 234 162
m 35 189 2 234 162
b 166 2 209 173
m 166 19 2 209 173
m 166 74 2 209 173
m 166 79 2 209 173
m 166 100 2 209 173
m 166 132 2 209 173
m 166 152 2 209 173
m 166 177 2 209 173
m 166 189 2 209 173
m 166 212 2 209 173
b 180 3 207 116
m 180 166 3 10.142857142857142 135.57142857142856 1.0
b 181 0 498 265
m 181 42 0 498 265
m 181 129 0 498 265
m 181 216 0 498 265
b 181 1 498 265
m 181 42 1 498 265
m 181 129 1 498 265
m 181 216 1 498 265
b 185 0 84 189
m 185 32 0 84 189
m 185 39 0 84 189
m 185 56 0 84 189
m 185 77 0 84 189
m 185 104 0 84 189
m 185 124 0 84 189
m 185 128 0 84 189
m 185 158 0 84 189
m 185 165 0 84 189
m 185 167 0 84 189
m 185 170 0 84 189
m 185 199 0 84 189
m 185 204 0 84 189
m 185 234 0 84 189
b 185 1 84 189
m 185 32 1 84 189
m 185 39 1 84 189
m 185 56 1 84 189
m 185 77 1 84 189
m 185 104 1 84 189
m 185 124 1 84 189
m 185 128 1 84 189
m 185 158 1 84 189
m 185 165 1 84 189
m 185 167 1 84 189
m 185 170 1 84 189
m 185 199 1 84 189
m 185 204 1 84 189
m 185 234 1 84 189
b 230 0 248 225
m 230 17 0 248 225
m 230 37 0 248 225
m 230 83 0 248 225
m 230 151 0 248 225
m 230 153 0 248 225
m 230 160 0 248 225
m 230 164 0 248 225
m 230 222 0 248 225
m 230 227 0 248 225
b 94 0 428 292
m 94 98 0 428 292
b 94 1 428 292
m 94 98 1 428 292
b 110 2 479 232
m 110 6 2 479 232
m 110 11 2 479 232
m 110 42 2 479 232
m 110 61 2 479 232
m 110 94 2 479 232
m 110 129 2 479 232
m 110 141 2 479 232
m 110 157 2 479 232
m 110 181 2 479 232
m 110 235 2 479 232
b 114 0 490 198
m 114 129 0 490 198
b 114 1 490 198
m 114 129 1 490 198
b 174 0 97 198
m 174 8 0 97 198
m 174 13 0 97 198
m 174 32 0 97 198
m 174 39 0 97 198
m 174 56 0 97 198
m 174 76 0 97 198
m 174 77 0 97 198
m 174 104 0 97 198
m 174 112 0 97 198
m 174 124 0 97 198
m 174 128 0 97 198
m 174 158 0 97 198
m 174 165 0 97 198
m 174 167 0 97 198
m 174 199 0 97 198
m 174 204 0 97 198
m 174 234 0 97 198
b 174 1 97 198
m 174 8 1 97 198
m 174 13 1 97 198
m 174 32 1 97 198
m 174 39 1 97 198
m 174 56 1 97 198
m 174 76 1 97 198
m 174 77 1 97 198
m 174 104 1 97 198
m 174 112 1 97 198
m 174 124 1 97 198
m 174 128 1 97 198
m 174 158 1 97 198
m 174 165 1 97 198
m 174 167 1 97 198
m 174 199 1 97 198
m 174 204 1 97 198
m 174 234 1 97 198
b 214 0 402 266
m 214 98 0 402 266
b 214 1 402 266
m 214 98 1 402 266
b 214 3 402 266
m 214 98 3 10.200000000000001 111.39999999999999 -1.0
b 230 1 249 225
m 230 17 1 249 225
m 230 37 1 249 225
m 230 83 1 249 225
m 230 145 1 249 225
m 230 151 1 249 225
m 230 160 1 249 225
m 230 164 1 249 225
m 230 179 1 249 225
m 230 222 1 249 225
m 230 227 1 249 225
b 230 3 249 225
m 230 164 3 11.857142857142858 159.57142857142856 0.4103929890057685
m 230 227 3 11.857142857142858 159.57142857142856 0.4103929890057685
m 230 37 3 11.857142857142858 159.57142857142856 0.4103929890057685
m 230 166 3 11.857142857142858 159.57142857142856 0.4103929890057685
b 231 1 242 261
m 231 17 1 242 261
m 231 37 1 242 261
m 231 83 1 242 261
m 231 103 1 242 261
m 231 137 1 242 261
m 231 145 1 242 261
m 231 151 1 242 261
m 231 153 1 242 261
m 231 160 1 242 261
m 231 164 1 242 261
m 231 179 1 242 261
m 231 222 1 242 261
m 231 227 1 242 261
b 231 2 242 261
m 231 17 2 242 261
m 231 37 2 242 261
m 231 83 2 242 261
m 231 103 2 242 261
m 231 137 2 242 261
m 231 145 2 242 261
m 231 151 2 242 261
m 231 153 2 242 261
m 231 160 2 242 261
m 231 164 2 242 261
m 231 177 2 242 261
m 231 222 2 242 261
m 231 227 2 242 261
b 95 3 350 190
m 95 109 3 9.0 95.66666666666667 0.08151030407839746
b 109 0 349 227
m 109 58 0 349 227
m 109 78 0 349 227
m 109 91 0 349 227
m 109 186 0 349 227
b 145 0 275 239
m 145 17 0 275 239
m 145 37 0 275 239
m 145 160 0 275 239
m 145 164 0 275 239
m 145 222 0 275 239
b 145 3 275 239
m 145 37 3 10.0 107.66666666666667 0.2923259835711198
b 156 1 101 128
b 156 3 101 128
b 180 2 208 114
b 187 2 197 201
m 187 19 2 197 201
m 187 74 2 197 201
m 187 79 2 197 201
m 187 100 2 197 201
m 187 132 2 197 201
m 187 152 2 197 201
m 187 177 2 197 201
m 187 189 2 197 201
m 187 212 2 197 201
b 11 0 455 276
m 11 98 0 455 276
b 11 1 455 276
m 11 98 1 455 276
b 61 0 464 223
m 61 42 0 464 223
m 61 129 0 464 223
m 61 143 0 464 223
b 61 1 464 223
m 61 42 1 464 223
m 61 129 1 464 223
m 61 143 1 464 223
b 74 0 193 176
b 74 1 193 176
b 74 3 193 176
b 75 0 115 15
m 75 127 0 115 15
m 75 171 0 115 15
b 100 0 137 154
m 100 39 0 137 154
m 100 77 0 137 154
m 100 124 0 137 154
m 100 204 0 137 154
b 100 1 137 154
m 100 39 1 137 154
m 100 77 1 137 154
m 100 124 1 137 154
m 100 204 1 137 154
b 100 3 137 154
m 100 204 3 11.0 142.42857142857142 0.14285714285714285
b 110 3 481 233
m 110 61 3 10.0 112.85714285714286 0.5821185617103983
m 110 114 3 10.0 112.85714285714286 0.5821185617103983
m 110 235 3 10.0 112.85714285714286 0.5821185617103983
m 110 129 3 10.0 112.85714285714286 0.5821185617103983
m 110 11 3 10.0 112.85714285714286 0.5821185617103983
m 110 141 3 10.0 112.85714285714286 0.5821185617103983
b 123 0 235 207
b 141 0 432 241
m 141 98 0 432 241
b 141 1 432 241
m 141 98 1 432 241
b 214 2 402 268
m 214 98 2 402 268
b 230 2 251 225
b 6 0 447 276
m 6 98 0 447 276
b 6 1 447 276
m 6 98 1 447 276
b 66 0 91 46
m 66 127 0 91 46
m 66 171 0 91 46
m 66 208 0 91 46
b 123 1 235 206
b 123 3 235 206
m 123 222 3 10.571428571428571 137.7142857142857 0.25
b 175 0 123 239
m 175 8 0 123 239
m 175 13 0 123 239
m 175 32 0 123 239
m 175 39 0 123 239
m 175 70 0 123 239
m 175 76 0 123 239
m 175 83 0 123 239
m 175 104 0 123 239
m 175 112 0 123 239
m 175 124 0 123 239
m 175 128 0 123 239
m 175 158 0 123 239
m 175 161 0 123 239
m 175 167 0 123 239
m 175 204 0 123 239
b 175 1 123 239
m 175 8 1 123 239
m 175 13 1 123 239
m 175 32 1 123 239
m 175 39 1 123 239
m 175 70 1 123 239
m 175 76 1 123 239
m 175 83 1 123 239
m 175 104 1 123 239
m 175 112 1 123 239
m 175 124 1 123 239
m 175 128 1 123 239
m 175 158 1 123 239
m 175 161 1 123 239
m 175 167 1 123 239
m 175 204 1 123 239
b 179 1 296 194
b 179 3 296 194
m 179 109 3 9.428571428571429 111.71428571428572 1.0
b 189 3 159 205
m 189 174 3 11.0 137.28571428571428 0.18020950421826154
m 189 166 3 11.0 137.28571428571428 0.18020950421826154
b 212 0 184 232
m 212 8 0 184 232
m 212 13 0 184 232
m 212 39 0 184 232
m 212 57 0 184 232
m 212 76 0 184 232
m 212 83 0 184 232
m 212 103 0 184 232
m 212 128 0 184 232
m 212 137 0 184 232
b 212 1 184 232
m 212 8 1 184 232
m 212 13 1 184 232
m 212 39 1 184 232
m 212 57 1 184 232
m 212 76 1 184 232
m 212 83 1 184 232
m 212 103 1 184 232
m 212 128 1 184 232
m 212 137 1 184 232
b 231 3 242 264
m 231 137 3 11.0 137.28571428571428 0.18020950421826154
b 108 0 96 5
m 108 127 0 96 5
m 108 171 0 96 5
b 135 3 155 98
m 135 159 3 6.142857142857142 64.42857142857143 1.0
b 160 0 244 252
m 160 29 0 244 252
m 160 83 0 244 252
m 160 103 0 244 252
m 160 137 0 244 252
m 160 139 0 244 252
m 160 151 0 244 252
b 160 1 244 252
m 160 29 1 244 252
m 160 83 1 244 252
m 160 103 1 244 252
m 160 137 1 244 252
m 160 139 1 244 252
m 160 151 1 244 252
b 205 0 81 11
m 205 28 0 81 11
m 205 127 0 81 11
m 205 171 0 81 11
b 212 3 184 233
m 212 76 3 11.857142857142858 159.57142857142856 0.4103929890057685
m 212 166 3 11.857142857142858 159.57142857142856 0.4103929890057685
m 212 128 3 11.857142857142858 159.57142857142856 0.4103929890057685
m 212 175 3 11.857142857142858 159.57142857142856 0.4103929890057685
m 212 39 3 11.857142857142858 159.57142857142856 0.4103929890057685
m 212 103 3 11.857142857142858 159.57142857142856 0.4103929890057685
b 222 0 224 263
m 222 8 0 224 263
m 222 57 0 224 263
m 222 83 0 224 263
m 222 103 0 224 263
m 222 137 0 224 263
m 222 139 0 224 263
m 222 151 0 224 263
b 222 1 224 263
m 222 8 1 224 263
m 222 57 1 224 263
m 222 83 1 224 263
m 222 103 1 224 263
m 222 137 1 224 263
m 222 139 1 224 263
m 222 151 1 224 263
b 46 0 186 185
m 46 13 0 186 185
b 46 1 186 185
m 46 13 1 186 185
b 46 3 186 185
m 46 13 3 10.571428571428571 137.7142857142857 0.25
b 79 0 159 232
m 79 8 0 159 232
m 79 13 0 159 232
m 79 39 0 159 232
m 79 76 0 159 232
m 79 83 0 159 232
m 79 103 0 159 232
m 79 128 0 159 232
m 79 137 0 159 232
m 79 204 0 159 232
b 79 1 159 232
m 79 8 1 159 232
m 79 13 1 159 232
m 79 39 1 159 232
m 79 76 1 159 232
m 79 83 1 159 232
m 79 103 1 159 232
m 79 128 1 159 232
m 79 137 1 159 232
m 79 204 1 159 232
b 79 3 159 232
m 79 166 3 12.571428571428571 181.7142857142857 0.6091246532165977
m 79 174 3 12.571428571428571 181.7142857142857 0.6091246532165977
m 79 103 3 12.571428571428571 181.7142857142857 0.6091246532165977
m 79 204 3 12.571428571428571 181.7142857142857 0.6091246532165977
m 79 153 3 12.571428571428571 181.7142857142857 0.6091246532165977
m 79 83 3 12.571428571428571 181.7142857142857 0.6091246532165977
b 123 2 236 204
m 123 74 2 236 204
m 123 79 2 236 204
m 123 145 2 236 204
m 123 160 2 236 204
m 123 177 2 236 204
m 123 189 2 236 204
m 123 222 2 236 204
b 152 0 130 178
m 152 13 0 130 178
m 152 39 0 130 178
m 152 124 0 130 178
m 152 128 0 130 178
m 152 167 0 130 178
m 152 204 0 130 178
b 152 1 130 178
m 152 13 1 130 178
m 152 39 1 130 178
m 152 77 1 130 178
m 152 124 1 130 178
m 152 128 1 130 178
m 152 167 1 130 178
m 152 204 1 130 178
b 152 3 130 178
m 152 39 3 12.285714285714285 172.0 0.5478279143028572
m 152 166 3 12.285714285714285 172.0 0.5478279143028572
m 152 77 3 12.285714285714285 172.0 0.5478279143028572
m 152 13 3 12.285714285714285 172.0 0.5478279143028572
m 152 124 3 12.285714285714285 172.0 0.5478279143028572
m 152 128 3 12.285714285714285 172.0 0.5478279143028572
b 159 2 135 47
b 227 0 219 291
m 227 57 0 219 291
m 227 83 0 219 291
m 227 86 0 219 291
m 227 103 0 219 291
m 227 121 0 219 291
m 227 137 0 219 291
m 227 139 0 219 291
m 227 151 0 219 291
m 227 184 0 219 291
b 227 1 219 291
b 227 3 219 291
m 227 83 3 11.428571428571429 143.71428571428572 0.4089585551298183
m 227 139 3 11.428571428571429 143.71428571428572 0.4089585551298183
m 227 86 3 11.428571428571429 143.71428571428572 0.4089585551298183
m 227 121 3 11.428571428571429 143.71428571428572 0.4089585551298183
m 227 184 3 11.428571428571429 143.71428571428572 0.4089585551298183
m 227 103 3 11.428571428571429 143.71428571428572 0.4089585551298183
b 56 0 37 151
m 56 62 0 37 151
m 56 104 0 37 151
m 56 124 0 37 151
m 56 165 0 37 151
m 56 167 0 37 151
m 56 199 0 37 151
m 56 208 0 37 151
m 56 234 0 37 151
b 119 1 168 57
m 119 135 1 168 57
m 119 159 1 168 57
b 153 0 179 288
m 153 8 0 179 288
m 153 13 0 179 288
m 153 57 0 179 288
m 153 70 0 179 288
m 153 76 0 179 288
m 153 83 0 179 288
m 153 103 0 179 288
m 153 131 0 179 288
m 153 137 0 179 288
m 153 151 0 179 288
m 153 176 0 179 288
b 153 1 179 288
m 153 8 1 179 288
m 153 13 1 179 288
m 153 57 1 179 288
m 153 70 1 179 288
m 153 76 1 179 288
m 153 83 1 179 288
m 153 103 1 179 288
m 153 131 1 179 288
m 153 137 1 179 288
m 153 151 1 179 288
m 153 176 1 179 288
b 155 2 468 163
m 155 61 2 468 163
b 155 3 468 163
m 155 61 3 8.000000000000002 86.0 0.5187768240343347
b 42 0 462 279
m 42 98 0 462 279
b 42 1 462 279
m 42 98 1 462 279
b 75 2 120 16
b 114 2 493 191
b 129 0 465 253
m 129 98 0 465 253
b 129 1 465 253
m 129 98 1 465 253
b 186 0 365 235
m 186 98 0 365 235
b 46 2 184 182
m 46 13 2 184 182
m 46 19 2 184 182
m 46 74 2 184 182
m 46 79 2 184 182
m 46 100 2 184 182
m 46 132 2 184 182
m 46 152 2 184 182
m 46 177 2 184 182
m 46 189 2 184 182
m 46 212 2 184 182
b 66 2 88 43
m 66 28 2 88 43
m 66 127 2 88 43
m 66 171 2 88 43
m 66 205 2 88 43
m 66 208 2 88 43
m 66 239 2 88 43
b 159 3 136 50
m 159 75 3 7.571428571428571 74.14285714285715 0.7627587066744244
m 159 205 3 7.571428571428571 74.14285714285715 0.7627587066744244
m 159 108 3 7.571428571428571 74.14285714285715 0.7627587066744244
b 166 3 217 167
b 37 0 234 296
m 37 29 0 234 296
m 37 47 0 234 296
m 37 53 0 234 296
m 37 57 0 234 296
m 37 121 0 234 296
m 37 137 0 234 296
m 37 139 0 234 296
m 37 184 0 234 296
b 37 1 234 296
b 37 3 234 296
m 37 53 3 11.0 132.14285714285717 0.31025396428145396
m 37 139 3 11.0 132.14285714285717 0.31025396428145396
m 37 184 3 11.0 132.14285714285717 0.31025396428145396
m 37 57 3 11.0 132.14285714285717 0.31025396428145396
b 103 0 211 286
m 103 57 0 211 286
m 103 70 0 211 286
m 103 131 0 211 286
m 103 137 0 211 286
m 103 176 0 211 286
b 103 1 211 286
m 103 57 1 211 286
m 103 70 1 211 286
m 103 131 1 211 286
m 103 137 1 211 286
m 103 151 1 211 286
m 103 176 1 211 286
b 103 3 211 286
m 103 8 3 11.625 153.125 0.23182102628094892
m 103 137 3 11.625 153.125 0.23182102628094892
m 103 176 3 11.625 153.125 0.23182102628094892
b 108 2 98 1
m 108 127 2 98 1
m 108 171 2 98 1
m 108 205 2 98 1
b 109 1 346 220
m 109 91 1 346 220
b 109 2 346 220
m 109 91 2 346 220
m 109 145 2 346 220
b 164 0 232 308
m 164 29 0 232 308
m 164 47 0 232 308
m 164 53 0 232 308
m 164 57 0 232 308
m 164 86 0 232 308
m 164 121 0 232 308
m 164 137 0 232 308
m 164 139 0 232 308
m 164 184 0 232 308
b 164 1 232 308
m 164 29 1 232 308
m 164 47 1 232 308
m 164 53 1 232 308
m 164 57 1 232 308
m 164 86 1 232 308
m 164 121 1 232 308
m 164 137 1 232 308
m 164 139 1 232 308
m 164 151 1 232 308
m 164 184 1 232 308
b 164 3 232 308
m 164 57 3 11.0 132.14285714285717 0.31025396428145396
m 164 137 3 11.0 132.14285714285717 0.31025396428145396
m 164 53 3 11.0 132.14285714285717 0.31025396428145396
m 164 86 3 11.0 132.14285714285717 0.31025396428145396
b 186 1 365 233
b 132 2 168 124
m 132 77 2 168 124
m 132 156 2 168 124
b 186 2 365 232
m 186 98 2 365 232
b 186 3 365 232
m 186 98 3 8.0 80.66666666666669 -1.0
b 13 0 175 235
m 13 57 0 175 235
m 13 70 0 175 235
m 13 76 0 175 235
m 13 137 0 175 235
m 13 161 0 175 235
b 13 1 175 235
m 13 57 1 175 235
m 13 70 1 175 235
m 13 76 1 175 235
m 13 137 1 175 235
m 13 161 1 175 235
b 13 3 175 235
m 13 8 3 12.125 164.125 0.4316511830419805
m 13 158 3 12.125 164.125 0.4316511830419805
m 13 124 3 12.125 164.125 0.4316511830419805
m 13 204 3 12.125 164.125 0.4316511830419805
m 13 161 3 12.125 164.125 0.4316511830419805
m 13 76 3 12.125 164.125 0.4316511830419805
b 17 0 246 294
m 17 29 0 246 294
m 17 47 0 246 294
m 17 53 0 246 294
m 17 57 0 246 294
m 17 137 0 246 294
m 17 139 0 246 294
m 17 184 0 246 294
b 17 1 246 294
m 17 29 1 246 294
m 17 47 1 246 294
m 17 53 1 246 294
m 17 57 1 246 294
m 17 137 1 246 294
m 17 139 1 246 294
m 17 151 1 246 294
m 17 184 1 246 294
b 17 3 246 294
m 17 57 3 10.714285714285715 125.85714285714288 0.20422806387927558
m 17 184 3 10.714285714285715 125.85714285714288 0.20422806387927558
m 17 137 3 10.714285714285715 125.85714285714288 0.20422806387927558
b 66 3 86 40
m 66 75 3 8.142857142857142 81.0 0.8792893577556226
m 66 28 3 8.142857142857142 81.0 0.8792893577556226
m 66 108 3 8.142857142857142 81.0 0.8792893577556226
m 66 171 3 8.142857142857142 81.0 0.8792893577556226
m 66 127 3 8.142857142857142 81.0 0.8792893577556226
m 66 208 3 8.142857142857142 81.0 0.8792893577556226
m 66 205 3 8.142857142857142 81.0 0.8792893577556226
m 66 239 3 8.142857142857142 81.0 0.8792893577556226
b 114 3 495 187
m 114 181 3 7.857142857142858 76.14285714285714 0.8102421595871377
m 114 141 3 7.857142857142858 76.14285714285714 0.8102421595871377
m 114 129 3 7.857142857142858 76.14285714285714 0.8102421595871377
m 114 157 3 7.857142857142858 76.14285714285714 0.8102421595871377
m 114 61 3 7.857142857142858 76.14285714285714 0.8102421595871377
b 128 0 125 224
m 128 70 0 125 224
m 128 76 0 125 224
m 128 112 0 125 224
m 128 161 0 125 224
b 128 1 125 224
m 128 70 1 125 224
m 128 76 1 125 224
m 128 112 1 125 224
m 128 161 1 125 224
b 153 3 174 291
m 153 176 3 11.75 155.5 0.2982594144303065
m 153 222 3 11.75 155.5 0.2982594144303065
m 153 57 3 11.75 155.5 0.2982594144303065
b 170 0 73 143
m 170 62 0 73 143
m 170 208 0 73 143
m 170 239 0 73 143
b 177 2 225 221
m 177 8 2 225 221
m 177 13 2 225 221
m 177 103 2 225 221
m 177 137 2 225 221
m 177 145 2 225 221
m 177 160 2 225 221
m 177 222 2 225 221
m 177 227 2 225 221
b 8 0 183 246
m 8 57 0 183 246
m 8 70 0 183 246
m 8 137 0 183 246
m 8 161 0 183 246
b 8 1 183 246
m 8 57 1 183 246
m 8 70 1 183 246
m 8 161 1 183 246
b 19 2 134 199
m 19 8 2 134 199
m 19 13 2 134 199
m 19 39 2 134 199
m 19 76 2 134 199
m 19 77 2 134 199
m 19 124 2 134 199
m 19 128 2 134 199
m 19 156 2 134 199
m 19 167 2 134 199
m 19 174 2 134 199
m 19 175 2 134 199
m 19 185 2 134 199
m 19 204 2 134 199
b 42 2 458 277
m 42 98 2 458 277
b 129 2 461 251
m 129 98 2 461 251
b 135 2 160 104
m 135 156 2 160 104
b 189 2 152 209
b 77 0 128 178
b 103 2 215 287
b 119 2 171 51
b 137 1 189 263
m 137 57 1 189 263
m 137 70 1 189 263
m 137 131 1 189 263
b 137 2 189 263
m 137 8 2 189 263
m 137 13 2 189 263
m 137 57 2 189 263
m 137 70 2 189 263
m 137 131 2 189 263
b 143 0 406 267
m 143 98 0 406 267
b 143 1 406 267
m 143 98 1 406 267
b 145 1 263 239
b 160 2 240 244
m 160 29 2 240 244
b 204 0 101 231
m 204 70 0 101 231
m 204 161 0 101 231
b 204 1 101 231
m 204 70 1 101 231
m 204 161 1 101 231
b 216 0 443 344
m 216 16 0 443 344
m 216 22 0 443 344
m 216 38 0 443 344
m 216 87 0 443 344
m 216 150 0 443 344
m 216 154 0 443 344
m 216 193 0 443 344
m 216 207 0 443 344
m 216 219 0 443 344
b 216 1 443 344
b 222 2 215 262
b 56 1 29 151
m 56 62 1 29 151
m 56 208 1 29 151
m 56 239 1 29 151
b 58 0 384 298
m 58 98 0 384 298
b 83 0 173 293
m 83 57 0 173 293
m 83 70 0 173 293
m 83 131 0 173 293
m 83 137 0 173 293
m 83 176 0 173 293
b 83 1 173 293
m 83 57 1 173 293
m 83 70 1 173 293
m 83 131 1 173 293
m 83 176 1 173 293
b 83 3 173 293
m 83 76 3 11.875 158.125 0.3516938343445581
m 83 176 3 11.875 158.125 0.3516938343445581
m 83 222 3 11.875 158.125 0.3516938343445581
m 83 57 3 11.875 158.125 0.3516938343445581
b 127 0 52 34
m 127 28 0 52 34
m 127 239 0 52 34
b 129 3 459 250
m 129 98 3 10.0 112.85714285714286 -1.0
b 157 2 482 220
b 227 2 211 289
m 227 8 2 211 289
m 227 57 2 211 289
m 227 86 2 211 289
m 227 121 2 211 289
m 227 131 2 211 289
m 227 139 2 211 289
m 227 184 2 211 289
b 235 2 484 286
b 112 0 104 285
m 112 30 0 104 285
m 112 84 0 104 285
m 112 97 0 104 285
m 112 106 0 104 285
m 112 228 0 104 285
m 112 237 0 104 285
b 112 1 104 285
m 112 30 1 104 285
m 112 84 1 104 285
m 112 97 1 104 285
m 112 106 1 104 285
m 112 228 1 104 285
m 112 237 1 104 285
b 151 0 254 281
m 151 29 0 254 281
m 151 47 0 254 281
m 151 53 0 254 281
m 151 139 0 254 281
m 151 184 0 254 281
b 153 2 171 293
m 153 8 2 171 293
m 153 13 2 171 293
m 153 57 2 171 293
m 153 70 2 171 293
m 153 76 2 171 293
m 153 131 2 171 293
m 153 161 2 171 293
m 153 176 2 171 293
b 39 0 139 210
b 39 1 139 210
b 128 3 130 224
m 128 8 3 11.875 157.625 0.3827653758787844
m 128 70 3 11.875 157.625 0.3827653758787844
m 128 104 3 11.875 157.625 0.3827653758787844
m 128 185 3 11.875 157.625 0.3827653758787844
b 137 0 188 260
m 137 131 0 188 260
b 137 3 188 260
m 137 8 3 10.375 124.625 0.10113512995686846
b 199 0 80 236
m 199 30 0 80 236
m 199 117 0 80 236
m 199 142 0 80 236
m 199 188 0 80 236
m 199 228 0 80 236
m 199 237 0 80 236
b 199 1 80 236
m 199 30 1 80 236
m 199 117 1 80 236
m 199 142 1 80 236
m 199 188 1 80 236
m 199 228 1 80 236
m 199 237 1 80 236
b 204 3 102 233
m 204 32 3 11.125 142.625 0.20327250098867097
b 222 3 212 262
m 222 8 3 9.875 123.62499999999999 0.3084483003840136
b 234 0 81 143
m 234 62 0 81 143
b 234 1 81 143
b 235 3 482 284
m 235 157 3 10.0 111.25 0.4766095724003887
m 235 94 3 10.0 111.25 0.4766095724003887
m 235 16 3 10.0 111.25 0.4766095724003887
m 235 42 3 10.0 111.25 0.4766095724003887
b 70 0 135 269
m 70 97 0 135 269
m 70 131 0 135 269
b 70 1 135 269
m 70 97 1 135 269
m 70 131 1 135 269
b 74 2 206 184
m 74 13 2 206 184
b 77 3 131 181
m 77 170 3 10.25 127.75 0.26322683780449
m 77 185 3 10.25 127.75 0.26322683780449
b 78 0 340 319
m 78 98 0 340 319
b 91 0 344 294
m 91 98 0 344 294
b 100 2 123 148
b 104 0 95 190
m 104 188 0 95 190
b 104 1 95 190
m 104 62 1 95 190
m 104 188 1 95 190
b 109 3 343 212
m 109 91 3 7.0 69.28571428571429 0.020408163265306367
b 32 0 95 215
m 32 30 0 95 215
m 32 142 0 95 215
m 32 188 0 95 215
m 32 228 0 95 215
b 32 1 95 215
m 32 30 1 95 215
m 32 142 1 95 215
m 32 188 1 95 215
m 32 228 1 95 215
b 37 2 225 296
b 57 0 174 274
b 57 1 174 274
b 76 0 113 242
m 76 30 0 113 242
m 76 97 0 113 242
b 76 1 113 242
m 76 30 1 113 242
m 76 97 1 113 242
b 83 2 172 297
m 83 8 2 172 297
m 83 13 2 172 297
m 83 57 2 172 297
m 83 70 2 172 297
m 83 76 2 172 297
m 83 131 2 172 297
m 83 176 2 172 297
b 151 1 256 280
m 151 47 1 256 280
m 151 51 1 256 280
m 151 53 1 256 280
m 151 184 1 256 280
b 151 2 256 280
b 164 2 232 317
b 181 2 490 282
b 208 0 39 74
m 208 239 0 39 74
b 212 2 197 238
b 94 2 428 311
m 94 98 2 428 311
b 139 0 304 305
m 139 51 0 304 305
m 139 53 0 304 305
m 139 115 0 304 305
m 139 147 0 304 305
b 139 1 304 305
b 158 0 106 272
m 158 30 0 106 272
m 158 84 0 106 272
m 158 97 0 106 272
m 158 106 0 106 272
m 158 228 0 106 272
m 158 237 0 106 272
b 158 1 106 272
m 158 30 1 106 272
m 158 84 1 106 272
m 158 97 1 106 272
m 158 106 1 106 272
m 158 228 1 106 272
m 158 237 1 106 272
b 167 0 83 188
b 167 1 83 188
b 170 1 73 151
m 170 62 1 73 151
m 170 208 1 73 151
m 170 239 1 73 151
b 17 2 248 302
m 17 29 2 248 302
m 17 47 2 248 302
m 17 51 2 248 302
m 17 53 2 248 302
m 17 86 2 248 302
m 17 139 2 248 302
m 17 184 2 248 302
b 79 2 153 246
m 79 8 2 153 246
m 79 39 2 153 246
m 79 57 2 153 246
m 79 70 2 153 246
m 79 76 2 153 246
m 79 77 2 153 246
m 79 124 2 153 246
m 79 128 2 153 246
m 79 175 2 153 246
m 79 204 2 153 246
b 86 0 196 354
m 86 12 0 196 354
m 86 113 0 196 354
m 86 138 0 196 354
m 86 194 0 196 354
m 86 196 0 196 354
m 86 201 0 196 354
m 86 221 0 196 354
b 86 3 196 354
m 86 47 3 11.5 143.75 0.3100312156599703
m 86 12 3 11.5 143.75 0.3100312156599703
m 86 113 3 11.5 143.75 0.3100312156599703
b 127 2 48 29
b 131 0 173 324
m 131 113 0 173 324
m 131 196 0 173 324
m 131 221 0 173 324
b 131 1 173 324
m 131 47 1 173 324
m 131 86 1 173 324
m 131 113 1 173 324
m 131 121 1 173 324
m 131 184 1 173 324
m 131 196 1 173 324
m 131 221 1 173 324
b 139 3 305 305
m 139 211 3 11.0 133.75 0.07867212730972704
b 152 2 123 166
m 152 39 2 123 166
m 152 77 2 123 166
m 152 104 2 123 166
m 152 124 2 123 166
m 152 128 2 123 166
m 152 156 2 123 166
m 152 167 2 123 166
m 152 170 2 123 166
m 152 174 2 123 166
m 152 185 2 123 166
m 152 204 2 123 166
m 152 234 2 123 166
b 159 1 143 60
m 159 66 1 143 60
m 159 75 1 143 60
m 159 108 1 143 60
m 159 205 1 143 60
b 174 3 78 193
m 174 161 3 11.25 141.25 0.23484315481836798
m 174 234 3 11.25 141.25 0.23484315481836798
b 11 2 442 290
b 39 3 144 208
m 39 32 3 11.375 147.625 0.1795823700509146
m 39 185 3 11.375 147.625 0.1795823700509146
b 53 0 268 358
m 53 12 0 268 358
m 53 51 0 268 358
m 53 115 0 268 358
m 53 147 0 268 358
m 53 194 0 268 358
m 53 201 0 268 358
b 53 1 268 358
m 53 12 1 268 358
m 53 51 1 268 358
m 53 115 1 268 358
m 53 147 1 268 358
m 53 194 1 268 358
m 53 201 1 268 358
b 53 3 268 358
m 53 115 3 11.0 130.75000000000003 0.2859405371920733
m 53 29 3 11.0 130.75000000000003 0.2859405371920733
b 61 2 466 204
b 77 1 135 183
b 121 0 194 365
m 121 12 0 194 365
m 121 113 0 194 365
m 121 138 0 194 365
m 121 194 0 194 365
m 121 196 0 194 365
m 121 201 0 194 365
m 121 221 0 194 365
b 121 3 194 365
m 121 12 3 11.375 140.875 0.26941887443780177
m 121 113 3 11.375 140.875 0.26941887443780177
b 124 0 105 233
b 124 1 105 233
b 141 2 415 233
m 141 98 2 415 233
b 165 0 34 217
m 165 30 0 34 217
m 165 117 0 34 217
m 165 142 0 34 217
m 165 188 0 34 217
m 165 228 0 34 217
m 165 237 0 34 217
b 165 1 34 217
m 165 30 1 34 217
m 165 117 1 34 217
m 165 142 1 34 217
m 165 188 1 34 217
m 165 228 1 34 217
m 165 237 1 34 217
b 171 0 20 10
b 184 0 214 357
m 184 12 0 214 357
m 184 41 0 214 357
m 184 138 0 214 357
m 184 194 0 214 357
m 184 201 0 214 357
m 184 221 0 214 357
b 184 3 214 357
m 184 221 3 11.0 133.75 0.07867212730972704
b 6 2 432 264
b 28 0 40 58
m 28 239 0 40 58
b 76 3 113 238
m 76 30 3 11.5 149.75 0.24874699093708055
m 76 70 3 11.5 149.75 0.24874699093708055
m 76 97 3 11.5 149.75 0.24874699093708055
b 145 2 254 239
b 161 0 105 247
m 161 30 0 105 247
m 161 97 0 105 247
m 161 228 0 105 247
b 161 1 105 247
m 161 30 1 105 247
m 161 97 1 105 247
m 161 228 1 105 247
b 11 3 441 291
m 11 98 3 10.0 112.85714285714286 -1.0
b 13 2 187 233
m 13 39 2 187 233
m 13 57 2 187 233
m 13 70 2 187 233
m 13 76 2 187 233
m 13 128 2 187 233
m 13 161 2 187 233
m 13 175 2 187 233
b 61 3 466 202
m 61 6 3 9.125 99.875 0.3333333333333333
b 127 3 46 27
b 141 3 413 232
m 141 98 3 10.0 112.85714285714286 -1.0
b 176 0 147 363
m 176 14 0 147 363
m 176 113 0 147 363
m 176 194 0 147 363
m 176 196 0 147 363
m 176 209 0 147 363
m 176 221 0 147 363
b 176 1 147 363
m 176 14 1 147 363
m 176 113 1 147 363
m 176 194 1 147 363
m 176 196 1 147 363
m 176 209 1 147 363
m 176 221 1 147 363
b 208 2 39 69
m 208 56 2 39 69
m 208 62 2 39 69
m 208 170 2 39 69
b 29 0 272 290
m 29 51 0 272 290
m 29 147 0 272 290
b 29 1 272 290
m 29 51 1 272 290
m 29 78 1 272 290
m 29 147 1 272 290
b 57 3 171 269
m 57 70 3 10.125 117.62500000000003 0.25
b 62 0 46 134
b 75 3 136 20
b 86 1 192 354
m 86 12 1 192 354
m 86 14 1 192 354
m 86 113 1 192 354
m 86 194 1 192 354
m 86 196 1 192 354
m 86 201 1 192 354
m 86 221 1 192 354
b 128 2 138 224
m 128 32 2 138 224
m 128 57 2 138 224
m 128 70 2 138 224
m 128 104 2 138 224
m 128 112 2 138 224
m 128 158 2 138 224
m 128 161 2 138 224
m 128 199 2 138 224
b 175 3 103 247
m 175 104 3 11.5 149.75 0.24874699093708055
m 175 32 3 11.5 149.75 0.24874699093708055
m 175 30 3 11.5 149.75 0.24874699093708055
b 239 2 57 86
m 239 56 2 57 86
m 239 62 2 57 86
m 239 170 2 57 86
m 239 234 2 57 86
b 8 3 196 243
m 8 160 3 10.555555555555555 136.55555555555557 0.5
m 8 70 3 10.555555555555555 136.55555555555557 0.5
b 91 1 336 295
m 91 98 1 336 295
b 91 2 336 295
b 121 1 190 366
m 121 12 1 190 366
m 121 14 1 190 366
m 121 113 1 190 366
m 121 138 1 190 366
m 121 194 1 190 366
m 121 196 1 190 366
m 121 201 1 190 366
m 121 221 1 190 366
b 157 3 480 209
m 157 42 3 7.125 67.125 0.5
m 157 6 3 7.125 67.125 0.5
b 184 1 210 358
m 184 12 1 210 358
m 184 113 1 210 358
m 184 138 1 210 358
m 184 194 1 210 358
m 184 201 1 210 358
m 184 221 1 210 358
b 28 2 43 61
b 108 3 83 2
b 176 3 145 365
m 176 14 3 11.444444444444445 147.22222222222223 0.2602819105548628
b 204 2 105 243
m 204 30 2 105 243
m 204 32 2 105 243
m 204 97 2 105 243
m 204 104 2 105 243
m 204 112 2 105 243
m 204 158 2 105 243
m 204 199 2 105 243
b 205 2 103 6
b 205 3 103 6
b 208 3 38 66
m 208 62 3 7.375 71.375 0.5
m 208 56 3 7.375 71.375 0.5
b 8 2 198 243
b 70 2 136 259
b 124 3 108 238
m 124 30 3 12.0 163.0 0.24722490491616128
m 124 70 3 12.0 163.0 0.24722490491616128
b 131 2 177 318
b 135 1 170 116
b 171 2 17 5
b 239 0 60 87
b 239 3 60 87
m 239 62 3 7.625 72.875 0.07665164700203317
b 42 3 443 270
m 42 98 3 10.0 111.25 -1.0
b 57 2 169 266
m 57 112 2 169 266
m 57 158 2 169 266
b 87 0 443 271
m 87 98 0 443 271
b 156 2 77 141
b 185 2 57 199
b 188 0 33 250
b 188 1 33 250
b 193 0 482 409
m 193 3 0 482 409
m 193 136 0 482 409
m 193 163 0 482 409
m 193 182 0 482 409
b 28 3 45 63
b 39 2 152 206
b 86 2 187 354
b 97 0 56 296
m 97 52 0 56 296
m 97 85 0 56 296
b 97 1 56 296
m 97 52 1 56 296
m 97 85 1 56 296
b 139 2 314 304
m 139 51 2 314 304
m 139 53 2 314 304
m 139 78 2 314 304
m 139 115 2 314 304
m 139 147 2 314 304
m 139 211 2 314 304
m 139 219 2 314 304
b 174 2 69 190
b 181 3 486 293
m 181 87 3 7.375 68.625 0.6526439975271687
m 181 130 3 7.375 68.625 0.6526439975271687
b 208 1 38 63
m 208 28 1 38 63
m 208 66 1 38 63
m 208 127 1 38 63
b 51 1 283 325
m 51 78 1 283 325
m 51 115 1 283 325
m 51 147 1 283 325
m 51 211 1 283 325
b 70 3 136 256
m 70 30 3 11.0 141.88888888888889 0.25
b 76 2 112 230
b 121 2 185 367
m 121 12 2 185 367
m 121 14 2 185 367
m 121 47 2 185 367
m 121 113 2 185 367
m 121 194 2 185 367
m 121 196 2 185 367
m 121 201 2 185 367
m 121 221 2 185 367
b 161 3 102 240
m 161 188 3 11.555555555555557 151.33333333333334 0.089796326641399
b 171 3 15 2
b 184 2 205 358
b 239 1 63 87
m 239 28 1 63 87
m 239 66 1 63 87
m 239 127 1 63 87
b 47 0 233 324
m 47 12 0 233 324
m 47 194 0 233 324
m 47 201 0 233 324
b 47 1 233 324
m 47 12 1 233 324
m 47 194 1 233 324
m 47 201 1 233 324
b 51 0 282 325
m 51 211 0 282 325
b 158 3 111 283
m 158 228 3 11.555555555555557 151.33333333333334 0.089796326641399
b 51 2 281 325
m 51 78 2 281 325
m 51 115 2 281 325
m 51 147 2 281 325
m 51 211 2 281 325
b 53 2 264 368
m 53 12 2 264 368
m 53 111 2 264 368
m 53 115 2 264 368
m 53 138 2 264 368
m 53 194 2 264 368
m 53 201 2 264 368
b 62 1 51 128
b 77 2 144 189
m 77 32 2 144 189
b 106 0 42 305
m 106 52 0 42 305
m 106 85 0 42 305
b 106 1 42 305
m 106 52 1 42 305
m 106 85 1 42 305
b 150 0 400 318
m 150 98 0 400 318
b 154 0 416 335
m 154 26 0 416 335
m 154 211 0 416 335
m 154 236 0 416 335
b 167 2 77 176
b 175 2 95 249
m 175 30 2 95 249
m 175 32 2 95 249
m 175 97 2 95 249
m 175 112 2 95 249
m 175 158 2 95 249
m 175 199 2 95 249
b 176 2 140 368
m 176 14 2 140 368
m 176 63 2 140 368
m 176 92 2 140 368
m 176 113 2 140 368
m 176 196 2 140 368
m 176 209 2 140 368
m 176 221 2 140 368
b 185 3 53 200
m 185 165 3 11.333333333333334 145.55555555555557 0.13237920966365738
b 207 0 407 349
m 207 26 0 407 349
m 207 211 0 407 349
m 207 236 0 407 349
b 29 2 265 284
b 91 3 329 295
m 91 98 3 7.0 69.28571428571429 -1.0
b 117 0 22 294
m 117 52 0 22 294
m 117 85 0 22 294
b 117 1 22 294
b 22 0 490 345
m 22 3 0 490 345
m 22 182 0 490 345
b 30 0 79 300
m 30 52 0 79 300
m 30 85 0 79 300
b 30 1 79 300
m 30 52 1 79 300
m 30 85 1 79 300
b 38 0 469 348
b 84 0 68 296
m 84 52 0 68 296
m 84 85 0 68 296
b 84 1 68 296
m 84 52 1 68 296
m 84 85 1 68 296
b 104 3 106 177
m 104 165 3 11.0 141.88888888888889 0.25
m 104 199 3 11.0 141.88888888888889 0.25
b 124 2 111 244
m 124 30 2 111 244
m 124 32 2 111 244
m 124 112 2 111 244
m 124 158 2 111 244
m 124 199 2 111 244
b 142 0 29 264
b 142 1 29 264
b 161 2 101 236
b 16 0 486 322
b 32 3 110 208
b 94 3 429 327
m 94 236 3 10.333333333333334 117.66666666666666 0.5771059632600486
m 94 87 3 10.333333333333334 117.66666666666666 0.5771059632600486
m 94 130 3 10.333333333333334 117.66666666666666 0.5771059632600486
m 94 150 3 10.333333333333334 117.66666666666666 0.5771059632600486
m 94 22 3 10.333333333333334 117.66666666666666 0.5771059632600486
m 94 154 3 10.333333333333334 117.66666666666666 0.5771059632600486
b 219 0 355 300
m 219 98 0 355 300
b 228 0 32 304
m 228 52 0 32 304
m 228 85 0 32 304
b 228 1 32 304
m 228 52 1 32 304
m 228 85 1 32 304
b 75 1 148 23
b 97 3 50 295
m 97 188 3 11.444444444444443 146.55555555555557 0.2976289989829445
m 97 84 3 11.444444444444443 146.55555555555557 0.2976289989829445
m 97 52 3 11.444444444444443 146.55555555555557 0.2976289989829445
m 97 106 3 11.444444444444443 146.55555555555557 0.2976289989829445
b 115 0 336 324
m 115 26 0 336 324
m 115 211 0 336 324
m 115 236 0 336 324
b 138 0 248 419
m 138 5 0 248 419
m 138 60 0 248 419
m 138 111 0 248 419
b 201 0 212 389
m 201 5 0 212 389
b 237 0 4 269
b 237 1 4 269
b 14 0 159 417
m 14 63 0 159 417
m 14 68 0 159 417
m 14 92 0 159 417
m 14 169 0 159 417
m 14 173 0 159 417
m 14 192 0 159 417
b 14 1 159 417
m 14 63 1 159 417
m 14 68 1 159 417
m 14 92 1 159 417
m 14 169 1 159 417
m 14 173 1 159 417
m 14 192 1 159 417
b 66 1 69 21
m 66 28 1 69 21
m 66 127 1 69 21
m 66 171 1 69 21
b 170 3 73 169
m 170 62 3 9.555555555555555 115.33333333333333 0.0816250664285373
b 201 1 211 389
m 201 5 1 211 389
m 201 41 1 211 389
b 234 2 93 126
b 234 3 93 126
m 234 167 3 10.11111111111111 125.66666666666667 1.0
b 12 0 244 413
m 12 5 0 244 413
m 12 173 0 244 413
b 12 3 244 413
b 16 3 485 319
m 16 216 3 9.444444444444445 101.66666666666666 0.03391992599508953
b 41 0 237 441
m 41 2 0 237 441
m 41 5 0 237 441
m 41 50 0 237 441
m 41 60 0 237 441
m 41 133 0 237 441
m 41 169 0 237 441
m 41 173 0 237 441
b 56 2 5 150
m 56 165 2 5 150
b 104 2 109 174
b 108 1 71 3
m 108 28 1 71 3
m 108 127 1 71 3
b 115 1 336 322
m 115 26 1 336 322
m 115 58 1 336 322
m 115 150 1 336 322
m 115 211 1 336 322
m 115 219 1 336 322
m 115 236 1 336 322
b 115 3 336 322
m 115 150 3 10.666666666666668 123.33333333333336 0.19040938564192936
m 115 51 3 10.666666666666668 123.33333333333336 0.19040938564192936
b 160 3 229 221
m 160 151 3 9.6 123.00000000000001 0.01041666666666663
b 196 0 127 390
m 196 31 0 127 390
m 196 63 0 127 390
m 196 92 0 127 390
m 196 173 0 127 390
m 196 192 0 127 390
b 196 1 127 390
b 205 1 114 3
m 205 127 1 114 3
b 12 1 244 414
m 12 5 1 244 414
m 12 41 1 244 414
m 12 173 1 244 414
b 112 2 113 307
b 113 0 171 372
m 113 63 0 171 372
m 113 92 0 171 372
m 113 173 0 171 372
m 113 192 0 171 372
b 113 1 171 372
m 113 63 1 171 372
m 113 92 1 171 372
m 113 173 1 171 372
m 113 192 1 171 372
b 113 3 171 372
m 113 173 3 11.11111111111111 134.88888888888889 0.16957359534793157
m 113 194 3 11.11111111111111 134.88888888888889 0.16957359534793157
b 194 0 219 354
b 211 3 328 350
m 211 207 3 10.777777777777779 127.88888888888889 0.08925031955244679
b 14 3 161 419
m 14 69 3 11.3 142.5 0.26584244265903595
m 14 63 3 11.3 142.5 0.26584244265903595
m 14 92 3 11.3 142.5 0.26584244265903595
b 78 1 320 329
b 97 2 46 294
m 97 52 2 46 294
m 97 84 2 46 294
m 97 85 2 46 294
m 97 106 2 46 294
m 97 117 2 46 294
m 97 142 2 46 294
m 97 188 2 46 294
m 97 228 2 46 294
m 97 237 2 46 294
b 170 2 73 172
m 170 165 2 73 172
b 194 1 219 353
m 194 41 1 219 353
b 221 0 153 397
m 221 63 0 153 397
m 221 92 0 153 397
m 221 173 0 153 397
m 221 192 0 153 397
b 221 1 153 397
m 221 63 1 153 397
m 221 92 1 153 397
m 221 173 1 153 397
m 221 192 1 153 397
b 29 3 259 279
m 29 147 3 10.222222222222223 118.00000000000001 0.25
m 29 51 3 10.222222222222223 118.00000000000001 0.25
b 30 3 85 304
m 30 52 3 11.555555555555555 149.11111111111111 0.31276326950259264
m 30 84 3 11.555555555555555 149.11111111111111 0.31276326950259264
b 56 3 2 149
m 56 165 3 6.777777777777778 63.888888888888886 0.5145043545081966
m 56 167 3 6.777777777777778 63.888888888888886 0.5145043545081966
b 62 2 57 121
b 127 1 34 14
m 127 171 1 34 14
b 138 1 252 422
m 138 5 1 252 422
m 138 41 1 252 422
m 138 60 1 252 422
m 138 111 1 252 422
b 147 0 299 297
m 147 26 0 299 297
m 147 211 0 299 297
b 182 0 465 438
m 182 10 0 465 438
m 182 190 0 465 438
m 182 202 0 465 438
m 182 215 0 465 438
b 199 2 97 255
m 199 84 2 97 255
m 199 142 2 97 255
m 199 165 2 97 255
m 199 188 2 97 255
b 221 3 152 398
b 47 2 235 313
b 47 3 235 313
m 47 51 3 10.777777777777777 130.55555555555554 0.2
m 47 201 3 10.777777777777777 130.55555555555554 0.2
b 52 0 66 324
m 52 31 0 66 324
m 52 43 0 66 324
m 52 65 0 66 324
m 52 120 0 66 324
m 52 122 0 66 324
b 52 1 66 324
m 52 31 1 66 324
m 52 43 1 66 324
m 52 65 1 66 324
m 52 120 1 66 324
m 52 122 1 66 324
b 188 3 36 264
m 188 84 3 11.100000000000001 141.1 0.09265024962536131
b 3 0 462 425
m 3 215 0 462 425
b 32 2 117 204
b 147 1 297 297
m 147 26 1 297 297
m 147 219 1 297 297
b 209 0 68 379
m 209 31 0 68 379
m 209 43 0 68 379
m 209 63 0 68 379
m 209 92 0 68 379
m 209 122 0 68 379
m 209 192 0 68 379
b 209 1 68 379
b 14 2 163 422
m 14 68 2 163 422
m 14 69 2 163 422
m 14 169 2 163 422
m 14 173 2 163 422
m 14 192 2 163 422
b 62 3 59 119
m 62 167 3 6.666666666666666 63.55555555555556 0.016666666666666496
b 87 3 459 268
m 87 58 3 7.0 62.77777777777778 0.6791133945114257
m 87 150 3 7.0 62.77777777777778 0.6791133945114257
m 87 154 3 7.0 62.77777777777778 0.6791133945114257
b 111 2 323 416
b 130 3 477 347
m 130 207 3 7.111111111111111 63.77777777777778 0.804317130625957
m 130 216 3 7.111111111111111 63.77777777777778 0.804317130625957
m 130 154 3 7.111111111111111 63.77777777777778 0.804317130625957
m 130 38 3 7.111111111111111 63.77777777777778 0.804317130625957
m 130 22 3 7.111111111111111 63.77777777777778 0.804317130625957
b 158 2 117 295
m 158 52 2 117 295
m 158 84 2 117 295
b 163 0 442 462
m 163 10 0 442 462
m 163 190 0 442 462
m 163 202 0 442 462
m 163 215 0 442 462
b 6 3 414 250
m 6 98 3 9.125 99.875 -1.0
b 30 2 88 306
m 30 43 2 88 306
m 30 52 2 88 306
m 30 84 2 88 306
m 30 85 2 88 306
m 30 106 2 88 306
m 30 117 2 88 306
m 30 142 2 88 306
m 30 228 2 88 306
b 63 2 128 384
m 63 31 2 128 384
m 63 43 2 128 384
m 63 173 2 128 384
m 63 192 2 128 384
b 78 2 315 331
m 78 26 2 315 331
m 78 150 2 315 331
b 26 0 379 311
m 26 98 0 379 311
b 115 2 335 314
m 115 26 2 335 314
m 115 58 2 335 314
m 115 150 2 335 314
m 115 236 2 335 314
b 201 2 202 390
b 28 1 58 75
m 28 171 1 58 75
b 12 2 247 423
m 12 5 2 247 423
m 12 41 2 247 423
m 12 133 2 247 423
b 111 0 327 415
m 111 0 0 327 415
m 111 203 0 327 415
b 138 2 258 426
b 196 2 122 398
m 196 31 2 122 398
m 196 173 2 122 398
m 196 192 2 122 398
b 211 2 322 356
b 52 3 71 319
m 52 120 3 11.299999999999999 141.90000000000003 0.2747518887604097
m 52 209 3 11.299999999999999 141.90000000000003 0.2747518887604097
m 52 142 3 11.299999999999999 141.90000000000003 0.2747518887604097
b 113 2 179 377
b 136 0 488 487
m 136 190 0 488 487
m 136 202 0 488 487
m 136 215 0 488 487
b 194 2 216 345
b 211 1 321 357
b 51 3 263 322
b 63 0 133 384
m 63 43 0 133 384
b 63 1 133 384
m 63 31 1 133 384
m 63 43 1 133 384
b 85 0 54 323
m 85 43 0 54 323
m 85 65 0 54 323
m 85 120 0 54 323
m 85 122 0 54 323
b 85 1 54 323
m 85 31 1 54 323
m 85 43 1 54 323
m 85 65 1 54 323
m 85 120 1 54 323
m 85 122 1 54 323
b 133 0 232 472
m 133 172 0 232 472
m 133 203 0 232 472
b 211 0 320 357
b 221 2 143 400
b 58 1 418 311
b 147 2 289 295
b 192 0 112 429
m 192 18 0 112 429
m 192 69 0 112 429
m 192 80 0 112 429
b 192 1 112 429
m 192 18 1 112 429
m 192 69 1 112 429
m 192 80 1 112 429
b 199 3 104 262
m 199 112 3 10.1 128.1 0.009068903494763692
b 219 2 340 293
b 228 3 23 317
m 228 85 3 11.200000000000003 142.6 0.10338533751926572
b 236 0 377 376
b 26 1 381 305
m 26 98 1 381 305
b 92 2 133 379
m 92 68 2 133 379
m 92 69 2 133 379
m 92 173 2 133 379
m 92 192 2 133 379
b 188 2 38 274
b 209 2 60 376
m 209 31 2 60 376
m 209 43 2 60 376
m 209 122 2 60 376
m 209 192 2 60 376
b 52 2 73 316
m 52 31 2 73 316
m 52 43 2 73 316
m 52 120 2 73 316
m 52 122 2 73 316
b 63 3 136 385
m 63 43 3 10.818181818181818 132.8181818181818 0.10133347430198071
b 68 0 146 449
m 68 18 0 146 449
m 68 69 0 146 449
m 68 80 0 146 449
m 68 172 0 146 449
b 68 1 146 449
m 68 18 1 146 449
m 68 50 1 146 449
m 68 69 1 146 449
m 68 80 1 146 449
m 68 172 1 146 449
b 69 3 137 446
m 69 172 3 11.0 135.36363636363635 0.20810637799214518
m 69 50 3 11.0 135.36363636363635 0.20810637799214518
b 106 3 26 291
m 106 117 3 11.1 138.30000000000004 0.19802462847960617
b 111 1 332 414
m 111 0 1 332 414
b 169 0 152 489
m 169 18 0 152 489
m 169 69 0 152 489
m 169 80 0 152 489
m 169 172 0 152 489
b 169 1 152 489
m 169 18 1 152 489
m 169 50 1 152 489
m 169 69 1 152 489
m 169 80 1 152 489
m 169 133 1 152 489
m 169 172 1 152 489
b 173 0 160 417
m 173 18 0 160 417
m 173 69 0 160 417
m 173 172 0 160 417
b 173 1 160 417
m 173 18 1 160 417
m 173 69 1 160 417
m 173 172 1 160 417
b 31 0 48 357
b 41 1 242 456
m 41 2 1 242 456
m 41 50 1 242 456
m 41 133 1 242 456
m 41 172 1 242 456
m 41 203 1 242 456
b 150 3 388 300
m 150 98 3 10.333333333333334 117.66666666666666 -1.0
b 154 3 438 338
m 154 26 3 9.600000000000001 106.80000000000001 0.3333333333333333
b 165 3 2 210
m 165 237 3 10.399999999999999 131.40000000000003 0.5
m 165 142 3 10.399999999999999 131.40000000000003 0.5
b 215 0 427 478
b 236 3 377 379
m 236 58 3 9.700000000000001 107.5 0.25
b 50 0 186 493
m 50 18 0 186 493
m 50 69 0 186 493
m 50 80 0 186 493
m 50 172 0 186 493
b 84 3 76 277
b 173 3 159 415
m 173 68 3 10.6 125.0 0.12010290236096742
b 5 0 257 433
m 5 203 0 257 433
b 22 3 494 328
b 43 0 60 351
b 43 1 60 351
b 65 0 12 363
m 65 233 0 12 363
b 65 1 12 363
m 65 233 1 12 363
b 151 3 289 260
m 151 219 3 8.909090909090908 112.1818181818182 0.01572229420868871
b 171 1 9 25
b 190 0 469 486
b 216 3 413 374
m 216 26 3 8.7 91.89999999999999 0.5
b 5 1 257 432
m 5 2 1 257 432
m 5 133 1 257 432
m 5 203 1 257 432
b 10 0 434 479
b 58 3 424 313
m 58 26 3 6.5 56.9 0.036546831773278145
b 60 0 210 495
m 60 172 0 210 495
m 60 203 0 210 495
b 69 2 134 443
b 92 0 135 374
m 92 69 0 135 374
b 92 1 135 374
b 106 2 23 288
m 106 120 2 23 288
b 117 2 29 317
m 117 120 2 29 317
m 117 122 2 29 317
b 122 0 24 367
m 122 233 0 24 367
b 122 1 24 367
m 122 233 1 24 367
b 150 1 386 298
m 150 98 1 386 298
b 167 3 66 154
b 236 1 377 382
m 236 154 1 377 382
m 236 207 1 377 382
b 31 1 46 353
b 142 2 38 287
b 192 2 105 427
m 192 18 2 105 427
m 192 80 2 105 427
b 194 3 214 336
m 194 131 3 10.1 121.5 1.0
b 201 3 190 391
m 201 5 3 10.0 118.4 0.0748670377241806
b 207 3 391 329
m 207 26 3 9.899999999999999 115.5 0.5
m 207 219 3 9.899999999999999 115.5 0.5
b 26 2 383 298
b 43 2 59 348
m 43 65 2 59 348
m 43 120 2 59 348
m 43 122 2 59 348
b 58 2 426 314
b 84 2 77 273
b 2 0 275 475
m 2 72 0 275 475
m 2 172 0 275 475
b 68 2 148 442
m 68 18 2 148 442
m 68 50 2 148 442
m 68 80 2 148 442
m 68 172 2 148 442
b 92 3 136 371
m 92 68 3 10.727272727272728 131.8181818181818 0.014767498235761858
b 133 2 236 462
m 133 2 2 236 462
m 133 50 2 236 462
m 133 60 2 236 462
m 133 172 2 236 462
m 133 203 2 236 462
b 165 2 4 212
b 169 2 146 492
b 173 2 156 411
b 219 1 332 289
m 219 98 1 332 289
b 228 2 18 325
b 0 0 317 456
m 0 72 0 317 456
b 31 2 45 351
b 85 2 59 313
m 85 65 2 59 313
m 85 120 2 59 313
m 85 122 2 59 313
b 202 0 479 491
b 237 2 10 250
b 60 1 210 490
m 60 2 1 210 490
m 60 50 1 210 490
m 60 133 1 210 490
m 60 172 1 210 490
m 60 203 1 210 490
b 203 0 266 456
m 203 72 0 266 456
b 120 0 22 335
b 120 1 22 335
b 147 3 277 293
m 147 78 3 9.4 106.60000000000002 0.009629304672077066
b 69 0 130 437
b 69 1 130 437
b 150 2 382 292
m 150 98 2 382 292
b 38 3 494 330
b 41 2 246 466
m 41 2 2 246 466
m 41 50 2 246 466
m 41 60 2 246 466
m 41 172 2 246 466
m 41 203 2 246 466
b 133 1 237 458
b 236 2 377 390
m 236 154 2 377 390
m 236 207 2 377 390
m 236 216 2 377 390
b 0 1 312 455
m 0 72 1 312 455
b 18 0 162 471
b 18 1 162 471
b 112 3 124 332
b 43 3 54 342
m 43 31 3 10.166666666666666 122.5 0.004099783377979529
b 122 2 26 357
m 122 65 2 26 357
m 122 233 2 26 357
b 142 3 41 295
m 142 31 3 10.363636363636363 129.09090909090912 1.0
b 5 2 265 424
m 5 0 2 265 424
m 5 2 2 265 424
m 5 203 2 265 424
b 26 3 385 290
m 26 98 3 9.600000000000001 106.80000000000001 -1.0
b 203 1 261 452
m 203 72 1 261 452
b 209 3 43 372
m 209 192 3 10.818181818181817 132.2727272727273 0.10468388632288413
b 50 1 171 490
b 50 3 171 490
m 50 41 3 10.583333333333334 127.08333333333331 0.1460491461517836
b 80 0 154 479
b 80 1 154 479
b 117 3 32 329
m 117 31 3 10.363636363636365 126.54545454545458 0.3333333333333333
b 120 3 25 328
m 120 31 3 10.545454545454545 129.81818181818184 0.3333333333333333
b 233 0 17 404
m 233 102 0 17 404
b 233 1 17 404
m 233 102 1 17 404
b 68 3 152 432
m 68 18 3 10.090909090909092 115.9090909090909 0.10016822671299888
b 172 0 218 490
b 85 3 65 303
m 85 31 3 10.454545454545459 130.45454545454544 0.3333333333333333
b 131 3 204 282
b 18 2 169 470
b 65 2 29 363
m 65 233 2 29 363
b 120 2 26 325
b 172 1 221 490
b 172 3 221 490
m 172 41 3 10.75 129.41666666666666 0.21302153384390216
m 172 169 3 10.75 129.41666666666666 0.21302153384390216
b 203 2 256 449
m 203 0 2 256 449
m 203 72 2 256 449
b 237 3 16 237
b 2 1 288 465
m 2 72 1 288 465
b 154 1 460 342
m 154 16 1 460 342
m 154 22 1 460 342
m 154 38 1 460 342
b 207 1 379 315
b 50 2 164 489
b 80 2 160 476
b 5 3 271 417
m 5 2 3 9.727272727272728 112.0909090909091 0.11858542787493218
b 219 3 316 282
m 219 98 3 8.909090909090908 112.1818181818182 -1.0
b 78 3 284 345
b 0 2 298 450
m 0 72 2 298 450
b 60 2 209 471
b 72 0 324 459
b 172 2 228 490
b 233 2 22 394
b 2 2 293 462
b 31 3 34 332
b 192 3 81 420
m 192 196 3 10.083333333333332 121.58333333333337 0.5
b 216 2 394 393
b 154 2 468 343
m 154 16 2 468 343
m 154 22 2 468 343
m 154 38 2 468 343
m 154 130 2 468 343
b 207 2 374 309
b 18 3 182 467
m 18 133 3 9.500000000000002 107.0 0.0369448465046994
b 41 3 253 487
m 41 0 3 10.307692307692308 121.07692307692307 0.1698883677620892
m 41 60 3 10.307692307692308 121.07692307692307 0.1698883677620892
b 72 1 326 453
b 169 3 121 486
m 169 196 3 10.153846153846153 120.15384615384616 0.3333333333333333
b 102 0 18 497
m 102 44 0 18 497
m 102 218 0 18 497
b 102 1 18 497
m 102 44 1 18 497
m 102 218 1 18 497
b 72 2 328 445
b 22 1 482 289
m 22 87 1 482 289
b 38 1 475 339
b 16 1 476 260
b 133 3 250 427
m 133 203 3 8.923076923076925 99.07692307692308 0.019334796327260453
b 130 2 498 393
b 0 3 280 444
m 0 138 3 9.785714285714285 113.07142857142856 0.3333333333333333
b 2 3 307 451
m 2 203 3 9.166666666666668 103.5 0.3333333333333333
b 196 3 90 441
m 196 218 3 9.384615384615383 112.30769230769235 0.008196721311475419
b 218 0 76 473
b 218 1 76 473
b 22 2 479 282
m 22 87 2 479 282
b 38 2 468 342
b 16 2 474 252
m 16 87 2 474 252
b 60 3 208 444
m 60 203 3 9.714285714285714 112.71428571428571 0.5
m 60 80 3 9.714285714285714 112.71428571428571 0.5
b 87 1 491 286
b 203 3 225 427
m 203 80 3 8.35714285714286 92.07142857142857 3.305093389275365E-4
b 44 0 55 471
b 44 1 55 471
b 218 3 77 464
m 218 44 3 8.857142857142856 104.57142857142861 0.012355157266858447
b 138 3 315 462
m 138 72 3 9.266666666666666 105.79999999999998 0.1731792988845438
b 87 2 489 293
b 80 3 204 453
b 44 3 71 457
b 72 3 341 405
