Key: 
t: node change direction (node id, x, y, new direction)
s: node start location (node id, x, y, start direction, buffer)
m: message transfer (sender id, target id, messageType, sender x, sender y
b: broadcast (node id, message type, x, y)
150 105 345 342
s 0 415 2 66 0
s 1 305 39 167 0
s 2 219 13 202 0
s 3 146 97 299 0
s 4 407 428 230 0
s 5 162 327 51 0
s 6 345 342 97 0
s 7 406 318 329 0
s 8 24 173 334 0
s 9 133 215 203 0
s 10 315 199 351 0
s 11 313 161 126 0
s 12 456 218 26 0
s 13 15 167 163 0
s 14 277 280 94 0
s 15 194 451 235 0
s 16 232 406 163 0
s 17 213 402 278 0
s 18 277 265 224 0
s 19 401 407 18 0
s 20 264 46 271 0
s 21 377 343 38 0
s 22 179 453 60 0
s 23 182 376 213 0
s 24 348 483 331 0
s 25 38 436 80 0
s 26 44 287 352 0
s 27 57 346 52 0
s 28 215 479 208 0
s 29 213 308 74 0
s 30 100 316 29 0
s 31 128 63 69 0
s 32 320 131 263 0
s 33 10 293 173 0
s 34 109 40 303 0
s 35 201 362 258 0
s 36 380 51 150 0
s 37 234 497 20 0
s 38 491 264 106 0
s 39 124 22 215 0
s 40 110 47 201 0
s 41 180 466 52 0
s 42 78 83 6 0
s 43 278 105 137 0
s 44 288 113 274 0
s 45 308 34 58 0
s 46 257 366 45 0
s 47 271 280 129 0
s 48 53 135 114 0
s 49 342 135 224 0
s 50 127 216 305 0
s 51 14 118 0 0
s 52 359 409 117 0
s 53 381 253 25 0
s 54 39 236 15 0
s 55 63 248 313 0
s 56 129 240 3 0
s 57 77 205 305 0
s 58 52 101 207 0
s 59 346 64 290 0
s 60 21 185 147 0
s 61 85 192 47 0
s 62 487 399 25 0
s 63 175 444 84 0
s 64 181 261 166 0
s 65 6 449 139 0
s 66 226 488 90 0
s 67 285 78 167 0
s 68 66 321 275 0
s 69 347 347 49 0
s 70 395 134 238 0
s 71 2 121 7 0
s 72 231 183 277 0
s 73 98 105 189 0
s 74 417 94 245 0
s 75 109 355 339 0
s 76 8 38 15 0
s 77 408 99 317 0
s 78 210 430 95 0
s 79 389 13 249 0
s 80 203 153 353 0
s 81 49 395 227 0
s 82 26 308 128 0
s 83 415 247 348 0
s 84 263 421 129 0
s 85 318 352 16 0
s 86 48 271 293 0
s 87 160 1 22 0
s 88 441 394 116 0
s 89 313 68 242 0
s 90 435 31 77 0
s 91 167 244 119 0
s 92 144 65 234 0
s 93 86 46 336 0
s 94 461 139 193 0
s 95 135 151 245 0
s 96 74 333 94 0
s 97 63 203 74 0
s 98 301 79 21 0
s 99 20 332 162 0
s 100 264 322 5 0
s 101 275 323 330 0
s 102 357 200 30 0
s 103 479 192 298 0
s 104 387 480 51 0
s 105 413 99 206 0
s 106 218 196 10 0
s 107 307 385 346 0
s 108 67 217 137 0
s 109 485 272 84 0
s 110 56 315 340 0
s 111 340 120 123 0
s 112 485 190 338 0
s 113 416 250 253 0
s 114 325 358 334 0
s 115 222 321 94 0
s 116 351 258 281 0
s 117 267 277 187 0
s 118 127 92 254 0
s 119 356 262 350 0
s 120 155 100 134 0
s 121 441 486 244 0
s 122 66 174 98 0
s 123 338 420 193 0
s 124 241 466 103 0
s 125 146 139 325 0
s 126 256 359 36 0
s 127 251 219 320 0
s 128 479 115 224 0
s 129 172 21 312 0
s 130 389 303 295 0
s 131 227 303 83 0
s 132 220 73 44 0
s 133 62 251 311 0
s 134 33 51 280 0
s 135 341 286 86 0
s 136 344 477 345 0
s 137 93 243 152 0
s 138 362 453 39 0
s 139 93 200 80 0
s 140 442 1 272 0
s 141 149 254 287 0
s 142 152 103 45 0
s 143 412 19 39 0
s 144 144 62 204 0
s 145 454 227 119 0
s 146 249 124 252 0
s 147 428 274 206 0
s 148 180 299 327 0
s 149 416 185 83 0
s 150 168 124 218 0
s 151 64 271 8 0
s 152 86 176 129 0
s 153 325 74 317 0
s 154 253 412 278 0
s 155 337 366 266 0
s 156 373 391 177 0
s 157 487 309 207 0
s 158 52 190 354 0
s 159 218 156 13 0
s 160 138 248 66 0
s 161 490 298 23 0
s 162 240 291 48 0
s 163 308 180 322 0
s 164 383 91 264 0
s 165 232 394 217 0
s 166 445 249 30 0
s 167 124 489 269 0
s 168 269 432 17 0
s 169 32 101 225 0
s 170 387 431 91 0
s 171 328 36 212 0
s 172 180 464 109 0
s 173 186 367 23 0
s 174 92 276 192 0
s 175 331 412 149 0
s 176 293 280 207 0
s 177 109 34 90 0
s 178 322 234 136 0
s 179 353 439 188 0
s 180 310 248 146 0
s 181 335 364 254 0
s 182 111 386 57 0
s 183 203 4 155 0
s 184 203 246 149 0
s 185 37 113 151 0
s 186 453 378 210 0
s 187 293 359 89 0
s 188 109 164 296 0
s 189 429 356 4 0
s 190 336 292 51 0
s 191 183 352 36 0
s 192 48 422 189 0
s 193 413 142 117 0
s 194 295 307 280 0
s 195 270 211 240 0
s 196 283 82 233 0
s 197 130 128 334 0
s 198 124 95 47 0
s 199 150 105 94 0
s 200 10 26 10 0
s 201 148 78 251 0
s 202 259 223 198 0
s 203 60 181 334 0
s 204 54 121 295 0
s 205 431 18 146 0
s 206 122 15 263 0
s 207 324 256 222 0
s 208 466 287 123 0
s 209 400 412 133 0
s 210 437 243 284 0
s 211 225 146 9 0
s 212 243 388 314 0
s 213 382 475 125 0
s 214 142 303 204 0
s 215 289 423 225 0
s 216 455 4 274 0
s 217 24 177 193 0
s 218 118 36 236 0
s 219 95 67 62 0
s 220 249 203 356 0
s 221 319 64 246 0
s 222 379 214 47 0
s 223 373 104 78 0
s 224 76 172 194 0
s 225 271 293 228 0
s 226 316 367 24 0
s 227 365 369 291 0
s 228 39 252 232 0
s 229 380 239 184 0
s 230 370 6 155 0
s 231 187 467 225 0
s 232 488 191 323 0
s 233 113 107 341 0
s 234 279 97 176 0
s 235 202 434 6 0
s 236 353 274 237 0
s 237 259 279 234 0
s 238 191 106 153 0
s 239 306 355 168 0
b 199 0 150 107
m 199 3 0 150 107
m 199 31 0 150 107
m 199 40 0 150 107
m 199 42 0 150 107
m 199 73 0 150 107
m 199 80 0 150 107
m 199 92 0 150 107
m 199 95 0 150 107
m 199 118 0 150 107
m 199 120 0 150 107
m 199 125 0 150 107
m 199 142 0 150 107
m 199 144 0 150 107
m 199 150 0 150 107
m 199 188 0 150 107
m 199 197 0 150 107
m 199 198 0 150 107
m 199 201 0 150 107
m 199 219 0 150 107
m 199 233 0 150 107
m 199 238 0 150 107
b 199 1 150 107
m 199 3 1 150 107
m 199 31 1 150 107
m 199 40 1 150 107
m 199 42 1 150 107
m 199 73 1 150 107
m 199 80 1 150 107
m 199 92 1 150 107
m 199 95 1 150 107
m 199 118 1 150 107
m 199 120 1 150 107
m 199 125 1 150 107
m 199 142 1 150 107
m 199 144 1 150 107
m 199 150 1 150 107
m 199 188 1 150 107
m 199 197 1 150 107
m 199 198 1 150 107
m 199 201 1 150 107
m 199 219 1 150 107
m 199 233 1 150 107
m 199 238 1 150 107
b 199 2 150 107
m 199 3 2 150 107
m 199 31 2 150 107
m 199 40 2 150 107
m 199 42 2 150 107
m 199 73 2 150 107
m 199 80 2 150 107
m 199 92 2 150 107
m 199 95 2 150 107
m 199 118 2 150 107
m 199 120 2 150 107
m 199 125 2 150 107
m 199 142 2 150 107
m 199 144 2 150 107
m 199 150 2 150 107
m 199 188 2 150 107
m 199 197 2 150 107
m 199 198 2 150 107
m 199 201 2 150 107
m 199 219 2 150 107
m 199 233 2 150 107
m 199 238 2 150 107
b 199 3 150 107
m 199 3 3 21.0 441.0 1.0
m 199 31 3 21.0 441.0 1.0
m 199 40 3 21.0 441.0 1.0
m 199 42 3 21.0 441.0 1.0
m 199 73 3 21.0 441.0 1.0
m 199 80 3 21.0 441.0 1.0
m 199 92 3 21.0 441.0 1.0
m 199 95 3 21.0 441.0 1.0
m 199 118 3 21.0 441.0 1.0
m 199 120 3 21.0 441.0 1.0
m 199 125 3 21.0 441.0 1.0
m 199 142 3 21.0 441.0 1.0
m 199 144 3 21.0 441.0 1.0
m 199 150 3 21.0 441.0 1.0
m 199 188 3 21.0 441.0 1.0
m 199 197 3 21.0 441.0 1.0
m 199 198 3 21.0 441.0 1.0
m 199 201 3 21.0 441.0 1.0
m 199 219 3 21.0 441.0 1.0
m 199 233 3 21.0 441.0 1.0
m 199 238 3 21.0 441.0 1.0
b 3 0 147 94
m 3 34 0 147 94
m 3 177 0 147 94
m 3 218 0 147 94
b 3 1 147 94
m 3 34 1 147 94
m 3 177 1 147 94
m 3 218 1 147 94
b 3 2 147 94
b 3 3 147 94
m 3 34 3 21.333333333333332 455.33333333333337 1.0
m 3 177 3 21.333333333333332 455.33333333333337 1.0
m 3 218 3 21.333333333333332 455.33333333333337 1.0
b 31 0 129 66
m 31 39 0 129 66
m 31 87 0 129 66
m 31 93 0 129 66
m 31 129 0 129 66
m 31 206 0 129 66
b 31 1 129 66
b 31 2 129 66
m 31 34 2 129 66
m 31 39 2 129 66
m 31 87 2 129 66
m 31 93 2 129 66
m 31 129 2 129 66
m 31 177 2 129 66
m 31 206 2 129 66
m 31 218 2 129 66
b 31 3 129 66
m 31 39 3 22.666666666666664 519.3333333333334 1.0
m 31 87 3 22.666666666666664 519.3333333333334 1.0
m 31 93 3 22.666666666666664 519.3333333333334 1.0
m 31 129 3 22.666666666666664 519.3333333333334 1.0
m 31 206 3 22.666666666666664 519.3333333333334 1.0
b 40 0 107 46
m 40 134 0 107 46
b 40 1 107 46
b 40 2 107 46
m 40 134 2 107 46
b 40 3 107 46
m 40 134 3 21.0 441.0 1.0
b 42 0 81 83
m 42 48 0 81 83
m 42 51 0 81 83
m 42 58 0 81 83
m 42 169 0 81 83
m 42 185 0 81 83
m 42 204 0 81 83
b 42 1 81 83
b 42 2 81 83
m 42 48 2 81 83
m 42 51 2 81 83
m 42 58 2 81 83
m 42 169 2 81 83
m 42 185 2 81 83
m 42 204 2 81 83
b 42 3 81 83
m 42 48 3 22.333333333333336 502.33333333333337 1.0
m 42 51 3 22.333333333333336 502.33333333333337 1.0
m 42 58 3 22.333333333333336 502.33333333333337 1.0
m 42 169 3 22.333333333333336 502.33333333333337 1.0
m 42 185 3 22.333333333333336 502.33333333333337 1.0
m 42 204 3 22.333333333333336 502.33333333333337 1.0
b 73 0 95 105
m 73 152 0 95 105
m 73 224 0 95 105
b 73 1 95 105
m 73 48 1 95 105
m 73 58 1 95 105
m 73 93 1 95 105
m 73 152 1 95 105
m 73 169 1 95 105
m 73 185 1 95 105
m 73 204 1 95 105
m 73 224 1 95 105
b 73 2 95 105
m 73 152 2 95 105
m 73 224 2 95 105
b 73 3 95 105
m 73 152 3 24.0 594.0 1.0
m 73 224 3 24.0 594.0 1.0
b 80 0 206 152
m 80 72 0 206 152
m 80 106 0 206 152
m 80 146 0 206 152
m 80 159 0 206 152
m 80 211 0 206 152
m 80 220 0 206 152
b 80 1 206 152
b 80 2 206 152
m 80 72 2 206 152
m 80 106 2 206 152
m 80 146 2 206 152
m 80 159 2 206 152
m 80 211 2 206 152
m 80 220 2 206 152
b 80 3 206 152
m 80 146 3 18.333333333333332 350.3333333333333 0.5373426573426572
m 80 106 3 18.333333333333332 350.3333333333333 0.5373426573426572
m 80 159 3 18.333333333333332 350.3333333333333 0.5373426573426572
m 80 72 3 18.333333333333332 350.3333333333333 0.5373426573426572
b 92 0 143 63
b 92 1 143 63
m 92 39 1 143 63
m 92 87 1 143 63
m 92 129 1 143 63
m 92 206 1 143 63
b 92 2 143 63
b 92 3 143 63
b 95 0 134 148
m 95 9 0 134 148
m 95 50 0 134 148
m 95 61 0 134 148
m 95 122 0 134 148
m 95 139 0 134 148
b 95 1 134 148
m 95 9 1 134 148
m 95 50 1 134 148
m 95 61 1 134 148
m 95 122 1 134 148
m 95 139 1 134 148
b 95 2 134 148
b 95 3 134 148
m 95 9 3 21.333333333333332 455.33333333333337 1.0
m 95 50 3 21.333333333333332 455.33333333333337 1.0
m 95 61 3 21.333333333333332 455.33333333333337 1.0
m 95 122 3 21.333333333333332 455.33333333333337 1.0
m 95 139 3 21.333333333333332 455.33333333333337 1.0
b 118 0 126 89
b 118 1 126 89
b 118 2 126 89
b 118 3 126 89
b 120 0 153 102
m 120 132 0 153 102
b 120 1 153 102
m 120 132 1 153 102
b 120 2 153 102
b 120 3 153 102
m 120 132 3 21.333333333333332 455.33333333333337 1.0
b 125 0 149 137
b 125 1 149 137
m 125 159 1 149 137
b 125 2 149 137
b 125 3 149 137
b 142 0 154 105
b 142 1 154 105
b 142 2 154 105
m 142 132 2 154 105
b 142 3 154 105
b 144 0 141 60
b 144 1 141 60
b 144 2 141 60
b 144 3 141 60
b 150 0 166 123
b 150 1 166 123
m 150 211 1 166 123
b 150 2 166 123
b 150 3 166 123
m 150 211 3 21.0 441.0 1.0
b 188 0 110 161
m 188 57 0 110 161
m 188 97 0 110 161
m 188 108 0 110 161
m 188 158 0 110 161
m 188 203 0 110 161
b 188 1 110 161
m 188 57 1 110 161
m 188 97 1 110 161
m 188 108 1 110 161
m 188 158 1 110 161
m 188 203 1 110 161
b 188 2 110 161
m 188 9 2 110 161
m 188 50 2 110 161
m 188 57 2 110 161
m 188 61 2 110 161
m 188 97 2 110 161
m 188 108 2 110 161
m 188 122 2 110 161
m 188 139 2 110 161
m 188 158 2 110 161
m 188 203 2 110 161
b 188 3 110 161
m 188 57 3 22.333333333333336 502.33333333333337 1.0
m 188 97 3 22.333333333333336 502.33333333333337 1.0
m 188 108 3 22.333333333333336 502.33333333333337 1.0
m 188 158 3 22.333333333333336 502.33333333333337 1.0
m 188 203 3 22.333333333333336 502.33333333333337 1.0
b 197 0 133 126
b 197 1 133 126
b 197 2 133 126
b 197 3 133 126
b 198 0 126 97
b 198 1 126 97
b 198 2 126 97
b 198 3 126 97
b 201 0 147 75
b 201 1 147 75
b 201 2 147 75
b 201 3 147 75
b 219 0 96 69
b 219 1 96 69
m 219 134 1 96 69
b 219 2 96 69
b 219 3 96 69
b 233 0 116 106
b 233 1 116 106
b 233 2 116 106
b 233 3 116 106
b 238 0 188 107
b 238 1 188 107
m 238 146 1 188 107
b 238 2 188 107
b 238 3 188 107
b 9 0 130 214
m 9 55 0 130 214
m 9 56 0 130 214
m 9 64 0 130 214
m 9 91 0 130 214
m 9 133 0 130 214
m 9 137 0 130 214
m 9 141 0 130 214
m 9 160 0 130 214
m 9 174 0 130 214
b 9 1 130 214
m 9 55 1 130 214
m 9 56 1 130 214
m 9 64 1 130 214
m 9 91 1 130 214
m 9 133 1 130 214
m 9 137 1 130 214
m 9 141 1 130 214
m 9 160 1 130 214
m 9 174 1 130 214
b 9 2 130 214
m 9 55 2 130 214
m 9 56 2 130 214
m 9 64 2 130 214
m 9 91 2 130 214
m 9 133 2 130 214
m 9 137 2 130 214
m 9 141 2 130 214
m 9 160 2 130 214
m 9 174 2 130 214
b 9 3 130 214
m 9 56 3 21.25 451.75 0.9567543146290776
m 9 55 3 21.25 451.75 0.9567543146290776
m 9 64 3 21.25 451.75 0.9567543146290776
m 9 174 3 21.25 451.75 0.9567543146290776
m 9 91 3 21.25 451.75 0.9567543146290776
m 9 133 3 21.25 451.75 0.9567543146290776
m 9 137 3 21.25 451.75 0.9567543146290776
m 9 141 3 21.25 451.75 0.9567543146290776
m 9 160 3 21.25 451.75 0.9567543146290776
b 34 0 111 36
b 34 1 111 36
b 34 2 111 36
b 34 3 111 36
b 39 0 121 20
b 39 1 121 20
b 39 2 121 20
b 39 3 121 20
b 48 0 51 139
m 48 8 0 51 139
m 48 13 0 51 139
m 48 60 0 51 139
m 48 71 0 51 139
m 48 217 0 51 139
b 48 1 51 139
m 48 8 1 51 139
m 48 13 1 51 139
m 48 51 1 51 139
m 48 60 1 51 139
m 48 71 1 51 139
m 48 217 1 51 139
b 48 2 51 139
m 48 8 2 51 139
m 48 13 2 51 139
m 48 60 2 51 139
m 48 71 2 51 139
m 48 217 2 51 139
b 48 3 51 139
m 48 8 3 22.25 497.75 0.8700736295539666
m 48 60 3 22.25 497.75 0.8700736295539666
m 48 13 3 22.25 497.75 0.8700736295539666
m 48 217 3 22.25 497.75 0.8700736295539666
m 48 71 3 22.25 497.75 0.8700736295539666
b 50 0 130 213
b 50 1 130 213
b 50 2 130 213
b 50 3 130 213
b 51 0 18 118
b 51 2 18 118
b 51 3 18 118
b 57 0 80 201
m 57 54 0 80 201
m 57 86 0 80 201
m 57 151 0 80 201
m 57 228 0 80 201
b 57 1 80 201
m 57 54 1 80 201
m 57 86 1 80 201
m 57 151 1 80 201
m 57 228 1 80 201
b 57 2 80 201
b 57 3 80 201
m 57 54 3 23.0 533.0 0.9682971014492754
m 57 86 3 23.0 533.0 0.9682971014492754
m 57 151 3 23.0 533.0 0.9682971014492754
m 57 228 3 23.0 533.0 0.9682971014492754
b 58 0 48 99
m 58 76 0 48 99
b 58 1 48 99
m 58 76 1 48 99
b 58 2 48 99
b 58 3 48 99
m 58 76 3 20.0 419.0 0.21494391025641035
b 61 0 88 195
b 61 1 88 195
b 61 2 88 195
b 61 3 88 195
b 72 0 231 179
m 72 127 0 231 179
m 72 195 0 231 179
m 72 202 0 231 179
b 72 2 231 179
b 72 3 231 179
m 72 202 3 16.0 283.0 0.3594535543104819
m 72 195 3 16.0 283.0 0.3594535543104819
b 87 0 164 2
m 87 2 0 164 2
m 87 183 0 164 2
b 87 1 164 2
m 87 2 1 164 2
m 87 183 1 164 2
b 87 2 164 2
b 87 3 164 2
m 87 183 3 20.25 431.75 0.1451984422901651
b 93 0 90 44
b 93 1 90 44
b 93 2 90 44
b 93 3 90 44
b 97 0 64 207
b 97 1 64 207
b 97 2 64 207
m 97 54 2 64 207
m 97 86 2 64 207
m 97 151 2 64 207
m 97 228 2 64 207
b 97 3 64 207
b 106 0 221 196
m 106 184 0 221 196
b 106 2 221 196
m 106 127 2 221 196
m 106 184 2 221 196
m 106 195 2 221 196
m 106 202 2 221 196
b 106 3 221 196
m 106 184 3 16.0 283.0 0.3594535543104819
m 106 220 3 16.0 283.0 0.3594535543104819
b 108 0 64 219
m 108 26 0 64 219
b 108 1 64 219
m 108 26 1 64 219
b 108 2 64 219
m 108 26 2 64 219
b 108 3 64 219
m 108 26 3 23.0 533.0 0.9682971014492754
b 122 0 66 178
b 122 1 66 178
b 122 2 66 178
b 122 3 66 178
b 129 0 175 18
b 129 1 175 18
b 129 2 175 18
m 129 2 2 175 18
m 129 183 2 175 18
b 129 3 175 18
m 129 2 3 20.5 438.5 0.2718144190070857
b 132 0 223 76
m 132 20 0 223 76
m 132 43 0 223 76
m 132 44 0 223 76
m 132 67 0 223 76
m 132 196 0 223 76
m 132 234 0 223 76
b 132 1 223 76
b 132 2 223 76
m 132 20 2 223 76
m 132 43 2 223 76
m 132 44 2 223 76
m 132 67 2 223 76
m 132 196 2 223 76
m 132 234 2 223 76
b 132 3 223 76
m 132 20 3 19.5 390.5 0.5303871755484661
m 132 44 3 19.5 390.5 0.5303871755484661
m 132 43 3 19.5 390.5 0.5303871755484661
m 132 196 3 19.5 390.5 0.5303871755484661
b 134 0 33 47
m 134 200 0 33 47
b 134 1 33 47
m 134 200 1 33 47
b 134 2 33 47
m 134 76 2 33 47
m 134 200 2 33 47
b 134 3 33 47
m 134 200 3 18.5 361.0 0.23280098280098271
b 139 0 94 204
b 139 1 94 204
b 139 2 94 204
b 139 3 94 204
b 146 0 248 120
m 146 32 0 248 120
m 146 98 0 248 120
b 146 1 248 120
m 146 32 1 248 120
m 146 43 1 248 120
m 146 44 1 248 120
m 146 67 1 248 120
m 146 72 1 248 120
m 146 98 1 248 120
m 146 196 1 248 120
m 146 234 1 248 120
b 146 2 248 120
m 146 32 2 248 120
m 146 98 2 248 120
b 146 3 248 120
m 146 32 3 17.0 305.0 0.5719976409133034
m 146 98 3 17.0 305.0 0.5719976409133034
m 146 234 3 17.0 305.0 0.5719976409133034
b 152 0 84 180
b 152 1 84 180
b 152 2 84 180
b 152 3 84 180
b 158 0 56 189
b 158 1 56 189
b 158 2 56 189
b 158 3 56 189
b 159 0 222 157
b 159 1 222 157
m 159 106 1 222 157
m 159 127 1 222 157
m 159 195 1 222 157
m 159 202 1 222 157
m 159 220 1 222 157
b 159 2 222 157
b 159 3 222 157
m 159 127 3 16.75 298.75 0.533493682484871
b 169 0 29 99
b 169 1 29 99
b 169 2 29 99
b 169 3 29 99
b 177 0 109 38
b 177 1 109 38
b 177 2 109 38
b 177 3 109 38
b 185 0 34 115
b 185 1 34 115
b 185 2 34 115
b 185 3 34 115
b 203 0 64 180
b 203 1 64 180
b 203 2 64 180
b 203 3 64 180
b 204 0 56 118
b 204 1 56 118
b 204 2 56 118
b 204 3 56 118
b 206 0 122 11
b 206 1 122 11
b 206 2 122 11
b 206 3 122 11
b 211 0 229 146
b 211 1 229 146
b 211 2 229 146
b 211 3 229 146
b 218 0 116 32
b 218 1 116 32
b 218 2 116 32
b 218 3 116 32
b 220 0 253 202
m 220 10 0 253 202
m 220 11 0 253 202
m 220 18 0 253 202
m 220 163 0 253 202
m 220 178 0 253 202
m 220 180 0 253 202
m 220 237 0 253 202
b 220 2 253 202
b 224 0 72 171
b 224 1 72 171
b 224 2 72 171
b 224 3 72 171
b 2 0 215 11
b 2 1 215 11
m 2 20 1 215 11
b 2 2 215 11
b 2 3 215 11
b 8 0 28 171
b 8 1 28 171
b 8 2 28 171
b 8 3 28 171
b 10 0 320 198
m 10 49 0 320 198
m 10 102 0 320 198
m 10 116 0 320 198
m 10 207 0 320 198
m 10 222 0 320 198
m 10 229 0 320 198
b 11 0 310 165
m 11 111 0 310 165
b 13 0 10 169
b 13 1 10 169
b 13 2 10 169
b 13 3 10 169
b 18 0 273 262
m 18 14 0 273 262
m 18 47 0 273 262
m 18 100 0 273 262
m 18 101 0 273 262
m 18 117 0 273 262
m 18 131 0 273 262
m 18 135 0 273 262
m 18 162 0 273 262
m 18 176 0 273 262
m 18 190 0 273 262
m 18 194 0 273 262
m 18 225 0 273 262
b 20 0 264 41
m 20 1 0 264 41
m 20 45 0 264 41
m 20 89 0 264 41
m 20 153 0 264 41
m 20 171 0 264 41
m 20 221 0 264 41
b 20 2 264 41
b 20 3 264 41
m 20 1 3 18.6 357.4 0.5868369853055622
m 20 153 3 18.6 357.4 0.5868369853055622
m 20 171 3 18.6 357.4 0.5868369853055622
m 20 221 3 18.6 357.4 0.5868369853055622
m 20 89 3 18.6 357.4 0.5868369853055622
b 26 0 48 286
m 26 27 0 48 286
m 26 30 0 48 286
m 26 33 0 48 286
m 26 68 0 48 286
m 26 82 0 48 286
m 26 96 0 48 286
m 26 99 0 48 286
m 26 110 0 48 286
b 26 1 48 286
b 26 2 48 286
m 26 27 2 48 286
m 26 30 2 48 286
m 26 33 2 48 286
m 26 68 2 48 286
m 26 82 2 48 286
m 26 96 2 48 286
m 26 99 2 48 286
m 26 110 2 48 286
b 26 3 48 286
m 26 68 3 21.799999999999997 484.2 0.5744637237955944
m 26 27 3 21.799999999999997 484.2 0.5744637237955944
m 26 96 3 21.799999999999997 484.2 0.5744637237955944
m 26 99 3 21.799999999999997 484.2 0.5744637237955944
m 26 82 3 21.799999999999997 484.2 0.5744637237955944
b 32 0 320 126
m 32 59 0 320 126
m 32 70 0 320 126
m 32 164 0 320 126
m 32 223 0 320 126
b 32 1 320 126
b 32 2 320 126
m 32 10 2 320 126
m 32 11 2 320 126
m 32 49 2 320 126
m 32 59 2 320 126
m 32 70 2 320 126
m 32 89 2 320 126
m 32 111 2 320 126
m 32 153 2 320 126
m 32 163 2 320 126
m 32 164 2 320 126
m 32 221 2 320 126
m 32 223 2 320 126
b 32 3 320 126
m 32 11 3 17.4 316.2 0.7472865428946375
m 32 10 3 17.4 316.2 0.7472865428946375
m 32 49 3 17.4 316.2 0.7472865428946375
m 32 164 3 17.4 316.2 0.7472865428946375
m 32 67 3 17.4 316.2 0.7472865428946375
m 32 70 3 17.4 316.2 0.7472865428946375
m 32 111 3 17.4 316.2 0.7472865428946375
m 32 59 3 17.4 316.2 0.7472865428946375
b 43 0 274 108
b 43 1 274 108
m 43 1 1 274 108
m 43 11 1 274 108
m 43 49 1 274 108
m 43 89 1 274 108
m 43 111 1 274 108
m 43 153 1 274 108
m 43 221 1 274 108
b 43 2 274 108
b 43 3 274 108
b 44 0 288 108
b 44 1 288 108
m 44 45 1 288 108
m 44 163 1 288 108
b 44 2 288 108
m 44 1 2 288 108
m 44 45 2 288 108
b 44 3 288 108
m 44 163 3 19.4 384.59999999999997 0.6740894718546339
m 44 45 3 19.4 384.59999999999997 0.6740894718546339
b 51 1 19 118
b 54 0 43 238
b 54 1 43 238
m 54 33 1 43 238
b 54 2 43 238
b 54 3 43 238
m 54 33 3 22.799999999999997 523.1999999999999 0.8474984270283941
b 55 0 66 244
b 55 1 66 244
m 55 68 1 66 244
m 55 110 1 66 244
b 55 2 66 244
b 55 3 66 244
m 55 110 3 21.8 476.59999999999997 1.0
b 56 0 134 240
m 56 214 0 134 240
b 56 1 134 240
m 56 184 1 134 240
m 56 214 1 134 240
b 56 2 134 240
m 56 214 2 134 240
b 56 3 134 240
m 56 214 3 20.4 419.2 0.7730446745891087
b 60 0 16 188
b 60 1 16 188
b 60 2 16 188
b 60 3 16 188
b 64 0 176 262
m 64 5 0 176 262
m 64 29 0 176 262
m 64 148 0 176 262
b 64 1 176 262
m 64 5 1 176 262
m 64 29 1 176 262
m 64 131 1 176 262
m 64 148 1 176 262
m 64 162 1 176 262
b 64 2 176 262
m 64 5 2 176 262
m 64 29 2 176 262
m 64 131 2 176 262
m 64 148 2 176 262
m 64 162 2 176 262
b 64 3 176 262
m 64 5 3 19.6 395.2 0.4515615139286797
m 64 131 3 19.6 395.2 0.4515615139286797
m 64 162 3 19.6 395.2 0.4515615139286797
b 67 0 280 79
b 67 1 280 79
m 67 59 1 280 79
m 67 171 1 280 79
b 67 2 280 79
b 71 0 7 121
b 71 1 7 121
b 71 2 7 121
b 71 3 7 121
b 72 1 231 178
b 76 0 13 39
b 76 1 13 39
b 76 2 13 39
b 76 3 13 39
b 86 0 50 267
b 86 1 50 267
m 86 82 1 50 267
b 86 2 50 267
b 86 3 50 267
b 91 0 165 248
b 91 1 165 248
b 91 2 165 248
b 91 3 165 248
m 91 148 3 18.8 377.59999999999997 0.1111111111111111
b 98 0 306 81
b 98 1 306 81
m 98 223 1 306 81
b 98 2 306 81
m 98 171 2 306 81
b 98 3 306 81
m 98 223 3 17.2 308.8 0.7305856496403565
b 106 1 222 197
b 127 0 255 215
b 127 1 255 215
b 127 2 255 215
b 127 3 255 215
m 127 18 3 17.6 327.2 0.7484611216900556
m 127 14 3 17.6 327.2 0.7484611216900556
m 127 47 3 17.6 327.2 0.7484611216900556
m 127 207 3 17.6 327.2 0.7484611216900556
m 127 117 3 17.6 327.2 0.7484611216900556
m 127 225 3 17.6 327.2 0.7484611216900556
m 127 176 3 17.6 327.2 0.7484611216900556
m 127 178 3 17.6 327.2 0.7484611216900556
b 133 0 65 247
b 133 1 65 247
b 133 2 65 247
b 133 3 65 247
b 137 0 89 245
b 137 1 89 245
m 137 30 1 89 245
b 137 2 89 245
b 137 3 89 245
m 137 30 3 22.2 496.59999999999997 1.0
b 141 0 151 249
b 141 1 151 249
b 141 2 151 249
b 141 3 151 249
b 151 0 69 271
b 151 1 69 271
m 151 96 1 69 271
b 151 2 69 271
b 151 3 69 271
b 160 0 140 253
b 160 1 140 253
b 160 2 140 253
b 160 3 140 253
b 163 0 312 177
b 174 0 87 275
b 174 1 87 275
b 174 2 87 275
b 174 3 87 275
b 178 0 319 238
m 178 53 0 319 238
m 178 119 0 319 238
m 178 236 0 319 238
b 180 0 305 251
b 183 0 198 7
b 183 1 198 7
b 183 2 198 7
b 183 3 198 7
b 184 0 198 248
b 184 2 198 248
m 184 117 2 198 248
m 184 237 2 198 248
b 184 3 198 248
m 184 237 3 15.8 271.4 0.5098299850669678
m 184 29 3 15.8 271.4 0.5098299850669678
b 195 0 268 207
b 195 1 268 207
m 195 10 1 268 207
m 195 18 1 268 207
m 195 117 1 268 207
m 195 176 1 268 207
m 195 178 1 268 207
m 195 180 1 268 207
m 195 207 1 268 207
m 195 237 1 268 207
b 195 2 268 207
m 195 18 2 268 207
m 195 176 2 268 207
m 195 178 2 268 207
m 195 180 2 268 207
m 195 207 2 268 207
b 195 3 268 207
m 195 180 3 16.2 284.2 0.5302536067625826
b 196 0 280 78
b 196 1 280 78
b 196 2 280 78
b 196 3 280 78
b 200 0 15 27
b 200 1 15 27
b 200 2 15 27
b 200 3 15 27
b 202 0 254 222
b 202 1 254 222
m 202 14 1 254 222
m 202 47 1 254 222
m 202 225 1 254 222
b 202 2 254 222
m 202 14 2 254 222
m 202 47 2 254 222
m 202 225 2 254 222
b 202 3 254 222
b 217 0 19 176
b 217 1 19 176
b 217 2 19 176
b 217 3 19 176
b 220 1 254 202
b 220 3 254 202
b 228 0 36 248
b 228 1 36 248
b 228 2 36 248
b 228 3 36 248
b 234 0 274 97
b 234 1 274 97
b 234 2 274 97
b 234 3 274 97
b 237 0 256 275
m 237 115 0 256 275
b 1 0 299 40
m 1 230 0 299 40
b 1 1 299 40
m 1 230 1 299 40
b 1 2 299 40
b 1 3 299 40
m 1 230 3 17.833333333333332 330.5 0.5684734406308268
b 5 0 166 331
m 5 23 0 166 331
m 5 35 0 166 331
m 5 75 0 166 331
m 5 173 0 166 331
m 5 191 0 166 331
b 5 1 166 331
m 5 23 1 166 331
m 5 35 1 166 331
m 5 75 1 166 331
m 5 115 1 166 331
m 5 173 1 166 331
m 5 191 1 166 331
b 5 2 166 331
b 5 3 166 331
m 5 75 3 18.333333333333332 353.3333333333333 0.43666466177733904
m 5 173 3 18.333333333333332 353.3333333333333 0.43666466177733904
m 5 35 3 18.333333333333332 353.3333333333333 0.43666466177733904
b 10 1 321 198
m 10 102 1 321 198
m 10 116 1 321 198
m 10 222 1 321 198
m 10 229 1 321 198
b 10 2 321 198
m 10 102 2 321 198
m 10 116 2 321 198
m 10 222 2 321 198
m 10 229 2 321 198
b 10 3 321 198
m 10 102 3 17.166666666666668 306.1666666666667 0.6246090417197994
m 10 229 3 17.166666666666668 306.1666666666667 0.6246090417197994
m 10 222 3 17.166666666666668 306.1666666666667 0.6246090417197994
b 11 1 309 166
b 11 2 309 166
b 11 3 309 166
b 14 0 277 286
m 14 239 0 277 286
b 14 1 277 286
m 14 100 1 277 286
m 14 101 1 277 286
m 14 135 1 277 286
m 14 190 1 277 286
m 14 194 1 277 286
m 14 239 1 277 286
b 14 2 277 286
b 14 3 277 286
m 14 115 3 18.166666666666664 346.1666666666667 0.7287129475810297
m 14 135 3 18.166666666666664 346.1666666666667 0.7287129475810297
m 14 190 3 18.166666666666664 346.1666666666667 0.7287129475810297
m 14 101 3 18.166666666666664 346.1666666666667 0.7287129475810297
m 14 100 3 18.166666666666664 346.1666666666667 0.7287129475810297
m 14 194 3 18.166666666666664 346.1666666666667 0.7287129475810297
b 18 1 272 261
b 18 2 272 261
m 18 100 2 272 261
m 18 101 2 272 261
m 18 194 2 272 261
b 18 3 272 261
b 20 1 264 40
b 27 0 61 351
m 27 81 0 61 351
m 27 182 0 61 351
m 27 192 0 61 351
b 27 2 61 351
m 27 75 2 61 351
m 27 81 2 61 351
m 27 182 2 61 351
m 27 192 2 61 351
b 27 3 61 351
m 27 81 3 19.999999999999996 423.6666666666667 0.304134253771061
b 29 0 215 314
m 29 46 0 215 314
m 29 126 0 215 314
b 29 1 215 314
m 29 46 1 215 314
m 29 126 1 215 314
b 29 2 215 314
m 29 23 2 215 314
m 29 35 2 215 314
m 29 46 2 215 314
m 29 115 2 215 314
m 29 126 2 215 314
m 29 173 2 215 314
m 29 191 2 215 314
b 29 3 215 314
m 29 126 3 16.5 292.8333333333333 0.6238085503964101
m 29 23 3 16.5 292.8333333333333 0.6238085503964101
m 29 191 3 16.5 292.8333333333333 0.6238085503964101
b 30 0 105 319
b 30 1 105 319
m 30 27 1 105 319
m 30 182 1 105 319
b 30 2 105 319
b 30 3 105 319
m 30 182 3 20.5 437.8333333333333 0.08333333333333333
b 33 0 4 294
b 33 1 4 294
m 33 99 1 4 294
b 33 2 4 294
b 33 3 4 294
b 45 0 312 39
m 45 36 0 312 39
b 45 1 312 39
m 45 36 1 312 39
b 45 2 312 39
m 45 36 2 312 39
m 45 230 2 312 39
b 45 3 312 39
m 45 36 3 18.5 353.16666666666663 0.46904550281011315
b 47 0 267 284
b 47 1 267 284
b 47 2 267 284
m 47 135 2 267 284
m 47 190 2 267 284
b 47 3 267 284
b 49 0 338 131
m 49 193 0 338 131
b 49 1 338 131
m 49 70 1 338 131
m 49 164 1 338 131
m 49 193 1 338 131
b 49 2 338 131
m 49 193 2 338 131
b 49 3 338 131
m 49 193 3 17.166666666666668 306.1666666666667 0.6246090417197994
b 53 0 386 256
m 53 7 0 386 256
m 53 83 0 386 256
m 53 113 0 386 256
m 53 130 0 386 256
m 53 145 0 386 256
m 53 147 0 386 256
m 53 149 0 386 256
m 53 166 0 386 256
m 53 210 0 386 256
b 59 0 348 59
m 59 74 0 348 59
m 59 77 0 348 59
m 59 79 0 348 59
m 59 105 0 348 59
b 59 1 348 59
m 59 74 1 348 59
m 59 77 1 348 59
m 59 79 1 348 59
m 59 105 1 348 59
b 59 2 348 59
m 59 74 2 348 59
m 59 77 2 348 59
m 59 79 2 348 59
m 59 105 2 348 59
b 59 3 348 59
m 59 79 3 17.833333333333332 330.1666666666667 0.7705286325155375
m 59 74 3 17.833333333333332 330.1666666666667 0.7705286325155375
m 59 105 3 17.833333333333332 330.1666666666667 0.7705286325155375
m 59 77 3 17.833333333333332 330.1666666666667 0.7705286325155375
b 67 3 279 79
b 68 0 67 315
b 68 1 67 315
b 68 2 67 315
b 68 3 67 315
b 70 0 392 129
m 70 94 0 392 129
b 70 2 392 129
m 70 94 2 392 129
m 70 149 2 392 129
b 70 3 392 129
m 70 94 3 16.333333333333332 283.6666666666667 0.26431842008293915
b 82 0 22 312
b 82 1 22 312
b 82 2 22 312
b 82 3 22 312
b 89 0 310 63
b 89 1 310 63
b 89 2 310 63
b 89 3 310 63
b 96 0 74 339
b 96 1 74 339
m 96 81 1 74 339
b 96 2 74 339
b 96 3 74 339
b 99 0 14 334
b 99 2 14 334
b 99 3 14 334
b 100 0 270 322
m 100 85 0 270 322
m 100 107 0 270 322
m 100 114 0 270 322
m 100 181 0 270 322
m 100 187 0 270 322
m 100 212 0 270 322
m 100 226 0 270 322
b 101 0 280 320
m 101 6 0 280 320
b 102 0 362 203
b 110 0 62 313
b 110 1 62 313
b 110 2 62 313
b 110 3 62 313
b 111 0 336 125
b 111 1 336 125
b 111 2 336 125
b 111 3 336 125
b 115 0 222 327
m 115 17 0 222 327
m 115 165 0 222 327
b 116 0 352 253
b 117 0 261 277
b 117 1 261 277
b 117 2 261 277
b 117 3 261 277
b 119 0 362 261
b 131 0 227 309
b 131 1 227 309
b 131 2 227 309
b 131 3 227 309
m 131 46 3 20.0 410.0 0.6316024864077954
b 135 0 341 292
m 135 6 0 341 292
b 148 0 185 296
b 148 1 185 296
b 148 2 185 296
b 148 3 185 296
b 153 0 330 70
b 153 1 330 70
b 153 2 330 70
b 153 3 330 70
b 162 0 244 295
b 162 1 244 295
b 162 2 244 295
b 162 3 244 295
b 163 1 312 176
b 163 2 312 176
b 163 3 312 176
b 164 0 382 85
m 164 90 0 382 85
m 164 143 0 382 85
b 164 2 382 85
b 164 3 382 85
m 164 143 3 17.0 301.0 0.5737258743684983
m 164 90 3 17.0 301.0 0.5737258743684983
b 171 0 323 33
b 171 1 323 33
b 171 2 323 33
b 171 3 323 33
b 176 0 287 277
b 176 1 287 277
m 176 236 1 287 277
b 176 2 287 277
m 176 236 2 287 277
b 176 3 287 277
m 176 236 3 18.166666666666664 346.1666666666667 0.7287129475810297
m 176 116 3 18.166666666666664 346.1666666666667 0.7287129475810297
b 178 1 318 238
b 178 2 318 238
m 178 53 2 318 238
m 178 119 2 318 238
b 178 3 318 238
m 178 119 3 19.0 385.33333333333337 0.8343248158437044
m 178 53 3 19.0 385.33333333333337 0.8343248158437044
b 180 1 305 251
m 180 119 1 305 251
b 180 2 305 251
b 180 3 305 251
b 184 1 198 249
b 190 0 340 296
m 190 6 0 340 296
b 194 0 297 301
m 194 6 0 297 301
b 207 0 319 252
b 207 1 319 252
m 207 53 1 319 252
b 207 2 319 252
b 207 3 319 252
b 214 0 137 301
b 214 1 137 301
b 214 2 137 301
b 214 3 137 301
b 221 0 316 58
b 221 1 316 58
b 221 2 316 58
b 221 3 316 58
b 222 0 383 219
b 223 0 374 110
b 223 1 374 110
b 223 2 374 110
b 223 3 374 110
b 225 0 267 288
b 225 1 267 288
b 225 2 267 288
b 225 3 267 288
b 229 0 374 239
b 236 0 350 269
b 237 1 256 274
b 237 2 256 274
b 237 3 256 274
b 7 0 412 314
m 7 21 0 412 314
m 7 69 0 412 314
m 7 157 0 412 314
m 7 186 0 412 314
m 7 189 0 412 314
m 7 208 0 412 314
m 7 227 0 412 314
b 17 0 214 395
m 17 15 0 214 395
m 17 16 0 214 395
m 17 22 0 214 395
m 17 63 0 214 395
m 17 78 0 214 395
m 17 84 0 214 395
m 17 154 0 214 395
m 17 168 0 214 395
m 17 215 0 214 395
m 17 231 0 214 395
m 17 235 0 214 395
b 23 0 176 373
b 23 1 176 373
b 23 2 176 373
b 23 3 176 373
m 23 212 3 16.285714285714285 283.14285714285717 0.4338263514089439
m 23 78 3 16.285714285714285 283.14285714285717 0.4338263514089439
m 23 235 3 16.285714285714285 283.14285714285717 0.4338263514089439
m 23 17 3 16.285714285714285 283.14285714285717 0.4338263514089439
b 27 1 61 352
m 27 192 1 61 352
b 35 0 200 355
b 35 1 200 355
m 35 16 1 200 355
m 35 17 1 200 355
m 35 154 1 200 355
m 35 165 1 200 355
m 35 212 1 200 355
b 35 2 200 355
m 35 16 2 200 355
m 35 17 2 200 355
m 35 154 2 200 355
m 35 165 2 200 355
m 35 212 2 200 355
b 35 3 200 355
m 35 154 3 18.0 339.4285714285714 0.553279264949219
m 35 165 3 18.0 339.4285714285714 0.553279264949219
b 36 0 374 54
m 36 0 0 374 54
m 36 205 0 374 54
b 36 1 374 54
m 36 0 1 374 54
m 36 90 1 374 54
m 36 143 1 374 54
m 36 205 1 374 54
b 36 2 374 54
b 36 3 374 54
m 36 205 3 18.42857142857143 349.0 0.5763452689066492
m 36 0 3 18.42857142857143 349.0 0.5763452689066492
b 46 0 261 371
b 46 1 261 371
m 46 84 1 261 371
m 46 85 1 261 371
m 46 107 1 261 371
m 46 114 1 261 371
m 46 168 1 261 371
m 46 181 1 261 371
m 46 187 1 261 371
m 46 215 1 261 371
m 46 226 1 261 371
b 46 2 261 371
b 46 3 261 371
m 46 114 3 20.57142857142857 433.7142857142857 0.6669164430908523
m 46 85 3 20.57142857142857 433.7142857142857 0.6669164430908523
m 46 168 3 20.57142857142857 433.7142857142857 0.6669164430908523
m 46 226 3 20.57142857142857 433.7142857142857 0.6669164430908523
m 46 84 3 20.57142857142857 433.7142857142857 0.6669164430908523
m 46 107 3 20.57142857142857 433.7142857142857 0.6669164430908523
m 46 215 3 20.57142857142857 433.7142857142857 0.6669164430908523
m 46 187 3 20.57142857142857 433.7142857142857 0.6669164430908523
b 53 1 387 256
m 53 7 1 387 256
m 53 83 1 387 256
m 53 113 1 387 256
m 53 130 1 387 256
m 53 145 1 387 256
m 53 147 1 387 256
m 53 149 1 387 256
m 53 166 1 387 256
m 53 210 1 387 256
b 53 2 387 256
b 53 3 387 256
m 53 83 3 19.0 381.85714285714283 0.537775819438716
m 53 7 3 19.0 381.85714285714283 0.537775819438716
m 53 113 3 19.0 381.85714285714283 0.537775819438716
m 53 149 3 19.0 381.85714285714283 0.537775819438716
m 53 130 3 19.0 381.85714285714283 0.537775819438716
b 70 1 391 128
m 70 94 1 391 128
b 74 0 414 88
m 74 128 0 414 88
b 74 1 414 88
m 74 128 1 414 88
b 74 2 414 88
m 74 90 2 414 88
m 74 128 2 414 88
m 74 143 2 414 88
m 74 205 2 414 88
b 74 3 414 88
m 74 128 3 17.142857142857142 307.14285714285717 0.39606010915512135
b 75 0 115 352
b 75 1 115 352
b 75 2 115 352
b 75 3 115 352
b 77 0 413 94
b 77 1 413 94
b 77 2 413 94
b 77 3 413 94
b 79 0 387 6
m 79 140 0 387 6
m 79 216 0 387 6
b 79 1 387 6
m 79 140 1 387 6
m 79 216 1 387 6
b 79 2 387 6
m 79 0 2 387 6
m 79 140 2 387 6
m 79 216 2 387 6
b 79 3 387 6
m 79 140 3 16.714285714285715 297.2857142857143 0.06402973521802263
b 81 0 44 390
m 81 25 0 44 390
b 81 1 44 390
m 81 25 1 44 390
b 81 2 44 390
m 81 25 2 44 390
b 81 3 44 390
m 81 192 3 17.999999999999996 368.28571428571433 0.07066288889342176
b 83 0 422 246
m 83 12 0 422 246
m 83 38 0 422 246
m 83 109 0 422 246
b 85 0 325 354
m 85 6 0 325 354
b 90 0 437 37
b 90 3 437 37
m 90 216 3 16.142857142857142 275.2857142857143 0.3956688696659276
b 94 0 454 137
m 94 103 0 454 137
m 94 112 0 454 137
m 94 232 0 454 137
b 94 2 454 137
m 94 103 2 454 137
m 94 112 2 454 137
m 94 232 2 454 137
b 94 3 454 137
m 94 103 3 15.428571428571429 257.42857142857144 0.2500045291015842
b 99 1 13 334
b 100 1 271 322
b 100 2 271 322
m 100 85 2 271 322
m 100 107 2 271 322
m 100 114 2 271 322
m 100 181 2 271 322
m 100 187 2 271 322
m 100 226 2 271 322
m 100 239 2 271 322
b 100 3 271 322
m 100 239 3 18.999999999999996 379.0 0.7882892066940809
m 100 181 3 18.999999999999996 379.0 0.7882892066940809
b 101 1 281 319
m 101 6 1 281 319
b 101 2 281 319
b 101 3 281 319
m 101 6 3 18.166666666666664 346.1666666666667 -1.0
b 102 1 363 204
b 102 2 363 204
m 102 83 2 363 204
m 102 113 2 363 204
b 102 3 363 204
b 105 0 407 96
b 105 1 407 96
b 105 2 407 96
b 105 3 407 96
b 107 0 314 383
m 107 6 0 314 383
b 113 0 414 243
b 114 0 332 355
m 114 6 0 332 355
b 115 1 222 328
b 115 2 222 328
b 115 3 222 328
b 116 1 352 252
b 116 2 352 252
b 116 3 352 252
m 116 147 3 18.142857142857142 343.0 0.6143019592639118
b 119 1 363 260
b 119 2 363 260
m 119 7 2 363 260
m 119 130 2 363 260
m 119 147 2 363 260
b 119 3 363 260
b 126 0 261 364
b 126 1 261 364
b 126 2 261 364
b 126 3 261 364
m 126 16 3 17.857142857142858 347.57142857142856 0.7185820695330021
b 130 0 392 296
m 130 6 0 392 296
b 135 1 341 293
b 135 2 341 293
b 135 3 341 293
m 135 6 3 18.166666666666664 346.1666666666667 -1.0
b 143 0 417 23
b 143 3 417 23
b 145 0 450 233
b 147 0 422 271
b 149 0 417 192
b 149 2 417 192
b 164 1 382 84
b 165 0 226 390
b 166 0 451 253
m 166 161 0 451 253
b 173 0 193 370
b 173 1 193 370
m 173 15 1 193 370
m 173 78 1 193 370
m 173 235 1 193 370
b 173 2 193 370
b 173 3 193 370
m 173 15 3 18.285714285714285 349.1428571428571 0.585070904104028
b 181 0 333 357
m 181 6 0 333 357
b 182 0 115 391
b 182 1 115 391
b 182 2 115 391
b 182 3 115 391
b 187 0 293 366
m 187 6 0 293 366
b 190 1 341 297
m 190 6 1 341 297
b 190 2 341 297
m 190 6 2 341 297
b 190 3 341 297
m 190 6 3 18.166666666666664 346.1666666666667 -1.0
b 191 0 188 356
b 191 1 188 356
b 191 2 188 356
b 191 3 188 356
b 192 0 41 421
m 192 65 0 41 421
b 192 2 41 421
m 192 65 2 41 421
b 193 0 410 148
b 193 1 410 148
b 193 2 410 148
b 193 3 410 148
b 194 1 297 300
m 194 6 1 297 300
b 194 2 297 300
b 194 3 297 300
m 194 6 3 18.166666666666664 346.1666666666667 -1.0
b 210 0 439 236
b 212 0 248 383
b 222 1 384 219
b 222 2 384 219
m 222 145 2 384 219
m 222 166 2 384 219
m 222 210 2 384 219
b 222 3 384 219
m 222 166 3 17.0 299.0 0.6337626853191938
m 222 210 3 17.0 299.0 0.6337626853191938
b 226 0 322 370
m 226 6 0 322 370
b 229 1 373 239
b 229 2 373 239
b 229 3 373 239
b 230 0 364 9
b 230 1 364 9
b 230 2 364 9
b 230 3 364 9
b 236 1 349 268
b 236 2 349 268
b 236 3 349 268
b 239 0 299 356
m 239 6 0 299 356
b 239 1 299 356
m 239 6 1 299 356
b 0 0 419 10
b 0 1 419 10
b 0 2 419 10
b 0 3 419 10
b 7 1 413 314
b 7 2 413 314
b 7 3 413 314
m 7 21 3 18.625 366.125 0.4516568748822035
m 7 69 3 18.625 366.125 0.4516568748822035
m 7 186 3 18.625 366.125 0.4516568748822035
m 7 157 3 18.625 366.125 0.4516568748822035
b 12 0 463 221
b 15 0 190 444
m 15 28 0 190 444
m 15 37 0 190 444
m 15 41 0 190 444
m 15 66 0 190 444
m 15 124 0 190 444
m 15 172 0 190 444
b 15 1 190 444
b 15 3 190 444
m 15 37 3 18.125 341.625 0.5590594175036342
m 15 66 3 18.125 341.625 0.5590594175036342
m 15 124 3 18.125 341.625 0.5590594175036342
m 15 28 3 18.125 341.625 0.5590594175036342
m 15 172 3 18.125 341.625 0.5590594175036342
m 15 41 3 18.125 341.625 0.5590594175036342
b 16 0 225 409
b 16 1 225 409
m 16 22 1 225 409
m 16 28 1 225 409
m 16 63 1 225 409
m 16 124 1 225 409
m 16 231 1 225 409
b 16 2 225 409
m 16 15 2 225 409
m 16 22 2 225 409
m 16 28 2 225 409
m 16 63 2 225 409
m 16 78 2 225 409
m 16 84 2 225 409
m 16 124 2 225 409
m 16 168 2 225 409
m 16 215 2 225 409
m 16 231 2 225 409
m 16 235 2 225 409
b 16 3 225 409
m 16 231 3 18.25 359.25 0.5368456930471655
m 16 63 3 18.25 359.25 0.5368456930471655
b 17 1 214 394
b 17 2 214 394
b 17 3 214 394
m 17 22 3 16.625 292.875 0.5203387757548921
b 21 0 383 348
m 21 6 0 383 348
b 22 0 183 460
m 22 167 0 183 460
b 25 0 40 444
b 25 1 40 444
m 25 65 1 40 444
b 25 2 40 444
b 38 0 489 272
b 63 0 176 452
b 65 0 2 453
b 65 2 2 453
b 69 0 352 353
m 69 6 0 352 353
b 78 0 210 438
b 78 1 210 438
m 78 37 1 210 438
m 78 41 1 210 438
m 78 66 1 210 438
m 78 172 1 210 438
b 78 3 210 438
b 83 1 423 246
b 83 2 423 246
m 83 12 2 423 246
m 83 38 2 423 246
m 83 109 2 423 246
m 83 208 2 423 246
b 83 3 423 246
m 83 109 3 18.875 374.625 0.5153321159501153
m 83 38 3 18.875 374.625 0.5153321159501153
m 83 208 3 18.875 374.625 0.5153321159501153
b 84 0 258 427
m 84 123 0 258 427
m 84 175 0 258 427
b 84 1 258 427
b 84 3 258 427
m 84 175 3 20.375 424.625 0.50159845269397
m 84 123 3 20.375 424.625 0.50159845269397
b 85 1 326 354
m 85 6 1 326 354
b 85 2 326 354
b 85 3 326 354
m 85 6 3 20.57142857142857 433.7142857142857 -1.0
b 90 1 437 38
b 90 2 437 38
b 94 1 453 137
m 94 103 1 453 137
m 94 112 1 453 137
m 94 232 1 453 137
b 103 0 483 185
b 103 2 483 185
b 103 3 483 185
m 103 112 3 14.375 231.375 0.1562833096555153
b 107 1 315 383
m 107 6 1 315 383
b 107 2 315 383
b 107 3 315 383
m 107 6 3 20.57142857142857 433.7142857142857 -1.0
b 109 0 486 280
b 112 0 492 187
b 112 2 492 187
b 113 1 414 242
m 113 12 1 414 242
m 113 208 1 414 242
b 113 2 414 242
b 113 3 414 242
m 113 145 3 18.75 370.25 0.48555718126291314
b 114 1 333 354
m 114 6 1 333 354
b 114 2 333 354
m 114 6 2 333 354
b 114 3 333 354
m 114 6 3 20.57142857142857 433.7142857142857 -1.0
b 128 0 473 110
b 128 1 473 110
b 128 2 473 110
b 128 3 473 110
b 130 1 393 296
b 130 2 393 296
b 130 3 393 296
m 130 6 3 19.0 381.85714285714283 -1.0
b 140 0 448 6
b 140 1 448 6
b 140 2 448 6
b 140 3 448 6
b 143 1 418 24
b 143 2 418 24
b 145 1 450 234
m 145 38 1 450 234
m 145 109 1 450 234
b 145 2 450 234
b 147 1 421 271
b 147 2 421 271
b 147 3 421 271
m 147 12 3 18.125 340.625 0.6181584632389105
b 149 1 417 193
b 149 3 417 193
b 154 0 254 404
b 154 1 254 404
b 154 2 254 404
m 154 175 2 254 404
b 154 3 254 404
b 157 0 480 305
b 161 0 498 301
b 165 1 226 390
b 165 2 226 390
b 165 3 226 390
b 166 1 452 253
m 166 157 1 452 253
m 166 161 1 452 253
b 166 2 452 253
m 166 157 2 452 253
m 166 161 2 452 253
b 166 3 452 253
m 166 161 3 16.75 289.75 0.6033189987945986
b 168 0 276 434
m 168 179 0 276 434
b 168 1 276 434
m 168 123 1 276 434
m 168 175 1 276 434
m 168 179 1 276 434
b 168 3 276 434
m 168 179 3 20.25 420.0 0.4597798007846265
b 181 1 333 356
m 181 6 1 333 356
b 181 2 333 356
b 181 3 333 356
m 181 6 3 18.999999999999996 379.0 -1.0
b 186 0 446 374
m 186 4 0 446 374
m 186 19 0 446 374
m 186 62 0 446 374
m 186 88 0 446 374
m 186 209 0 446 374
b 187 1 293 367
m 187 6 1 293 367
b 187 2 293 367
b 187 3 293 367
m 187 6 3 20.57142857142857 433.7142857142857 -1.0
b 189 0 437 357
b 192 1 40 421
b 192 3 40 421
m 192 25 3 16.249999999999996 324.25000000000006 0.038090037085027284
b 205 0 424 23
b 205 1 424 23
b 205 2 424 23
b 205 3 424 23
b 208 0 462 293
b 210 1 439 235
b 210 2 439 235
b 210 3 439 235
m 210 232 3 16.875 293.625 0.6409543186277804
b 212 1 248 383
b 212 2 248 383
b 212 3 248 383
b 215 0 283 417
m 215 52 0 283 417
b 215 1 283 417
m 215 52 1 283 417
b 215 3 283 417
m 215 52 3 20.25 420.0 0.4597798007846265
b 216 0 459 4
b 216 1 459 4
b 216 2 459 4
b 216 3 459 4
b 226 1 323 370
m 226 6 1 323 370
b 226 2 323 370
m 226 6 2 323 370
b 226 3 323 370
m 226 6 3 20.57142857142857 433.7142857142857 -1.0
b 227 0 368 362
m 227 6 0 368 362
b 231 0 182 462
b 232 0 495 187
b 232 2 495 187
b 235 0 210 435
b 235 1 210 435
b 235 3 210 435
b 239 2 298 356
m 239 6 2 298 356
b 239 3 298 356
m 239 6 3 18.999999999999996 379.0 -1.0
b 4 0 401 421
m 4 24 0 401 421
m 4 104 0 401 421
m 4 121 0 401 421
m 4 136 0 401 421
m 4 138 0 401 421
m 4 156 0 401 421
m 4 170 0 401 421
m 4 213 0 401 421
b 12 1 464 222
b 12 2 464 222
b 12 3 464 222
b 15 2 189 443
b 19 0 410 410
b 21 3 384 349
m 21 6 3 18.625 366.125 -1.0
b 22 1 183 461
m 22 167 1 183 461
b 22 2 183 461
m 22 37 2 183 461
m 22 41 2 183 461
m 22 66 2 183 461
m 22 167 2 183 461
m 22 172 2 183 461
b 22 3 183 461
m 22 167 3 16.22222222222222 279.1111111111111 0.29899563335279106
b 25 3 40 445
m 25 65 3 14.777777777777775 289.2222222222223 0.02641804365544718
b 28 0 207 475
b 28 1 207 475
b 28 2 207 475
b 28 3 207 475
b 37 0 243 497
b 37 1 243 497
b 37 3 243 497
b 38 1 488 272
b 38 2 488 272
b 38 3 488 272
b 41 0 185 473
b 41 1 185 473
b 41 3 185 473
b 52 0 355 417
m 52 6 0 355 417
b 52 1 355 417
m 52 6 1 355 417
b 52 3 355 417
m 52 6 3 20.25 420.0 -1.0
b 62 0 495 403
b 63 1 176 453
b 63 2 176 453
b 63 3 176 453
b 65 1 3 452
b 66 0 226 497
b 66 1 226 497
b 66 3 226 497
b 69 3 353 354
m 69 6 3 18.625 366.125 -1.0
b 78 2 210 439
b 84 2 258 428
b 88 0 437 402
b 103 1 484 184
b 109 1 486 281
b 109 2 486 281
b 109 3 486 281
b 112 1 493 186
b 112 3 493 186
b 123 0 329 418
m 123 6 0 329 418
b 123 1 329 418
m 123 6 1 329 418
b 123 3 329 418
m 123 6 3 20.375 424.625 -1.0
b 124 0 239 474
b 124 1 239 474
b 124 2 239 474
b 124 3 239 474
b 145 3 449 235
b 157 1 479 305
m 157 189 1 479 305
b 157 2 479 305
m 157 189 2 479 305
b 157 3 479 305
m 157 189 3 17.444444444444446 332.55555555555554 0.028759675266293055
b 161 1 499 301
b 161 2 499 301
b 161 3 499 301
b 167 0 124 480
b 168 2 277 435
b 172 0 177 473
b 172 1 177 473
b 172 3 177 473
b 175 0 323 416
m 175 6 0 323 416
b 175 1 323 416
b 175 2 323 416
m 175 6 2 323 416
b 175 3 323 416
m 175 6 3 20.375 424.625 -1.0
b 179 0 344 438
b 179 1 344 438
m 179 4 1 344 438
m 179 19 1 344 438
m 179 24 1 344 438
m 179 104 1 344 438
m 179 136 1 344 438
m 179 138 1 344 438
m 179 156 1 344 438
m 179 170 1 344 438
m 179 209 1 344 438
m 179 213 1 344 438
b 179 3 344 438
m 179 24 3 19.88888888888889 405.44444444444446 0.4414951287816416
m 179 4 3 19.88888888888889 405.44444444444446 0.4414951287816416
m 179 136 3 19.88888888888889 405.44444444444446 0.4414951287816416
m 179 19 3 19.88888888888889 405.44444444444446 0.4414951287816416
m 179 138 3 19.88888888888889 405.44444444444446 0.4414951287816416
b 186 3 445 373
m 186 209 3 17.444444444444446 332.55555555555554 0.028759675266293055
b 208 1 461 294
b 208 2 461 294
b 208 3 461 294
b 209 0 394 419
b 215 2 283 416
m 215 52 2 283 416
m 215 123 2 283 416
m 215 179 2 283 416
b 231 1 181 461
b 231 2 181 461
b 231 3 181 461
b 232 1 495 186
b 232 3 495 186
b 235 2 211 435
b 4 1 400 420
m 4 21 1 400 420
m 4 88 1 400 420
m 4 121 1 400 420
m 4 186 1 400 420
m 4 227 1 400 420
b 4 3 400 420
m 4 121 3 19.7 397.29999999999995 0.4707108454474719
m 4 227 3 19.7 397.29999999999995 0.4707108454474719
m 4 104 3 19.7 397.29999999999995 0.4707108454474719
m 4 213 3 19.7 397.29999999999995 0.4707108454474719
b 19 1 411 410
b 19 3 411 410
m 19 88 3 19.2 381.79999999999995 0.320543247433407
b 24 0 357 478
b 24 1 357 478
b 24 3 357 478
m 24 170 3 19.0 377.0 0.21980458636387384
b 37 2 244 497
b 41 2 186 474
b 52 2 355 418
b 65 3 3 451
b 66 2 226 498
b 104 0 394 487
b 104 1 394 487
b 121 0 437 477
b 123 2 328 417
m 123 6 2 328 417
b 136 0 353 474
b 136 1 353 474
b 136 3 353 474
b 138 0 370 459
b 138 1 370 459
b 138 3 370 459
m 138 156 3 19.299999999999997 384.5 0.3596985918769605
b 156 0 363 392
m 156 6 0 363 392
b 156 1 363 392
m 156 6 1 363 392
b 167 1 123 479
b 167 2 123 479
b 167 3 123 479
b 170 0 387 441
b 170 1 387 441
b 172 2 177 474
b 179 2 343 438
m 179 4 2 343 438
m 179 19 2 343 438
m 179 24 2 343 438
m 179 104 2 343 438
m 179 136 2 343 438
m 179 138 2 343 438
m 179 156 2 343 438
m 179 170 2 343 438
m 179 209 2 343 438
m 179 213 2 343 438
b 189 1 439 357
m 189 62 1 439 357
b 189 2 439 357
m 189 21 2 439 357
m 189 62 2 439 357
m 189 88 2 439 357
m 189 186 2 439 357
m 189 227 2 439 357
b 189 3 439 357
m 189 62 3 16.700000000000003 309.3 0.035202893782030405
b 209 1 393 419
b 209 3 393 419
b 213 0 376 483
b 213 1 376 483
b 4 2 400 419
m 4 121 2 400 419
b 19 2 412 410
b 21 1 386 350
b 21 2 386 350
m 21 6 2 386 350
b 24 2 358 478
b 62 1 497 404
b 62 2 497 404
b 62 3 497 404
b 88 1 436 404
b 88 2 436 404
b 88 3 436 404
b 104 2 394 488
b 104 3 394 488
b 121 1 437 476
b 121 3 437 476
b 136 2 354 474
b 138 2 371 460
b 156 2 362 392
b 156 3 362 392
m 156 6 3 19.299999999999997 384.5 -1.0
b 170 2 387 442
b 170 3 387 442
b 186 1 443 372
b 186 2 443 372
b 209 2 392 420
m 209 69 2 392 420
b 213 2 376 484
b 213 3 376 484
b 227 1 369 359
m 227 6 1 369 359
b 227 2 369 359
b 227 3 369 359
m 227 6 3 19.7 397.29999999999995 -1.0
b 69 2 355 356
b 121 2 436 475
