Key: 
t: node change direction (node id, x, y, new direction)
s: node start location (node id, x, y, start direction, buffer)
m: message transfer (sender id, target id, messageType, sender x, sender y
b: broadcast (node id, message type, x, y)
278 332 60 429
s 0 156 427 8 10
s 1 414 81 345 1
s 2 99 298 129 9
s 3 103 56 148 20
s 4 57 31 258 13
s 5 91 100 306 21
s 6 357 477 328 3
s 7 302 270 197 11
s 8 332 111 313 10
s 9 156 220 72 17
s 10 324 447 59 22
s 11 49 473 199 16
s 12 353 119 3 4
s 13 412 188 33 7
s 14 158 16 50 14
s 15 199 497 265 1
s 16 154 4 42 19
s 17 264 47 35 21
s 18 55 338 55 13
s 19 418 376 227 8
s 20 193 18 289 2
s 21 179 58 153 8
s 22 19 283 63 16
s 23 130 388 121 18
s 24 458 468 334 1
s 25 444 482 150 6
s 26 368 175 95 13
s 27 122 290 270 2
s 28 162 135 303 0
s 29 144 177 249 4
s 30 407 307 304 19
s 31 401 264 106 8
s 32 21 295 93 2
s 33 233 370 64 4
s 34 355 88 308 5
s 35 100 152 110 13
s 36 356 174 109 9
s 37 82 329 174 6
s 38 489 252 159 1
s 39 189 322 99 13
s 40 367 461 10 1
s 41 476 430 157 3
s 42 483 107 223 4
s 43 38 429 144 8
s 44 488 11 4 12
s 45 130 321 309 21
s 46 160 458 109 7
s 47 450 414 161 8
s 48 238 236 77 11
s 49 456 472 284 4
s 50 191 7 267 12
s 51 157 382 305 16
s 52 320 294 40 13
s 53 40 486 172 18
s 54 389 230 180 7
s 55 428 390 153 0
s 56 114 153 297 7
s 57 3 462 224 4
s 58 408 62 104 7
s 59 430 343 15 2
s 60 391 302 248 17
s 61 266 112 144 9
s 62 95 459 142 0
s 63 206 422 129 20
s 64 282 439 222 1
s 65 55 131 154 6
s 66 263 344 344 4
s 67 231 470 352 22
s 68 92 265 215 14
s 69 392 48 175 9
s 70 425 293 11 5
s 71 345 343 342 16
s 72 89 161 223 8
s 73 250 429 124 8
s 74 411 335 125 14
s 75 10 80 17 22
s 76 287 420 189 16
s 77 57 378 79 22
s 78 383 175 93 10
s 79 296 159 54 1
s 80 139 435 108 7
s 81 243 285 318 13
s 82 1 267 303 10
s 83 256 296 207 2
s 84 296 253 213 6
s 85 137 158 268 6
s 86 431 222 159 2
s 87 370 32 206 13
s 88 302 209 31 17
s 89 111 239 301 11
s 90 461 185 202 14
s 91 100 337 40 5
s 92 195 472 48 19
s 93 99 355 309 21
s 94 276 24 328 7
s 95 223 132 188 11
s 96 57 221 66 22
s 97 276 123 101 17
s 98 371 400 61 18
s 99 51 443 298 12
s 100 475 384 56 22
s 101 24 243 279 16
s 102 188 68 188 19
s 103 373 408 53 9
s 104 287 369 118 7
s 105 51 138 150 3
s 106 353 102 283 20
s 107 481 31 178 19
s 108 287 485 45 16
s 109 471 130 279 20
s 110 340 125 299 19
s 111 465 429 135 4
s 112 286 381 21 6
s 113 2 236 299 10
s 114 5 13 293 9
s 115 103 301 341 16
s 116 66 189 122 13
s 117 431 425 155 20
s 118 252 65 70 0
s 119 50 94 63 20
s 120 365 242 280 2
s 121 480 410 355 13
s 122 38 120 165 6
s 123 298 141 249 22
s 124 484 246 136 14
s 125 284 187 256 11
s 126 76 166 312 18
s 127 336 113 139 9
s 128 52 21 353 21
s 129 253 59 67 21
s 130 418 127 252 5
s 131 294 323 44 8
s 132 308 37 288 11
s 133 272 395 165 12
s 134 62 144 50 2
s 135 440 297 240 2
s 136 21 327 289 0
s 137 356 256 265 12
s 138 406 395 27 16
s 139 294 61 315 2
s 140 346 27 300 19
s 141 138 325 5 17
s 142 188 237 285 6
s 143 340 330 292 16
s 144 17 258 42 16
s 145 337 368 106 5
s 146 50 273 44 5
s 147 314 177 163 4
s 148 309 333 174 8
s 149 196 49 168 4
s 150 51 281 139 9
s 151 311 292 100 15
s 152 135 334 133 8
s 153 253 87 299 10
s 154 278 332 345 7
s 155 87 224 218 0
s 156 20 434 310 17
s 157 239 175 194 13
s 158 238 394 310 21
s 159 285 364 238 18
s 160 481 36 107 12
s 161 369 71 43 4
s 162 389 162 299 0
s 163 12 27 150 18
s 164 52 212 79 8
s 165 304 89 25 13
s 166 36 448 254 15
s 167 181 238 39 15
s 168 332 181 295 22
s 169 144 6 142 19
s 170 348 487 252 10
s 171 286 249 348 18
s 172 479 132 154 13
s 173 423 85 306 6
s 174 449 185 157 22
s 175 390 401 269 16
s 176 60 2 241 14
s 177 207 50 291 10
s 178 425 10 308 2
s 179 439 220 217 22
s 180 62 478 96 13
s 181 165 373 331 16
s 182 122 415 269 2
s 183 209 78 245 15
s 184 190 432 188 22
s 185 169 199 350 16
s 186 337 1 78 3
s 187 151 345 220 10
s 188 314 202 228 10
s 189 334 118 145 0
s 190 400 403 288 1
s 191 156 248 165 7
s 192 111 191 112 17
s 193 223 302 333 19
s 194 186 273 284 19
s 195 331 109 121 13
s 196 8 63 190 15
s 197 358 246 259 10
s 198 370 134 206 18
s 199 220 265 162 21
s 200 60 429 272 11
s 201 110 10 70 6
s 202 96 326 70 7
s 203 79 239 77 20
s 204 325 367 119 13
s 205 22 409 100 8
s 206 358 303 154 21
s 207 225 255 274 12
s 208 137 286 116 4
s 209 178 129 78 13
s 210 99 44 69 5
s 211 277 272 200 22
s 212 467 217 26 10
s 213 296 111 68 20
s 214 488 481 220 15
s 215 101 68 50 12
s 216 245 356 15 1
s 217 344 432 10 17
s 218 416 476 261 10
s 219 152 372 293 10
s 220 157 350 97 5
s 221 184 129 191 4
s 222 13 47 215 1
s 223 3 198 312 9
s 224 431 181 265 11
s 225 441 124 209 0
s 226 437 346 341 14
s 227 334 367 267 21
s 228 124 216 187 15
s 229 84 481 307 6
s 230 288 89 348 22
s 231 325 213 57 3
s 232 296 497 156 20
s 233 15 281 208 9
s 234 294 59 25 3
s 235 494 111 23 6
s 236 240 113 340 10
s 237 327 320 245 19
s 238 342 114 172 1
s 239 278 355 171 1
b 154 0 290 329
m 154 7 0 290 329
m 154 52 0 290 329
m 154 66 0 290 329
m 154 71 0 290 329
m 154 81 0 290 329
m 154 83 0 290 329
m 154 104 0 290 329
m 154 112 0 290 329
m 154 131 0 290 329
m 154 143 0 290 329
m 154 145 0 290 329
m 154 148 0 290 329
m 154 151 0 290 329
m 154 159 0 290 329
m 154 193 0 290 329
m 154 204 0 290 329
m 154 211 0 290 329
m 154 216 0 290 329
m 154 227 0 290 329
m 154 237 0 290 329
m 154 239 0 290 329
b 154 1 290 329
m 154 7 1 290 329
m 154 52 1 290 329
m 154 66 1 290 329
m 154 71 1 290 329
m 154 81 1 290 329
m 154 83 1 290 329
m 154 104 1 290 329
m 154 112 1 290 329
m 154 131 1 290 329
m 154 143 1 290 329
m 154 145 1 290 329
m 154 148 1 290 329
m 154 151 1 290 329
m 154 159 1 290 329
m 154 193 1 290 329
m 154 204 1 290 329
m 154 211 1 290 329
m 154 216 1 290 329
m 154 227 1 290 329
m 154 237 1 290 329
m 154 239 1 290 329
b 154 2 290 329
m 154 7 2 290 329
m 154 52 2 290 329
m 154 66 2 290 329
m 154 71 2 290 329
m 154 81 2 290 329
m 154 83 2 290 329
m 154 104 2 290 329
m 154 112 2 290 329
m 154 131 2 290 329
m 154 143 2 290 329
m 154 145 2 290 329
m 154 148 2 290 329
m 154 151 2 290 329
m 154 159 2 290 329
m 154 193 2 290 329
m 154 204 2 290 329
m 154 211 2 290 329
m 154 216 2 290 329
m 154 227 2 290 329
m 154 237 2 290 329
m 154 239 2 290 329
b 154 3 290 329
m 154 7 3 24.0 576.0 1.0
m 154 52 3 24.0 576.0 1.0
m 154 66 3 24.0 576.0 1.0
m 154 71 3 24.0 576.0 1.0
m 154 81 3 24.0 576.0 1.0
m 154 83 3 24.0 576.0 1.0
m 154 104 3 24.0 576.0 1.0
m 154 112 3 24.0 576.0 1.0
m 154 131 3 24.0 576.0 1.0
m 154 143 3 24.0 576.0 1.0
m 154 145 3 24.0 576.0 1.0
m 154 148 3 24.0 576.0 1.0
m 154 151 3 24.0 576.0 1.0
m 154 159 3 24.0 576.0 1.0
m 154 193 3 24.0 576.0 1.0
m 154 204 3 24.0 576.0 1.0
m 154 211 3 24.0 576.0 1.0
m 154 216 3 24.0 576.0 1.0
m 154 227 3 24.0 576.0 1.0
m 154 237 3 24.0 576.0 1.0
m 154 239 3 24.0 576.0 1.0
b 216 0 270 363
m 216 33 0 270 363
m 216 64 0 270 363
m 216 76 0 270 363
m 216 133 0 270 363
m 216 158 0 270 363
b 216 1 270 363
m 216 33 1 270 363
m 216 64 1 270 363
m 216 76 1 270 363
m 216 133 1 270 363
m 216 158 1 270 363
b 216 2 270 363
m 216 33 2 270 363
m 216 64 2 270 363
m 216 76 2 270 363
m 216 133 2 270 363
m 216 158 2 270 363
b 216 3 270 363
m 216 64 3 17.666666666666668 392.3333333333333 0.2
m 216 76 3 17.666666666666668 392.3333333333333 0.2
b 239 0 252 359
m 239 33 0 252 359
m 239 64 0 252 359
m 239 76 0 252 359
m 239 133 0 252 359
m 239 158 0 252 359
b 239 1 252 359
m 239 33 1 252 359
m 239 64 1 252 359
m 239 76 1 252 359
m 239 133 1 252 359
m 239 158 1 252 359
b 239 2 252 359
m 239 33 2 252 359
m 239 64 2 252 359
m 239 76 2 252 359
m 239 133 2 252 359
m 239 158 2 252 359
b 239 3 252 359
m 239 64 3 17.666666666666668 392.3333333333333 0.2
m 239 76 3 17.666666666666668 392.3333333333333 0.2
b 83 0 232 284
m 83 48 0 232 284
m 83 84 0 232 284
m 83 167 0 232 284
m 83 171 0 232 284
m 83 194 0 232 284
m 83 199 0 232 284
m 83 207 0 232 284
b 83 1 232 284
m 83 48 1 232 284
m 83 84 1 232 284
m 83 167 1 232 284
m 83 171 1 232 284
m 83 194 1 232 284
m 83 199 1 232 284
m 83 207 1 232 284
b 83 2 232 284
m 83 48 2 232 284
m 83 84 2 232 284
m 83 167 2 232 284
m 83 171 2 232 284
m 83 194 2 232 284
m 83 199 2 232 284
m 83 207 2 232 284
b 83 3 232 284
m 83 48 3 18.666666666666668 405.3333333333333 0.125
b 66 0 291 336
m 66 158 0 291 336
m 66 206 0 291 336
b 66 1 291 336
b 66 2 291 336
b 66 3 291 336
m 66 158 3 17.333333333333332 389.3333333333333 0.25
b 145 0 329 397
m 145 98 0 329 397
m 145 103 0 329 397
m 145 175 0 329 397
m 145 190 0 329 397
m 145 217 0 329 397
b 145 1 329 397
m 145 98 1 329 397
m 145 103 1 329 397
m 145 175 1 329 397
m 145 190 1 329 397
m 145 217 1 329 397
b 145 2 329 397
m 145 98 2 329 397
m 145 103 2 329 397
m 145 175 2 329 397
m 145 190 2 329 397
m 145 217 2 329 397
b 145 3 329 397
m 145 103 3 18.0 396.0 0.16666666666666666
b 112 0 315 393
m 112 33 0 315 393
m 112 64 0 315 393
m 112 76 0 315 393
m 112 133 0 315 393
m 112 158 0 315 393
b 112 1 315 393
m 112 33 1 315 393
m 112 64 1 315 393
m 112 76 1 315 393
m 112 133 1 315 393
m 112 158 1 315 393
b 112 2 315 393
m 112 33 2 315 393
m 112 64 2 315 393
m 112 76 2 315 393
m 112 133 2 315 393
m 112 158 2 315 393
b 112 3 315 393
m 112 33 3 17.666666666666668 392.3333333333333 0.2
m 112 76 3 17.666666666666668 392.3333333333333 0.2
b 104 0 272 398
m 104 33 0 272 398
m 104 64 0 272 398
m 104 73 0 272 398
m 104 76 0 272 398
m 104 133 0 272 398
m 104 158 0 272 398
b 104 1 272 398
m 104 33 1 272 398
m 104 64 1 272 398
m 104 73 1 272 398
m 104 76 1 272 398
m 104 133 1 272 398
m 104 158 1 272 398
b 104 2 272 398
b 104 3 272 398
m 104 158 3 18.0 396.0 0.16666666666666666
m 104 133 3 18.0 396.0 0.16666666666666666
b 131 0 318 346
m 131 206 0 318 346
b 131 1 318 346
m 131 206 1 318 346
b 131 2 318 346
b 131 3 318 346
m 131 206 3 16.666666666666668 385.3333333333333 0.5
b 148 0 277 337
m 148 158 0 277 337
m 148 206 0 277 337
b 148 1 277 337
m 148 158 1 277 337
m 148 206 1 277 337
b 148 2 277 337
b 148 3 277 337
m 148 158 3 17.333333333333332 389.3333333333333 0.25
b 7 0 267 260
m 7 48 0 267 260
m 7 84 0 267 260
m 7 171 0 267 260
m 7 207 0 267 260
b 7 1 267 260
m 7 48 1 267 260
m 7 84 1 267 260
m 7 171 1 267 260
m 7 207 1 267 260
b 7 2 267 260
m 7 48 2 267 260
m 7 84 2 267 260
m 7 171 2 267 260
m 7 207 2 267 260
b 7 3 267 260
m 7 48 3 18.0 396.0 0.16666666666666666
b 52 0 349 318
m 52 60 0 349 318
m 52 171 0 349 318
m 52 206 0 349 318
b 52 1 349 318
b 52 2 349 318
b 52 3 349 318
m 52 60 3 18.0 396.0 0.16666666666666666
b 81 0 272 260
m 81 48 0 272 260
m 81 84 0 272 260
m 81 167 0 272 260
m 81 171 0 272 260
m 81 194 0 272 260
m 81 199 0 272 260
m 81 207 0 272 260
b 81 1 272 260
m 81 48 1 272 260
m 81 84 1 272 260
m 81 167 1 272 260
m 81 171 1 272 260
m 81 194 1 272 260
m 81 199 1 272 260
m 81 207 1 272 260
b 81 2 272 260
b 81 3 272 260
m 81 48 3 18.333333333333332 400.3333333333333 0.14285714285714285
b 204 0 307 400
m 204 217 0 307 400
b 204 1 307 400
b 204 2 307 400
b 204 3 307 400
m 204 217 3 17.333333333333332 389.3333333333333 0.25
b 64 0 253 413
m 64 67 0 253 413
m 64 73 0 253 413
m 64 232 0 253 413
b 64 1 253 413
m 64 67 1 253 413
m 64 73 1 253 413
m 64 232 1 253 413
b 64 2 253 413
m 64 67 2 253 413
m 64 73 2 253 413
m 64 232 2 253 413
b 64 3 253 413
m 64 33 3 14.75 303.25 0.24628646681544925
m 64 232 3 14.75 303.25 0.24628646681544925
b 151 0 304 331
b 151 1 304 331
m 151 206 1 304 331
b 151 2 304 331
m 151 206 2 304 331
b 151 3 304 331
m 151 206 3 16.333333333333332 384.3333333333333 1.0
b 71 0 384 330
m 71 19 0 384 330
m 71 30 0 384 330
m 71 31 0 384 330
m 71 60 0 384 330
m 71 74 0 384 330
m 71 175 0 384 330
m 71 190 0 384 330
b 71 1 384 330
m 71 19 1 384 330
m 71 30 1 384 330
m 71 31 1 384 330
m 71 60 1 384 330
m 71 74 1 384 330
m 71 175 1 384 330
m 71 190 1 384 330
m 71 206 1 384 330
b 71 2 384 330
m 71 19 2 384 330
m 71 30 2 384 330
m 71 31 2 384 330
m 71 60 2 384 330
m 71 74 2 384 330
m 71 175 2 384 330
m 71 190 2 384 330
m 71 206 2 384 330
b 71 3 384 330
m 71 19 3 18.666666666666668 405.3333333333333 0.125
m 71 30 3 18.666666666666668 405.3333333333333 0.125
b 143 0 356 292
m 143 31 0 356 292
m 143 60 0 356 292
m 143 231 0 356 292
b 143 1 356 292
m 143 31 1 356 292
m 143 60 1 356 292
m 143 206 1 356 292
m 143 231 1 356 292
b 143 2 356 292
m 143 31 2 356 292
m 143 60 2 356 292
m 143 206 2 356 292
m 143 231 2 356 292
b 143 3 356 292
b 33 0 251 408
m 33 0 0 251 408
m 33 67 0 251 408
m 33 73 0 251 408
b 33 1 251 408
m 33 0 1 251 408
m 33 67 1 251 408
m 33 73 1 251 408
b 33 2 251 408
b 159 0 262 328
b 159 1 262 328
b 159 2 262 328
m 159 206 2 262 328
b 159 3 262 328
m 159 206 3 16.333333333333332 384.3333333333333 1.0
b 190 0 413 362
m 190 19 0 413 362
m 190 47 0 413 362
m 190 55 0 413 362
m 190 59 0 413 362
m 190 74 0 413 362
m 190 117 0 413 362
m 190 138 0 413 362
m 190 226 0 413 362
b 190 1 413 362
b 190 2 413 362
m 190 19 2 413 362
m 190 47 2 413 362
m 190 55 2 413 362
m 190 59 2 413 362
m 190 74 2 413 362
m 190 117 2 413 362
m 190 138 2 413 362
m 190 226 2 413 362
b 193 0 262 282
b 193 1 262 282
b 193 2 262 282
b 193 3 262 282
m 193 194 3 17.666666666666668 392.3333333333333 0.2
b 237 0 308 280
m 237 54 0 308 280
m 237 60 0 308 280
m 237 88 0 308 280
m 237 231 0 308 280
b 237 1 308 280
m 237 54 1 308 280
m 237 60 1 308 280
m 237 88 1 308 280
m 237 231 1 308 280
b 237 2 308 280
b 237 3 308 280
m 237 88 3 18.0 396.0 0.16666666666666666
m 237 54 3 18.0 396.0 0.16666666666666666
b 84 0 259 229
m 84 79 0 259 229
m 84 88 0 259 229
m 84 147 0 259 229
m 84 188 0 259 229
b 84 1 259 229
m 84 79 1 259 229
m 84 88 1 259 229
m 84 147 1 259 229
m 84 188 1 259 229
b 84 2 259 229
b 227 0 331 321
b 227 1 331 321
b 227 2 331 321
b 227 3 331 321
b 33 3 253 413
m 33 0 3 14.25 298.25 0.16506212149591054
b 211 0 232 256
m 211 142 0 232 256
b 211 1 232 256
m 211 142 1 232 256
b 211 2 232 256
b 211 3 232 256
m 211 142 3 18.0 396.0 0.16666666666666666
m 211 199 3 18.0 396.0 0.16666666666666666
b 48 0 249 285
b 48 1 249 285
b 48 2 249 285
b 48 3 249 285
b 133 0 224 408
m 133 0 0 224 408
m 133 15 0 224 408
m 133 63 0 224 408
b 133 1 224 408
m 133 0 1 224 408
m 133 15 1 224 408
m 133 63 1 224 408
b 133 2 224 408
b 103 0 404 448
m 103 6 0 404 448
m 103 10 0 404 448
m 103 25 0 404 448
m 103 40 0 404 448
m 103 41 0 404 448
m 103 47 0 404 448
m 103 55 0 404 448
m 103 111 0 404 448
m 103 117 0 404 448
m 103 138 0 404 448
m 103 170 0 404 448
m 103 218 0 404 448
b 103 1 404 448
m 103 6 1 404 448
m 103 10 1 404 448
m 103 25 1 404 448
m 103 40 1 404 448
m 103 41 1 404 448
m 103 47 1 404 448
m 103 55 1 404 448
m 103 111 1 404 448
m 103 117 1 404 448
m 103 138 1 404 448
m 103 170 1 404 448
m 103 218 1 404 448
b 103 2 404 448
b 103 3 404 448
m 103 6 3 17.5 361.0 0.27491496598639453
m 103 170 3 17.5 361.0 0.27491496598639453
m 103 10 3 17.5 361.0 0.27491496598639453
b 207 0 229 205
m 207 97 0 229 205
m 207 142 0 229 205
m 207 147 0 229 205
m 207 157 0 229 205
m 207 185 0 229 205
m 207 188 0 229 205
m 207 209 0 229 205
b 207 1 229 205
m 207 97 1 229 205
m 207 142 1 229 205
m 207 147 1 229 205
m 207 157 1 229 205
m 207 185 1 229 205
m 207 188 1 229 205
m 207 209 1 229 205
b 207 2 229 205
m 207 97 2 229 205
m 207 142 2 229 205
m 207 147 2 229 205
m 207 157 2 229 205
m 207 185 2 229 205
m 207 188 2 229 205
m 207 209 2 229 205
b 73 0 221 472
m 73 0 0 221 472
m 73 15 0 221 472
m 73 63 0 221 472
m 73 92 0 221 472
b 73 1 221 472
m 73 0 1 221 472
m 73 15 1 221 472
m 73 63 1 221 472
m 73 92 1 221 472
b 76 0 233 411
m 76 15 0 233 411
b 76 1 233 411
b 76 2 233 411
m 76 0 2 233 411
m 76 15 2 233 411
b 76 3 233 411
m 76 0 3 14.5 300.5 0.21398944655785979
m 76 67 3 14.5 300.5 0.21398944655785979
b 167 0 223 272
m 167 9 0 223 272
m 167 45 0 223 272
m 167 141 0 223 272
b 167 1 223 272
m 167 9 1 223 272
m 167 45 1 223 272
m 167 141 1 223 272
b 167 2 223 272
b 55 0 379 415
m 55 6 0 379 415
m 55 40 0 379 415
m 55 41 0 379 415
m 55 111 0 379 415
m 55 170 0 379 415
m 55 218 0 379 415
b 55 2 379 415
m 55 6 2 379 415
m 55 40 2 379 415
m 55 41 2 379 415
m 55 111 2 379 415
m 55 170 2 379 415
m 55 218 2 379 415
b 133 3 218 410
m 133 0 3 15.25 309.25 0.20218579234972678
m 133 67 3 15.25 309.25 0.20218579234972678
b 231 0 355 260
m 231 26 0 355 260
m 231 36 0 355 260
m 231 78 0 355 260
m 231 86 0 355 260
m 231 120 0 355 260
m 231 135 0 355 260
m 231 137 0 355 260
m 231 197 0 355 260
b 231 1 355 260
m 231 26 1 355 260
m 231 36 1 355 260
m 231 78 1 355 260
m 231 86 1 355 260
m 231 120 1 355 260
m 231 135 1 355 260
m 231 137 1 355 260
m 231 197 1 355 260
b 231 2 355 260
m 231 26 2 355 260
m 231 36 2 355 260
m 231 54 2 355 260
m 231 78 2 355 260
m 231 86 2 355 260
m 231 88 2 355 260
m 231 120 2 355 260
m 231 135 2 355 260
m 231 137 2 355 260
m 231 197 2 355 260
b 59 0 485 358
m 59 70 0 485 358
m 59 100 0 485 358
m 59 121 0 485 358
b 59 2 485 358
m 59 70 2 485 358
m 59 100 2 485 358
m 59 121 2 485 358
b 171 0 342 238
m 171 26 0 342 238
m 171 36 0 342 238
m 171 78 0 342 238
m 171 86 0 342 238
m 171 120 0 342 238
m 171 137 0 342 238
m 171 197 0 342 238
b 171 1 342 238
m 171 26 1 342 238
m 171 36 1 342 238
m 171 78 1 342 238
m 171 86 1 342 238
m 171 120 1 342 238
m 171 137 1 342 238
m 171 197 1 342 238
b 171 2 342 238
m 171 26 2 342 238
m 171 36 2 342 238
m 171 54 2 342 238
m 171 78 2 342 238
m 171 79 2 342 238
m 171 86 2 342 238
m 171 88 2 342 238
m 171 120 2 342 238
m 171 137 2 342 238
m 171 197 2 342 238
b 79 0 330 206
m 79 26 0 330 206
m 79 36 0 330 206
m 79 78 0 330 206
m 79 97 0 330 206
m 79 120 0 330 206
m 79 127 0 330 206
m 79 137 0 330 206
m 79 168 0 330 206
m 79 189 0 330 206
m 79 195 0 330 206
m 79 197 0 330 206
m 79 213 0 330 206
b 79 1 330 206
m 79 26 1 330 206
m 79 36 1 330 206
m 79 78 1 330 206
m 79 97 1 330 206
m 79 120 1 330 206
m 79 127 1 330 206
m 79 137 1 330 206
m 79 168 1 330 206
m 79 189 1 330 206
m 79 195 1 330 206
m 79 197 1 330 206
m 79 213 1 330 206
b 175 0 389 343
b 175 1 389 343
b 175 2 389 343
b 194 0 200 217
m 194 9 0 200 217
m 194 45 0 200 217
m 194 89 0 200 217
m 194 142 0 200 217
m 194 185 0 200 217
m 194 209 0 200 217
b 194 1 200 217
b 194 2 200 217
m 194 9 2 200 217
m 194 45 2 200 217
m 194 89 2 200 217
m 194 142 2 200 217
m 194 185 2 200 217
m 194 209 2 200 217
b 73 2 217 478
m 73 0 2 217 478
m 73 15 2 217 478
m 73 63 2 217 478
m 73 92 2 217 478
b 158 0 276 348
m 158 181 0 276 348
b 158 1 276 348
m 158 181 1 276 348
b 158 2 276 348
m 158 181 2 276 348
b 217 0 402 442
m 217 6 0 402 442
m 217 10 0 402 442
m 217 40 0 402 442
m 217 41 0 402 442
m 217 111 0 402 442
m 217 170 0 402 442
m 217 218 0 402 442
b 217 1 402 442
b 217 2 402 442
m 217 6 2 402 442
m 217 10 2 402 442
m 217 40 2 402 442
m 217 41 2 402 442
m 217 111 2 402 442
m 217 170 2 402 442
m 217 218 2 402 442
b 98 0 400 453
m 98 6 0 400 453
m 98 40 0 400 453
m 98 41 0 400 453
m 98 111 0 400 453
m 98 170 0 400 453
m 98 214 0 400 453
m 98 218 0 400 453
b 98 1 400 453
m 98 6 1 400 453
m 98 40 1 400 453
m 98 41 1 400 453
m 98 47 1 400 453
m 98 55 1 400 453
m 98 111 1 400 453
m 98 117 1 400 453
m 98 138 1 400 453
m 98 170 1 400 453
m 98 214 1 400 453
m 98 218 1 400 453
b 98 2 400 453
m 98 6 2 400 453
m 98 40 2 400 453
m 98 41 2 400 453
m 98 111 2 400 453
m 98 170 2 400 453
m 98 214 2 400 453
m 98 218 2 400 453
b 199 0 163 283
m 199 9 0 163 283
m 199 27 0 163 283
m 199 45 0 163 283
m 199 51 0 163 283
m 199 93 0 163 283
m 199 115 0 163 283
m 199 141 0 163 283
m 199 187 0 163 283
m 199 191 0 163 283
m 199 219 0 163 283
b 199 1 163 283
m 199 9 1 163 283
m 199 27 1 163 283
m 199 45 1 163 283
m 199 51 1 163 283
m 199 93 1 163 283
m 199 115 1 163 283
m 199 141 1 163 283
m 199 187 1 163 283
m 199 191 1 163 283
m 199 219 1 163 283
b 199 2 163 283
b 19 0 376 332
b 19 1 376 332
b 19 2 376 332
b 19 3 376 332
m 19 31 3 15.25 310.25 0.06322781232334648
b 31 0 384 322
m 31 38 0 384 322
m 31 86 0 384 322
m 31 124 0 384 322
m 31 135 0 384 322
b 31 1 384 322
m 31 38 1 384 322
m 31 86 1 384 322
m 31 124 1 384 322
m 31 135 1 384 322
b 31 2 384 322
m 31 38 2 384 322
m 31 86 2 384 322
m 31 124 2 384 322
m 31 135 2 384 322
b 147 0 256 195
m 147 61 0 256 195
m 147 97 0 256 195
m 147 125 0 256 195
m 147 127 0 256 195
m 147 185 0 256 195
m 147 189 0 256 195
m 147 195 0 256 195
m 147 213 0 256 195
m 147 238 0 256 195
b 147 1 256 195
m 147 61 1 256 195
m 147 97 1 256 195
m 147 125 1 256 195
m 147 127 1 256 195
m 147 185 1 256 195
m 147 189 1 256 195
m 147 195 1 256 195
m 147 213 1 256 195
m 147 238 1 256 195
b 158 3 278 346
m 158 181 3 13.25 292.25 1.0
b 206 0 303 330
b 15 0 194 435
m 15 46 0 194 435
m 15 92 0 194 435
m 15 184 0 194 435
b 15 1 194 435
b 47 0 391 435
m 47 214 0 391 435
b 47 2 391 435
b 54 0 326 230
m 54 26 0 326 230
m 54 36 0 326 230
m 54 78 0 326 230
m 54 86 0 326 230
m 54 120 0 326 230
m 54 137 0 326 230
m 54 179 0 326 230
m 54 197 0 326 230
m 54 213 0 326 230
b 54 1 326 230
b 54 3 326 230
m 54 213 3 16.75 339.25 0.2628068448963971
m 54 78 3 16.75 339.25 0.2628068448963971
m 54 197 3 16.75 339.25 0.2628068448963971
b 55 1 372 419
b 0 0 219 436
m 0 184 0 219 436
b 0 1 219 436
b 40 0 430 472
m 40 49 0 430 472
m 40 121 0 430 472
m 40 214 0 430 472
b 40 1 430 472
m 40 49 1 430 472
m 40 121 1 430 472
m 40 214 1 430 472
b 142 0 205 174
m 142 61 0 205 174
m 142 89 0 205 174
b 142 1 205 174
m 142 61 1 205 174
m 142 89 1 205 174
b 142 3 205 174
m 142 89 3 16.0 322.0 0.2422619047619048
b 6 0 413 442
m 6 49 0 413 442
m 6 121 0 413 442
m 6 214 0 413 442
b 6 1 413 442
m 6 49 1 413 442
m 6 121 1 413 442
m 6 214 1 413 442
b 6 3 413 442
m 6 41 3 16.8 328.0 0.2533249849464982
m 6 49 3 16.8 328.0 0.2533249849464982
m 6 47 3 16.8 328.0 0.2533249849464982
b 41 0 416 456
m 41 24 0 416 456
m 41 49 0 416 456
m 41 100 0 416 456
m 41 121 0 416 456
m 41 214 0 416 456
b 41 1 416 456
m 41 24 1 416 456
m 41 49 1 416 456
m 41 100 1 416 456
m 41 121 1 416 456
m 41 214 1 416 456
b 206 1 299 332
b 206 3 299 332
b 15 2 193 431
b 60 0 366 240
m 60 26 0 366 240
m 60 36 0 366 240
m 60 78 0 366 240
m 60 86 0 366 240
m 60 120 0 366 240
m 60 135 0 366 240
m 60 137 0 366 240
m 60 174 0 366 240
m 60 179 0 366 240
m 60 197 0 366 240
b 60 3 366 240
m 60 26 3 17.25 353.25 0.27149758454106276
m 60 31 3 17.25 353.25 0.27149758454106276
m 60 120 3 17.25 353.25 0.27149758454106276
m 60 179 3 17.25 353.25 0.27149758454106276
b 74 0 372 390
b 74 1 372 390
b 74 2 372 390
b 111 0 418 476
m 111 49 0 418 476
m 111 121 0 418 476
m 111 214 0 418 476
b 111 1 418 476
m 111 49 1 418 476
m 111 121 1 418 476
m 111 214 1 418 476
b 147 2 250 196
m 147 61 2 250 196
m 147 79 2 250 196
m 147 125 2 250 196
m 147 127 2 250 196
m 147 189 2 250 196
m 147 195 2 250 196
m 147 213 2 250 196
b 188 0 270 152
m 188 61 0 270 152
m 188 118 0 270 152
m 188 125 0 270 152
m 188 127 0 270 152
m 188 129 0 270 152
m 188 189 0 270 152
m 188 195 0 270 152
m 188 213 0 270 152
m 188 236 0 270 152
m 188 238 0 270 152
b 188 1 270 152
m 188 61 1 270 152
m 188 118 1 270 152
m 188 125 1 270 152
m 188 127 1 270 152
m 188 129 1 270 152
m 188 189 1 270 152
m 188 195 1 270 152
m 188 213 1 270 152
m 188 236 1 270 152
m 188 238 1 270 152
b 217 3 410 444
m 217 41 3 16.5 341.0 0.4345451442225636
m 217 47 3 16.5 341.0 0.4345451442225636
m 217 74 3 16.5 341.0 0.4345451442225636
m 217 98 3 16.5 341.0 0.4345451442225636
m 217 138 3 16.5 341.0 0.4345451442225636
m 217 111 3 16.5 341.0 0.4345451442225636
b 40 2 434 472
m 40 25 2 434 472
m 40 49 2 434 472
m 40 121 2 434 472
m 40 214 2 434 472
b 0 3 224 437
m 0 15 3 12.6 245.79999999999998 0.22793370421414388
b 25 0 442 476
m 25 214 0 442 476
b 25 1 442 476
m 25 121 1 442 476
m 25 214 1 442 476
b 142 2 206 170
b 226 0 495 326
b 226 2 495 326
b 6 2 416 440
m 6 25 2 416 440
m 6 49 2 416 440
m 6 214 2 416 440
b 41 2 412 458
b 60 1 365 238
m 60 174 1 365 238
m 60 179 1 365 238
b 60 2 365 238
b 79 2 337 216
b 86 0 366 247
m 86 38 0 366 247
m 86 174 0 366 247
m 86 179 0 366 247
b 86 1 366 247
m 86 38 1 366 247
m 86 174 1 366 247
m 86 179 1 366 247
b 86 2 366 247
m 86 38 2 366 247
m 86 174 2 366 247
m 86 179 2 366 247
b 120 0 378 173
m 120 12 0 378 173
m 120 58 0 378 173
m 120 90 0 378 173
m 120 165 0 378 173
m 120 172 0 378 173
m 120 174 0 378 173
m 120 179 0 378 173
b 120 1 378 173
m 120 12 1 378 173
m 120 58 1 378 173
m 120 90 1 378 173
m 120 165 1 378 173
m 120 172 1 378 173
m 120 174 1 378 173
m 120 179 1 378 173
b 120 2 378 173
m 120 12 2 378 173
m 120 58 2 378 173
m 120 90 2 378 173
m 120 165 2 378 173
m 120 168 2 378 173
m 120 172 2 378 173
m 120 174 2 378 173
m 120 179 2 378 173
m 120 213 2 378 173
b 135 0 405 237
m 135 13 0 405 237
m 135 38 0 405 237
m 135 124 0 405 237
m 135 174 0 405 237
b 135 1 405 237
m 135 13 1 405 237
m 135 38 1 405 237
m 135 124 1 405 237
m 135 174 1 405 237
b 135 2 405 237
b 189 0 277 158
m 189 61 0 277 158
m 189 118 0 277 158
m 189 125 0 277 158
m 189 129 0 277 158
m 189 198 0 277 158
m 189 236 0 277 158
m 189 238 0 277 158
b 189 1 277 158
m 189 61 1 277 158
m 189 118 1 277 158
m 189 125 1 277 158
m 189 129 1 277 158
m 189 198 1 277 158
m 189 236 1 277 158
m 189 238 1 277 158
b 47 1 383 438
m 47 214 1 383 438
b 111 2 415 479
m 111 25 2 415 479
b 138 0 470 427
m 138 24 0 470 427
m 138 49 0 470 427
b 138 2 470 427
m 138 24 2 470 427
m 138 25 2 470 427
m 138 49 2 470 427
b 232 0 237 460
m 232 108 0 237 460
b 232 1 237 460
m 232 108 1 237 460
b 232 2 237 460
b 232 3 237 460
m 232 73 3 12.600000000000001 245.79999999999998 0.1430014390756865
b 30 0 447 247
m 30 13 0 447 247
m 30 38 0 447 247
m 30 124 0 447 247
m 30 174 0 447 247
b 30 1 447 247
m 30 13 1 447 247
m 30 38 1 447 247
m 30 70 1 447 247
m 30 124 1 447 247
m 30 174 1 447 247
b 30 2 447 247
b 30 3 447 247
m 30 13 3 16.25 324.25 0.14833185971117005
m 30 86 3 16.25 324.25 0.14833185971117005
b 67 0 303 459
m 67 108 0 303 459
b 67 1 303 459
m 67 108 1 303 459
b 67 2 303 459
m 67 108 2 303 459
b 88 0 364 247
m 88 174 0 364 247
m 88 179 0 364 247
b 88 1 364 247
m 88 174 1 364 247
m 88 179 1 364 247
b 88 3 364 247
m 88 120 3 16.75 339.25 0.2628068448963971
m 88 197 3 16.75 339.25 0.2628068448963971
m 88 179 3 16.75 339.25 0.2628068448963971
m 88 137 3 16.75 339.25 0.2628068448963971
b 170 0 325 417
m 170 108 0 325 417
b 170 1 325 417
m 170 108 1 325 417
b 170 3 325 417
m 170 47 3 15.0 293.8 0.2
m 170 117 3 15.0 293.8 0.2
b 188 2 265 148
b 206 2 293 335
b 218 0 405 403
b 218 1 405 403
b 27 0 122 216
m 27 35 0 122 216
m 27 134 0 122 216
m 27 192 0 122 216
b 27 1 122 216
m 27 35 1 122 216
m 27 89 1 122 216
m 27 134 1 122 216
m 27 192 1 122 216
b 38 0 420 279
m 38 13 0 420 279
b 38 1 420 279
m 38 13 1 420 279
m 38 70 1 420 279
b 38 2 420 279
b 70 0 497 307
b 70 2 497 307
b 238 0 269 125
m 238 17 0 269 125
m 238 118 0 269 125
m 238 123 0 269 125
m 238 129 0 269 125
m 238 198 0 269 125
m 238 236 0 269 125
b 238 1 269 125
m 238 17 1 269 125
m 238 118 1 269 125
m 238 123 1 269 125
m 238 129 1 269 125
m 238 198 1 269 125
m 238 236 1 269 125
b 54 2 314 230
b 117 0 363 456
m 117 108 0 363 456
b 117 2 363 456
b 194 3 204 201
m 194 9 3 16.25 330.25 0.3240715393740305
m 194 89 3 16.25 330.25 0.3240715393740305
m 194 167 3 16.25 330.25 0.3240715393740305
b 0 2 231 438
b 157 0 166 156
m 157 56 0 166 156
m 157 95 0 166 156
m 157 215 0 166 156
b 157 1 166 156
b 157 2 166 156
b 209 0 194 203
b 209 1 194 203
b 209 2 194 203
m 209 61 2 194 203
b 36 0 331 247
b 36 1 331 247
b 36 2 331 247
b 170 2 324 413
b 218 2 404 399
b 78 0 379 253
b 78 1 379 253
m 78 174 1 379 253
m 78 179 1 379 253
b 78 2 379 253
m 78 174 2 379 253
m 78 179 2 379 253
b 197 0 344 170
m 197 90 0 344 170
b 197 1 344 170
m 197 90 1 344 170
m 197 174 1 344 170
m 197 179 1 344 170
b 197 2 344 170
m 197 90 2 344 170
m 197 174 2 344 170
m 197 179 2 344 170
b 24 0 489 415
b 24 1 489 415
m 24 59 1 489 415
b 118 0 280 140
m 118 17 0 280 140
m 118 123 0 280 140
m 118 198 0 280 140
b 118 1 280 140
b 127 0 276 165
m 127 198 0 276 165
b 127 1 276 165
b 138 1 477 431
m 138 59 1 477 431
b 185 0 247 186
b 185 1 247 186
b 185 2 247 186
b 189 2 269 164
m 189 118 2 269 164
m 189 129 2 269 164
m 189 198 2 269 164
m 189 236 2 269 164
m 189 238 2 269 164
b 191 0 80 268
m 191 35 0 80 268
m 191 68 0 80 268
m 191 96 0 80 268
m 191 116 0 80 268
m 191 136 0 80 268
m 191 144 0 80 268
m 191 146 0 80 268
m 191 164 0 80 268
m 191 192 0 80 268
m 191 203 0 80 268
b 191 1 80 268
m 191 35 1 80 268
m 191 68 1 80 268
m 191 96 1 80 268
m 191 116 1 80 268
m 191 136 1 80 268
m 191 144 1 80 268
m 191 146 1 80 268
m 191 164 1 80 268
m 191 192 1 80 268
m 191 203 1 80 268
b 49 0 475 394
b 49 1 475 394
m 49 59 1 475 394
b 97 0 261 202
b 97 1 261 202
b 97 2 261 202
m 97 118 2 261 202
m 97 238 2 261 202
b 137 0 349 176
m 137 90 0 349 176
m 137 172 0 349 176
b 137 1 349 176
b 137 2 349 176
b 199 3 144 290
m 199 27 3 17.0 346.0 0.26750700280112044
m 199 191 3 17.0 346.0 0.26750700280112044
m 199 51 3 17.0 346.0 0.26750700280112044
b 26 0 361 255
b 26 1 361 255
m 26 174 1 361 255
b 26 2 361 255
m 26 174 2 361 255
b 31 3 378 342
m 31 231 3 13.2 253.2 0.0670273264691254
b 41 3 402 462
m 41 55 3 15.333333333333334 284.0 0.08731316892017023
b 89 0 153 169
m 89 95 0 153 169
m 89 119 0 153 169
m 89 134 0 153 169
m 89 210 0 153 169
m 89 215 0 153 169
m 89 221 0 153 169
b 89 2 153 169
b 120 3 379 162
m 120 58 3 16.400000000000002 316.40000000000003 0.24879622777952579
m 120 12 3 16.400000000000002 316.40000000000003 0.24879622777952579
m 120 90 3 16.400000000000002 316.40000000000003 0.24879622777952579
b 15 3 192 416
m 15 39 3 12.0 218.33333333333334 0.3146957760154968
m 15 184 3 12.0 218.33333333333334 0.3146957760154968
m 15 73 3 12.0 218.33333333333334 0.3146957760154968
b 46 0 166 465
m 46 80 0 166 465
m 46 180 0 166 465
m 46 220 0 166 465
m 46 229 0 166 465
b 49 3 476 392
m 49 24 3 15.0 279.3333333333333 0.16666666666666666
b 61 0 199 160
m 61 95 0 199 160
m 61 215 0 199 160
b 61 1 199 160
b 63 0 154 486
m 63 23 0 154 486
m 63 80 0 154 486
m 63 180 0 154 486
m 63 220 0 154 486
m 63 229 0 154 486
b 63 1 154 486
m 63 23 1 154 486
m 63 46 1 154 486
m 63 80 1 154 486
m 63 180 1 154 486
m 63 184 1 154 486
m 63 220 1 154 486
m 63 229 1 154 486
b 121 0 450 450
b 121 2 450 450
b 187 0 88 293
m 187 22 0 88 293
m 187 96 0 88 293
m 187 136 0 88 293
m 187 144 0 88 293
m 187 146 0 88 293
m 187 164 0 88 293
m 187 182 0 88 293
m 187 192 0 88 293
m 187 203 0 88 293
m 187 208 0 88 293
b 187 1 88 293
m 187 22 1 88 293
m 187 96 1 88 293
m 187 136 1 88 293
m 187 144 1 88 293
m 187 146 1 88 293
m 187 164 1 88 293
m 187 182 1 88 293
m 187 192 1 88 293
m 187 203 1 88 293
m 187 208 1 88 293
b 219 0 184 297
m 219 182 0 184 297
b 219 1 184 297
m 219 182 1 184 297
b 9 0 182 299
b 9 1 182 299
b 92 0 178 475
m 92 80 0 178 475
b 92 1 178 475
b 111 3 406 487
m 111 214 3 14.2 277.8 0.2
m 111 117 3 14.2 277.8 0.2
b 117 1 355 460
b 141 0 221 333
m 141 39 0 221 333
b 141 1 221 333
m 141 39 1 221 333
b 195 0 288 181
b 195 1 288 181
b 24 2 487 410
b 49 2 476 390
b 125 0 263 106
m 125 17 0 263 106
m 125 123 0 263 106
b 125 1 263 106
m 125 17 1 263 106
m 125 123 1 263 106
b 10 0 331 495
b 10 1 331 495
b 10 3 331 495
m 10 108 3 14.4 289.6 0.5
m 10 55 3 14.4 289.6 0.5
b 78 3 378 260
m 78 79 3 15.0 284.2 0.12754416844420316
m 78 124 3 15.0 284.2 0.12754416844420316
b 88 2 375 253
b 197 3 342 163
m 197 36 3 15.8 300.2 0.25944536199655954
m 197 189 3 15.8 300.2 0.25944536199655954
m 197 171 3 15.8 300.2 0.25944536199655954
m 197 127 3 15.8 300.2 0.25944536199655954
b 12 0 439 124
m 12 42 0 439 124
m 12 160 0 439 124
m 12 161 0 439 124
m 12 162 0 439 124
m 12 224 0 439 124
m 12 225 0 439 124
m 12 234 0 439 124
m 12 235 0 439 124
b 12 1 439 124
m 12 42 1 439 124
m 12 160 1 439 124
m 12 161 1 439 124
m 12 162 1 439 124
m 12 224 1 439 124
m 12 225 1 439 124
m 12 234 1 439 124
m 12 235 1 439 124
b 12 2 439 124
m 12 42 2 439 124
m 12 160 2 439 124
m 12 161 2 439 124
m 12 162 2 439 124
m 12 224 2 439 124
m 12 225 2 439 124
m 12 234 2 439 124
m 12 235 2 439 124
b 25 2 455 466
b 47 3 369 442
m 47 55 3 14.833333333333334 277.5 0.2
m 47 40 3 14.833333333333334 277.5 0.2
b 86 3 351 253
m 86 36 3 14.4 269.2 0.11862334803606356
b 9 2 183 303
m 9 51 2 183 303
m 9 93 2 183 303
m 9 115 2 183 303
m 9 141 2 183 303
m 9 219 2 183 303
b 45 0 185 253
b 45 1 185 253
b 124 0 422 307
b 124 1 422 307
b 124 2 422 307
b 181 0 241 331
b 181 1 241 331
b 181 2 241 331
m 181 51 2 241 331
m 181 141 2 241 331
m 181 219 2 241 331
b 214 0 422 426
b 214 1 422 426
b 214 2 422 426
b 51 0 207 310
b 51 1 207 310
b 61 2 194 164
b 67 3 318 457
m 67 108 3 12.0 241.20000000000002 0.5
m 67 55 3 12.0 241.20000000000002 0.5
b 89 1 157 163
m 89 95 1 157 163
m 89 119 1 157 163
m 89 210 1 157 163
m 89 215 1 157 163
b 89 3 157 163
m 89 134 3 15.0 281.8 0.2796975827367984
m 89 61 3 15.0 281.8 0.2796975827367984
m 89 27 3 15.0 281.8 0.2796975827367984
m 89 95 3 15.0 281.8 0.2796975827367984
b 115 0 186 272
b 115 1 186 272
b 127 2 269 171
m 127 118 2 269 171
m 127 129 2 269 171
m 127 238 2 269 171
b 134 0 119 212
m 134 119 0 119 212
m 134 228 0 119 212
b 134 1 119 212
b 13 0 486 237
m 13 212 0 486 237
b 13 1 486 237
m 13 212 1 486 237
b 58 0 386 148
m 58 161 0 386 148
m 58 162 0 386 148
m 58 186 0 386 148
m 58 224 0 386 148
m 58 225 0 386 148
m 58 230 0 386 148
m 58 234 0 386 148
m 58 235 0 386 148
b 58 1 386 148
m 58 161 1 386 148
m 58 162 1 386 148
m 58 186 1 386 148
m 58 224 1 386 148
m 58 225 1 386 148
m 58 230 1 386 148
m 58 234 1 386 148
m 58 235 1 386 148
b 58 2 386 148
m 58 161 2 386 148
m 58 162 2 386 148
m 58 186 2 386 148
m 58 224 2 386 148
m 58 225 2 386 148
m 58 230 2 386 148
m 58 234 2 386 148
m 58 235 2 386 148
b 70 1 486 311
m 70 59 1 486 311
m 70 226 1 486 311
b 121 1 445 455
b 236 0 323 83
m 236 69 0 323 83
m 236 110 0 323 83
m 236 186 0 323 83
m 236 225 0 323 83
m 236 230 0 323 83
m 236 234 0 323 83
b 236 1 323 83
b 92 2 171 472
m 92 46 2 171 472
m 92 80 2 171 472
m 92 180 2 171 472
m 92 220 2 171 472
b 125 2 262 100
m 125 14 2 262 100
m 125 17 2 262 100
m 125 28 2 262 100
m 125 118 2 262 100
m 125 123 2 262 100
m 125 129 2 262 100
m 125 198 2 262 100
m 125 236 2 262 100
m 125 238 2 262 100
b 181 3 244 329
m 181 51 3 11.2 235.60000000000002 1.0
m 181 141 3 11.2 235.60000000000002 1.0
m 181 219 3 11.2 235.60000000000002 1.0
b 213 0 330 194
b 213 1 330 194
b 13 3 488 238
m 13 212 3 13.2 259.59999999999997 1.0
b 45 2 187 250
m 45 51 2 187 250
m 45 93 2 187 250
m 45 115 2 187 250
m 45 219 2 187 250
b 63 2 148 493
m 63 23 2 148 493
m 63 46 2 148 493
m 63 80 2 148 493
m 63 180 2 148 493
m 63 220 2 148 493
m 63 229 2 148 493
b 73 3 198 494
m 73 63 3 11.000000000000002 206.33333333333334 0.10306450201275895
b 100 0 450 420
b 100 2 450 420
b 118 2 284 151
m 118 17 2 284 151
b 136 0 51 241
m 136 82 0 51 241
m 136 228 0 51 241
m 136 233 0 51 241
b 136 1 51 241
m 136 82 1 51 241
m 136 228 1 51 241
m 136 233 1 51 241
b 26 3 360 266
m 26 135 3 15.4 295.40000000000003 0.06781930328125974
b 168 0 371 97
m 168 8 0 371 97
m 168 110 0 371 97
m 168 130 0 371 97
m 168 161 0 371 97
m 168 162 0 371 97
m 168 186 0 371 97
m 168 224 0 371 97
m 168 225 0 371 97
m 168 230 0 371 97
m 168 234 0 371 97
m 168 235 0 371 97
b 168 1 371 97
m 168 8 1 371 97
m 168 110 1 371 97
m 168 130 1 371 97
m 168 161 1 371 97
m 168 162 1 371 97
m 168 186 1 371 97
m 168 224 1 371 97
m 168 225 1 371 97
m 168 230 1 371 97
m 168 234 1 371 97
m 168 235 1 371 97
b 195 2 283 188
b 238 2 251 127
b 10 2 323 494
b 55 3 345 433
m 55 108 3 13.571428571428571 244.7142857142857 0.3333333333333333
b 59 1 477 369
m 59 226 1 477 369
b 74 3 357 411
m 74 108 3 13.799999999999999 274.6 0.3333333333333333
b 93 0 157 283
m 93 182 0 157 283
b 93 1 157 283
m 93 182 1 157 283
b 27 3 122 196
m 27 119 3 14.799999999999999 284.0 0.16666666666666666
b 24 3 485 400
m 24 59 3 13.428571428571429 241.7142857142857 0.09216057166876834
b 56 0 157 68
m 56 5 0 157 68
m 56 14 0 157 68
m 56 16 0 157 68
m 56 21 0 157 68
m 56 28 0 157 68
m 56 29 0 157 68
m 56 50 0 157 68
m 56 75 0 157 68
m 56 85 0 157 68
m 56 102 0 157 68
m 56 126 0 157 68
m 56 128 0 157 68
m 56 149 0 157 68
m 56 201 0 157 68
b 138 3 491 438
m 138 25 3 14.2 277.8 0.2
b 165 0 390 129
m 165 161 0 390 129
m 165 162 0 390 129
m 165 186 0 390 129
m 165 224 0 390 129
m 165 225 0 390 129
m 165 230 0 390 129
m 165 234 0 390 129
m 165 235 0 390 129
b 165 1 390 129
m 165 161 1 390 129
m 165 162 1 390 129
m 165 186 1 390 129
m 165 224 1 390 129
m 165 225 1 390 129
m 165 230 1 390 129
m 165 234 1 390 129
m 165 235 1 390 129
b 165 2 390 129
b 172 0 394 174
m 172 161 0 394 174
m 172 224 0 394 174
m 172 235 0 394 174
b 172 1 394 174
m 172 161 1 394 174
m 172 224 1 394 174
m 172 235 1 394 174
b 172 2 394 174
m 172 161 2 394 174
m 172 224 2 394 174
m 172 235 2 394 174
b 213 3 332 199
m 213 79 3 15.4 291.4 0.20759438904924102
m 213 118 3 15.4 291.4 0.20759438904924102
b 90 0 372 149
m 90 161 0 372 149
m 90 224 0 372 149
m 90 225 0 372 149
m 90 234 0 372 149
m 90 235 0 372 149
b 90 1 372 149
m 90 161 1 372 149
m 90 224 1 372 149
m 90 225 1 372 149
m 90 234 1 372 149
m 90 235 1 372 149
b 90 2 372 149
m 90 161 2 372 149
m 90 224 2 372 149
m 90 225 2 372 149
m 90 234 2 372 149
m 90 235 2 372 149
b 146 0 119 340
m 146 200 0 119 340
b 146 1 119 340
m 146 200 1 119 340
b 182 0 120 319
m 182 200 0 120 319
b 182 1 120 319
m 182 200 1 120 319
b 231 3 377 293
m 231 135 3 11.833333333333334 215.16666666666666 0.07070910919066892
b 12 3 450 124
m 12 172 3 15.500000000000004 283.83333333333337 0.21932656185498584
m 12 234 3 15.500000000000004 283.83333333333337 0.21932656185498584
m 12 165 3 15.500000000000004 283.83333333333337 0.21932656185498584
b 98 3 418 485
m 98 100 3 13.799999999999999 274.6 0.3333333333333333
b 137 3 348 159
m 137 135 3 15.200000000000001 287.59999999999997 0.17227912599311423
b 179 0 362 161
b 184 0 94 419
m 184 18 0 94 419
m 184 77 0 94 419
m 184 91 0 94 419
m 184 99 0 94 419
m 184 152 0 94 419
m 184 156 0 94 419
m 184 202 0 94 419
b 189 3 254 174
m 189 129 3 15.166666666666666 274.16666666666663 0.2727502523553575
m 189 61 3 15.166666666666666 274.16666666666663 0.2727502523553575
m 189 238 3 15.166666666666666 274.16666666666663 0.2727502523553575
m 189 147 3 15.166666666666666 274.16666666666663 0.2727502523553575
b 221 0 89 111
m 221 3 0 89 111
m 221 21 0 89 111
m 221 29 0 89 111
m 221 75 0 89 111
m 221 85 0 89 111
m 221 102 0 89 111
m 221 113 0 89 111
m 221 126 0 89 111
m 221 149 0 89 111
m 221 169 0 89 111
m 221 196 0 89 111
m 221 201 0 89 111
m 221 223 0 89 111
b 79 3 354 238
m 79 174 3 12.833333333333334 237.5 0.5
m 79 135 3 12.833333333333334 237.5 0.5
b 162 0 436 76
m 162 8 0 436 76
m 162 34 0 436 76
m 162 44 0 436 76
m 162 107 0 436 76
m 162 109 0 436 76
m 162 110 0 436 76
m 162 130 0 436 76
m 162 178 0 436 76
m 162 230 0 436 76
b 162 1 436 76
m 162 8 1 436 76
m 162 34 1 436 76
m 162 44 1 436 76
m 162 107 1 436 76
m 162 109 1 436 76
m 162 110 1 436 76
m 162 130 1 436 76
m 162 178 1 436 76
m 162 230 1 436 76
b 162 2 436 76
m 162 8 2 436 76
m 162 34 2 436 76
m 162 44 2 436 76
m 162 107 2 436 76
m 162 109 2 436 76
m 162 110 2 436 76
m 162 130 2 436 76
m 162 178 2 436 76
m 162 230 2 436 76
b 208 0 94 374
m 208 200 0 94 374
b 208 1 94 374
m 208 200 1 94 374
b 210 0 134 135
m 210 21 0 134 135
m 210 29 0 134 135
m 210 75 0 134 135
m 210 85 0 134 135
m 210 126 0 134 135
m 210 149 0 134 135
m 210 201 0 134 135
b 225 0 355 76
m 225 8 0 355 76
m 225 69 0 355 76
m 225 106 0 355 76
m 225 107 0 355 76
m 225 110 0 355 76
m 225 130 0 355 76
m 225 186 0 355 76
m 225 230 0 355 76
b 225 1 355 76
m 225 8 1 355 76
m 225 69 1 355 76
m 225 106 1 355 76
m 225 107 1 355 76
m 225 110 1 355 76
m 225 130 1 355 76
m 225 186 1 355 76
m 225 230 1 355 76
b 225 2 355 76
m 225 8 2 355 76
m 225 17 2 355 76
m 225 69 2 355 76
m 225 106 2 355 76
m 225 107 2 355 76
m 225 110 2 355 76
m 225 130 2 355 76
m 225 186 2 355 76
m 225 230 2 355 76
b 35 0 66 245
m 35 82 0 66 245
m 35 105 0 66 245
m 35 228 0 66 245
m 35 233 0 66 245
b 35 1 66 245
m 35 82 1 66 245
m 35 105 1 66 245
m 35 119 1 66 245
m 35 228 1 66 245
m 35 233 1 66 245
b 40 3 464 478
m 40 25 3 13.142857142857142 239.14285714285714 0.07630857794453023
b 95 0 125 118
m 95 21 0 125 118
m 95 29 0 125 118
m 95 75 0 125 118
m 95 85 0 125 118
m 95 102 0 125 118
m 95 126 0 125 118
m 95 149 0 125 118
m 95 201 0 125 118
b 108 0 331 424
b 108 1 331 424
b 164 0 71 309
m 164 200 0 71 309
b 164 1 71 309
b 191 3 60 273
m 191 200 3 17.0 346.0 -1.0
b 213 2 333 203
b 220 0 145 449
m 220 18 0 145 449
m 220 91 0 145 449
m 220 202 0 145 449
b 220 1 145 449
m 220 18 1 145 449
m 220 91 1 145 449
m 220 202 1 145 449
b 58 3 384 159
m 58 17 3 15.833333333333336 291.83333333333337 0.26050798283878934
m 58 161 3 15.833333333333336 291.83333333333337 0.26050798283878934
m 58 225 3 15.833333333333336 291.83333333333337 0.26050798283878934
b 100 1 441 420
b 129 0 292 151
b 129 1 292 151
b 198 0 280 90
m 198 69 0 280 90
m 198 94 0 280 90
b 198 1 280 90
m 198 69 1 280 90
m 198 94 1 280 90
b 215 0 165 145
m 215 50 0 165 145
m 215 126 0 165 145
m 215 201 0 165 145
b 229 0 144 401
m 229 18 0 144 401
m 229 91 0 144 401
m 229 99 0 144 401
m 229 152 0 144 401
m 229 202 0 144 401
b 229 1 144 401
m 229 18 1 144 401
m 229 91 1 144 401
m 229 99 1 144 401
m 229 152 1 144 401
m 229 202 1 144 401
b 46 1 176 448
m 46 91 1 176 448
m 46 202 1 176 448
b 80 0 125 464
m 80 18 0 125 464
m 80 77 0 125 464
m 80 202 0 125 464
b 80 1 125 464
m 80 18 1 125 464
m 80 77 1 125 464
m 80 202 1 125 464
b 108 2 331 422
b 174 0 356 224
b 179 3 359 159
m 179 174 3 15.200000000000001 292.40000000000003 0.14285714285714285
b 234 0 386 102
m 234 8 0 386 102
m 234 107 0 386 102
m 234 130 0 386 102
b 234 1 386 102
m 234 8 1 386 102
m 234 107 1 386 102
m 234 110 1 386 102
m 234 130 1 386 102
b 234 2 386 102
b 236 2 335 79
b 28 2 217 50
b 42 0 409 37
m 42 8 0 409 37
m 42 34 0 409 37
m 42 106 0 409 37
m 42 107 0 409 37
m 42 109 0 409 37
m 42 130 0 409 37
m 42 139 0 409 37
b 42 1 409 37
b 42 2 409 37
b 134 3 128 223
m 134 157 3 13.333333333333334 239.0 0.2
b 161 0 444 140
m 161 44 0 444 140
b 161 1 444 140
m 161 44 1 444 140
b 161 2 444 140
b 167 3 260 302
m 167 115 3 13.2 264.4 1.0
b 192 0 73 287
m 192 200 0 73 287
b 192 1 73 287
m 192 200 1 73 287
b 9 3 188 319
m 9 93 3 14.0 269.2 0.2
m 9 45 3 14.0 269.2 0.2
b 116 0 11 277
m 116 150 0 11 277
b 116 1 11 277
m 116 150 1 11 277
b 168 2 376 86
m 168 8 2 376 86
m 168 107 2 376 86
m 168 110 2 376 86
m 168 130 2 376 86
b 174 1 353 226
b 174 2 353 226
b 179 1 356 157
b 179 2 356 157
b 186 0 359 103
m 186 107 0 359 103
b 186 1 359 103
m 186 69 1 359 103
m 186 107 1 359 103
b 186 2 359 103
m 186 69 2 359 103
m 186 107 2 359 103
m 186 110 2 359 103
m 186 130 2 359 103
b 235 0 399 102
m 235 107 0 399 102
b 235 1 399 102
m 235 107 1 399 102
b 235 2 399 102
m 235 8 2 399 102
m 235 107 2 399 102
m 235 110 2 399 102
m 235 130 2 399 102
b 68 0 6 205
m 68 65 0 6 205
m 68 101 0 6 205
m 68 105 0 6 205
m 68 155 0 6 205
b 68 1 6 205
b 117 3 335 469
b 210 1 137 142
m 210 21 1 137 142
m 210 29 1 137 142
m 210 56 1 137 142
m 210 75 1 137 142
m 210 126 1 137 142
m 210 201 1 137 142
m 210 221 1 137 142
b 36 3 322 274
m 36 174 3 13.333333333333332 250.33333333333331 1.0
b 127 3 256 182
m 127 118 3 14.833333333333332 266.8333333333333 0.22504698815881338
m 127 188 3 14.833333333333332 266.8333333333333 0.22504698815881338
m 127 129 3 14.833333333333332 266.8333333333333 0.22504698815881338
b 135 3 387 206
m 135 172 3 13.333333333333334 247.6666666666667 0.3333333333333333
b 17 0 352 109
b 17 1 352 109
m 17 69 1 352 109
b 28 0 220 45
m 28 132 0 220 45
m 28 177 0 220 45
b 39 3 172 428
m 39 46 3 11.571428571428573 198.71428571428572 0.33339337103634226
m 39 18 3 11.571428571428573 198.71428571428572 0.33339337103634226
m 39 80 3 11.571428571428573 198.71428571428572 0.33339337103634226
m 39 180 3 11.571428571428573 198.71428571428572 0.33339337103634226
b 90 3 362 144
m 90 17 3 15.333333333333336 280.33333333333337 0.19201660170932008
m 90 161 3 15.333333333333336 280.33333333333337 0.19201660170932008
b 118 3 289 166
m 118 129 3 14.333333333333334 256.33333333333337 0.19789219088673293
m 118 97 3 14.333333333333334 256.33333333333337 0.19789219088673293
b 144 0 97 329
m 144 200 0 97 329
b 144 1 97 329
m 144 200 1 97 329
b 180 0 140 466
m 180 18 0 140 466
m 180 77 0 140 466
m 180 202 0 140 466
b 180 1 140 466
m 180 18 1 140 466
m 180 77 1 140 466
m 180 202 1 140 466
b 220 2 144 457
m 220 18 2 144 457
m 220 39 2 144 457
m 220 91 2 144 457
m 220 184 2 144 457
m 220 202 2 144 457
b 39 0 172 429
m 39 18 0 172 429
m 39 91 0 172 429
m 39 202 0 172 429
b 39 1 172 429
m 39 18 1 172 429
m 39 91 1 172 429
m 39 202 1 172 429
b 51 3 219 294
m 51 45 3 14.2 278.6 0.3333333333333333
b 123 0 260 40
m 123 87 0 260 40
m 123 94 0 260 40
m 123 132 0 260 40
m 123 140 0 260 40
m 123 153 0 260 40
m 123 177 0 260 40
b 123 1 260 40
m 123 14 1 260 40
m 123 16 1 260 40
m 123 28 1 260 40
m 123 69 1 260 40
m 123 87 1 260 40
m 123 94 1 260 40
m 123 132 1 260 40
m 123 140 1 260 40
m 123 153 1 260 40
m 123 177 1 260 40
b 46 2 180 442
m 46 39 2 180 442
m 46 91 2 180 442
m 46 202 2 180 442
b 59 3 462 375
b 61 3 178 176
m 61 157 3 13.833333333333334 245.5 0.19729097321345035
b 80 2 127 457
m 80 18 2 127 457
m 80 39 2 127 457
m 80 77 2 127 457
m 80 184 2 127 457
m 80 202 2 127 457
b 130 0 385 23
m 130 34 0 385 23
m 130 106 0 385 23
m 130 107 0 385 23
m 130 139 0 385 23
b 130 1 385 23
m 130 34 1 385 23
m 130 106 1 385 23
m 130 107 1 385 23
m 130 139 1 385 23
b 198 2 272 86
m 198 16 2 272 86
m 198 69 2 272 86
m 198 87 2 272 86
m 198 94 2 272 86
m 198 177 2 272 86
b 219 2 194 272
b 224 0 421 72
m 224 1 0 421 72
b 224 1 421 72
m 224 1 1 421 72
b 224 2 421 72
m 224 1 2 421 72
b 229 2 149 394
b 22 0 69 381
m 22 200 0 69 381
b 22 1 69 381
m 22 200 1 69 381
b 69 0 282 58
m 69 87 0 282 58
m 69 94 0 282 58
m 69 132 0 282 58
m 69 140 0 282 58
m 69 153 0 282 58
m 69 177 0 282 58
b 160 0 449 141
b 160 1 449 141
b 160 2 449 141
m 160 212 2 449 141
b 214 3 404 411
m 214 218 3 12.166666666666668 232.16666666666666 0.5
m 214 121 3 12.166666666666668 232.16666666666666 0.5
b 238 3 233 130
m 238 198 3 14.142857142857142 244.1428571428571 0.1558838802364021
m 238 125 3 14.142857142857142 244.1428571428571 0.1558838802364021
b 29 0 104 74
m 29 222 0 104 74
b 95 1 113 117
m 95 21 1 113 117
m 95 29 1 113 117
m 95 56 1 113 117
m 95 75 1 113 117
m 95 85 1 113 117
m 95 102 1 113 117
m 95 126 1 113 117
m 95 149 1 113 117
m 95 196 1 113 117
m 95 201 1 113 117
m 95 221 1 113 117
m 95 223 1 113 117
b 95 3 113 117
m 95 56 3 15.0 272.33333333333337 0.3615614262931127
m 95 102 3 15.0 272.33333333333337 0.3615614262931127
m 95 85 3 15.0 272.33333333333337 0.3615614262931127
m 95 215 3 15.0 272.33333333333337 0.3615614262931127
m 95 149 3 15.0 272.33333333333337 0.3615614262931127
m 95 126 3 15.0 272.33333333333337 0.3615614262931127
b 124 3 404 323
m 124 38 3 13.5 242.83333333333334 0.094116847721397
b 149 0 87 72
m 149 20 0 87 72
m 149 222 0 87 72
b 203 0 104 347
m 203 200 0 104 347
b 203 1 104 347
m 203 200 1 104 347
b 212 0 472 162
b 212 1 472 162
b 23 0 73 484
m 23 11 0 73 484
m 23 43 0 73 484
m 23 53 0 73 484
m 23 57 0 73 484
m 23 62 0 73 484
b 23 1 73 484
m 23 11 1 73 484
m 23 43 1 73 484
m 23 53 1 73 484
m 23 57 1 73 484
m 23 62 1 73 484
m 23 77 1 73 484
b 129 2 297 162
b 178 0 495 68
m 178 1 0 495 68
b 178 1 495 68
m 178 1 1 495 68
b 178 2 495 68
b 215 1 173 154
m 215 50 1 173 154
m 215 126 1 173 154
m 215 201 1 173 154
b 219 3 195 269
m 219 45 3 10.0 199.0 1.0
m 219 93 3 10.0 199.0 1.0
m 219 115 3 10.0 199.0 1.0
m 219 209 3 10.0 199.0 1.0
b 225 3 343 69
m 225 42 3 15.714285714285715 282.28571428571433 0.30130316684438496
m 225 110 3 15.714285714285715 282.28571428571433 0.30130316684438496
m 225 130 3 15.714285714285715 282.28571428571433 0.30130316684438496
m 225 139 3 15.714285714285715 282.28571428571433 0.30130316684438496
b 233 0 41 187
m 233 65 0 41 187
m 233 101 0 41 187
m 233 155 0 41 187
b 233 1 41 187
m 233 65 1 41 187
m 233 101 1 41 187
m 233 113 1 41 187
m 233 155 1 41 187
b 234 3 396 106
m 234 42 3 15.142857142857148 267.42857142857144 0.2600527060890922
m 234 168 3 15.142857142857148 267.42857142857144 0.2600527060890922
m 234 8 3 15.142857142857148 267.42857142857144 0.2600527060890922
m 234 186 3 15.142857142857148 267.42857142857144 0.2600527060890922
b 25 3 477 449
m 25 121 3 12.0 231.66666666666666 1.0
b 82 0 63 172
m 82 65 0 63 172
m 82 101 0 63 172
m 82 155 0 63 172
b 82 1 63 172
m 82 65 1 63 172
m 82 101 1 63 172
m 82 113 1 63 172
m 82 155 1 63 172
b 85 0 133 45
m 85 20 0 133 45
m 85 183 0 133 45
m 85 222 0 133 45
b 96 0 103 324
m 96 200 0 103 324
b 96 1 103 324
m 96 200 1 103 324
b 108 3 336 411
b 119 0 102 195
m 119 65 0 102 195
b 147 3 206 210
m 147 185 3 14.142857142857142 244.1428571428571 0.1558838802364021
m 147 207 3 14.142857142857142 244.1428571428571 0.1558838802364021
b 201 0 149 116
b 212 3 472 160
m 212 44 3 11.333333333333334 216.99999999999994 1.0
m 212 160 3 11.333333333333334 216.99999999999994 1.0
b 8 0 410 27
b 8 1 410 27
m 8 139 1 410 27
b 91 0 187 410
b 105 0 49 196
m 105 65 0 49 196
m 105 101 0 49 196
m 105 155 0 49 196
b 105 1 49 196
m 105 65 1 49 196
m 105 101 1 49 196
m 105 113 1 49 196
m 105 155 1 49 196
b 21 0 77 110
m 21 101 0 77 110
m 21 122 0 77 110
m 21 163 0 77 110
b 34 0 422 2
m 34 173 0 422 2
b 34 1 422 2
m 34 173 1 422 2
b 34 2 422 2
b 51 2 223 288
b 115 2 211 263
b 130 2 383 18
b 171 3 399 226
m 171 175 3 13.5 250.83333333333331 0.5
m 171 38 3 13.5 250.83333333333331 0.5
b 180 2 147 463
b 226 1 453 344
b 228 0 10 202
m 228 65 0 10 202
m 228 101 0 10 202
m 228 155 0 10 202
b 14 2 233 105
b 91 1 189 412
b 139 0 367 30
m 139 140 0 367 30
m 139 153 0 367 30
b 141 2 254 335
b 161 3 454 150
m 161 224 3 14.285714285714286 253.71428571428575 0.2
m 161 162 3 14.285714285714286 253.71428571428575 0.2
b 184 1 75 416
m 184 156 1 75 416
b 184 3 75 416
m 184 77 3 12.714285714285715 228.42857142857142 0.4649985621887095
m 184 156 3 12.714285714285715 228.42857142857142 0.4649985621887095
m 184 202 3 12.714285714285715 228.42857142857142 0.4649985621887095
m 184 80 3 12.714285714285715 228.42857142857142 0.4649985621887095
m 184 18 3 12.714285714285715 228.42857142857142 0.4649985621887095
b 202 0 136 435
b 152 0 56 420
m 152 2 0 56 420
m 152 32 0 56 420
m 152 43 0 56 420
m 152 53 0 56 420
m 152 57 0 56 420
m 152 62 0 56 420
b 155 0 6 151
m 155 72 0 6 151
m 155 163 0 6 151
b 202 1 137 437
b 223 0 82 110
m 223 72 0 82 110
m 223 122 0 82 110
m 223 163 0 82 110
b 228 1 7 201
m 228 65 1 7 201
m 228 101 1 7 201
m 228 113 1 7 201
m 228 155 1 7 201
b 50 0 205 112
b 69 1 273 59
m 69 14 1 273 59
m 69 16 1 273 59
m 69 28 1 273 59
m 69 87 1 273 59
m 69 132 1 273 59
m 69 140 1 273 59
m 69 153 1 273 59
m 69 177 1 273 59
b 69 2 273 59
m 69 16 2 273 59
m 69 87 2 273 59
m 69 94 2 273 59
m 69 132 2 273 59
m 69 140 2 273 59
m 69 153 2 273 59
m 69 177 2 273 59
b 94 0 254 45
m 94 87 0 254 45
m 94 140 0 254 45
m 94 153 0 254 45
b 94 1 254 45
m 94 14 1 254 45
m 94 16 1 254 45
m 94 28 1 254 45
m 94 87 1 254 45
m 94 132 1 254 45
m 94 140 1 254 45
m 94 153 1 254 45
m 94 177 1 254 45
b 113 0 60 132
m 113 72 0 60 132
m 113 163 0 60 132
b 141 3 257 336
b 8 2 414 23
m 8 139 2 414 23
b 28 1 227 34
m 28 50 1 227 34
m 28 128 1 227 34
b 93 2 174 262
b 110 0 398 20
b 119 1 105 201
m 119 65 1 105 201
b 152 1 54 422
m 152 2 1 54 422
m 152 32 1 54 422
m 152 43 1 54 422
m 152 53 1 54 422
m 152 57 1 54 422
m 152 62 1 54 422
m 152 156 1 54 422
b 14 0 236 108
b 23 2 68 492
b 29 1 100 64
m 29 20 1 100 64
m 29 85 1 100 64
m 29 102 1 100 64
m 29 149 1 100 64
m 29 169 1 100 64
m 29 196 1 100 64
m 29 222 1 100 64
m 29 223 1 100 64
b 99 0 107 336
m 99 200 0 107 336
b 221 1 65 106
m 221 3 1 65 106
m 221 72 1 65 106
m 221 101 1 65 106
m 221 102 1 65 106
m 221 113 1 65 106
m 221 122 1 65 106
m 221 149 1 65 106
m 221 163 1 65 106
m 221 169 1 65 106
m 221 196 1 65 106
m 221 223 1 65 106
b 1 0 476 84
m 1 173 0 476 84
b 1 1 476 84
m 1 173 1 476 84
b 1 2 476 84
b 18 0 125 438
b 44 0 466 118
b 44 1 466 118
b 44 2 466 118
b 165 3 414 141
m 165 168 3 14.28571428571429 250.2857142857143 0.10976136485577595
b 172 3 370 186
m 172 186 3 13.428571428571432 243.42857142857144 1.0
b 17 2 365 118
b 63 3 144 473
b 65 0 36 210
b 110 1 400 18
b 139 1 370 36
b 201 1 152 125
m 201 50 1 152 125
b 230 0 408 64
b 230 1 408 64
b 230 2 408 64
b 18 1 127 440
b 38 3 373 296
m 38 175 3 11.857142857142858 208.71428571428572 0.5
m 38 190 3 11.857142857142858 208.71428571428572 0.5
b 56 1 171 42
m 56 5 1 171 42
m 56 20 1 171 42
m 56 128 1 171 42
m 56 183 1 171 42
m 56 222 1 171 42
b 62 0 7 451
m 62 32 0 7 451
m 62 205 0 7 451
b 62 1 7 451
m 62 32 1 7 451
m 62 205 1 7 451
b 91 2 195 417
b 99 1 109 334
m 99 200 1 109 334
b 123 2 254 25
m 123 132 2 254 25
m 123 140 2 254 25
m 123 153 2 254 25
b 155 1 11 146
m 155 3 1 11 146
m 155 72 1 11 146
m 155 163 1 11 146
b 196 0 87 139
m 196 163 0 87 139
b 222 0 109 38
b 20 0 93 8
b 21 1 68 115
m 21 122 1 68 115
m 21 163 1 68 115
m 21 169 1 68 115
b 126 0 160 73
b 150 0 44 285
m 150 200 0 44 285
b 150 1 44 285
b 16 0 248 88
b 46 3 189 427
m 46 91 3 10.750000000000002 177.0 0.09293939473431007
b 80 3 130 440
m 80 229 3 11.250000000000002 184.0 0.3502411887177208
m 80 92 3 11.250000000000002 184.0 0.3502411887177208
m 80 202 3 11.250000000000002 184.0 0.3502411887177208
b 102 0 63 50
b 119 3 108 206
m 119 105 3 13.5 244.83333333333331 0.1987494463967966
b 139 3 371 39
m 139 34 3 14.5 251.50000000000006 0.16666666666666666
b 156 0 101 337
m 156 200 0 101 337
b 202 2 139 445
b 149 1 72 76
m 149 20 1 72 76
m 149 122 1 72 76
m 149 169 1 72 76
m 149 222 1 72 76
b 149 3 72 76
m 149 29 3 14.571428571428571 254.00000000000006 0.2902491928307749
m 149 75 3 14.571428571428571 254.00000000000006 0.2902491928307749
m 149 196 3 14.571428571428571 254.00000000000006 0.2902491928307749
m 149 222 3 14.571428571428571 254.00000000000006 0.2902491928307749
b 157 3 116 144
m 157 21 3 12.714285714285715 216.42857142857144 0.29481390507065575
b 186 3 364 125
m 186 235 3 13.625000000000004 235.125 0.3333333333333333
b 5 0 166 4
b 42 3 390 19
m 42 235 3 14.5 251.50000000000006 0.16666666666666666
m 42 236 3 14.5 251.50000000000006 0.16666666666666666
b 57 0 31 420
m 57 2 0 31 420
m 57 32 0 31 420
m 57 205 0 31 420
b 57 1 31 420
m 57 2 1 31 420
m 57 32 1 31 420
m 57 205 1 31 420
b 94 2 247 50
m 94 132 2 247 50
m 94 140 2 247 50
m 94 153 2 247 50
b 128 0 179 5
b 162 3 451 50
m 162 109 3 13.375 228.12500000000003 0.26314290175285426
m 162 34 3 13.375 228.12500000000003 0.26314290175285426
b 169 0 43 85
m 169 114 0 43 85
m 169 176 0 43 85
b 188 3 229 107
m 188 14 3 13.428571428571427 232.2857142857143 0.018304227056708543
b 3 0 3 113
m 3 114 0 3 113
b 75 0 133 118
b 85 1 132 29
b 85 3 132 29
m 85 20 3 13.714285714285715 238.5714285714286 0.16666666666666666
m 85 29 3 13.714285714285715 238.5714285714286 0.16666666666666666
b 107 0 352 36
b 107 1 352 36
b 107 2 352 36
m 107 139 2 352 36
b 110 2 402 13
m 110 139 2 402 13
b 130 3 378 4
m 130 230 3 14.375 250.12500000000006 0.2
m 130 236 3 14.375 250.12500000000006 0.2
b 177 0 290 43
b 56 3 173 37
m 56 5 3 13.857142857142858 240.42857142857147 0.14285714285714285
b 65 1 40 215
b 106 0 387 24
b 106 1 387 24
b 106 2 387 24
m 106 139 2 387 24
b 109 0 491 1
b 109 1 491 1
b 109 2 491 1
m 109 173 2 491 1
b 115 3 225 258
m 115 195 3 11.166666666666666 220.5 1.0
b 129 3 304 178
m 129 195 3 13.142857142857142 235.1428571428571 1.0
b 132 0 232 23
b 153 0 274 14
b 153 1 274 14
b 177 1 291 43
b 32 0 14 426
m 32 37 0 14 426
m 32 205 0 14 426
b 77 0 87 494
m 77 205 0 87 494
b 100 3 410 420
b 132 1 231 23
b 177 2 291 44
b 18 2 131 446
b 18 3 131 446
m 18 22 3 11.125000000000002 181.875 0.3108409208346022
m 18 92 3 11.125000000000002 181.875 0.3108409208346022
b 39 2 168 453
b 43 0 83 480
m 43 205 0 83 480
b 43 1 83 480
b 174 3 327 236
b 180 3 163 457
m 180 92 3 10.500000000000002 175.0 0.3333333333333333
b 212 2 465 143
b 218 3 396 345
m 218 226 3 10.714285714285715 199.57142857142858 0.5125959595959595
b 223 1 92 100
b 17 3 373 124
m 17 235 3 14.000000000000002 251.42857142857144 0.3333333333333333
b 87 0 258 39
b 87 1 258 39
b 101 0 45 112
b 122 0 34 44
m 122 4 0 34 44
m 122 114 0 34 44
m 122 176 0 34 44
b 125 3 252 58
m 125 153 3 13.875 231.62499999999997 0.21148080686897888
m 125 177 3 13.875 231.62499999999997 0.21148080686897888
b 173 0 498 20
b 173 1 498 20
b 8 3 424 13
m 8 34 3 13.875000000000004 237.125 0.2
b 14 1 244 118
b 32 1 14 429
b 87 2 257 40
b 113 1 67 119
b 139 2 374 46
b 222 1 119 38
m 222 5 1 119 38
m 222 183 1 119 38
b 20 1 83 9
m 20 5 1 83 9
m 20 183 1 83 9
b 77 1 90 492
b 121 3 410 485
b 126 1 167 66
b 202 3 142 453
m 202 91 3 11.875 204.375 0.16666666666666666
b 215 3 188 172
m 215 84 3 13.571428571428571 237.00000000000006 0.2
m 215 50 3 13.571428571428571 237.00000000000006 0.2
b 50 1 207 129
b 97 3 250 257
m 97 195 3 12.428571428571429 219.8571428571429 1.0
b 44 3 461 132
m 44 1 3 10.0 186.57142857142853 1.0
m 44 178 3 10.0 186.57142857142853 1.0
b 45 3 216 214
m 45 195 3 12.0 225.0 0.5
m 45 84 3 12.0 225.0 0.5
b 72 0 8 65
m 72 114 0 8 65
b 93 3 185 249
m 93 182 3 12.0 225.0 0.5
b 160 3 441 167
b 190 3 442 273
m 190 70 3 10.625 183.125 0.5110560915222403
m 190 226 3 10.625 183.125 0.5110560915222403
b 207 3 235 119
m 207 14 3 12.875 215.62499999999997 0.009873993113448519
b 209 3 206 263
b 2 0 13 405
m 2 37 0 13 405
m 2 166 0 13 405
b 196 1 97 149
b 16 1 258 97
b 75 1 143 121
b 122 1 36 38
m 122 4 1 36 38
m 122 114 1 36 38
m 122 176 1 36 38
b 140 0 255 18
b 140 1 255 18
b 224 3 419 42
m 224 1 3 13.125 225.12500000000003 0.20725082395726788
m 224 178 3 13.125 225.12500000000003 0.20725082395726788
b 11 0 44 483
b 11 1 44 483
b 16 2 258 97
m 16 50 2 258 97
b 101 1 46 105
m 101 114 1 46 105
b 183 0 124 25
b 198 3 244 73
m 198 123 3 13.75 228.74999999999997 0.20276347064515857
m 198 177 3 13.75 228.74999999999997 0.20276347064515857
m 198 153 3 13.75 228.74999999999997 0.20276347064515857
b 222 3 125 38
m 222 128 3 13.25 224.25000000000006 0.25
m 222 223 3 13.25 224.25000000000006 0.25
b 2 1 11 408
m 2 37 1 11 408
b 72 1 9 61
m 72 114 1 9 61
b 105 3 72 211
m 105 35 3 12.857142857142858 221.42857142857144 0.2511574416282285
m 105 68 3 12.857142857142858 221.42857142857144 0.2511574416282285
b 126 3 171 61
m 126 128 3 13.428571428571429 235.71428571428575 0.25
b 153 2 264 19
b 184 2 51 413
m 184 2 2 51 413
m 184 22 2 51 413
m 184 32 2 51 413
m 184 37 2 51 413
m 184 43 2 51 413
m 184 53 2 51 413
m 184 57 2 51 413
m 184 62 2 51 413
m 184 152 2 51 413
m 184 203 2 51 413
m 184 205 2 51 413
m 184 208 2 51 413
b 185 3 308 175
b 53 0 58 467
b 53 1 58 467
b 102 1 47 48
m 102 114 1 47 48
m 102 176 1 47 48
b 102 3 47 48
m 102 176 3 14.285714285714286 247.71428571428575 0.20656304024168054
m 102 114 3 14.285714285714286 247.71428571428575 0.20656304024168054
b 132 2 220 26
m 132 5 2 220 26
m 132 56 2 220 26
m 132 128 2 220 26
b 20 3 75 10
m 20 183 3 12.25 209.25000000000003 0.5
b 29 3 93 44
m 29 122 3 13.5 226.75000000000006 0.022436393452710313
b 34 3 395 11
m 34 106 3 13.11111111111111 224.00000000000006 0.5
m 34 107 3 13.11111111111111 224.00000000000006 0.5
b 77 2 97 488
m 77 11 2 97 488
m 77 43 2 97 488
m 77 53 2 97 488
m 77 205 2 97 488
b 91 3 210 429
b 110 3 409 0
m 110 106 3 14.0 247.50000000000006 0.5
m 110 107 3 14.0 247.50000000000006 0.5
b 175 3 388 258
b 205 0 41 477
b 205 1 41 477
b 229 3 170 366
m 229 203 3 10.555555555555557 166.33333333333331 0.0945856621766738
b 156 1 114 323
m 156 200 1 114 323
b 156 3 114 323
m 156 200 3 12.714285714285715 228.42857142857142 -1.0
b 163 0 26 162
b 235 3 358 98
m 235 107 3 12.333333333333336 209.44444444444446 0.17512150977162255
b 168 3 394 48
m 168 106 3 13.500000000000004 234.5 0.5
m 168 107 3 13.500000000000004 234.5 0.5
b 21 3 48 125
m 21 101 3 12.625 207.375 0.37675225795850803
m 21 72 3 12.625 207.375 0.37675225795850803
m 21 113 3 12.625 207.375 0.37675225795850803
m 21 223 3 12.625 207.375 0.37675225795850803
m 21 155 3 12.625 207.375 0.37675225795850803
b 173 2 497 5
b 37 0 12 403
b 114 0 7 92
b 1 3 458 105
b 77 3 104 485
m 77 43 3 11.875 204.375 0.16666666666666666
m 77 23 3 11.875 204.375 0.16666666666666666
b 140 2 244 20
m 140 128 2 244 20
b 236 3 381 62
m 236 106 3 13.11111111111111 224.00000000000006 0.5
m 236 107 3 13.11111111111111 224.00000000000006 0.5
b 163 1 27 168
b 178 3 463 46
m 178 173 3 8.875 163.37499999999997 0.028169014084506783
b 182 3 119 264
m 182 200 3 12.0 225.0 -1.0
b 183 1 114 30
b 169 1 24 100
b 3 1 9 89
b 62 2 13 456
m 62 11 2 13 456
b 84 3 168 170
m 84 201 3 12.125 207.87500000000006 0.5
m 84 210 3 12.125 207.87500000000006 0.5
b 128 1 204 2
b 14 3 257 134
m 14 16 3 12.124999999999998 204.37500000000003 0.006929141824352774
b 70 3 423 329
b 176 0 25 2
b 196 3 109 159
m 196 82 3 13.625 228.37500000000006 0.1032141988700534
b 32 2 13 450
b 153 3 252 25
m 153 94 3 13.0 209.88888888888886 0.014779812049426156
b 177 3 312 57
m 177 16 3 13.0 209.88888888888886 0.014779812049426156
b 195 3 251 242
b 5 1 188 24
b 57 2 32 391
b 92 3 113 439
m 92 53 3 10.444444444444446 165.33333333333331 0.25
m 92 43 3 10.444444444444446 165.33333333333331 0.25
b 208 2 69 427
b 4 0 15 33
b 226 3 414 362
b 37 1 14 412
m 37 166 1 14 412
b 37 2 14 412
b 50 3 210 151
m 50 201 3 12.25 208.50000000000006 0.07563112201402294
b 155 3 34 120
m 155 82 3 12.0 189.7777777777778 0.1332224603095533
b 22 3 92 425
m 22 96 3 10.888888888888891 170.66666666666666 0.3575274824479878
m 22 53 3 10.888888888888891 170.66666666666666 0.3575274824479878
m 22 43 3 10.888888888888891 170.66666666666666 0.3575274824479878
m 22 164 3 10.888888888888891 170.66666666666666 0.3575274824479878
b 109 3 497 29
m 109 173 3 12.0 202.8888888888889 1.0
b 114 1 8 103
b 43 2 111 488
b 56 2 187 9
m 56 85 2 187 9
m 56 126 2 187 9
m 56 222 2 187 9
b 75 3 164 127
m 75 201 3 13.125 223.37500000000006 0.3333333333333333
b 122 3 44 17
m 122 169 3 12.444444444444445 203.33333333333337 0.012191874578211394
b 152 2 26 452
b 205 2 58 472
b 223 3 111 78
b 2 2 5 421
b 5 3 192 28
m 5 94 3 12.875 214.87500000000003 0.12578741752703237
b 114 3 8 106
m 114 169 3 13.0 218.75000000000003 0.25
m 114 3 3 13.0 218.75000000000003 0.25
b 230 3 448 55
b 4 1 18 38
b 50 2 210 156
b 166 0 37 330
m 166 200 0 37 330
b 176 1 36 4
b 35 3 43 308
m 35 200 3 12.857142857142858 221.42857142857144 -1.0
b 68 3 23 151
m 68 163 3 12.0 198.25 0.14186739907039703
b 72 3 21 38
m 72 169 3 11.666666666666666 186.11111111111111 0.25
m 72 221 3 11.666666666666666 186.11111111111111 0.25
b 176 3 39 4
m 176 4 3 12.625 216.87500000000003 1.0
b 22 2 96 433
b 113 3 84 88
m 113 221 3 11.666666666666666 186.11111111111111 0.25
m 113 3 3 11.666666666666666 186.11111111111111 0.25
b 173 3 496 16
b 43 3 119 490
m 43 208 3 10.88888888888889 182.66666666666666 0.008945136496156875
b 183 3 97 38
b 210 3 160 202
b 11 2 25 458
b 53 2 87 463
b 201 3 169 170
b 128 3 219 6
m 128 87 3 12.333333333333334 202.11111111111114 0.3067460825754665
m 128 69 3 12.333333333333334 202.11111111111114 0.3067460825754665
b 203 2 118 408
m 203 96 2 118 408
m 203 144 2 118 408
m 203 146 2 118 408
m 203 164 2 118 408
b 94 3 210 77
m 94 69 3 12.2 191.39999999999998 0.01235875161875636
b 107 3 307 37
b 123 3 267 2
m 123 28 3 12.777777777777777 206.1111111111111 0.2
m 123 132 3 12.777777777777777 206.1111111111111 0.2
b 222 2 159 38
m 222 183 2 159 38
m 222 223 2 159 38
b 5 2 201 36
b 101 3 51 71
m 101 4 3 11.555555555555555 185.33333333333334 0.3333333333333333
b 106 3 405 65
b 128 2 220 8
b 82 3 97 120
m 82 233 3 12.333333333333332 203.4444444444445 0.5
m 82 136 3 12.333333333333332 203.4444444444445 0.5
b 203 3 119 411
m 203 144 3 9.800000000000002 150.6 0.03570035755237468
b 85 2 123 20
m 85 29 2 123 20
m 85 183 2 123 20
m 85 223 2 123 20
b 23 3 21 472
m 23 32 3 11.444444444444445 188.77777777777777 0.21384966166519562
m 23 205 3 11.444444444444445 188.77777777777777 0.21384966166519562
b 164 3 87 388
m 164 208 3 10.3 156.1 0.0942296395129805
b 221 3 4 94
b 16 3 292 128
b 28 3 227 12
m 28 140 3 11.599999999999998 185.59999999999997 1.0
b 166 1 58 334
b 208 3 56 453
m 208 11 3 10.600000000000001 170.8 0.014676675555797778
b 53 3 103 460
m 53 205 3 9.800000000000002 150.39999999999998 0.25813984130237466
b 136 3 83 149
b 146 2 187 405
b 126 2 204 24
b 169 3 10 121
b 4 3 36 61
b 164 2 89 401
b 32 3 11 489
m 32 11 3 10.8 172.4 0.09729137303940003
b 69 3 199 65
m 69 140 3 11.2 182.00000000000003 1.0
b 96 3 136 398
m 96 146 3 9.9 153.7 1.0
b 3 3 18 48
b 29 2 79 4
m 29 20 2 79 4
m 29 72 2 79 4
m 29 113 2 79 4
m 29 122 2 79 4
m 29 176 2 79 4
b 223 2 134 53
b 132 3 167 39
b 163 3 36 213
m 163 200 3 12.0 198.25 -1.0
b 233 3 77 110
b 87 3 206 79
b 205 3 95 461
m 205 62 3 10.700000000000001 171.5 0.012893191603452848
b 144 2 167 392
b 183 2 70 52
b 144 3 169 394
m 144 146 3 9.000000000000004 137.0 1.0
b 96 2 141 410
b 20 2 10 14
m 20 3 2 10 14
m 20 4 2 10 14
m 20 101 2 10 14
m 20 102 2 10 14
b 146 3 202 420
b 62 3 53 499
m 62 37 3 10.000000000000002 156.72727272727272 0.00900190858355955
b 122 2 39 32
m 122 3 2 39 32
m 122 4 2 39 32
m 122 101 2 39 32
m 122 102 2 39 32
m 122 155 2 39 32
b 11 3 1 423
m 11 37 3 10.000000000000002 156.72727272727275 8.555147617135123E-4
b 72 2 34 2
m 72 3 2 34 2
m 72 4 2 34 2
m 72 101 2 34 2
m 72 102 2 34 2
b 113 2 107 46
b 140 3 178 30
b 176 2 91 12
b 155 2 78 71
m 155 27 2 78 71
m 155 68 2 78 71
m 155 82 2 78 71
m 155 95 2 78 71
m 155 136 2 78 71
m 155 149 2 78 71
m 155 221 2 78 71
m 155 233 2 78 71
b 37 3 26 482
m 37 152 3 9.333333333333334 144.0 0.004725643459824011
b 4 2 60 94
m 4 68 2 60 94
m 4 95 2 60 94
m 4 136 2 60 94
m 4 149 2 60 94
m 4 169 2 60 94
m 4 221 2 60 94
m 4 233 2 60 94
b 101 2 61 9
b 136 2 99 103
b 27 2 122 51
b 102 2 10 8
b 3 2 28 4
b 149 2 42 88
b 221 2 42 129
b 233 2 98 66
b 82 2 136 60
b 95 2 13 81
b 152 3 26 476
b 68 2 57 74
b 169 2 80 140
