Key: 
t: node change direction (node id, x, y, new direction)
s: node start location (node id, x, y, start direction, buffer)
m: message transfer (sender id, target id, messageType, sender x, sender y
b: broadcast (node id, message type, x, y)
301 483 14 457
s 0 295 74 46 0
s 1 19 329 45 0
s 2 340 323 296 0
s 3 192 138 53 0
s 4 270 195 248 0
s 5 18 302 145 0
s 6 478 292 163 0
s 7 429 241 292 0
s 8 405 396 139 0
s 9 491 413 303 0
s 10 70 86 201 0
s 11 97 375 144 0
s 12 35 317 142 0
s 13 365 287 135 0
s 14 437 481 133 0
s 15 490 300 303 0
s 16 152 140 175 0
s 17 446 44 247 0
s 18 450 292 60 0
s 19 416 383 21 0
s 20 400 149 98 0
s 21 467 248 91 0
s 22 88 273 253 0
s 23 253 174 17 0
s 24 130 180 114 0
s 25 49 483 143 0
s 26 2 157 208 0
s 27 262 275 358 0
s 28 113 110 269 0
s 29 145 210 74 0
s 30 1 211 210 0
s 31 187 118 326 0
s 32 338 18 12 0
s 33 438 55 92 0
s 34 404 69 6 0
s 35 325 244 359 0
s 36 219 116 167 0
s 37 217 288 63 0
s 38 124 312 76 0
s 39 368 56 97 0
s 40 67 69 242 0
s 41 85 7 217 0
s 42 110 112 28 0
s 43 486 234 44 0
s 44 312 209 85 0
s 45 404 352 110 0
s 46 404 444 34 0
s 47 181 67 37 0
s 48 231 131 55 0
s 49 171 55 121 0
s 50 47 186 282 0
s 51 69 428 313 0
s 52 243 65 33 0
s 53 35 139 98 0
s 54 446 59 164 0
s 55 299 384 134 0
s 56 352 311 95 0
s 57 437 310 176 0
s 58 471 170 8 0
s 59 403 109 344 0
s 60 339 439 185 0
s 61 324 296 127 0
s 62 153 26 10 0
s 63 386 290 72 0
s 64 36 300 252 0
s 65 129 332 353 0
s 66 273 136 253 0
s 67 434 78 29 0
s 68 261 272 253 0
s 69 163 433 256 0
s 70 395 416 226 0
s 71 92 388 198 0
s 72 421 8 157 0
s 73 263 239 176 0
s 74 71 326 121 0
s 75 289 441 293 0
s 76 302 261 220 0
s 77 454 412 353 0
s 78 412 227 77 0
s 79 62 389 172 0
s 80 165 195 89 0
s 81 72 386 289 0
s 82 114 147 139 0
s 83 298 205 193 0
s 84 13 368 190 0
s 85 162 211 52 0
s 86 238 143 250 0
s 87 260 154 125 0
s 88 224 366 208 0
s 89 118 275 135 0
s 90 100 138 234 0
s 91 115 238 215 0
s 92 199 322 251 0
s 93 386 323 79 0
s 94 111 82 39 0
s 95 79 367 220 0
s 96 226 312 297 0
s 97 166 475 5 0
s 98 172 430 143 0
s 99 212 278 80 0
s 100 428 335 18 0
s 101 355 295 155 0
s 102 394 371 246 0
s 103 302 334 165 0
s 104 437 325 212 0
s 105 74 453 351 0
s 106 453 378 168 0
s 107 106 302 322 0
s 108 340 335 3 0
s 109 409 112 253 0
s 110 225 29 245 0
s 111 123 38 179 0
s 112 392 201 167 0
s 113 28 350 312 0
s 114 131 163 333 0
s 115 376 203 31 0
s 116 162 199 220 0
s 117 125 273 65 0
s 118 185 293 260 0
s 119 45 189 19 0
s 120 417 327 340 0
s 121 132 346 164 0
s 122 200 279 253 0
s 123 61 312 250 0
s 124 445 24 350 0
s 125 388 27 177 0
s 126 434 78 11 0
s 127 112 149 359 0
s 128 382 207 201 0
s 129 439 414 127 0
s 130 121 447 121 0
s 131 244 468 320 0
s 132 200 173 40 0
s 133 322 356 169 0
s 134 362 264 352 0
s 135 56 226 108 0
s 136 148 467 206 0
s 137 172 341 116 0
s 138 266 140 312 0
s 139 183 445 132 0
s 140 182 397 281 0
s 141 131 427 133 0
s 142 450 277 252 0
s 143 46 465 84 0
s 144 311 467 145 0
s 145 476 68 238 0
s 146 152 492 320 0
s 147 15 168 201 0
s 148 261 496 49 0
s 149 16 352 248 0
s 150 154 67 77 0
s 151 381 173 43 0
s 152 438 278 220 0
s 153 199 486 257 0
s 154 74 35 242 0
s 155 171 272 338 0
s 156 377 92 248 0
s 157 470 222 206 0
s 158 233 225 156 0
s 159 64 67 84 0
s 160 166 426 53 0
s 161 301 483 112 0
s 162 403 285 246 0
s 163 259 205 308 0
s 164 259 216 4 0
s 165 357 11 290 0
s 166 99 96 279 0
s 167 348 33 195 0
s 168 103 403 19 0
s 169 123 133 143 0
s 170 403 370 138 0
s 171 317 172 186 0
s 172 165 36 87 0
s 173 336 59 271 0
s 174 363 361 223 0
s 175 442 113 244 0
s 176 143 100 127 0
s 177 377 62 50 0
s 178 85 479 254 0
s 179 428 364 279 0
s 180 70 173 230 0
s 181 288 487 74 0
s 182 391 207 35 0
s 183 204 488 226 0
s 184 400 401 335 0
s 185 337 148 356 0
s 186 203 52 281 0
s 187 366 26 103 0
s 188 313 188 177 0
s 189 48 0 269 0
s 190 309 309 322 0
s 191 292 309 289 0
s 192 107 360 68 0
s 193 340 326 208 0
s 194 151 271 44 0
s 195 1 56 13 0
s 196 363 432 193 0
s 197 361 175 245 0
s 198 10 485 332 0
s 199 312 384 172 0
s 200 451 437 100 0
s 201 330 415 89 0
s 202 132 2 341 0
s 203 386 439 333 0
s 204 487 98 68 0
s 205 96 449 332 0
s 206 353 5 313 0
s 207 207 348 222 0
s 208 422 468 232 0
s 209 297 483 53 0
s 210 92 498 260 0
s 211 14 457 187 0
s 212 224 409 330 0
s 213 410 157 198 0
s 214 372 169 151 0
s 215 176 52 139 0
s 216 414 104 214 0
s 217 100 409 317 0
s 218 50 279 169 0
s 219 397 233 249 0
s 220 186 38 83 0
s 221 136 66 39 0
s 222 410 367 358 0
s 223 102 58 319 0
s 224 397 127 239 0
s 225 280 432 150 0
s 226 66 222 115 0
s 227 228 293 59 0
s 228 352 443 309 0
s 229 323 27 203 0
s 230 263 6 23 0
s 231 44 225 245 0
s 232 145 141 313 0
s 233 93 68 234 0
s 234 223 56 2 0
s 235 9 465 301 0
s 236 123 457 193 0
s 237 477 429 155 0
s 238 1 258 264 0
s 239 8 16 144 0
b 161 0 296 495
m 161 60 0 296 495
m 161 75 0 296 495
m 161 131 0 296 495
m 161 144 0 296 495
m 161 148 0 296 495
m 161 181 0 296 495
m 161 201 0 296 495
m 161 209 0 296 495
m 161 225 0 296 495
m 161 228 0 296 495
b 161 1 296 495
m 161 60 1 296 495
m 161 75 1 296 495
m 161 131 1 296 495
m 161 144 1 296 495
m 161 148 1 296 495
m 161 181 1 296 495
m 161 201 1 296 495
m 161 209 1 296 495
m 161 225 1 296 495
m 161 228 1 296 495
b 161 2 296 495
m 161 60 2 296 495
m 161 75 2 296 495
m 161 131 2 296 495
m 161 144 2 296 495
m 161 148 2 296 495
m 161 181 2 296 495
m 161 201 2 296 495
m 161 209 2 296 495
m 161 225 2 296 495
m 161 228 2 296 495
b 161 3 296 495
m 161 60 3 10.0 100.0 1.0
m 161 75 3 10.0 100.0 1.0
m 161 131 3 10.0 100.0 1.0
m 161 144 3 10.0 100.0 1.0
m 161 148 3 10.0 100.0 1.0
m 161 181 3 10.0 100.0 1.0
m 161 201 3 10.0 100.0 1.0
m 161 209 3 10.0 100.0 1.0
m 161 225 3 10.0 100.0 1.0
m 161 228 3 10.0 100.0 1.0
b 60 0 314 437
m 60 55 0 314 437
m 60 196 0 314 437
m 60 199 0 314 437
b 60 1 314 437
m 60 55 1 314 437
m 60 196 1 314 437
m 60 199 1 314 437
b 60 2 314 437
b 60 3 314 437
b 75 0 299 418
m 75 55 0 299 418
m 75 133 0 299 418
m 75 196 0 299 418
m 75 199 0 299 418
m 75 212 0 299 418
b 75 1 299 418
m 75 55 1 299 418
m 75 133 1 299 418
m 75 196 1 299 418
m 75 199 1 299 418
m 75 212 1 299 418
b 75 2 299 418
m 75 55 2 299 418
m 75 133 2 299 418
m 75 196 2 299 418
m 75 199 2 299 418
m 75 212 2 299 418
b 75 3 299 418
m 75 55 3 8.333333333333334 75.0 0.22222222222222232
m 75 212 3 8.333333333333334 75.0 0.22222222222222232
b 131 0 263 451
m 131 55 0 263 451
m 131 153 0 263 451
m 131 183 0 263 451
m 131 212 0 263 451
b 131 1 263 451
m 131 55 1 263 451
m 131 153 1 263 451
m 131 183 1 263 451
m 131 212 1 263 451
b 131 2 263 451
b 131 3 263 451
m 131 55 3 8.0 72.0 0.25
m 131 183 3 8.0 72.0 0.25
b 144 0 291 481
m 144 196 0 291 481
b 144 1 291 481
m 144 196 1 291 481
b 144 2 291 481
b 144 3 291 481
m 144 196 3 7.0 67.0 1.0
b 148 0 241 496
m 148 97 0 241 496
m 148 153 0 241 496
m 148 183 0 241 496
b 148 1 241 496
m 148 97 1 241 496
m 148 153 1 241 496
m 148 183 1 241 496
b 148 2 241 496
b 148 3 241 496
m 148 97 3 7.666666666666667 69.66666666666667 0.3333333333333333
b 181 0 283 488
b 181 1 283 488
b 181 2 283 488
b 181 3 283 488
b 201 0 331 440
m 201 8 0 331 440
m 201 55 0 331 440
m 201 70 0 331 440
m 201 196 0 331 440
m 201 199 0 331 440
m 201 203 0 331 440
b 201 1 331 440
m 201 8 1 331 440
m 201 55 1 331 440
m 201 70 1 331 440
m 201 196 1 331 440
m 201 199 1 331 440
m 201 203 1 331 440
b 201 2 331 440
b 201 3 331 440
m 201 203 3 9.0 83.0 0.6948853615520283
m 201 199 3 9.0 83.0 0.6948853615520283
m 201 70 3 9.0 83.0 0.6948853615520283
m 201 55 3 9.0 83.0 0.6948853615520283
m 201 8 3 9.0 83.0 0.6948853615520283
b 209 0 313 495
b 209 1 313 495
b 209 2 313 495
b 209 3 313 495
b 225 0 258 445
m 225 55 0 258 445
m 225 199 0 258 445
m 225 212 0 258 445
b 225 1 258 445
m 225 55 1 258 445
m 225 199 1 258 445
m 225 212 1 258 445
b 225 2 258 445
m 225 55 2 258 445
m 225 199 2 258 445
m 225 212 2 258 445
b 225 3 258 445
m 225 55 3 7.666666666666667 69.66666666666667 0.3333333333333333
b 228 0 368 424
m 228 8 0 368 424
m 228 46 0 368 424
m 228 70 0 368 424
m 228 129 0 368 424
m 228 170 0 368 424
m 228 184 0 368 424
m 228 196 0 368 424
m 228 203 0 368 424
m 228 208 0 368 424
b 228 1 368 424
m 228 8 1 368 424
m 228 46 1 368 424
m 228 70 1 368 424
m 228 129 1 368 424
m 228 170 1 368 424
m 228 184 1 368 424
m 228 196 1 368 424
m 228 203 1 368 424
m 228 208 1 368 424
b 228 2 368 424
b 228 3 368 424
m 228 8 3 9.666666666666668 93.66666666666667 0.9272030651340997
m 228 46 3 9.666666666666668 93.66666666666667 0.9272030651340997
m 228 184 3 9.666666666666668 93.66666666666667 0.9272030651340997
m 228 129 3 9.666666666666668 93.66666666666667 0.9272030651340997
m 228 208 3 9.666666666666668 93.66666666666667 0.9272030651340997
m 228 203 3 9.666666666666668 93.66666666666667 0.9272030651340997
m 228 170 3 9.666666666666668 93.66666666666667 0.9272030651340997
m 228 196 3 9.666666666666668 93.66666666666667 0.9272030651340997
m 228 70 3 9.666666666666668 93.66666666666667 0.9272030651340997
b 8 0 378 420
m 8 19 0 378 420
m 8 45 0 378 420
m 8 102 0 378 420
m 8 106 0 378 420
m 8 237 0 378 420
b 8 1 378 420
m 8 19 1 378 420
m 8 45 1 378 420
m 8 102 1 378 420
m 8 106 1 378 420
m 8 237 1 378 420
b 8 3 378 420
m 8 45 3 8.5 74.5 0.733551478649518
m 8 19 3 8.5 74.5 0.733551478649518
m 8 106 3 8.5 74.5 0.733551478649518
m 8 102 3 8.5 74.5 0.733551478649518
b 46 0 434 464
m 46 14 0 434 464
m 46 19 0 434 464
m 46 200 0 434 464
m 46 237 0 434 464
b 46 1 434 464
m 46 14 1 434 464
m 46 19 1 434 464
m 46 200 1 434 464
m 46 237 1 434 464
b 46 3 434 464
m 46 19 3 8.75 79.25 0.5648369692704667
m 46 200 3 8.75 79.25 0.5648369692704667
m 46 14 3 8.75 79.25 0.5648369692704667
b 55 0 273 411
m 55 103 0 273 411
b 55 1 273 411
b 55 2 273 411
b 55 3 273 411
m 55 133 3 6.75 57.25 0.5
m 55 103 3 6.75 57.25 0.5
b 70 0 370 390
m 70 19 0 370 390
m 70 45 0 370 390
m 70 56 0 370 390
m 70 93 0 370 390
m 70 102 0 370 390
m 70 106 0 370 390
m 70 108 0 370 390
m 70 222 0 370 390
b 70 1 370 390
m 70 19 1 370 390
m 70 45 1 370 390
m 70 56 1 370 390
m 70 93 1 370 390
m 70 102 1 370 390
m 70 106 1 370 390
m 70 108 1 370 390
m 70 222 1 370 390
b 70 3 370 390
m 70 45 3 9.0 82.5 0.8529561307339086
m 70 19 3 9.0 82.5 0.8529561307339086
m 70 222 3 9.0 82.5 0.8529561307339086
m 70 102 3 9.0 82.5 0.8529561307339086
m 70 108 3 9.0 82.5 0.8529561307339086
m 70 106 3 9.0 82.5 0.8529561307339086
m 70 56 3 9.0 82.5 0.8529561307339086
b 97 0 203 478
m 97 98 0 203 478
m 97 136 0 203 478
m 97 139 0 203 478
m 97 146 0 203 478
m 97 160 0 203 478
b 97 1 203 478
m 97 98 1 203 478
m 97 136 1 203 478
m 97 139 1 203 478
m 97 146 1 203 478
m 97 160 1 203 478
b 97 3 203 478
m 97 146 3 7.25 61.25 0.5131627734519837
m 97 136 3 7.25 61.25 0.5131627734519837
m 97 153 3 7.25 61.25 0.5131627734519837
m 97 139 3 7.25 61.25 0.5131627734519837
b 129 0 417 444
m 129 9 0 417 444
m 129 14 0 417 444
m 129 19 0 417 444
m 129 77 0 417 444
m 129 106 0 417 444
m 129 200 0 417 444
m 129 237 0 417 444
b 129 1 417 444
b 129 3 417 444
m 129 19 3 9.5 90.5 0.9446316941779735
m 129 77 3 9.5 90.5 0.9446316941779735
m 129 106 3 9.5 90.5 0.9446316941779735
m 129 200 3 9.5 90.5 0.9446316941779735
m 129 14 3 9.5 90.5 0.9446316941779735
m 129 237 3 9.5 90.5 0.9446316941779735
m 129 9 3 9.5 90.5 0.9446316941779735
b 133 0 286 363
m 133 56 0 286 363
m 133 61 0 286 363
m 133 101 0 286 363
m 133 103 0 286 363
m 133 108 0 286 363
m 133 174 0 286 363
m 133 193 0 286 363
b 133 1 286 363
b 133 2 286 363
b 153 0 191 450
m 153 69 0 191 450
m 153 98 0 191 450
m 153 139 0 191 450
m 153 146 0 191 450
m 153 160 0 191 450
b 153 1 191 450
m 153 69 1 191 450
m 153 98 1 191 450
m 153 139 1 191 450
m 153 146 1 191 450
m 153 160 1 191 450
b 170 0 375 395
m 170 19 0 375 395
m 170 45 0 375 395
m 170 56 0 375 395
m 170 63 0 375 395
m 170 93 0 375 395
m 170 102 0 375 395
m 170 106 0 375 395
m 170 108 0 375 395
m 170 174 0 375 395
m 170 179 0 375 395
m 170 222 0 375 395
b 170 1 375 395
m 170 19 1 375 395
m 170 45 1 375 395
m 170 56 1 375 395
m 170 63 1 375 395
m 170 93 1 375 395
m 170 102 1 375 395
m 170 106 1 375 395
m 170 108 1 375 395
m 170 174 1 375 395
m 170 179 1 375 395
m 170 222 1 375 395
b 170 3 375 395
m 170 19 3 10.0 100.5 1.0
m 170 45 3 10.0 100.5 1.0
m 170 56 3 10.0 100.5 1.0
m 170 63 3 10.0 100.5 1.0
m 170 93 3 10.0 100.5 1.0
m 170 102 3 10.0 100.5 1.0
m 170 106 3 10.0 100.5 1.0
m 170 108 3 10.0 100.5 1.0
m 170 174 3 10.0 100.5 1.0
m 170 179 3 10.0 100.5 1.0
m 170 222 3 10.0 100.5 1.0
b 183 0 179 462
m 183 98 0 179 462
m 183 136 0 179 462
m 183 139 0 179 462
m 183 146 0 179 462
m 183 160 0 179 462
b 183 1 179 462
m 183 98 1 179 462
m 183 136 1 179 462
m 183 139 1 179 462
m 183 146 1 179 462
m 183 160 1 179 462
b 183 3 179 462
m 183 139 3 8.0 70.0 0.37890625
m 183 98 3 8.0 70.0 0.37890625
m 183 146 3 8.0 70.0 0.37890625
b 184 0 434 386
m 184 9 0 434 386
m 184 19 0 434 386
m 184 45 0 434 386
m 184 77 0 434 386
m 184 93 0 434 386
m 184 102 0 434 386
m 184 106 0 434 386
m 184 179 0 434 386
m 184 222 0 434 386
m 184 237 0 434 386
b 184 1 434 386
m 184 9 1 434 386
m 184 19 1 434 386
m 184 45 1 434 386
m 184 77 1 434 386
m 184 93 1 434 386
m 184 102 1 434 386
m 184 106 1 434 386
m 184 179 1 434 386
m 184 222 1 434 386
m 184 237 1 434 386
b 184 3 434 386
m 184 9 3 10.25 106.25 1.0
m 184 19 3 10.25 106.25 1.0
m 184 45 3 10.25 106.25 1.0
m 184 77 3 10.25 106.25 1.0
m 184 93 3 10.25 106.25 1.0
m 184 102 3 10.25 106.25 1.0
m 184 106 3 10.25 106.25 1.0
m 184 179 3 10.25 106.25 1.0
m 184 222 3 10.25 106.25 1.0
m 184 237 3 10.25 106.25 1.0
b 196 0 326 424
b 196 1 326 424
b 196 2 326 424
b 196 3 326 424
b 199 0 275 389
m 199 103 0 275 389
b 199 1 275 389
b 199 2 275 389
b 199 3 275 389
m 199 103 3 7.75 66.25 0.2733801389715367
b 203 0 419 422
m 203 14 0 419 422
m 203 19 0 419 422
m 203 45 0 419 422
m 203 77 0 419 422
m 203 106 0 419 422
m 203 200 0 419 422
m 203 222 0 419 422
m 203 237 0 419 422
b 203 1 419 422
m 203 14 1 419 422
m 203 19 1 419 422
m 203 45 1 419 422
m 203 77 1 419 422
m 203 106 1 419 422
m 203 200 1 419 422
m 203 222 1 419 422
m 203 237 1 419 422
b 203 3 419 422
m 203 45 3 8.75 78.25 0.8024047857381191
m 203 77 3 8.75 78.25 0.8024047857381191
m 203 222 3 8.75 78.25 0.8024047857381191
m 203 200 3 8.75 78.25 0.8024047857381191
m 203 106 3 8.75 78.25 0.8024047857381191
m 203 19 3 8.75 78.25 0.8024047857381191
m 203 237 3 8.75 78.25 0.8024047857381191
b 208 0 399 439
m 208 14 0 399 439
m 208 19 0 399 439
m 208 45 0 399 439
m 208 106 0 399 439
m 208 200 0 399 439
m 208 237 0 399 439
b 208 1 399 439
m 208 14 1 399 439
m 208 19 1 399 439
m 208 45 1 399 439
m 208 106 1 399 439
m 208 200 1 399 439
m 208 237 1 399 439
b 208 3 399 439
m 208 19 3 8.75 79.25 0.5648369692704667
m 208 200 3 8.75 79.25 0.5648369692704667
m 208 106 3 8.75 79.25 0.5648369692704667
m 208 45 3 8.75 79.25 0.5648369692704667
b 212 0 256 390
m 212 88 0 256 390
m 212 103 0 256 390
m 212 140 0 256 390
b 212 1 256 390
m 212 88 1 256 390
m 212 103 1 256 390
m 212 140 1 256 390
b 212 2 256 390
b 212 3 256 390
m 212 88 3 7.25 60.25 0.19061302681992343
b 9 0 463 405
m 9 100 0 463 405
b 9 1 463 405
m 9 100 1 463 405
b 9 3 463 405
m 9 100 3 7.8 72.60000000000001 1.0
b 14 0 406 478
b 14 1 406 478
b 14 3 406 478
b 19 0 462 401
m 19 100 0 462 401
b 19 1 462 401
m 19 100 1 462 401
b 19 3 462 401
m 19 100 3 7.2 60.4 0.5
b 45 0 387 398
b 45 1 387 398
b 45 3 387 398
b 56 0 347 360
m 56 2 0 347 360
m 56 13 0 347 360
m 56 57 0 347 360
m 56 190 0 347 360
b 56 1 347 360
m 56 2 1 347 360
m 56 13 1 347 360
m 56 57 1 347 360
m 56 61 1 347 360
m 56 101 1 347 360
m 56 190 1 347 360
m 56 193 1 347 360
b 56 3 347 360
m 56 13 3 8.8 78.8 0.7712606571733557
m 56 2 3 8.8 78.8 0.7712606571733557
m 56 190 3 8.8 78.8 0.7712606571733557
m 56 193 3 8.8 78.8 0.7712606571733557
m 56 57 3 8.8 78.8 0.7712606571733557
m 56 61 3 8.8 78.8 0.7712606571733557
b 61 0 295 335
m 61 2 0 295 335
m 61 13 0 295 335
m 61 27 0 295 335
m 61 37 0 295 335
m 61 190 0 295 335
m 61 191 0 295 335
m 61 227 0 295 335
b 63 0 401 337
m 63 2 0 401 337
m 63 6 0 401 337
m 63 13 0 401 337
m 63 18 0 401 337
m 63 57 0 401 337
m 63 78 0 401 337
m 63 104 0 401 337
m 63 120 0 401 337
m 63 134 0 401 337
m 63 190 0 401 337
b 63 1 401 337
b 63 3 401 337
m 63 2 3 10.4 109.2 1.0
m 63 6 3 10.4 109.2 1.0
m 63 13 3 10.4 109.2 1.0
m 63 18 3 10.4 109.2 1.0
m 63 57 3 10.4 109.2 1.0
m 63 78 3 10.4 109.2 1.0
m 63 104 3 10.4 109.2 1.0
m 63 120 3 10.4 109.2 1.0
m 63 134 3 10.4 109.2 1.0
m 63 190 3 10.4 109.2 1.0
b 69 0 151 385
m 69 38 0 151 385
m 69 51 0 151 385
m 69 65 0 151 385
m 69 105 0 151 385
m 69 121 0 151 385
m 69 137 0 151 385
m 69 168 0 151 385
m 69 192 0 151 385
m 69 205 0 151 385
m 69 217 0 151 385
b 69 1 151 385
m 69 38 1 151 385
m 69 51 1 151 385
m 69 65 1 151 385
m 69 105 1 151 385
m 69 121 1 151 385
m 69 137 1 151 385
m 69 168 1 151 385
m 69 192 1 151 385
m 69 205 1 151 385
m 69 217 1 151 385
b 77 0 494 406
b 77 1 494 406
b 77 3 494 406
b 88 0 181 343
m 88 37 0 181 343
m 88 38 0 181 343
m 88 65 0 181 343
m 88 92 0 181 343
m 88 99 0 181 343
m 88 117 0 181 343
m 88 137 0 181 343
m 88 194 0 181 343
m 88 207 0 181 343
m 88 227 0 181 343
b 88 1 181 343
m 88 37 1 181 343
m 88 38 1 181 343
m 88 65 1 181 343
m 88 92 1 181 343
m 88 99 1 181 343
m 88 117 1 181 343
m 88 137 1 181 343
m 88 194 1 181 343
m 88 207 1 181 343
m 88 227 1 181 343
b 88 3 181 343
m 88 227 3 8.4 82.0 0.3109301720232105
m 88 69 3 8.4 82.0 0.3109301720232105
m 88 92 3 8.4 82.0 0.3109301720232105
m 88 137 3 8.4 82.0 0.3109301720232105
b 93 0 396 371
m 93 13 0 396 371
m 93 57 0 396 371
m 93 104 0 396 371
b 93 1 396 371
m 93 13 1 396 371
m 93 57 1 396 371
m 93 104 1 396 371
b 93 3 396 371
m 93 57 3 9.0 85.4 0.2
b 98 0 132 459
m 98 51 0 132 459
m 98 105 0 132 459
m 98 130 0 132 459
m 98 141 0 132 459
m 98 168 0 132 459
m 98 192 0 132 459
m 98 205 0 132 459
m 98 210 0 132 459
m 98 217 0 132 459
m 98 236 0 132 459
b 98 1 132 459
m 98 51 1 132 459
m 98 105 1 132 459
m 98 130 1 132 459
m 98 141 1 132 459
m 98 168 1 132 459
m 98 192 1 132 459
m 98 205 1 132 459
m 98 210 1 132 459
m 98 217 1 132 459
m 98 236 1 132 459
b 98 3 132 459
m 98 105 3 9.0 89.8 0.48769945891921695
m 98 51 3 9.0 89.8 0.48769945891921695
m 98 130 3 9.0 89.8 0.48769945891921695
m 98 217 3 9.0 89.8 0.48769945891921695
m 98 141 3 9.0 89.8 0.48769945891921695
m 98 69 3 9.0 89.8 0.48769945891921695
b 101 0 310 315
m 101 2 0 310 315
m 101 13 0 310 315
m 101 27 0 310 315
m 101 44 0 310 315
m 101 190 0 310 315
m 101 191 0 310 315
b 102 0 374 326
m 102 2 0 374 326
m 102 13 0 374 326
m 102 57 0 374 326
m 102 104 0 374 326
m 102 190 0 374 326
b 102 1 374 326
m 102 2 1 374 326
m 102 13 1 374 326
m 102 57 1 374 326
m 102 104 1 374 326
m 102 190 1 374 326
b 102 3 374 326
m 102 190 3 8.2 69.4 0.7620152278210623
m 102 13 3 8.2 69.4 0.7620152278210623
m 102 2 3 8.2 69.4 0.7620152278210623
m 102 57 3 8.2 69.4 0.7620152278210623
m 102 104 3 8.2 69.4 0.7620152278210623
b 103 0 254 347
m 103 37 0 254 347
m 103 96 0 254 347
m 103 99 0 254 347
m 103 227 0 254 347
b 103 1 254 347
b 103 3 254 347
m 103 96 3 6.800000000000001 55.599999999999994 0.8629669689658042
m 103 101 3 6.800000000000001 55.599999999999994 0.8629669689658042
m 103 193 3 6.800000000000001 55.599999999999994 0.8629669689658042
m 103 61 3 6.800000000000001 55.599999999999994 0.8629669689658042
m 103 99 3 6.800000000000001 55.599999999999994 0.8629669689658042
m 103 227 3 6.800000000000001 55.599999999999994 0.8629669689658042
m 103 37 3 6.800000000000001 55.599999999999994 0.8629669689658042
b 106 0 405 388
m 106 100 0 405 388
b 106 1 405 388
m 106 100 1 405 388
b 106 3 405 388
m 106 100 3 7.0 59.800000000000004 1.0
b 108 0 389 338
m 108 2 0 389 338
m 108 13 0 389 338
m 108 57 0 389 338
m 108 104 0 389 338
m 108 190 0 389 338
b 108 1 389 338
m 108 2 1 389 338
m 108 13 1 389 338
m 108 57 1 389 338
m 108 101 1 389 338
m 108 104 1 389 338
m 108 190 1 389 338
b 108 3 389 338
m 108 2 3 8.6 75.8 0.6566183407927856
m 108 13 3 8.6 75.8 0.6566183407927856
m 108 101 3 8.6 75.8 0.6566183407927856
m 108 57 3 8.6 75.8 0.6566183407927856
m 108 190 3 8.6 75.8 0.6566183407927856
b 133 3 274 366
m 133 193 3 6.6000000000000005 53.0 0.8433843384338434
m 133 101 3 6.6000000000000005 53.0 0.8433843384338434
m 133 61 3 6.6000000000000005 53.0 0.8433843384338434
m 133 37 3 6.6000000000000005 53.0 0.8433843384338434
m 133 227 3 6.6000000000000005 53.0 0.8433843384338434
m 133 13 3 6.6000000000000005 53.0 0.8433843384338434
b 136 0 104 445
m 136 11 0 104 445
m 136 51 0 104 445
m 136 105 0 104 445
m 136 130 0 104 445
m 136 141 0 104 445
m 136 168 0 104 445
m 136 178 0 104 445
m 136 192 0 104 445
m 136 198 0 104 445
m 136 205 0 104 445
m 136 210 0 104 445
m 136 217 0 104 445
m 136 236 0 104 445
b 136 1 104 445
m 136 11 1 104 445
m 136 51 1 104 445
m 136 105 1 104 445
m 136 130 1 104 445
m 136 141 1 104 445
m 136 168 1 104 445
m 136 178 1 104 445
m 136 192 1 104 445
m 136 198 1 104 445
m 136 205 1 104 445
m 136 210 1 104 445
m 136 217 1 104 445
m 136 236 1 104 445
b 136 3 104 445
m 136 105 3 8.6 88.2 0.7530270635529708
m 136 69 3 8.6 88.2 0.7530270635529708
m 136 130 3 8.6 88.2 0.7530270635529708
m 136 217 3 8.6 88.2 0.7530270635529708
m 136 198 3 8.6 88.2 0.7530270635529708
m 136 141 3 8.6 88.2 0.7530270635529708
m 136 51 3 8.6 88.2 0.7530270635529708
m 136 168 3 8.6 88.2 0.7530270635529708
m 136 11 3 8.6 88.2 0.7530270635529708
m 136 192 3 8.6 88.2 0.7530270635529708
m 136 205 3 8.6 88.2 0.7530270635529708
b 139 0 150 482
m 139 105 0 150 482
m 139 130 0 150 482
m 139 141 0 150 482
m 139 168 0 150 482
m 139 205 0 150 482
b 139 1 150 482
m 139 105 1 150 482
m 139 130 1 150 482
m 139 141 1 150 482
m 139 168 1 150 482
m 139 205 1 150 482
b 139 3 150 482
m 139 105 3 7.199999999999999 58.8 0.6031020161535549
m 139 168 3 7.199999999999999 58.8 0.6031020161535549
m 139 205 3 7.199999999999999 58.8 0.6031020161535549
m 139 141 3 7.199999999999999 58.8 0.6031020161535549
b 140 0 192 349
m 140 37 0 192 349
m 140 38 0 192 349
m 140 65 0 192 349
m 140 92 0 192 349
m 140 99 0 192 349
m 140 117 0 192 349
m 140 137 0 192 349
m 140 194 0 192 349
m 140 207 0 192 349
m 140 227 0 192 349
b 140 1 192 349
b 146 0 189 461
m 146 168 0 189 461
m 146 205 0 189 461
b 146 1 189 461
b 146 3 189 461
m 146 160 3 6.6 52.2 0.3123036070755758
b 153 3 188 438
m 153 160 3 6.6 52.2 0.3123036070755758
m 153 69 3 6.6 52.2 0.3123036070755758
b 160 0 196 465
m 160 168 0 196 465
m 160 205 0 196 465
b 160 1 196 465
m 160 168 1 196 465
m 160 205 1 196 465
b 174 0 327 328
m 174 2 0 327 328
m 174 13 0 327 328
m 174 27 0 327 328
m 174 190 0 327 328
m 174 191 0 327 328
b 174 1 327 328
m 174 2 1 327 328
m 174 13 1 327 328
m 174 27 1 327 328
m 174 61 1 327 328
m 174 101 1 327 328
m 174 190 1 327 328
m 174 191 1 327 328
m 174 193 1 327 328
b 174 3 327 328
m 174 13 3 9.8 96.60000000000001 0.8038235552047706
m 174 2 3 9.8 96.60000000000001 0.8038235552047706
m 174 27 3 9.8 96.60000000000001 0.8038235552047706
m 174 191 3 9.8 96.60000000000001 0.8038235552047706
m 174 61 3 9.8 96.60000000000001 0.8038235552047706
m 174 190 3 9.8 96.60000000000001 0.8038235552047706
m 174 193 3 9.8 96.60000000000001 0.8038235552047706
b 179 0 436 315
m 179 6 0 436 315
m 179 18 0 436 315
m 179 21 0 436 315
m 179 57 0 436 315
m 179 78 0 436 315
m 179 100 0 436 315
m 179 104 0 436 315
m 179 120 0 436 315
b 179 1 436 315
b 179 3 436 315
m 179 6 3 9.8 96.60000000000001 0.8038235552047706
m 179 100 3 9.8 96.60000000000001 0.8038235552047706
m 179 57 3 9.8 96.60000000000001 0.8038235552047706
m 179 104 3 9.8 96.60000000000001 0.8038235552047706
m 179 78 3 9.8 96.60000000000001 0.8038235552047706
m 179 18 3 9.8 96.60000000000001 0.8038235552047706
m 179 21 3 9.8 96.60000000000001 0.8038235552047706
b 193 0 297 303
m 193 2 0 297 303
m 193 13 0 297 303
m 193 27 0 297 303
m 193 37 0 297 303
m 193 44 0 297 303
m 193 190 0 297 303
m 193 191 0 297 303
b 200 0 442 485
b 200 1 442 485
b 200 3 442 485
b 222 0 459 365
m 222 6 0 459 365
m 222 15 0 459 365
m 222 18 0 459 365
m 222 57 0 459 365
m 222 100 0 459 365
m 222 120 0 459 365
b 222 1 459 365
m 222 6 1 459 365
m 222 15 1 459 365
m 222 18 1 459 365
m 222 57 1 459 365
m 222 100 1 459 365
m 222 120 1 459 365
b 222 3 459 365
m 222 15 3 8.6 75.8 0.6566183407927856
m 222 6 3 8.6 75.8 0.6566183407927856
m 222 18 3 8.6 75.8 0.6566183407927856
m 222 100 3 8.6 75.8 0.6566183407927856
b 237 0 433 450
b 237 1 433 450
b 237 3 433 450
b 2 0 366 269
m 2 35 0 366 269
m 2 152 0 366 269
m 2 162 0 366 269
b 2 1 366 269
m 2 35 1 366 269
m 2 44 1 366 269
m 2 78 1 366 269
m 2 134 1 366 269
m 2 152 1 366 269
m 2 162 1 366 269
b 2 3 366 269
m 2 35 3 8.166666666666666 69.83333333333334 0.37110454478102184
b 6 0 420 310
m 6 152 0 420 310
m 6 182 0 420 310
b 6 1 420 310
m 6 21 1 420 310
m 6 78 1 420 310
m 6 134 1 420 310
m 6 152 1 420 310
m 6 182 1 420 310
b 6 3 420 310
m 6 182 3 9.0 91.66666666666667 0.5
m 6 152 3 9.0 91.66666666666667 0.5
b 11 0 47 411
m 11 211 0 47 411
b 11 1 47 411
m 11 211 1 47 411
b 11 3 47 411
m 11 211 3 8.6 88.2 -1.0
b 13 0 322 330
b 13 1 322 330
m 13 44 1 322 330
b 13 3 322 330
m 13 44 3 7.5 65.83333333333334 1.0
b 15 0 472 323
b 15 1 472 323
m 15 21 1 472 323
m 15 78 1 472 323
b 15 3 472 323
b 18 0 480 345
b 18 1 480 345
m 18 21 1 480 345
b 18 3 480 345
b 21 0 466 309
b 21 3 466 309
b 27 0 323 273
m 27 35 0 323 273
m 27 76 0 323 273
m 27 112 0 323 273
m 27 164 0 323 273
b 27 1 323 273
m 27 35 1 323 273
m 27 44 1 323 273
m 27 76 1 323 273
m 27 112 1 323 273
m 27 164 1 323 273
b 27 3 323 273
m 27 44 3 9.0 84.66666666666669 0.23423245533386278
m 27 35 3 9.0 84.66666666666669 0.23423245533386278
b 37 0 244 343
b 37 1 244 343
m 37 96 1 244 343
b 37 3 244 343
m 37 140 3 6.333333333333334 49.0 0.3082556731249724
m 37 65 3 6.333333333333334 49.0 0.3082556731249724
b 38 0 138 371
m 38 81 0 138 371
b 38 1 138 371
m 38 81 1 138 371
b 44 0 317 270
m 44 76 0 317 270
m 44 112 0 317 270
m 44 164 0 317 270
m 44 214 0 317 270
b 51 0 110 383
m 51 1 0 110 383
m 51 71 0 110 383
m 51 74 0 110 383
m 51 81 0 110 383
m 51 235 0 110 383
b 51 1 110 383
m 51 1 1 110 383
m 51 71 1 110 383
m 51 74 1 110 383
m 51 81 1 110 383
m 51 235 1 110 383
b 51 3 110 383
m 51 236 3 9.166666666666666 91.5 0.3411042885267125
m 51 235 3 9.166666666666666 91.5 0.3411042885267125
m 51 74 3 9.166666666666666 91.5 0.3411042885267125
b 57 0 376 314
m 57 35 0 376 314
m 57 152 0 376 314
m 57 162 0 376 314
b 57 1 376 314
m 57 35 1 376 314
m 57 78 1 376 314
m 57 134 1 376 314
m 57 152 1 376 314
m 57 162 1 376 314
b 57 3 376 314
m 57 35 3 7.833333333333333 67.16666666666667 0.3333333333333333
b 61 1 287 345
b 61 3 287 345
b 65 0 189 325
m 65 107 0 189 325
b 65 1 189 325
m 65 107 1 189 325
b 69 3 149 374
m 69 38 3 8.0 74.33333333333333 0.16666666666666666
m 69 121 3 8.0 74.33333333333333 0.16666666666666666
b 78 0 425 286
m 78 35 0 425 286
m 78 115 0 425 286
m 78 142 0 425 286
m 78 152 0 425 286
m 78 162 0 425 286
m 78 182 0 425 286
b 78 3 425 286
m 78 142 3 10.0 101.66666666666667 0.5526315789473681
m 78 115 3 10.0 101.66666666666667 0.5526315789473681
m 78 35 3 10.0 101.66666666666667 0.5526315789473681
m 78 152 3 10.0 101.66666666666667 0.5526315789473681
b 92 0 179 265
m 92 29 0 179 265
m 92 73 0 179 265
m 92 80 0 179 265
m 92 85 0 179 265
m 92 107 0 179 265
m 92 118 0 179 265
m 92 122 0 179 265
m 92 155 0 179 265
m 92 158 0 179 265
b 92 1 179 265
m 92 29 1 179 265
m 92 73 1 179 265
m 92 80 1 179 265
m 92 85 1 179 265
m 92 96 1 179 265
m 92 107 1 179 265
m 92 118 1 179 265
m 92 122 1 179 265
m 92 155 1 179 265
m 92 158 1 179 265
b 92 3 179 265
m 92 65 3 9.333333333333334 101.0 0.29822621216084905
m 92 194 3 9.333333333333334 101.0 0.29822621216084905
m 92 155 3 9.333333333333334 101.0 0.29822621216084905
m 92 207 3 9.333333333333334 101.0 0.29822621216084905
b 96 0 254 258
m 96 68 0 254 258
m 96 73 0 254 258
m 96 76 0 254 258
m 96 85 0 254 258
m 96 122 0 254 258
m 96 132 0 254 258
m 96 155 0 254 258
m 96 158 0 254 258
b 96 3 254 258
m 96 44 3 7.666666666666667 70.33333333333334 1.0
m 96 68 3 7.666666666666667 70.33333333333334 1.0
m 96 73 3 7.666666666666667 70.33333333333334 1.0
m 96 76 3 7.666666666666667 70.33333333333334 1.0
m 96 85 3 7.666666666666667 70.33333333333334 1.0
m 96 122 3 7.666666666666667 70.33333333333334 1.0
m 96 132 3 7.666666666666667 70.33333333333334 1.0
m 96 155 3 7.666666666666667 70.33333333333334 1.0
m 96 158 3 7.666666666666667 70.33333333333334 1.0
m 96 194 3 7.666666666666667 70.33333333333334 1.0
b 99 0 222 338
m 99 155 0 222 338
b 99 1 222 338
b 99 3 222 338
m 99 155 3 6.666666666666667 52.333333333333336 0.7649400516577347
m 99 207 3 6.666666666666667 52.333333333333336 0.7649400516577347
m 99 194 3 6.666666666666667 52.333333333333336 0.7649400516577347
m 99 140 3 6.666666666666667 52.333333333333336 0.7649400516577347
b 100 0 486 353
b 100 1 486 353
m 100 21 1 486 353
b 100 3 486 353
b 101 1 300 321
m 101 44 1 300 321
b 101 3 300 321
m 101 44 3 5.833333333333334 46.5 1.0
b 104 0 386 292
m 104 35 0 386 292
m 104 115 0 386 292
m 104 152 0 386 292
m 104 162 0 386 292
m 104 182 0 386 292
b 104 1 386 292
b 104 3 386 292
m 104 35 3 9.5 95.16666666666667 0.2
m 104 182 3 9.5 95.16666666666667 0.2
b 105 0 134 444
b 105 1 134 444
b 105 3 134 444
m 105 236 3 8.166666666666666 77.5 0.25
b 117 0 151 328
m 117 81 0 151 328
m 117 89 0 151 328
m 117 107 0 151 328
b 117 1 151 328
m 117 81 1 151 328
m 117 89 1 151 328
m 117 107 1 151 328
b 120 0 474 306
b 120 1 474 306
m 120 21 1 474 306
m 120 78 1 474 306
b 120 3 474 306
b 121 0 73 363
m 121 211 0 73 363
b 121 1 73 363
b 130 0 89 497
m 130 25 0 89 497
m 130 143 0 89 497
b 130 1 89 497
b 130 3 89 497
m 130 178 3 8.333333333333334 79.0 0.2
m 130 236 3 8.333333333333334 79.0 0.2
b 134 0 422 256
m 134 7 0 422 256
m 134 35 0 422 256
m 134 115 0 422 256
m 134 142 0 422 256
m 134 151 0 422 256
m 134 152 0 422 256
m 134 157 0 422 256
m 134 162 0 422 256
m 134 182 0 422 256
b 134 3 422 256
m 134 115 3 10.333333333333332 107.66666666666667 0.8101867572156194
m 134 7 3 10.333333333333332 107.66666666666667 0.8101867572156194
m 134 142 3 10.333333333333332 107.66666666666667 0.8101867572156194
m 134 157 3 10.333333333333332 107.66666666666667 0.8101867572156194
m 134 162 3 10.333333333333332 107.66666666666667 0.8101867572156194
m 134 151 3 10.333333333333332 107.66666666666667 0.8101867572156194
m 134 152 3 10.333333333333332 107.66666666666667 0.8101867572156194
m 134 35 3 10.333333333333332 107.66666666666667 0.8101867572156194
m 134 182 3 10.333333333333332 107.66666666666667 0.8101867572156194
b 137 0 145 396
b 137 1 145 396
b 137 3 145 396
m 137 38 3 8.0 74.33333333333333 0.16666666666666666
m 137 207 3 8.0 74.33333333333333 0.16666666666666666
b 141 0 89 472
m 141 211 0 89 472
b 141 1 89 472
m 141 211 1 89 472
b 141 3 89 472
m 141 211 3 9.0 89.8 -1.0
b 160 3 203 474
b 168 0 161 423
b 168 1 161 423
b 168 3 161 423
m 168 38 3 7.5 74.16666666666667 0.5
b 178 0 68 420
m 178 211 0 68 420
b 178 1 68 420
b 190 0 357 272
m 190 35 0 357 272
m 190 162 0 357 272
b 190 1 357 272
b 190 3 357 272
m 190 162 3 8.333333333333332 71.66666666666667 0.5600086905037772
b 191 0 311 251
m 191 35 0 311 251
m 191 76 0 311 251
m 191 112 0 311 251
m 191 164 0 311 251
m 191 214 0 311 251
b 191 1 311 251
m 191 35 1 311 251
m 191 44 1 311 251
m 191 76 1 311 251
m 191 96 1 311 251
m 191 112 1 311 251
m 191 164 1 311 251
m 191 214 1 311 251
b 191 3 311 251
m 191 44 3 9.5 91.16666666666669 0.7299577658576426
m 191 112 3 9.5 91.16666666666669 0.7299577658576426
m 191 164 3 9.5 91.16666666666669 0.7299577658576426
m 191 35 3 9.5 91.16666666666669 0.7299577658576426
b 192 0 130 416
b 192 1 130 416
b 192 3 130 416
m 192 38 3 8.0 77.66666666666667 0.2
m 192 121 3 8.0 77.66666666666667 0.2
b 193 1 286 297
m 193 44 1 286 297
m 193 96 1 286 297
b 193 3 286 297
m 193 44 3 7.5 65.83333333333334 1.0
b 194 0 195 313
m 194 29 0 195 313
m 194 73 0 195 313
m 194 80 0 195 313
m 194 85 0 195 313
m 194 107 0 195 313
m 194 118 0 195 313
m 194 122 0 195 313
m 194 155 0 195 313
m 194 158 0 195 313
b 194 1 195 313
m 194 29 1 195 313
m 194 73 1 195 313
m 194 80 1 195 313
m 194 85 1 195 313
m 194 96 1 195 313
m 194 107 1 195 313
m 194 118 1 195 313
m 194 122 1 195 313
m 194 155 1 195 313
m 194 158 1 195 313
b 198 0 63 456
m 198 211 0 63 456
b 198 1 63 456
b 198 3 63 456
m 198 211 3 8.6 88.2 -1.0
b 205 0 150 421
b 205 1 150 421
b 205 3 150 421
m 205 38 3 7.833333333333334 76.16666666666667 0.25
b 207 0 161 307
m 207 80 0 161 307
m 207 85 0 161 307
m 207 107 0 161 307
m 207 118 0 161 307
b 207 1 161 307
m 207 80 1 161 307
m 207 85 1 161 307
m 207 107 1 161 307
m 207 118 1 161 307
b 210 0 82 438
m 210 211 0 82 438
b 210 1 82 438
m 210 211 1 82 438
b 217 0 144 368
m 217 81 0 144 368
b 217 1 144 368
m 217 81 1 144 368
b 217 3 144 368
m 217 38 3 8.666666666666666 83.0 0.1101117767043565
b 227 0 259 346
b 227 1 259 346
m 227 96 1 259 346
b 227 3 259 346
m 227 140 3 7.333333333333333 69.0 0.5
m 227 194 3 7.333333333333333 69.0 0.5
b 236 0 63 443
m 236 211 0 63 443
b 236 1 63 443
b 1 0 71 381
m 1 211 0 71 381
b 1 1 71 381
b 7 0 456 173
m 7 20 0 456 173
m 7 43 0 456 173
m 7 185 0 456 173
b 7 3 456 173
m 7 20 3 9.57142857142857 95.85714285714286 0.06957236516674717
b 21 1 466 321
b 25 0 57 462
m 25 211 0 57 462
b 29 0 165 280
m 29 24 0 165 280
b 29 1 165 280
m 29 24 1 165 280
b 35 0 398 243
m 35 20 0 398 243
b 35 1 398 243
m 35 20 1 398 243
m 35 115 1 398 243
m 35 142 1 398 243
m 35 151 1 398 243
m 35 157 1 398 243
b 35 3 398 243
m 35 20 3 7.285714285714286 60.42857142857144 0.5
b 38 3 141 383
m 38 117 3 7.142857142857142 64.28571428571429 0.5
m 38 81 3 7.142857142857142 64.28571428571429 0.5
b 44 1 318 282
b 44 3 318 282
m 44 214 3 6.571428571428572 56.571428571428584 1.0
b 65 3 201 323
m 65 107 3 6.0 44.285714285714285 0.3245400129998779
m 65 80 3 6.0 44.285714285714285 0.3245400129998779
b 68 0 240 202
m 68 3 0 240 202
m 68 48 0 240 202
m 68 83 0 240 202
m 68 87 0 240 202
m 68 171 0 240 202
m 68 188 0 240 202
b 68 3 240 202
m 68 3 3 7.7142857142857135 69.42857142857143 0.5319148936170213
m 68 171 3 7.7142857142857135 69.42857142857143 0.5319148936170213
m 68 48 3 7.7142857142857135 69.42857142857143 0.5319148936170213
b 71 0 23 365
m 71 211 0 23 365
b 71 1 23 365
m 71 211 1 23 365
b 73 0 190 244
m 73 3 0 190 244
m 73 83 0 190 244
m 73 87 0 190 244
m 73 188 0 190 244
b 73 1 190 244
m 73 3 1 190 244
m 73 68 1 190 244
m 73 83 1 190 244
m 73 87 1 190 244
m 73 132 1 190 244
m 73 188 1 190 244
b 73 3 190 244
m 73 80 3 7.7142857142857135 69.42857142857143 0.5319148936170213
m 73 188 3 7.7142857142857135 69.42857142857143 0.5319148936170213
m 73 87 3 7.7142857142857135 69.42857142857143 0.5319148936170213
m 73 83 3 7.7142857142857135 69.42857142857143 0.5319148936170213
m 73 107 3 7.7142857142857135 69.42857142857143 0.5319148936170213
b 74 0 34 388
m 74 211 0 34 388
b 74 1 34 388
m 74 211 1 34 388
b 74 3 34 388
m 74 211 3 9.166666666666666 91.5 -1.0
b 76 0 246 214
m 76 3 0 246 214
m 76 23 0 246 214
m 76 48 0 246 214
m 76 83 0 246 214
m 76 87 0 246 214
m 76 171 0 246 214
m 76 188 0 246 214
b 76 1 246 214
b 76 3 246 214
m 76 3 3 7.7142857142857135 69.42857142857143 0.5319148936170213
m 76 23 3 7.7142857142857135 69.42857142857143 0.5319148936170213
m 76 214 3 7.7142857142857135 69.42857142857143 0.5319148936170213
m 76 171 3 7.7142857142857135 69.42857142857143 0.5319148936170213
m 76 48 3 7.7142857142857135 69.42857142857143 0.5319148936170213
b 78 1 428 298
m 78 115 1 428 298
m 78 142 1 428 298
b 80 0 166 268
m 80 24 0 166 268
b 80 1 166 268
m 80 24 1 166 268
b 81 0 96 317
m 81 95 0 96 317
m 81 113 0 96 317
m 81 135 0 96 317
m 81 238 0 96 317
b 81 1 96 317
b 85 0 207 268
b 85 1 207 268
m 85 68 1 207 268
m 85 132 1 207 268
b 85 3 207 268
m 85 118 3 7.285714285714286 63.85714285714286 0.2
b 89 0 66 326
m 89 95 0 66 326
m 89 113 0 66 326
m 89 135 0 66 326
m 89 149 0 66 326
m 89 218 0 66 326
m 89 226 0 66 326
m 89 238 0 66 326
b 89 1 66 326
b 96 1 259 247
m 96 68 1 259 247
m 96 87 1 259 247
m 96 132 1 259 247
m 96 188 1 259 247
b 107 0 164 257
m 107 24 0 164 257
b 107 1 164 257
m 107 24 1 164 257
b 112 0 321 218
m 112 20 0 321 218
m 112 23 0 321 218
m 112 48 0 321 218
m 112 128 0 321 218
m 112 163 0 321 218
m 112 219 0 321 218
b 112 1 321 218
b 112 3 321 218
m 112 20 3 9.142857142857142 85.14285714285715 0.6532377149562782
m 112 48 3 9.142857142857142 85.14285714285715 0.6532377149562782
m 112 219 3 9.142857142857142 85.14285714285715 0.6532377149562782
m 112 128 3 9.142857142857142 85.14285714285715 0.6532377149562782
m 112 163 3 9.142857142857142 85.14285714285715 0.6532377149562782
b 115 0 439 241
m 115 20 0 439 241
m 115 43 0 439 241
b 115 3 439 241
m 115 20 3 8.857142857142858 87.71428571428571 0.5
m 115 43 3 8.857142857142858 87.71428571428571 0.5
b 118 0 172 221
m 118 3 0 172 221
m 118 24 0 172 221
m 118 119 0 172 221
b 118 1 172 221
m 118 3 1 172 221
m 118 24 1 172 221
m 118 119 1 172 221
b 121 3 62 366
m 121 211 3 8.0 74.33333333333333 -1.0
b 122 0 179 209
m 122 3 0 179 209
m 122 83 0 179 209
m 122 87 0 179 209
m 122 127 0 179 209
b 122 1 179 209
m 122 3 1 179 209
m 122 68 1 179 209
m 122 83 1 179 209
m 122 87 1 179 209
m 122 127 1 179 209
m 122 132 1 179 209
b 122 3 179 209
m 122 80 3 7.857142857142857 71.85714285714286 0.6713088330109607
m 122 83 3 7.857142857142857 71.85714285714286 0.6713088330109607
m 122 3 3 7.857142857142857 71.85714285714286 0.6713088330109607
m 122 87 3 7.857142857142857 71.85714285714286 0.6713088330109607
m 122 29 3 7.857142857142857 71.85714285714286 0.6713088330109607
m 122 107 3 7.857142857142857 71.85714285714286 0.6713088330109607
b 132 0 256 220
m 132 3 0 256 220
m 132 48 0 256 220
m 132 83 0 256 220
m 132 87 0 256 220
m 132 171 0 256 220
m 132 188 0 256 220
b 132 3 256 220
m 132 3 3 7.7142857142857135 69.42857142857143 0.5319148936170213
m 132 171 3 7.7142857142857135 69.42857142857143 0.5319148936170213
m 132 83 3 7.7142857142857135 69.42857142857143 0.5319148936170213
b 134 1 434 254
m 134 20 1 434 254
m 134 115 1 434 254
m 134 142 1 434 254
m 134 151 1 434 254
m 134 157 1 434 254
b 140 3 196 326
m 140 117 3 5.714285714285714 42.57142857142857 0.026249897164548373
b 142 0 428 208
m 142 20 0 428 208
m 142 43 0 428 208
b 142 3 428 208
m 142 20 3 9.0 88.42857142857143 0.3333333333333333
b 143 0 76 469
m 143 211 0 76 469
b 151 0 434 223
m 151 20 0 434 223
m 151 43 0 434 223
b 151 3 434 223
m 151 20 3 9.285714285714285 93.57142857142858 0.3333333333333333
b 152 0 383 231
m 152 20 0 383 231
b 152 1 383 231
m 152 20 1 383 231
m 152 115 1 383 231
m 152 142 1 383 231
m 152 151 1 383 231
m 152 157 1 383 231
b 152 3 383 231
m 152 20 3 8.0 79.14285714285714 0.5159130184331797
b 155 0 239 245
m 155 3 0 239 245
m 155 83 0 239 245
m 155 87 0 239 245
m 155 188 0 239 245
b 155 1 239 245
b 155 3 239 245
m 155 29 3 9.142857142857142 95.71428571428571 0.09329735932713831
b 157 0 405 190
m 157 20 0 405 190
m 157 185 0 405 190
m 157 219 0 405 190
b 157 3 405 190
m 157 20 3 9.428571428571427 94.57142857142858 0.25
b 158 0 167 255
m 158 24 0 167 255
m 158 87 0 167 255
b 158 1 167 255
b 158 3 167 255
m 158 87 3 7.428571428571428 65.42857142857143 0.08960720130932898
b 162 0 373 218
m 162 20 0 373 218
m 162 128 0 373 218
m 162 219 0 373 218
b 162 1 373 218
m 162 20 1 373 218
m 162 115 1 373 218
m 162 128 1 373 218
m 162 142 1 373 218
m 162 151 1 373 218
m 162 157 1 373 218
m 162 219 1 373 218
b 162 3 373 218
m 162 20 3 9.57142857142857 95.85714285714286 0.06957236516674717
b 164 0 331 221
m 164 20 0 331 221
m 164 23 0 331 221
m 164 48 0 331 221
m 164 128 0 331 221
m 164 163 0 331 221
m 164 219 0 331 221
b 164 1 331 221
m 164 20 1 331 221
m 164 23 1 331 221
m 164 48 1 331 221
m 164 128 1 331 221
m 164 132 1 331 221
m 164 163 1 331 221
m 164 219 1 331 221
b 164 3 331 221
m 164 48 3 9.142857142857142 85.14285714285715 0.6532377149562782
m 164 23 3 9.142857142857142 85.14285714285715 0.6532377149562782
m 164 20 3 9.142857142857142 85.14285714285715 0.6532377149562782
m 164 128 3 9.142857142857142 85.14285714285715 0.6532377149562782
m 164 163 3 9.142857142857142 85.14285714285715 0.6532377149562782
b 178 3 65 409
m 178 211 3 8.333333333333334 79.0 -1.0
b 182 0 451 249
m 182 20 0 451 249
m 182 43 0 451 249
b 182 1 451 249
m 182 7 1 451 249
m 182 20 1 451 249
m 182 43 1 451 249
m 182 115 1 451 249
m 182 142 1 451 249
m 182 151 1 451 249
m 182 157 1 451 249
b 182 3 451 249
m 182 43 3 8.0 79.14285714285714 0.5159130184331797
m 182 20 3 8.0 79.14285714285714 0.5159130184331797
b 194 3 204 321
m 194 107 3 8.571428571428571 88.85714285714286 0.25
m 194 80 3 8.571428571428571 88.85714285714286 0.25
b 207 3 152 299
m 207 29 3 8.714285714285714 90.14285714285714 0.2
m 207 81 3 8.714285714285714 90.14285714285714 0.2
b 214 0 308 204
m 214 20 0 308 204
m 214 23 0 308 204
m 214 48 0 308 204
m 214 128 0 308 204
m 214 163 0 308 204
m 214 188 0 308 204
m 214 213 0 308 204
m 214 219 0 308 204
b 214 1 308 204
b 235 0 47 402
m 235 211 0 47 402
b 235 1 47 402
m 235 211 1 47 402
b 235 3 47 402
m 235 211 3 9.166666666666666 91.5 -1.0
b 236 3 52 440
m 236 211 3 9.166666666666666 91.5 -1.0
b 3 0 243 206
m 3 4 0 243 206
b 3 1 243 206
m 3 4 1 243 206
m 3 171 1 243 206
b 3 3 243 206
m 3 127 3 6.999999999999999 61.25 0.5
m 3 4 3 6.999999999999999 61.25 0.5
b 7 1 461 162
b 20 0 389 233
b 20 1 389 233
b 20 3 389 233
b 23 0 334 199
m 23 0 0 334 199
m 23 39 0 334 199
b 23 1 334 199
m 23 0 1 334 199
m 23 39 1 334 199
m 23 213 1 334 199
b 23 3 334 199
m 23 213 3 7.124999999999999 61.875 0.3333333333333333
b 24 0 96 257
m 24 22 0 96 257
m 24 30 0 96 257
m 24 82 0 96 257
m 24 91 0 96 257
m 24 123 0 96 257
b 24 1 96 257
m 24 22 1 96 257
m 24 30 1 96 257
m 24 82 1 96 257
m 24 91 1 96 257
m 24 113 1 96 257
m 24 123 1 96 257
b 29 3 169 292
m 29 24 3 7.0 63.0 1.0
b 43 0 477 182
b 43 1 477 182
b 43 3 477 182
b 48 0 280 201
m 48 4 0 280 201
b 48 1 280 201
m 48 4 1 280 201
m 48 171 1 280 201
b 48 3 280 201
m 48 4 3 6.874999999999999 60.875 1.0
b 68 1 236 191
m 68 171 1 236 191
b 80 3 166 280
m 80 24 3 5.375 38.875 1.0
b 81 3 100 305
m 81 89 3 7.375 66.375 0.888888888888889
m 81 95 3 7.375 66.375 0.888888888888889
m 81 135 3 7.375 66.375 0.888888888888889
m 81 113 3 7.375 66.375 0.888888888888889
m 81 24 3 7.375 66.375 0.888888888888889
m 81 238 3 7.375 66.375 0.888888888888889
b 83 0 215 186
m 83 4 0 215 186
m 83 42 0 215 186
m 83 114 0 215 186
m 83 150 0 215 186
b 83 1 215 186
m 83 4 1 215 186
m 83 42 1 215 186
m 83 114 1 215 186
m 83 150 1 215 186
m 83 171 1 215 186
b 83 3 215 186
m 83 4 3 7.374999999999999 63.875 0.24882798413270835
m 83 114 3 7.374999999999999 63.875 0.24882798413270835
b 87 0 211 224
b 87 1 211 224
m 87 171 1 211 224
b 87 3 211 224
m 87 127 3 6.874999999999999 60.875 1.0
b 95 0 13 312
m 95 5 0 13 312
m 95 12 0 13 312
m 95 79 0 13 312
b 107 3 173 250
m 107 119 3 5.5 39.25 0.02487993315399326
b 113 0 85 287
m 113 5 0 85 287
m 113 30 0 85 287
m 113 123 0 85 287
b 115 1 449 247
b 117 3 161 350
b 118 3 170 209
b 119 0 125 216
m 119 22 0 125 216
m 119 30 0 125 216
m 119 82 0 125 216
m 119 91 0 125 216
m 119 116 0 125 216
m 119 176 0 125 216
b 119 1 125 216
m 119 22 1 125 216
m 119 30 1 125 216
m 119 82 1 125 216
m 119 91 1 125 216
m 119 116 1 125 216
m 119 176 1 125 216
b 127 0 197 147
m 127 4 0 197 147
m 127 36 0 197 147
m 127 42 0 197 147
m 127 49 0 197 147
m 127 94 0 197 147
m 127 114 0 197 147
m 127 150 0 197 147
m 127 172 0 197 147
m 127 220 0 197 147
m 127 221 0 197 147
b 127 1 197 147
m 127 4 1 197 147
m 127 36 1 197 147
m 127 42 1 197 147
m 127 49 1 197 147
m 127 94 1 197 147
m 127 114 1 197 147
m 127 150 1 197 147
m 127 171 1 197 147
m 127 172 1 197 147
m 127 220 1 197 147
m 127 221 1 197 147
b 128 0 302 176
m 128 0 0 302 176
m 128 39 0 302 176
m 128 197 0 302 176
b 128 1 302 176
m 128 0 1 302 176
m 128 39 1 302 176
m 128 197 1 302 176
m 128 213 1 302 176
b 128 3 302 176
m 128 39 3 8.5 76.50000000000001 0.20628559419671935
b 132 1 265 228
m 132 171 1 265 228
b 135 0 30 307
m 135 5 0 30 307
m 135 30 0 30 307
m 135 64 0 30 307
b 142 1 424 196
b 149 0 43 305
m 149 5 0 43 305
m 149 123 0 43 305
b 151 1 443 231
b 157 1 394 185
m 157 33 1 394 185
m 157 39 1 394 185
m 157 177 1 394 185
m 157 185 1 394 185
b 163 0 312 138
m 163 0 0 312 138
m 163 39 0 312 138
m 163 52 0 312 138
m 163 138 0 312 138
m 163 187 0 312 138
m 163 197 0 312 138
b 163 1 312 138
m 163 0 1 312 138
m 163 39 1 312 138
m 163 52 1 312 138
m 163 138 1 312 138
m 163 187 1 312 138
m 163 197 1 312 138
m 163 213 1 312 138
b 163 3 312 138
m 163 138 3 9.125 84.62500000000001 0.8007565099944701
m 163 39 3 9.125 84.62500000000001 0.8007565099944701
m 163 187 3 9.125 84.62500000000001 0.8007565099944701
m 163 52 3 9.125 84.62500000000001 0.8007565099944701
m 163 0 3 9.125 84.62500000000001 0.8007565099944701
m 163 197 3 9.125 84.62500000000001 0.8007565099944701
m 163 213 3 9.125 84.62500000000001 0.8007565099944701
b 171 0 232 163
m 171 4 0 232 163
m 171 42 0 232 163
m 171 47 0 232 163
m 171 114 0 232 163
m 171 220 0 232 163
m 171 221 0 232 163
b 171 3 232 163
m 171 221 3 7.624999999999999 66.875 0.4733668842493398
m 171 47 3 7.624999999999999 66.875 0.4733668842493398
m 171 42 3 7.624999999999999 66.875 0.4733668842493398
m 171 114 3 7.624999999999999 66.875 0.4733668842493398
b 185 0 421 142
m 185 0 0 421 142
m 185 33 0 421 142
m 185 39 0 421 142
m 185 54 0 421 142
m 185 177 0 421 142
b 188 0 228 192
m 188 4 0 228 192
b 188 1 228 192
m 188 4 1 228 192
m 188 171 1 228 192
b 188 3 228 192
m 188 127 3 6.999999999999999 61.25 0.5
m 188 4 3 6.999999999999999 61.25 0.5
b 213 0 330 130
m 213 0 0 330 130
m 213 39 0 330 130
m 213 52 0 330 130
m 213 54 0 330 130
m 213 138 0 330 130
m 213 187 0 330 130
m 213 197 0 330 130
m 213 216 0 330 130
b 214 3 298 210
b 218 0 35 289
m 218 5 0 35 289
m 218 30 0 35 289
m 218 64 0 35 289
m 218 123 0 35 289
b 219 0 367 154
m 219 0 0 367 154
m 219 33 0 367 154
m 219 39 0 367 154
m 219 187 0 367 154
m 219 197 0 367 154
b 219 1 367 154
m 219 0 1 367 154
m 219 33 1 367 154
m 219 39 1 367 154
m 219 185 1 367 154
m 219 187 1 367 154
m 219 197 1 367 154
m 219 213 1 367 154
b 219 3 367 154
m 219 197 3 9.0 82.50000000000001 0.7449202012659313
m 219 33 3 9.0 82.50000000000001 0.7449202012659313
m 219 185 3 9.0 82.50000000000001 0.7449202012659313
m 219 187 3 9.0 82.50000000000001 0.7449202012659313
m 219 213 3 9.0 82.50000000000001 0.7449202012659313
b 226 0 30 299
m 226 5 0 30 299
m 226 30 0 30 299
m 226 64 0 30 299
m 226 123 0 30 299
b 238 0 58 310
m 238 5 0 58 310
m 238 30 0 58 310
b 0 0 363 144
b 0 1 363 144
m 0 54 1 363 144
b 0 3 363 144
m 0 54 3 8.333333333333332 75.66666666666667 0.5
b 4 0 233 105
m 4 31 0 233 105
m 4 66 0 233 105
m 4 86 0 233 105
m 4 232 0 233 105
b 4 1 233 105
m 4 31 1 233 105
m 4 47 1 233 105
m 4 66 1 233 105
m 4 86 1 233 105
m 4 232 1 233 105
b 4 3 233 105
m 4 172 3 7.222222222222221 63.44444444444444 0.8883926109732562
m 4 66 3 7.222222222222221 63.44444444444444 0.8883926109732562
m 4 94 3 7.222222222222221 63.44444444444444 0.8883926109732562
m 4 86 3 7.222222222222221 63.44444444444444 0.8883926109732562
m 4 220 3 7.222222222222221 63.44444444444444 0.8883926109732562
m 4 31 3 7.222222222222221 63.44444444444444 0.8883926109732562
m 4 232 3 7.222222222222221 63.44444444444444 0.8883926109732562
b 5 0 17 241
m 5 53 0 17 241
b 12 0 17 394
m 12 211 0 17 394
b 22 0 60 180
m 22 16 0 60 180
m 22 26 0 60 180
m 22 53 0 60 180
m 22 159 0 60 180
m 22 169 0 60 180
m 22 231 0 60 180
b 22 1 60 180
m 22 16 1 60 180
m 22 26 1 60 180
m 22 53 1 60 180
m 22 64 1 60 180
m 22 159 1 60 180
m 22 169 1 60 180
m 22 231 1 60 180
b 24 3 91 268
m 24 30 3 7.0 61.44444444444444 1.0
m 24 82 3 7.0 61.44444444444444 1.0
m 24 149 3 7.0 61.44444444444444 1.0
m 24 218 3 7.0 61.44444444444444 1.0
b 30 0 91 243
m 30 26 0 91 243
b 30 1 91 243
m 30 5 1 91 243
m 30 26 1 91 243
m 30 64 1 91 243
m 30 218 1 91 243
m 30 238 1 91 243
b 33 0 435 152
m 33 67 0 435 152
m 33 126 0 435 152
m 33 204 0 435 152
b 33 1 435 152
m 33 67 1 435 152
m 33 126 1 435 152
m 33 204 1 435 152
b 33 3 435 152
m 33 67 3 8.666666666666666 77.33333333333334 0.5262387607059169
m 33 126 3 8.666666666666666 77.33333333333334 0.5262387607059169
b 36 0 125 138
m 36 16 0 125 138
m 36 159 0 125 138
m 36 215 0 125 138
b 36 1 125 138
m 36 16 1 125 138
m 36 159 1 125 138
m 36 215 1 125 138
b 39 0 356 153
b 39 1 356 153
m 39 54 1 356 153
b 39 3 356 153
m 39 54 3 7.777777777777778 68.44444444444446 0.010314279709835977
b 42 0 196 157
b 42 1 196 157
b 42 3 196 157
m 42 94 3 7.444444444444444 63.44444444444444 0.41210553610824824
m 42 36 3 7.444444444444444 63.44444444444444 0.41210553610824824
m 42 150 3 7.444444444444444 63.44444444444444 0.41210553610824824
b 47 0 258 125
m 47 31 0 258 125
m 47 66 0 258 125
m 47 232 0 258 125
b 47 3 258 125
m 47 66 3 7.444444444444444 63.44444444444444 0.41210553610824824
b 49 0 121 138
m 49 16 0 121 138
m 49 50 0 121 138
m 49 159 0 121 138
m 49 195 0 121 138
m 49 215 0 121 138
b 49 1 121 138
b 52 0 325 118
m 52 234 0 325 118
b 52 1 325 118
m 52 47 1 325 118
m 52 54 1 325 118
m 52 216 1 325 118
m 52 234 1 325 118
b 52 3 325 118
m 52 54 3 8.88888888888889 80.66666666666667 0.5967274254854131
m 52 216 3 8.88888888888889 80.66666666666667 0.5967274254854131
b 54 0 353 85
m 54 72 0 353 85
m 54 109 0 353 85
m 54 165 0 353 85
m 54 175 0 353 85
m 54 224 0 353 85
m 54 230 0 353 85
m 54 234 0 353 85
b 64 0 6 208
m 64 26 0 6 208
m 64 53 0 6 208
m 64 169 0 6 208
b 79 0 12 366
m 79 211 0 12 366
b 82 0 41 211
m 82 16 0 41 211
m 82 26 0 41 211
m 82 53 0 41 211
m 82 159 0 41 211
m 82 169 0 41 211
b 82 1 41 211
m 82 5 1 41 211
m 82 16 1 41 211
m 82 26 1 41 211
m 82 53 1 41 211
m 82 64 1 41 211
m 82 159 1 41 211
m 82 169 1 41 211
b 89 3 49 343
m 89 211 3 7.375 66.375 -1.0
b 91 0 36 183
m 91 16 0 36 183
m 91 26 0 36 183
m 91 53 0 36 183
m 91 159 0 36 183
m 91 169 0 36 183
m 91 231 0 36 183
b 91 1 36 183
m 91 5 1 36 183
m 91 16 1 36 183
m 91 26 1 36 183
m 91 53 1 36 183
m 91 64 1 36 183
m 91 159 1 36 183
m 91 169 1 36 183
m 91 231 1 36 183
b 94 0 187 143
m 94 215 0 187 143
b 94 1 187 143
m 94 215 1 187 143
b 95 3 4 305
m 95 149 3 7.333333333333333 64.44444444444444 0.6652236652236653
m 95 71 3 7.333333333333333 64.44444444444444 0.6652236652236653
m 95 218 3 7.333333333333333 64.44444444444444 0.6652236652236653
m 95 5 3 7.333333333333333 64.44444444444444 0.6652236652236653
b 113 1 93 278
b 113 3 93 278
m 113 30 3 7.0 60.77777777777778 0.25
m 113 226 3 7.0 60.77777777777778 0.25
b 114 0 217 119
m 114 86 0 217 119
m 114 232 0 217 119
b 114 1 217 119
m 114 47 1 217 119
m 114 86 1 217 119
m 114 232 1 217 119
b 114 3 217 119
m 114 150 3 7.444444444444443 63.888888888888886 0.3437406924509286
m 114 86 3 7.444444444444443 63.888888888888886 0.3437406924509286
b 116 0 87 136
m 116 16 0 87 136
m 116 26 0 87 136
m 116 50 0 87 136
m 116 159 0 87 136
m 116 169 0 87 136
m 116 195 0 87 136
m 116 215 0 87 136
b 116 1 87 136
m 116 16 1 87 136
m 116 26 1 87 136
m 116 50 1 87 136
m 116 159 1 87 136
m 116 169 1 87 136
m 116 195 1 87 136
m 116 215 1 87 136
b 119 3 136 220
b 123 0 28 221
m 123 26 0 28 221
m 123 53 0 28 221
m 123 169 0 28 221
b 123 1 28 221
m 123 5 1 28 221
m 123 26 1 28 221
m 123 53 1 28 221
m 123 64 1 28 221
m 123 149 1 28 221
m 123 169 1 28 221
b 127 3 209 147
m 127 150 3 6.999999999999999 59.888888888888886 0.8607270865335381
m 127 172 3 6.999999999999999 59.888888888888886 0.8607270865335381
m 127 220 3 6.999999999999999 59.888888888888886 0.8607270865335381
m 127 94 3 6.999999999999999 59.888888888888886 0.8607270865335381
b 135 3 26 319
m 135 149 3 7.222222222222222 63.0 0.4905982905982907
m 135 71 3 7.222222222222222 63.0 0.4905982905982907
m 135 218 3 7.222222222222222 63.0 0.4905982905982907
b 138 0 331 68
m 138 31 0 331 68
m 138 72 0 331 68
m 138 125 0 331 68
m 138 156 0 331 68
m 138 165 0 331 68
m 138 173 0 331 68
m 138 206 0 331 68
m 138 224 0 331 68
m 138 230 0 331 68
m 138 234 0 331 68
b 138 1 331 68
m 138 31 1 331 68
m 138 54 1 331 68
m 138 72 1 331 68
m 138 125 1 331 68
m 138 156 1 331 68
m 138 165 1 331 68
m 138 173 1 331 68
m 138 206 1 331 68
m 138 216 1 331 68
m 138 224 1 331 68
m 138 230 1 331 68
m 138 234 1 331 68
b 138 3 331 68
m 138 72 3 9.444444444444445 91.22222222222223 0.9730111826937091
m 138 156 3 9.444444444444445 91.22222222222223 0.9730111826937091
m 138 125 3 9.444444444444445 91.22222222222223 0.9730111826937091
m 138 206 3 9.444444444444445 91.22222222222223 0.9730111826937091
m 138 165 3 9.444444444444445 91.22222222222223 0.9730111826937091
m 138 173 3 9.444444444444445 91.22222222222223 0.9730111826937091
m 138 230 3 9.444444444444445 91.22222222222223 0.9730111826937091
m 138 224 3 9.444444444444445 91.22222222222223 0.9730111826937091
m 138 216 3 9.444444444444445 91.22222222222223 0.9730111826937091
m 138 54 3 9.444444444444445 91.22222222222223 0.9730111826937091
m 138 234 3 9.444444444444445 91.22222222222223 0.9730111826937091
m 138 31 3 9.444444444444445 91.22222222222223 0.9730111826937091
b 150 0 176 161
b 150 1 176 161
b 171 1 220 162
m 171 47 1 220 162
b 172 0 170 133
m 172 86 0 170 133
m 172 215 0 170 133
m 172 232 0 170 133
b 172 1 170 133
m 172 86 1 170 133
m 172 215 1 170 133
m 172 232 1 170 133
b 176 0 85 177
m 176 16 0 85 177
m 176 26 0 85 177
m 176 159 0 85 177
m 176 169 0 85 177
m 176 215 0 85 177
b 176 1 85 177
m 176 16 1 85 177
m 176 26 1 85 177
m 176 159 1 85 177
m 176 169 1 85 177
m 176 215 1 85 177
b 177 0 439 137
m 177 58 0 439 137
m 177 59 0 439 137
m 177 67 0 439 137
m 177 126 0 439 137
m 177 204 0 439 137
b 177 1 439 137
m 177 58 1 439 137
m 177 59 1 439 137
m 177 67 1 439 137
m 177 126 1 439 137
m 177 204 1 439 137
b 185 1 433 141
m 185 67 1 433 141
m 185 126 1 433 141
b 185 3 433 141
m 185 126 3 8.333333333333334 74.33333333333334 0.3333333333333333
b 187 0 344 121
m 187 165 0 344 121
m 187 224 0 344 121
m 187 234 0 344 121
b 187 1 344 121
m 187 54 1 344 121
m 187 165 1 344 121
m 187 216 1 344 121
m 187 224 1 344 121
m 187 234 1 344 121
b 187 3 344 121
m 187 54 3 8.88888888888889 80.66666666666667 0.5967274254854131
m 187 224 3 8.88888888888889 80.66666666666667 0.5967274254854131
m 187 216 3 8.88888888888889 80.66666666666667 0.5967274254854131
b 197 0 320 87
m 197 72 0 320 87
m 197 125 0 320 87
m 197 165 0 320 87
m 197 224 0 320 87
m 197 230 0 320 87
m 197 234 0 320 87
b 197 1 320 87
b 197 3 320 87
m 197 72 3 9.11111111111111 84.22222222222223 0.8036667056777002
m 197 125 3 9.11111111111111 84.22222222222223 0.8036667056777002
m 197 165 3 9.11111111111111 84.22222222222223 0.8036667056777002
m 197 230 3 9.11111111111111 84.22222222222223 0.8036667056777002
m 197 224 3 9.11111111111111 84.22222222222223 0.8036667056777002
m 197 216 3 9.11111111111111 84.22222222222223 0.8036667056777002
m 197 234 3 9.11111111111111 84.22222222222223 0.8036667056777002
b 213 1 318 127
m 213 54 1 318 127
m 213 234 1 318 127
b 213 3 318 127
m 213 54 3 6.666666666666665 56.0 0.34566210045662094
b 216 0 333 50
m 216 72 0 333 50
m 216 109 0 333 50
m 216 125 0 333 50
m 216 156 0 333 50
m 216 165 0 333 50
m 216 173 0 333 50
m 216 175 0 333 50
m 216 206 0 333 50
m 216 224 0 333 50
m 216 230 0 333 50
m 216 234 0 333 50
b 220 0 198 134
m 220 232 0 198 134
b 220 1 198 134
m 220 47 1 198 134
m 220 232 1 198 134
b 221 0 212 127
m 221 232 0 212 127
b 221 1 212 127
m 221 47 1 212 127
m 221 232 1 212 127
b 221 3 212 127
m 221 150 3 7.666666666666666 66.55555555555556 0.5372994920109248
m 221 172 3 7.666666666666666 66.55555555555556 0.5372994920109248
b 238 3 67 318
m 238 149 3 7.222222222222222 63.0 0.4905982905982907
m 238 218 3 7.222222222222222 63.0 0.4905982905982907
b 5 1 19 229
m 5 95 1 19 229
b 5 3 19 229
m 5 53 3 7.199999999999999 61.6 0.5775050236788237
m 5 22 3 7.199999999999999 61.6 0.5775050236788237
m 5 91 3 7.199999999999999 61.6 0.5775050236788237
m 5 64 3 7.199999999999999 61.6 0.5775050236788237
b 16 0 43 150
m 16 41 0 43 150
m 16 147 0 43 150
m 16 239 0 43 150
b 16 1 43 150
m 16 41 1 43 150
m 16 147 1 43 150
m 16 239 1 43 150
b 26 0 93 207
b 26 1 93 207
b 30 3 103 247
m 30 26 3 6.8999999999999995 58.9 0.8695652173913042
m 30 22 3 6.8999999999999995 58.9 0.8695652173913042
m 30 176 3 6.8999999999999995 58.9 0.8695652173913042
b 31 0 278 57
m 31 62 0 278 57
m 31 167 0 278 57
m 31 229 0 278 57
b 31 1 278 57
m 31 62 1 278 57
m 31 167 1 278 57
m 31 229 1 278 57
b 31 3 278 57
m 31 62 3 6.8 58.0 0.3333333333333333
b 36 3 113 140
m 36 49 3 7.5 63.5 0.5174213953359117
m 36 16 3 7.5 63.5 0.5174213953359117
m 36 116 3 7.5 63.5 0.5174213953359117
m 36 50 3 7.5 63.5 0.5174213953359117
m 36 195 3 7.5 63.5 0.5174213953359117
b 47 1 268 132
b 50 0 69 80
m 50 10 0 69 80
m 50 41 0 69 80
m 50 90 0 69 80
m 50 111 0 69 80
m 50 147 0 69 80
m 50 202 0 69 80
m 50 239 0 69 80
b 50 1 69 80
m 50 10 1 69 80
m 50 41 1 69 80
m 50 90 1 69 80
m 50 111 1 69 80
m 50 147 1 69 80
m 50 202 1 69 80
m 50 239 1 69 80
b 53 0 20 247
b 53 1 20 247
m 53 95 1 20 247
b 54 1 342 89
m 54 109 1 342 89
b 54 3 342 89
m 54 109 3 7.599999999999998 68.19999999999999 0.013157894736842146
b 58 0 496 93
m 58 34 0 496 93
b 58 1 496 93
m 58 34 1 496 93
b 59 0 489 79
m 59 34 0 489 79
b 59 1 489 79
m 59 34 1 489 79
b 64 1 3 196
b 66 0 241 32
m 66 62 0 241 32
m 66 167 0 241 32
m 66 186 0 241 32
m 66 229 0 241 32
b 66 1 241 32
b 66 3 241 32
m 66 186 3 6.9 58.7 0.25
m 66 167 3 6.9 58.7 0.25
b 67 0 465 126
m 67 34 0 465 126
b 67 1 465 126
m 67 34 1 465 126
b 67 3 465 126
m 67 34 3 8.3 72.10000000000001 0.4398270198848893
m 67 59 3 8.3 72.10000000000001 0.4398270198848893
m 67 204 3 8.3 72.10000000000001 0.4398270198848893
b 71 3 4 346
m 71 79 3 6.8 58.4 0.5
m 71 12 3 6.8 58.4 0.5
b 72 0 320 51
b 72 1 320 51
m 72 109 1 320 51
m 72 175 1 320 51
b 72 3 320 51
m 72 109 3 8.7 82.5 0.5
m 72 175 3 8.7 82.5 0.5
b 82 3 32 218
m 82 22 3 7.3 65.3 1.0
m 82 26 3 7.3 65.3 1.0
m 82 53 3 7.3 65.3 1.0
m 82 64 3 7.3 65.3 1.0
m 82 91 3 7.3 65.3 1.0
m 82 123 3 7.3 65.3 1.0
m 82 159 3 7.3 65.3 1.0
m 82 169 3 7.3 65.3 1.0
m 82 176 3 7.3 65.3 1.0
b 86 0 201 40
m 86 62 0 201 40
m 86 110 0 201 40
m 86 167 0 201 40
m 86 186 0 201 40
m 86 223 0 201 40
m 86 229 0 201 40
b 86 1 201 40
m 86 62 1 201 40
m 86 110 1 201 40
m 86 167 1 201 40
m 86 186 1 201 40
m 86 223 1 201 40
m 86 229 1 201 40
b 86 3 201 40
m 86 186 3 7.1 60.7 0.48447887419106034
m 86 110 3 7.1 60.7 0.48447887419106034
m 86 223 3 7.1 60.7 0.48447887419106034
b 94 3 196 151
m 94 49 3 6.6 57.2 1.0
b 109 0 377 8
m 109 32 0 377 8
m 109 145 0 377 8
b 125 0 280 33
m 125 62 0 280 33
m 125 167 0 280 33
m 125 229 0 280 33
b 125 1 280 33
m 125 62 1 280 33
m 125 167 1 280 33
m 125 229 1 280 33
b 125 3 280 33
m 125 62 3 8.8 83.0 0.3333333333333333
b 126 0 457 104
m 126 32 0 457 104
m 126 34 0 457 104
b 126 1 457 104
m 126 32 1 457 104
m 126 34 1 457 104
b 126 3 457 104
m 126 58 3 8.4 73.2 0.5401063563417179
m 126 34 3 8.4 73.2 0.5401063563417179
m 126 59 3 8.4 73.2 0.5401063563417179
m 126 32 3 8.4 73.2 0.5401063563417179
b 149 1 66 301
b 149 3 66 301
m 149 53 3 6.3999999999999995 55.4 1.0
b 150 3 179 173
m 150 49 3 6.8 57.2 1.0
b 156 0 350 4
b 156 1 350 4
b 156 3 350 4
m 156 109 3 8.7 82.5 0.5
b 159 0 75 176
b 159 1 75 176
b 165 0 376 98
b 165 1 376 98
m 165 109 1 376 98
m 165 175 1 376 98
b 165 3 376 98
m 165 175 3 8.7 82.5 0.5
m 165 109 3 8.7 82.5 0.5
b 169 0 36 199
b 169 1 36 199
b 172 3 170 145
m 172 49 3 6.7 57.5 0.5
m 172 215 3 6.7 57.5 0.5
b 173 0 303 37
m 173 167 0 303 37
b 173 1 303 37
m 173 109 1 303 37
m 173 167 1 303 37
b 173 3 303 37
m 173 109 3 8.9 83.69999999999999 0.25
b 175 0 394 15
m 175 32 0 394 15
m 175 124 0 394 15
m 175 145 0 394 15
b 195 0 107 81
m 195 41 0 107 81
m 195 90 0 107 81
m 195 147 0 107 81
m 195 154 0 107 81
m 195 202 0 107 81
b 195 1 107 81
m 195 41 1 107 81
m 195 90 1 107 81
m 195 147 1 107 81
m 195 154 1 107 81
m 195 202 1 107 81
b 204 0 462 60
m 204 17 0 462 60
m 204 32 0 462 60
m 204 34 0 462 60
m 204 124 0 462 60
m 204 145 0 462 60
b 204 1 462 60
m 204 17 1 462 60
m 204 32 1 462 60
m 204 34 1 462 60
m 204 124 1 462 60
m 204 145 1 462 60
b 206 0 263 39
m 206 62 0 263 39
m 206 167 0 263 39
m 206 229 0 263 39
b 206 1 263 39
m 206 62 1 263 39
m 206 167 1 263 39
m 206 229 1 263 39
b 206 3 263 39
m 206 62 3 8.8 83.0 0.3333333333333333
b 215 0 94 124
m 215 202 0 94 124
b 215 1 94 124
b 216 1 323 43
b 216 3 323 43
m 216 109 3 8.2 73.0 0.5
m 216 175 3 8.2 73.0 0.5
b 218 1 59 290
m 218 95 1 59 290
m 218 135 1 59 290
m 218 226 1 59 290
b 218 3 59 290
b 220 3 200 146
b 224 0 340 34
b 224 1 340 34
b 224 3 340 34
m 224 109 3 8.7 82.5 0.5
m 224 175 3 8.7 82.5 0.5
b 226 3 20 321
m 226 79 3 6.5 55.1 0.013382072472981565
b 230 0 364 48
b 230 1 364 48
m 230 109 1 364 48
m 230 175 1 364 48
b 230 3 364 48
m 230 109 3 8.7 82.5 0.5
m 230 175 3 8.7 82.5 0.5
b 231 0 2 125
m 231 41 0 2 125
m 231 147 0 2 125
m 231 180 0 2 125
m 231 189 0 2 125
m 231 239 0 2 125
b 231 1 2 125
m 231 41 1 2 125
m 231 147 1 2 125
m 231 180 1 2 125
m 231 189 1 2 125
m 231 239 1 2 125
b 232 0 220 61
m 232 62 0 220 61
m 232 110 0 220 61
m 232 167 0 220 61
m 232 186 0 220 61
m 232 223 0 220 61
m 232 229 0 220 61
b 232 1 220 61
m 232 62 1 220 61
m 232 110 1 220 61
m 232 167 1 220 61
m 232 186 1 220 61
m 232 223 1 220 61
m 232 229 1 220 61
b 232 3 220 61
m 232 223 3 7.1 60.7 0.48447887419106034
m 232 110 3 7.1 60.7 0.48447887419106034
m 232 186 3 7.1 60.7 0.48447887419106034
b 234 0 332 59
b 234 1 332 59
m 234 109 1 332 59
b 234 3 332 59
m 234 109 3 8.7 82.5 0.5
b 238 1 75 327
m 238 211 1 75 327
b 10 0 47 65
m 10 40 0 47 65
m 10 233 0 47 65
b 10 1 47 65
b 12 3 24 417
m 12 84 3 6.454545454545454 53.909090909090914 0.6770389780543727
m 12 210 3 6.454545454545454 53.909090909090914 0.6770389780543727
b 16 3 31 151
m 16 202 3 7.454545454545455 62.18181818181818 0.4534197941706684
m 16 231 3 7.454545454545455 62.18181818181818 0.4534197941706684
b 17 0 497 2
b 17 1 497 2
b 22 3 53 157
b 26 3 104 213
b 32 0 456 43
b 32 1 456 43
b 32 3 456 43
m 32 17 3 7.909090909090909 67.36363636363636 0.02759164017071351
b 34 0 478 64
b 34 1 478 64
b 34 3 478 64
m 34 145 3 7.7272727272727275 65.90909090909092 0.5
m 34 17 3 7.7272727272727275 65.90909090909092 0.5
b 41 0 30 102
b 41 1 30 102
b 49 3 108 159
b 50 3 72 68
m 50 239 3 7.818181818181818 68.72727272727272 0.6422057457363121
m 50 41 3 7.818181818181818 68.72727272727272 0.6422057457363121
m 50 90 3 7.818181818181818 68.72727272727272 0.6422057457363121
m 50 233 3 7.818181818181818 68.72727272727272 0.6422057457363121
m 50 189 3 7.818181818181818 68.72727272727272 0.6422057457363121
m 50 40 3 7.818181818181818 68.72727272727272 0.6422057457363121
m 50 147 3 7.818181818181818 68.72727272727272 0.6422057457363121
b 53 3 18 259
b 58 3 496 81
b 59 3 478 75
m 59 145 3 7.636363636363637 65.63636363636365 1.0
b 62 0 272 47
b 62 1 272 47
b 62 3 272 47
m 62 229 3 6.2727272727272725 52.81818181818182 1.0
b 64 3 4 192
b 79 3 20 343
m 79 210 3 6.2727272727272725 53.18181818181819 0.01449275362318836
b 90 0 29 40
m 90 40 0 29 40
m 90 233 0 29 40
b 90 1 29 40
m 90 40 1 29 40
m 90 233 1 29 40
b 91 3 16 169
m 91 231 3 6.7272727272727275 56.36363636363637 0.5
b 95 1 11 318
m 95 79 1 11 318
b 109 1 377 4
b 109 3 377 4
b 110 0 155 71
m 110 166 0 155 71
b 110 1 155 71
m 110 166 1 155 71
b 110 3 155 71
m 110 154 3 6.636363636363636 55.54545454545455 0.5
m 110 166 3 6.636363636363636 55.54545454545455 0.5
b 111 0 2 40
m 111 40 0 2 40
m 111 233 0 2 40
b 111 1 2 40
m 111 40 1 2 40
m 111 233 1 2 40
b 116 3 69 121
m 116 147 3 7.2727272727272725 60.0 0.23099169434638914
m 116 202 3 7.2727272727272725 60.0 0.23099169434638914
b 123 3 20 198
b 124 0 431 4
b 124 1 431 4
b 135 1 18 341
b 145 0 439 42
b 145 1 439 42
b 147 0 53 72
m 147 40 0 53 72
m 147 233 0 53 72
b 147 1 53 72
m 147 40 1 53 72
m 147 233 1 53 72
b 154 0 135 21
m 154 28 0 135 21
m 154 166 0 135 21
b 154 1 135 21
m 154 28 1 135 21
m 154 166 1 135 21
b 159 3 77 188
b 167 0 232 1
b 167 1 232 1
b 167 3 232 1
m 167 229 3 6.363636363636363 53.45454545454546 1.0
b 169 3 26 206
b 175 1 389 4
b 175 3 389 4
m 175 124 3 8.090909090909092 75.36363636363636 0.5099113912487441
m 175 145 3 8.090909090909092 75.36363636363636 0.5099113912487441
b 176 3 71 196
b 180 0 8 80
m 180 40 0 8 80
m 180 233 0 8 80
b 180 1 8 80
m 180 40 1 8 80
m 180 233 1 8 80
b 186 0 173 56
b 186 1 173 56
b 186 3 173 56
m 186 154 3 6.545454545454545 54.18181818181819 0.17685542685542688
b 189 0 26 86
m 189 40 0 26 86
m 189 233 0 26 86
b 189 1 26 86
m 189 40 1 26 86
m 189 233 1 26 86
b 195 3 119 83
m 195 154 3 7.363636363636363 61.0 0.3618299528230846
m 195 166 3 7.363636363636363 61.0 0.3618299528230846
b 202 0 56 87
m 202 40 0 56 87
m 202 233 0 56 87
b 202 1 56 87
m 202 40 1 56 87
m 202 233 1 56 87
b 204 3 456 49
m 204 17 3 7.818181818181818 66.36363636363637 0.1655269873625739
b 215 3 85 131
m 215 202 3 6.454545454545454 53.72727272727273 0.7585117001219918
b 223 0 200 13
b 223 1 200 13
b 223 3 200 13
m 223 229 3 6.636363636363636 55.54545454545455 0.5
m 223 154 3 6.636363636363636 55.54545454545455 0.5
b 226 1 15 332
m 226 79 1 15 332
b 229 0 223 39
b 229 1 223 39
b 239 0 34 129
b 239 1 34 129
b 17 3 497 5
b 28 0 98 20
b 28 1 98 20
b 40 0 44 54
b 40 1 44 54
b 40 3 44 54
m 40 10 3 7.5 64.33333333333333 0.25
m 40 28 3 7.5 64.33333333333333 0.25
b 41 3 25 113
b 79 1 23 332
b 84 3 73 462
m 84 143 3 6.166666666666667 50.166666666666664 0.697019935778873
m 84 25 3 6.166666666666667 50.166666666666664 0.697019935778873
m 84 1 3 6.166666666666667 50.166666666666664 0.697019935778873
b 90 3 22 31
m 90 111 3 7.416666666666667 63.74999999999999 0.3333333333333333
b 124 3 420 2
b 145 3 441 53
b 147 3 59 62
m 147 10 3 7.416666666666667 63.74999999999999 0.3333333333333333
b 154 3 147 24
m 154 28 3 6.166666666666666 51.0 0.013513513513513598
b 166 0 112 37
b 166 1 112 37
b 166 3 112 37
m 166 28 3 6.166666666666666 51.0 0.013513513513513598
b 189 3 38 87
m 189 111 3 7.416666666666667 63.74999999999999 0.3333333333333333
b 202 3 48 96
m 202 10 3 7.083333333333333 57.75 0.3333333333333333
b 210 3 69 367
m 210 211 3 6.454545454545454 53.909090909090914 -1.0
b 229 3 214 47
b 231 3 7 102
m 231 111 3 7.083333333333333 57.75 0.3333333333333333
b 233 0 29 48
b 233 1 29 48
b 233 3 29 48
m 233 10 3 7.416666666666667 63.74999999999999 0.3333333333333333
b 239 3 38 140
m 239 180 3 7.333333333333334 63.33333333333333 0.5
m 239 10 3 7.333333333333334 63.33333333333333 0.5
b 1 3 121 432
m 1 211 3 6.166666666666667 50.166666666666664 -1.0
b 10 3 71 67
b 25 3 102 406
m 25 211 3 6.166666666666667 50.166666666666664 -1.0
b 28 3 91 30
b 111 3 6 18
b 143 3 125 417
m 143 211 3 6.166666666666667 50.166666666666664 -1.0
b 180 3 22 60
