Key: 
t: node change direction (node id, x, y, new direction)
s: node start location (node id, x, y, start direction, buffer)
m: message transfer (sender id, target id, messageType, sender x, sender y
b: broadcast (node id, message type, x, y)
142 89 409 471
s 0 209 303 238 3
s 1 220 483 304 14
s 2 455 371 227 21
s 3 179 355 56 8
s 4 30 469 315 7
s 5 419 327 83 11
s 6 105 472 51 16
s 7 28 415 57 15
s 8 432 39 2 22
s 9 476 118 247 21
s 10 362 397 140 8
s 11 358 140 268 21
s 12 150 343 358 4
s 13 282 461 313 18
s 14 92 182 283 20
s 15 396 230 186 9
s 16 300 267 333 13
s 17 201 355 42 10
s 18 72 331 143 4
s 19 164 423 260 3
s 20 389 340 6 18
s 21 314 283 196 21
s 22 392 355 8 9
s 23 15 478 92 22
s 24 479 176 44 3
s 25 148 212 179 12
s 26 157 28 81 18
s 27 388 114 25 1
s 28 489 396 323 13
s 29 302 487 94 12
s 30 296 8 327 16
s 31 330 339 208 2
s 32 222 384 247 12
s 33 25 283 331 0
s 34 371 68 200 17
s 35 328 396 332 20
s 36 362 300 328 16
s 37 221 418 151 0
s 38 137 453 221 8
s 39 371 234 112 0
s 40 413 364 129 1
s 41 391 65 357 7
s 42 273 299 57 8
s 43 4 322 288 19
s 44 280 352 4 2
s 45 219 172 98 15
s 46 178 193 96 20
s 47 351 361 20 15
s 48 18 134 0 19
s 49 440 224 64 4
s 50 487 198 194 6
s 51 284 473 21 12
s 52 102 409 68 7
s 53 155 321 137 7
s 54 4 140 318 7
s 55 463 282 135 13
s 56 484 481 330 0
s 57 13 489 32 5
s 58 140 93 232 17
s 59 22 411 342 19
s 60 126 122 166 17
s 61 84 63 107 18
s 62 52 252 276 10
s 63 59 345 1 14
s 64 215 79 37 8
s 65 318 21 132 5
s 66 170 406 313 15
s 67 490 313 163 1
s 68 265 324 159 21
s 69 241 172 244 11
s 70 15 325 111 8
s 71 50 386 270 18
s 72 420 32 22 2
s 73 462 208 72 8
s 74 285 201 114 12
s 75 471 247 270 7
s 76 400 124 213 8
s 77 167 286 37 1
s 78 478 281 342 9
s 79 442 248 69 13
s 80 197 452 226 13
s 81 8 475 204 13
s 82 28 455 97 12
s 83 17 231 298 16
s 84 348 411 236 17
s 85 289 166 350 11
s 86 287 429 293 15
s 87 102 308 152 11
s 88 411 334 215 5
s 89 413 314 65 9
s 90 479 83 259 21
s 91 15 300 222 15
s 92 43 77 188 15
s 93 344 209 315 4
s 94 253 298 105 14
s 95 437 301 250 14
s 96 484 119 274 20
s 97 330 376 306 17
s 98 276 388 254 2
s 99 302 452 93 16
s 100 133 408 24 6
s 101 193 100 315 4
s 102 453 268 218 11
s 103 293 384 195 10
s 104 378 430 17 14
s 105 357 70 288 1
s 106 270 208 207 12
s 107 225 464 344 17
s 108 330 215 32 4
s 109 194 137 288 16
s 110 461 346 323 3
s 111 45 485 29 22
s 112 177 138 186 16
s 113 468 267 204 14
s 114 226 194 92 8
s 115 138 188 329 5
s 116 467 385 119 18
s 117 407 364 269 11
s 118 33 68 75 20
s 119 416 106 249 16
s 120 270 489 337 3
s 121 477 311 240 20
s 122 132 230 339 17
s 123 475 71 241 3
s 124 357 185 108 20
s 125 50 289 235 17
s 126 337 115 63 7
s 127 240 404 265 14
s 128 301 191 173 0
s 129 499 169 165 18
s 130 291 181 64 3
s 131 154 270 162 9
s 132 144 254 12 0
s 133 254 90 306 5
s 134 481 380 61 9
s 135 476 454 311 18
s 136 146 452 314 10
s 137 26 188 221 12
s 138 499 239 353 0
s 139 191 337 261 22
s 140 2 354 172 6
s 141 252 312 341 0
s 142 199 330 185 5
s 143 425 268 284 19
s 144 315 119 255 9
s 145 317 31 218 4
s 146 235 292 28 16
s 147 27 106 140 7
s 148 128 76 347 14
s 149 320 218 221 5
s 150 184 135 82 18
s 151 204 230 313 22
s 152 301 151 281 15
s 153 481 11 92 1
s 154 421 342 270 17
s 155 212 7 328 6
s 156 107 307 254 4
s 157 359 69 4 16
s 158 192 165 85 3
s 159 192 264 112 17
s 160 26 326 262 7
s 161 200 150 198 15
s 162 423 140 37 13
s 163 179 189 138 19
s 164 379 422 105 18
s 165 169 205 235 19
s 166 142 89 303 8
s 167 243 149 282 0
s 168 153 174 146 1
s 169 213 431 72 21
s 170 100 329 270 22
s 171 17 427 189 22
s 172 122 252 339 8
s 173 66 476 243 14
s 174 97 409 135 2
s 175 130 49 330 17
s 176 159 284 315 19
s 177 269 312 45 13
s 178 329 492 47 6
s 179 218 435 170 4
s 180 16 26 330 5
s 181 144 155 167 22
s 182 92 417 337 1
s 183 266 422 32 4
s 184 189 213 352 13
s 185 418 228 157 17
s 186 53 164 358 5
s 187 59 324 89 12
s 188 482 113 66 5
s 189 74 106 182 2
s 190 452 167 219 14
s 191 427 119 101 7
s 192 343 411 133 14
s 193 90 403 35 5
s 194 41 453 175 11
s 195 354 73 198 7
s 196 82 492 345 6
s 197 497 103 77 18
s 198 316 192 330 5
s 199 256 99 285 16
s 200 169 144 160 9
s 201 81 435 352 5
s 202 149 59 16 17
s 203 462 1 104 19
s 204 446 36 45 6
s 205 163 333 250 14
s 206 245 312 133 3
s 207 28 309 15 3
s 208 245 53 318 6
s 209 167 240 308 16
s 210 20 116 263 9
s 211 64 355 354 20
s 212 151 294 330 13
s 213 98 206 9 9
s 214 399 10 64 2
s 215 218 414 334 18
s 216 388 107 149 6
s 217 187 62 51 9
s 218 275 376 161 1
s 219 329 248 270 11
s 220 162 79 288 11
s 221 227 266 314 9
s 222 409 471 121 0
s 223 84 168 250 3
s 224 122 329 82 22
s 225 81 378 5 0
s 226 361 410 253 11
s 227 233 331 92 2
s 228 32 334 171 9
s 229 474 91 295 17
s 230 164 12 349 13
s 231 64 374 38 13
s 232 196 303 267 19
s 233 471 169 116 18
s 234 380 109 350 17
s 235 410 168 262 0
s 236 196 313 64 10
s 237 10 200 42 13
s 238 397 262 259 8
s 239 457 458 267 17
b 166 0 149 78
m 166 58 0 149 78
m 166 60 0 149 78
m 166 61 0 149 78
m 166 101 0 149 78
m 166 109 0 149 78
m 166 112 0 149 78
m 166 148 0 149 78
m 166 150 0 149 78
m 166 175 0 149 78
m 166 181 0 149 78
m 166 189 0 149 78
m 166 200 0 149 78
m 166 202 0 149 78
m 166 217 0 149 78
m 166 220 0 149 78
b 166 1 149 78
m 166 58 1 149 78
m 166 60 1 149 78
m 166 61 1 149 78
m 166 101 1 149 78
m 166 109 1 149 78
m 166 112 1 149 78
m 166 148 1 149 78
m 166 150 1 149 78
m 166 175 1 149 78
m 166 181 1 149 78
m 166 189 1 149 78
m 166 200 1 149 78
m 166 202 1 149 78
m 166 217 1 149 78
m 166 220 1 149 78
b 166 2 149 78
m 166 58 2 149 78
m 166 60 2 149 78
m 166 61 2 149 78
m 166 101 2 149 78
m 166 109 2 149 78
m 166 112 2 149 78
m 166 148 2 149 78
m 166 150 2 149 78
m 166 175 2 149 78
m 166 181 2 149 78
m 166 189 2 149 78
m 166 200 2 149 78
m 166 202 2 149 78
m 166 217 2 149 78
m 166 220 2 149 78
b 166 3 149 78
m 166 58 3 17.0 289.0 1.0
m 166 60 3 17.0 289.0 1.0
m 166 61 3 17.0 289.0 1.0
m 166 101 3 17.0 289.0 1.0
m 166 109 3 17.0 289.0 1.0
m 166 112 3 17.0 289.0 1.0
m 166 148 3 17.0 289.0 1.0
m 166 150 3 17.0 289.0 1.0
m 166 175 3 17.0 289.0 1.0
m 166 181 3 17.0 289.0 1.0
m 166 189 3 17.0 289.0 1.0
m 166 200 3 17.0 289.0 1.0
m 166 202 3 17.0 289.0 1.0
m 166 217 3 17.0 289.0 1.0
m 166 220 3 17.0 289.0 1.0
b 189 0 47 105
m 189 48 0 47 105
m 189 54 0 47 105
m 189 92 0 47 105
m 189 118 0 47 105
m 189 147 0 47 105
m 189 186 0 47 105
m 189 210 0 47 105
m 189 223 0 47 105
b 189 1 47 105
b 189 2 47 105
m 189 48 2 47 105
m 189 54 2 47 105
m 189 92 2 47 105
m 189 118 2 47 105
m 189 147 2 47 105
m 189 186 2 47 105
m 189 210 2 47 105
m 189 223 2 47 105
b 189 3 47 105
m 189 186 3 14.333333333333334 219.66666666666666 0.30878552971576245
m 189 223 3 14.333333333333334 219.66666666666666 0.30878552971576245
m 189 147 3 14.333333333333334 219.66666666666666 0.30878552971576245
b 101 0 214 80
m 101 26 0 214 80
m 101 64 0 214 80
m 101 69 0 214 80
m 101 133 0 214 80
m 101 161 0 214 80
m 101 167 0 214 80
m 101 199 0 214 80
m 101 208 0 214 80
b 101 1 214 80
m 101 26 1 214 80
m 101 64 1 214 80
m 101 69 1 214 80
m 101 133 1 214 80
m 101 161 1 214 80
m 101 167 1 214 80
m 101 199 1 214 80
m 101 208 1 214 80
b 101 2 214 80
m 101 26 2 214 80
m 101 64 2 214 80
m 101 69 2 214 80
m 101 133 2 214 80
m 101 161 2 214 80
m 101 167 2 214 80
m 101 199 2 214 80
m 101 208 2 214 80
b 101 3 214 80
m 101 69 3 14.0 214.0 0.1026785714285714
b 200 0 137 156
m 200 14 0 137 156
m 200 25 0 137 156
m 200 115 0 137 156
m 200 122 0 137 156
m 200 158 0 137 156
m 200 161 0 137 156
m 200 163 0 137 156
m 200 165 0 137 156
m 200 168 0 137 156
m 200 186 0 137 156
m 200 213 0 137 156
m 200 223 0 137 156
b 200 1 137 156
m 200 14 1 137 156
m 200 25 1 137 156
m 200 115 1 137 156
m 200 122 1 137 156
m 200 158 1 137 156
m 200 161 1 137 156
m 200 163 1 137 156
m 200 165 1 137 156
m 200 168 1 137 156
m 200 186 1 137 156
m 200 213 1 137 156
m 200 223 1 137 156
b 200 2 137 156
m 200 14 2 137 156
m 200 25 2 137 156
m 200 115 2 137 156
m 200 122 2 137 156
m 200 158 2 137 156
m 200 161 2 137 156
m 200 163 2 137 156
m 200 165 2 137 156
m 200 168 2 137 156
m 200 186 2 137 156
m 200 213 2 137 156
m 200 223 2 137 156
b 200 3 137 156
m 200 223 3 15.666666666666668 249.0 0.782733224222586
m 200 122 3 15.666666666666668 249.0 0.782733224222586
m 200 25 3 15.666666666666668 249.0 0.782733224222586
m 200 163 3 15.666666666666668 249.0 0.782733224222586
m 200 213 3 15.666666666666668 249.0 0.782733224222586
m 200 186 3 15.666666666666668 249.0 0.782733224222586
m 200 168 3 15.666666666666668 249.0 0.782733224222586
m 200 115 3 15.666666666666668 249.0 0.782733224222586
m 200 14 3 15.666666666666668 249.0 0.782733224222586
m 200 161 3 15.666666666666668 249.0 0.782733224222586
b 217 0 209 89
m 217 26 0 209 89
m 217 64 0 209 89
m 217 133 0 209 89
m 217 161 0 209 89
m 217 167 0 209 89
m 217 199 0 209 89
m 217 208 0 209 89
b 217 1 209 89
m 217 26 1 209 89
m 217 64 1 209 89
m 217 133 1 209 89
m 217 161 1 209 89
m 217 167 1 209 89
m 217 199 1 209 89
m 217 208 1 209 89
b 217 2 209 89
m 217 26 2 209 89
m 217 64 2 209 89
m 217 133 2 209 89
m 217 161 2 209 89
m 217 167 2 209 89
m 217 199 2 209 89
m 217 208 2 209 89
b 217 3 209 89
m 217 133 3 14.333333333333334 219.66666666666666 0.30878552971576245
b 220 0 173 45
m 220 26 0 173 45
m 220 155 0 173 45
m 220 230 0 173 45
b 220 1 173 45
b 220 2 173 45
m 220 26 2 173 45
m 220 155 2 173 45
m 220 230 2 173 45
b 220 3 173 45
m 220 26 3 12.333333333333334 195.66666666666666 0.3333333333333333
b 148 0 166 67
m 148 26 0 166 67
m 148 161 0 166 67
b 148 1 166 67
m 148 26 1 166 67
m 148 161 1 166 67
b 148 2 166 67
b 148 3 166 67
m 148 26 3 12.333333333333334 195.66666666666666 0.3333333333333333
b 109 0 207 98
b 109 1 207 98
b 109 2 207 98
b 109 3 207 98
m 109 161 3 13.0 201.0 0.2
m 109 64 3 13.0 201.0 0.2
b 112 0 136 133
m 112 14 0 136 133
m 112 115 0 136 133
m 112 165 0 136 133
m 112 168 0 136 133
b 112 1 136 133
m 112 14 1 136 133
m 112 115 1 136 133
m 112 165 1 136 133
m 112 168 1 136 133
m 112 186 1 136 133
m 112 223 1 136 133
b 112 2 136 133
b 112 3 136 133
m 112 168 3 13.0 201.0 0.2
m 112 115 3 13.0 201.0 0.2
b 167 0 252 109
m 167 144 0 252 109
m 167 152 0 252 109
b 167 1 252 109
b 167 2 252 109
m 167 144 2 252 109
m 167 152 2 252 109
b 58 0 114 60
b 58 1 114 60
b 58 2 114 60
b 58 3 114 60
m 58 26 3 11.666666666666668 193.0 1.0
b 60 0 85 132
m 60 14 0 85 132
b 60 1 85 132
m 60 14 1 85 132
m 60 48 1 85 132
m 60 54 1 85 132
m 60 118 1 85 132
m 60 186 1 85 132
m 60 223 1 85 132
b 60 2 85 132
m 60 14 2 85 132
b 60 3 85 132
m 60 14 3 13.333333333333334 204.66666666666666 0.16666666666666666
b 175 0 166 28
m 175 230 0 166 28
b 175 1 166 28
m 175 230 1 166 28
b 175 2 166 28
m 175 230 2 166 28
b 175 3 166 28
m 175 26 3 12.0 194.0 0.5
m 175 230 3 12.0 194.0 0.5
b 202 0 189 71
m 202 230 0 189 71
b 202 1 189 71
b 202 2 189 71
m 202 230 2 189 71
b 202 3 189 71
m 202 26 3 13.0 201.0 0.2
b 223 0 69 129
m 223 14 0 69 129
b 223 2 69 129
b 223 3 69 129
m 223 48 3 11.75 168.75 0.25
m 223 14 3 11.75 168.75 0.25
b 61 0 72 104
m 61 14 0 72 104
b 61 1 72 104
m 61 14 1 72 104
m 61 48 1 72 104
m 61 54 1 72 104
m 61 92 1 72 104
m 61 118 1 72 104
m 61 186 1 72 104
m 61 210 1 72 104
m 61 223 1 72 104
b 61 2 72 104
b 61 3 72 104
m 61 48 3 13.333333333333334 204.66666666666666 0.16666666666666666
m 61 14 3 13.333333333333334 204.66666666666666 0.16666666666666666
b 150 0 190 177
m 150 45 0 190 177
m 150 46 0 190 177
m 150 106 0 190 177
m 150 114 0 190 177
m 150 115 0 190 177
m 150 122 0 190 177
m 150 151 0 190 177
m 150 158 0 190 177
m 150 163 0 190 177
m 150 165 0 190 177
m 150 184 0 190 177
m 150 209 0 190 177
b 150 1 190 177
m 150 45 1 190 177
m 150 46 1 190 177
m 150 106 1 190 177
m 150 114 1 190 177
m 150 115 1 190 177
m 150 122 1 190 177
m 150 151 1 190 177
m 150 158 1 190 177
m 150 163 1 190 177
m 150 165 1 190 177
m 150 184 1 190 177
m 150 209 1 190 177
b 150 2 190 177
m 150 45 2 190 177
m 150 46 2 190 177
m 150 106 2 190 177
m 150 114 2 190 177
m 150 115 2 190 177
m 150 122 2 190 177
m 150 151 2 190 177
m 150 158 2 190 177
m 150 163 2 190 177
m 150 165 2 190 177
m 150 184 2 190 177
m 150 209 2 190 177
b 150 3 190 177
m 150 163 3 16.333333333333336 267.66666666666663 0.9100340136054426
m 150 161 3 16.333333333333336 267.66666666666663 0.9100340136054426
m 150 184 3 16.333333333333336 267.66666666666663 0.9100340136054426
m 150 151 3 16.333333333333336 267.66666666666663 0.9100340136054426
m 150 165 3 16.333333333333336 267.66666666666663 0.9100340136054426
m 150 106 3 16.333333333333336 267.66666666666663 0.9100340136054426
m 150 45 3 16.333333333333336 267.66666666666663 0.9100340136054426
m 150 115 3 16.333333333333336 267.66666666666663 0.9100340136054426
m 150 122 3 16.333333333333336 267.66666666666663 0.9100340136054426
m 150 114 3 16.333333333333336 267.66666666666663 0.9100340136054426
m 150 158 3 16.333333333333336 267.66666666666663 0.9100340136054426
m 150 46 3 16.333333333333336 267.66666666666663 0.9100340136054426
m 150 209 3 16.333333333333336 267.66666666666663 0.9100340136054426
b 186 0 97 163
m 186 14 0 97 163
m 186 25 0 97 163
m 186 62 0 97 163
m 186 165 0 97 163
m 186 168 0 97 163
m 186 213 0 97 163
b 186 2 97 163
m 186 14 2 97 163
m 186 25 2 97 163
m 186 62 2 97 163
m 186 165 2 97 163
m 186 168 2 97 163
m 186 213 2 97 163
b 186 3 97 163
m 186 14 3 13.0 185.0 0.3323840242444896
m 186 213 3 13.0 185.0 0.3323840242444896
b 54 0 38 109
m 54 137 0 38 109
b 54 2 38 109
m 54 137 2 38 109
b 133 0 281 53
m 133 30 0 281 53
m 133 34 0 281 53
m 133 65 0 281 53
m 133 144 0 281 53
m 133 145 0 281 53
m 133 152 0 281 53
m 133 155 0 281 53
m 133 195 0 281 53
b 133 1 281 53
m 133 30 1 281 53
m 133 34 1 281 53
m 133 65 1 281 53
m 133 144 1 281 53
m 133 145 1 281 53
m 133 152 1 281 53
m 133 155 1 281 53
m 133 195 1 281 53
b 133 2 281 53
b 147 0 10 121
m 147 137 0 10 121
b 147 2 10 121
b 147 3 10 121
m 147 54 3 12.25 173.75 0.1913132186328675
m 147 48 3 12.25 173.75 0.1913132186328675
b 168 0 114 201
m 168 46 0 114 201
m 168 62 0 114 201
m 168 172 0 114 201
b 168 1 114 201
m 168 46 1 114 201
m 168 62 1 114 201
m 168 172 1 114 201
b 168 2 114 201
m 168 46 2 114 201
m 168 62 2 114 201
m 168 172 2 114 201
b 168 3 114 201
m 168 62 3 13.25 195.75 0.16666666666666666
m 168 46 3 13.25 195.75 0.16666666666666666
b 181 0 98 166
m 181 62 0 98 166
b 181 1 98 166
m 181 48 1 98 166
m 181 62 1 98 166
b 181 2 98 166
m 181 62 2 98 166
b 181 3 98 166
m 181 62 3 12.333333333333334 195.66666666666666 0.3333333333333333
b 208 0 280 22
m 208 30 0 280 22
m 208 65 0 280 22
m 208 144 0 280 22
m 208 145 0 280 22
m 208 155 0 280 22
m 208 195 0 280 22
b 208 1 280 22
b 208 2 280 22
m 208 30 2 280 22
m 208 65 2 280 22
m 208 144 2 280 22
m 208 145 2 280 22
m 208 155 2 280 22
m 208 195 2 280 22
b 210 0 15 69
b 210 2 15 69
b 64 0 254 108
m 64 65 0 254 108
m 64 144 0 254 108
m 64 152 0 254 108
b 64 1 254 108
m 64 65 1 254 108
m 64 144 1 254 108
m 64 152 1 254 108
b 64 2 254 108
b 158 0 196 214
m 158 0 0 196 214
m 158 45 0 196 214
m 158 46 0 196 214
m 158 106 0 196 214
m 158 114 0 196 214
m 158 128 0 196 214
m 158 132 0 196 214
m 158 151 0 196 214
m 158 172 0 196 214
m 158 176 0 196 214
m 158 184 0 196 214
m 158 209 0 196 214
m 158 212 0 196 214
m 158 232 0 196 214
b 158 1 196 214
m 158 0 1 196 214
m 158 45 1 196 214
m 158 46 1 196 214
m 158 106 1 196 214
m 158 114 1 196 214
m 158 128 1 196 214
m 158 132 1 196 214
m 158 151 1 196 214
m 158 172 1 196 214
m 158 176 1 196 214
m 158 184 1 196 214
m 158 209 1 196 214
m 158 212 1 196 214
m 158 232 1 196 214
b 158 2 196 214
m 158 0 2 196 214
m 158 45 2 196 214
m 158 46 2 196 214
m 158 106 2 196 214
m 158 114 2 196 214
m 158 128 2 196 214
m 158 132 2 196 214
m 158 151 2 196 214
m 158 172 2 196 214
m 158 176 2 196 214
m 158 184 2 196 214
m 158 209 2 196 214
m 158 212 2 196 214
m 158 232 2 196 214
b 223 1 67 122
m 223 48 1 67 122
m 223 54 1 67 122
m 223 118 1 67 122
m 223 137 1 67 122
b 115 0 182 161
m 115 45 0 182 161
m 115 46 0 182 161
m 115 151 0 182 161
m 115 172 0 182 161
m 115 209 0 182 161
b 115 1 182 161
m 115 45 1 182 161
m 115 46 1 182 161
m 115 151 1 182 161
m 115 172 1 182 161
m 115 209 1 182 161
b 115 2 182 161
b 115 3 182 161
m 115 45 3 14.0 207.0 0.5189556774701152
m 115 151 3 14.0 207.0 0.5189556774701152
m 115 46 3 14.0 207.0 0.5189556774701152
m 115 158 3 14.0 207.0 0.5189556774701152
m 115 172 3 14.0 207.0 0.5189556774701152
b 133 3 284 49
m 133 145 3 13.75 200.75 0.39771175207221743
m 133 155 3 13.75 200.75 0.39771175207221743
m 133 34 3 13.75 200.75 0.39771175207221743
m 133 208 3 13.75 200.75 0.39771175207221743
m 133 65 3 13.75 200.75 0.39771175207221743
b 186 1 104 162
m 186 48 1 104 162
m 186 62 1 104 162
b 69 0 218 125
m 69 106 0 218 125
m 69 128 0 218 125
m 69 151 0 218 125
b 69 1 218 125
m 69 106 1 218 125
m 69 128 1 218 125
m 69 151 1 218 125
b 69 2 218 125
b 69 3 218 125
m 69 64 3 12.0 169.5 0.07957589285714285
b 92 0 4 80
b 92 2 4 80
b 155 0 245 36
m 155 30 0 245 36
m 155 65 0 245 36
m 155 145 0 245 36
b 155 2 245 36
m 155 30 2 245 36
m 155 65 2 245 36
m 155 145 2 245 36
b 213 0 152 214
m 213 0 0 152 214
m 213 156 0 152 214
m 213 172 0 152 214
m 213 232 0 152 214
b 213 1 152 214
m 213 0 1 152 214
m 213 156 1 152 214
m 213 172 1 152 214
m 213 232 1 152 214
b 213 2 152 214
m 213 0 2 152 214
m 213 156 2 152 214
m 213 172 2 152 214
m 213 232 2 152 214
b 213 3 152 214
m 213 156 3 13.25 195.75 0.16666666666666666
b 161 0 147 133
b 161 1 147 133
b 161 2 147 133
b 199 0 271 44
b 199 1 271 44
b 199 2 271 44
m 199 30 2 271 44
m 199 34 2 271 44
m 199 65 2 271 44
m 199 145 2 271 44
m 199 195 2 271 44
b 25 0 90 213
m 25 33 0 90 213
m 25 83 0 90 213
m 25 131 0 90 213
m 25 156 0 90 213
m 25 170 0 90 213
m 25 237 0 90 213
b 25 1 90 213
m 25 33 1 90 213
m 25 62 1 90 213
m 25 83 1 90 213
m 25 131 1 90 213
m 25 156 1 90 213
m 25 170 1 90 213
m 25 237 1 90 213
b 25 2 90 213
m 25 33 2 90 213
m 25 83 2 90 213
m 25 131 2 90 213
m 25 156 2 90 213
m 25 170 2 90 213
m 25 237 2 90 213
b 25 3 90 213
m 25 131 3 13.75 202.75 0.3915800848088082
m 25 170 3 13.75 202.75 0.3915800848088082
m 25 83 3 13.75 202.75 0.3915800848088082
m 25 237 3 13.75 202.75 0.3915800848088082
b 48 0 76 134
b 48 2 76 134
b 158 3 197 223
m 158 132 3 14.250000000000002 216.74999999999997 0.24429452099840354
m 158 212 3 14.250000000000002 216.74999999999997 0.24429452099840354
b 26 0 166 87
b 26 1 166 87
b 26 2 166 87
b 118 0 48 125
b 118 2 48 125
b 54 1 49 99
m 54 147 1 49 99
b 64 3 264 115
m 64 199 3 11.25 159.75 0.24787234042553197
m 64 195 3 11.25 159.75 0.24787234042553197
b 128 0 240 198
m 128 74 0 240 198
m 128 149 0 240 198
m 128 221 0 240 198
b 128 1 240 198
b 128 2 240 198
m 128 74 2 240 198
m 128 149 2 240 198
m 128 221 2 240 198
b 132 0 203 266
m 132 21 0 203 266
m 132 74 0 203 266
m 132 77 0 203 266
m 132 139 0 203 266
m 132 159 0 203 266
m 132 205 0 203 266
b 132 1 203 266
m 132 21 1 203 266
m 132 74 1 203 266
m 132 77 1 203 266
m 132 139 1 203 266
m 132 159 1 203 266
m 132 205 1 203 266
b 132 2 203 266
m 132 21 2 203 266
m 132 74 2 203 266
m 132 77 2 203 266
m 132 139 2 203 266
m 132 159 2 203 266
m 132 205 2 203 266
b 161 3 142 131
b 230 0 224 1
b 230 2 224 1
b 144 0 299 59
m 144 11 0 299 59
b 144 2 299 59
m 144 11 2 299 59
m 144 34 2 299 59
b 145 0 289 7
b 145 1 289 7
b 65 0 276 68
b 65 1 276 68
b 114 0 224 257
m 114 21 0 224 257
m 114 74 0 224 257
m 114 77 0 224 257
m 114 139 0 224 257
m 114 221 0 224 257
b 114 1 224 257
m 114 21 1 224 257
m 114 74 1 224 257
m 114 77 1 224 257
m 114 139 1 224 257
m 114 221 1 224 257
b 114 2 224 257
m 114 21 2 224 257
m 114 74 2 224 257
m 114 77 2 224 257
m 114 139 2 224 257
m 114 221 2 224 257
b 114 3 224 257
m 114 74 3 15.000000000000002 230.99999999999997 0.6587707038445958
m 114 77 3 15.000000000000002 230.99999999999997 0.6587707038445958
m 114 132 3 15.000000000000002 230.99999999999997 0.6587707038445958
m 114 128 3 15.000000000000002 230.99999999999997 0.6587707038445958
m 114 139 3 15.000000000000002 230.99999999999997 0.6587707038445958
m 114 221 3 15.000000000000002 230.99999999999997 0.6587707038445958
m 114 232 3 15.000000000000002 230.99999999999997 0.6587707038445958
m 114 176 3 15.000000000000002 230.99999999999997 0.6587707038445958
b 122 0 191 208
b 122 1 191 208
b 122 2 191 208
b 122 3 191 208
m 122 132 3 13.5 199.0 0.2243421098208332
m 122 212 3 13.5 199.0 0.2243421098208332
b 145 2 290 7
m 145 34 2 290 7
b 0 0 176 249
m 0 77 0 176 249
m 0 139 0 176 249
m 0 159 0 176 249
m 0 205 0 176 249
b 0 1 176 249
m 0 77 1 176 249
m 0 139 1 176 249
m 0 159 1 176 249
m 0 205 1 176 249
b 0 2 176 249
b 65 2 275 69
m 65 34 2 275 69
b 155 1 251 44
b 210 1 13 53
m 210 147 1 13 53
b 54 3 52 97
b 163 0 131 233
m 163 131 0 131 233
m 163 139 0 131 233
m 163 170 0 131 233
m 163 205 0 131 233
b 163 1 131 233
b 163 2 131 233
m 163 131 2 131 233
m 163 139 2 131 233
m 163 170 2 131 233
m 163 205 2 131 233
b 163 3 131 233
m 163 176 3 14.5 217.0 0.6980627314724894
m 163 131 3 14.5 217.0 0.6980627314724894
m 163 139 3 14.5 217.0 0.6980627314724894
m 163 232 3 14.5 217.0 0.6980627314724894
m 163 0 3 14.5 217.0 0.6980627314724894
m 163 170 3 14.5 217.0 0.6980627314724894
b 165 0 132 152
b 165 1 132 152
b 165 2 132 152
b 195 0 292 53
m 195 11 0 292 53
b 195 1 292 53
m 195 11 1 292 53
b 14 0 107 118
b 14 1 107 118
b 14 2 107 118
b 14 3 107 118
m 14 118 3 12.0 187.0 1.0
b 26 3 167 93
b 62 0 59 186
m 62 33 0 59 186
m 62 83 0 59 186
m 62 156 0 59 186
m 62 237 0 59 186
b 62 2 59 186
b 195 2 291 52
m 195 11 2 291 52
m 195 34 2 291 52
b 106 0 210 178
m 106 149 0 210 178
m 106 221 0 210 178
b 106 1 210 178
m 106 149 1 210 178
m 106 221 1 210 178
b 106 2 210 178
b 106 3 210 178
m 106 128 3 13.500000000000002 206.99999999999997 0.2
m 106 221 3 13.500000000000002 206.99999999999997 0.2
b 144 1 298 55
m 144 11 1 298 55
b 145 3 293 9
m 145 195 3 11.8 163.79999999999998 0.25
m 145 144 3 11.8 163.79999999999998 0.25
b 172 0 184 228
m 172 139 0 184 228
m 172 205 0 184 228
b 172 1 184 228
m 172 139 1 184 228
m 172 205 1 184 228
b 172 2 184 228
m 172 139 2 184 228
m 172 205 2 184 228
b 230 1 229 3
b 230 3 229 3
b 65 3 273 72
m 65 30 3 12.2 167.79999999999998 0.04947426809770114
b 152 0 314 85
m 152 11 0 314 85
m 152 76 0 314 85
m 152 85 0 314 85
m 152 216 0 314 85
b 152 2 314 85
b 184 0 256 203
m 184 21 0 256 203
m 184 74 0 256 203
m 184 149 0 256 203
m 184 221 0 256 203
b 184 1 256 203
m 184 21 1 256 203
m 184 74 1 256 203
m 184 149 1 256 203
m 184 221 1 256 203
b 184 2 256 203
m 184 21 2 256 203
m 184 74 2 256 203
m 184 149 2 256 203
m 184 221 2 256 203
b 184 3 256 203
m 184 128 3 14.000000000000002 212.99999999999997 0.018707595770403672
b 62 1 59 183
b 62 3 59 183
m 62 33 3 11.4 159.79999999999998 0.09705599615477052
b 155 3 254 48
m 155 144 3 12.0 165.6 0.2
m 155 195 3 12.0 165.6 0.2
b 208 3 297 7
m 208 195 3 11.8 163.79999999999998 0.25
m 208 144 3 11.8 163.79999999999998 0.25
b 33 0 86 249
m 33 43 0 86 249
m 33 91 0 86 249
m 33 125 0 86 249
m 33 160 0 86 249
b 33 1 86 249
m 33 43 1 86 249
m 33 91 1 86 249
m 33 125 1 86 249
m 33 160 1 86 249
b 33 2 86 249
b 45 0 209 241
m 45 139 0 209 241
b 45 1 209 241
m 45 139 1 209 241
b 45 2 209 241
m 45 139 2 209 241
b 45 3 209 241
m 45 128 3 14.250000000000002 216.74999999999997 0.24429452099840354
b 92 1 10 95
b 132 3 212 268
m 132 21 3 13.400000000000002 193.39999999999998 0.30384890671443227
m 132 0 3 13.400000000000002 193.39999999999998 0.30384890671443227
m 132 74 3 13.400000000000002 193.39999999999998 0.30384890671443227
m 132 159 3 13.400000000000002 193.39999999999998 0.30384890671443227
b 137 0 34 181
b 137 2 34 181
b 156 0 87 239
m 156 43 0 87 239
m 156 91 0 87 239
m 156 125 0 87 239
m 156 160 0 87 239
m 156 205 0 87 239
b 156 1 87 239
m 156 43 1 87 239
m 156 91 1 87 239
m 156 125 1 87 239
m 156 160 1 87 239
m 156 205 1 87 239
b 156 2 87 239
m 156 43 2 87 239
m 156 91 2 87 239
m 156 125 2 87 239
m 156 160 2 87 239
m 156 205 2 87 239
b 156 3 87 239
m 156 33 3 11.799999999999999 163.79999999999998 0.1774630446559864
m 156 125 3 11.799999999999999 163.79999999999998 0.1774630446559864
b 172 3 188 227
m 172 128 3 12.399999999999999 172.79999999999998 0.3074875274329866
m 172 139 3 12.399999999999999 172.79999999999998 0.3074875274329866
b 209 0 211 184
m 209 149 0 211 184
m 209 221 0 211 184
b 209 1 211 184
m 209 149 1 211 184
m 209 221 1 211 184
b 209 2 211 184
m 209 149 2 211 184
m 209 221 2 211 184
b 209 3 211 184
m 209 128 3 13.750000000000002 209.74999999999997 0.16666666666666666
m 209 0 3 13.750000000000002 209.74999999999997 0.16666666666666666
b 48 1 91 134
b 48 3 91 134
m 48 118 3 9.8 135.8 0.018880800727934466
b 137 1 37 182
b 152 1 315 80
b 30 0 311 61
m 30 76 0 311 61
b 30 1 311 61
m 30 11 1 311 61
m 30 76 1 311 61
b 77 0 226 330
m 77 12 0 226 330
m 77 31 0 226 330
m 77 32 0 226 330
m 77 66 0 226 330
m 77 68 0 226 330
m 77 94 0 226 330
m 77 98 0 226 330
m 77 103 0 226 330
m 77 127 0 226 330
m 77 146 0 226 330
m 77 206 0 226 330
m 77 218 0 226 330
m 77 227 0 226 330
m 77 236 0 226 330
b 77 1 226 330
m 77 12 1 226 330
m 77 31 1 226 330
m 77 32 1 226 330
m 77 66 1 226 330
m 77 68 1 226 330
m 77 94 1 226 330
m 77 98 1 226 330
m 77 103 1 226 330
m 77 127 1 226 330
m 77 146 1 226 330
m 77 206 1 226 330
m 77 218 1 226 330
m 77 227 1 226 330
m 77 236 1 226 330
b 77 2 226 330
m 77 12 2 226 330
m 77 31 2 226 330
m 77 32 2 226 330
m 77 66 2 226 330
m 77 68 2 226 330
m 77 94 2 226 330
m 77 98 2 226 330
m 77 103 2 226 330
m 77 127 2 226 330
m 77 146 2 226 330
m 77 206 2 226 330
m 77 218 2 226 330
m 77 227 2 226 330
m 77 236 2 226 330
b 118 1 52 139
b 165 3 126 144
b 212 0 215 257
b 212 1 215 257
b 212 2 215 257
b 30 2 312 62
m 30 76 2 312 62
b 34 0 300 43
m 34 76 0 300 43
b 34 1 300 43
m 34 11 1 300 43
m 34 76 1 300 43
b 46 0 170 268
m 46 32 0 170 268
b 46 1 170 268
m 46 32 1 170 268
b 46 2 170 268
m 46 32 2 170 268
b 46 3 170 268
m 46 0 3 13.250000000000002 204.74999999999997 0.25
m 46 159 3 13.250000000000002 204.74999999999997 0.25
b 128 3 227 200
m 128 149 3 12.400000000000002 185.6 0.5
b 77 3 228 332
m 77 227 3 15.400000000000002 242.59999999999997 0.8808213332450618
m 77 146 3 15.400000000000002 242.59999999999997 0.8808213332450618
m 77 218 3 15.400000000000002 242.59999999999997 0.8808213332450618
m 77 21 3 15.400000000000002 242.59999999999997 0.8808213332450618
m 77 159 3 15.400000000000002 242.59999999999997 0.8808213332450618
m 77 236 3 15.400000000000002 242.59999999999997 0.8808213332450618
m 77 206 3 15.400000000000002 242.59999999999997 0.8808213332450618
m 77 31 3 15.400000000000002 242.59999999999997 0.8808213332450618
m 77 94 3 15.400000000000002 242.59999999999997 0.8808213332450618
m 77 32 3 15.400000000000002 242.59999999999997 0.8808213332450618
m 77 68 3 15.400000000000002 242.59999999999997 0.8808213332450618
m 77 103 3 15.400000000000002 242.59999999999997 0.8808213332450618
m 77 98 3 15.400000000000002 242.59999999999997 0.8808213332450618
m 77 66 3 15.400000000000002 242.59999999999997 0.8808213332450618
b 151 0 256 174
b 151 1 256 174
m 151 149 1 256 174
b 151 2 256 174
b 151 3 256 174
m 151 149 3 12.500000000000002 200.99999999999997 1.0
b 149 0 261 167
m 149 219 0 261 167
b 149 2 261 167
m 149 219 2 261 167
b 131 0 79 295
m 131 43 0 79 295
m 131 71 0 79 295
m 131 91 0 79 295
m 131 142 0 79 295
m 131 207 0 79 295
b 131 1 79 295
m 131 43 1 79 295
m 131 71 1 79 295
m 131 91 1 79 295
m 131 142 1 79 295
m 131 207 1 79 295
b 131 2 79 295
b 131 3 79 295
m 131 205 3 13.2 186.39999999999998 0.5113080344208648
m 131 71 3 13.2 186.39999999999998 0.5113080344208648
m 131 33 3 13.2 186.39999999999998 0.5113080344208648
m 131 91 3 13.2 186.39999999999998 0.5113080344208648
b 0 3 167 235
m 0 205 3 11.799999999999999 173.79999999999998 1.0
b 34 3 296 41
m 34 152 3 11.8 163.79999999999998 0.25
m 34 76 3 11.8 163.79999999999998 0.25
b 147 1 35 98
b 176 0 216 227
b 176 1 216 227
b 176 2 216 227
b 195 3 278 48
m 195 152 3 9.8 131.0 0.14738976828642486
b 232 0 192 223
b 232 1 192 223
b 232 2 192 223
b 33 3 96 244
m 33 91 3 10.166666666666666 135.83333333333331 0.10195361215091508
b 221 0 284 207
m 221 15 0 284 207
m 221 124 0 284 207
m 221 130 0 284 207
m 221 219 0 284 207
b 221 2 284 207
m 221 15 2 284 207
m 221 124 2 284 207
m 221 130 2 284 207
m 221 219 2 284 207
b 212 3 223 252
b 237 0 71 256
m 237 71 0 71 256
b 237 1 71 256
m 237 71 1 71 256
b 237 2 71 256
m 237 71 2 71 256
b 237 3 71 256
m 237 137 3 12.0 167.2 0.19364912836047596
b 149 1 256 163
m 149 216 1 256 163
m 149 219 1 256 163
b 221 1 286 205
m 221 15 1 286 205
m 221 124 1 286 205
m 221 130 1 286 205
m 221 219 1 286 205
b 221 3 286 205
m 221 15 3 13.000000000000002 189.79999999999998 0.2
m 221 124 3 13.000000000000002 189.79999999999998 0.2
b 74 0 250 279
m 74 31 0 250 279
m 74 98 0 250 279
m 74 127 0 250 279
m 74 130 0 250 279
m 74 141 0 250 279
m 74 146 0 250 279
b 74 1 250 279
m 74 31 1 250 279
m 74 98 1 250 279
m 74 127 1 250 279
m 74 130 1 250 279
m 74 141 1 250 279
m 74 146 1 250 279
b 74 2 250 279
b 34 2 290 39
b 83 0 58 155
b 83 1 58 155
b 83 2 58 155
b 83 3 58 155
m 83 137 3 11.2 162.39999999999998 1.0
b 216 0 314 151
m 216 198 0 314 151
m 216 219 0 314 151
b 74 3 249 281
m 74 146 3 13.400000000000002 194.6 0.3454215257721041
m 74 31 3 13.400000000000002 194.6 0.3454215257721041
m 74 12 3 13.400000000000002 194.6 0.3454215257721041
b 205 0 133 252
b 205 1 133 252
b 205 2 133 252
b 218 0 193 404
m 218 1 0 193 404
m 218 3 0 193 404
m 218 17 0 193 404
m 218 19 0 193 404
m 218 37 0 193 404
m 218 80 0 193 404
m 218 100 0 193 404
m 218 136 0 193 404
m 218 182 0 193 404
m 218 193 0 193 404
m 218 201 0 193 404
m 218 224 0 193 404
m 218 225 0 193 404
b 218 1 193 404
m 218 1 1 193 404
m 218 3 1 193 404
m 218 17 1 193 404
m 218 19 1 193 404
m 218 37 1 193 404
m 218 80 1 193 404
m 218 100 1 193 404
m 218 136 1 193 404
m 218 182 1 193 404
m 218 193 1 193 404
m 218 201 1 193 404
m 218 224 1 193 404
m 218 225 1 193 404
b 218 2 193 404
m 218 1 2 193 404
m 218 3 2 193 404
m 218 17 2 193 404
m 218 19 2 193 404
m 218 37 2 193 404
m 218 80 2 193 404
m 218 100 2 193 404
m 218 136 2 193 404
m 218 182 2 193 404
m 218 193 2 193 404
m 218 201 2 193 404
m 218 224 2 193 404
m 218 225 2 193 404
b 31 0 252 298
m 31 84 0 252 298
m 31 141 0 252 298
b 31 1 252 298
b 31 2 252 298
b 76 0 326 76
m 76 119 0 326 76
m 76 190 0 326 76
m 76 235 0 326 76
b 98 0 252 303
m 98 84 0 252 303
b 98 1 252 303
b 98 2 252 303
b 144 3 292 34
m 144 152 3 10.5 139.16666666666663 0.2621762740183793
m 144 76 3 10.5 139.16666666666663 0.2621762740183793
b 227 0 230 419
m 227 1 0 230 419
m 227 3 0 230 419
m 227 17 0 230 419
m 227 100 0 230 419
m 227 136 0 230 419
m 227 182 0 230 419
m 227 201 0 230 419
m 227 215 0 230 419
b 227 1 230 419
b 227 2 230 419
m 227 1 2 230 419
m 227 3 2 230 419
m 227 17 2 230 419
m 227 100 2 230 419
m 227 136 2 230 419
m 227 182 2 230 419
m 227 201 2 230 419
m 227 215 2 230 419
b 160 0 13 238
m 160 228 0 13 238
b 160 1 13 238
m 160 228 1 13 238
b 199 3 279 13
m 199 167 3 9.4 128.6 0.5
m 199 152 3 9.4 128.6 0.5
b 206 0 184 377
m 206 3 0 184 377
m 206 19 0 184 377
m 206 63 0 184 377
m 206 80 0 184 377
m 206 100 0 184 377
m 206 136 0 184 377
m 206 182 0 184 377
m 206 201 0 184 377
m 206 211 0 184 377
m 206 224 0 184 377
m 206 225 0 184 377
b 206 1 184 377
m 206 3 1 184 377
m 206 19 1 184 377
m 206 63 1 184 377
m 206 80 1 184 377
m 206 100 1 184 377
m 206 136 1 184 377
m 206 182 1 184 377
m 206 201 1 184 377
m 206 211 1 184 377
m 206 224 1 184 377
m 206 225 1 184 377
b 206 2 184 377
m 206 3 2 184 377
m 206 19 2 184 377
m 206 63 2 184 377
m 206 80 2 184 377
m 206 100 2 184 377
m 206 136 2 184 377
m 206 182 2 184 377
m 206 201 2 184 377
m 206 211 2 184 377
m 206 224 2 184 377
m 206 225 2 184 377
b 218 3 191 405
m 218 37 3 15.16666666666667 234.8333333333333 0.7116285881761177
m 218 12 3 15.16666666666667 234.8333333333333 0.7116285881761177
m 218 80 3 15.16666666666667 234.8333333333333 0.7116285881761177
m 218 224 3 15.16666666666667 234.8333333333333 0.7116285881761177
m 218 193 3 15.16666666666667 234.8333333333333 0.7116285881761177
m 218 100 3 15.16666666666667 234.8333333333333 0.7116285881761177
m 218 136 3 15.16666666666667 234.8333333333333 0.7116285881761177
m 218 3 3 15.16666666666667 234.8333333333333 0.7116285881761177
m 218 182 3 15.16666666666667 234.8333333333333 0.7116285881761177
m 218 1 3 15.16666666666667 234.8333333333333 0.7116285881761177
b 12 0 240 340
m 12 17 0 240 340
m 12 136 0 240 340
m 12 215 0 240 340
b 12 1 240 340
m 12 17 1 240 340
m 12 136 1 240 340
m 12 215 1 240 340
b 12 2 240 340
m 12 17 2 240 340
m 12 136 2 240 340
m 12 215 2 240 340
b 31 3 251 297
m 31 141 3 13.500000000000002 204.8333333333333 0.25
m 31 84 3 13.500000000000002 204.8333333333333 0.25
b 98 3 251 301
m 98 84 3 13.333333333333336 203.66666666666663 0.3333333333333333
b 159 0 158 348
m 159 19 0 158 348
m 159 63 0 158 348
m 159 80 0 158 348
m 159 182 0 158 348
m 159 211 0 158 348
m 159 225 0 158 348
b 159 1 158 348
b 159 2 158 348
m 159 19 2 158 348
m 159 63 2 158 348
m 159 80 2 158 348
m 159 142 2 158 348
m 159 182 2 158 348
m 159 207 2 158 348
m 159 211 2 158 348
m 159 225 2 158 348
b 160 2 13 237
m 160 228 2 13 237
b 227 3 230 421
m 227 182 3 14.500000000000002 218.8333333333333 0.3313649998264869
m 227 201 3 14.500000000000002 218.8333333333333 0.3313649998264869
m 227 3 3 14.500000000000002 218.8333333333333 0.3313649998264869
m 227 1 3 14.500000000000002 218.8333333333333 0.3313649998264869
b 85 0 379 150
m 85 50 0 379 150
m 85 93 0 379 150
m 85 102 0 379 150
m 85 126 0 379 150
m 85 190 0 379 150
m 85 197 0 379 150
m 85 198 0 379 150
m 85 235 0 379 150
m 85 238 0 379 150
b 206 3 183 379
m 206 80 3 15.000000000000002 230.3333333333333 0.6408486811604475
m 206 12 3 15.000000000000002 230.3333333333333 0.6408486811604475
m 206 136 3 15.000000000000002 230.3333333333333 0.6408486811604475
m 206 3 3 15.000000000000002 230.3333333333333 0.6408486811604475
m 206 224 3 15.000000000000002 230.3333333333333 0.6408486811604475
m 206 182 3 15.000000000000002 230.3333333333333 0.6408486811604475
m 206 19 3 15.000000000000002 230.3333333333333 0.6408486811604475
m 206 201 3 15.000000000000002 230.3333333333333 0.6408486811604475
m 206 127 3 15.000000000000002 230.3333333333333 0.6408486811604475
b 149 3 250 158
m 149 216 3 10.66666666666667 155.33333333333331 0.5145063510392611
b 170 0 100 237
b 170 1 100 237
b 170 2 100 237
b 170 3 100 237
b 21 0 223 258
b 21 1 223 258
b 21 2 223 258
b 76 1 321 73
b 176 3 226 217
b 207 0 118 334
m 207 19 0 118 334
m 207 53 0 118 334
m 207 59 0 118 334
m 207 63 0 118 334
m 207 80 0 118 334
m 207 140 0 118 334
m 207 211 0 118 334
b 207 1 118 334
b 232 3 191 209
b 11 0 355 45
m 11 105 0 355 45
m 11 119 0 355 45
m 11 190 0 355 45
m 11 235 0 355 45
b 11 2 355 45
m 11 105 2 355 45
m 11 119 2 355 45
m 11 190 2 355 45
m 11 235 2 355 45
b 76 2 321 72
b 139 0 176 244
b 139 1 176 244
b 139 2 176 244
b 30 3 313 83
m 30 167 3 10.5 140.49999999999997 0.5
m 30 11 3 10.5 140.49999999999997 0.5
b 103 0 201 359
m 103 3 0 201 359
m 103 17 0 201 359
m 103 63 0 201 359
m 103 136 0 201 359
m 103 182 0 201 359
m 103 225 0 201 359
b 103 1 201 359
m 103 3 1 201 359
m 103 17 1 201 359
m 103 63 1 201 359
m 103 136 1 201 359
m 103 182 1 201 359
m 103 225 1 201 359
b 103 2 201 359
b 142 0 103 322
m 142 19 0 103 322
m 142 53 0 103 322
m 142 59 0 103 322
m 142 63 0 103 322
m 142 140 0 103 322
m 142 211 0 103 322
b 142 1 103 322
m 142 19 1 103 322
m 142 53 1 103 322
m 142 59 1 103 322
m 142 63 1 103 322
m 142 140 1 103 322
m 142 211 1 103 322
b 236 0 238 400
m 236 1 0 238 400
m 236 3 0 238 400
m 236 17 0 238 400
m 236 100 0 238 400
m 236 136 0 238 400
m 236 215 0 238 400
m 236 225 0 238 400
b 236 1 238 400
b 236 2 238 400
m 236 1 2 238 400
m 236 3 2 238 400
m 236 17 2 238 400
m 236 100 2 238 400
m 236 136 2 238 400
m 236 215 2 238 400
m 236 225 2 238 400
b 91 0 68 249
m 91 228 0 68 249
b 91 1 68 249
m 91 228 1 68 249
b 130 0 334 268
m 130 16 0 334 268
m 130 39 0 334 268
m 130 88 0 334 268
m 130 97 0 334 268
m 130 113 0 334 268
m 130 185 0 334 268
m 130 226 0 334 268
b 130 2 334 268
m 130 16 2 334 268
m 130 39 2 334 268
m 130 88 2 334 268
m 130 97 2 334 268
m 130 113 2 334 268
m 130 141 2 334 268
m 130 185 2 334 268
m 130 226 2 334 268
b 139 3 176 242
b 141 0 344 280
m 141 39 0 344 280
m 141 84 0 344 280
m 141 86 0 344 280
m 141 88 0 344 280
m 141 97 0 344 280
m 141 185 0 344 280
m 141 226 0 344 280
b 141 1 344 280
m 141 39 1 344 280
m 141 84 1 344 280
m 141 86 1 344 280
m 141 88 1 344 280
m 141 97 1 344 280
m 141 185 1 344 280
m 141 226 1 344 280
b 11 1 355 42
m 11 105 1 355 42
m 11 119 1 355 42
m 11 190 1 355 42
m 11 235 1 355 42
b 32 0 184 294
m 32 19 0 184 294
m 32 63 0 184 294
m 32 211 0 184 294
b 32 1 184 294
m 32 19 1 184 294
m 32 63 1 184 294
m 32 211 1 184 294
b 32 2 184 294
m 32 19 2 184 294
m 32 63 2 184 294
m 32 211 2 184 294
b 91 2 69 249
m 91 228 2 69 249
b 103 3 199 359
m 103 136 3 14.333333333333336 215.66666666666663 0.1775699519662887
b 118 3 58 163
m 118 92 3 9.799999999999999 149.79999999999998 1.0
b 236 3 239 402
m 236 215 3 14.500000000000002 218.8333333333333 0.3313649998264869
m 236 201 3 14.500000000000002 218.8333333333333 0.3313649998264869
m 236 225 3 14.500000000000002 218.8333333333333 0.3313649998264869
b 37 0 135 466
m 37 6 0 135 466
m 37 52 0 135 466
m 37 111 0 135 466
m 37 179 0 135 466
m 37 196 0 135 466
m 37 231 0 135 466
b 37 1 135 466
m 37 6 1 135 466
m 37 52 1 135 466
m 37 111 1 135 466
m 37 179 1 135 466
m 37 196 1 135 466
m 37 231 1 135 466
b 37 2 135 466
b 125 0 4 206
m 125 228 0 4 206
b 125 1 4 206
m 125 228 1 4 206
b 130 1 335 270
m 130 16 1 335 270
m 130 39 1 335 270
m 130 88 1 335 270
m 130 97 1 335 270
m 130 113 1 335 270
m 130 185 1 335 270
m 130 226 1 335 270
b 159 3 155 356
m 159 136 3 13.16666666666667 185.16666666666666 0.36145626624341326
m 159 142 3 13.16666666666667 185.16666666666666 0.36145626624341326
m 159 140 3 13.16666666666667 185.16666666666666 0.36145626624341326
m 159 225 3 13.16666666666667 185.16666666666666 0.36145626624341326
b 225 0 180 387
m 225 63 0 180 387
m 225 211 0 180 387
m 225 231 0 180 387
b 225 1 180 387
m 225 63 1 180 387
m 225 211 1 180 387
m 225 231 1 180 387
b 225 2 180 387
m 225 63 2 180 387
m 225 211 2 180 387
m 225 231 2 180 387
b 32 3 183 292
m 32 19 3 13.500000000000002 204.8333333333333 0.25
m 32 63 3 13.500000000000002 204.8333333333333 0.25
b 76 3 316 69
m 76 11 3 10.5 139.16666666666663 0.2621762740183793
m 76 235 3 10.5 139.16666666666663 0.2621762740183793
b 94 0 228 395
b 94 1 228 395
b 94 2 228 395
b 125 2 4 206
m 125 228 2 4 206
b 125 3 4 206
m 125 228 3 10.333333333333332 137.99999999999997 0.014507377929008056
b 127 0 231 304
b 127 1 231 304
b 127 2 231 304
m 127 84 2 231 304
b 182 0 184 378
m 182 59 0 184 378
m 182 63 0 184 378
m 182 211 0 184 378
m 182 231 0 184 378
b 182 1 184 378
m 182 59 1 184 378
m 182 63 1 184 378
m 182 211 1 184 378
m 182 231 1 184 378
b 182 2 184 378
m 182 59 2 184 378
m 182 63 2 184 378
m 182 211 2 184 378
m 182 231 2 184 378
b 235 0 396 68
m 235 9 0 396 68
m 235 157 0 396 68
m 235 197 0 396 68
m 235 203 0 396 68
m 235 214 0 396 68
m 235 234 0 396 68
b 37 3 133 467
m 37 7 3 14.285714285714288 212.85714285714283 0.36087764367852104
m 37 111 3 14.285714285714288 212.85714285714283 0.36087764367852104
m 37 196 3 14.285714285714288 212.85714285714283 0.36087764367852104
m 37 52 3 14.285714285714288 212.85714285714283 0.36087764367852104
b 43 0 35 226
b 43 1 35 226
b 66 0 238 332
b 66 1 238 332
m 66 84 1 238 332
b 66 2 238 332
b 167 3 264 50
b 219 0 329 147
m 219 50 0 329 147
m 219 126 0 329 147
m 219 238 0 329 147
b 219 2 329 147
b 19 0 146 323
m 19 59 0 146 323
m 19 140 0 146 323
b 19 1 146 323
m 19 59 1 146 323
m 19 140 1 146 323
b 19 2 146 323
m 19 59 2 146 323
m 19 140 2 146 323
b 43 2 36 225
b 94 3 227 397
m 94 127 3 13.500000000000002 204.8333333333333 0.25
b 141 3 348 278
m 141 113 3 13.285714285714286 196.1428571428571 0.41907384511633133
m 141 39 3 13.285714285714286 196.1428571428571 0.41907384511633133
m 141 97 3 13.285714285714286 196.1428571428571 0.41907384511633133
m 141 88 3 13.285714285714286 196.1428571428571 0.41907384511633133
m 141 2 3 13.285714285714286 196.1428571428571 0.41907384511633133
b 146 0 325 340
m 146 13 0 325 340
m 146 39 0 325 340
m 146 42 0 325 340
m 146 44 0 325 340
m 146 86 0 325 340
m 146 88 0 325 340
m 146 177 0 325 340
m 146 226 0 325 340
b 146 1 325 340
m 146 13 1 325 340
m 146 39 1 325 340
m 146 42 1 325 340
m 146 44 1 325 340
m 146 84 1 325 340
m 146 86 1 325 340
m 146 88 1 325 340
m 146 177 1 325 340
m 146 226 1 325 340
b 146 2 325 340
m 146 13 2 325 340
m 146 39 2 325 340
m 146 42 2 325 340
m 146 44 2 325 340
m 146 84 2 325 340
m 146 86 2 325 340
m 146 88 2 325 340
m 146 141 2 325 340
m 146 177 2 325 340
m 146 226 2 325 340
b 182 3 186 377
m 182 59 3 14.000000000000002 208.28571428571425 0.05954663668675064
b 216 1 300 159
m 216 85 1 300 159
b 12 3 253 339
m 12 215 3 11.333333333333336 162.33333333333331 1.0
b 15 0 294 219
m 15 185 0 294 219
b 15 2 294 219
b 21 3 215 255
b 66 3 240 331
b 198 0 406 140
m 198 95 0 406 140
m 198 203 0 406 140
m 198 214 0 406 140
b 146 3 327 341
m 146 39 3 14.66666666666667 222.3333333333333 0.4551955797665895
m 146 13 3 14.66666666666667 222.3333333333333 0.4551955797665895
m 146 42 3 14.66666666666667 222.3333333333333 0.4551955797665895
m 146 86 3 14.66666666666667 222.3333333333333 0.4551955797665895
m 146 130 3 14.66666666666667 222.3333333333333 0.4551955797665895
b 193 0 175 462
m 193 6 0 175 462
m 193 52 0 175 462
m 193 169 0 175 462
m 193 179 0 175 462
m 193 196 0 175 462
m 193 231 0 175 462
b 193 1 175 462
m 193 6 1 175 462
m 193 52 1 175 462
m 193 169 1 175 462
m 193 179 1 175 462
m 193 196 1 175 462
m 193 231 1 175 462
b 193 2 175 462
m 193 6 2 175 462
m 193 52 2 175 462
m 193 169 2 175 462
m 193 179 2 175 462
m 193 196 2 175 462
m 193 231 2 175 462
b 201 0 184 420
m 201 6 0 184 420
m 201 179 0 184 420
m 201 196 0 184 420
m 201 231 0 184 420
b 201 1 184 420
m 201 6 1 184 420
m 201 179 1 184 420
m 201 196 1 184 420
m 201 231 1 184 420
b 201 2 184 420
b 15 1 292 219
m 15 185 1 292 219
b 15 3 292 219
b 100 0 229 451
m 100 10 0 229 451
m 100 99 0 229 451
m 100 169 0 229 451
m 100 196 0 229 451
b 100 1 229 451
m 100 10 1 229 451
m 100 99 1 229 451
m 100 169 1 229 451
m 100 196 1 229 451
b 100 2 229 451
m 100 10 2 229 451
m 100 99 2 229 451
m 100 169 2 229 451
m 100 196 2 229 451
b 205 3 127 235
b 207 2 129 337
m 207 4 2 129 337
m 207 53 2 129 337
m 207 59 2 129 337
m 207 140 2 129 337
b 19 3 146 319
m 19 59 3 13.85714285714286 204.4285714285714 0.1415397313784656
b 91 3 76 245
m 91 43 3 11.5 156.83333333333331 0.3333333333333333
b 193 3 177 463
m 193 179 3 14.000000000000002 208.28571428571425 0.05954663668675064
b 3 0 239 444
m 3 10 0 239 444
m 3 99 0 239 444
m 3 169 0 239 444
m 3 192 0 239 444
m 3 196 0 239 444
b 3 1 239 444
b 3 2 239 444
m 3 10 2 239 444
m 3 99 2 239 444
m 3 169 2 239 444
m 3 192 2 239 444
m 3 196 2 239 444
b 68 0 165 362
b 68 1 165 362
m 68 59 1 165 362
b 68 2 165 362
m 68 59 2 165 362
b 93 0 420 133
m 93 27 0 420 133
m 93 75 0 420 133
m 93 95 0 420 133
m 93 143 0 420 133
m 93 153 0 420 133
m 93 188 0 420 133
m 93 191 0 420 133
m 93 203 0 420 133
m 93 214 0 420 133
b 100 3 231 452
b 137 3 67 197
m 137 43 3 10.333333333333334 140.0 0.5
m 137 160 3 10.333333333333334 140.0 0.5
b 142 2 92 321
m 142 53 2 92 321
m 142 59 2 92 321
m 142 70 2 92 321
m 142 140 2 92 321
b 152 3 321 46
m 152 105 3 10.166666666666668 137.16666666666663 0.015120793787748221
b 201 3 187 420
m 201 179 3 13.285714285714288 192.71428571428567 0.1334434504379394
b 219 1 329 141
b 235 2 395 62
b 105 0 351 22
m 105 123 0 351 22
b 105 2 351 22
m 105 123 2 351 22
b 3 3 240 445
m 3 196 3 14.000000000000002 208.28571428571425 0.05954663668675064
b 17 0 282 427
m 17 10 0 282 427
m 17 42 0 282 427
m 17 99 0 282 427
m 17 107 0 282 427
b 17 1 282 427
m 17 10 1 282 427
m 17 42 1 282 427
m 17 99 1 282 427
m 17 107 1 282 427
b 17 2 282 427
m 17 10 2 282 427
m 17 42 2 282 427
m 17 99 2 282 427
m 17 107 2 282 427
b 39 0 330 335
m 39 2 0 330 335
m 39 13 0 330 335
m 39 42 0 330 335
m 39 44 0 330 335
m 39 55 0 330 335
m 39 67 0 330 335
b 39 1 330 335
b 39 2 330 335
m 39 2 2 330 335
m 39 13 2 330 335
m 39 42 2 330 335
m 39 44 2 330 335
m 39 55 2 330 335
m 39 67 2 330 335
m 39 84 2 330 335
m 39 86 2 330 335
b 50 0 381 171
m 50 95 0 381 171
m 50 143 0 381 171
m 50 188 0 381 171
m 50 191 0 381 171
b 68 3 163 363
m 68 63 3 13.66666666666667 206.3333333333333 0.2
m 68 59 3 13.66666666666667 206.3333333333333 0.2
b 71 0 50 277
b 71 1 50 277
b 71 3 50 277
b 136 0 222 374
b 136 1 222 374
b 136 2 222 374
b 141 2 355 276
m 141 2 2 355 276
m 141 84 2 355 276
m 141 86 2 355 276
m 141 117 2 355 276
m 141 138 2 355 276
b 126 0 387 213
m 126 78 0 387 213
m 126 95 0 387 213
m 126 117 0 387 213
m 126 121 0 387 213
m 126 138 0 387 213
m 126 143 0 387 213
m 126 154 0 387 213
m 126 188 0 387 213
m 126 191 0 387 213
m 126 233 0 387 213
b 216 3 293 164
m 216 219 3 9.285714285714286 133.28571428571428 0.01583096464736171
b 225 3 191 388
b 228 0 13 262
b 228 1 13 262
b 235 1 395 59
m 235 9 1 395 59
m 235 123 1 395 59
m 235 157 1 395 59
m 235 197 1 395 59
m 235 203 1 395 59
m 235 214 1 395 59
b 105 1 349 24
m 105 123 1 349 24
b 136 3 224 372
m 136 211 3 13.285714285714288 201.85714285714283 0.5
m 136 17 3 13.285714285714288 201.85714285714283 0.5
b 228 2 13 261
b 238 0 375 153
m 238 95 0 375 153
m 238 143 0 375 153
m 238 188 0 375 153
m 238 191 0 375 153
b 80 0 119 371
m 80 4 0 119 371
m 80 38 0 119 371
b 80 1 119 371
m 80 4 1 119 371
m 80 38 1 119 371
b 80 2 119 371
b 140 0 111 353
m 140 4 0 111 353
m 140 38 0 111 353
m 140 70 0 111 353
b 235 3 395 57
m 235 229 3 10.857142857142858 143.4285714285714 0.44396890974403064
m 235 203 3 10.857142857142858 143.4285714285714 0.44396890974403064
m 235 119 3 10.857142857142858 143.4285714285714 0.44396890974403064
b 1 0 283 390
m 1 10 0 283 390
m 1 42 0 283 390
m 1 99 0 283 390
m 1 107 0 283 390
b 1 1 283 390
b 1 2 283 390
m 1 10 2 283 390
m 1 42 2 283 390
m 1 99 2 283 390
m 1 107 2 283 390
b 53 0 72 398
m 53 4 0 72 398
m 53 38 0 72 398
m 53 70 0 72 398
m 53 81 0 72 398
m 53 173 0 72 398
m 53 187 0 72 398
m 53 194 0 72 398
b 71 2 50 273
b 39 3 328 340
m 39 44 3 12.875 184.12499999999997 0.3521568048600433
m 39 55 3 12.875 184.12499999999997 0.3521568048600433
m 39 130 3 12.875 184.12499999999997 0.3521568048600433
b 80 3 118 370
m 80 4 3 14.142857142857144 210.4285714285714 0.22990410416969487
m 80 231 3 14.142857142857144 210.4285714285714 0.22990410416969487
b 88 0 318 269
m 88 2 0 318 269
m 88 138 0 318 269
b 88 1 318 269
b 88 2 318 269
m 88 2 2 318 269
m 88 138 2 318 269
b 102 0 363 198
m 102 95 0 363 198
m 102 117 0 363 198
m 102 121 0 363 198
m 102 138 0 363 198
m 102 191 0 363 198
b 124 0 322 293
m 124 2 0 322 293
b 124 2 322 293
b 140 1 113 353
m 140 4 1 113 353
m 140 38 1 113 353
m 140 70 1 113 353
b 190 0 364 95
b 214 0 449 113
m 214 8 0 449 113
m 214 27 0 449 113
m 214 72 0 449 113
m 214 75 0 449 113
m 214 129 0 449 113
m 214 143 0 449 113
m 214 153 0 449 113
m 214 188 0 449 113
m 214 204 0 449 113
m 214 229 0 449 113
b 1 3 284 388
m 1 17 3 14.000000000000002 208.28571428571425 0.05954663668675064
b 53 1 71 400
m 53 4 1 71 400
m 53 18 1 71 400
m 53 38 1 71 400
m 53 70 1 71 400
m 53 81 1 71 400
m 53 173 1 71 400
m 53 187 1 71 400
m 53 194 1 71 400
b 63 0 174 347
b 63 1 174 347
b 63 2 174 347
b 179 0 104 455
m 179 4 0 104 455
m 179 7 0 104 455
m 179 187 0 104 455
b 179 1 104 455
m 179 4 1 104 455
m 179 7 1 104 455
m 179 187 1 104 455
b 44 0 396 360
m 44 2 0 396 360
m 44 28 0 396 360
m 44 35 0 396 360
m 44 55 0 396 360
m 44 67 0 396 360
m 44 178 0 396 360
m 44 239 0 396 360
b 44 1 396 360
m 44 2 1 396 360
m 44 28 1 396 360
m 44 35 1 396 360
m 44 55 1 396 360
m 44 67 1 396 360
m 44 178 1 396 360
m 44 239 1 396 360
b 44 2 396 360
m 44 2 2 396 360
m 44 28 2 396 360
m 44 35 2 396 360
m 44 55 2 396 360
m 44 67 2 396 360
m 44 178 2 396 360
m 44 239 2 396 360
b 119 0 374 1
m 119 123 0 374 1
b 124 1 321 295
m 124 2 1 321 295
b 124 3 321 295
m 124 226 3 11.16666666666667 158.83333333333331 0.5
m 124 185 3 11.16666666666667 158.83333333333331 0.5
b 142 3 83 320
m 142 70 3 12.000000000000002 162.2857142857143 0.2
b 84 0 283 314
b 127 3 230 287
b 140 3 116 353
b 196 0 195 461
b 196 1 195 461
b 52 0 123 484
m 52 7 0 123 484
b 52 1 123 484
m 52 7 1 123 484
b 215 0 324 362
m 215 55 0 324 362
m 215 107 0 324 362
m 215 178 0 324 362
b 215 2 324 362
m 215 55 2 324 362
m 215 107 2 324 362
m 215 178 2 324 362
b 84 3 282 312
m 84 185 3 11.85714285714286 176.1428571428571 0.011198102514588026
b 88 3 314 266
m 88 185 3 12.0 172.74999999999997 0.3333333333333333
b 130 3 343 288
m 130 185 3 13.142857142857144 192.8571428571428 0.25
m 130 138 3 13.142857142857144 192.8571428571428 0.25
b 196 3 197 461
m 196 169 3 12.875000000000002 187.37499999999997 0.3333333333333333
b 27 0 497 165
m 27 162 0 497 165
b 52 3 122 482
m 52 6 3 12.875000000000002 187.37499999999997 0.3333333333333333
b 105 3 341 29
m 105 119 3 9.000000000000002 118.14285714285711 0.015562391773217181
b 140 2 119 353
b 153 0 477 131
m 153 8 0 477 131
m 153 41 0 477 131
m 153 72 0 477 131
m 153 129 0 477 131
m 153 204 0 477 131
m 153 229 0 477 131
b 179 2 99 456
m 179 7 2 99 456
m 179 111 2 99 456
m 179 187 2 99 456
b 215 1 326 361
m 215 55 1 326 361
m 215 178 1 326 361
b 226 0 326 295
b 226 1 326 295
m 226 2 1 326 295
m 226 67 1 326 295
b 226 2 326 295
b 138 2 378 254
m 138 24 2 378 254
m 138 78 2 378 254
m 138 95 2 378 254
m 138 102 2 378 254
m 138 108 2 378 254
m 138 110 2 378 254
m 138 121 2 378 254
m 138 126 2 378 254
m 138 154 2 378 254
m 138 191 2 378 254
m 138 233 2 378 254
b 190 2 358 91
m 190 85 2 358 91
m 190 197 2 358 91
m 190 198 2 358 91
m 190 203 2 358 91
b 197 0 383 103
m 197 204 0 383 103
b 211 0 184 342
b 211 1 184 342
b 211 2 184 342
b 224 0 139 449
m 224 4 0 139 449
b 224 1 139 449
m 224 4 1 139 449
b 224 2 139 449
m 224 111 2 139 449
b 228 3 15 251
b 16 0 409 211
m 16 24 0 409 211
m 16 36 0 409 211
m 16 108 0 409 211
b 16 2 409 211
b 42 0 339 401
m 42 40 0 339 401
m 42 51 0 339 401
m 42 120 0 339 401
m 42 178 0 339 401
b 42 1 339 401
m 42 40 1 339 401
m 42 51 1 339 401
m 42 55 1 339 401
m 42 120 1 339 401
m 42 178 1 339 401
b 42 2 339 401
m 42 40 2 339 401
m 42 51 2 339 401
m 42 120 2 339 401
m 42 178 2 339 401
b 67 0 373 349
m 67 35 0 373 349
m 67 178 0 373 349
m 67 239 0 373 349
b 67 2 373 349
m 67 35 2 373 349
m 67 178 2 373 349
m 67 239 2 373 349
b 138 0 377 254
m 138 24 0 377 254
m 138 108 0 377 254
m 138 110 0 377 254
b 179 3 97 456
b 196 2 200 460
b 52 2 119 480
b 113 0 356 217
b 113 2 356 217
m 113 50 2 356 217
m 113 78 2 356 217
m 113 95 2 356 217
m 113 102 2 356 217
m 113 121 2 356 217
m 113 126 2 356 217
m 113 191 2 356 217
m 113 233 2 356 217
m 113 238 2 356 217
b 119 2 367 2
m 119 9 2 367 2
m 119 90 2 367 2
b 123 0 412 36
m 123 8 0 412 36
m 123 90 0 412 36
m 123 129 0 412 36
m 123 229 0 412 36
b 123 2 412 36
b 224 3 139 451
m 224 4 3 13.42857142857143 202.57142857142853 0.3333333333333333
b 4 2 118 381
m 4 38 2 118 381
m 4 111 2 118 381
m 4 187 2 118 381
m 4 194 2 118 381
b 16 1 411 210
b 42 3 341 403
m 42 55 3 13.85714285714286 202.1428571428571 0.37649534322097594
m 42 44 3 13.85714285714286 202.1428571428571 0.37649534322097594
m 42 107 3 13.85714285714286 202.1428571428571 0.37649534322097594
m 42 67 3 13.85714285714286 202.1428571428571 0.37649534322097594
b 53 2 64 406
m 53 18 2 64 406
m 53 38 2 64 406
m 53 81 2 64 406
m 53 82 2 64 406
m 53 111 2 64 406
m 53 173 2 64 406
m 53 187 2 64 406
m 53 194 2 64 406
b 86 0 335 315
m 86 178 0 335 315
b 86 1 335 315
b 188 0 422 182
m 188 36 0 422 182
m 188 162 0 422 182
b 190 1 356 89
m 190 198 1 356 89
b 214 1 454 122
m 214 8 1 454 122
m 214 27 1 454 122
m 214 72 1 454 122
m 214 75 1 454 122
m 214 93 1 454 122
m 214 129 1 454 122
m 214 143 1 454 122
m 214 153 1 454 122
m 214 188 1 454 122
m 214 198 1 454 122
m 214 204 1 454 122
m 214 229 1 454 122
m 214 234 1 454 122
b 231 0 162 450
b 231 1 162 450
b 231 2 162 450
m 231 111 2 162 450
b 10 0 267 477
m 10 40 0 267 477
m 10 51 0 267 477
b 10 1 267 477
b 10 2 267 477
m 10 40 2 267 477
m 10 51 2 267 477
b 59 0 140 373
b 85 1 412 144
m 85 50 1 412 144
m 85 93 1 412 144
m 85 95 1 412 144
m 85 102 1 412 144
m 85 143 1 412 144
m 85 188 1 412 144
m 85 198 1 412 144
m 85 238 1 412 144
b 92 3 30 146
b 113 1 354 216
m 113 50 1 354 216
m 113 78 1 354 216
m 113 95 1 354 216
m 113 102 1 354 216
m 113 117 1 354 216
m 113 121 1 354 216
m 113 126 1 354 216
m 113 138 1 354 216
m 113 191 1 354 216
m 113 238 1 354 216
b 123 1 411 37
m 123 8 1 411 37
m 123 72 1 411 37
m 123 90 1 411 37
m 123 129 1 411 37
m 123 229 1 411 37
b 63 3 185 347
m 63 207 3 11.714285714285715 175.71428571428567 1.0
b 75 0 471 121
m 75 162 0 471 121
b 84 1 278 306
b 97 0 404 274
m 97 24 0 404 274
m 97 35 0 404 274
m 97 108 0 404 274
m 97 110 0 404 274
b 97 1 404 274
b 97 2 404 274
b 119 1 364 2
m 119 90 1 364 2
b 160 3 8 201
b 185 0 302 277
b 185 1 302 277
b 185 2 302 277
b 191 0 403 243
m 191 24 0 403 243
m 191 36 0 403 243
m 191 108 0 403 243
m 191 110 0 403 243
b 6 0 160 411
b 6 1 160 411
b 59 1 142 372
b 70 2 85 378
m 70 18 2 85 378
m 70 38 2 85 378
m 70 81 2 85 378
m 70 82 2 85 378
m 70 111 2 85 378
m 70 173 2 85 378
m 70 187 2 85 378
m 70 194 2 85 378
b 177 0 359 402
m 177 29 0 359 402
m 177 40 0 359 402
m 177 51 0 359 402
m 177 120 0 359 402
b 177 1 359 402
m 177 29 1 359 402
m 177 40 1 359 402
m 177 51 1 359 402
m 177 120 1 359 402
b 177 2 359 402
m 177 29 2 359 402
m 177 40 2 359 402
m 177 51 2 359 402
m 177 120 2 359 402
b 7 3 68 474
m 7 174 3 13.375000000000002 192.37499999999997 0.27502140988695933
m 7 57 3 13.375000000000002 192.37499999999997 0.27502140988695933
b 44 3 408 361
m 44 178 3 12.222222222222223 169.1111111111111 0.21880524805902632
m 44 177 3 12.222222222222223 169.1111111111111 0.21880524805902632
b 72 0 456 67
m 72 41 0 456 67
b 113 3 351 215
m 113 238 3 13.125 189.62499999999997 0.4286900931694471
m 113 95 3 13.125 189.62499999999997 0.4286900931694471
m 113 121 3 13.125 189.62499999999997 0.4286900931694471
m 113 191 3 13.125 189.62499999999997 0.4286900931694471
m 113 117 3 13.125 189.62499999999997 0.4286900931694471
b 157 0 487 78
m 157 41 0 487 78
b 215 3 333 357
m 215 107 3 13.000000000000002 189.8571428571428 0.25
m 215 177 3 13.000000000000002 189.8571428571428 0.25
b 11 3 354 11
m 11 190 3 9.285714285714286 120.99999999999997 0.5141420118343196
b 67 1 367 351
b 84 2 276 304
b 86 2 337 311
b 95 0 393 179
b 234 0 497 97
m 234 41 0 497 97
b 4 0 123 376
b 4 1 123 376
b 18 1 15 424
m 18 23 1 15 424
m 18 82 1 15 424
m 18 87 1 15 424
b 59 2 146 371
m 59 111 2 146 371
b 78 0 409 212
m 78 24 0 409 212
m 78 36 0 409 212
m 78 108 0 409 212
m 78 110 0 409 212
b 86 3 338 309
m 86 67 3 12.85714285714286 191.1428571428571 0.5
m 86 178 3 12.85714285714286 191.1428571428571 0.5
b 97 3 407 270
m 97 16 3 13.25 192.74999999999997 0.45738884225827164
m 97 78 3 13.25 192.74999999999997 0.45738884225827164
m 97 108 3 13.25 192.74999999999997 0.45738884225827164
m 97 110 3 13.25 192.74999999999997 0.45738884225827164
b 138 3 368 255
m 138 16 3 13.125000000000002 189.87499999999994 0.4242427948310301
m 138 78 3 13.125000000000002 189.87499999999994 0.4242427948310301
m 138 110 3 13.125000000000002 189.87499999999994 0.4242427948310301
m 138 117 3 13.125000000000002 189.87499999999994 0.4242427948310301
b 203 0 430 128
b 6 2 162 406
b 13 0 372 364
m 13 120 0 372 364
b 13 1 372 364
m 13 120 1 372 364
b 13 2 372 364
b 38 0 38 366
m 38 18 0 38 366
m 38 82 0 38 366
m 38 87 0 38 366
b 38 1 38 366
m 38 82 1 38 366
m 38 87 1 38 366
b 70 0 90 378
m 70 82 0 90 378
b 117 2 404 232
m 117 24 2 404 232
m 117 36 2 404 232
m 117 78 2 404 232
m 117 95 2 404 232
m 117 102 2 404 232
m 117 108 2 404 232
m 117 110 2 404 232
m 117 121 2 404 232
m 117 126 2 404 232
m 117 154 2 404 232
m 117 188 2 404 232
m 117 191 2 404 232
m 117 233 2 404 232
b 204 0 442 96
b 4 3 124 375
m 4 194 3 12.875000000000002 186.12499999999997 0.013996790333136137
b 9 0 421 3
m 9 90 0 421 3
m 9 96 0 421 3
b 17 3 300 444
m 17 40 3 12.625000000000002 184.62499999999997 0.88001800180018
m 17 10 3 12.625000000000002 184.62499999999997 0.88001800180018
m 17 51 3 12.625000000000002 184.62499999999997 0.88001800180018
m 17 99 3 12.625000000000002 184.62499999999997 0.88001800180018
m 17 107 3 12.625000000000002 184.62499999999997 0.88001800180018
b 59 3 148 370
m 59 207 3 12.375000000000002 182.37499999999997 1.0
b 99 0 263 420
b 99 1 263 420
m 99 192 1 263 420
b 99 2 263 420
b 111 0 96 397
m 111 23 0 96 397
b 111 1 96 397
m 111 23 1 96 397
b 117 0 404 231
m 117 110 0 404 231
b 192 0 266 486
b 192 2 266 486
b 219 3 329 115
m 219 190 3 8.75 119.75 0.02865415023137346
b 13 3 373 363
m 13 67 3 13.42857142857143 195.71428571428567 0.11032312071799347
b 55 0 368 376
b 55 2 368 376
b 70 1 92 379
m 70 82 1 92 379
b 178 0 346 374
b 178 1 346 374
b 178 2 346 374
b 2 3 363 272
m 2 117 3 12.625 179.62499999999997 0.23400450751282265
m 2 24 3 12.625 179.62499999999997 0.23400450751282265
b 40 0 328 469
m 40 164 0 328 469
m 40 183 0 328 469
b 40 1 328 469
m 40 164 1 328 469
m 40 183 1 328 469
b 40 2 328 469
m 40 164 2 328 469
m 40 183 2 328 469
b 111 3 96 395
m 111 187 3 13.375000000000002 192.37499999999997 0.27502140988695933
m 111 81 3 13.375000000000002 192.37499999999997 0.27502140988695933
b 24 2 424 274
m 24 36 2 424 274
b 70 3 94 379
m 70 207 3 11.500000000000002 150.00000000000003 0.27979418085633995
m 70 82 3 11.500000000000002 150.00000000000003 0.27979418085633995
m 70 53 3 11.500000000000002 150.00000000000003 0.27979418085633995
b 110 2 427 266
m 110 36 2 427 266
m 110 73 2 427 266
b 194 0 79 402
m 194 18 0 79 402
m 194 23 0 79 402
m 194 82 0 79 402
b 24 0 424 275
b 27 1 490 153
b 43 3 46 192
b 67 3 359 353
m 67 35 3 12.500000000000002 177.99999999999997 0.3333333333333333
b 108 2 446 288
b 110 0 426 265
m 110 73 0 426 265
b 120 0 396 436
m 120 5 0 396 436
m 120 29 0 396 436
m 120 116 0 396 436
m 120 134 0 396 436
m 120 164 0 396 436
m 120 183 0 396 436
b 120 1 396 436
m 120 5 1 396 436
m 120 29 1 396 436
m 120 116 1 396 436
m 120 134 1 396 436
m 120 164 1 396 436
m 120 183 1 396 436
b 120 2 396 436
b 138 1 362 255
m 138 110 1 362 255
m 138 233 1 362 255
b 153 1 477 148
m 153 162 1 477 148
b 169 0 224 432
b 169 1 224 432
m 169 192 1 224 432
b 169 2 224 432
b 187 0 61 461
m 187 18 0 61 461
m 187 23 0 61 461
m 187 57 0 61 461
m 187 82 0 61 461
m 187 171 0 61 461
b 72 1 446 67
m 72 41 1 446 67
b 81 0 48 350
m 81 18 0 48 350
m 81 82 0 48 350
m 81 87 0 48 350
b 107 0 358 426
m 107 29 0 358 426
b 107 1 358 426
m 107 29 1 358 426
b 107 2 358 426
m 107 29 2 358 426
b 108 0 447 288
m 108 73 0 447 288
b 143 0 458 134
b 157 1 497 79
m 157 41 1 497 79
b 194 1 81 401
m 194 23 1 81 401
m 194 82 1 81 401
b 198 2 436 123
m 198 8 2 436 123
m 198 72 2 436 123
m 198 75 2 436 123
m 198 93 2 436 123
m 198 143 2 436 123
m 198 153 2 436 123
m 198 188 2 436 123
m 198 204 2 436 123
m 198 214 2 436 123
m 198 229 2 436 123
b 41 0 485 31
m 41 96 0 485 31
b 55 3 365 380
b 154 0 421 203
b 173 0 3 352
m 173 82 0 3 352
m 173 87 0 3 352
b 187 1 61 463
b 226 3 321 277
b 231 3 174 459
b 18 2 18 432
m 18 23 2 18 432
m 18 87 2 18 432
m 18 174 2 18 432
b 81 1 49 348
m 81 82 1 49 348
m 81 87 1 49 348
b 93 1 443 110
b 119 3 350 5
m 119 123 3 9.875 126.62499999999997 0.3333333333333333
b 126 2 400 239
b 191 2 400 257
m 191 36 2 400 257
m 191 162 2 400 257
m 191 188 2 400 257
b 197 1 364 102
b 233 0 409 294
b 28 0 381 444
m 28 5 0 381 444
m 28 116 0 381 444
m 28 134 0 381 444
m 28 164 0 381 444
m 28 183 0 381 444
b 28 1 381 444
m 28 5 1 381 444
m 28 116 1 381 444
m 28 134 1 381 444
m 28 164 1 381 444
m 28 183 1 381 444
b 28 2 381 444
b 50 2 350 164
m 50 188 2 350 164
b 55 1 363 381
b 173 1 2 351
m 173 82 1 2 351
m 173 87 1 2 351
b 188 1 406 188
m 188 36 1 406 188
m 188 154 1 406 188
m 188 162 1 406 188
b 198 1 438 121
b 203 1 428 138
b 207 3 164 346
b 229 3 444 102
m 229 8 3 11.375 153.62499999999997 0.4938698487784786
m 229 41 3 11.375 153.62499999999997 0.4938698487784786
m 229 129 3 11.375 153.62499999999997 0.4938698487784786
m 229 123 3 11.375 153.62499999999997 0.4938698487784786
m 229 153 3 11.375 153.62499999999997 0.4938698487784786
m 229 157 3 11.375 153.62499999999997 0.4938698487784786
m 229 234 3 11.375 153.62499999999997 0.4938698487784786
m 229 85 3 11.375 153.62499999999997 0.4938698487784786
b 2 0 359 267
b 2 2 359 267
b 7 0 62 461
m 7 18 0 62 461
m 7 23 0 62 461
m 7 57 0 62 461
m 7 171 0 62 461
m 7 174 0 62 461
b 7 1 62 461
m 7 23 1 62 461
m 7 57 1 62 461
m 7 171 1 62 461
m 7 174 1 62 461
b 78 2 400 206
m 78 36 2 400 206
m 78 162 2 400 206
m 78 188 2 400 206
b 121 0 406 188
b 174 3 21 488
m 174 23 3 12.333333333333336 172.77777777777774 0.08221124799171373
b 204 1 432 98
b 9 1 412 6
b 50 1 348 163
b 75 1 471 104
b 203 3 427 140
m 203 188 3 11.25 149.99999999999997 0.47153471335601105
m 203 153 3 11.25 149.99999999999997 0.47153471335601105
m 203 85 3 11.25 149.99999999999997 0.47153471335601105
m 203 8 3 11.25 149.99999999999997 0.47153471335601105
m 203 93 3 11.25 149.99999999999997 0.47153471335601105
m 203 197 3 11.25 149.99999999999997 0.47153471335601105
m 203 143 3 11.25 149.99999999999997 0.47153471335601105
b 211 3 206 340
b 229 0 443 104
b 238 2 369 122
m 238 93 2 369 122
b 38 2 28 358
b 85 2 431 141
b 102 2 340 179
b 126 1 402 243
m 126 24 1 402 243
m 126 108 1 402 243
m 126 110 1 402 243
m 126 154 1 402 243
m 126 162 1 402 243
m 126 233 1 402 243
b 129 0 456 31
b 187 2 61 468
m 187 23 2 61 468
m 187 57 2 61 468
m 187 171 2 61 468
m 187 174 2 61 468
b 191 1 399 260
m 191 24 1 399 260
m 191 108 1 399 260
m 191 110 1 399 260
m 191 154 1 399 260
m 191 162 1 399 260
m 191 233 1 399 260
b 57 3 68 493
m 57 23 3 12.222222222222225 171.99999999999997 0.3333333333333333
b 162 0 454 219
b 185 3 285 285
b 238 1 369 120
b 239 0 449 313
m 239 20 0 449 313
m 239 49 0 449 313
m 239 56 0 449 313
m 239 73 0 449 313
b 239 1 449 313
m 239 20 1 449 313
m 239 24 1 449 313
m 239 49 1 449 313
m 239 56 1 449 313
m 239 73 1 449 313
m 239 108 1 449 313
m 239 110 1 449 313
m 239 233 1 449 313
b 239 2 449 313
b 40 3 321 477
b 51 0 316 432
b 51 1 316 432
b 51 2 316 432
b 78 1 397 203
m 78 24 1 397 203
m 78 36 1 397 203
m 78 110 1 397 203
m 78 154 1 397 203
m 78 162 1 397 203
b 110 3 419 260
m 110 126 3 12.555555555555557 176.77777777777777 0.09465600151069954
b 178 3 347 363
b 7 2 59 457
b 95 2 387 162
b 108 3 455 293
m 108 35 3 12.666666666666668 178.44444444444443 0.19672827647612248
m 108 20 3 12.666666666666668 178.44444444444443 0.19672827647612248
b 191 3 399 263
m 191 126 3 12.222222222222221 171.33333333333331 0.2
m 191 188 3 12.222222222222221 171.33333333333331 0.2
b 194 2 88 396
m 194 23 2 88 396
m 194 87 2 88 396
b 6 3 167 391
b 8 0 444 102
b 18 0 21 440
m 18 171 0 21 440
m 18 174 0 21 440
b 35 0 458 327
m 35 20 0 458 327
m 35 49 0 458 327
m 35 56 0 458 327
m 35 73 0 458 327
m 35 79 0 458 327
b 35 1 458 327
m 35 20 1 458 327
m 35 24 1 458 327
m 35 49 1 458 327
m 35 56 1 458 327
m 35 73 1 458 327
m 35 79 1 458 327
m 35 108 1 458 327
m 35 110 1 458 327
m 35 233 1 458 327
b 35 2 458 327
b 82 2 30 394
m 82 23 2 30 394
m 82 87 2 30 394
b 102 1 336 177
b 117 1 404 216
m 117 24 1 404 216
m 117 110 1 404 216
m 117 154 1 404 216
m 117 162 1 404 216
b 238 3 368 117
m 238 188 3 12.555555555555555 175.66666666666666 0.23617235685139215
b 2 1 354 262
m 2 24 1 354 262
b 81 2 52 340
b 188 2 399 191
m 188 143 2 399 191
m 188 162 2 399 191
m 188 214 2 399 191
b 24 3 415 284
m 24 126 3 11.888888888888888 163.66666666666663 0.16688541285135747
m 24 73 3 11.888888888888888 163.66666666666663 0.16688541285135747
b 36 0 489 220
b 154 2 421 192
b 173 2 5 345
m 173 87 2 5 345
b 29 0 425 435
m 29 222 0 425 435
b 29 1 425 435
m 29 222 1 425 435
b 29 2 425 435
m 29 222 2 425 435
b 95 1 385 159
m 95 154 1 385 159
b 117 3 404 213
b 153 2 476 162
m 153 27 2 476 162
m 153 162 2 476 162
m 153 234 2 476 162
b 183 0 389 492
b 183 1 389 492
b 183 2 389 492
b 197 2 353 102
b 233 2 404 304
b 72 2 432 68
m 72 41 2 432 68
m 72 129 2 432 68
m 72 157 2 432 68
m 72 234 2 432 68
b 78 3 392 200
b 110 1 414 256
m 110 24 1 414 256
m 110 108 1 414 256
m 110 154 1 414 256
b 169 3 222 418
m 169 192 3 11.555555555555557 166.66666666666666 1.0
b 203 2 425 149
b 214 2 466 147
b 10 3 245 495
m 10 192 3 11.333333333333334 164.2222222222222 1.0
b 107 3 372 422
m 107 28 3 12.625000000000002 178.87499999999997 0.25
m 107 29 3 12.625000000000002 178.87499999999997 0.25
b 121 2 400 178
b 177 3 378 420
m 177 28 3 11.400000000000002 153.79999999999998 0.06499671823710554
b 229 1 437 111
b 234 1 495 121
b 57 0 77 492
b 87 1 13 398
b 93 2 453 100
m 93 27 2 453 100
m 93 157 2 453 100
m 93 234 2 453 100
b 95 3 384 156
m 95 198 3 12.333333333333332 172.55555555555554 0.02911324650802381
b 111 2 101 377
b 129 1 453 22
m 129 96 1 453 22
b 153 3 476 165
m 153 204 3 11.222222222222221 147.66666666666666 0.2674952893373418
m 153 75 3 11.222222222222221 147.66666666666666 0.2674952893373418
m 153 93 3 11.222222222222221 147.66666666666666 0.2674952893373418
b 174 2 30 482
b 53 3 41 427
m 53 18 3 10.666666666666668 135.11111111111114 0.017508179788844398
b 82 1 31 387
b 87 0 14 399
b 123 3 394 62
m 123 72 3 9.222222222222223 114.3333333333333 0.42565766277099837
m 123 9 3 9.222222222222223 114.3333333333333 0.42565766277099837
b 143 1 462 117
b 190 3 332 69
b 9 2 400 10
m 9 129 2 400 10
b 16 3 439 196
m 16 154 3 12.333333333333334 174.1111111111111 0.2
m 16 36 3 12.333333333333334 174.1111111111111 0.2
b 73 2 459 323
m 73 20 2 459 323
m 73 49 2 459 323
m 73 56 2 459 323
b 82 0 31 386
b 90 0 395 23
b 90 2 395 23
b 174 0 32 480
b 174 1 32 480
b 194 3 95 391
b 204 2 418 99
m 204 129 2 418 99
b 41 1 478 14
b 51 3 311 423
m 51 192 3 11.444444444444445 164.55555555555554 0.5
m 51 28 3 11.444444444444445 164.55555555555554 0.5
b 56 0 431 350
b 56 1 431 350
b 73 0 458 324
b 75 2 471 90
m 75 27 2 471 90
m 75 129 2 471 90
m 75 157 2 471 90
m 75 234 2 471 90
b 121 1 398 175
b 8 1 438 110
b 90 1 393 23
b 134 0 386 458
b 134 1 386 458
b 24 1 409 291
b 57 1 82 491
b 93 3 456 97
m 93 75 3 10.666666666666666 137.33333333333331 0.16666666666666666
m 93 214 3 10.666666666666666 137.33333333333331 0.16666666666666666
b 187 3 62 483
m 187 171 3 12.111111111111112 171.44444444444443 0.5
m 187 18 3 12.111111111111112 171.44444444444443 0.5
b 192 1 276 462
b 5 0 438 486
m 5 222 0 438 486
b 5 1 438 486
m 5 222 1 438 486
b 36 2 498 215
b 41 3 477 12
m 41 96 3 10.333333333333332 137.0 0.5
m 41 72 3 10.333333333333332 137.0 0.5
b 81 3 56 329
m 81 87 3 12.222222222222225 171.99999999999997 0.3333333333333333
b 82 3 31 382
m 82 18 3 10.666666666666668 135.11111111111114 0.017508179788844398
b 108 1 466 300
b 121 3 397 172
m 121 214 3 12.222222222222221 171.33333333333331 0.2
b 188 3 388 195
m 188 154 3 10.444444444444445 135.1111111111111 0.25
b 49 0 481 365
m 49 22 0 481 365
m 49 47 0 481 365
b 49 1 481 365
b 57 2 84 491
b 99 3 251 395
m 99 192 3 11.333333333333334 164.2222222222222 1.0
b 162 1 438 226
b 87 2 16 407
b 27 2 476 130
b 85 3 451 138
m 85 27 3 10.88888888888889 142.0 0.14285714285714285
b 23 1 69 425
b 73 1 450 324
b 96 0 492 35
b 126 3 412 262
m 126 162 3 11.700000000000001 160.7 0.028028250403956668
b 162 2 436 227
b 164 0 440 474
m 164 222 0 440 474
b 164 1 440 474
m 164 222 1 440 474
b 164 2 440 474
m 164 222 2 440 474
b 23 0 70 423
b 116 0 439 484
m 116 222 0 439 484
b 116 1 439 484
m 116 222 1 439 484
b 229 2 428 122
b 233 1 397 319
b 56 2 425 341
b 35 3 477 317
m 35 56 3 11.555555555555557 159.99999999999997 0.4241033387559068
b 36 1 491 210
b 72 3 415 69
m 72 90 3 8.4 102.99999999999997 1.0
b 143 2 465 104
b 157 3 498 108
m 157 27 3 10.444444444444445 137.55555555555554 0.3333333333333333
b 73 3 445 325
m 73 56 3 11.1 148.89999999999995 0.09034370980622046
b 154 1 421 172
b 234 3 494 138
m 234 27 3 10.222222222222221 136.66666666666666 1.0
b 18 3 29 462
m 18 87 3 9.700000000000001 121.70000000000002 1.0
b 41 2 472 2
b 129 3 448 6
m 129 90 3 10.222222222222221 136.66666666666666 1.0
b 171 0 90 447
b 198 3 464 106
m 198 27 3 11.199999999999998 155.4 1.0
b 8 2 429 120
b 49 2 474 374
m 49 22 2 474 374
m 49 47 2 474 374
m 49 79 2 474 374
b 204 3 402 101
b 75 3 471 74
m 75 27 3 10.2 133.0 1.0
b 79 0 484 399
m 79 222 0 484 399
b 79 1 484 399
m 79 222 1 484 399
b 197 3 331 100
m 197 50 3 10.222222222222221 133.77777777777777 0.5
m 197 102 3 10.222222222222221 133.77777777777777 0.5
b 214 3 475 166
m 214 27 3 9.7 123.69999999999997 1.0
b 23 2 75 418
b 143 3 467 99
m 143 27 3 10.11111111111111 133.44444444444443 1.0
b 8 3 427 123
m 8 27 3 10.222222222222221 136.66666666666666 1.0
b 20 0 433 341
b 20 1 433 341
b 23 3 76 417
b 171 1 93 443
b 20 3 431 341
m 20 239 3 11.900000000000002 163.09999999999997 0.08787465230893708
b 27 3 470 118
b 29 3 449 423
m 29 222 3 12.625000000000002 178.87499999999997 -1.0
b 28 3 347 459
m 28 134 3 11.555555555555557 159.99999999999997 0.1748216695585117
b 171 2 94 441
b 192 3 283 444
b 157 2 498 119
b 234 2 493 148
b 56 3 419 329
m 56 233 3 10.700000000000003 144.89999999999998 0.29612155072348
b 22 0 490 444
m 22 222 0 490 444
b 129 2 442 2
m 129 96 2 442 2
b 87 3 23 426
b 36 3 477 203
b 154 3 421 157
b 20 2 423 340
b 96 1 488 56
b 9 3 369 20
b 47 0 468 424
m 47 222 0 468 424
b 162 3 413 238
b 50 3 301 151
b 96 3 488 62
b 22 2 489 455
b 171 3 102 428
b 102 3 299 147
b 79 2 460 402
m 79 222 2 460 402
b 47 2 458 427
m 47 222 2 458 427
b 134 3 348 473
m 134 183 3 10.500000000000002 144.09999999999997 1.0
b 90 3 352 37
b 239 3 446 252
b 233 3 378 358
b 96 2 484 84
b 183 3 384 428
m 183 222 3 10.500000000000002 144.09999999999997 -1.0
