Key: 
t: node change direction (node id, x, y, new direction)
s: node start location (node id, x, y, start direction, buffer)
m: message transfer (sender id, target id, messageType, sender x, sender y
b: broadcast (node id, message type, x, y)
74 58 132 192
s 0 205 292 288 0
s 1 266 59 215 0
s 2 20 346 138 0
s 3 394 108 154 0
s 4 295 60 54 0
s 5 78 81 232 0
s 6 72 269 168 0
s 7 484 79 184 0
s 8 91 257 111 0
s 9 420 21 12 0
s 10 34 81 354 0
s 11 351 471 89 0
s 12 29 318 188 0
s 13 187 192 254 0
s 14 408 429 77 0
s 15 383 108 198 0
s 16 69 128 189 0
s 17 344 416 147 0
s 18 49 85 285 0
s 19 380 86 81 0
s 20 101 114 252 0
s 21 112 317 99 0
s 22 120 174 282 0
s 23 207 374 29 0
s 24 336 75 4 0
s 25 160 179 102 0
s 26 81 480 286 0
s 27 323 135 200 0
s 28 425 133 198 0
s 29 264 25 127 0
s 30 154 206 155 0
s 31 197 488 219 0
s 32 436 251 113 0
s 33 50 96 130 0
s 34 404 120 279 0
s 35 126 14 270 0
s 36 487 474 264 0
s 37 387 113 344 0
s 38 319 455 203 0
s 39 60 288 335 0
s 40 195 290 207 0
s 41 322 170 96 0
s 42 402 204 134 0
s 43 209 286 355 0
s 44 243 468 213 0
s 45 156 313 246 0
s 46 12 100 45 0
s 47 54 465 194 0
s 48 184 199 105 0
s 49 301 257 39 0
s 50 307 78 213 0
s 51 257 346 277 0
s 52 215 497 80 0
s 53 449 399 266 0
s 54 307 357 237 0
s 55 41 352 274 0
s 56 456 56 356 0
s 57 401 136 39 0
s 58 196 39 144 0
s 59 187 136 93 0
s 60 328 76 100 0
s 61 465 171 234 0
s 62 118 156 71 0
s 63 102 52 240 0
s 64 406 45 281 0
s 65 379 316 191 0
s 66 276 77 10 0
s 67 212 358 186 0
s 68 162 0 214 0
s 69 21 436 349 0
s 70 264 464 78 0
s 71 434 130 330 0
s 72 238 466 286 0
s 73 395 489 294 0
s 74 85 119 102 0
s 75 33 259 268 0
s 76 415 48 320 0
s 77 440 199 244 0
s 78 375 117 222 0
s 79 367 289 208 0
s 80 148 27 213 0
s 81 128 185 221 0
s 82 379 449 41 0
s 83 298 189 185 0
s 84 491 326 134 0
s 85 111 443 6 0
s 86 229 167 33 0
s 87 467 21 355 0
s 88 459 292 225 0
s 89 317 291 178 0
s 90 92 131 102 0
s 91 121 263 90 0
s 92 263 468 284 0
s 93 388 465 315 0
s 94 213 356 84 0
s 95 320 389 336 0
s 96 56 345 344 0
s 97 230 230 309 0
s 98 377 358 288 0
s 99 61 72 118 0
s 100 183 32 238 0
s 101 154 383 225 0
s 102 233 479 298 0
s 103 213 189 296 0
s 104 110 290 19 0
s 105 176 229 54 0
s 106 381 291 195 0
s 107 90 27 261 0
s 108 20 69 29 0
s 109 476 41 144 0
s 110 36 1 319 0
s 111 55 396 251 0
s 112 200 403 94 0
s 113 321 206 20 0
s 114 496 78 322 0
s 115 206 24 349 0
s 116 170 442 247 0
s 117 418 174 40 0
s 118 3 423 269 0
s 119 494 387 279 0
s 120 59 308 110 0
s 121 167 456 359 0
s 122 2 353 177 0
s 123 461 272 183 0
s 124 60 127 231 0
s 125 189 318 289 0
s 126 126 34 306 0
s 127 344 106 245 0
s 128 307 226 285 0
s 129 200 430 341 0
s 130 86 165 260 0
s 131 329 223 210 0
s 132 323 324 240 0
s 133 447 60 170 0
s 134 493 273 7 0
s 135 16 408 35 0
s 136 150 449 270 0
s 137 330 24 279 0
s 138 402 384 45 0
s 139 419 190 253 0
s 140 54 354 318 0
s 141 187 375 121 0
s 142 231 104 49 0
s 143 307 492 161 0
s 144 157 308 319 0
s 145 368 423 253 0
s 146 416 278 168 0
s 147 202 340 200 0
s 148 38 431 299 0
s 149 273 400 32 0
s 150 483 373 98 0
s 151 12 425 63 0
s 152 340 47 161 0
s 153 414 176 253 0
s 154 439 70 33 0
s 155 35 408 147 0
s 156 22 27 165 0
s 157 311 126 93 0
s 158 119 294 104 0
s 159 449 394 132 0
s 160 402 142 224 0
s 161 159 285 351 0
s 162 352 406 108 0
s 163 365 62 205 0
s 164 184 165 125 0
s 165 154 122 312 0
s 166 8 295 276 0
s 167 118 463 336 0
s 168 132 192 9 0
s 169 212 242 338 0
s 170 163 300 283 0
s 171 172 15 245 0
s 172 104 121 73 0
s 173 494 15 56 0
s 174 309 109 115 0
s 175 324 211 323 0
s 176 51 190 341 0
s 177 213 48 127 0
s 178 170 241 66 0
s 179 278 66 355 0
s 180 148 109 106 0
s 181 88 94 70 0
s 182 344 94 288 0
s 183 250 262 139 0
s 184 48 64 210 0
s 185 99 387 149 0
s 186 100 267 286 0
s 187 318 417 191 0
s 188 317 181 109 0
s 189 312 6 135 0
s 190 266 425 303 0
s 191 55 364 336 0
s 192 363 18 330 0
s 193 25 257 90 0
s 194 256 451 272 0
s 195 274 193 96 0
s 196 233 177 357 0
s 197 351 164 108 0
s 198 336 386 354 0
s 199 221 263 210 0
s 200 387 329 18 0
s 201 47 463 31 0
s 202 300 351 302 0
s 203 96 264 277 0
s 204 41 189 350 0
s 205 451 101 93 0
s 206 281 148 278 0
s 207 489 262 16 0
s 208 413 381 123 0
s 209 346 31 323 0
s 210 438 110 193 0
s 211 74 58 102 0
s 212 169 136 67 0
s 213 316 109 224 0
s 214 281 25 166 0
s 215 355 493 114 0
s 216 32 336 218 0
s 217 335 211 22 0
s 218 396 27 295 0
s 219 221 192 170 0
s 220 476 171 136 0
s 221 310 167 54 0
s 222 309 337 350 0
s 223 210 24 151 0
s 224 74 476 147 0
s 225 164 350 255 0
s 226 202 19 201 0
s 227 106 373 34 0
s 228 464 243 88 0
s 229 290 254 14 0
s 230 142 116 329 0
s 231 345 73 143 0
s 232 42 368 73 0
s 233 241 76 133 0
s 234 415 47 61 0
s 235 121 148 340 0
s 236 340 308 70 0
s 237 9 283 71 0
s 238 492 45 74 0
s 239 172 219 169 0
b 211 0 71 71
m 211 5 0 71 71
m 211 10 0 71 71
m 211 16 0 71 71
m 211 18 0 71 71
m 211 20 0 71 71
m 211 33 0 71 71
m 211 46 0 71 71
m 211 63 0 71 71
m 211 74 0 71 71
m 211 90 0 71 71
m 211 99 0 71 71
m 211 107 0 71 71
m 211 108 0 71 71
m 211 124 0 71 71
m 211 126 0 71 71
m 211 156 0 71 71
m 211 172 0 71 71
m 211 181 0 71 71
m 211 184 0 71 71
b 211 1 71 71
m 211 5 1 71 71
m 211 10 1 71 71
m 211 16 1 71 71
m 211 18 1 71 71
m 211 20 1 71 71
m 211 33 1 71 71
m 211 46 1 71 71
m 211 63 1 71 71
m 211 74 1 71 71
m 211 90 1 71 71
m 211 99 1 71 71
m 211 107 1 71 71
m 211 108 1 71 71
m 211 124 1 71 71
m 211 126 1 71 71
m 211 156 1 71 71
m 211 172 1 71 71
m 211 181 1 71 71
m 211 184 1 71 71
b 211 2 71 71
m 211 5 2 71 71
m 211 10 2 71 71
m 211 16 2 71 71
m 211 18 2 71 71
m 211 20 2 71 71
m 211 33 2 71 71
m 211 46 2 71 71
m 211 63 2 71 71
m 211 74 2 71 71
m 211 90 2 71 71
m 211 99 2 71 71
m 211 107 2 71 71
m 211 108 2 71 71
m 211 124 2 71 71
m 211 126 2 71 71
m 211 156 2 71 71
m 211 172 2 71 71
m 211 181 2 71 71
m 211 184 2 71 71
b 211 3 71 71
m 211 5 3 19.0 361.0 1.0
m 211 10 3 19.0 361.0 1.0
m 211 16 3 19.0 361.0 1.0
m 211 18 3 19.0 361.0 1.0
m 211 20 3 19.0 361.0 1.0
m 211 33 3 19.0 361.0 1.0
m 211 46 3 19.0 361.0 1.0
m 211 63 3 19.0 361.0 1.0
m 211 74 3 19.0 361.0 1.0
m 211 90 3 19.0 361.0 1.0
m 211 99 3 19.0 361.0 1.0
m 211 107 3 19.0 361.0 1.0
m 211 108 3 19.0 361.0 1.0
m 211 124 3 19.0 361.0 1.0
m 211 126 3 19.0 361.0 1.0
m 211 156 3 19.0 361.0 1.0
m 211 172 3 19.0 361.0 1.0
m 211 181 3 19.0 361.0 1.0
m 211 184 3 19.0 361.0 1.0
b 5 0 63 62
b 5 1 63 62
b 5 2 63 62
b 5 3 63 62
b 10 0 58 78
b 10 1 58 78
b 10 2 58 78
b 10 3 58 78
b 16 0 44 125
m 16 130 0 44 125
m 16 176 0 44 125
m 16 204 0 44 125
b 16 1 44 125
m 16 130 1 44 125
m 16 176 1 44 125
m 16 204 1 44 125
b 16 2 44 125
m 16 130 2 44 125
m 16 176 2 44 125
m 16 204 2 44 125
b 16 3 44 125
m 16 130 3 13.666666666666666 243.66666666666666 0.3333333333333333
b 18 0 55 61
b 18 1 55 61
b 18 2 55 61
b 18 3 55 61
b 20 0 93 91
m 20 22 0 93 91
m 20 62 0 93 91
m 20 130 0 93 91
m 20 165 0 93 91
m 20 180 0 93 91
m 20 230 0 93 91
m 20 235 0 93 91
b 20 1 93 91
m 20 22 1 93 91
m 20 62 1 93 91
m 20 130 1 93 91
m 20 165 1 93 91
m 20 180 1 93 91
m 20 230 1 93 91
m 20 235 1 93 91
b 20 2 93 91
m 20 22 2 93 91
m 20 62 2 93 91
m 20 130 2 93 91
m 20 165 2 93 91
m 20 180 2 93 91
m 20 230 2 93 91
m 20 235 2 93 91
b 20 3 93 91
m 20 165 3 15.0 257.0 0.14285714285714285
b 33 0 34 116
m 33 130 0 34 116
b 33 1 34 116
b 33 2 34 116
m 33 130 2 34 116
b 33 3 34 116
m 33 130 3 13.0 241.0 1.0
b 46 0 30 118
m 46 130 0 30 118
b 46 1 30 118
b 46 2 30 118
b 46 3 30 118
m 46 130 3 13.0 241.0 1.0
b 63 0 89 30
m 63 35 0 89 30
m 63 80 0 89 30
b 63 1 89 30
m 63 35 1 89 30
m 63 80 1 89 30
b 63 2 89 30
m 63 35 2 89 30
m 63 80 2 89 30
b 63 3 89 30
m 63 80 3 13.333333333333332 242.0 0.5
m 63 35 3 13.333333333333332 242.0 0.5
b 74 0 79 143
m 74 22 0 79 143
m 74 62 0 79 143
m 74 81 0 79 143
m 74 130 0 79 143
m 74 176 0 79 143
m 74 180 0 79 143
m 74 204 0 79 143
m 74 235 0 79 143
b 74 1 79 143
m 74 22 1 79 143
m 74 62 1 79 143
m 74 81 1 79 143
m 74 130 1 79 143
m 74 176 1 79 143
m 74 180 1 79 143
m 74 204 1 79 143
m 74 235 1 79 143
b 74 2 79 143
m 74 22 2 79 143
m 74 62 2 79 143
m 74 81 2 79 143
m 74 130 2 79 143
m 74 176 2 79 143
m 74 180 2 79 143
m 74 204 2 79 143
m 74 235 2 79 143
b 74 3 79 143
m 74 81 3 15.333333333333332 262.0 0.125
m 74 22 3 15.333333333333332 262.0 0.125
b 90 0 87 155
m 90 22 0 87 155
m 90 62 0 87 155
m 90 81 0 87 155
m 90 130 0 87 155
m 90 176 0 87 155
m 90 180 0 87 155
m 90 204 0 87 155
m 90 230 0 87 155
m 90 235 0 87 155
b 90 1 87 155
m 90 22 1 87 155
m 90 62 1 87 155
m 90 81 1 87 155
m 90 130 1 87 155
m 90 176 1 87 155
m 90 180 1 87 155
m 90 204 1 87 155
m 90 230 1 87 155
m 90 235 1 87 155
b 90 2 87 155
m 90 22 2 87 155
m 90 62 2 87 155
m 90 81 2 87 155
m 90 130 2 87 155
m 90 176 2 87 155
m 90 180 2 87 155
m 90 204 2 87 155
m 90 230 2 87 155
m 90 235 2 87 155
b 90 3 87 155
m 90 62 3 15.666666666666666 267.66666666666663 0.11347517730496448
m 90 81 3 15.666666666666666 267.66666666666663 0.11347517730496448
b 99 0 49 95
b 99 1 49 95
b 99 2 49 95
b 99 3 49 95
b 107 0 87 3
m 107 35 0 87 3
m 107 80 0 87 3
m 107 110 0 87 3
b 107 1 87 3
m 107 35 1 87 3
m 107 80 1 87 3
m 107 110 1 87 3
b 107 2 87 3
b 107 3 87 3
m 107 110 3 13.666666666666666 243.66666666666666 0.3333333333333333
b 108 0 42 81
b 108 1 42 81
b 108 2 42 81
b 108 3 42 81
b 124 0 44 108
m 124 130 0 44 108
m 124 204 0 44 108
b 124 1 44 108
b 124 2 44 108
b 124 3 44 108
m 124 130 3 13.333333333333332 242.0 0.5
m 124 204 3 13.333333333333332 242.0 0.5
b 126 0 140 14
m 126 35 0 140 14
m 126 58 0 140 14
m 126 68 0 140 14
m 126 80 0 140 14
m 126 100 0 140 14
m 126 171 0 140 14
m 126 226 0 140 14
b 126 1 140 14
m 126 35 1 140 14
m 126 58 1 140 14
m 126 68 1 140 14
m 126 80 1 140 14
m 126 100 1 140 14
m 126 171 1 140 14
m 126 226 1 140 14
b 126 2 140 14
b 126 3 140 14
m 126 35 3 15.0 257.0 0.14285714285714285
b 156 0 3 33
m 156 110 0 3 33
b 156 1 3 33
b 156 2 3 33
m 156 110 2 3 33
b 156 3 3 33
m 156 110 3 13.0 241.0 1.0
b 172 0 111 145
m 172 22 0 111 145
m 172 62 0 111 145
m 172 81 0 111 145
m 172 130 0 111 145
m 172 165 0 111 145
m 172 180 0 111 145
m 172 204 0 111 145
m 172 212 0 111 145
m 172 230 0 111 145
m 172 235 0 111 145
b 172 1 111 145
m 172 22 1 111 145
m 172 62 1 111 145
m 172 81 1 111 145
m 172 130 1 111 145
m 172 165 1 111 145
m 172 180 1 111 145
m 172 204 1 111 145
m 172 212 1 111 145
m 172 230 1 111 145
m 172 235 1 111 145
b 172 2 111 145
b 172 3 111 145
m 172 22 3 16.0 274.0 0.2979166666666666
m 172 165 3 16.0 274.0 0.2979166666666666
m 172 212 3 16.0 274.0 0.2979166666666666
b 181 0 96 118
m 181 22 0 96 118
m 181 62 0 96 118
m 181 81 0 96 118
m 181 130 0 96 118
m 181 165 0 96 118
m 181 180 0 96 118
m 181 230 0 96 118
m 181 235 0 96 118
b 181 1 96 118
m 181 22 1 96 118
m 181 62 1 96 118
m 181 81 1 96 118
m 181 130 1 96 118
m 181 165 1 96 118
m 181 180 1 96 118
m 181 230 1 96 118
m 181 235 1 96 118
b 181 2 96 118
m 181 22 2 96 118
m 181 62 2 96 118
m 181 81 2 96 118
m 181 130 2 96 118
m 181 165 2 96 118
m 181 180 2 96 118
m 181 230 2 96 118
m 181 235 2 96 118
b 181 3 96 118
m 181 165 3 15.333333333333332 262.0 0.125
m 181 230 3 15.333333333333332 262.0 0.125
b 184 0 27 51
m 184 110 0 27 51
b 184 1 27 51
m 184 110 1 27 51
b 184 2 27 51
b 184 3 27 51
m 184 110 3 13.0 241.0 1.0
b 22 0 128 138
m 22 13 0 128 138
m 22 30 0 128 138
m 22 59 0 128 138
m 22 164 0 128 138
m 22 168 0 128 138
b 22 1 128 138
m 22 13 1 128 138
m 22 30 1 128 138
m 22 59 1 128 138
m 22 164 1 128 138
m 22 168 1 128 138
b 22 2 128 138
m 22 13 2 128 138
m 22 30 2 128 138
m 22 59 2 128 138
m 22 164 2 128 138
m 22 168 2 128 138
m 22 212 2 128 138
b 22 3 128 138
m 22 168 3 13.25 208.75 0.11897355576600863
b 35 0 142 18
b 35 1 142 18
b 35 2 142 18
m 35 58 2 142 18
m 35 68 2 142 18
m 35 100 2 142 18
m 35 171 2 142 18
m 35 226 2 142 18
b 35 3 142 18
m 35 100 3 11.25 187.75 0.8170391966310334
m 35 58 3 11.25 187.75 0.8170391966310334
m 35 171 3 11.25 187.75 0.8170391966310334
m 35 68 3 11.25 187.75 0.8170391966310334
m 35 226 3 11.25 187.75 0.8170391966310334
b 58 0 166 61
m 58 1 0 166 61
m 58 29 0 166 61
m 58 115 0 166 61
m 58 177 0 166 61
m 58 223 0 166 61
m 58 233 0 166 61
b 58 1 166 61
m 58 1 1 166 61
m 58 29 1 166 61
m 58 115 1 166 61
m 58 177 1 166 61
m 58 223 1 166 61
m 58 233 1 166 61
b 62 0 130 191
m 62 168 0 130 191
b 62 1 130 191
m 62 168 1 130 191
b 62 2 130 191
m 62 168 2 130 191
b 62 3 130 191
m 62 168 3 15.666666666666666 267.66666666666663 -1.0
b 68 0 199 4
m 68 115 0 199 4
m 68 214 0 199 4
m 68 223 0 199 4
b 68 1 199 4
m 68 115 1 199 4
m 68 214 1 199 4
m 68 223 1 199 4
b 80 0 116 6
m 80 223 0 116 6
b 80 1 116 6
m 80 223 1 116 6
b 80 2 116 6
m 80 58 2 116 6
m 80 68 2 116 6
m 80 100 2 116 6
m 80 171 2 116 6
m 80 223 2 116 6
m 80 226 2 116 6
b 80 3 116 6
m 80 100 3 11.5 190.5 0.848734524865847
m 80 58 3 11.5 190.5 0.848734524865847
m 80 171 3 11.5 190.5 0.848734524865847
m 80 68 3 11.5 190.5 0.848734524865847
m 80 223 3 11.5 190.5 0.848734524865847
m 80 226 3 11.5 190.5 0.848734524865847
b 81 0 100 161
m 81 13 0 100 161
m 81 25 0 100 161
m 81 30 0 100 161
m 81 164 0 100 161
m 81 168 0 100 161
m 81 186 0 100 161
m 81 203 0 100 161
m 81 239 0 100 161
b 81 1 100 161
m 81 13 1 100 161
m 81 25 1 100 161
m 81 30 1 100 161
m 81 164 1 100 161
m 81 168 1 100 161
m 81 186 1 100 161
m 81 203 1 100 161
m 81 239 1 100 161
b 81 2 100 161
m 81 13 2 100 161
m 81 25 2 100 161
m 81 30 2 100 161
m 81 164 2 100 161
m 81 168 2 100 161
m 81 186 2 100 161
m 81 203 2 100 161
m 81 212 2 100 161
m 81 239 2 100 161
b 81 3 100 161
m 81 164 3 14.25 226.75 0.16572912625544206
m 81 25 3 14.25 226.75 0.16572912625544206
b 100 0 163 0
m 100 115 0 163 0
m 100 223 0 163 0
b 100 1 163 0
m 100 115 1 163 0
m 100 223 1 163 0
b 110 0 1 4
b 110 1 1 4
b 110 2 1 4
b 110 3 1 4
b 130 0 80 129
b 130 1 80 129
b 130 2 80 129
b 130 3 80 129
m 130 176 3 10.5 183.0 1.0
b 165 0 179 94
m 165 59 0 179 94
m 165 177 0 179 94
m 165 223 0 179 94
m 165 233 0 179 94
b 165 1 179 94
m 165 59 1 179 94
m 165 177 1 179 94
m 165 223 1 179 94
m 165 233 1 179 94
b 165 2 179 94
m 165 58 2 179 94
m 165 59 2 179 94
m 165 177 2 179 94
m 165 212 2 179 94
m 165 223 2 179 94
m 165 233 2 179 94
b 165 3 179 94
m 165 59 3 13.0 205.0 0.15493597311779128
m 165 180 3 13.0 205.0 0.15493597311779128
b 171 0 187 3
m 171 115 0 187 3
m 171 223 0 187 3
b 171 1 187 3
m 171 115 1 187 3
m 171 223 1 187 3
b 176 0 86 178
m 176 30 0 86 178
m 176 75 0 86 178
m 176 186 0 86 178
m 176 203 0 86 178
b 176 1 86 178
m 176 30 1 86 178
m 176 75 1 86 178
m 176 186 1 86 178
m 176 203 1 86 178
b 176 2 86 178
m 176 30 2 86 178
m 176 75 2 86 178
m 176 186 2 86 178
m 176 203 2 86 178
b 180 0 137 144
m 180 168 0 137 144
b 180 1 137 144
m 180 168 1 137 144
b 180 2 137 144
m 180 168 2 137 144
b 204 0 77 182
m 204 30 0 77 182
m 204 75 0 77 182
m 204 186 0 77 182
b 204 1 77 182
b 204 2 77 182
b 204 3 77 182
m 204 75 3 11.0 185.5 0.7687516565067586
m 204 186 3 11.0 185.5 0.7687516565067586
m 204 176 3 11.0 185.5 0.7687516565067586
m 204 30 3 11.0 185.5 0.7687516565067586
b 212 0 183 170
m 212 168 0 183 170
b 212 1 183 170
b 212 3 183 170
m 212 168 3 16.0 274.0 -1.0
b 226 0 168 6
m 226 1 0 168 6
m 226 115 0 168 6
m 226 177 0 168 6
m 226 223 0 168 6
b 226 1 168 6
b 230 0 174 97
m 230 13 0 174 97
m 230 59 0 174 97
m 230 177 0 174 97
m 230 233 0 174 97
b 230 1 174 97
b 230 2 174 97
m 230 13 2 174 97
m 230 58 2 174 97
m 230 59 2 174 97
m 230 177 2 174 97
m 230 212 2 174 97
m 230 233 2 174 97
b 230 3 174 97
m 230 58 3 13.25 208.75 0.11897355576600863
b 235 0 156 135
m 235 168 0 156 135
b 235 1 156 135
m 235 168 1 156 135
b 235 2 156 135
m 235 168 2 156 135
b 1 0 225 31
m 1 50 0 225 31
m 1 152 0 225 31
m 1 189 0 225 31
m 1 213 0 225 31
b 1 1 225 31
m 1 50 1 225 31
m 1 152 1 225 31
m 1 189 1 225 31
m 1 213 1 225 31
b 13 0 174 145
m 13 168 0 174 145
b 13 1 174 145
m 13 168 1 174 145
b 13 2 174 145
m 13 168 2 174 145
b 25 0 150 227
m 25 168 0 150 227
b 25 1 150 227
b 25 2 150 227
b 25 3 150 227
m 25 168 3 14.25 226.75 -1.0
b 29 0 235 64
m 29 50 0 235 64
m 29 152 0 235 64
m 29 189 0 235 64
m 29 206 0 235 64
m 29 213 0 235 64
b 29 1 235 64
m 29 50 1 235 64
m 29 152 1 235 64
m 29 189 1 235 64
m 29 206 1 235 64
m 29 213 1 235 64
b 30 0 109 226
m 30 39 0 109 226
m 30 48 0 109 226
m 30 199 0 109 226
b 30 1 109 226
b 30 2 109 226
m 30 39 2 109 226
m 30 48 2 109 226
m 30 199 2 109 226
b 30 3 109 226
m 30 48 3 9.8 153.4 0.9694335549324338
m 30 203 3 9.8 153.4 0.9694335549324338
m 30 39 3 9.8 153.4 0.9694335549324338
m 30 239 3 9.8 153.4 0.9694335549324338
m 30 199 3 9.8 153.4 0.9694335549324338
b 58 2 156 68
b 58 3 156 68
m 58 177 3 9.6 152.0 0.3466051549447512
m 58 1 3 9.6 152.0 0.3466051549447512
b 59 0 184 185
m 59 168 0 184 185
b 59 1 184 185
m 59 168 1 184 185
b 59 2 184 185
m 59 168 2 184 185
b 59 3 184 185
m 59 168 3 13.0 205.0 -1.0
b 68 2 211 5
b 68 3 211 5
m 68 1 3 9.6 152.0 0.3466051549447512
m 68 115 3 9.6 152.0 0.3466051549447512
b 75 0 32 210
m 75 6 0 32 210
m 75 166 0 32 210
b 75 1 32 210
m 75 6 1 32 210
m 75 166 1 32 210
b 75 2 32 210
m 75 6 2 32 210
m 75 166 2 32 210
b 75 3 32 210
m 75 166 3 9.200000000000001 149.20000000000002 0.06263405797376587
b 100 2 171 10
b 100 3 171 10
b 115 0 254 15
m 115 50 0 254 15
m 115 152 0 254 15
m 115 189 0 254 15
b 115 1 254 15
m 115 50 1 254 15
m 115 152 1 254 15
m 115 189 1 254 15
b 164 0 156 205
m 164 168 0 156 205
b 164 1 156 205
b 164 2 156 205
m 164 168 2 156 205
b 164 3 156 205
m 164 168 3 14.25 226.75 -1.0
b 171 2 199 5
b 171 3 199 5
m 171 1 3 9.6 152.0 0.3466051549447512
m 171 115 3 9.6 152.0 0.3466051549447512
b 176 3 97 174
m 176 203 3 8.8 147.20000000000002 1.0
m 176 239 3 8.8 147.20000000000002 1.0
b 177 0 183 87
b 177 1 183 87
b 177 2 183 87
b 180 3 134 156
m 180 168 3 13.0 205.0 -1.0
b 186 0 113 220
m 186 168 0 113 220
b 186 1 113 220
m 186 168 1 113 220
b 186 2 113 220
m 186 168 2 113 220
b 186 3 113 220
m 186 168 3 11.0 185.5 -1.0
b 203 0 102 215
m 203 8 0 102 215
m 203 39 0 102 215
m 203 45 0 102 215
m 203 48 0 102 215
b 203 1 102 215
m 203 8 1 102 215
m 203 39 1 102 215
m 203 45 1 102 215
m 203 48 1 102 215
b 203 2 102 215
b 212 2 188 181
b 214 0 233 37
m 214 50 0 233 37
m 214 152 0 233 37
m 214 189 0 233 37
m 214 213 0 233 37
b 214 1 233 37
m 214 50 1 233 37
m 214 152 1 233 37
m 214 189 1 233 37
m 214 213 1 233 37
b 223 0 167 48
b 223 1 167 48
b 223 2 167 48
b 223 3 167 48
m 223 115 3 10.2 157.4 0.7531786759604774
m 223 29 3 10.2 157.4 0.7531786759604774
m 223 214 3 10.2 157.4 0.7531786759604774
m 223 177 3 10.2 157.4 0.7531786759604774
b 226 2 157 2
m 226 1 2 157 2
b 226 3 157 2
m 226 1 3 9.2 150.39999999999998 1.0
b 233 0 207 111
m 233 103 0 207 111
m 233 142 0 207 111
m 233 206 0 207 111
b 233 1 207 111
m 233 103 1 207 111
m 233 142 1 207 111
m 233 206 1 207 111
b 233 2 207 111
m 233 1 2 207 111
m 233 29 2 207 111
m 233 103 2 207 111
m 233 142 2 207 111
m 233 206 2 207 111
m 233 214 2 207 111
b 239 0 124 229
m 239 168 0 124 229
b 239 1 124 229
b 239 2 124 229
b 1 2 216 24
m 1 50 2 216 24
m 1 115 2 216 24
m 1 189 2 216 24
m 1 213 2 216 24
b 1 3 216 24
m 1 50 3 8.5 128.16666666666669 0.3642446770404193
m 1 213 3 8.5 128.16666666666669 0.3642446770404193
b 6 0 12 282
m 6 12 0 12 282
m 6 55 0 12 282
m 6 122 0 12 282
m 6 193 0 12 282
m 6 216 0 12 282
m 6 237 0 12 282
b 6 1 12 282
m 6 12 1 12 282
m 6 55 1 12 282
m 6 122 1 12 282
m 6 193 1 12 282
m 6 216 1 12 282
m 6 237 1 12 282
b 6 2 12 282
m 6 8 2 12 282
m 6 12 2 12 282
m 6 55 2 12 282
m 6 122 2 12 282
m 6 193 2 12 282
m 6 216 2 12 282
m 6 237 2 12 282
b 8 0 69 314
m 8 2 0 69 314
m 8 12 0 69 314
m 8 21 0 69 314
m 8 55 0 69 314
m 8 91 0 69 314
m 8 96 0 69 314
m 8 101 0 69 314
m 8 111 0 69 314
m 8 120 0 69 314
m 8 122 0 69 314
m 8 140 0 69 314
m 8 158 0 69 314
m 8 191 0 69 314
m 8 193 0 69 314
m 8 216 0 69 314
m 8 237 0 69 314
b 8 1 69 314
b 29 2 227 74
m 29 27 2 227 74
m 29 50 2 227 74
m 29 115 2 227 74
m 29 152 2 227 74
m 29 189 2 227 74
m 29 213 2 227 74
b 29 3 227 74
m 29 27 3 9.666666666666666 139.33333333333331 1.0
m 29 50 3 9.666666666666666 139.33333333333331 1.0
m 29 152 3 9.666666666666666 139.33333333333331 1.0
m 29 189 3 9.666666666666666 139.33333333333331 1.0
m 29 206 3 9.666666666666666 139.33333333333331 1.0
m 29 213 3 9.666666666666666 139.33333333333331 1.0
m 29 233 3 9.666666666666666 139.33333333333331 1.0
b 39 0 115 263
m 39 40 0 115 263
m 39 55 0 115 263
m 39 91 0 115 263
m 39 96 0 115 263
m 39 104 0 115 263
m 39 140 0 115 263
m 39 147 0 115 263
m 39 158 0 115 263
m 39 225 0 115 263
b 39 1 115 263
m 39 40 1 115 263
m 39 55 1 115 263
m 39 91 1 115 263
m 39 96 1 115 263
m 39 104 1 115 263
m 39 140 1 115 263
m 39 147 1 115 263
m 39 158 1 115 263
m 39 225 1 115 263
b 39 2 115 263
b 39 3 115 263
m 39 8 3 10.0 148.0 1.0
m 39 40 3 10.0 148.0 1.0
m 39 45 3 10.0 148.0 1.0
m 39 55 3 10.0 148.0 1.0
m 39 91 3 10.0 148.0 1.0
m 39 96 3 10.0 148.0 1.0
m 39 104 3 10.0 148.0 1.0
m 39 140 3 10.0 148.0 1.0
m 39 147 3 10.0 148.0 1.0
m 39 158 3 10.0 148.0 1.0
m 39 225 3 10.0 148.0 1.0
b 45 0 132 257
m 45 40 0 132 257
m 45 91 0 132 257
m 45 96 0 132 257
m 45 104 0 132 257
m 45 105 0 132 257
m 45 125 0 132 257
m 45 140 0 132 257
m 45 144 0 132 257
m 45 147 0 132 257
m 45 161 0 132 257
m 45 170 0 132 257
m 45 178 0 132 257
m 45 225 0 132 257
b 45 1 132 257
m 45 40 1 132 257
m 45 91 1 132 257
m 45 96 1 132 257
m 45 104 1 132 257
m 45 105 1 132 257
m 45 125 1 132 257
m 45 140 1 132 257
m 45 144 1 132 257
m 45 147 1 132 257
m 45 161 1 132 257
m 45 170 1 132 257
m 45 178 1 132 257
m 45 199 1 132 257
m 45 225 1 132 257
b 48 0 168 258
m 48 168 0 168 258
b 48 1 168 258
m 48 168 1 168 258
b 48 2 168 258
m 48 168 2 168 258
b 48 3 168 258
m 48 168 3 9.8 153.4 -1.0
b 50 0 256 45
m 50 27 0 256 45
m 50 66 0 256 45
m 50 127 0 256 45
m 50 163 0 256 45
m 50 179 0 256 45
m 50 231 0 256 45
b 50 1 256 45
b 103 0 240 134
m 103 27 0 240 134
m 103 83 0 240 134
m 103 86 0 240 134
m 103 97 0 240 134
m 103 131 0 240 134
m 103 174 0 240 134
m 103 196 0 240 134
b 103 1 240 134
m 103 27 1 240 134
m 103 83 1 240 134
m 103 86 1 240 134
m 103 97 1 240 134
m 103 131 1 240 134
m 103 174 1 240 134
m 103 196 1 240 134
b 103 2 240 134
m 103 27 2 240 134
m 103 83 2 240 134
m 103 86 2 240 134
m 103 97 2 240 134
m 103 131 2 240 134
m 103 174 2 240 134
m 103 196 2 240 134
b 115 3 266 13
m 115 50 3 8.833333333333334 130.83333333333334 0.4995758167136685
m 115 152 3 8.833333333333334 130.83333333333334 0.4995758167136685
m 115 213 3 8.833333333333334 130.83333333333334 0.4995758167136685
b 142 0 271 150
m 142 4 0 271 150
m 142 27 0 271 150
m 142 60 0 271 150
m 142 83 0 271 150
m 142 86 0 271 150
m 142 97 0 271 150
m 142 128 0 271 150
m 142 131 0 271 150
m 142 157 0 271 150
m 142 174 0 271 150
m 142 196 0 271 150
m 142 231 0 271 150
b 142 1 271 150
m 142 4 1 271 150
m 142 27 1 271 150
m 142 60 1 271 150
m 142 83 1 271 150
m 142 86 1 271 150
m 142 97 1 271 150
m 142 128 1 271 150
m 142 131 1 271 150
m 142 157 1 271 150
m 142 174 1 271 150
m 142 196 1 271 150
m 142 231 1 271 150
b 142 2 271 150
m 142 4 2 271 150
m 142 27 2 271 150
m 142 60 2 271 150
m 142 83 2 271 150
m 142 86 2 271 150
m 142 97 2 271 150
m 142 128 2 271 150
m 142 131 2 271 150
m 142 157 2 271 150
m 142 174 2 271 150
m 142 196 2 271 150
m 142 213 2 271 150
m 142 231 2 271 150
b 152 0 282 67
m 152 4 0 282 67
m 152 15 0 282 67
m 152 27 0 282 67
m 152 66 0 282 67
m 152 78 0 282 67
m 152 127 0 282 67
m 152 163 0 282 67
m 152 179 0 282 67
m 152 231 0 282 67
b 152 1 282 67
m 152 4 1 282 67
m 152 15 1 282 67
m 152 27 1 282 67
m 152 66 1 282 67
m 152 78 1 282 67
m 152 127 1 282 67
m 152 163 1 282 67
m 152 179 1 282 67
m 152 231 1 282 67
b 166 0 14 235
m 166 12 0 14 235
m 166 55 0 14 235
b 166 1 14 235
m 166 12 1 14 235
m 166 55 1 14 235
b 166 2 14 235
m 166 12 2 14 235
m 166 55 2 14 235
b 166 3 14 235
m 166 6 3 8.166666666666668 125.83333333333336 0.08573257334780345
b 177 3 176 97
m 177 13 3 8.5 128.16666666666669 0.3642446770404193
m 177 235 3 8.5 128.16666666666669 0.3642446770404193
b 189 0 269 49
m 189 66 0 269 49
m 189 127 0 269 49
m 189 163 0 269 49
m 189 179 0 269 49
m 189 231 0 269 49
b 189 1 269 49
m 189 66 1 269 49
m 189 127 1 269 49
m 189 163 1 269 49
m 189 179 1 269 49
m 189 231 1 269 49
b 199 0 168 233
m 199 168 0 168 233
b 199 2 168 233
m 199 168 2 168 233
b 199 3 168 233
m 199 168 3 9.8 153.4 -1.0
b 203 3 104 203
m 203 40 3 8.666666666666666 129.33333333333331 0.4036363765787174
m 203 219 3 8.666666666666666 129.33333333333331 0.4036363765787174
b 206 0 290 87
m 206 3 0 290 87
m 206 4 0 290 87
m 206 15 0 290 87
m 206 27 0 290 87
m 206 60 0 290 87
m 206 66 0 290 87
m 206 78 0 290 87
m 206 127 0 290 87
m 206 174 0 290 87
m 206 179 0 290 87
m 206 231 0 290 87
b 206 1 290 87
b 206 2 290 87
b 213 0 272 66
m 213 4 0 272 66
m 213 15 0 272 66
m 213 27 0 272 66
m 213 66 0 272 66
m 213 78 0 272 66
m 213 127 0 272 66
m 213 163 0 272 66
m 213 179 0 272 66
m 213 231 0 272 66
b 213 1 272 66
m 213 4 1 272 66
m 213 15 1 272 66
m 213 27 1 272 66
m 213 66 1 272 66
m 213 78 1 272 66
m 213 127 1 272 66
m 213 163 1 272 66
m 213 179 1 272 66
m 213 231 1 272 66
b 214 2 221 40
m 214 50 2 221 40
m 214 115 2 221 40
m 214 152 2 221 40
m 214 189 2 221 40
m 214 213 2 221 40
b 214 3 221 40
m 214 50 3 9.166666666666666 133.83333333333331 0.6191210583642514
m 214 152 3 9.166666666666666 133.83333333333331 0.6191210583642514
m 214 213 3 9.166666666666666 133.83333333333331 0.6191210583642514
b 239 3 112 231
m 239 170 3 8.833333333333332 130.5 0.7998068842666004
m 239 219 3 8.833333333333332 130.5 0.7998068842666004
m 239 45 3 8.833333333333332 130.5 0.7998068842666004
m 239 40 3 8.833333333333332 130.5 0.7998068842666004
b 2 0 29 328
m 2 118 0 29 328
m 2 148 0 29 328
b 3 0 328 140
m 3 19 0 328 140
m 3 28 0 328 140
m 3 139 0 328 140
m 3 153 0 328 140
m 3 160 0 328 140
m 3 175 0 328 140
m 3 210 0 328 140
b 4 0 338 119
m 4 28 0 338 119
m 4 160 0 338 119
m 4 210 0 338 119
b 4 1 338 119
b 4 2 338 119
b 6 3 0 284
m 6 2 3 7.714285714285715 111.42857142857144 0.12346623948322477
b 8 2 65 325
b 8 3 65 325
m 8 2 3 10.285714285714285 147.42857142857144 1.0
m 8 12 3 10.285714285714285 147.42857142857144 1.0
m 8 21 3 10.285714285714285 147.42857142857144 1.0
m 8 101 3 10.285714285714285 147.42857142857144 1.0
m 8 111 3 10.285714285714285 147.42857142857144 1.0
m 8 120 3 10.285714285714285 147.42857142857144 1.0
m 8 122 3 10.285714285714285 147.42857142857144 1.0
m 8 148 3 10.285714285714285 147.42857142857144 1.0
m 8 191 3 10.285714285714285 147.42857142857144 1.0
m 8 193 3 10.285714285714285 147.42857142857144 1.0
m 8 216 3 10.285714285714285 147.42857142857144 1.0
m 8 237 3 10.285714285714285 147.42857142857144 1.0
b 12 0 41 296
m 12 118 0 41 296
b 12 1 41 296
m 12 2 1 41 296
m 12 111 1 41 296
m 12 118 1 41 296
m 12 120 1 41 296
b 12 2 41 296
m 12 2 2 41 296
m 12 111 2 41 296
m 12 118 2 41 296
m 12 120 2 41 296
m 12 140 2 41 296
b 13 3 167 122
b 15 0 314 86
m 15 28 0 314 86
m 15 160 0 314 86
m 15 210 0 314 86
b 15 1 314 86
m 15 3 1 314 86
m 15 28 1 314 86
m 15 160 1 314 86
m 15 210 1 314 86
b 21 0 101 390
m 21 26 0 101 390
m 21 67 0 101 390
m 21 69 0 101 390
m 21 116 0 101 390
m 21 136 0 101 390
m 21 148 0 101 390
m 21 185 0 101 390
m 21 227 0 101 390
m 21 232 0 101 390
b 27 0 255 110
b 27 1 255 110
b 27 2 255 110
m 27 15 2 255 110
m 27 78 2 255 110
b 27 3 255 110
m 27 4 3 9.571428571428573 131.0 1.0
m 27 15 3 9.571428571428573 131.0 1.0
m 27 60 3 9.571428571428573 131.0 1.0
m 27 78 3 9.571428571428573 131.0 1.0
m 27 103 3 9.571428571428573 131.0 1.0
m 27 142 3 9.571428571428573 131.0 1.0
m 27 174 3 9.571428571428573 131.0 1.0
m 27 196 3 9.571428571428573 131.0 1.0
m 27 231 3 9.571428571428573 131.0 1.0
b 40 0 130 257
m 40 219 0 130 257
b 40 1 130 257
b 40 3 130 257
m 40 105 3 9.142857142857142 129.14285714285714 0.25
m 40 178 3 9.142857142857142 129.14285714285714 0.25
b 45 3 127 246
m 45 144 3 8.714285714285714 127.0 1.0
b 50 2 246 38
m 50 127 2 246 38
m 50 163 2 246 38
b 50 3 246 38
m 50 163 3 7.571428571428571 110.42857142857144 0.2012754787619156
b 55 0 46 279
b 55 1 46 279
m 55 2 1 46 279
m 55 111 1 46 279
b 55 2 46 279
b 55 3 46 279
m 55 12 3 9.571428571428571 133.85714285714286 0.5213683137109484
m 55 2 3 9.571428571428571 133.85714285714286 0.5213683137109484
m 55 111 3 9.571428571428571 133.85714285714286 0.5213683137109484
m 55 237 3 9.571428571428571 133.85714285714286 0.5213683137109484
b 60 0 315 148
m 60 19 0 315 148
m 60 28 0 315 148
m 60 160 0 315 148
m 60 175 0 315 148
m 60 210 0 315 148
b 60 1 315 148
m 60 3 1 315 148
m 60 19 1 315 148
m 60 28 1 315 148
m 60 160 1 315 148
m 60 175 1 315 148
m 60 210 1 315 148
b 60 2 315 148
m 60 3 2 315 148
m 60 15 2 315 148
m 60 19 2 315 148
m 60 28 2 315 148
m 60 66 2 315 148
m 60 78 2 315 148
m 60 160 2 315 148
m 60 175 2 315 148
m 60 210 2 315 148
b 66 0 348 90
m 66 24 0 348 90
m 66 28 0 348 90
m 66 133 0 348 90
m 66 160 0 348 90
m 66 182 0 348 90
m 66 210 0 348 90
b 66 1 348 90
m 66 3 1 348 90
m 66 24 1 348 90
m 66 28 1 348 90
m 66 133 1 348 90
m 66 160 1 348 90
m 66 182 1 348 90
m 66 210 1 348 90
b 78 0 321 69
m 78 24 0 321 69
m 78 28 0 321 69
m 78 133 0 321 69
m 78 137 0 321 69
m 78 160 0 321 69
m 78 210 0 321 69
b 78 1 321 69
m 78 3 1 321 69
m 78 24 1 321 69
m 78 28 1 321 69
m 78 133 1 321 69
m 78 137 1 321 69
m 78 160 1 321 69
m 78 210 1 321 69
b 83 0 225 183
m 83 168 0 225 183
b 83 1 225 183
m 83 168 1 225 183
b 83 2 225 183
m 83 168 2 225 183
b 86 0 290 207
m 86 0 0 290 207
m 86 41 0 290 207
m 86 79 0 290 207
m 86 132 0 290 207
m 86 169 0 290 207
m 86 188 0 290 207
m 86 195 0 290 207
m 86 197 0 290 207
m 86 221 0 290 207
b 86 1 290 207
b 86 2 290 207
m 86 0 2 290 207
m 86 41 2 290 207
m 86 79 2 290 207
m 86 132 2 290 207
m 86 169 2 290 207
m 86 188 2 290 207
m 86 195 2 290 207
m 86 197 2 290 207
m 86 221 2 290 207
b 91 0 121 336
m 91 67 0 121 336
m 91 116 0 121 336
m 91 136 0 121 336
m 91 148 0 121 336
b 91 1 121 336
b 91 3 121 336
m 91 21 3 9.714285714285714 136.0 0.7047101449275361
m 91 101 3 9.714285714285714 136.0 0.7047101449275361
m 91 122 3 9.714285714285714 136.0 0.7047101449275361
m 91 148 3 9.714285714285714 136.0 0.7047101449275361
m 91 136 3 9.714285714285714 136.0 0.7047101449275361
m 91 116 3 9.714285714285714 136.0 0.7047101449275361
b 96 0 126 325
m 96 67 0 126 325
b 96 1 126 325
b 96 3 126 325
m 96 122 3 9.285714285714285 130.42857142857144 0.2
m 96 101 3 9.285714285714285 130.42857142857144 0.2
b 97 0 276 173
m 97 0 0 276 173
m 97 41 0 276 173
m 97 169 0 276 173
m 97 188 0 276 173
m 97 195 0 276 173
b 97 1 276 173
m 97 0 1 276 173
m 97 41 1 276 173
m 97 169 1 276 173
m 97 188 1 276 173
m 97 195 1 276 173
b 97 2 276 173
m 97 0 2 276 173
m 97 41 2 276 173
m 97 169 2 276 173
m 97 188 2 276 173
m 97 195 2 276 173
b 101 0 102 331
m 101 67 0 102 331
m 101 116 0 102 331
m 101 136 0 102 331
m 101 148 0 102 331
b 104 0 179 314
m 104 67 0 179 314
m 104 183 0 179 314
b 104 1 179 314
m 104 67 1 179 314
m 104 101 1 179 314
m 104 183 1 179 314
b 104 3 179 314
m 104 161 3 9.714285714285714 136.0 0.7047101449275361
m 104 144 3 9.714285714285714 136.0 0.7047101449275361
m 104 105 3 9.714285714285714 136.0 0.7047101449275361
m 104 67 3 9.714285714285714 136.0 0.7047101449275361
m 104 178 3 9.714285714285714 136.0 0.7047101449275361
m 104 101 3 9.714285714285714 136.0 0.7047101449275361
b 105 0 219 288
m 105 0 0 219 288
m 105 43 0 219 288
m 105 51 0 219 288
m 105 54 0 219 288
m 105 89 0 219 288
m 105 183 0 219 288
m 105 195 0 219 288
b 105 1 219 288
m 105 0 1 219 288
m 105 43 1 219 288
m 105 51 1 219 288
m 105 54 1 219 288
m 105 89 1 219 288
m 105 183 1 219 288
m 105 195 1 219 288
b 111 0 31 327
m 111 118 0 31 327
m 111 148 0 31 327
b 115 2 278 10
b 120 0 34 377
m 120 69 0 34 377
m 120 118 0 34 377
m 120 148 0 34 377
m 120 155 0 34 377
m 120 185 0 34 377
m 120 232 0 34 377
b 122 0 64 321
m 122 118 0 64 321
m 122 148 0 64 321
b 122 1 64 321
m 122 2 1 64 321
m 122 21 1 64 321
m 122 101 1 64 321
m 122 111 1 64 321
m 122 118 1 64 321
m 122 120 1 64 321
m 122 148 1 64 321
m 122 191 1 64 321
b 122 2 64 321
b 125 0 213 249
m 125 168 0 213 249
b 125 1 213 249
m 125 168 1 213 249
b 127 0 313 40
m 127 133 0 313 40
m 127 137 0 313 40
m 127 160 0 313 40
m 127 182 0 313 40
m 127 218 0 313 40
b 127 1 313 40
b 128 0 326 156
m 128 28 0 326 156
m 128 41 0 326 156
m 128 175 0 326 156
m 128 197 0 326 156
m 128 221 0 326 156
b 128 1 326 156
m 128 3 1 326 156
m 128 28 1 326 156
m 128 41 1 326 156
m 128 175 1 326 156
m 128 197 1 326 156
m 128 221 1 326 156
b 128 2 326 156
m 128 3 2 326 156
m 128 28 2 326 156
m 128 41 2 326 156
m 128 175 2 326 156
m 128 197 2 326 156
m 128 221 2 326 156
b 131 0 266 187
m 131 168 0 266 187
b 131 1 266 187
m 131 168 1 266 187
b 131 2 266 187
b 140 0 109 305
m 140 67 0 109 305
m 140 148 0 109 305
b 140 1 109 305
m 140 21 1 109 305
m 140 67 1 109 305
m 140 101 1 109 305
m 140 111 1 109 305
m 140 148 1 109 305
m 140 191 1 109 305
b 140 3 109 305
m 140 67 3 9.714285714285714 136.0 0.7047101449275361
m 140 12 3 9.714285714285714 136.0 0.7047101449275361
m 140 101 3 9.714285714285714 136.0 0.7047101449275361
m 140 21 3 9.714285714285714 136.0 0.7047101449275361
m 140 122 3 9.714285714285714 136.0 0.7047101449275361
m 140 111 3 9.714285714285714 136.0 0.7047101449275361
b 144 0 212 260
m 144 168 0 212 260
b 144 1 212 260
m 144 168 1 212 260
b 147 0 134 315
m 147 67 0 134 315
m 147 183 0 134 315
b 147 1 134 315
m 147 21 1 134 315
m 147 67 1 134 315
m 147 101 1 134 315
m 147 183 1 134 315
m 147 191 1 134 315
b 147 3 134 315
m 147 178 3 9.428571428571429 132.0 0.27294685990338174
m 147 183 3 9.428571428571429 132.0 0.27294685990338174
b 152 2 271 71
m 152 15 2 271 71
m 152 66 2 271 71
m 152 78 2 271 71
m 152 127 2 271 71
m 152 163 2 271 71
m 152 179 2 271 71
b 152 3 271 71
m 152 4 3 9.428571428571429 128.57142857142856 1.0
m 152 15 3 9.428571428571429 128.57142857142856 1.0
m 152 66 3 9.428571428571429 128.57142857142856 1.0
m 152 78 3 9.428571428571429 128.57142857142856 1.0
m 152 127 3 9.428571428571429 128.57142857142856 1.0
m 152 163 3 9.428571428571429 128.57142857142856 1.0
m 152 179 3 9.428571428571429 128.57142857142856 1.0
m 152 231 3 9.428571428571429 128.57142857142856 1.0
b 157 0 308 199
m 157 41 0 308 199
m 157 169 0 308 199
m 157 175 0 308 199
m 157 188 0 308 199
m 157 197 0 308 199
m 157 221 0 308 199
b 157 1 308 199
m 157 3 1 308 199
m 157 41 1 308 199
m 157 169 1 308 199
m 157 175 1 308 199
m 157 188 1 308 199
m 157 197 1 308 199
m 157 221 1 308 199
b 157 2 308 199
b 158 0 101 364
m 158 26 0 101 364
m 158 67 0 101 364
m 158 69 0 101 364
m 158 116 0 101 364
m 158 148 0 101 364
b 158 1 101 364
b 158 3 101 364
m 158 21 3 10.142857142857142 144.14285714285714 1.0
m 158 26 3 10.142857142857142 144.14285714285714 1.0
m 158 67 3 10.142857142857142 144.14285714285714 1.0
m 158 69 3 10.142857142857142 144.14285714285714 1.0
m 158 101 3 10.142857142857142 144.14285714285714 1.0
m 158 111 3 10.142857142857142 144.14285714285714 1.0
m 158 116 3 10.142857142857142 144.14285714285714 1.0
m 158 120 3 10.142857142857142 144.14285714285714 1.0
m 158 122 3 10.142857142857142 144.14285714285714 1.0
m 158 148 3 10.142857142857142 144.14285714285714 1.0
m 158 191 3 10.142857142857142 144.14285714285714 1.0
b 161 0 231 273
m 161 0 0 231 273
m 161 43 0 231 273
m 161 51 0 231 273
m 161 54 0 231 273
m 161 89 0 231 273
m 161 132 0 231 273
m 161 169 0 231 273
m 161 183 0 231 273
m 161 195 0 231 273
b 161 1 231 273
m 161 0 1 231 273
m 161 43 1 231 273
m 161 51 1 231 273
m 161 54 1 231 273
m 161 89 1 231 273
m 161 132 1 231 273
m 161 169 1 231 273
m 161 183 1 231 273
m 161 195 1 231 273
b 163 0 299 31
m 163 137 0 299 31
m 163 182 0 299 31
b 163 1 299 31
m 163 137 1 299 31
m 163 182 1 299 31
b 170 0 179 229
m 170 168 0 179 229
b 170 1 179 229
m 170 168 1 179 229
b 170 3 179 229
m 170 168 3 8.833333333333332 130.5 -1.0
b 174 0 278 175
m 174 169 0 278 175
b 174 1 278 175
m 174 3 1 278 175
m 174 169 1 278 175
b 174 2 278 175
b 178 0 200 307
m 178 67 0 200 307
m 178 89 0 200 307
m 178 183 0 200 307
b 178 1 200 307
m 178 67 1 200 307
m 178 89 1 200 307
m 178 183 1 200 307
b 179 0 351 60
m 179 24 0 351 60
m 179 28 0 351 60
m 179 133 0 351 60
m 179 137 0 351 60
m 179 160 0 351 60
m 179 182 0 351 60
m 179 210 0 351 60
b 179 1 351 60
m 179 3 1 351 60
m 179 24 1 351 60
m 179 28 1 351 60
m 179 133 1 351 60
m 179 137 1 351 60
m 179 160 1 351 60
m 179 182 1 351 60
m 179 210 1 351 60
b 189 2 261 57
b 189 3 261 57
m 189 231 3 9.142857142857144 124.57142857142856 0.9019387317909171
m 189 78 3 9.142857142857144 124.57142857142856 0.9019387317909171
m 189 127 3 9.142857142857144 124.57142857142856 0.9019387317909171
m 189 15 3 9.142857142857144 124.57142857142856 0.9019387317909171
m 189 163 3 9.142857142857144 124.57142857142856 0.9019387317909171
m 189 179 3 9.142857142857144 124.57142857142856 0.9019387317909171
b 191 0 121 335
m 191 67 0 121 335
m 191 116 0 121 335
m 191 136 0 121 335
m 191 148 0 121 335
b 193 0 25 330
m 193 118 0 25 330
m 193 148 0 25 330
b 193 1 25 330
m 193 2 1 25 330
m 193 111 1 25 330
m 193 118 1 25 330
m 193 120 1 25 330
m 193 148 1 25 330
b 193 2 25 330
m 193 2 2 25 330
m 193 111 2 25 330
m 193 118 2 25 330
m 193 120 2 25 330
m 193 148 2 25 330
b 196 0 306 174
m 196 169 0 306 174
m 196 221 0 306 174
b 196 1 306 174
m 196 3 1 306 174
m 196 169 1 306 174
m 196 221 1 306 174
b 196 2 306 174
b 199 1 157 227
b 206 3 291 75
m 206 3 3 10.142857142857144 143.57142857142856 1.0
m 206 4 3 10.142857142857144 143.57142857142856 1.0
m 206 15 3 10.142857142857144 143.57142857142856 1.0
m 206 60 3 10.142857142857144 143.57142857142856 1.0
m 206 66 3 10.142857142857144 143.57142857142856 1.0
m 206 78 3 10.142857142857144 143.57142857142856 1.0
m 206 103 3 10.142857142857144 143.57142857142856 1.0
m 206 127 3 10.142857142857144 143.57142857142856 1.0
m 206 142 3 10.142857142857144 143.57142857142856 1.0
m 206 160 3 10.142857142857144 143.57142857142856 1.0
m 206 163 3 10.142857142857144 143.57142857142856 1.0
m 206 179 3 10.142857142857144 143.57142857142856 1.0
m 206 231 3 10.142857142857144 143.57142857142856 1.0
b 213 2 264 58
m 213 15 2 264 58
m 213 66 2 264 58
m 213 78 2 264 58
m 213 127 2 264 58
m 213 163 2 264 58
m 213 179 2 264 58
b 213 3 264 58
m 213 66 3 8.428571428571429 119.00000000000001 0.6012096483761961
m 213 179 3 8.428571428571429 119.00000000000001 0.6012096483761961
m 213 231 3 8.428571428571429 119.00000000000001 0.6012096483761961
m 213 78 3 8.428571428571429 119.00000000000001 0.6012096483761961
m 213 127 3 8.428571428571429 119.00000000000001 0.6012096483761961
b 216 0 31 300
m 216 118 0 31 300
b 216 1 31 300
b 216 2 31 300
m 216 2 2 31 300
m 216 111 2 31 300
m 216 118 2 31 300
m 216 120 2 31 300
b 219 3 150 205
m 219 168 3 8.666666666666666 129.33333333333331 -1.0
b 225 0 145 279
m 225 67 0 145 279
b 225 1 145 279
m 225 67 1 145 279
m 225 101 1 145 279
m 225 191 1 145 279
b 225 3 145 279
m 225 144 3 9.428571428571429 132.0 0.27294685990338174
m 225 105 3 9.428571428571429 132.0 0.27294685990338174
b 231 0 287 117
m 231 28 0 287 117
m 231 160 0 287 117
b 231 1 287 117
m 231 3 1 287 117
m 231 28 1 287 117
m 231 160 1 287 117
b 231 2 287 117
b 233 3 191 129
m 233 103 3 8.571428571428573 119.99999999999999 0.5
m 233 83 3 8.571428571428573 119.99999999999999 0.5
b 235 3 190 123
m 235 103 3 7.428571428571429 110.00000000000001 1.0
b 237 0 33 352
m 237 118 0 33 352
m 237 148 0 33 352
m 237 155 0 33 352
b 237 1 33 352
m 237 2 1 33 352
m 237 111 1 33 352
m 237 118 1 33 352
m 237 120 1 33 352
m 237 148 1 33 352
m 237 155 1 33 352
b 237 2 33 352
m 237 2 2 33 352
m 237 111 2 33 352
m 237 118 2 33 352
m 237 120 2 33 352
m 237 148 2 33 352
m 237 155 2 33 352
b 0 0 232 211
m 0 168 0 232 211
b 0 1 232 211
m 0 168 1 232 211
b 0 2 232 211
m 0 168 2 232 211
b 2 1 37 319
b 2 2 37 319
b 2 3 37 319
m 2 118 3 6.875000000000001 97.62500000000001 1.0
b 3 1 318 145
b 3 2 318 145
b 3 3 318 145
m 3 157 3 9.625000000000002 130.125 0.16666666666666666
m 3 210 3 9.625000000000002 130.125 0.16666666666666666
b 4 3 345 129
m 4 28 3 9.250000000000002 120.75 0.7783874630933454
m 4 133 3 9.250000000000002 120.75 0.7783874630933454
m 4 153 3 9.250000000000002 120.75 0.7783874630933454
m 4 175 3 9.250000000000002 120.75 0.7783874630933454
m 4 139 3 9.250000000000002 120.75 0.7783874630933454
m 4 210 3 9.250000000000002 120.75 0.7783874630933454
b 12 3 52 291
m 12 118 3 9.125 129.125 1.0
b 15 2 303 82
b 15 3 303 82
m 15 28 3 8.625000000000002 115.125 0.5
m 15 210 3 8.625000000000002 115.125 0.5
b 19 0 393 170
m 19 57 0 393 170
m 19 61 0 393 170
m 19 77 0 393 170
m 19 205 0 393 170
m 19 220 0 393 170
b 19 1 393 170
b 19 2 393 170
m 19 57 2 393 170
m 19 61 2 393 170
m 19 77 2 393 170
m 19 139 2 393 170
m 19 153 2 393 170
m 19 205 2 393 170
m 19 220 2 393 170
b 21 1 99 401
m 21 26 1 99 401
m 21 31 1 99 401
m 21 69 1 99 401
m 21 116 1 99 401
m 21 135 1 99 401
m 21 136 1 99 401
m 21 227 1 99 401
m 21 232 1 99 401
b 21 3 99 401
m 21 31 3 9.5 131.0 0.25
m 21 227 3 9.5 131.0 0.25
b 24 0 421 81
m 24 7 0 421 81
m 24 34 0 421 81
m 24 37 0 421 81
m 24 61 0 421 81
m 24 64 0 421 81
m 24 77 0 421 81
m 24 109 0 421 81
m 24 192 0 421 81
m 24 209 0 421 81
m 24 234 0 421 81
m 24 238 0 421 81
b 24 1 421 81
m 24 7 1 421 81
m 24 34 1 421 81
m 24 37 1 421 81
m 24 61 1 421 81
m 24 64 1 421 81
m 24 77 1 421 81
m 24 109 1 421 81
m 24 139 1 421 81
m 24 153 1 421 81
m 24 192 1 421 81
m 24 209 1 421 81
m 24 218 1 421 81
m 24 234 1 421 81
m 24 238 1 421 81
b 26 0 105 398
m 26 31 0 105 398
m 26 135 0 105 398
m 26 141 0 105 398
b 26 3 105 398
m 26 31 3 9.625 130.625 0.2554574068433346
m 26 185 3 9.625 130.625 0.2554574068433346
b 28 0 344 106
m 28 7 0 344 106
m 28 77 0 344 106
b 28 1 344 106
m 28 7 1 344 106
m 28 77 1 344 106
m 28 139 1 344 106
m 28 153 1 344 106
b 28 2 344 106
m 28 7 2 344 106
m 28 24 2 344 106
m 28 77 2 344 106
m 28 133 2 344 106
m 28 139 2 344 106
m 28 153 2 344 106
b 41 0 313 255
m 41 42 0 313 255
m 41 65 0 313 255
m 41 106 0 313 255
m 41 146 0 313 255
m 41 202 0 313 255
m 41 229 0 313 255
b 41 1 313 255
m 41 42 1 313 255
m 41 65 1 313 255
m 41 79 1 313 255
m 41 106 1 313 255
m 41 146 1 313 255
m 41 202 1 313 255
m 41 229 1 313 255
b 41 2 313 255
m 41 42 2 313 255
m 41 43 2 313 255
m 41 51 2 313 255
m 41 54 2 313 255
m 41 65 2 313 255
m 41 106 2 313 255
m 41 146 2 313 255
m 41 202 2 313 255
m 41 229 2 313 255
b 43 0 294 278
m 43 42 0 294 278
m 43 65 0 294 278
m 43 106 0 294 278
m 43 146 0 294 278
b 43 1 294 278
m 43 42 1 294 278
m 43 65 1 294 278
m 43 79 1 294 278
m 43 106 1 294 278
m 43 146 1 294 278
b 51 0 268 261
m 51 65 0 268 261
m 51 106 0 268 261
m 51 202 0 268 261
b 51 1 268 261
m 51 65 1 268 261
m 51 79 1 268 261
m 51 106 1 268 261
m 51 202 1 268 261
b 54 0 260 286
m 54 65 0 260 286
m 54 106 0 260 286
b 54 1 260 286
m 54 65 1 260 286
m 54 79 1 260 286
m 54 106 1 260 286
b 60 3 313 160
m 60 97 3 9.125000000000002 119.125 0.5746978243352134
m 60 28 3 9.125000000000002 119.125 0.5746978243352134
m 60 128 3 9.125000000000002 119.125 0.5746978243352134
m 60 175 3 9.125000000000002 119.125 0.5746978243352134
b 66 2 359 92
m 66 7 2 359 92
m 66 24 2 359 92
m 66 133 2 359 92
m 66 139 2 359 92
m 66 153 2 359 92
m 66 218 2 359 92
b 66 3 359 92
m 66 7 3 9.25 120.49999999999999 1.0
m 66 24 3 9.25 120.49999999999999 1.0
m 66 28 3 9.25 120.49999999999999 1.0
m 66 133 3 9.25 120.49999999999999 1.0
m 66 139 3 9.25 120.49999999999999 1.0
m 66 153 3 9.25 120.49999999999999 1.0
m 66 210 3 9.25 120.49999999999999 1.0
m 66 218 3 9.25 120.49999999999999 1.0
b 67 0 128 349
b 67 1 128 349
m 67 26 1 128 349
m 67 116 1 128 349
m 67 136 1 128 349
b 67 3 128 349
b 69 0 104 420
m 69 31 0 104 420
m 69 135 0 104 420
m 69 141 0 104 420
b 69 3 104 420
m 69 31 3 9.625 130.625 0.2554574068433346
m 69 155 3 9.625 130.625 0.2554574068433346
b 78 2 312 61
m 78 133 2 312 61
b 78 3 312 61
m 78 28 3 8.750000000000002 115.75 0.3333333333333333
b 79 0 292 249
m 79 42 0 292 249
m 79 49 0 292 249
m 79 65 0 292 249
m 79 106 0 292 249
m 79 146 0 292 249
m 79 202 0 292 249
m 79 229 0 292 249
b 79 2 292 249
m 79 42 2 292 249
m 79 43 2 292 249
m 79 49 2 292 249
m 79 51 2 292 249
m 79 54 2 292 249
m 79 65 2 292 249
m 79 106 2 292 249
m 79 146 2 292 249
m 79 161 2 292 249
m 79 202 2 292 249
m 79 229 2 292 249
b 83 3 213 182
m 83 168 3 8.571428571428573 119.99999999999999 -1.0
b 89 0 232 294
m 89 65 0 232 294
b 89 1 232 294
m 89 65 1 232 294
b 101 1 94 323
m 101 116 1 94 323
b 101 3 94 323
b 103 3 250 113
m 103 97 3 8.625000000000002 115.125 0.5
m 103 131 3 8.625000000000002 115.125 0.5
b 105 3 226 298
m 105 54 3 8.875 119.125 0.36478873239436616
m 105 0 3 8.875 119.125 0.36478873239436616
m 105 125 3 8.875 119.125 0.36478873239436616
b 111 1 27 315
b 111 2 27 315
b 111 3 27 315
m 111 118 3 9.125 129.125 1.0
b 116 0 137 364
m 116 31 0 137 364
m 116 44 0 137 364
m 116 141 0 137 364
m 116 167 0 137 364
b 116 3 137 364
m 116 141 3 9.125 122.125 0.33534994884012176
m 116 44 3 9.125 122.125 0.33534994884012176
b 118 0 2 338
b 118 1 2 338
b 118 2 2 338
b 120 1 30 388
m 120 26 1 30 388
m 120 69 1 30 388
m 120 185 1 30 388
m 120 232 1 30 388
b 120 2 30 388
m 120 26 2 30 388
m 120 69 2 30 388
m 120 158 2 30 388
m 120 185 2 30 388
m 120 232 2 30 388
b 120 3 30 388
m 120 155 3 9.5 131.0 0.25
m 120 118 3 9.5 131.0 0.25
b 122 3 75 316
m 122 118 3 9.125 129.125 1.0
b 127 2 308 29
b 127 3 308 29
m 127 182 3 8.75 114.49999999999999 0.08715313463514907
b 132 0 281 250
m 132 42 0 281 250
m 132 65 0 281 250
m 132 106 0 281 250
m 132 146 0 281 250
m 132 202 0 281 250
b 132 1 281 250
m 132 42 1 281 250
m 132 65 1 281 250
m 132 79 1 281 250
m 132 106 1 281 250
m 132 146 1 281 250
m 132 202 1 281 250
b 132 2 281 250
m 132 42 2 281 250
m 132 43 2 281 250
m 132 51 2 281 250
m 132 54 2 281 250
m 132 65 2 281 250
m 132 89 2 281 250
m 132 106 2 281 250
m 132 125 2 281 250
m 132 146 2 281 250
m 132 161 2 281 250
m 132 202 2 281 250
b 133 0 363 75
m 133 7 0 363 75
m 133 34 0 363 75
m 133 61 0 363 75
m 133 64 0 363 75
m 133 77 0 363 75
m 133 109 0 363 75
m 133 209 0 363 75
b 133 1 363 75
m 133 7 1 363 75
m 133 34 1 363 75
m 133 61 1 363 75
m 133 64 1 363 75
m 133 77 1 363 75
m 133 109 1 363 75
m 133 139 1 363 75
m 133 153 1 363 75
m 133 209 1 363 75
m 133 218 1 363 75
b 136 0 150 364
m 136 31 0 150 364
m 136 44 0 150 364
m 136 167 0 150 364
b 136 3 150 364
m 136 44 3 9.0 121.0 0.060231636318592935
b 137 0 391 23
m 137 7 0 391 23
m 137 34 0 391 23
m 137 64 0 391 23
m 137 109 0 391 23
m 137 192 0 391 23
m 137 209 0 391 23
b 137 1 391 23
m 137 7 1 391 23
m 137 34 1 391 23
m 137 64 1 391 23
m 137 109 1 391 23
m 137 192 1 391 23
m 137 209 1 391 23
m 137 218 1 391 23
b 139 0 394 109
m 139 7 0 394 109
m 139 61 0 394 109
m 139 77 0 394 109
m 139 109 0 394 109
m 139 234 0 394 109
b 140 2 117 297
b 142 3 287 168
m 142 97 3 9.125000000000002 119.125 0.5746978243352134
m 142 86 3 9.125000000000002 119.125 0.5746978243352134
m 142 131 3 9.125000000000002 119.125 0.5746978243352134
m 142 128 3 9.125000000000002 119.125 0.5746978243352134
b 144 3 221 252
m 144 168 3 8.714285714285714 127.0 -1.0
b 148 0 80 357
b 148 1 80 357
b 148 2 80 357
m 148 21 2 80 357
m 148 26 2 80 357
m 148 67 2 80 357
m 148 69 2 80 357
m 148 91 2 80 357
m 148 101 2 80 357
m 148 158 2 80 357
m 148 185 2 80 357
m 148 191 2 80 357
m 148 232 2 80 357
b 148 3 80 357
m 148 232 3 9.5 131.0 0.25
m 148 185 3 9.5 131.0 0.25
b 153 0 389 94
m 153 7 0 389 94
m 153 34 0 389 94
m 153 37 0 389 94
m 153 61 0 389 94
m 153 77 0 389 94
m 153 109 0 389 94
m 153 234 0 389 94
b 155 0 28 395
m 155 47 0 28 395
m 155 135 0 28 395
b 155 1 28 395
m 155 47 1 28 395
m 155 69 1 28 395
m 155 135 1 28 395
m 155 185 1 28 395
m 155 232 1 28 395
b 155 2 28 395
b 160 0 341 83
m 160 7 0 341 83
b 160 1 341 83
m 160 7 1 341 83
m 160 139 1 341 83
m 160 153 1 341 83
m 160 218 1 341 83
b 160 2 341 83
b 160 3 341 83
m 160 7 3 10.000000000000002 135.75 0.619233285748275
m 160 133 3 10.000000000000002 135.75 0.619233285748275
m 160 24 3 10.000000000000002 135.75 0.619233285748275
m 160 139 3 10.000000000000002 135.75 0.619233285748275
m 160 182 3 10.000000000000002 135.75 0.619233285748275
m 160 218 3 10.000000000000002 135.75 0.619233285748275
b 161 3 243 272
m 161 168 3 9.714285714285714 136.0 -1.0
b 163 2 288 26
b 163 3 288 26
b 169 0 291 210
b 169 1 291 210
m 169 79 1 291 210
b 169 2 291 210
b 174 3 273 186
m 174 168 3 9.571428571428573 131.0 -1.0
b 175 0 391 160
m 175 61 0 391 160
m 175 77 0 391 160
m 175 113 0 391 160
m 175 220 0 391 160
b 175 1 391 160
m 175 61 1 391 160
m 175 77 1 391 160
m 175 113 1 391 160
m 175 139 1 391 160
m 175 153 1 391 160
m 175 220 1 391 160
b 175 2 391 160
b 178 3 204 318
m 178 89 3 8.25 113.5 0.013997113997114008
b 179 2 363 59
m 179 7 2 363 59
m 179 24 2 363 59
m 179 34 2 363 59
m 179 64 2 363 59
m 179 133 2 363 59
m 179 137 2 363 59
m 179 182 2 363 59
m 179 209 2 363 59
m 179 218 2 363 59
b 179 3 363 59
m 179 7 3 9.625 127.62499999999999 1.0
m 179 24 3 9.625 127.62499999999999 1.0
m 179 28 3 9.625 127.62499999999999 1.0
m 179 34 3 9.625 127.62499999999999 1.0
m 179 64 3 9.625 127.62499999999999 1.0
m 179 133 3 9.625 127.62499999999999 1.0
m 179 137 3 9.625 127.62499999999999 1.0
m 179 182 3 9.625 127.62499999999999 1.0
m 179 209 3 9.625 127.62499999999999 1.0
m 179 210 3 9.625 127.62499999999999 1.0
m 179 218 3 9.625 127.62499999999999 1.0
b 182 0 371 13
m 182 34 0 371 13
m 182 64 0 371 13
m 182 192 0 371 13
m 182 209 0 371 13
b 182 1 371 13
m 182 34 1 371 13
m 182 64 1 371 13
m 182 192 1 371 13
m 182 209 1 371 13
m 182 218 1 371 13
b 183 0 185 318
b 183 1 185 318
b 183 3 185 318
m 183 125 3 8.625 116.625 0.020083046548074898
b 185 0 27 431
m 185 47 0 27 431
m 185 135 0 27 431
m 185 224 0 27 431
b 188 0 290 262
m 188 42 0 290 262
m 188 65 0 290 262
m 188 106 0 290 262
m 188 146 0 290 262
m 188 202 0 290 262
b 188 1 290 262
m 188 42 1 290 262
m 188 65 1 290 262
m 188 79 1 290 262
m 188 106 1 290 262
m 188 146 1 290 262
m 188 202 1 290 262
b 188 2 290 262
m 188 42 2 290 262
m 188 43 2 290 262
m 188 51 2 290 262
m 188 54 2 290 262
m 188 65 2 290 262
m 188 89 2 290 262
m 188 106 2 290 262
m 188 146 2 290 262
m 188 161 2 290 262
m 188 202 2 290 262
b 191 1 132 330
m 191 116 1 132 330
m 191 136 1 132 330
b 191 3 132 330
b 193 3 25 342
m 193 118 3 9.25 129.5 0.5
m 193 155 3 9.25 129.5 0.5
b 195 0 265 277
m 195 65 0 265 277
m 195 106 0 265 277
b 195 1 265 277
m 195 65 1 265 277
m 195 79 1 265 277
m 195 106 1 265 277
b 195 2 265 277
b 196 3 318 173
m 196 169 3 9.250000000000002 120.75 0.7783874630933454
m 196 97 3 9.250000000000002 120.75 0.7783874630933454
m 196 86 3 9.250000000000002 120.75 0.7783874630933454
m 196 128 3 9.250000000000002 120.75 0.7783874630933454
m 196 221 3 9.250000000000002 120.75 0.7783874630933454
m 196 157 3 9.250000000000002 120.75 0.7783874630933454
b 197 0 325 245
m 197 42 0 325 245
m 197 65 0 325 245
m 197 106 0 325 245
m 197 113 0 325 245
m 197 123 0 325 245
m 197 146 0 325 245
m 197 202 0 325 245
m 197 229 0 325 245
b 197 1 325 245
m 197 42 1 325 245
m 197 65 1 325 245
m 197 79 1 325 245
m 197 106 1 325 245
m 197 113 1 325 245
m 197 123 1 325 245
m 197 146 1 325 245
m 197 202 1 325 245
m 197 229 1 325 245
b 197 2 325 245
m 197 42 2 325 245
m 197 43 2 325 245
m 197 51 2 325 245
m 197 65 2 325 245
m 197 106 2 325 245
m 197 113 2 325 245
m 197 123 2 325 245
m 197 146 2 325 245
m 197 202 2 325 245
m 197 229 2 325 245
b 210 0 355 91
m 210 7 0 355 91
m 210 34 0 355 91
m 210 61 0 355 91
m 210 77 0 355 91
m 210 109 0 355 91
b 210 1 355 91
b 210 2 355 91
m 210 7 2 355 91
m 210 24 2 355 91
m 210 34 2 355 91
m 210 61 2 355 91
m 210 77 2 355 91
m 210 109 2 355 91
m 210 133 2 355 91
m 210 139 2 355 91
m 210 153 2 355 91
m 210 182 2 355 91
m 210 218 2 355 91
b 216 3 42 296
m 216 118 3 9.125 129.125 1.0
b 218 0 367 38
m 218 7 0 367 38
m 218 34 0 367 38
m 218 64 0 367 38
m 218 109 0 367 38
m 218 192 0 367 38
m 218 209 0 367 38
b 219 0 138 207
b 221 0 359 235
m 221 42 0 359 235
m 221 88 0 359 235
m 221 106 0 359 235
m 221 113 0 359 235
m 221 146 0 359 235
m 221 202 0 359 235
m 221 217 0 359 235
m 221 220 0 359 235
m 221 229 0 359 235
b 221 1 359 235
b 221 2 359 235
b 227 0 176 420
m 227 31 0 176 420
m 227 44 0 176 420
m 227 52 0 176 420
m 227 85 0 176 420
m 227 94 0 176 420
m 227 112 0 176 420
m 227 141 0 176 420
m 227 167 0 176 420
b 231 3 277 124
m 231 128 3 8.625000000000002 115.125 0.5
m 231 28 3 8.625000000000002 115.125 0.5
b 232 0 66 449
m 232 47 0 66 449
m 232 135 0 66 449
m 232 151 0 66 449
m 232 224 0 66 449
b 237 3 37 364
m 237 185 3 9.375 130.125 0.3333333333333333
b 0 3 235 200
m 0 168 3 8.875 119.125 -1.0
b 7 0 387 72
b 7 1 387 72
b 7 2 387 72
b 7 3 387 72
m 7 37 3 8.777777777777777 109.88888888888887 0.4675864030721091
m 7 238 3 8.777777777777777 109.88888888888887 0.4675864030721091
m 7 77 3 8.777777777777777 109.88888888888887 0.4675864030721091
b 21 2 97 413
m 21 31 2 97 413
m 21 116 2 97 413
m 21 135 2 97 413
m 21 136 2 97 413
b 24 2 433 82
b 24 3 433 82
m 24 37 3 9.444444444444443 120.55555555555554 1.0
m 24 56 3 9.444444444444443 120.55555555555554 1.0
m 24 61 3 9.444444444444443 120.55555555555554 1.0
m 24 77 3 9.444444444444443 120.55555555555554 1.0
m 24 87 3 9.444444444444443 120.55555555555554 1.0
m 24 109 3 9.444444444444443 120.55555555555554 1.0
m 24 154 3 9.444444444444443 120.55555555555554 1.0
m 24 173 3 9.444444444444443 120.55555555555554 1.0
m 24 192 3 9.444444444444443 120.55555555555554 1.0
m 24 234 3 9.444444444444443 120.55555555555554 1.0
m 24 238 3 9.444444444444443 120.55555555555554 1.0
b 26 1 108 387
b 26 2 108 387
m 26 31 2 108 387
m 26 116 2 108 387
m 26 135 2 108 387
m 26 136 2 108 387
b 28 3 333 103
b 31 0 121 427
m 31 201 0 121 427
b 31 1 121 427
m 31 44 1 121 427
m 31 52 1 121 427
m 31 85 1 121 427
m 31 141 1 121 427
m 31 167 1 121 427
m 31 201 1 121 427
b 31 3 121 427
m 31 52 3 9.0 119.22222222222221 0.3084844789920236
m 31 85 3 9.0 119.22222222222221 0.3084844789920236
b 34 0 419 24
m 34 87 0 419 24
m 34 114 0 419 24
m 34 173 0 419 24
b 34 1 419 24
m 34 87 1 419 24
m 34 114 1 419 24
m 34 173 1 419 24
b 34 2 419 24
b 34 3 419 24
m 34 87 3 9.333333333333334 118.88888888888887 0.4954348264729622
m 34 61 3 9.333333333333334 118.88888888888887 0.4954348264729622
m 34 114 3 9.333333333333334 118.88888888888887 0.4954348264729622
m 34 238 3 9.333333333333334 118.88888888888887 0.4954348264729622
b 37 0 480 86
m 37 9 0 480 86
m 37 56 0 480 86
m 37 71 0 480 86
m 37 87 0 480 86
m 37 154 0 480 86
m 37 173 0 480 86
b 37 1 480 86
m 37 9 1 480 86
m 37 56 1 480 86
m 37 71 1 480 86
m 37 87 1 480 86
m 37 154 1 480 86
m 37 173 1 480 86
b 42 0 335 274
m 42 98 0 335 274
b 42 1 335 274
m 42 49 1 335 274
m 42 98 1 335 274
b 42 2 335 274
m 42 98 2 335 274
b 43 2 306 277
m 43 105 2 306 277
b 44 0 162 415
m 44 38 0 162 415
m 44 187 0 162 415
b 44 3 162 415
m 44 52 3 8.777777777777777 112.55555555555556 0.4038965878265088
m 44 38 3 8.777777777777777 112.55555555555556 0.4038965878265088
m 44 85 3 8.777777777777777 112.55555555555556 0.4038965878265088
b 47 0 41 458
b 47 1 41 458
m 47 151 1 41 458
m 47 224 1 41 458
b 49 0 376 318
m 49 32 0 376 318
m 49 95 0 376 318
m 49 98 0 376 318
m 49 134 0 376 318
m 49 145 0 376 318
m 49 190 0 376 318
m 49 222 0 376 318
b 49 2 376 318
m 49 32 2 376 318
m 49 95 2 376 318
m 49 98 2 376 318
m 49 134 2 376 318
m 49 145 2 376 318
m 49 190 2 376 318
m 49 222 2 376 318
b 51 2 269 249
b 52 0 136 447
m 52 201 0 136 447
b 54 2 254 276
m 54 168 2 254 276
b 54 3 254 276
m 54 168 3 8.875 119.125 -1.0
b 57 0 476 197
m 57 117 0 476 197
b 57 2 476 197
m 57 117 2 476 197
b 61 0 408 93
m 61 154 0 408 93
b 61 1 408 93
m 61 154 1 408 93
b 61 2 408 93
m 61 37 2 408 93
m 61 154 2 408 93
m 61 234 2 408 93
m 61 238 2 408 93
b 64 0 375 33
b 64 1 375 33
b 64 2 375 33
b 64 3 375 33
m 64 109 3 8.777777777777777 113.88888888888887 0.5
m 64 192 3 8.777777777777777 113.88888888888887 0.5
b 65 0 284 298
m 65 145 0 284 298
m 65 190 0 284 298
b 65 1 284 298
m 65 145 1 284 298
m 65 190 1 284 298
b 65 2 284 298
m 65 105 2 284 298
m 65 145 2 284 298
m 65 190 2 284 298
b 67 2 116 348
m 67 96 2 116 348
m 67 116 2 116 348
m 67 136 2 116 348
m 67 147 2 116 348
b 69 1 116 417
m 69 52 1 116 417
m 69 141 1 116 417
b 69 2 116 417
m 69 31 2 116 417
m 69 52 2 116 417
m 69 116 2 116 417
m 69 135 2 116 417
m 69 141 2 116 417
m 69 227 2 116 417
b 77 0 398 112
b 77 1 398 112
b 77 2 398 112
m 77 37 2 398 112
m 77 234 2 398 112
m 77 238 2 398 112
b 79 1 281 243
b 85 0 208 453
m 85 38 0 208 453
m 85 121 0 208 453
m 85 143 0 208 453
m 85 187 0 208 453
b 86 3 311 220
m 86 188 3 9.222222222222223 117.0 0.8151046880364471
m 86 43 3 9.222222222222223 117.0 0.8151046880364471
m 86 106 3 9.222222222222223 117.0 0.8151046880364471
m 86 51 3 9.222222222222223 117.0 0.8151046880364471
m 86 79 3 9.222222222222223 117.0 0.8151046880364471
m 86 41 3 9.222222222222223 117.0 0.8151046880364471
m 86 132 3 9.222222222222223 117.0 0.8151046880364471
m 86 195 3 9.222222222222223 117.0 0.8151046880364471
m 86 197 3 9.222222222222223 117.0 0.8151046880364471
b 88 0 390 224
m 88 98 0 390 224
b 89 2 220 294
m 89 104 2 220 294
m 89 105 2 220 294
m 89 144 2 220 294
m 89 178 2 220 294
m 89 183 2 220 294
b 89 3 220 294
m 89 132 3 8.0 104.88888888888889 0.023564948584742743
b 91 2 121 360
b 94 0 223 453
m 94 17 0 223 453
m 94 23 0 223 453
m 94 38 0 223 453
m 94 102 0 223 453
m 94 121 0 223 453
m 94 143 0 223 453
m 94 187 0 223 453
b 97 3 291 154
b 101 2 85 314
b 106 0 287 266
b 106 1 287 266
b 106 2 287 266
b 109 0 397 98
b 109 1 397 98
b 109 2 397 98
b 112 0 194 497
m 112 121 0 194 497
b 113 0 412 239
m 113 98 0 412 239
m 113 134 0 412 239
b 113 1 412 239
b 113 2 412 239
b 116 1 132 353
m 116 44 1 132 353
b 118 3 1 326
b 123 0 364 267
m 123 32 0 364 267
m 123 98 0 364 267
m 123 134 0 364 267
m 123 222 0 364 267
b 123 1 364 267
m 123 32 1 364 267
m 123 49 1 364 267
m 123 88 1 364 267
m 123 98 1 364 267
m 123 134 1 364 267
m 123 217 1 364 267
m 123 222 1 364 267
b 123 2 364 267
m 123 32 2 364 267
m 123 88 2 364 267
m 123 98 2 364 267
m 123 134 2 364 267
m 123 217 2 364 267
m 123 222 2 364 267
b 125 2 220 227
m 125 168 2 220 227
b 125 3 220 227
m 125 168 3 8.875 119.125 -1.0
b 128 3 332 133
b 131 3 245 175
m 131 168 3 8.625000000000002 115.125 -1.0
b 133 2 352 77
b 133 3 352 77
m 133 61 3 8.555555555555557 108.33333333333333 0.3333333333333333
b 135 0 95 464
m 135 201 0 95 464
b 135 1 95 464
b 136 1 150 352
b 137 2 402 27
m 137 87 2 402 27
m 137 173 2 402 27
m 137 192 2 402 27
b 137 3 402 27
m 137 87 3 9.0 115.2222222222222 0.25
m 137 109 3 9.0 115.2222222222222 0.25
b 139 1 390 97
b 139 2 390 97
b 139 3 390 97
m 139 234 3 8.88888888888889 111.33333333333333 0.6885136714605851
m 139 238 3 8.88888888888889 111.33333333333333 0.6885136714605851
m 139 77 3 8.88888888888889 111.33333333333333 0.6885136714605851
m 139 61 3 8.88888888888889 111.33333333333333 0.6885136714605851
m 139 109 3 8.88888888888889 111.33333333333333 0.6885136714605851
b 141 0 137 459
m 141 201 0 137 459
b 141 3 137 459
m 141 52 3 8.777777777777777 112.55555555555556 0.4038965878265088
m 141 167 3 8.777777777777777 112.55555555555556 0.4038965878265088
m 141 85 3 8.777777777777777 112.55555555555556 0.4038965878265088
b 146 0 321 298
m 146 145 0 321 298
m 146 222 0 321 298
b 146 1 321 298
m 146 49 1 321 298
m 146 145 1 321 298
m 146 222 1 321 298
b 146 2 321 298
m 146 145 2 321 298
m 146 222 2 321 298
b 151 0 62 491
m 151 201 0 62 491
b 153 1 386 83
b 153 2 386 83
m 153 234 2 386 83
m 153 238 2 386 83
b 153 3 386 83
m 153 234 3 8.777777777777779 110.1111111111111 0.5131162676049068
m 153 238 3 8.777777777777779 110.1111111111111 0.5131162676049068
m 153 77 3 8.777777777777779 110.1111111111111 0.5131162676049068
b 155 3 35 385
m 155 47 3 8.666666666666666 116.22222222222223 1.0
b 157 3 306 223
m 157 79 3 9.222222222222223 119.66666666666667 0.173903081204486
m 157 41 3 9.222222222222223 119.66666666666667 0.173903081204486
b 158 2 95 388
m 158 31 2 95 388
m 158 116 2 95 388
m 158 136 2 95 388
b 161 2 255 270
m 161 168 2 255 270
b 167 0 206 424
m 167 38 0 206 424
m 167 143 0 206 424
m 167 187 0 206 424
b 169 3 302 206
m 169 51 3 9.000000000000002 112.77777777777777 0.8121723145059119
m 169 41 3 9.000000000000002 112.77777777777777 0.8121723145059119
m 169 79 3 9.000000000000002 112.77777777777777 0.8121723145059119
m 169 188 3 9.000000000000002 112.77777777777777 0.8121723145059119
m 169 132 3 9.000000000000002 112.77777777777777 0.8121723145059119
m 169 106 3 9.000000000000002 112.77777777777777 0.8121723145059119
b 175 3 401 152
m 175 19 3 8.777777777777779 110.1111111111111 0.5131162676049068
m 175 88 3 8.777777777777779 110.1111111111111 0.5131162676049068
m 175 205 3 8.777777777777779 110.1111111111111 0.5131162676049068
b 182 2 374 2
m 182 192 2 374 2
b 182 3 374 2
m 182 192 3 7.888888888888888 101.88888888888889 1.0
b 185 1 16 437
m 185 151 1 16 437
m 185 224 1 16 437
b 185 2 16 437
m 185 47 2 16 437
m 185 135 2 16 437
m 185 151 2 16 437
m 185 224 2 16 437
b 185 3 16 437
m 185 135 3 9.0 117.88888888888889 0.14213581306687223
b 191 2 143 325
m 191 96 2 143 325
m 191 116 2 143 325
m 191 136 2 143 325
m 191 147 2 143 325
m 191 178 2 143 325
m 191 183 2 143 325
m 191 225 2 143 325
b 192 0 447 32
m 192 9 0 447 32
m 192 76 0 447 32
m 192 87 0 447 32
m 192 114 0 447 32
m 192 173 0 447 32
b 192 1 447 32
m 192 9 1 447 32
m 192 76 1 447 32
m 192 87 1 447 32
m 192 114 1 447 32
m 192 173 1 447 32
b 202 0 352 269
m 202 98 0 352 269
m 202 134 0 352 269
m 202 145 0 352 269
m 202 222 0 352 269
b 202 1 352 269
m 202 49 1 352 269
m 202 98 1 352 269
m 202 134 1 352 269
m 202 145 1 352 269
m 202 222 1 352 269
b 202 2 352 269
b 205 0 446 198
m 205 117 0 446 198
b 205 2 446 198
b 209 0 426 25
m 209 76 0 426 25
m 209 87 0 426 25
m 209 114 0 426 25
m 209 173 0 426 25
b 209 1 426 25
m 209 76 1 426 25
m 209 87 1 426 25
m 209 114 1 426 25
m 209 173 1 426 25
b 209 2 426 25
m 209 76 2 426 25
m 209 87 2 426 25
m 209 114 2 426 25
m 209 173 2 426 25
m 209 192 2 426 25
b 209 3 426 25
m 209 87 3 9.222222222222221 117.44444444444443 0.24514583758763875
m 209 76 3 9.222222222222221 117.44444444444443 0.24514583758763875
b 210 3 343 88
m 210 61 3 8.888888888888891 116.66666666666667 0.01050311203319502
b 217 0 425 247
m 217 98 0 425 247
m 217 117 0 425 247
m 217 134 0 425 247
b 218 1 358 46
b 218 2 358 46
b 218 3 358 46
m 218 109 3 8.444444444444443 107.55555555555554 0.5
m 218 192 3 8.444444444444443 107.55555555555554 0.5
b 220 0 407 238
m 220 98 0 407 238
m 220 117 0 407 238
m 220 134 0 407 238
b 220 1 407 238
m 220 57 1 407 238
m 220 88 1 407 238
m 220 98 1 407 238
m 220 117 1 407 238
m 220 134 1 407 238
m 220 205 1 407 238
m 220 217 1 407 238
b 220 2 407 238
b 221 3 367 245
m 221 41 3 9.777777777777779 129.11111111111111 1.0
m 221 42 3 9.777777777777779 129.11111111111111 1.0
m 221 79 3 9.777777777777779 129.11111111111111 1.0
m 221 88 3 9.777777777777779 129.11111111111111 1.0
m 221 98 3 9.777777777777779 129.11111111111111 1.0
m 221 106 3 9.777777777777779 129.11111111111111 1.0
m 221 113 3 9.777777777777779 129.11111111111111 1.0
m 221 123 3 9.777777777777779 129.11111111111111 1.0
m 221 146 3 9.777777777777779 129.11111111111111 1.0
m 221 197 3 9.777777777777779 129.11111111111111 1.0
m 221 202 3 9.777777777777779 129.11111111111111 1.0
m 221 217 3 9.777777777777779 129.11111111111111 1.0
m 221 220 3 9.777777777777779 129.11111111111111 1.0
m 221 229 3 9.777777777777779 129.11111111111111 1.0
b 224 0 24 445
b 227 1 186 427
m 227 38 1 186 427
m 227 44 1 186 427
m 227 52 1 186 427
m 227 85 1 186 427
m 227 94 1 186 427
m 227 112 1 186 427
m 227 141 1 186 427
m 227 167 1 186 427
m 227 187 1 186 427
b 227 3 186 427
m 227 52 3 9.222222222222223 121.88888888888889 0.363538811329976
m 227 187 3 9.222222222222223 121.88888888888889 0.363538811329976
m 227 94 3 9.222222222222223 121.88888888888889 0.363538811329976
b 229 0 384 277
m 229 32 0 384 277
m 229 98 0 384 277
m 229 134 0 384 277
m 229 145 0 384 277
m 229 222 0 384 277
b 229 1 384 277
m 229 32 1 384 277
m 229 49 1 384 277
m 229 88 1 384 277
m 229 98 1 384 277
m 229 134 1 384 277
m 229 145 1 384 277
m 229 217 1 384 277
m 229 222 1 384 277
b 229 2 384 277
m 229 32 2 384 277
m 229 88 2 384 277
m 229 98 2 384 277
m 229 134 2 384 277
m 229 145 2 384 277
m 229 217 2 384 277
m 229 222 2 384 277
b 232 1 70 461
m 232 151 1 70 461
m 232 224 1 70 461
b 232 2 70 461
b 232 3 70 461
m 232 224 3 8.88888888888889 118.22222222222221 0.2595679012345679
m 232 151 3 8.88888888888889 118.22222222222221 0.2595679012345679
b 234 0 462 131
m 234 56 0 462 131
m 234 71 0 462 131
m 234 154 0 462 131
b 234 1 462 131
b 238 0 434 104
m 238 56 0 434 104
m 238 71 0 434 104
m 238 154 0 434 104
m 238 173 0 434 104
b 238 1 434 104
b 9 0 487 63
b 9 1 487 63
b 17 0 252 475
b 19 3 397 194
b 23 0 303 427
m 23 11 0 303 427
m 23 70 0 303 427
m 23 72 0 303 427
m 23 92 0 303 427
m 23 129 0 303 427
b 31 2 112 419
m 31 44 2 112 419
m 31 201 2 112 419
b 32 0 393 352
m 32 53 0 393 352
m 32 73 0 393 352
m 32 84 0 393 352
m 32 198 0 393 352
m 32 207 0 393 352
m 32 228 0 393 352
m 32 236 0 393 352
b 32 1 393 352
m 32 53 1 393 352
m 32 73 1 393 352
m 32 84 1 393 352
m 32 95 1 393 352
m 32 198 1 393 352
m 32 207 1 393 352
m 32 228 1 393 352
m 32 236 1 393 352
b 32 2 393 352
m 32 53 2 393 352
m 32 73 2 393 352
m 32 84 2 393 352
m 32 198 2 393 352
m 32 207 2 393 352
m 32 228 2 393 352
m 32 236 2 393 352
b 37 2 492 83
b 37 3 492 83
m 37 9 3 8.099999999999998 99.3 0.5
m 37 71 3 8.099999999999998 99.3 0.5
b 38 0 219 412
m 38 72 0 219 412
m 38 129 0 219 412
m 38 194 0 219 412
b 38 1 219 412
b 38 3 219 412
m 38 194 3 8.7 107.7 0.5162334018407968
m 38 102 3 8.7 107.7 0.5162334018407968
m 38 72 3 8.7 107.7 0.5162334018407968
m 38 17 3 8.7 107.7 0.5162334018407968
m 38 121 3 8.7 107.7 0.5162334018407968
b 41 3 310 279
m 41 65 3 8.5 105.7 0.5
m 41 145 3 8.5 105.7 0.5
b 42 3 327 282
m 42 145 3 9.200000000000001 117.8 0.25
m 42 65 3 9.200000000000001 117.8 0.25
b 43 3 318 276
m 43 65 3 8.4 105.39999999999999 1.0
b 44 1 152 408
b 47 2 53 460
b 47 3 53 460
b 49 1 385 326
m 49 53 1 385 326
m 49 95 1 385 326
b 51 3 271 237
m 51 168 3 9.222222222222223 117.0 -1.0
b 52 1 126 440
b 52 2 126 440
b 52 3 126 440
m 52 201 3 8.2 107.39999999999999 1.0
b 56 0 489 119
b 56 1 489 119
b 56 3 489 119
m 56 71 3 8.699999999999998 108.9 0.5
m 56 9 3 8.699999999999998 108.9 0.5
b 57 1 485 205
b 61 3 401 83
b 71 0 471 113
b 71 1 471 113
b 76 0 498 25
b 76 1 498 25
b 76 2 498 25
m 76 9 2 498 25
b 76 3 498 25
m 76 9 3 8.4 105.79999999999997 1.0
b 77 3 392 101
b 79 3 271 238
m 79 168 3 9.222222222222223 117.0 -1.0
b 85 1 220 454
m 85 17 1 220 454
m 85 121 1 220 454
m 85 143 1 220 454
b 85 3 220 454
m 85 17 3 8.5 108.89999999999999 0.2450644310398565
b 87 0 421 22
b 87 1 421 22
b 87 2 421 22
m 87 9 2 421 22
b 87 3 421 22
m 87 9 3 8.599999999999998 108.6 1.0
b 88 1 382 215
b 88 2 382 215
b 88 3 382 215
b 94 1 224 465
m 94 17 1 224 465
m 94 121 1 224 465
m 94 143 1 224 465
b 94 3 224 465
m 94 17 3 8.700000000000001 111.3 0.1129521985212653
b 95 0 419 344
m 95 53 0 419 344
m 95 73 0 419 344
m 95 84 0 419 344
m 95 198 0 419 344
m 95 207 0 419 344
m 95 236 0 419 344
b 95 2 419 344
m 95 53 2 419 344
m 95 73 2 419 344
m 95 84 2 419 344
m 95 198 2 419 344
m 95 207 2 419 344
m 95 236 2 419 344
b 96 2 160 315
b 98 0 411 254
m 98 53 0 411 254
m 98 119 0 411 254
b 98 1 411 254
m 98 53 1 411 254
m 98 119 1 411 254
b 98 2 411 254
b 98 3 411 254
m 98 119 3 9.200000000000001 117.8 0.25
m 98 222 3 9.200000000000001 117.8 0.25
b 102 0 284 383
m 102 11 0 284 383
m 102 72 0 284 383
m 102 92 0 284 383
m 102 129 0 284 383
m 102 194 0 284 383
b 104 2 213 326
m 104 194 2 213 326
b 105 2 240 317
b 106 3 275 263
m 106 65 3 8.4 105.39999999999999 1.0
b 109 3 388 105
b 112 1 193 485
m 112 17 1 193 485
b 113 3 424 243
m 113 53 3 9.0 116.60000000000001 0.5
m 113 134 3 9.0 116.60000000000001 0.5
b 114 0 482 20
b 114 1 482 20
b 114 2 482 20
b 114 3 482 20
m 114 9 3 8.5 107.09999999999997 1.0
b 116 2 128 342
b 117 0 497 240
m 117 119 0 497 240
b 117 1 497 240
b 117 2 497 240
b 121 0 276 454
m 121 11 0 276 454
m 121 70 0 276 454
m 121 129 0 276 454
m 121 162 0 276 454
b 123 3 352 266
m 123 134 3 9.200000000000001 117.8 0.25
m 123 49 3 9.200000000000001 117.8 0.25
b 132 3 269 230
m 132 168 3 9.222222222222223 117.0 -1.0
b 134 0 396 292
m 134 53 0 396 292
m 134 119 0 396 292
m 134 207 0 396 292
b 134 1 396 292
m 134 53 1 396 292
m 134 95 1 396 292
m 134 119 1 396 292
m 134 207 1 396 292
b 134 2 396 292
b 135 2 105 471
b 135 3 105 471
m 135 201 3 8.2 106.19999999999999 1.0
b 136 2 150 340
b 141 1 131 469
b 141 2 131 469
m 141 44 2 131 469
m 141 112 2 131 469
m 141 201 2 131 469
b 143 0 255 414
m 143 11 0 255 414
m 143 72 0 255 414
m 143 92 0 255 414
m 143 129 0 255 414
m 143 194 0 255 414
b 144 2 239 236
m 144 168 2 239 236
b 145 0 336 319
m 145 92 0 336 319
b 145 1 336 319
m 145 92 1 336 319
m 145 95 1 336 319
b 145 2 336 319
m 145 92 2 336 319
b 146 3 310 301
m 146 145 3 9.200000000000001 117.8 0.25
m 146 65 3 9.200000000000001 117.8 0.25
b 147 2 100 303
m 147 40 2 100 303
b 151 1 72 485
b 151 2 72 485
b 151 3 72 485
m 151 201 3 8.1 106.5 1.0
b 154 0 464 126
b 154 1 464 126
b 154 2 464 126
m 154 56 2 464 126
m 154 71 2 464 126
b 154 3 464 126
m 154 71 3 8.599999999999998 108.6 1.0
b 167 1 217 419
m 167 143 1 217 419
b 167 3 217 419
m 167 143 3 7.999999999999998 101.39999999999999 1.0
b 173 0 465 56
b 173 1 465 56
b 173 2 465 56
b 173 3 465 56
m 173 9 3 8.699999999999998 108.9 0.5
m 173 71 3 8.699999999999998 108.9 0.5
b 178 2 214 340
b 183 2 167 333
b 187 0 211 396
m 187 72 0 211 396
m 187 194 0 211 396
b 187 1 211 396
b 187 3 211 396
m 187 102 3 8.700000000000001 111.3 0.1129521985212653
b 188 3 282 284
m 188 65 3 8.4 105.39999999999999 1.0
b 190 0 325 334
m 190 72 0 325 334
m 190 92 0 325 334
m 190 129 0 325 334
m 190 194 0 325 334
b 190 1 325 334
b 190 2 325 334
b 192 2 457 38
b 192 3 457 38
m 192 9 3 8.599999999999998 108.6 1.0
b 195 3 262 301
m 195 65 3 8.5 105.7 0.5
m 195 194 3 8.5 105.7 0.5
b 197 3 317 268
m 197 65 3 8.5 105.7 0.5
m 197 145 3 8.5 105.7 0.5
b 201 0 137 473
b 201 1 137 473
b 202 3 358 258
m 202 134 3 9.200000000000001 117.8 0.25
m 202 49 3 9.200000000000001 117.8 0.25
b 205 1 446 210
b 205 3 446 210
m 205 57 3 8.1 99.5 0.5
m 205 117 3 8.1 99.5 0.5
b 217 1 436 252
m 217 53 1 436 252
m 217 119 1 436 252
b 217 2 436 252
m 217 53 2 436 252
m 217 119 2 436 252
b 217 3 436 252
m 217 53 3 9.200000000000001 117.8 0.25
m 217 117 3 9.200000000000001 117.8 0.25
b 220 3 398 247
m 220 134 3 8.9 116.3 1.0
b 222 0 416 318
m 222 53 0 416 318
m 222 119 0 416 318
m 222 207 0 416 318
b 222 1 416 318
m 222 53 1 416 318
m 222 95 1 416 318
m 222 119 1 416 318
m 222 207 1 416 318
b 222 2 416 318
b 224 1 20 433
b 224 2 20 433
b 224 3 20 433
b 225 2 136 245
m 225 40 2 136 245
m 225 45 2 136 245
m 225 219 2 136 245
b 227 2 196 434
m 227 38 2 196 434
m 227 44 2 196 434
m 227 85 2 196 434
m 227 94 2 196 434
m 227 112 2 196 434
m 227 143 2 196 434
m 227 167 2 196 434
m 227 187 2 196 434
b 229 3 396 280
m 229 95 3 9.5 121.10000000000001 0.07491914142899136
b 234 2 467 142
b 234 3 467 142
m 234 71 3 8.599999999999998 108.6 1.0
b 238 2 423 110
m 238 56 2 423 110
m 238 71 2 423 110
b 238 3 423 110
m 238 71 3 7.999999999999998 98.99999999999999 1.0
b 9 2 483 75
b 9 3 483 75
b 11 0 294 425
m 11 149 0 294 425
m 11 208 0 294 425
b 17 1 242 482
m 17 162 1 242 482
b 17 3 242 482
m 17 112 3 8.090909090909092 98.27272727272727 0.5
m 17 162 3 8.090909090909092 98.27272727272727 0.5
b 38 2 208 408
m 38 17 2 208 408
m 38 102 2 208 408
b 40 2 87 235
b 44 2 142 402
b 45 2 107 202
b 49 3 395 333
m 49 32 3 8.636363636363638 107.9090909090909 0.17540951827081525
b 53 0 440 278
b 53 1 440 278
b 53 2 440 278
b 53 3 440 278
m 53 207 3 8.363636363636363 106.36363636363636 0.5099604008404719
m 53 228 3 8.363636363636363 106.36363636363636 0.5099604008404719
b 56 2 488 131
b 57 3 495 212
b 65 3 260 293
b 70 0 350 466
m 70 14 0 350 466
m 70 149 0 350 466
m 70 159 0 350 466
m 70 208 0 350 466
b 71 2 461 120
b 71 3 461 120
b 72 0 271 350
b 72 3 271 350
m 72 92 3 8.181818181818182 98.72727272727272 0.3333333333333333
b 73 0 444 379
m 73 36 0 444 379
m 73 93 0 444 379
m 73 200 0 444 379
b 73 1 444 379
m 73 36 1 444 379
m 73 93 1 444 379
m 73 200 1 444 379
b 73 2 444 379
m 73 36 2 444 379
m 73 93 2 444 379
m 73 200 2 444 379
b 84 0 407 413
m 84 14 0 407 413
m 84 82 0 407 413
m 84 93 0 407 413
m 84 149 0 407 413
m 84 215 0 407 413
b 84 1 407 413
m 84 14 1 407 413
m 84 82 1 407 413
m 84 93 1 407 413
m 84 149 1 407 413
m 84 215 1 407 413
b 84 2 407 413
b 85 2 232 455
b 92 0 293 350
b 92 1 293 350
m 92 11 1 293 350
m 92 23 1 293 350
m 92 72 1 293 350
m 92 102 1 293 350
m 92 129 1 293 350
m 92 194 1 293 350
b 92 2 293 350
m 92 11 2 293 350
m 92 23 2 293 350
m 92 72 2 293 350
m 92 102 2 293 350
m 92 129 2 293 350
b 94 2 225 476
m 94 17 2 225 476
m 94 121 2 225 476
b 95 1 430 339
b 95 3 430 339
m 95 32 3 9.181818181818182 113.36363636363636 0.06541500001789491
b 102 3 290 372
m 102 190 3 8.363636363636363 100.18181818181817 0.23560375546462725
m 102 92 3 8.363636363636363 100.18181818181817 0.23560375546462725
b 112 2 192 473
m 112 17 2 192 473
b 117 3 491 229
b 119 0 464 273
b 119 1 464 273
b 119 2 464 273
b 119 3 464 273
m 119 207 3 8.545454545454547 107.45454545454545 0.009737079268053839
b 121 1 288 454
m 121 11 1 288 454
m 121 23 1 288 454
m 121 70 1 288 454
m 121 129 1 288 454
m 121 162 1 288 454
b 121 3 288 454
m 121 11 3 8.363636363636363 100.18181818181817 0.23560375546462725
m 121 129 3 8.363636363636363 100.18181818181817 0.23560375546462725
b 129 0 315 391
b 134 3 384 294
m 134 32 3 8.363636363636363 106.36363636363636 0.5099604008404719
m 134 207 3 8.363636363636363 106.36363636363636 0.5099604008404719
b 143 1 251 403
m 143 11 1 251 403
m 143 23 1 251 403
m 143 72 1 251 403
m 143 102 1 251 403
m 143 129 1 251 403
m 143 194 1 251 403
b 143 2 251 403
m 143 11 2 251 403
m 143 17 2 251 403
m 143 23 2 251 403
m 143 72 2 251 403
m 143 102 2 251 403
m 143 121 2 251 403
m 143 129 2 251 403
b 143 3 251 403
m 143 11 3 7.636363636363635 93.63636363636363 1.0
m 143 23 3 7.636363636363635 93.63636363636363 1.0
m 143 92 3 7.636363636363635 93.63636363636363 1.0
m 143 129 3 7.636363636363635 93.63636363636363 1.0
b 145 3 332 307
m 145 32 3 8.0 96.9090909090909 0.6760428357650581
m 145 190 3 8.0 96.9090909090909 0.6760428357650581
m 145 92 3 8.0 96.9090909090909 0.6760428357650581
b 162 0 308 478
m 162 149 0 308 478
m 162 208 0 308 478
b 167 2 228 414
m 167 17 2 228 414
b 187 2 199 394
m 187 72 2 199 394
b 194 0 260 330
b 194 2 260 330
m 194 72 2 260 330
m 194 102 2 260 330
m 194 129 2 260 330
b 194 3 260 330
m 194 92 3 8.181818181818182 98.72727272727272 0.3333333333333333
b 198 0 456 373
m 198 36 0 456 373
m 198 93 0 456 373
m 198 200 0 456 373
b 198 1 456 373
b 198 2 456 373
b 201 2 146 466
b 201 3 146 466
m 201 112 3 7.545454545454545 97.72727272727273 1.0
b 207 0 437 358
m 207 36 0 437 358
m 207 93 0 437 358
m 207 200 0 437 358
b 207 1 437 358
m 207 36 1 437 358
m 207 93 1 437 358
m 207 200 1 437 358
b 207 2 437 358
b 219 2 102 213
b 222 3 428 316
m 222 207 3 8.545454545454547 107.45454545454545 0.009737079268053839
b 228 0 468 364
m 228 36 0 468 364
m 228 93 0 468 364
m 228 200 0 468 364
b 228 1 468 364
m 228 36 1 468 364
m 228 93 1 468 364
m 228 200 1 468 364
b 228 2 468 364
b 236 0 382 422
m 236 14 0 382 422
m 236 149 0 382 422
m 236 159 0 382 422
m 236 208 0 382 422
b 236 1 382 422
m 236 14 1 382 422
m 236 70 1 382 422
m 236 149 1 382 422
m 236 159 1 382 422
m 236 208 1 382 422
b 236 2 382 422
m 236 14 2 382 422
m 236 70 2 382 422
m 236 149 2 382 422
m 236 159 2 382 422
m 236 208 2 382 422
b 11 1 287 416
b 11 2 287 416
m 11 162 2 287 416
b 11 3 287 416
m 11 70 3 7.75 91.91666666666666 1.0
b 14 0 379 456
b 14 1 379 456
b 14 2 379 456
b 17 2 232 488
b 23 1 324 439
b 23 2 324 439
b 23 3 324 439
m 23 70 3 7.166666666666666 86.16666666666666 0.042381631348640925
b 32 3 384 374
m 32 84 3 8.250000000000002 100.25 0.22319006637122377
b 36 0 473 342
b 36 1 473 342
b 36 2 473 342
b 70 1 361 461
b 70 2 361 461
m 70 162 2 361 461
b 72 1 274 338
b 72 2 274 338
b 82 0 454 445
m 82 138 0 454 445
m 82 150 0 454 445
b 82 1 454 445
m 82 138 1 454 445
m 82 150 1 454 445
b 92 3 296 338
b 93 0 482 371
b 93 1 482 371
b 93 2 482 371
b 102 1 296 362
b 102 2 296 362
b 112 3 191 461
b 121 2 300 454
m 121 162 2 300 454
b 129 1 326 387
b 129 2 326 387
b 129 3 326 387
b 149 0 386 471
b 149 1 386 471
b 149 2 386 471
b 159 0 360 492
b 159 1 360 492
b 159 2 360 492
b 162 1 301 468
b 162 3 301 468
m 162 159 3 7.666666666666668 90.83333333333333 0.6755858461898083
m 162 208 3 7.666666666666668 90.83333333333333 0.6755858461898083
m 162 70 3 7.666666666666668 90.83333333333333 0.6755858461898083
b 190 3 338 314
b 194 1 261 318
b 200 0 482 362
b 200 1 482 362
b 200 2 482 362
b 207 3 431 368
m 207 200 3 8.166666666666668 100.5 0.8559003701054818
m 207 93 3 8.166666666666668 100.5 0.8559003701054818
m 207 73 3 8.166666666666668 100.5 0.8559003701054818
m 207 36 3 8.166666666666668 100.5 0.8559003701054818
m 207 198 3 8.166666666666668 100.5 0.8559003701054818
m 207 84 3 8.166666666666668 100.5 0.8559003701054818
b 208 0 340 493
b 208 1 340 493
b 208 2 340 493
m 208 162 2 340 493
b 215 0 474 460
m 215 138 0 474 460
m 215 150 0 474 460
b 215 1 474 460
m 215 138 1 474 460
m 215 150 1 474 460
b 228 3 468 376
m 228 93 3 8.083333333333334 99.58333333333333 0.822861872961088
m 228 73 3 8.083333333333334 99.58333333333333 0.822861872961088
m 228 198 3 8.083333333333334 99.58333333333333 0.822861872961088
m 228 36 3 8.083333333333334 99.58333333333333 0.822861872961088
m 228 200 3 8.083333333333334 99.58333333333333 0.822861872961088
b 36 3 471 330
b 70 3 372 457
m 70 14 3 7.384615384615385 85.53846153846153 1.0
m 70 149 3 7.384615384615385 85.53846153846153 1.0
m 70 236 3 7.384615384615385 85.53846153846153 1.0
b 73 3 454 357
b 84 3 390 430
m 84 82 3 7.923076923076925 93.76923076923076 0.2295258755579966
b 93 3 491 362
b 138 0 495 473
b 138 1 495 473
b 150 0 483 497
b 150 1 483 497
b 159 3 356 496
m 159 236 3 7.307692307692309 84.53846153846153 0.6929867599794456
m 159 149 3 7.307692307692309 84.53846153846153 0.6929867599794456
m 159 14 3 7.307692307692309 84.53846153846153 0.6929867599794456
b 162 2 294 459
b 198 3 480 371
m 198 82 3 7.615384615384616 92.84615384615385 1.0
b 200 3 470 360
b 208 3 335 493
m 208 14 3 7.230769230769233 84.15384615384615 0.35736656324695193
b 14 3 362 440
b 82 3 462 422
m 82 150 3 7.571428571428574 87.7142857142857 0.16007982380669647
b 149 3 407 483
b 236 3 394 456
b 150 3 492 496
m 150 138 3 7.200000000000002 82.13333333333331 0.08406647906980702
b 138 3 481 440
m 138 215 3 6.812500000000002 77.06249999999999 0.0015425042031156973
b 215 3 469 434
