Key: 
t: node change direction (node id, x, y, new direction)
s: node start location (node id, x, y, start direction, buffer)
m: message transfer (sender id, target id, messageType, sender x, sender y
b: broadcast (node id, message type, x, y)
295 124 429 283
s 0 327 218 173 0
s 1 415 250 75 0
s 2 318 281 149 0
s 3 143 160 225 0
s 4 79 269 201 0
s 5 427 400 66 0
s 6 332 338 141 0
s 7 421 341 143 0
s 8 17 423 204 0
s 9 116 481 65 0
s 10 428 449 143 0
s 11 85 358 11 0
s 12 189 239 9 0
s 13 475 488 167 0
s 14 343 476 209 0
s 15 246 26 107 0
s 16 177 459 149 0
s 17 392 223 94 0
s 18 215 51 208 0
s 19 31 372 92 0
s 20 242 175 240 0
s 21 220 248 275 0
s 22 76 310 54 0
s 23 31 215 280 0
s 24 139 60 227 0
s 25 115 462 210 0
s 26 24 203 83 0
s 27 300 141 257 0
s 28 191 340 217 0
s 29 145 20 292 0
s 30 112 110 247 0
s 31 444 194 342 0
s 32 365 166 273 0
s 33 38 251 67 0
s 34 22 67 285 0
s 35 204 324 124 0
s 36 233 416 320 0
s 37 4 241 300 0
s 38 461 194 153 0
s 39 234 472 356 0
s 40 322 184 250 0
s 41 174 169 226 0
s 42 229 204 8 0
s 43 389 343 123 0
s 44 469 271 145 0
s 45 467 433 320 0
s 46 232 358 197 0
s 47 329 272 195 0
s 48 383 456 11 0
s 49 15 29 159 0
s 50 198 256 33 0
s 51 90 171 357 0
s 52 207 123 327 0
s 53 293 27 345 0
s 54 154 50 25 0
s 55 484 419 178 0
s 56 404 455 199 0
s 57 114 413 231 0
s 58 160 421 74 0
s 59 240 81 339 0
s 60 375 460 302 0
s 61 374 402 119 0
s 62 76 52 310 0
s 63 241 176 191 0
s 64 226 431 145 0
s 65 208 220 91 0
s 66 51 328 40 0
s 67 488 238 84 0
s 68 96 226 328 0
s 69 115 162 88 0
s 70 151 92 314 0
s 71 55 197 139 0
s 72 10 294 245 0
s 73 133 83 147 0
s 74 452 11 45 0
s 75 319 92 103 0
s 76 146 388 346 0
s 77 247 288 101 0
s 78 86 400 71 0
s 79 103 396 350 0
s 80 402 174 118 0
s 81 460 67 6 0
s 82 139 336 253 0
s 83 80 190 285 0
s 84 115 138 23 0
s 85 285 419 348 0
s 86 423 368 322 0
s 87 391 137 85 0
s 88 170 235 80 0
s 89 362 262 356 0
s 90 2 345 292 0
s 91 349 146 227 0
s 92 220 98 99 0
s 93 473 172 206 0
s 94 467 98 332 0
s 95 404 312 178 0
s 96 88 396 334 0
s 97 377 447 315 0
s 98 285 105 69 0
s 99 215 109 274 0
s 100 347 26 81 0
s 101 183 484 153 0
s 102 95 237 187 0
s 103 177 463 92 0
s 104 438 306 228 0
s 105 345 163 140 0
s 106 178 282 132 0
s 107 140 235 26 0
s 108 23 160 108 0
s 109 369 148 133 0
s 110 295 124 328 0
s 111 284 236 34 0
s 112 159 483 141 0
s 113 424 137 246 0
s 114 429 283 300 0
s 115 226 245 121 0
s 116 147 418 152 0
s 117 269 282 26 0
s 118 423 417 281 0
s 119 367 112 123 0
s 120 274 183 341 0
s 121 204 145 352 0
s 122 272 431 120 0
s 123 322 318 312 0
s 124 429 363 281 0
s 125 229 128 232 0
s 126 292 462 336 0
s 127 451 430 183 0
s 128 359 198 64 0
s 129 93 6 34 0
s 130 101 260 125 0
s 131 18 177 262 0
s 132 112 402 266 0
s 133 92 197 357 0
s 134 305 327 66 0
s 135 428 396 22 0
s 136 442 369 208 0
s 137 233 40 76 0
s 138 418 161 301 0
s 139 230 340 282 0
s 140 184 358 302 0
s 141 242 398 41 0
s 142 18 9 56 0
s 143 187 358 199 0
s 144 354 278 241 0
s 145 368 427 37 0
s 146 237 203 13 0
s 147 177 147 92 0
s 148 389 161 9 0
s 149 50 412 100 0
s 150 87 491 304 0
s 151 45 273 202 0
s 152 157 151 104 0
s 153 179 66 76 0
s 154 241 107 95 0
s 155 182 308 67 0
s 156 21 20 55 0
s 157 19 197 13 0
s 158 229 410 35 0
s 159 189 413 93 0
s 160 422 184 126 0
s 161 251 116 17 0
s 162 98 466 207 0
s 163 365 303 87 0
s 164 37 96 267 0
s 165 138 149 212 0
s 166 412 249 7 0
s 167 41 471 42 0
s 168 248 80 80 0
s 169 447 50 140 0
s 170 495 415 233 0
s 171 413 149 240 0
s 172 224 270 137 0
s 173 2 45 113 0
s 174 148 82 294 0
s 175 4 374 14 0
s 176 24 250 50 0
s 177 91 183 108 0
s 178 51 113 233 0
s 179 230 110 332 0
s 180 224 286 323 0
s 181 440 37 257 0
s 182 354 24 340 0
s 183 257 213 98 0
s 184 84 226 294 0
s 185 494 230 176 0
s 186 414 482 168 0
s 187 411 110 44 0
s 188 384 112 14 0
s 189 480 88 47 0
s 190 406 165 29 0
s 191 297 340 261 0
s 192 15 483 217 0
s 193 474 122 304 0
s 194 445 315 204 0
s 195 97 180 254 0
s 196 491 39 229 0
s 197 119 360 64 0
s 198 99 395 323 0
s 199 149 300 175 0
s 200 1 464 117 0
s 201 150 377 220 0
s 202 54 449 120 0
s 203 398 450 267 0
s 204 112 131 52 0
s 205 489 195 348 0
s 206 395 149 123 0
s 207 206 393 255 0
s 208 231 265 47 0
s 209 416 3 322 0
s 210 343 366 231 0
s 211 187 265 18 0
s 212 342 274 358 0
s 213 147 449 131 0
s 214 414 224 136 0
s 215 343 290 325 0
s 216 493 23 186 0
s 217 121 491 179 0
s 218 356 174 141 0
s 219 215 178 50 0
s 220 439 204 102 0
s 221 313 74 348 0
s 222 294 446 5 0
s 223 42 240 215 0
s 224 224 202 65 0
s 225 114 108 198 0
s 226 360 63 156 0
s 227 99 167 347 0
s 228 397 499 96 0
s 229 35 453 294 0
s 230 155 98 182 0
s 231 407 42 54 0
s 232 417 79 103 0
s 233 427 316 163 0
s 234 191 458 274 0
s 235 359 68 324 0
s 236 172 177 288 0
s 237 370 140 314 0
s 238 0 132 343 0
s 239 68 84 42 0
b 110 0 306 117
m 110 20 0 306 117
m 110 27 0 306 117
m 110 40 0 306 117
m 110 59 0 306 117
m 110 75 0 306 117
m 110 91 0 306 117
m 110 98 0 306 117
m 110 105 0 306 117
m 110 119 0 306 117
m 110 120 0 306 117
m 110 125 0 306 117
m 110 154 0 306 117
m 110 161 0 306 117
m 110 179 0 306 117
m 110 221 0 306 117
b 110 1 306 117
m 110 20 1 306 117
m 110 27 1 306 117
m 110 40 1 306 117
m 110 59 1 306 117
m 110 75 1 306 117
m 110 91 1 306 117
m 110 98 1 306 117
m 110 105 1 306 117
m 110 119 1 306 117
m 110 120 1 306 117
m 110 125 1 306 117
m 110 154 1 306 117
m 110 161 1 306 117
m 110 179 1 306 117
m 110 221 1 306 117
b 110 2 306 117
m 110 20 2 306 117
m 110 27 2 306 117
m 110 40 2 306 117
m 110 59 2 306 117
m 110 75 2 306 117
m 110 91 2 306 117
m 110 98 2 306 117
m 110 105 2 306 117
m 110 119 2 306 117
m 110 120 2 306 117
m 110 125 2 306 117
m 110 154 2 306 117
m 110 161 2 306 117
m 110 179 2 306 117
m 110 221 2 306 117
b 110 3 306 117
m 110 20 3 16.0 256.0 1.0
m 110 27 3 16.0 256.0 1.0
m 110 40 3 16.0 256.0 1.0
m 110 59 3 16.0 256.0 1.0
m 110 75 3 16.0 256.0 1.0
m 110 91 3 16.0 256.0 1.0
m 110 98 3 16.0 256.0 1.0
m 110 105 3 16.0 256.0 1.0
m 110 119 3 16.0 256.0 1.0
m 110 120 3 16.0 256.0 1.0
m 110 125 3 16.0 256.0 1.0
m 110 154 3 16.0 256.0 1.0
m 110 161 3 16.0 256.0 1.0
m 110 179 3 16.0 256.0 1.0
m 110 221 3 16.0 256.0 1.0
b 20 0 230 154
m 20 21 0 230 154
m 20 41 0 230 154
m 20 42 0 230 154
m 20 52 0 230 154
m 20 63 0 230 154
m 20 121 0 230 154
m 20 146 0 230 154
m 20 147 0 230 154
m 20 183 0 230 154
m 20 219 0 230 154
m 20 224 0 230 154
m 20 236 0 230 154
b 20 1 230 154
m 20 21 1 230 154
m 20 41 1 230 154
m 20 42 1 230 154
m 20 52 1 230 154
m 20 63 1 230 154
m 20 121 1 230 154
m 20 146 1 230 154
m 20 147 1 230 154
m 20 183 1 230 154
m 20 219 1 230 154
m 20 224 1 230 154
m 20 236 1 230 154
b 20 2 230 154
m 20 21 2 230 154
m 20 41 2 230 154
m 20 42 2 230 154
m 20 52 2 230 154
m 20 63 2 230 154
m 20 121 2 230 154
m 20 146 2 230 154
m 20 147 2 230 154
m 20 183 2 230 154
m 20 219 2 230 154
m 20 224 2 230 154
m 20 236 2 230 154
b 20 3 230 154
m 20 183 3 15.666666666666666 245.66666666666666 0.9560283687943261
m 20 63 3 15.666666666666666 245.66666666666666 0.9560283687943261
m 20 41 3 15.666666666666666 245.66666666666666 0.9560283687943261
m 20 224 3 15.666666666666666 245.66666666666666 0.9560283687943261
m 20 121 3 15.666666666666666 245.66666666666666 0.9560283687943261
m 20 146 3 15.666666666666666 245.66666666666666 0.9560283687943261
m 20 147 3 15.666666666666666 245.66666666666666 0.9560283687943261
m 20 42 3 15.666666666666666 245.66666666666666 0.9560283687943261
m 20 21 3 15.666666666666666 245.66666666666666 0.9560283687943261
m 20 236 3 15.666666666666666 245.66666666666666 0.9560283687943261
m 20 219 3 15.666666666666666 245.66666666666666 0.9560283687943261
m 20 52 3 15.666666666666666 245.66666666666666 0.9560283687943261
b 27 0 295 116
m 27 32 0 295 116
m 27 168 0 295 116
m 27 218 0 295 116
b 27 1 295 116
m 27 32 1 295 116
m 27 168 1 295 116
m 27 218 1 295 116
b 27 2 295 116
m 27 32 2 295 116
m 27 168 2 295 116
m 27 218 2 295 116
b 27 3 295 116
m 27 218 3 12.0 176.0 0.25
b 40 0 314 161
m 40 0 0 314 161
m 40 32 0 314 161
m 40 109 0 314 161
m 40 206 0 314 161
m 40 218 0 314 161
b 40 1 314 161
m 40 0 1 314 161
m 40 32 1 314 161
m 40 109 1 314 161
m 40 206 1 314 161
m 40 218 1 314 161
b 40 2 314 161
m 40 0 2 314 161
m 40 32 2 314 161
m 40 109 2 314 161
m 40 206 2 314 161
m 40 218 2 314 161
b 40 3 314 161
m 40 32 3 12.666666666666666 182.66666666666666 0.16666666666666666
m 40 0 3 12.666666666666666 182.66666666666666 0.16666666666666666
b 59 0 263 72
m 59 15 0 263 72
m 59 18 0 263 72
m 59 52 0 263 72
m 59 92 0 263 72
m 59 99 0 263 72
m 59 137 0 263 72
m 59 153 0 263 72
m 59 168 0 263 72
b 59 1 263 72
m 59 15 1 263 72
m 59 18 1 263 72
m 59 52 1 263 72
m 59 92 1 263 72
m 59 99 1 263 72
m 59 137 1 263 72
m 59 153 1 263 72
m 59 168 1 263 72
b 59 2 263 72
m 59 15 2 263 72
m 59 18 2 263 72
m 59 52 2 263 72
m 59 92 2 263 72
m 59 99 2 263 72
m 59 137 2 263 72
m 59 153 2 263 72
m 59 168 2 263 72
b 59 3 263 72
m 59 153 3 13.666666666666666 197.66666666666666 0.4043360433604335
m 59 18 3 13.666666666666666 197.66666666666666 0.4043360433604335
m 59 92 3 13.666666666666666 197.66666666666666 0.4043360433604335
b 75 0 314 116
m 75 32 0 314 116
m 75 168 0 314 116
m 75 226 0 314 116
b 75 1 314 116
b 75 2 314 116
m 75 32 2 314 116
m 75 168 2 314 116
m 75 226 2 314 116
b 75 3 314 116
b 91 0 332 127
m 91 32 0 332 127
m 91 87 0 332 127
m 91 109 0 332 127
m 91 148 0 332 127
m 91 171 0 332 127
m 91 188 0 332 127
m 91 206 0 332 127
m 91 218 0 332 127
m 91 237 0 332 127
b 91 1 332 127
m 91 32 1 332 127
m 91 87 1 332 127
m 91 109 1 332 127
m 91 148 1 332 127
m 91 171 1 332 127
m 91 188 1 332 127
m 91 206 1 332 127
m 91 218 1 332 127
m 91 237 1 332 127
b 91 2 332 127
m 91 32 2 332 127
m 91 87 2 332 127
m 91 109 2 332 127
m 91 148 2 332 127
m 91 171 2 332 127
m 91 188 2 332 127
m 91 206 2 332 127
m 91 218 2 332 127
m 91 237 2 332 127
b 91 3 332 127
m 91 32 3 14.0 204.0 0.5523809523809522
m 91 148 3 14.0 204.0 0.5523809523809522
m 91 188 3 14.0 204.0 0.5523809523809522
m 91 87 3 14.0 204.0 0.5523809523809522
m 91 171 3 14.0 204.0 0.5523809523809522
m 91 206 3 14.0 204.0 0.5523809523809522
b 98 0 294 128
m 98 52 0 294 128
m 98 168 0 294 128
b 98 1 294 128
m 98 52 1 294 128
m 98 168 1 294 128
b 98 2 294 128
m 98 52 2 294 128
m 98 168 2 294 128
b 98 3 294 128
b 105 0 326 179
m 105 0 0 326 179
m 105 32 0 326 179
m 105 80 0 326 179
m 105 87 0 326 179
m 105 109 0 326 179
m 105 128 0 326 179
m 105 148 0 326 179
m 105 206 0 326 179
m 105 218 0 326 179
b 105 1 326 179
m 105 0 1 326 179
m 105 32 1 326 179
m 105 80 1 326 179
m 105 87 1 326 179
m 105 109 1 326 179
m 105 128 1 326 179
m 105 148 1 326 179
m 105 206 1 326 179
m 105 218 1 326 179
b 105 2 326 179
m 105 0 2 326 179
m 105 32 2 326 179
m 105 80 2 326 179
m 105 87 2 326 179
m 105 109 2 326 179
m 105 128 2 326 179
m 105 148 2 326 179
m 105 206 2 326 179
m 105 218 2 326 179
b 105 3 326 179
m 105 87 3 14.0 204.0 0.5523809523809522
m 105 80 3 14.0 204.0 0.5523809523809522
m 105 128 3 14.0 204.0 0.5523809523809522
m 105 206 3 14.0 204.0 0.5523809523809522
m 105 32 3 14.0 204.0 0.5523809523809522
b 119 0 353 133
m 119 32 0 353 133
m 119 87 0 353 133
m 119 109 0 353 133
m 119 148 0 353 133
m 119 171 0 353 133
m 119 188 0 353 133
m 119 206 0 353 133
m 119 218 0 353 133
m 119 226 0 353 133
m 119 232 0 353 133
m 119 235 0 353 133
m 119 237 0 353 133
b 119 1 353 133
m 119 32 1 353 133
m 119 87 1 353 133
m 119 109 1 353 133
m 119 148 1 353 133
m 119 171 1 353 133
m 119 188 1 353 133
m 119 206 1 353 133
m 119 218 1 353 133
m 119 226 1 353 133
m 119 232 1 353 133
m 119 235 1 353 133
m 119 237 1 353 133
b 119 2 353 133
b 119 3 353 133
m 119 32 3 16.0 256.0 1.0
m 119 87 3 16.0 256.0 1.0
m 119 109 3 16.0 256.0 1.0
m 119 148 3 16.0 256.0 1.0
m 119 171 3 16.0 256.0 1.0
m 119 188 3 16.0 256.0 1.0
m 119 206 3 16.0 256.0 1.0
m 119 218 3 16.0 256.0 1.0
m 119 226 3 16.0 256.0 1.0
m 119 232 3 16.0 256.0 1.0
m 119 235 3 16.0 256.0 1.0
m 119 237 3 16.0 256.0 1.0
b 120 0 298 175
m 120 0 0 298 175
m 120 42 0 298 175
m 120 63 0 298 175
m 120 111 0 298 175
m 120 146 0 298 175
m 120 183 0 298 175
m 120 218 0 298 175
m 120 219 0 298 175
m 120 224 0 298 175
b 120 1 298 175
m 120 0 1 298 175
m 120 42 1 298 175
m 120 63 1 298 175
m 120 111 1 298 175
m 120 146 1 298 175
m 120 183 1 298 175
m 120 218 1 298 175
m 120 219 1 298 175
m 120 224 1 298 175
b 120 2 298 175
b 120 3 298 175
m 120 63 3 14.0 204.0 0.5523809523809522
m 120 224 3 14.0 204.0 0.5523809523809522
m 120 183 3 14.0 204.0 0.5523809523809522
m 120 111 3 14.0 204.0 0.5523809523809522
m 120 219 3 14.0 204.0 0.5523809523809522
b 125 0 214 108
m 125 18 0 214 108
m 125 41 0 214 108
m 125 52 0 214 108
m 125 63 0 214 108
m 125 70 0 214 108
m 125 92 0 214 108
m 125 99 0 214 108
m 125 121 0 214 108
m 125 137 0 214 108
m 125 147 0 214 108
m 125 153 0 214 108
m 125 168 0 214 108
m 125 219 0 214 108
m 125 236 0 214 108
b 125 1 214 108
b 125 2 214 108
b 125 3 214 108
m 125 52 3 15.333333333333332 236.0 0.9035196687370599
m 125 219 3 15.333333333333332 236.0 0.9035196687370599
m 125 63 3 15.333333333333332 236.0 0.9035196687370599
m 125 147 3 15.333333333333332 236.0 0.9035196687370599
m 125 70 3 15.333333333333332 236.0 0.9035196687370599
m 125 41 3 15.333333333333332 236.0 0.9035196687370599
m 125 92 3 15.333333333333332 236.0 0.9035196687370599
m 125 18 3 15.333333333333332 236.0 0.9035196687370599
m 125 236 3 15.333333333333332 236.0 0.9035196687370599
m 125 137 3 15.333333333333332 236.0 0.9035196687370599
m 125 168 3 15.333333333333332 236.0 0.9035196687370599
m 125 121 3 15.333333333333332 236.0 0.9035196687370599
m 125 153 3 15.333333333333332 236.0 0.9035196687370599
b 154 0 239 132
m 154 52 0 239 132
m 154 63 0 239 132
m 154 92 0 239 132
m 154 99 0 239 132
m 154 121 0 239 132
m 154 137 0 239 132
m 154 153 0 239 132
m 154 168 0 239 132
m 154 219 0 239 132
b 154 1 239 132
m 154 52 1 239 132
m 154 63 1 239 132
m 154 92 1 239 132
m 154 99 1 239 132
m 154 121 1 239 132
m 154 137 1 239 132
m 154 153 1 239 132
m 154 168 1 239 132
m 154 219 1 239 132
b 154 2 239 132
m 154 52 2 239 132
m 154 63 2 239 132
m 154 92 2 239 132
m 154 99 2 239 132
m 154 121 2 239 132
m 154 137 2 239 132
m 154 153 2 239 132
m 154 168 2 239 132
m 154 219 2 239 132
b 154 3 239 132
m 154 153 3 14.0 204.0 0.5523809523809522
m 154 137 3 14.0 204.0 0.5523809523809522
m 154 219 3 14.0 204.0 0.5523809523809522
m 154 99 3 14.0 204.0 0.5523809523809522
m 154 63 3 14.0 204.0 0.5523809523809522
m 154 168 3 14.0 204.0 0.5523809523809522
b 161 0 275 123
m 161 52 0 275 123
m 161 92 0 275 123
m 161 99 0 275 123
m 161 121 0 275 123
m 161 137 0 275 123
m 161 168 0 275 123
b 161 1 275 123
m 161 52 1 275 123
m 161 92 1 275 123
m 161 99 1 275 123
m 161 121 1 275 123
m 161 137 1 275 123
m 161 168 1 275 123
b 161 2 275 123
b 161 3 275 123
b 179 0 252 98
m 179 15 0 252 98
m 179 18 0 252 98
m 179 52 0 252 98
m 179 92 0 252 98
m 179 99 0 252 98
m 179 121 0 252 98
m 179 137 0 252 98
m 179 153 0 252 98
m 179 168 0 252 98
b 179 1 252 98
m 179 15 1 252 98
m 179 18 1 252 98
m 179 52 1 252 98
m 179 92 1 252 98
m 179 99 1 252 98
m 179 121 1 252 98
m 179 137 1 252 98
m 179 153 1 252 98
m 179 168 1 252 98
b 179 2 252 98
b 179 3 252 98
m 179 15 3 14.0 204.0 0.5523809523809522
m 179 92 3 14.0 204.0 0.5523809523809522
m 179 18 3 14.0 204.0 0.5523809523809522
m 179 99 3 14.0 204.0 0.5523809523809522
m 179 121 3 14.0 204.0 0.5523809523809522
b 221 0 338 69
m 221 53 0 338 69
m 221 100 0 338 69
m 221 226 0 338 69
m 221 235 0 338 69
b 221 1 338 69
m 221 53 1 338 69
m 221 100 1 338 69
m 221 226 1 338 69
m 221 235 1 338 69
b 221 2 338 69
m 221 53 2 338 69
m 221 100 2 338 69
m 221 226 2 338 69
m 221 235 2 338 69
b 221 3 338 69
m 221 100 3 12.333333333333332 179.0 0.2
m 221 53 3 12.333333333333332 179.0 0.2
b 0 0 291 223
m 0 2 0 291 223
m 0 47 0 291 223
m 0 144 0 291 223
b 0 1 291 223
m 0 2 1 291 223
m 0 47 1 291 223
m 0 144 1 291 223
b 0 2 291 223
b 0 3 291 223
m 0 47 3 10.5 141.0 0.10182072829131653
b 15 0 235 62
m 15 54 0 235 62
b 15 1 235 62
m 15 54 1 235 62
m 15 70 1 235 62
b 15 2 235 62
m 15 54 2 235 62
m 15 70 2 235 62
b 15 3 235 62
m 15 54 3 10.75 153.25 1.0
b 18 0 183 34
m 18 24 0 183 34
m 18 29 0 183 34
m 18 54 0 183 34
m 18 174 0 183 34
b 18 1 183 34
m 18 24 1 183 34
m 18 29 1 183 34
m 18 54 1 183 34
m 18 70 1 183 34
m 18 174 1 183 34
b 18 2 183 34
m 18 24 2 183 34
m 18 29 2 183 34
m 18 54 2 183 34
m 18 70 2 183 34
m 18 174 2 183 34
b 18 3 183 34
m 18 54 3 11.25 152.25 0.25
m 18 29 3 11.25 152.25 0.25
b 21 0 223 211
m 21 12 0 223 211
m 21 50 0 223 211
m 21 65 0 223 211
m 21 88 0 223 211
m 21 107 0 223 211
m 21 115 0 223 211
m 21 172 0 223 211
m 21 180 0 223 211
m 21 211 0 223 211
b 21 1 223 211
m 21 12 1 223 211
m 21 50 1 223 211
m 21 65 1 223 211
m 21 88 1 223 211
m 21 107 1 223 211
m 21 115 1 223 211
m 21 172 1 223 211
m 21 180 1 223 211
m 21 211 1 223 211
b 21 2 223 211
m 21 12 2 223 211
m 21 50 2 223 211
m 21 65 2 223 211
m 21 88 2 223 211
m 21 107 2 223 211
m 21 115 2 223 211
m 21 172 2 223 211
m 21 180 2 223 211
m 21 211 2 223 211
b 21 3 223 211
m 21 12 3 14.25 209.25 0.5753671876267914
m 21 172 3 14.25 209.25 0.5753671876267914
m 21 88 3 14.25 209.25 0.5753671876267914
m 21 115 3 14.25 209.25 0.5753671876267914
m 21 211 3 14.25 209.25 0.5753671876267914
b 32 0 367 129
m 32 113 0 367 129
m 32 190 0 367 129
b 32 1 367 129
m 32 113 1 367 129
m 32 190 1 367 129
b 32 2 367 129
b 32 3 367 129
m 32 113 3 10.5 141.0 0.10182072829131653
b 41 0 149 142
m 41 3 0 149 142
m 41 51 0 149 142
m 41 69 0 149 142
m 41 84 0 149 142
m 41 133 0 149 142
m 41 152 0 149 142
m 41 165 0 149 142
m 41 204 0 149 142
m 41 227 0 149 142
m 41 230 0 149 142
b 41 1 149 142
m 41 3 1 149 142
m 41 51 1 149 142
m 41 69 1 149 142
m 41 84 1 149 142
m 41 133 1 149 142
m 41 152 1 149 142
m 41 165 1 149 142
m 41 204 1 149 142
m 41 227 1 149 142
m 41 230 1 149 142
b 41 2 149 142
b 41 3 149 142
m 41 133 3 15.25 233.25 0.9146566086133273
m 41 230 3 15.25 233.25 0.9146566086133273
m 41 152 3 15.25 233.25 0.9146566086133273
m 41 165 3 15.25 233.25 0.9146566086133273
m 41 51 3 15.25 233.25 0.9146566086133273
m 41 84 3 15.25 233.25 0.9146566086133273
m 41 3 3 15.25 233.25 0.9146566086133273
m 41 204 3 15.25 233.25 0.9146566086133273
m 41 227 3 15.25 233.25 0.9146566086133273
b 42 0 266 210
m 42 12 0 266 210
m 42 50 0 266 210
m 42 65 0 266 210
m 42 115 0 266 210
m 42 180 0 266 210
b 42 1 266 210
m 42 12 1 266 210
m 42 50 1 266 210
m 42 65 1 266 210
m 42 115 1 266 210
m 42 180 1 266 210
b 42 2 266 210
m 42 12 2 266 210
m 42 50 2 266 210
m 42 65 2 266 210
m 42 111 2 266 210
m 42 115 2 266 210
m 42 180 2 266 210
b 42 3 266 210
m 42 12 3 13.25 193.25 0.16666666666666666
m 42 115 3 13.25 193.25 0.16666666666666666
b 52 0 238 102
m 52 54 0 238 102
b 52 1 238 102
m 52 54 1 238 102
m 52 70 1 238 102
b 52 2 238 102
m 52 54 2 238 102
m 52 70 2 238 102
b 52 3 238 102
m 52 54 3 12.0 184.5 1.0
b 53 0 329 18
m 53 182 0 329 18
b 53 1 329 18
m 53 182 1 329 18
b 53 2 329 18
m 53 182 2 329 18
b 53 3 329 18
m 53 182 3 9.5 134.5 1.0
b 63 0 205 169
m 63 12 0 205 169
m 63 152 0 205 169
b 63 1 205 169
m 63 12 1 205 169
m 63 152 1 205 169
b 63 2 205 169
m 63 12 2 205 169
m 63 152 2 205 169
b 63 3 205 169
m 63 152 3 12.25 185.25 0.5
m 63 12 3 12.25 185.25 0.5
b 70 0 177 66
m 70 24 0 177 66
m 70 54 0 177 66
m 70 174 0 177 66
m 70 230 0 177 66
b 70 3 177 66
b 80 0 385 207
m 80 17 0 385 207
m 80 38 0 385 207
m 80 89 0 385 207
m 80 93 0 385 207
m 80 138 0 385 207
m 80 160 0 385 207
m 80 190 0 385 207
m 80 214 0 385 207
m 80 220 0 385 207
b 80 1 385 207
b 80 2 385 207
m 80 17 2 385 207
m 80 38 2 385 207
m 80 89 2 385 207
m 80 93 2 385 207
m 80 138 2 385 207
m 80 160 2 385 207
m 80 190 2 385 207
m 80 214 2 385 207
m 80 220 2 385 207
b 80 3 385 207
m 80 93 3 13.0 178.0 0.5881627144785039
m 80 190 3 13.0 178.0 0.5881627144785039
m 80 220 3 13.0 178.0 0.5881627144785039
m 80 89 3 13.0 178.0 0.5881627144785039
m 80 38 3 13.0 178.0 0.5881627144785039
m 80 17 3 13.0 178.0 0.5881627144785039
b 87 0 394 174
m 87 38 0 394 174
m 87 93 0 394 174
m 87 113 0 394 174
m 87 138 0 394 174
m 87 160 0 394 174
m 87 187 0 394 174
m 87 190 0 394 174
b 87 1 394 174
b 87 2 394 174
m 87 38 2 394 174
m 87 93 2 394 174
m 87 113 2 394 174
m 87 138 2 394 174
m 87 160 2 394 174
m 87 187 2 394 174
m 87 190 2 394 174
m 87 232 2 394 174
b 87 3 394 174
m 87 187 3 12.25 165.25 0.37853818219016916
m 87 93 3 12.25 165.25 0.37853818219016916
m 87 38 3 12.25 165.25 0.37853818219016916
b 92 0 215 134
m 92 54 0 215 134
b 92 1 215 134
m 92 54 1 215 134
m 92 70 1 215 134
b 92 2 215 134
b 92 3 215 134
m 92 54 3 10.5 148.5 1.0
b 99 0 217 72
m 99 54 0 217 72
m 99 174 0 217 72
b 99 1 217 72
m 99 54 1 217 72
m 99 70 1 217 72
m 99 174 1 217 72
b 99 2 217 72
m 99 54 2 217 72
m 99 70 2 217 72
m 99 174 2 217 72
b 99 3 217 72
m 99 54 3 11.0 154.0 0.5
m 99 174 3 11.0 154.0 0.5
b 100 0 353 63
m 100 182 0 353 63
m 100 209 0 353 63
m 100 231 0 353 63
b 100 1 353 63
m 100 182 1 353 63
m 100 209 1 353 63
m 100 231 1 353 63
b 100 2 353 63
m 100 182 2 353 63
m 100 209 2 353 63
m 100 231 2 353 63
b 100 3 353 63
m 100 182 3 10.0 136.5 0.08796666666666667
b 109 0 343 176
m 109 160 0 343 176
b 109 1 343 176
m 109 160 1 343 176
b 109 2 343 176
m 109 160 2 343 176
b 109 3 343 176
m 109 160 3 12.25 192.25 1.0
b 111 0 315 257
m 111 2 0 315 257
m 111 47 0 315 257
m 111 117 0 315 257
m 111 123 0 315 257
m 111 144 0 315 257
m 111 180 0 315 257
m 111 191 0 315 257
m 111 208 0 315 257
m 111 215 0 315 257
b 111 1 315 257
m 111 2 1 315 257
m 111 47 1 315 257
m 111 117 1 315 257
m 111 123 1 315 257
m 111 144 1 315 257
m 111 180 1 315 257
m 111 191 1 315 257
m 111 208 1 315 257
m 111 215 1 315 257
b 111 3 315 257
m 111 215 3 13.0 178.0 0.5881627144785039
m 111 191 3 13.0 178.0 0.5881627144785039
m 111 47 3 13.0 178.0 0.5881627144785039
m 111 2 3 13.0 178.0 0.5881627144785039
m 111 117 3 13.0 178.0 0.5881627144785039
m 111 208 3 13.0 178.0 0.5881627144785039
b 121 0 241 139
b 121 1 241 139
b 121 2 241 139
b 121 3 241 139
b 128 0 375 231
m 128 1 0 375 231
m 128 17 0 375 231
m 128 38 0 375 231
m 128 89 0 375 231
m 128 144 0 375 231
m 128 160 0 375 231
m 128 212 0 375 231
m 128 214 0 375 231
m 128 215 0 375 231
m 128 220 0 375 231
b 128 1 375 231
m 128 1 1 375 231
m 128 17 1 375 231
m 128 38 1 375 231
m 128 89 1 375 231
m 128 144 1 375 231
m 128 160 1 375 231
m 128 212 1 375 231
m 128 214 1 375 231
m 128 215 1 375 231
m 128 220 1 375 231
b 128 2 375 231
b 128 3 375 231
m 128 38 3 13.5 189.0 0.6638262322472847
m 128 89 3 13.5 189.0 0.6638262322472847
m 128 220 3 13.5 189.0 0.6638262322472847
m 128 212 3 13.5 189.0 0.6638262322472847
m 128 144 3 13.5 189.0 0.6638262322472847
m 128 215 3 13.5 189.0 0.6638262322472847
b 137 0 242 76
m 137 54 0 242 76
b 137 1 242 76
m 137 54 1 242 76
m 137 70 1 242 76
b 137 2 242 76
b 137 3 242 76
m 137 54 3 11.75 177.25 1.0
b 146 0 273 211
m 146 47 0 273 211
m 146 180 0 273 211
b 146 1 273 211
m 146 47 1 273 211
m 146 180 1 273 211
b 146 2 273 211
b 146 3 273 211
m 146 47 3 13.0 190.5 0.2
b 147 0 176 184
m 147 3 0 176 184
m 147 51 0 176 184
m 147 69 0 176 184
m 147 84 0 176 184
m 147 133 0 176 184
m 147 152 0 176 184
m 147 165 0 176 184
m 147 204 0 176 184
m 147 227 0 176 184
b 147 1 176 184
m 147 3 1 176 184
m 147 51 1 176 184
m 147 69 1 176 184
m 147 84 1 176 184
m 147 133 1 176 184
m 147 152 1 176 184
m 147 165 1 176 184
m 147 204 1 176 184
m 147 227 1 176 184
b 147 2 176 184
m 147 3 2 176 184
m 147 51 2 176 184
m 147 69 2 176 184
m 147 84 2 176 184
m 147 133 2 176 184
m 147 152 2 176 184
m 147 165 2 176 184
m 147 204 2 176 184
m 147 227 2 176 184
b 147 3 176 184
m 147 69 3 14.5 214.5 0.6872146131963034
m 147 84 3 14.5 214.5 0.6872146131963034
m 147 51 3 14.5 214.5 0.6872146131963034
m 147 133 3 14.5 214.5 0.6872146131963034
m 147 3 3 14.5 214.5 0.6872146131963034
m 147 152 3 14.5 214.5 0.6872146131963034
m 147 204 3 14.5 214.5 0.6872146131963034
b 148 0 426 166
m 148 31 0 426 166
m 148 38 0 426 166
m 148 93 0 426 166
m 148 113 0 426 166
m 148 138 0 426 166
m 148 160 0 426 166
m 148 187 0 426 166
m 148 190 0 426 166
b 148 1 426 166
m 148 31 1 426 166
m 148 38 1 426 166
m 148 93 1 426 166
m 148 113 1 426 166
m 148 138 1 426 166
m 148 160 1 426 166
m 148 187 1 426 166
m 148 190 1 426 166
b 148 2 426 166
m 148 31 2 426 166
m 148 38 2 426 166
m 148 93 2 426 166
m 148 113 2 426 166
m 148 138 2 426 166
m 148 160 2 426 166
m 148 187 2 426 166
m 148 190 2 426 166
m 148 232 2 426 166
b 148 3 426 166
m 148 93 3 12.75 173.25 0.5354693924353365
m 148 138 3 12.75 173.25 0.5354693924353365
m 148 113 3 12.75 173.25 0.5354693924353365
m 148 160 3 12.75 173.25 0.5354693924353365
b 153 0 188 102
m 153 54 0 188 102
m 153 84 0 188 102
m 153 174 0 188 102
m 153 230 0 188 102
b 153 1 188 102
m 153 54 1 188 102
m 153 70 1 188 102
m 153 84 1 188 102
m 153 174 1 188 102
m 153 230 1 188 102
b 153 2 188 102
b 153 3 188 102
m 153 54 3 11.5 154.5 0.13647296888847907
b 168 0 255 116
b 168 1 255 116
b 168 2 255 116
b 168 3 255 116
b 171 0 394 117
m 171 93 0 394 117
m 171 113 0 394 117
m 171 138 0 394 117
m 171 169 0 394 117
m 171 187 0 394 117
m 171 190 0 394 117
b 171 1 394 117
m 171 93 1 394 117
m 171 113 1 394 117
m 171 138 1 394 117
m 171 169 1 394 117
m 171 187 1 394 117
m 171 190 1 394 117
b 171 2 394 117
b 171 3 394 117
m 171 113 3 12.25 165.25 0.37853818219016916
m 171 93 3 12.25 165.25 0.37853818219016916
m 171 138 3 12.25 165.25 0.37853818219016916
b 183 0 252 250
m 183 2 0 252 250
m 183 12 0 252 250
m 183 50 0 252 250
m 183 65 0 252 250
m 183 115 0 252 250
m 183 172 0 252 250
m 183 180 0 252 250
m 183 208 0 252 250
m 183 211 0 252 250
b 183 1 252 250
m 183 2 1 252 250
m 183 12 1 252 250
m 183 50 1 252 250
m 183 65 1 252 250
m 183 115 1 252 250
m 183 172 1 252 250
m 183 180 1 252 250
m 183 208 1 252 250
m 183 211 1 252 250
b 183 2 252 250
m 183 2 2 252 250
m 183 12 2 252 250
m 183 50 2 252 250
m 183 65 2 252 250
m 183 111 2 252 250
m 183 115 2 252 250
m 183 172 2 252 250
m 183 180 2 252 250
m 183 208 2 252 250
m 183 211 2 252 250
b 183 3 252 250
m 183 2 3 14.75 220.25 0.7779619205903717
m 183 50 3 14.75 220.25 0.7779619205903717
m 183 172 3 14.75 220.25 0.7779619205903717
m 183 65 3 14.75 220.25 0.7779619205903717
m 183 115 3 14.75 220.25 0.7779619205903717
m 183 208 3 14.75 220.25 0.7779619205903717
m 183 211 3 14.75 220.25 0.7779619205903717
b 188 0 420 121
m 188 93 0 420 121
m 188 113 0 420 121
m 188 138 0 420 121
m 188 169 0 420 121
m 188 187 0 420 121
m 188 190 0 420 121
m 188 231 0 420 121
b 188 1 420 121
b 188 2 420 121
m 188 93 2 420 121
m 188 113 2 420 121
m 188 138 2 420 121
m 188 169 2 420 121
m 188 187 2 420 121
m 188 190 2 420 121
m 188 231 2 420 121
m 188 232 2 420 121
b 188 3 420 121
m 188 169 3 12.25 165.25 0.37853818219016916
m 188 113 3 12.25 165.25 0.37853818219016916
m 188 93 3 12.25 165.25 0.37853818219016916
b 206 0 375 180
m 206 113 0 375 180
m 206 160 0 375 180
m 206 190 0 375 180
m 206 214 0 375 180
b 206 1 375 180
m 206 113 1 375 180
m 206 160 1 375 180
m 206 190 1 375 180
m 206 214 1 375 180
b 206 2 375 180
b 206 3 375 180
m 206 113 3 12.5 169.0 0.4677794486215537
m 206 214 3 12.5 169.0 0.4677794486215537
b 218 0 327 197
m 218 144 0 327 197
b 218 1 327 197
m 218 144 1 327 197
b 218 2 327 197
b 218 3 327 197
m 218 144 3 9.5 133.0 0.02439024390243899
b 219 0 239 206
m 219 12 0 239 206
m 219 65 0 239 206
b 219 1 239 206
m 219 12 1 239 206
m 219 65 1 239 206
b 219 2 239 206
b 219 3 239 206
m 219 12 3 13.0 190.5 0.2
b 224 0 240 236
m 224 12 0 240 236
m 224 50 0 240 236
m 224 65 0 240 236
m 224 88 0 240 236
m 224 115 0 240 236
m 224 172 0 240 236
m 224 180 0 240 236
m 224 208 0 240 236
m 224 211 0 240 236
b 224 1 240 236
m 224 12 1 240 236
m 224 50 1 240 236
m 224 65 1 240 236
m 224 88 1 240 236
m 224 115 1 240 236
m 224 172 1 240 236
m 224 180 1 240 236
m 224 208 1 240 236
m 224 211 1 240 236
b 224 2 240 236
m 224 12 2 240 236
m 224 50 2 240 236
m 224 65 2 240 236
m 224 88 2 240 236
m 224 111 2 240 236
m 224 115 2 240 236
m 224 172 2 240 236
m 224 180 2 240 236
m 224 208 2 240 236
m 224 211 2 240 236
b 224 3 240 236
m 224 12 3 14.0 204.5 0.43521063682950817
m 224 172 3 14.0 204.5 0.43521063682950817
m 224 88 3 14.0 204.5 0.43521063682950817
m 224 208 3 14.0 204.5 0.43521063682950817
b 226 0 326 78
m 226 182 0 326 78
b 226 1 326 78
m 226 182 1 326 78
b 226 2 326 78
m 226 182 2 326 78
b 226 3 326 78
m 226 182 3 12.25 192.25 1.0
b 232 0 408 115
m 232 93 0 408 115
m 232 113 0 408 115
m 232 138 0 408 115
m 232 169 0 408 115
m 232 187 0 408 115
m 232 190 0 408 115
m 232 231 0 408 115
b 232 1 408 115
m 232 93 1 408 115
m 232 113 1 408 115
m 232 138 1 408 115
m 232 169 1 408 115
m 232 187 1 408 115
m 232 190 1 408 115
m 232 231 1 408 115
b 232 3 408 115
m 232 113 3 13.75 204.25 0.14285714285714285
b 235 0 389 46
m 235 169 0 389 46
m 235 182 0 389 46
m 235 209 0 389 46
m 235 231 0 389 46
b 235 1 389 46
m 235 169 1 389 46
m 235 182 1 389 46
m 235 209 1 389 46
m 235 231 1 389 46
b 235 2 389 46
b 235 3 389 46
m 235 169 3 13.5 201.0 0.16666666666666666
b 236 0 184 142
m 236 3 0 184 142
m 236 51 0 184 142
m 236 69 0 184 142
m 236 84 0 184 142
m 236 152 0 184 142
m 236 165 0 184 142
m 236 204 0 184 142
m 236 227 0 184 142
b 236 1 184 142
b 236 2 184 142
m 236 3 2 184 142
m 236 51 2 184 142
m 236 69 2 184 142
m 236 84 2 184 142
m 236 152 2 184 142
m 236 165 2 184 142
m 236 204 2 184 142
m 236 227 2 184 142
b 236 3 184 142
m 236 84 3 13.75 200.25 0.2559170801446472
m 236 69 3 13.75 200.25 0.2559170801446472
m 236 152 3 13.75 200.25 0.2559170801446472
b 237 0 396 113
m 237 93 0 396 113
m 237 113 0 396 113
m 237 138 0 396 113
m 237 169 0 396 113
m 237 187 0 396 113
m 237 190 0 396 113
m 237 231 0 396 113
b 237 1 396 113
m 237 93 1 396 113
m 237 113 1 396 113
m 237 138 1 396 113
m 237 169 1 396 113
m 237 187 1 396 113
m 237 190 1 396 113
m 237 231 1 396 113
b 237 2 396 113
b 237 3 396 113
m 237 113 3 13.75 204.25 0.14285714285714285
b 1 0 428 297
m 1 114 0 428 297
b 1 1 428 297
b 2 0 276 306
m 2 77 0 276 306
m 2 139 0 276 306
m 2 210 0 276 306
b 2 1 276 306
b 2 2 276 306
b 2 3 276 306
m 2 139 3 11.8 152.20000000000002 0.38865605742119047
m 2 123 3 11.8 152.20000000000002 0.38865605742119047
b 3 0 108 125
m 3 30 0 108 125
m 3 73 0 108 125
m 3 83 0 108 125
m 3 184 0 108 125
m 3 195 0 108 125
m 3 225 0 108 125
m 3 239 0 108 125
b 3 1 108 125
m 3 30 1 108 125
m 3 73 1 108 125
m 3 83 1 108 125
m 3 184 1 108 125
m 3 195 1 108 125
m 3 225 1 108 125
m 3 239 1 108 125
b 3 2 108 125
m 3 30 2 108 125
m 3 73 2 108 125
m 3 83 2 108 125
m 3 184 2 108 125
m 3 195 2 108 125
m 3 225 2 108 125
m 3 230 2 108 125
m 3 239 2 108 125
b 3 3 108 125
m 3 30 3 13.799999999999999 199.4 0.32337081801659834
m 3 83 3 13.799999999999999 199.4 0.32337081801659834
b 12 0 238 247
m 12 139 0 238 247
b 12 1 238 247
b 12 2 238 247
b 12 3 238 247
m 12 107 3 12.0 169.20000000000002 0.3333333333333333
b 17 0 389 272
m 17 114 0 389 272
b 17 1 389 272
m 17 114 1 389 272
b 17 2 389 272
m 17 114 2 389 272
b 17 3 389 272
m 17 114 3 13.0 178.0 -1.0
b 24 0 106 25
m 24 30 0 106 25
m 24 62 0 106 25
m 24 129 0 106 25
m 24 142 0 106 25
b 24 1 106 25
m 24 30 1 106 25
m 24 62 1 106 25
m 24 129 1 106 25
m 24 142 1 106 25
b 24 2 106 25
m 24 30 2 106 25
m 24 62 2 106 25
m 24 129 2 106 25
m 24 142 2 106 25
m 24 230 2 106 25
b 29 0 134 20
m 29 62 0 134 20
m 29 129 0 134 20
b 29 1 134 20
m 29 62 1 134 20
m 29 129 1 134 20
b 29 2 134 20
m 29 62 2 134 20
m 29 129 2 134 20
b 29 3 134 20
m 29 24 3 9.6 123.6 0.18417553191489366
b 31 0 491 179
m 31 114 0 491 179
b 31 1 491 179
m 31 114 1 491 179
b 31 2 491 179
b 38 0 418 216
m 38 114 0 418 216
b 38 1 418 216
m 38 114 1 418 216
b 38 2 418 216
b 38 3 418 216
m 38 114 3 13.0 178.0 -1.0
b 47 0 281 259
m 47 139 0 281 259
b 47 1 281 259
b 47 3 281 259
m 47 123 3 9.0 114.6 0.07547477739499377
b 50 0 239 283
m 50 77 0 239 283
m 50 139 0 239 283
m 50 140 0 239 283
m 50 155 0 239 283
b 50 1 239 283
m 50 77 1 239 283
m 50 139 1 239 283
m 50 140 1 239 283
m 50 155 1 239 283
b 50 2 239 283
m 50 77 2 239 283
m 50 139 2 239 283
m 50 140 2 239 283
m 50 155 2 239 283
m 50 191 2 239 283
b 50 3 239 283
m 50 139 3 13.0 183.39999999999998 0.092079939843038
b 51 0 139 168
m 51 68 0 139 168
m 51 73 0 139 168
m 51 83 0 139 168
m 51 184 0 139 168
m 51 195 0 139 168
m 51 239 0 139 168
b 51 1 139 168
m 51 68 1 139 168
m 51 73 1 139 168
m 51 83 1 139 168
m 51 184 1 139 168
m 51 195 1 139 168
m 51 239 1 139 168
b 51 2 139 168
b 51 3 139 168
m 51 68 3 13.6 196.4 0.10927258863020775
b 54 0 198 71
b 54 1 198 71
b 54 2 198 71
b 54 3 198 71
b 65 0 207 269
m 65 106 0 207 269
m 65 139 0 207 269
m 65 140 0 207 269
b 65 1 207 269
m 65 106 1 207 269
m 65 139 1 207 269
m 65 140 1 207 269
b 65 2 207 269
b 65 3 207 269
m 65 107 3 13.0 183.39999999999998 0.092079939843038
b 69 0 117 211
m 69 68 0 117 211
m 69 83 0 117 211
m 69 102 0 117 211
m 69 157 0 117 211
m 69 177 0 117 211
m 69 184 0 117 211
m 69 195 0 117 211
b 69 1 117 211
m 69 68 1 117 211
m 69 83 1 117 211
m 69 102 1 117 211
m 69 157 1 117 211
m 69 177 1 117 211
m 69 184 1 117 211
m 69 195 1 117 211
b 69 2 117 211
m 69 68 2 117 211
m 69 83 2 117 211
m 69 102 2 117 211
m 69 157 2 117 211
m 69 177 2 117 211
m 69 184 2 117 211
m 69 195 2 117 211
b 69 3 117 211
m 69 68 3 13.0 181.4 0.3602288380667787
m 69 195 3 13.0 181.4 0.3602288380667787
m 69 102 3 13.0 181.4 0.3602288380667787
b 70 1 185 57
b 70 2 185 57
b 84 0 160 158
m 84 68 0 160 158
m 84 73 0 160 158
m 84 83 0 160 158
m 84 184 0 160 158
m 84 195 0 160 158
m 84 239 0 160 158
b 84 1 160 158
b 84 2 160 158
b 84 3 160 158
m 84 68 3 13.399999999999999 193.79999999999998 0.16666666666666666
m 84 73 3 13.399999999999999 193.79999999999998 0.16666666666666666
b 88 0 179 283
m 88 28 0 179 283
m 88 82 0 179 283
m 88 106 0 179 283
m 88 155 0 179 283
m 88 199 0 179 283
b 88 1 179 283
b 88 2 179 283
m 88 28 2 179 283
m 88 82 2 179 283
m 88 106 2 179 283
m 88 155 2 179 283
m 88 199 2 179 283
b 88 3 179 283
m 88 199 3 13.0 180.20000000000002 0.4747630432813968
m 88 155 3 13.0 180.20000000000002 0.4747630432813968
m 88 82 3 13.0 180.20000000000002 0.4747630432813968
b 89 0 411 258
m 89 114 0 411 258
b 89 1 411 258
m 89 114 1 411 258
b 89 2 411 258
b 89 3 411 258
m 89 114 3 13.0 178.0 -1.0
b 93 0 429 150
m 93 189 0 429 150
m 93 205 0 429 150
b 93 1 429 150
m 93 189 1 429 150
m 93 205 1 429 150
b 93 2 429 150
b 93 3 429 150
m 93 189 3 11.0 144.20000000000002 0.3333333333333333
b 107 0 184 257
m 107 28 0 184 257
m 107 68 0 184 257
m 107 82 0 184 257
m 107 106 0 184 257
b 107 1 184 257
m 107 28 1 184 257
m 107 68 1 184 257
m 107 82 1 184 257
m 107 106 1 184 257
b 107 2 184 257
m 107 28 2 184 257
m 107 68 2 184 257
m 107 82 2 184 257
m 107 106 2 184 257
b 111 2 325 263
b 113 0 404 92
b 113 1 404 92
b 113 2 404 92
b 113 3 404 92
m 113 231 3 8.6 113.0 1.0
b 115 0 201 287
m 115 28 0 201 287
m 115 46 0 201 287
m 115 77 0 201 287
m 115 106 0 201 287
m 115 139 0 201 287
m 115 140 0 201 287
m 115 155 0 201 287
b 115 1 201 287
m 115 28 1 201 287
m 115 46 1 201 287
m 115 77 1 201 287
m 115 106 1 201 287
m 115 139 1 201 287
m 115 140 1 201 287
m 115 155 1 201 287
b 115 2 201 287
b 115 3 201 287
m 115 106 3 13.200000000000001 183.6 0.5476494210122919
m 115 77 3 13.200000000000001 183.6 0.5476494210122919
m 115 46 3 13.200000000000001 183.6 0.5476494210122919
m 115 107 3 13.200000000000001 183.6 0.5476494210122919
m 115 28 3 13.200000000000001 183.6 0.5476494210122919
b 117 0 313 304
m 117 6 0 313 304
m 117 77 0 313 304
m 117 95 0 313 304
m 117 134 0 313 304
m 117 139 0 313 304
m 117 210 0 313 304
b 117 1 313 304
m 117 6 1 313 304
m 117 77 1 313 304
m 117 95 1 313 304
m 117 134 1 313 304
m 117 139 1 313 304
m 117 210 1 313 304
b 117 3 313 304
m 117 134 3 12.0 155.20000000000002 0.485085713506766
m 117 95 3 12.0 155.20000000000002 0.485085713506766
m 117 6 3 12.0 155.20000000000002 0.485085713506766
b 123 0 355 281
m 123 95 0 355 281
m 123 104 0 355 281
m 123 163 0 355 281
m 123 194 0 355 281
m 123 210 0 355 281
m 123 233 0 355 281
b 123 1 355 281
m 123 95 1 355 281
m 123 104 1 355 281
m 123 163 1 355 281
m 123 194 1 355 281
m 123 210 1 355 281
m 123 233 1 355 281
b 133 0 140 194
m 133 68 0 140 194
m 133 83 0 140 194
m 133 157 0 140 194
m 133 177 0 140 194
m 133 184 0 140 194
m 133 195 0 140 194
b 133 1 140 194
m 133 68 1 140 194
m 133 83 1 140 194
m 133 157 1 140 194
m 133 177 1 140 194
m 133 184 1 140 194
m 133 195 1 140 194
b 133 2 140 194
b 133 3 140 194
m 133 68 3 13.6 196.4 0.10927258863020775
b 138 0 443 119
m 138 189 0 443 119
m 138 193 0 443 119
m 138 205 0 443 119
b 138 1 443 119
b 138 2 443 119
m 138 189 2 443 119
m 138 193 2 443 119
m 138 205 2 443 119
b 138 3 443 119
m 138 31 3 11.2 143.6 0.16580605986724345
b 144 0 330 235
b 144 1 330 235
b 144 3 330 235
m 144 123 3 11.0 151.39999999999998 1.0
b 152 0 145 199
m 152 68 0 145 199
m 152 83 0 145 199
m 152 177 0 145 199
m 152 184 0 145 199
b 152 1 145 199
m 152 68 1 145 199
m 152 83 1 145 199
m 152 177 1 145 199
m 152 184 1 145 199
b 152 2 145 199
b 152 3 145 199
m 152 68 3 13.2 191.6 0.2
m 152 83 3 13.2 191.6 0.2
b 160 0 393 224
m 160 114 0 393 224
b 160 1 393 224
m 160 114 1 393 224
b 160 2 393 224
b 160 3 393 224
m 160 114 3 12.25 192.25 -1.0
b 165 0 96 124
m 165 30 0 96 124
m 165 73 0 96 124
m 165 83 0 96 124
m 165 184 0 96 124
m 165 195 0 96 124
m 165 225 0 96 124
m 165 238 0 96 124
m 165 239 0 96 124
b 165 1 96 124
m 165 30 1 96 124
m 165 73 1 96 124
m 165 83 1 96 124
m 165 184 1 96 124
m 165 195 1 96 124
m 165 225 1 96 124
m 165 238 1 96 124
m 165 239 1 96 124
b 165 2 96 124
b 165 3 96 124
m 165 30 3 13.799999999999999 199.4 0.32337081801659834
m 165 184 3 13.799999999999999 199.4 0.32337081801659834
m 165 238 3 13.799999999999999 199.4 0.32337081801659834
b 169 0 410 82
b 169 1 410 82
b 169 2 410 82
b 169 3 410 82
b 172 0 188 304
m 172 28 0 188 304
m 172 35 0 188 304
m 172 46 0 188 304
m 172 77 0 188 304
m 172 106 0 188 304
m 172 139 0 188 304
m 172 140 0 188 304
m 172 143 0 188 304
m 172 155 0 188 304
m 172 207 0 188 304
b 172 1 188 304
m 172 28 1 188 304
m 172 35 1 188 304
m 172 46 1 188 304
m 172 77 1 188 304
m 172 106 1 188 304
m 172 139 1 188 304
m 172 140 1 188 304
m 172 143 1 188 304
m 172 155 1 188 304
m 172 207 1 188 304
b 172 2 188 304
m 172 28 2 188 304
m 172 35 2 188 304
m 172 46 2 188 304
m 172 77 2 188 304
m 172 106 2 188 304
m 172 139 2 188 304
m 172 140 2 188 304
m 172 143 2 188 304
m 172 155 2 188 304
m 172 207 2 188 304
b 172 3 188 304
m 172 180 3 14.0 201.2 0.7182605770813572
m 172 35 3 14.0 201.2 0.7182605770813572
m 172 143 3 14.0 201.2 0.7182605770813572
m 172 77 3 14.0 201.2 0.7182605770813572
m 172 139 3 14.0 201.2 0.7182605770813572
m 172 155 3 14.0 201.2 0.7182605770813572
m 172 107 3 14.0 201.2 0.7182605770813572
m 172 106 3 14.0 201.2 0.7182605770813572
m 172 207 3 14.0 201.2 0.7182605770813572
b 174 0 168 38
m 174 62 0 168 38
m 174 129 0 168 38
b 174 1 168 38
m 174 62 1 168 38
m 174 129 1 168 38
b 174 2 168 38
m 174 62 2 168 38
m 174 129 2 168 38
m 174 230 2 168 38
b 174 3 168 38
m 174 62 3 9.600000000000001 126.4 0.766025641025641
m 174 129 3 9.600000000000001 126.4 0.766025641025641
m 174 24 3 9.600000000000001 126.4 0.766025641025641
b 180 0 263 257
m 180 77 0 263 257
m 180 139 0 263 257
b 180 1 263 257
m 180 77 1 263 257
m 180 139 1 263 257
b 180 2 263 257
m 180 47 2 263 257
m 180 77 2 263 257
m 180 139 2 263 257
m 180 191 2 263 257
b 182 0 400 8
m 182 181 0 400 8
m 182 216 0 400 8
b 182 1 400 8
b 182 2 400 8
m 182 181 2 400 8
m 182 216 2 400 8
b 182 3 400 8
m 182 181 3 8.4 110.8 1.0
m 182 209 3 8.4 110.8 1.0
m 182 216 3 8.4 110.8 1.0
m 182 231 3 8.4 110.8 1.0
b 187 0 446 144
m 187 189 0 446 144
m 187 193 0 446 144
m 187 205 0 446 144
b 187 1 446 144
m 187 189 1 446 144
m 187 193 1 446 144
m 187 205 1 446 144
b 187 2 446 144
b 187 3 446 144
m 187 193 3 10.8 137.2 0.2604775203809671
b 190 0 448 189
m 190 114 0 448 189
b 190 1 448 189
b 190 2 448 189
m 190 114 2 448 189
b 190 3 448 189
m 190 114 3 13.0 178.0 -1.0
b 191 0 289 292
m 191 6 0 289 292
m 191 77 0 289 292
m 191 134 0 289 292
m 191 139 0 289 292
m 191 210 0 289 292
b 191 1 289 292
m 191 6 1 289 292
m 191 77 1 289 292
m 191 134 1 289 292
m 191 139 1 289 292
m 191 210 1 289 292
b 191 3 289 292
m 191 134 3 11.8 152.20000000000002 0.38865605742119047
m 191 139 3 11.8 152.20000000000002 0.38865605742119047
m 191 77 3 11.8 152.20000000000002 0.38865605742119047
b 204 0 142 169
m 204 68 0 142 169
m 204 73 0 142 169
m 204 83 0 142 169
m 204 184 0 142 169
m 204 195 0 142 169
b 204 1 142 169
m 204 68 1 142 169
m 204 73 1 142 169
m 204 83 1 142 169
m 204 184 1 142 169
m 204 195 1 142 169
b 204 2 142 169
m 204 68 2 142 169
m 204 73 2 142 169
m 204 83 2 142 169
m 204 184 2 142 169
m 204 195 2 142 169
b 204 3 142 169
m 204 68 3 13.399999999999999 193.79999999999998 0.16666666666666666
m 204 73 3 13.399999999999999 193.79999999999998 0.16666666666666666
b 208 0 264 301
m 208 77 0 264 301
m 208 139 0 264 301
m 208 140 0 264 301
b 208 1 264 301
m 208 77 1 264 301
m 208 139 1 264 301
m 208 140 1 264 301
b 208 2 264 301
m 208 47 2 264 301
m 208 77 2 264 301
m 208 117 2 264 301
m 208 139 2 264 301
m 208 140 2 264 301
m 208 191 2 264 301
b 208 3 264 301
m 208 139 3 11.200000000000001 145.6 0.25
m 208 77 3 11.200000000000001 145.6 0.25
b 209 0 376 5
m 209 181 0 376 5
m 209 216 0 376 5
b 209 1 376 5
m 209 181 1 376 5
m 209 216 1 376 5
b 209 2 376 5
m 209 181 2 376 5
m 209 216 2 376 5
b 211 0 233 280
m 211 77 0 233 280
m 211 139 0 233 280
m 211 140 0 233 280
b 211 1 233 280
m 211 77 1 233 280
m 211 139 1 233 280
m 211 140 1 233 280
b 211 2 233 280
b 211 3 233 280
m 211 77 3 12.8 177.20000000000002 0.379264188409899
m 211 139 3 12.8 177.20000000000002 0.379264188409899
b 212 0 391 272
m 212 114 0 391 272
b 212 1 391 272
b 212 3 391 272
m 212 114 3 13.5 189.0 -1.0
b 214 0 378 258
m 214 104 0 378 258
m 214 114 0 378 258
m 214 194 0 378 258
b 214 1 378 258
m 214 104 1 378 258
m 214 114 1 378 258
m 214 194 1 378 258
b 214 2 378 258
b 214 3 378 258
m 214 1 3 11.8 151.39999999999998 0.5426537690109522
m 214 104 3 11.8 151.39999999999998 0.5426537690109522
b 215 0 383 262
m 215 114 0 383 262
b 215 1 383 262
b 215 3 383 262
m 215 114 3 13.0 178.0 -1.0
b 220 0 429 252
m 220 114 0 429 252
b 220 1 429 252
m 220 114 1 429 252
b 220 2 429 252
b 220 3 429 252
m 220 114 3 13.0 178.0 -1.0
b 227 0 147 156
m 227 68 0 147 156
m 227 73 0 147 156
m 227 83 0 147 156
m 227 184 0 147 156
m 227 195 0 147 156
b 227 1 147 156
m 227 68 1 147 156
m 227 73 1 147 156
m 227 83 1 147 156
m 227 184 1 147 156
m 227 195 1 147 156
b 227 2 147 156
b 227 3 147 156
m 227 68 3 13.399999999999999 193.79999999999998 0.16666666666666666
m 227 73 3 13.399999999999999 193.79999999999998 0.16666666666666666
b 230 0 106 97
m 230 30 0 106 97
m 230 73 0 106 97
m 230 129 0 106 97
m 230 195 0 106 97
m 230 225 0 106 97
m 230 239 0 106 97
b 230 1 106 97
m 230 30 1 106 97
m 230 73 1 106 97
m 230 129 1 106 97
m 230 195 1 106 97
m 230 225 1 106 97
m 230 239 1 106 97
b 230 3 106 97
m 230 129 3 13.799999999999999 199.4 0.32337081801659834
m 230 195 3 13.799999999999999 199.4 0.32337081801659834
b 231 0 436 82
m 231 74 0 436 82
m 231 94 0 436 82
m 231 193 0 436 82
m 231 196 0 436 82
m 231 216 0 436 82
b 231 1 436 82
m 231 74 1 436 82
m 231 94 1 436 82
m 231 193 1 436 82
m 231 196 1 436 82
m 231 216 1 436 82
b 231 2 436 82
m 231 74 2 436 82
m 231 94 2 436 82
m 231 193 2 436 82
m 231 196 2 436 82
m 231 216 2 436 82
b 232 2 406 127
b 1 3 431 308
m 1 185 3 11.5 142.83333333333331 0.6138538374701941
m 1 233 3 11.5 142.83333333333331 0.6138538374701941
m 1 166 3 11.5 142.83333333333331 0.6138538374701941
m 1 67 3 11.5 142.83333333333331 0.6138538374701941
m 1 136 3 11.5 142.83333333333331 0.6138538374701941
m 1 118 3 11.5 142.83333333333331 0.6138538374701941
m 1 86 3 11.5 142.83333333333331 0.6138538374701941
b 6 0 284 376
m 6 36 0 284 376
m 6 43 0 284 376
m 6 85 0 284 376
m 6 141 0 284 376
m 6 158 0 284 376
b 6 1 284 376
m 6 36 1 284 376
m 6 43 1 284 376
m 6 85 1 284 376
m 6 141 1 284 376
m 6 158 1 284 376
b 6 3 284 376
m 6 36 3 11.0 135.33333333333334 0.3575525980376603
m 6 43 3 11.0 135.33333333333334 0.3575525980376603
m 6 158 3 11.0 135.33333333333334 0.3575525980376603
b 24 3 97 16
b 28 0 142 304
m 28 11 0 142 304
m 28 22 0 142 304
m 28 132 0 142 304
m 28 198 0 142 304
m 28 201 0 142 304
b 28 1 142 304
m 28 11 1 142 304
m 28 22 1 142 304
m 28 132 1 142 304
m 28 198 1 142 304
m 28 199 1 142 304
m 28 201 1 142 304
b 28 2 142 304
b 28 3 142 304
m 28 132 3 12.166666666666666 161.16666666666666 0.4273147779674476
m 28 22 3 12.166666666666666 161.16666666666666 0.4273147779674476
b 30 0 88 54
m 30 156 0 88 54
m 30 164 0 88 54
m 30 178 0 88 54
b 30 1 88 54
m 30 156 1 88 54
m 30 164 1 88 54
m 30 178 1 88 54
b 30 2 88 54
m 30 156 2 88 54
m 30 164 2 88 54
m 30 178 2 88 54
b 30 3 88 54
m 30 142 3 12.833333333333334 176.83333333333331 0.33948143311034973
m 30 239 3 12.833333333333334 176.83333333333331 0.33948143311034973
m 30 156 3 12.833333333333334 176.83333333333331 0.33948143311034973
b 31 3 494 174
m 31 114 3 11.2 143.6 -1.0
b 35 0 170 374
m 35 11 0 170 374
m 35 76 0 170 374
m 35 79 0 170 374
m 35 96 0 170 374
m 35 132 0 170 374
m 35 197 0 170 374
m 35 198 0 170 374
m 35 201 0 170 374
m 35 234 0 170 374
b 35 1 170 374
m 35 11 1 170 374
m 35 76 1 170 374
m 35 79 1 170 374
m 35 96 1 170 374
m 35 132 1 170 374
m 35 197 1 170 374
m 35 198 1 170 374
m 35 201 1 170 374
m 35 234 1 170 374
b 35 2 170 374
m 35 11 2 170 374
m 35 76 2 170 374
m 35 79 2 170 374
m 35 96 2 170 374
m 35 132 2 170 374
m 35 197 2 170 374
m 35 198 2 170 374
m 35 201 2 170 374
m 35 234 2 170 374
b 35 3 170 374
m 35 140 3 13.5 187.83333333333331 0.6167331591836495
m 35 201 3 13.5 187.83333333333331 0.6167331591836495
m 35 132 3 13.5 187.83333333333331 0.6167331591836495
m 35 197 3 13.5 187.83333333333331 0.6167331591836495
m 35 76 3 13.5 187.83333333333331 0.6167331591836495
m 35 234 3 13.5 187.83333333333331 0.6167331591836495
b 46 0 173 340
m 46 11 0 173 340
m 46 76 0 173 340
m 46 79 0 173 340
m 46 96 0 173 340
m 46 198 0 173 340
m 46 201 0 173 340
m 46 234 0 173 340
b 46 1 173 340
b 46 2 173 340
b 46 3 173 340
m 46 201 3 12.333333333333334 163.66666666666666 0.5096819102388378
m 46 234 3 12.333333333333334 163.66666666666666 0.5096819102388378
m 46 140 3 12.333333333333334 163.66666666666666 0.5096819102388378
m 46 79 3 12.333333333333334 163.66666666666666 0.5096819102388378
m 46 76 3 12.333333333333334 163.66666666666666 0.5096819102388378
b 47 2 270 256
b 62 0 115 5
m 62 34 0 115 5
b 62 1 115 5
m 62 34 1 115 5
b 62 2 115 5
b 62 3 115 5
m 62 34 3 8.333333333333336 106.0 0.05624517035475988
b 68 0 148 194
b 68 1 148 194
b 68 2 148 194
b 68 3 148 194
m 68 157 3 11.666666666666668 164.33333333333331 0.5
m 68 177 3 11.666666666666668 164.33333333333331 0.5
b 73 0 82 116
m 73 156 0 82 116
b 73 1 82 116
m 73 156 1 82 116
b 73 2 82 116
m 73 156 2 82 116
m 73 238 2 82 116
b 73 3 82 116
m 73 156 3 11.666666666666666 162.99999999999997 0.01216344630978779
b 74 0 496 54
m 74 81 0 496 54
b 74 1 496 54
m 74 81 1 496 54
b 74 2 496 54
b 77 0 236 347
m 77 36 0 236 347
m 77 76 0 236 347
b 77 1 236 347
m 77 36 1 236 347
m 77 76 1 236 347
b 77 2 236 347
m 77 6 2 236 347
m 77 36 2 236 347
m 77 76 2 236 347
m 77 210 2 236 347
b 77 3 236 347
m 77 76 3 11.666666666666666 155.66666666666666 0.25
m 77 36 3 11.666666666666666 155.66666666666666 0.25
b 82 0 121 277
m 82 22 0 121 277
m 82 33 0 121 277
m 82 130 0 121 277
m 82 132 0 121 277
m 82 176 0 121 277
m 82 201 0 121 277
b 82 1 121 277
m 82 22 1 121 277
m 82 33 1 121 277
m 82 130 1 121 277
m 82 132 1 121 277
m 82 176 1 121 277
m 82 199 1 121 277
m 82 201 1 121 277
b 82 2 121 277
m 82 22 2 121 277
m 82 33 2 121 277
m 82 130 2 121 277
m 82 132 2 121 277
m 82 176 2 121 277
m 82 201 2 121 277
b 82 3 121 277
m 82 132 3 11.833333333333334 156.16666666666669 0.3492068443337614
m 82 22 3 11.833333333333334 156.16666666666669 0.3492068443337614
m 82 176 3 11.833333333333334 156.16666666666669 0.3492068443337614
b 83 0 95 131
m 83 23 0 95 131
b 83 1 95 131
m 83 23 1 95 131
b 83 2 95 131
b 83 3 95 131
m 83 225 3 12.166666666666666 168.83333333333331 0.02753310814713838
b 94 0 473 85
m 94 81 0 473 85
b 94 1 473 85
m 94 81 1 473 85
b 94 2 473 85
m 94 81 2 473 85
b 95 0 343 315
m 95 7 0 343 315
m 95 43 0 343 315
m 95 136 0 343 315
b 95 1 343 315
b 95 3 343 315
m 95 163 3 11.166666666666666 137.5 0.44458630592414145
m 95 43 3 11.166666666666666 137.5 0.44458630592414145
m 95 194 3 11.166666666666666 137.5 0.44458630592414145
m 95 210 3 11.166666666666666 137.5 0.44458630592414145
b 102 0 35 229
m 102 4 0 35 229
m 102 23 0 35 229
m 102 26 0 35 229
m 102 33 0 35 229
m 102 37 0 35 229
m 102 71 0 35 229
m 102 72 0 35 229
m 102 108 0 35 229
m 102 151 0 35 229
m 102 176 0 35 229
m 102 223 0 35 229
b 102 1 35 229
m 102 4 1 35 229
m 102 23 1 35 229
m 102 26 1 35 229
m 102 33 1 35 229
m 102 37 1 35 229
m 102 71 1 35 229
m 102 72 1 35 229
m 102 108 1 35 229
m 102 151 1 35 229
m 102 176 1 35 229
m 102 223 1 35 229
b 102 2 35 229
b 102 3 35 229
m 102 4 3 13.166666666666668 183.83333333333331 0.5402295314078832
m 102 33 3 13.166666666666668 183.83333333333331 0.5402295314078832
m 102 23 3 13.166666666666668 183.83333333333331 0.5402295314078832
m 102 176 3 13.166666666666668 183.83333333333331 0.5402295314078832
m 102 157 3 13.166666666666668 183.83333333333331 0.5402295314078832
m 102 72 3 13.166666666666668 183.83333333333331 0.5402295314078832
m 102 37 3 13.166666666666668 183.83333333333331 0.5402295314078832
b 104 0 397 261
m 104 44 0 397 261
m 104 124 0 397 261
m 104 166 0 397 261
m 104 185 0 397 261
b 104 1 397 261
m 104 44 1 397 261
m 104 124 1 397 261
m 104 166 1 397 261
m 104 185 1 397 261
b 104 3 397 261
m 104 166 3 10.833333333333334 132.16666666666663 0.31470808838915987
m 104 124 3 10.833333333333334 132.16666666666663 0.31470808838915987
b 106 0 137 327
m 106 11 0 137 327
m 106 22 0 137 327
m 106 79 0 137 327
m 106 96 0 137 327
m 106 132 0 137 327
m 106 198 0 137 327
m 106 201 0 137 327
b 106 1 137 327
b 106 2 137 327
m 106 11 2 137 327
m 106 22 2 137 327
m 106 79 2 137 327
m 106 96 2 137 327
m 106 132 2 137 327
m 106 198 2 137 327
m 106 201 2 137 327
b 106 3 137 327
m 106 22 3 12.666666666666666 169.66666666666666 0.6220530145156482
m 106 11 3 12.666666666666666 169.66666666666666 0.6220530145156482
m 106 96 3 12.666666666666666 169.66666666666666 0.6220530145156482
m 106 140 3 12.666666666666666 169.66666666666666 0.6220530145156482
m 106 132 3 12.666666666666666 169.66666666666666 0.6220530145156482
m 106 198 3 12.666666666666666 169.66666666666666 0.6220530145156482
b 107 3 194 262
m 107 140 3 10.166666666666666 141.16666666666669 1.0
b 117 2 323 309
b 123 3 363 272
m 123 210 3 10.666666666666668 131.00000000000003 0.26141202964742405
m 123 194 3 10.666666666666668 131.00000000000003 0.26141202964742405
b 129 0 144 40
b 129 1 144 40
b 129 2 144 40
b 129 3 144 40
b 134 0 330 382
m 134 7 0 330 382
m 134 36 0 330 382
m 134 43 0 330 382
m 134 56 0 330 382
m 134 85 0 330 382
m 134 126 0 330 382
m 134 141 0 330 382
b 134 1 330 382
m 134 7 1 330 382
m 134 36 1 330 382
m 134 43 1 330 382
m 134 56 1 330 382
m 134 85 1 330 382
m 134 126 1 330 382
m 134 141 1 330 382
b 134 3 330 382
m 134 126 3 11.666666666666666 146.0 0.595730164360903
m 134 56 3 11.666666666666666 146.0 0.595730164360903
m 134 36 3 11.666666666666666 146.0 0.595730164360903
m 134 43 3 11.666666666666666 146.0 0.595730164360903
m 134 7 3 11.666666666666666 146.0 0.595730164360903
b 139 0 243 280
b 139 1 243 280
b 139 2 243 280
b 139 3 243 280
m 139 140 3 10.0 127.00000000000003 1.0
b 140 0 216 306
m 140 76 0 216 306
b 140 1 216 306
b 140 2 216 306
m 140 76 2 216 306
b 142 0 52 59
m 142 34 0 52 59
m 142 49 0 52 59
m 142 156 0 52 59
m 142 164 0 52 59
m 142 178 0 52 59
b 142 1 52 59
b 142 2 52 59
m 142 34 2 52 59
m 142 49 2 52 59
m 142 156 2 52 59
m 142 164 2 52 59
m 142 178 2 52 59
b 143 0 130 338
m 143 11 0 130 338
m 143 22 0 130 338
m 143 57 0 130 338
m 143 66 0 130 338
m 143 79 0 130 338
m 143 96 0 130 338
m 143 132 0 130 338
m 143 198 0 130 338
m 143 201 0 130 338
b 143 1 130 338
m 143 11 1 130 338
m 143 22 1 130 338
m 143 57 1 130 338
m 143 66 1 130 338
m 143 79 1 130 338
m 143 96 1 130 338
m 143 132 1 130 338
m 143 198 1 130 338
m 143 199 1 130 338
m 143 201 1 130 338
b 143 2 130 338
b 143 3 130 338
m 143 79 3 13.666666666666666 191.66666666666666 0.6786005248915667
m 143 66 3 13.666666666666666 191.66666666666666 0.6786005248915667
m 143 22 3 13.666666666666666 191.66666666666666 0.6786005248915667
m 143 11 3 13.666666666666666 191.66666666666666 0.6786005248915667
m 143 96 3 13.666666666666666 191.66666666666666 0.6786005248915667
m 143 132 3 13.666666666666666 191.66666666666666 0.6786005248915667
m 143 198 3 13.666666666666666 191.66666666666666 0.6786005248915667
b 155 0 206 364
m 155 11 0 206 364
m 155 76 0 206 364
m 155 79 0 206 364
m 155 96 0 206 364
m 155 198 0 206 364
m 155 234 0 206 364
b 155 1 206 364
m 155 11 1 206 364
m 155 76 1 206 364
m 155 79 1 206 364
m 155 96 1 206 364
m 155 198 1 206 364
m 155 234 1 206 364
b 155 2 206 364
m 155 11 2 206 364
m 155 76 2 206 364
m 155 79 2 206 364
m 155 96 2 206 364
m 155 198 2 206 364
m 155 234 2 206 364
b 155 3 206 364
m 155 76 3 12.0 158.33333333333334 0.4350822709618725
m 155 11 3 12.0 158.33333333333334 0.4350822709618725
m 155 79 3 12.0 158.33333333333334 0.4350822709618725
m 155 96 3 12.0 158.33333333333334 0.4350822709618725
b 157 0 79 211
m 157 4 0 79 211
m 157 23 0 79 211
m 157 26 0 79 211
m 157 37 0 79 211
m 157 71 0 79 211
m 157 108 0 79 211
b 157 1 79 211
m 157 4 1 79 211
m 157 23 1 79 211
m 157 26 1 79 211
m 157 37 1 79 211
m 157 71 1 79 211
m 157 108 1 79 211
b 157 2 79 211
b 163 0 368 364
m 163 7 0 368 364
m 163 43 0 368 364
m 163 118 0 368 364
m 163 136 0 368 364
m 163 203 0 368 364
b 163 1 368 364
b 177 0 72 241
m 177 4 0 72 241
m 177 26 0 72 241
m 177 33 0 72 241
m 177 37 0 72 241
m 177 71 0 72 241
m 177 72 0 72 241
m 177 108 0 72 241
m 177 130 0 72 241
m 177 176 0 72 241
b 177 1 72 241
b 177 2 72 241
m 177 4 2 72 241
m 177 26 2 72 241
m 177 33 2 72 241
m 177 37 2 72 241
m 177 71 2 72 241
m 177 72 2 72 241
m 177 108 2 72 241
m 177 130 2 72 241
m 177 176 2 72 241
b 180 3 273 250
b 181 0 427 24
b 181 1 427 24
b 181 2 427 24
b 181 3 427 24
m 181 196 3 7.333333333333333 93.0 0.08345170454545414
b 184 0 109 171
b 184 1 109 171
b 184 2 109 171
m 184 238 2 109 171
b 184 3 109 171
m 184 157 3 12.166666666666666 168.83333333333331 0.02753310814713838
b 189 0 472 85
m 189 81 0 472 85
b 189 1 472 85
m 189 81 1 472 85
b 189 2 472 85
m 189 81 2 472 85
b 189 3 472 85
m 189 81 3 9.833333333333332 122.83333333333336 0.4294167048404336
m 189 74 3 9.833333333333332 122.83333333333336 0.4294167048404336
b 191 2 287 280
m 191 123 2 287 280
m 191 144 2 287 280
m 191 210 2 287 280
b 193 0 483 78
m 193 81 0 483 78
b 193 1 483 78
m 193 81 1 483 78
b 193 2 483 78
b 193 3 483 78
m 193 81 3 9.666666666666666 117.0 0.212057239284396
b 194 0 389 291
m 194 44 0 389 291
m 194 124 0 389 291
m 194 136 0 389 291
b 194 1 389 291
m 194 44 1 389 291
m 194 124 1 389 291
m 194 136 1 389 291
b 195 0 81 122
m 195 23 0 81 122
m 195 131 0 81 122
b 195 1 81 122
m 195 23 1 81 122
m 195 131 1 81 122
b 195 2 81 122
m 195 23 2 81 122
m 195 131 2 81 122
m 195 238 2 81 122
b 195 3 81 122
m 195 225 3 11.5 153.83333333333331 0.11813866511937374
b 196 0 454 9
b 196 1 454 9
b 196 2 454 9
b 199 0 88 305
m 199 11 0 88 305
m 199 22 0 88 305
m 199 33 0 88 305
m 199 57 0 88 305
m 199 130 0 88 305
m 199 132 0 88 305
m 199 176 0 88 305
m 199 201 0 88 305
b 199 2 88 305
m 199 11 2 88 305
m 199 22 2 88 305
m 199 33 2 88 305
m 199 57 2 88 305
m 199 130 2 88 305
m 199 132 2 88 305
m 199 176 2 88 305
m 199 201 2 88 305
b 199 3 88 305
m 199 33 3 12.5 166.83333333333334 0.5849201844880596
m 199 22 3 12.5 166.83333333333334 0.5849201844880596
m 199 130 3 12.5 166.83333333333334 0.5849201844880596
m 199 11 3 12.5 166.83333333333334 0.5849201844880596
m 199 132 3 12.5 166.83333333333334 0.5849201844880596
b 205 0 488 143
b 205 1 488 143
b 205 2 488 143
b 207 0 190 334
m 207 11 0 190 334
m 207 76 0 190 334
m 207 79 0 190 334
m 207 96 0 190 334
m 207 198 0 190 334
m 207 234 0 190 334
b 207 1 190 334
m 207 11 1 190 334
m 207 76 1 190 334
m 207 79 1 190 334
m 207 96 1 190 334
m 207 198 1 190 334
m 207 234 1 190 334
b 207 2 190 334
m 207 11 2 190 334
m 207 76 2 190 334
m 207 79 2 190 334
m 207 96 2 190 334
m 207 198 2 190 334
m 207 234 2 190 334
b 207 3 190 334
m 207 79 3 12.833333333333332 175.83333333333331 0.16945974654083965
m 207 76 3 12.833333333333332 175.83333333333331 0.16945974654083965
b 209 3 364 6
b 210 0 305 319
m 210 36 0 305 319
b 210 1 305 319
m 210 36 1 305 319
b 216 0 432 17
b 216 1 432 17
b 216 2 432 17
b 216 3 432 17
m 216 196 3 7.333333333333333 93.0 0.08345170454545414
b 225 0 56 89
m 225 49 0 56 89
m 225 131 0 56 89
m 225 156 0 56 89
m 225 164 0 56 89
m 225 173 0 56 89
m 225 178 0 56 89
b 225 1 56 89
m 225 49 1 56 89
m 225 131 1 56 89
m 225 156 1 56 89
m 225 164 1 56 89
m 225 173 1 56 89
m 225 178 1 56 89
b 225 2 56 89
b 230 2 94 96
m 230 238 2 94 96
b 231 3 443 91
m 231 74 3 7.666666666666667 95.66666666666667 1.0
m 231 94 3 7.666666666666667 95.66666666666667 1.0
b 233 0 369 334
m 233 7 0 369 334
m 233 43 0 369 334
m 233 44 0 369 334
m 233 118 0 369 334
m 233 124 0 369 334
m 233 136 0 369 334
m 233 203 0 369 334
b 233 1 369 334
m 233 7 1 369 334
m 233 43 1 369 334
m 233 44 1 369 334
m 233 118 1 369 334
m 233 124 1 369 334
m 233 136 1 369 334
m 233 203 1 369 334
b 238 0 61 145
m 238 23 0 61 145
m 238 37 0 61 145
m 238 131 0 61 145
m 238 173 0 61 145
b 238 1 61 145
m 238 23 1 61 145
m 238 37 1 61 145
m 238 131 1 61 145
m 238 173 1 61 145
b 238 3 61 145
m 238 23 3 12.666666666666666 174.33333333333331 0.2960285032575465
m 238 173 3 12.666666666666666 174.33333333333331 0.2960285032575465
b 239 0 113 124
b 239 1 113 124
b 239 2 113 124
m 239 238 2 113 124
b 4 0 11 243
m 4 90 0 11 243
b 4 1 11 243
m 4 90 1 11 243
b 4 2 11 243
m 4 90 2 11 243
m 4 151 2 11 243
m 4 223 2 11 243
b 4 3 11 243
m 4 26 3 12.142857142857144 162.71428571428572 0.16666666666666666
m 4 90 3 12.142857142857144 162.71428571428572 0.16666666666666666
b 6 2 275 384
b 7 0 363 385
m 7 60 0 363 385
m 7 97 0 363 385
m 7 127 0 363 385
m 7 222 0 363 385
b 7 1 363 385
m 7 60 1 363 385
m 7 97 1 363 385
m 7 127 1 363 385
m 7 222 1 363 385
b 7 3 363 385
m 7 85 3 11.0 132.14285714285714 0.37746919182959227
m 7 222 3 11.0 132.14285714285714 0.37746919182959227
b 11 0 157 372
b 11 1 157 372
b 11 2 157 372
m 11 66 2 157 372
b 11 3 157 372
m 11 57 3 11.142857142857144 146.0 0.5
b 22 0 118 369
m 22 175 0 118 369
m 22 229 0 118 369
b 22 1 118 369
b 22 2 118 369
b 22 3 118 369
m 22 229 3 10.857142857142858 139.42857142857142 0.3333333333333333
b 23 0 44 143
b 23 1 44 143
b 23 2 44 143
m 23 173 2 44 143
m 23 223 2 44 143
b 23 3 44 143
m 23 131 3 11.714285714285715 158.85714285714286 0.3333333333333333
b 26 0 33 276
m 26 90 0 33 276
b 26 1 33 276
b 26 2 33 276
b 33 0 66 318
m 33 90 0 66 318
b 33 1 66 318
m 33 90 1 66 318
b 33 2 66 318
m 33 90 2 66 318
b 33 3 66 318
m 33 90 3 11.714285714285715 158.85714285714286 0.3333333333333333
b 34 0 44 2
b 34 1 44 2
b 34 2 44 2
b 34 3 44 2
m 34 164 3 7.571428571428574 92.14285714285715 0.076753825318941
b 36 0 289 369
b 36 1 289 369
b 36 2 289 369
b 36 3 289 369
b 37 0 40 178
b 37 1 40 178
b 37 2 40 178
m 37 223 2 40 178
b 37 3 40 178
m 37 108 3 11.857142857142858 159.85714285714286 0.25
b 43 0 349 405
m 43 61 0 349 405
m 43 127 0 349 405
m 43 222 0 349 405
b 43 1 349 405
m 43 61 1 349 405
m 43 127 1 349 405
m 43 222 1 349 405
b 43 3 349 405
m 43 85 3 10.571428571428571 125.14285714285714 0.4579774410304493
m 43 127 3 10.571428571428571 125.14285714285714 0.4579774410304493
b 44 0 409 313
m 44 86 0 409 313
m 44 170 0 409 313
b 44 1 409 313
m 44 86 1 409 313
m 44 170 1 409 313
b 49 0 40 77
b 49 1 40 77
b 49 2 40 77
b 56 0 335 431
m 56 10 0 335 431
m 56 14 0 335 431
m 56 39 0 335 431
m 56 61 0 335 431
m 56 127 0 335 431
m 56 186 0 335 431
m 56 222 0 335 431
b 56 1 335 431
m 56 10 1 335 431
m 56 14 1 335 431
m 56 39 1 335 431
m 56 61 1 335 431
m 56 127 1 335 431
m 56 186 1 335 431
m 56 222 1 335 431
b 56 3 335 431
m 56 61 3 11.571428571428571 142.42857142857142 0.6595598775764804
m 56 203 3 11.571428571428571 142.42857142857142 0.6595598775764804
m 56 186 3 11.571428571428571 142.42857142857142 0.6595598775764804
m 56 85 3 11.571428571428571 142.42857142857142 0.6595598775764804
m 56 14 3 11.571428571428571 142.42857142857142 0.6595598775764804
m 56 127 3 11.571428571428571 142.42857142857142 0.6595598775764804
m 56 10 3 11.571428571428571 142.42857142857142 0.6595598775764804
m 56 141 3 11.571428571428571 142.42857142857142 0.6595598775764804
b 57 0 68 356
m 57 8 0 68 356
m 57 175 0 68 356
m 57 229 0 68 356
b 57 1 68 356
m 57 8 1 68 356
m 57 175 1 68 356
m 57 229 1 68 356
b 57 2 68 356
m 57 8 2 68 356
m 57 66 2 68 356
m 57 175 2 68 356
m 57 229 2 68 356
b 66 0 106 375
m 66 8 0 106 375
m 66 25 0 106 375
m 66 175 0 106 375
m 66 229 0 106 375
b 66 1 106 375
m 66 8 1 106 375
m 66 25 1 106 375
m 66 175 1 106 375
m 66 229 1 106 375
b 66 3 106 375
m 66 57 3 12.428571428571427 167.85714285714286 0.2
m 66 8 3 12.428571428571427 167.85714285714286 0.2
b 67 3 496 311
b 71 0 0 245
m 71 90 0 0 245
b 71 1 0 245
m 71 90 1 0 245
b 71 2 0 245
m 71 90 2 0 245
m 71 151 2 0 245
m 71 223 2 0 245
b 72 0 50 272
m 72 90 0 50 272
b 72 1 50 272
b 72 2 50 272
m 72 90 2 50 272
m 72 151 2 50 272
b 72 3 50 272
m 72 26 3 12.142857142857144 162.71428571428572 0.16666666666666666
m 72 108 3 12.142857142857144 162.71428571428572 0.16666666666666666
b 74 3 492 61
b 76 0 216 371
b 76 1 216 371
b 76 2 216 371
b 76 3 216 371
b 79 0 175 383
b 79 1 175 383
b 79 2 175 383
b 79 3 175 383
b 81 0 489 103
b 81 1 489 103
b 81 2 489 103
b 81 3 489 103
m 81 205 3 8.57142857142857 105.42857142857144 1.0
b 85 0 357 404
m 85 14 0 357 404
m 85 61 0 357 404
m 85 127 0 357 404
m 85 222 0 357 404
b 85 1 357 404
m 85 14 1 357 404
m 85 61 1 357 404
m 85 127 1 357 404
m 85 222 1 357 404
b 86 3 480 323
m 86 170 3 10.142857142857144 122.99999999999999 0.5
m 86 44 3 10.142857142857144 122.99999999999999 0.5
b 94 3 461 86
m 94 205 3 6.714285714285714 82.14285714285714 1.0
b 96 0 154 364
b 96 1 154 364
b 96 2 154 364
m 96 66 2 154 364
b 96 3 154 364
b 108 0 0 229
m 108 90 0 0 229
b 108 1 0 229
m 108 90 1 0 229
b 108 2 0 229
b 118 0 437 345
m 118 45 0 437 345
m 118 60 0 437 345
m 118 86 0 437 345
m 118 97 0 437 345
m 118 170 0 437 345
b 118 1 437 345
b 118 3 437 345
m 118 45 3 10.857142857142858 129.42857142857142 0.3891087361613814
m 118 60 3 10.857142857142858 129.42857142857142 0.3891087361613814
b 123 2 371 263
m 123 95 2 371 263
m 123 104 2 371 263
m 123 194 2 371 263
m 123 212 2 371 263
m 123 215 2 371 263
m 123 233 2 371 263
b 124 0 443 291
m 124 67 0 443 291
m 124 86 0 443 291
b 124 1 443 291
m 124 67 1 443 291
m 124 86 1 443 291
b 124 3 443 291
m 124 44 3 9.571428571428573 113.85714285714282 0.5
b 126 0 358 433
m 126 10 0 358 433
m 126 14 0 358 433
m 126 39 0 358 433
m 126 61 0 358 433
m 126 127 0 358 433
m 126 186 0 358 433
m 126 222 0 358 433
b 126 1 358 433
b 126 3 358 433
m 126 203 3 11.714285714285714 145.71428571428572 0.6982634391343511
m 126 141 3 11.714285714285714 145.71428571428572 0.6982634391343511
m 126 39 3 11.714285714285714 145.71428571428572 0.6982634391343511
m 126 61 3 11.714285714285714 145.71428571428572 0.6982634391343511
m 126 10 3 11.714285714285714 145.71428571428572 0.6982634391343511
m 126 85 3 11.714285714285714 145.71428571428572 0.6982634391343511
m 126 14 3 11.714285714285714 145.71428571428572 0.6982634391343511
m 126 127 3 11.714285714285714 145.71428571428572 0.6982634391343511
b 130 0 59 320
m 130 90 0 59 320
b 130 1 59 320
m 130 90 1 59 320
b 130 2 59 320
m 130 66 2 59 320
m 130 90 2 59 320
b 130 3 59 320
m 130 90 3 11.142857142857142 144.28571428571428 0.3333333333333333
b 131 0 8 105
b 131 1 8 105
b 131 2 8 105
b 132 0 107 329
m 132 175 0 107 329
m 132 229 0 107 329
b 132 1 107 329
b 132 2 107 329
b 132 3 107 329
m 132 57 3 10.857142857142858 139.42857142857142 0.3333333333333333
b 136 0 377 335
m 136 60 0 377 335
m 136 97 0 377 335
b 136 1 377 335
m 136 60 1 377 335
m 136 97 1 377 335
b 136 3 377 335
m 136 44 3 10.571428571428571 125.99999999999999 0.053898539714765395
b 140 3 222 296
b 141 0 297 446
m 141 14 0 297 446
m 141 39 0 297 446
m 141 122 0 297 446
b 141 1 297 446
m 141 14 1 297 446
m 141 39 1 297 446
m 141 122 1 297 446
b 142 3 59 69
m 142 49 3 11.571428571428571 153.85714285714286 0.025657886091748766
b 144 2 319 214
b 151 0 12 232
m 151 90 0 12 232
b 151 1 12 232
b 156 0 63 80
b 156 1 63 80
b 156 2 63 80
m 156 173 2 63 80
b 156 3 63 80
m 156 49 3 11.571428571428571 153.85714285714286 0.025657886091748766
b 157 3 90 213
b 158 0 288 452
m 158 14 0 288 452
m 158 39 0 288 452
m 158 122 0 288 452
b 158 1 288 452
m 158 14 1 288 452
m 158 39 1 288 452
m 158 122 1 288 452
b 158 3 288 452
m 158 122 3 10.142857142857142 119.57142857142857 0.3055648310171636
b 163 3 369 376
m 163 85 3 10.285714285714285 121.42857142857143 0.2946932052292102
b 164 0 33 23
b 164 1 33 23
b 164 2 33 23
b 166 0 484 258
m 166 114 0 484 258
b 166 1 484 258
m 166 114 1 484 258
b 166 3 484 258
m 166 114 3 11.5 142.83333333333331 -1.0
b 173 0 10 118
b 173 1 10 118
b 173 3 10 118
m 173 178 3 11.285714285714286 150.7142857142857 0.3333333333333333
b 176 0 71 306
m 176 90 0 71 306
b 176 1 71 306
m 176 90 1 71 306
b 176 2 71 306
m 176 90 2 71 306
b 176 3 71 306
m 176 26 3 10.571428571428571 135.14285714285714 0.02367134591763717
b 177 3 69 252
m 177 26 3 10.857142857142858 145.99999999999997 0.8414636482034782
m 177 108 3 10.857142857142858 145.99999999999997 0.8414636482034782
m 177 71 3 10.857142857142858 145.99999999999997 0.8414636482034782
m 177 151 3 10.857142857142858 145.99999999999997 0.8414636482034782
m 177 90 3 10.857142857142858 145.99999999999997 0.8414636482034782
b 178 0 8 54
b 178 1 8 54
b 178 2 8 54
m 178 173 2 8 54
b 185 0 421 235
m 185 114 0 421 235
b 185 1 421 235
m 185 114 1 421 235
b 185 3 421 235
m 185 114 3 11.5 142.83333333333331 -1.0
b 194 3 378 286
m 194 44 3 9.714285714285714 118.0 1.0
b 196 3 450 21
b 197 0 151 426
m 197 58 0 151 426
m 197 64 0 151 426
m 197 78 0 151 426
m 197 103 0 151 426
m 197 112 0 151 426
m 197 116 0 151 426
m 197 150 0 151 426
m 197 159 0 151 426
b 197 1 151 426
m 197 58 1 151 426
m 197 64 1 151 426
m 197 78 1 151 426
m 197 103 1 151 426
m 197 112 1 151 426
m 197 116 1 151 426
m 197 150 1 151 426
m 197 159 1 151 426
b 197 2 151 426
m 197 58 2 151 426
m 197 64 2 151 426
m 197 78 2 151 426
m 197 103 2 151 426
m 197 112 2 151 426
m 197 116 2 151 426
m 197 150 2 151 426
m 197 159 2 151 426
b 197 3 151 426
m 197 116 3 12.714285714285714 170.14285714285714 0.420364523668446
m 197 159 3 12.714285714285714 170.14285714285714 0.420364523668446
m 197 103 3 12.714285714285714 170.14285714285714 0.420364523668446
m 197 64 3 12.714285714285714 170.14285714285714 0.420364523668446
b 198 0 158 351
b 198 1 158 351
b 198 2 158 351
m 198 66 2 158 351
b 198 3 158 351
m 198 57 3 11.0 145.57142857142856 1.0
b 199 1 76 306
b 201 0 94 330
m 201 229 0 94 330
b 201 1 94 330
m 201 229 1 94 330
b 201 2 94 330
b 201 3 94 330
m 201 57 3 12.0 162.28571428571428 0.3333333333333333
b 203 0 394 378
m 203 55 0 394 378
m 203 60 0 394 378
m 203 97 0 394 378
m 203 127 0 394 378
m 203 222 0 394 378
b 203 1 394 378
m 203 55 1 394 378
m 203 60 1 394 378
m 203 97 1 394 378
m 203 127 1 394 378
m 203 222 1 394 378
b 210 2 297 310
b 210 3 297 310
b 223 0 19 223
b 223 1 19 223
b 225 3 45 85
m 225 49 3 11.0 146.99999999999997 0.02863017203075744
b 233 3 357 337
m 233 203 3 10.142857142857144 122.99999999999999 0.5
m 233 44 3 10.142857142857144 122.99999999999999 0.5
b 234 0 197 385
b 234 1 197 385
b 234 2 197 385
b 234 3 197 385
b 238 2 72 147
b 239 3 122 132
b 8 0 55 378
m 8 19 0 55 378
m 8 162 0 55 378
b 8 1 55 378
m 8 19 1 55 378
m 8 162 1 55 378
b 8 2 55 378
m 8 19 2 55 378
m 8 25 2 55 378
m 8 162 2 55 378
b 8 3 55 378
m 8 19 3 11.374999999999998 148.875 0.15835286037491925
b 10 0 360 496
m 10 145 0 360 496
b 10 1 360 496
b 10 3 360 496
m 10 145 3 10.25 124.74999999999999 1.0
b 14 0 269 435
b 14 1 269 435
b 14 3 269 435
b 25 0 41 420
m 25 19 0 41 420
m 25 149 0 41 420
m 25 162 0 41 420
m 25 167 0 41 420
m 25 192 0 41 420
m 25 200 0 41 420
m 25 217 0 41 420
b 25 1 41 420
m 25 19 1 41 420
m 25 149 1 41 420
m 25 162 1 41 420
m 25 167 1 41 420
m 25 192 1 41 420
m 25 200 1 41 420
m 25 217 1 41 420
b 26 3 34 288
b 39 0 319 466
b 39 1 319 466
b 39 3 319 466
b 44 3 399 319
b 45 0 457 420
m 45 5 0 457 420
m 45 48 0 457 420
m 45 135 0 457 420
m 45 145 0 457 420
b 45 3 457 420
m 45 48 3 10.5 121.24999999999999 0.4493893365526476
m 45 5 3 10.5 121.24999999999999 0.4493893365526476
m 45 55 3 10.5 121.24999999999999 0.4493893365526476
b 49 3 48 85
b 55 0 399 422
m 55 5 0 399 422
m 55 48 0 399 422
m 55 145 0 399 422
b 55 1 399 422
m 55 5 1 399 422
m 55 45 1 399 422
m 55 48 1 399 422
m 55 145 1 399 422
b 57 3 60 346
m 57 175 3 10.000000000000002 128.25 0.5114671610169492
b 58 0 187 498
m 58 9 0 187 498
m 58 16 0 187 498
m 58 101 0 187 498
b 58 1 187 498
b 58 2 187 498
m 58 9 2 187 498
m 58 16 2 187 498
m 58 101 2 187 498
m 58 122 2 187 498
b 60 0 420 388
b 60 1 420 388
m 60 45 1 420 388
b 60 3 420 388
m 60 97 3 9.75 113.74999999999999 0.5
m 60 55 3 9.75 113.74999999999999 0.5
b 61 0 333 476
b 61 1 333 476
b 61 3 333 476
b 64 0 156 480
m 64 9 0 156 480
m 64 16 0 156 480
m 64 101 0 156 480
m 64 213 0 156 480
b 64 1 156 480
b 64 2 156 480
b 64 3 156 480
m 64 9 3 12.125 156.875 0.4354340023547846
m 64 150 3 12.125 156.875 0.4354340023547846
m 64 16 3 12.125 156.875 0.4354340023547846
m 64 101 3 12.125 156.875 0.4354340023547846
b 66 2 116 383
b 67 0 497 323
b 67 1 497 323
b 71 3 10 237
m 71 223 3 9.625 127.87499999999997 1.0
b 78 0 114 480
m 78 9 0 114 480
m 78 16 0 114 480
m 78 149 0 114 480
m 78 167 0 114 480
m 78 192 0 114 480
m 78 213 0 114 480
m 78 217 0 114 480
b 78 1 114 480
b 78 2 114 480
m 78 9 2 114 480
m 78 16 2 114 480
m 78 149 2 114 480
m 78 167 2 114 480
m 78 192 2 114 480
m 78 213 2 114 480
m 78 217 2 114 480
b 85 3 368 402
m 85 55 3 9.875 116.125 0.5
b 86 0 490 315
b 86 1 490 315
b 90 0 33 266
b 90 1 33 266
b 90 2 33 266
b 90 3 33 266
m 90 223 3 10.750000000000002 142.5 1.0
b 95 2 319 315
m 95 136 2 319 315
m 95 163 2 319 315
b 97 0 437 387
m 97 135 0 437 387
b 97 1 437 387
m 97 45 1 437 387
m 97 135 1 437 387
b 103 0 138 466
m 103 9 0 138 466
m 103 16 0 138 466
m 103 101 0 138 466
m 103 213 0 138 466
b 103 1 138 466
b 103 2 138 466
m 103 9 2 138 466
m 103 16 2 138 466
m 103 101 2 138 466
m 103 213 2 138 466
b 103 3 138 466
m 103 9 3 12.125 156.875 0.4354340023547846
m 103 78 3 12.125 156.875 0.4354340023547846
m 103 101 3 12.125 156.875 0.4354340023547846
m 103 112 3 12.125 156.875 0.4354340023547846
b 104 2 381 243
b 108 3 10 237
m 108 223 3 10.5 140.0 1.0
b 112 0 161 443
m 112 9 0 161 443
m 112 16 0 161 443
m 112 101 0 161 443
m 112 213 0 161 443
b 112 1 161 443
m 112 9 1 161 443
m 112 16 1 161 443
m 112 101 1 161 443
m 112 213 1 161 443
b 112 2 161 443
m 112 9 2 161 443
m 112 16 2 161 443
m 112 101 2 161 443
m 112 213 2 161 443
b 116 0 72 458
m 116 16 0 72 458
m 116 19 0 72 458
m 116 149 0 72 458
m 116 162 0 72 458
m 116 167 0 72 458
m 116 192 0 72 458
m 116 200 0 72 458
m 116 213 0 72 458
m 116 217 0 72 458
b 116 1 72 458
m 116 16 1 72 458
m 116 19 1 72 458
m 116 149 1 72 458
m 116 162 1 72 458
m 116 167 1 72 458
m 116 192 1 72 458
m 116 200 1 72 458
m 116 213 1 72 458
m 116 217 1 72 458
b 116 2 72 458
b 116 3 72 458
m 116 213 3 12.75 170.0 0.583060402646084
m 116 217 3 12.75 170.0 0.583060402646084
m 116 25 3 12.75 170.0 0.583060402646084
m 116 19 3 12.75 170.0 0.583060402646084
m 116 16 3 12.75 170.0 0.583060402646084
m 116 78 3 12.75 170.0 0.583060402646084
m 116 150 3 12.75 170.0 0.583060402646084
m 116 167 3 12.75 170.0 0.583060402646084
b 122 0 234 492
m 122 9 0 234 492
m 122 101 0 234 492
b 122 1 234 492
m 122 9 1 234 492
m 122 101 1 234 492
b 122 3 234 492
m 122 58 3 9.25 105.75 0.11867383917682568
b 127 0 367 425
m 127 145 0 367 425
b 127 1 367 425
m 127 145 1 367 425
b 127 3 367 425
m 127 55 3 9.625 110.625 0.3333333333333333
b 131 3 6 93
b 141 3 306 454
b 150 0 135 420
m 150 16 0 135 420
m 150 167 0 135 420
m 150 213 0 135 420
b 150 1 135 420
m 150 16 1 135 420
m 150 167 1 135 420
m 150 213 1 135 420
b 150 2 135 420
m 150 16 2 135 420
m 150 167 2 135 420
m 150 213 2 135 420
b 151 2 17 222
b 151 3 17 222
m 151 223 3 9.625 127.87499999999997 1.0
b 159 0 185 498
m 159 9 0 185 498
m 159 101 0 185 498
b 159 1 185 498
m 159 9 1 185 498
m 159 101 1 185 498
b 159 2 185 498
m 159 9 2 185 498
m 159 101 2 185 498
m 159 122 2 185 498
b 159 3 185 498
b 164 3 33 11
b 170 0 444 347
b 170 1 444 347
m 170 45 1 444 347
b 170 3 444 347
m 170 97 3 9.000000000000002 107.74999999999999 0.01388888888888895
b 173 2 11 130
b 175 0 87 395
m 175 19 0 87 395
m 175 162 0 87 395
m 175 167 0 87 395
b 175 1 87 395
m 175 19 1 87 395
m 175 162 1 87 395
m 175 167 1 87 395
b 175 2 87 395
m 175 19 2 87 395
m 175 25 2 87 395
m 175 162 2 87 395
m 175 167 2 87 395
b 178 3 0 45
b 186 0 340 491
b 186 1 340 491
b 186 3 340 491
b 194 2 367 281
m 194 44 2 367 281
m 194 124 2 367 281
m 194 136 2 367 281
b 203 3 393 366
m 203 97 3 10.375 125.12499999999999 0.5
m 203 55 3 10.375 125.12499999999999 0.5
b 205 3 484 119
b 212 2 427 271
b 215 2 413 241
m 215 114 2 413 241
b 222 0 379 454
m 222 145 0 379 454
b 222 1 379 454
m 222 145 1 379 454
b 222 3 379 454
m 222 55 3 9.875 116.125 0.5
m 222 145 3 9.875 116.125 0.5
b 223 2 29 231
b 229 0 70 376
m 229 162 0 70 376
b 229 1 70 376
m 229 162 1 70 376
b 229 2 70 376
b 229 3 70 376
m 229 162 3 10.0 123.99999999999999 0.426
b 233 2 346 341
b 5 0 466 489
m 5 13 0 466 489
m 5 228 0 466 489
b 5 1 466 489
b 5 3 466 489
m 5 13 3 9.666666666666668 108.77777777777777 0.3333333333333333
b 9 0 199 481
b 9 1 199 481
b 9 2 199 481
b 9 3 199 481
b 16 0 95 486
b 16 1 95 486
b 16 2 95 486
b 16 3 95 486
m 16 192 3 11.111111111111112 140.44444444444446 0.3333333333333333
b 19 0 28 469
m 19 202 0 28 469
b 19 1 28 469
m 19 202 1 28 469
b 19 2 28 469
m 19 200 2 28 469
m 19 202 2 28 469
b 19 3 28 469
m 19 202 3 10.555555555555554 134.11111111111111 0.16336559972535208
b 25 2 31 414
m 25 200 2 31 414
b 25 3 31 414
m 25 200 3 11.555555555555555 151.55555555555557 0.5
m 25 192 3 11.555555555555555 151.55555555555557 0.5
b 44 2 389 326
b 45 1 446 423
b 48 0 479 474
m 48 13 0 479 474
m 48 228 0 479 474
b 48 1 479 474
m 48 13 1 479 474
m 48 228 1 479 474
b 48 3 479 474
m 48 13 3 9.666666666666668 108.77777777777777 0.3333333333333333
b 55 3 387 422
b 58 3 199 497
b 78 3 118 492
m 78 192 3 10.88888888888889 139.55555555555557 1.0
b 97 3 446 379
m 97 135 3 8.777777777777777 101.22222222222221 0.012658227848101111
b 101 0 217 487
b 101 1 217 487
b 101 2 217 487
b 101 3 217 487
b 112 3 165 432
b 122 2 235 480
m 122 14 2 235 480
m 122 158 2 235 480
b 124 2 447 268
m 124 1 2 447 268
m 124 118 2 447 268
m 124 166 2 447 268
m 124 185 2 447 268
b 135 0 481 415
m 135 13 0 481 415
m 135 228 0 481 415
b 135 1 481 415
m 135 13 1 481 415
m 135 228 1 481 415
b 136 2 356 324
m 136 1 2 356 324
m 136 7 2 356 324
m 136 85 2 356 324
m 136 118 2 356 324
m 136 203 2 356 324
b 145 0 446 485
m 145 13 0 446 485
m 145 228 0 446 485
b 145 1 446 485
b 145 3 446 485
m 145 13 3 9.333333333333332 111.33333333333331 1.0
m 145 228 3 9.333333333333332 111.33333333333331 1.0
b 149 0 28 493
m 149 202 0 28 493
b 149 1 28 493
b 149 2 28 493
m 149 200 2 28 493
m 149 202 2 28 493
b 150 3 141 410
b 162 0 12 422
b 162 1 12 422
b 162 2 12 422
m 162 200 2 12 422
b 162 3 12 422
m 162 192 3 9.333333333333334 111.99999999999999 0.44094736842105264
m 162 149 3 9.333333333333334 111.99999999999999 0.44094736842105264
b 163 2 370 400
b 167 0 65 444
b 167 1 65 444
b 167 2 65 444
b 167 3 65 444
m 167 192 3 11.777777777777779 152.88888888888889 0.25
m 167 149 3 11.777777777777779 152.88888888888889 0.25
b 175 3 99 398
b 192 0 58 469
m 192 202 0 58 469
b 192 1 58 469
m 192 202 1 58 469
b 192 2 58 469
b 200 0 48 455
m 200 202 0 48 455
b 200 1 48 455
b 213 0 125 475
b 213 1 125 475
b 213 2 125 475
b 213 3 125 475
m 213 192 3 11.444444444444445 151.22222222222223 1.0
b 217 0 24 493
m 217 202 0 24 493
b 217 1 24 493
m 217 202 1 24 493
b 217 2 24 493
m 217 200 2 24 493
m 217 202 2 24 493
b 217 3 24 493
m 217 149 3 11.777777777777779 152.88888888888889 0.25
m 217 200 3 11.777777777777779 152.88888888888889 0.25
b 223 3 38 238
b 1 2 443 355
m 1 60 2 443 355
m 1 67 2 443 355
m 1 86 2 443 355
m 1 97 2 443 355
m 1 170 2 443 355
b 7 2 334 407
b 13 0 482 473
b 13 1 482 473
b 13 3 482 473
b 14 2 248 423
b 85 2 392 397
b 118 2 444 310
m 118 60 2 444 310
m 118 67 2 444 310
m 118 86 2 444 310
m 118 170 2 444 310
b 135 3 470 409
b 149 3 19 486
b 158 2 318 472
m 158 10 2 318 472
m 158 39 2 318 472
m 158 43 2 318 472
m 158 56 2 318 472
m 158 61 2 318 472
m 158 127 2 318 472
m 158 134 2 318 472
m 158 141 2 318 472
m 158 186 2 318 472
b 166 2 495 280
m 166 86 2 495 280
b 185 2 385 238
b 192 3 66 460
b 200 2 57 447
b 200 3 57 447
b 202 0 7 490
b 202 1 7 490
b 202 2 7 490
b 202 3 7 490
b 203 2 392 342
b 228 0 493 488
b 228 1 493 488
b 228 3 493 488
b 10 2 331 475
m 10 55 2 331 475
b 39 2 355 463
m 39 55 2 355 463
m 39 126 2 355 463
m 39 222 2 355 463
b 43 2 323 445
m 43 55 2 323 445
m 43 126 2 323 445
b 56 2 289 416
b 60 2 440 357
b 61 2 330 497
b 67 2 487 315
b 86 2 473 312
b 97 2 463 362
b 127 2 331 423
m 127 55 2 331 423
m 127 126 2 331 423
m 127 222 2 331 423
b 134 2 354 437
m 134 55 2 354 437
m 134 126 2 354 437
m 134 222 2 354 437
b 141 2 334 477
m 141 55 2 334 477
b 170 2 422 318
b 186 2 354 458
b 55 2 352 423
b 126 2 413 408
m 126 45 2 413 408
m 126 135 2 413 408
b 222 2 427 458
m 222 45 2 427 458
m 222 135 2 427 458
m 222 228 2 427 458
b 45 2 400 438
b 135 2 439 392
b 228 2 459 497
m 228 5 2 459 497
m 228 13 2 459 497
m 228 48 2 459 497
m 228 145 2 459 497
b 5 2 492 477
b 13 2 472 479
b 48 2 497 480
b 145 2 468 460
