Key: 
t: node change direction (node id, x, y, new direction)
s: node start location (node id, x, y, start direction, buffer)
m: message transfer (sender id, target id, messageType, sender x, sender y
b: broadcast (node id, message type, x, y)
396 96 124 342
s 0 120 39 46 0
s 1 145 471 175 0
s 2 56 259 228 0
s 3 100 315 39 0
s 4 457 111 335 0
s 5 374 241 185 0
s 6 440 308 335 0
s 7 483 247 312 0
s 8 63 189 231 0
s 9 351 26 35 0
s 10 403 160 4 0
s 11 257 345 288 0
s 12 283 476 272 0
s 13 286 162 314 0
s 14 463 49 20 0
s 15 494 76 135 0
s 16 210 249 71 0
s 17 256 99 353 0
s 18 16 45 126 0
s 19 124 338 326 0
s 20 268 331 16 0
s 21 309 91 294 0
s 22 484 56 110 0
s 23 124 297 9 0
s 24 130 76 309 0
s 25 294 428 162 0
s 26 395 274 57 0
s 27 259 157 293 0
s 28 411 105 166 0
s 29 70 112 0 0
s 30 373 136 221 0
s 31 332 473 57 0
s 32 120 499 233 0
s 33 78 104 148 0
s 34 293 260 188 0
s 35 494 290 327 0
s 36 498 117 58 0
s 37 300 108 36 0
s 38 493 469 240 0
s 39 301 34 322 0
s 40 83 128 138 0
s 41 421 294 41 0
s 42 386 361 87 0
s 43 283 451 256 0
s 44 240 284 306 0
s 45 50 435 221 0
s 46 222 487 343 0
s 47 371 264 337 0
s 48 312 356 56 0
s 49 74 92 197 0
s 50 380 54 194 0
s 51 86 302 45 0
s 52 163 30 23 0
s 53 247 257 287 0
s 54 207 101 314 0
s 55 448 435 144 0
s 56 24 474 34 0
s 57 322 250 139 0
s 58 295 433 236 0
s 59 70 488 327 0
s 60 395 93 64 0
s 61 498 157 277 0
s 62 397 130 351 0
s 63 461 64 3 0
s 64 99 380 344 0
s 65 144 212 144 0
s 66 306 191 205 0
s 67 499 286 331 0
s 68 141 59 213 0
s 69 199 221 115 0
s 70 58 423 63 0
s 71 74 441 77 0
s 72 129 48 297 0
s 73 301 468 302 0
s 74 126 395 51 0
s 75 341 313 285 0
s 76 229 72 284 0
s 77 100 456 323 0
s 78 64 261 25 0
s 79 468 160 179 0
s 80 487 1 236 0
s 81 340 394 320 0
s 82 66 467 72 0
s 83 225 350 64 0
s 84 286 300 14 0
s 85 152 489 83 0
s 86 412 300 340 0
s 87 157 27 319 0
s 88 261 188 74 0
s 89 124 342 203 0
s 90 19 415 169 0
s 91 6 464 358 0
s 92 174 349 346 0
s 93 19 157 92 0
s 94 15 387 39 0
s 95 411 351 317 0
s 96 13 273 2 0
s 97 102 400 58 0
s 98 237 485 319 0
s 99 338 244 301 0
s 100 473 463 351 0
s 101 330 189 67 0
s 102 463 246 156 0
s 103 477 235 89 0
s 104 465 484 211 0
s 105 201 341 345 0
s 106 396 33 273 0
s 107 262 84 206 0
s 108 418 454 150 0
s 109 325 340 308 0
s 110 49 136 136 0
s 111 437 115 213 0
s 112 322 266 324 0
s 113 299 419 162 0
s 114 83 27 295 0
s 115 441 73 231 0
s 116 322 439 325 0
s 117 190 419 305 0
s 118 26 220 251 0
s 119 151 422 239 0
s 120 72 151 270 0
s 121 414 295 298 0
s 122 439 240 304 0
s 123 326 179 58 0
s 124 123 86 187 0
s 125 17 327 118 0
s 126 116 485 5 0
s 127 352 369 136 0
s 128 241 341 0 0
s 129 304 483 211 0
s 130 349 283 139 0
s 131 117 39 355 0
s 132 360 198 290 0
s 133 408 313 95 0
s 134 487 222 78 0
s 135 112 471 261 0
s 136 178 149 25 0
s 137 377 368 90 0
s 138 157 294 129 0
s 139 50 283 92 0
s 140 456 78 183 0
s 141 413 277 183 0
s 142 497 150 116 0
s 143 486 69 201 0
s 144 100 64 232 0
s 145 360 429 250 0
s 146 41 186 168 0
s 147 144 464 179 0
s 148 359 261 27 0
s 149 93 112 250 0
s 150 139 424 288 0
s 151 293 210 247 0
s 152 238 321 342 0
s 153 353 456 78 0
s 154 296 10 72 0
s 155 170 268 2 0
s 156 178 307 220 0
s 157 123 155 155 0
s 158 254 396 168 0
s 159 123 394 348 0
s 160 40 1 58 0
s 161 493 173 195 0
s 162 396 96 17 0
s 163 225 327 197 0
s 164 108 485 164 0
s 165 481 474 237 0
s 166 186 88 253 0
s 167 244 304 82 0
s 168 35 285 234 0
s 169 90 270 98 0
s 170 330 274 194 0
s 171 444 57 31 0
s 172 35 300 336 0
s 173 397 327 197 0
s 174 209 11 134 0
s 175 261 270 349 0
s 176 70 146 96 0
s 177 211 39 201 0
s 178 336 87 299 0
s 179 465 89 276 0
s 180 365 430 304 0
s 181 354 274 29 0
s 182 136 36 114 0
s 183 463 345 32 0
s 184 261 340 321 0
s 185 324 348 90 0
s 186 293 45 346 0
s 187 424 485 295 0
s 188 212 292 101 0
s 189 61 10 186 0
s 190 195 197 289 0
s 191 436 479 304 0
s 192 122 240 207 0
s 193 240 396 89 0
s 194 119 93 17 0
s 195 371 32 44 0
s 196 246 41 261 0
s 197 442 158 158 0
s 198 343 397 275 0
s 199 158 423 295 0
s 200 475 127 119 0
s 201 195 252 281 0
s 202 201 80 341 0
s 203 107 66 270 0
s 204 86 477 248 0
s 205 314 352 45 0
s 206 332 124 286 0
s 207 372 110 321 0
s 208 340 218 19 0
s 209 65 348 15 0
s 210 459 155 159 0
s 211 101 380 137 0
s 212 284 408 22 0
s 213 48 81 27 0
s 214 461 412 3 0
s 215 223 390 274 0
s 216 169 308 352 0
s 217 329 196 196 0
s 218 306 137 102 0
s 219 228 401 257 0
s 220 41 206 197 0
s 221 128 380 52 0
s 222 83 405 120 0
s 223 205 98 125 0
s 224 369 48 104 0
s 225 493 236 38 0
s 226 364 18 298 0
s 227 234 445 144 0
s 228 437 343 246 0
s 229 159 97 297 0
s 230 37 11 214 0
s 231 144 106 21 0
s 232 219 496 272 0
s 233 344 350 263 0
s 234 447 409 25 0
s 235 434 495 266 0
s 236 89 389 168 0
s 237 496 62 320 0
s 238 331 234 163 0
s 239 24 92 206 0
b 162 0 398 96
m 162 4 0 398 96
m 162 10 0 398 96
m 162 28 0 398 96
m 162 30 0 398 96
m 162 50 0 398 96
m 162 60 0 398 96
m 162 62 0 398 96
m 162 63 0 398 96
m 162 106 0 398 96
m 162 111 0 398 96
m 162 115 0 398 96
m 162 140 0 398 96
m 162 171 0 398 96
m 162 178 0 398 96
m 162 179 0 398 96
m 162 195 0 398 96
m 162 197 0 398 96
m 162 206 0 398 96
m 162 207 0 398 96
m 162 224 0 398 96
b 162 1 398 96
m 162 4 1 398 96
m 162 10 1 398 96
m 162 28 1 398 96
m 162 30 1 398 96
m 162 50 1 398 96
m 162 60 1 398 96
m 162 62 1 398 96
m 162 63 1 398 96
m 162 106 1 398 96
m 162 111 1 398 96
m 162 115 1 398 96
m 162 140 1 398 96
m 162 171 1 398 96
m 162 178 1 398 96
m 162 179 1 398 96
m 162 195 1 398 96
m 162 197 1 398 96
m 162 206 1 398 96
m 162 207 1 398 96
m 162 224 1 398 96
b 162 2 398 96
m 162 4 2 398 96
m 162 10 2 398 96
m 162 28 2 398 96
m 162 30 2 398 96
m 162 50 2 398 96
m 162 60 2 398 96
m 162 62 2 398 96
m 162 63 2 398 96
m 162 106 2 398 96
m 162 111 2 398 96
m 162 115 2 398 96
m 162 140 2 398 96
m 162 171 2 398 96
m 162 178 2 398 96
m 162 179 2 398 96
m 162 195 2 398 96
m 162 197 2 398 96
m 162 206 2 398 96
m 162 207 2 398 96
m 162 224 2 398 96
b 162 3 398 96
m 162 4 3 20.0 400.0 1.0
m 162 10 3 20.0 400.0 1.0
m 162 28 3 20.0 400.0 1.0
m 162 30 3 20.0 400.0 1.0
m 162 50 3 20.0 400.0 1.0
m 162 60 3 20.0 400.0 1.0
m 162 62 3 20.0 400.0 1.0
m 162 63 3 20.0 400.0 1.0
m 162 106 3 20.0 400.0 1.0
m 162 111 3 20.0 400.0 1.0
m 162 115 3 20.0 400.0 1.0
m 162 140 3 20.0 400.0 1.0
m 162 171 3 20.0 400.0 1.0
m 162 178 3 20.0 400.0 1.0
m 162 179 3 20.0 400.0 1.0
m 162 195 3 20.0 400.0 1.0
m 162 197 3 20.0 400.0 1.0
m 162 206 3 20.0 400.0 1.0
m 162 207 3 20.0 400.0 1.0
m 162 224 3 20.0 400.0 1.0
b 4 0 460 110
m 4 14 0 460 110
m 4 15 0 460 110
m 4 22 0 460 110
m 4 36 0 460 110
m 4 61 0 460 110
m 4 79 0 460 110
m 4 142 0 460 110
m 4 143 0 460 110
m 4 161 0 460 110
m 4 200 0 460 110
m 4 210 0 460 110
m 4 237 0 460 110
b 4 1 460 110
m 4 14 1 460 110
m 4 15 1 460 110
m 4 22 1 460 110
m 4 36 1 460 110
m 4 61 1 460 110
m 4 79 1 460 110
m 4 142 1 460 110
m 4 143 1 460 110
m 4 161 1 460 110
m 4 200 1 460 110
m 4 210 1 460 110
m 4 237 1 460 110
b 4 2 460 110
m 4 14 2 460 110
m 4 15 2 460 110
m 4 22 2 460 110
m 4 36 2 460 110
m 4 61 2 460 110
m 4 79 2 460 110
m 4 142 2 460 110
m 4 143 2 460 110
m 4 161 2 460 110
m 4 200 2 460 110
m 4 210 2 460 110
m 4 237 2 460 110
b 4 3 460 110
m 4 14 3 17.333333333333336 314.6666666666667 0.4952766531713899
m 4 22 3 17.333333333333336 314.6666666666667 0.4952766531713899
m 4 161 3 17.333333333333336 314.6666666666667 0.4952766531713899
m 4 36 3 17.333333333333336 314.6666666666667 0.4952766531713899
m 4 237 3 17.333333333333336 314.6666666666667 0.4952766531713899
m 4 61 3 17.333333333333336 314.6666666666667 0.4952766531713899
b 10 0 406 160
m 10 132 0 406 160
b 10 1 406 160
m 10 132 1 406 160
b 10 2 406 160
m 10 132 2 406 160
b 10 3 406 160
m 10 132 3 14.666666666666668 272.0 0.25
m 10 79 3 14.666666666666668 272.0 0.25
b 28 0 408 106
b 28 1 408 106
b 28 2 408 106
b 28 3 408 106
m 28 200 3 14.0 268.0 0.5
m 28 210 3 14.0 268.0 0.5
b 30 0 371 134
m 30 37 0 371 134
m 30 101 0 371 134
m 30 123 0 371 134
m 30 218 0 371 134
b 30 1 371 134
m 30 37 1 371 134
m 30 101 1 371 134
m 30 123 1 371 134
m 30 218 1 371 134
b 30 2 371 134
b 30 3 371 134
m 30 123 3 14.666666666666668 272.0 0.25
m 30 101 3 14.666666666666668 272.0 0.25
b 50 0 377 54
m 50 9 0 377 54
m 50 226 0 377 54
b 50 1 377 54
m 50 9 1 377 54
m 50 226 1 377 54
b 50 2 377 54
b 50 3 377 54
m 50 9 3 14.0 268.0 0.5
m 50 226 3 14.0 268.0 0.5
b 60 0 397 95
b 60 1 397 95
b 60 2 397 95
b 60 3 397 95
b 62 0 400 130
b 62 1 400 130
b 62 2 400 130
b 62 3 400 130
b 63 0 464 64
m 63 80 0 464 64
b 63 1 464 64
m 63 80 1 464 64
b 63 2 464 64
m 63 80 2 464 64
b 63 3 464 64
m 63 80 3 14.333333333333334 269.6666666666667 0.3333333333333333
b 106 0 397 30
b 106 1 397 30
b 106 2 397 30
m 106 9 2 397 30
m 106 226 2 397 30
b 106 3 397 30
b 111 0 435 113
b 111 1 435 113
b 111 2 435 113
b 111 3 435 113
m 111 142 3 14.333333333333334 269.6666666666667 0.3333333333333333
b 115 0 439 70
b 115 1 439 70
b 115 2 439 70
b 115 3 439 70
m 115 143 3 14.0 268.0 0.5
m 115 15 3 14.0 268.0 0.5
b 140 0 453 78
b 140 1 453 78
b 140 2 453 78
b 140 3 453 78
b 171 0 447 59
b 171 1 447 59
b 171 2 447 59
b 171 3 447 59
b 178 0 338 84
m 178 21 0 338 84
m 178 39 0 338 84
m 178 186 0 338 84
b 178 1 338 84
m 178 21 1 338 84
m 178 39 1 338 84
m 178 186 1 338 84
b 178 2 338 84
m 178 21 2 338 84
m 178 37 2 338 84
m 178 39 2 338 84
m 178 186 2 338 84
m 178 218 2 338 84
b 178 3 338 84
m 178 21 3 15.0 275.0 0.2
m 178 218 3 15.0 275.0 0.2
b 179 0 466 87
b 179 1 466 87
b 179 2 466 87
b 179 3 466 87
b 195 0 373 34
b 195 1 373 34
b 195 2 373 34
b 195 3 373 34
m 195 39 3 13.666666666666668 267.0 1.0
b 197 0 439 159
b 197 1 439 159
b 197 2 439 159
b 197 3 439 159
b 206 0 333 121
m 206 13 0 333 121
m 206 66 0 333 121
m 206 217 0 333 121
b 206 1 333 121
b 206 2 333 121
m 206 13 2 333 121
m 206 66 2 333 121
m 206 101 2 333 121
m 206 123 2 333 121
m 206 217 2 333 121
b 206 3 333 121
m 206 66 3 14.666666666666668 272.0 0.25
m 206 217 3 14.666666666666668 272.0 0.25
b 207 0 375 109
b 207 1 375 109
b 207 2 375 109
b 207 3 375 109
m 207 37 3 13.666666666666668 267.0 1.0
b 224 0 369 51
b 224 1 369 51
b 224 2 369 51
b 224 3 369 51
m 224 186 3 13.666666666666668 267.0 1.0
b 9 0 354 29
m 9 154 0 354 29
b 9 1 354 29
m 9 154 1 354 29
b 9 2 354 29
b 9 3 354 29
m 9 154 3 10.75 201.25 0.023255813953488413
b 13 0 289 159
m 13 17 0 289 159
m 13 27 0 289 159
m 13 88 0 289 159
m 13 151 0 289 159
b 13 2 289 159
m 13 17 2 289 159
m 13 27 2 289 159
m 13 88 2 289 159
m 13 151 2 289 159
b 14 0 467 50
b 14 1 467 50
b 14 2 467 50
b 14 3 467 50
b 15 0 491 79
b 15 1 491 79
b 15 2 491 79
b 15 3 491 79
b 21 0 310 88
m 21 107 0 310 88
b 21 1 310 88
b 21 2 310 88
b 21 3 310 88
m 21 17 3 12.0 208.5 0.0850961538461538
b 22 0 483 59
b 22 1 483 59
b 22 2 483 59
b 22 3 483 59
b 36 0 497 117
b 36 1 497 117
b 36 2 497 117
b 36 3 497 117
b 37 0 303 111
b 37 1 303 111
b 37 2 303 111
m 37 107 2 303 111
b 37 3 303 111
m 37 13 3 11.0 202.5 1.0
m 37 27 3 11.0 202.5 1.0
m 37 107 3 11.0 202.5 1.0
b 39 0 304 31
m 39 196 0 304 31
b 39 1 304 31
m 39 107 1 304 31
m 39 196 1 304 31
b 39 2 304 31
b 39 3 304 31
m 39 196 3 10.5 200.5 1.0
b 61 0 496 153
m 61 134 0 496 153
b 61 1 496 153
m 61 134 1 496 153
b 61 2 496 153
b 61 3 496 153
m 61 134 3 13.250000000000002 236.25 1.0
b 66 0 303 189
m 66 34 0 303 189
m 66 57 0 303 189
m 66 99 0 303 189
m 66 208 0 303 189
m 66 238 0 303 189
b 66 2 303 189
b 66 3 303 189
m 66 57 3 12.75 216.25 0.37004542749742386
m 66 99 3 12.75 216.25 0.37004542749742386
m 66 34 3 12.75 216.25 0.37004542749742386
b 79 0 464 161
b 79 1 464 161
b 79 2 464 161
m 79 134 2 464 161
b 79 3 464 161
b 80 0 484 3
b 80 1 484 3
b 80 2 484 3
b 80 3 484 3
b 101 0 332 193
m 101 5 0 332 193
m 101 112 0 332 193
b 101 1 332 193
m 101 5 1 332 193
m 101 13 1 332 193
m 101 57 1 332 193
m 101 66 1 332 193
m 101 88 1 332 193
m 101 99 1 332 193
m 101 112 1 332 193
m 101 151 1 332 193
m 101 208 1 332 193
m 101 217 1 332 193
m 101 238 1 332 193
b 101 2 332 193
m 101 5 2 332 193
m 101 57 2 332 193
m 101 99 2 332 193
m 101 112 2 332 193
m 101 208 2 332 193
m 101 238 2 332 193
b 101 3 332 193
m 101 151 3 12.5 213.0 0.34763385146804837
m 101 5 3 12.5 213.0 0.34763385146804837
m 101 208 3 12.5 213.0 0.34763385146804837
b 123 0 328 182
b 123 1 328 182
m 123 27 1 328 182
b 123 2 328 182
b 123 3 328 182
m 123 238 3 11.5 205.0 0.02050011263798146
b 132 0 361 194
m 132 47 0 361 194
m 132 148 0 361 194
b 132 1 361 194
b 132 2 361 194
m 132 47 2 361 194
m 132 148 2 361 194
b 132 3 361 194
m 132 148 3 11.5 205.0 0.02050011263798146
b 142 0 495 153
b 142 1 495 153
b 142 2 495 153
b 142 3 495 153
b 143 0 482 67
b 143 1 482 67
b 143 2 482 67
b 143 3 482 67
b 161 0 489 172
m 161 7 0 489 172
m 161 103 0 489 172
m 161 225 0 489 172
b 161 1 489 172
m 161 7 1 489 172
m 161 103 1 489 172
m 161 225 1 489 172
b 161 2 489 172
m 161 7 2 489 172
m 161 103 2 489 172
m 161 225 2 489 172
b 161 3 489 172
m 161 7 3 13.750000000000002 238.25 0.3333333333333333
b 186 0 297 44
m 186 76 0 297 44
b 186 1 297 44
b 186 2 297 44
m 186 76 2 297 44
m 186 154 2 297 44
m 186 196 2 297 44
b 186 3 297 44
m 186 76 3 10.5 200.5 1.0
b 200 0 473 131
b 200 1 473 131
b 200 2 473 131
b 200 3 473 131
b 210 0 456 157
b 210 1 456 157
b 210 2 456 157
b 210 3 456 157
b 217 0 325 194
b 217 2 325 194
m 217 34 2 325 194
b 217 3 325 194
m 217 88 3 11.5 205.0 0.02050011263798146
b 218 0 306 141
b 218 1 306 141
m 218 17 1 306 141
b 218 2 306 141
b 218 3 306 141
b 226 0 366 15
b 226 1 366 15
b 226 2 366 15
b 226 3 366 15
b 237 0 497 60
b 237 1 497 60
b 237 2 497 60
b 237 3 497 60
b 5 0 369 240
m 5 26 0 369 240
m 5 75 0 369 240
m 5 121 0 369 240
m 5 122 0 369 240
m 5 130 0 369 240
m 5 141 0 369 240
m 5 170 0 369 240
m 5 181 0 369 240
b 5 1 369 240
m 5 26 1 369 240
m 5 47 1 369 240
m 5 75 1 369 240
m 5 121 1 369 240
m 5 122 1 369 240
m 5 130 1 369 240
m 5 141 1 369 240
m 5 148 1 369 240
m 5 170 1 369 240
m 5 181 1 369 240
b 5 2 369 240
b 5 3 369 240
m 5 75 3 12.0 190.4 0.5019451371571073
m 5 121 3 12.0 190.4 0.5019451371571073
m 5 170 3 12.0 190.4 0.5019451371571073
m 5 141 3 12.0 190.4 0.5019451371571073
m 5 130 3 12.0 190.4 0.5019451371571073
m 5 112 3 12.0 190.4 0.5019451371571073
b 7 0 487 243
m 7 35 0 487 243
m 7 67 0 487 243
m 7 102 0 487 243
b 7 1 487 243
m 7 35 1 487 243
m 7 67 1 487 243
m 7 102 1 487 243
b 7 2 487 243
m 7 35 2 487 243
m 7 67 2 487 243
m 7 102 2 487 243
m 7 122 2 487 243
b 7 3 487 243
m 7 102 3 12.200000000000001 197.79999999999998 0.5113731790134726
m 7 67 3 12.200000000000001 197.79999999999998 0.5113731790134726
m 7 103 3 12.200000000000001 197.79999999999998 0.5113731790134726
m 7 35 3 12.200000000000001 197.79999999999998 0.5113731790134726
b 13 1 289 158
b 13 3 289 158
b 17 0 261 98
m 17 54 0 261 98
m 17 202 0 261 98
m 17 223 0 261 98
b 17 1 261 98
m 17 54 1 261 98
m 17 76 1 261 98
m 17 202 1 261 98
m 17 223 1 261 98
b 17 2 261 98
m 17 54 2 261 98
m 17 202 2 261 98
m 17 223 2 261 98
b 17 3 261 98
m 17 54 3 10.2 168.60000000000002 0.08949043210942619
b 27 0 261 153
b 27 1 261 153
b 27 2 261 153
b 27 3 261 153
b 34 0 289 259
m 34 20 0 289 259
m 34 44 0 289 259
m 34 53 0 289 259
m 34 84 0 289 259
m 34 167 0 289 259
m 34 175 0 289 259
b 34 2 289 259
m 34 20 2 289 259
m 34 44 2 289 259
m 34 53 2 289 259
m 34 75 2 289 259
m 34 84 2 289 259
m 34 130 2 289 259
m 34 167 2 289 259
m 34 170 2 289 259
m 34 175 2 289 259
m 34 181 2 289 259
b 34 3 289 259
m 34 167 3 11.6 182.8 0.3979171876469798
m 34 53 3 11.6 182.8 0.3979171876469798
m 34 44 3 11.6 182.8 0.3979171876469798
b 47 0 375 262
m 47 41 0 375 262
m 47 86 0 375 262
m 47 133 0 375 262
m 47 173 0 375 262
b 47 2 375 262
b 57 0 319 253
b 57 1 319 253
m 57 34 1 319 253
m 57 53 1 319 253
m 57 84 1 319 253
m 57 175 1 319 253
b 57 2 319 253
b 57 3 319 253
m 57 175 3 11.0 176.2 0.13075572124850335
b 66 1 302 189
b 76 0 230 67
m 76 52 0 230 67
m 76 166 0 230 67
m 76 174 0 230 67
m 76 177 0 230 67
m 76 229 0 230 67
b 76 2 230 67
m 76 52 2 230 67
m 76 166 2 230 67
m 76 174 2 230 67
m 76 177 2 230 67
m 76 229 2 230 67
b 76 3 230 67
m 76 52 3 9.8 170.20000000000002 1.0
m 76 166 3 9.8 170.20000000000002 1.0
m 76 174 3 9.8 170.20000000000002 1.0
m 76 177 3 9.8 170.20000000000002 1.0
m 76 202 3 9.8 170.20000000000002 1.0
m 76 223 3 9.8 170.20000000000002 1.0
m 76 229 3 9.8 170.20000000000002 1.0
b 88 0 262 192
m 88 69 0 262 192
m 88 190 0 262 192
b 88 1 262 192
m 88 69 1 262 192
m 88 190 1 262 192
b 88 2 262 192
m 88 69 2 262 192
m 88 190 2 262 192
b 88 3 262 192
m 88 190 3 9.6 164.8 0.02130351929175248
b 99 0 341 240
b 99 1 341 240
b 99 2 341 240
b 99 3 341 240
m 99 26 3 10.799999999999999 174.8 0.3333333333333333
b 103 0 477 240
m 103 6 0 477 240
b 103 1 477 240
m 103 6 1 477 240
b 103 2 477 240
m 103 6 2 477 240
b 107 0 257 82
b 107 1 257 82
m 107 166 1 257 82
m 107 177 1 257 82
b 107 2 257 82
b 107 3 257 82
b 112 0 326 263
m 112 109 0 326 263
b 112 1 326 263
m 112 109 1 326 263
b 112 2 326 263
m 112 26 2 326 263
m 112 109 2 326 263
b 134 0 488 227
b 134 1 488 227
b 134 2 488 227
b 134 3 488 227
m 134 122 3 11.000000000000002 189.8 1.0
m 134 225 3 11.000000000000002 189.8 1.0
b 148 0 363 263
b 148 2 363 263
b 148 3 363 263
m 148 47 3 10.399999999999999 171.2 0.0347210216235818
b 151 0 291 206
b 151 1 291 206
b 151 2 291 206
b 151 3 291 206
b 154 0 298 15
b 154 1 298 15
b 154 2 298 15
b 154 3 298 15
b 196 0 245 36
b 196 1 245 36
b 196 2 245 36
b 196 3 245 36
b 208 0 344 220
b 208 1 344 220
b 208 2 344 220
b 208 3 344 220
m 208 181 3 10.2 170.6 1.0
b 217 1 324 194
b 225 0 497 239
b 225 1 497 239
b 225 2 497 239
b 238 0 326 236
b 238 1 326 236
b 238 2 326 236
b 238 3 326 236
m 238 84 3 9.399999999999999 164.2 8.723452186375056E-4
b 6 0 446 306
m 6 95 0 446 306
m 6 183 0 446 306
m 6 228 0 446 306
b 6 1 446 306
b 6 2 446 306
m 6 41 2 446 306
m 6 86 2 446 306
m 6 95 2 446 306
m 6 121 2 446 306
m 6 133 2 446 306
m 6 141 2 446 306
m 6 173 2 446 306
m 6 183 2 446 306
m 6 228 2 446 306
b 20 0 274 332
m 20 11 0 274 332
m 20 48 0 274 332
m 20 83 0 274 332
m 20 105 0 274 332
m 20 128 0 274 332
m 20 152 0 274 332
m 20 158 0 274 332
m 20 163 0 274 332
m 20 184 0 274 332
m 20 185 0 274 332
m 20 188 0 274 332
m 20 205 0 274 332
m 20 215 0 274 332
m 20 233 0 274 332
b 20 2 274 332
m 20 11 2 274 332
m 20 48 2 274 332
m 20 83 2 274 332
m 20 105 2 274 332
m 20 128 2 274 332
m 20 152 2 274 332
m 20 158 2 274 332
m 20 163 2 274 332
m 20 184 2 274 332
m 20 185 2 274 332
m 20 188 2 274 332
m 20 205 2 274 332
m 20 215 2 274 332
m 20 233 2 274 332
b 26 0 399 279
b 26 1 399 279
b 26 2 399 279
b 26 3 399 279
m 26 41 3 10.166666666666664 153.83333333333331 0.5337255573960892
m 26 6 3 10.166666666666664 153.83333333333331 0.5337255573960892
m 26 86 3 10.166666666666664 153.83333333333331 0.5337255573960892
m 26 95 3 10.166666666666664 153.83333333333331 0.5337255573960892
b 34 1 288 259
m 34 20 1 288 259
m 34 44 1 288 259
m 34 152 1 288 259
m 34 167 1 288 259
b 35 0 499 287
b 35 1 499 287
b 35 2 499 287
b 35 3 499 287
m 35 183 3 10.333333333333334 164.99999999999997 1.0
b 41 0 425 298
b 44 0 243 279
m 44 16 0 243 279
m 44 155 0 243 279
m 44 156 0 243 279
m 44 201 0 243 279
m 44 216 0 243 279
b 44 2 243 279
b 44 3 243 279
m 44 11 3 12.0 185.0 0.6014856087027507
m 44 20 3 12.0 185.0 0.6014856087027507
m 44 156 3 12.0 185.0 0.6014856087027507
m 44 128 3 12.0 185.0 0.6014856087027507
m 44 216 3 12.0 185.0 0.6014856087027507
m 44 152 3 12.0 185.0 0.6014856087027507
m 44 69 3 12.0 185.0 0.6014856087027507
m 44 163 3 12.0 185.0 0.6014856087027507
m 44 105 3 12.0 185.0 0.6014856087027507
b 47 1 376 262
m 47 41 1 376 262
m 47 86 1 376 262
m 47 133 1 376 262
m 47 173 1 376 262
b 47 3 376 262
m 47 133 3 9.0 143.33333333333331 0.5
m 47 173 3 9.0 143.33333333333331 0.5
b 52 0 168 32
m 52 0 0 168 32
m 52 24 0 168 32
m 52 68 0 168 32
m 52 72 0 168 32
m 52 87 0 168 32
m 52 124 0 168 32
m 52 131 0 168 32
m 52 182 0 168 32
m 52 203 0 168 32
b 52 2 168 32
b 52 3 168 32
m 52 0 3 9.666666666666666 155.33333333333334 1.0
m 52 24 3 9.666666666666666 155.33333333333334 1.0
m 52 68 3 9.666666666666666 155.33333333333334 1.0
m 52 72 3 9.666666666666666 155.33333333333334 1.0
m 52 87 3 9.666666666666666 155.33333333333334 1.0
m 52 124 3 9.666666666666666 155.33333333333334 1.0
m 52 131 3 9.666666666666666 155.33333333333334 1.0
m 52 182 3 9.666666666666666 155.33333333333334 1.0
m 52 203 3 9.666666666666666 155.33333333333334 1.0
b 53 0 248 251
b 53 1 248 251
m 53 16 1 248 251
m 53 155 1 248 251
m 53 188 1 248 251
m 53 201 1 248 251
b 53 2 248 251
b 53 3 248 251
m 53 16 3 10.333333333333332 155.0 0.13527324953886827
b 54 0 211 96
m 54 136 0 211 96
m 54 231 0 211 96
b 54 1 211 96
b 54 2 211 96
b 54 3 211 96
m 54 136 3 8.833333333333334 141.16666666666669 0.04948452495930754
b 67 0 493 283
b 67 1 493 283
m 67 183 1 493 283
b 67 2 493 283
b 67 3 493 283
b 69 0 196 227
m 69 65 0 196 227
b 69 1 196 227
m 69 65 1 196 227
b 69 2 196 227
m 69 16 2 196 227
m 69 65 2 196 227
m 69 155 2 196 227
m 69 201 2 196 227
b 75 0 342 307
m 75 42 0 342 307
m 75 127 0 342 307
m 75 137 0 342 307
b 75 1 342 307
b 75 2 342 307
m 75 42 2 342 307
m 75 127 2 342 307
m 75 137 2 342 307
b 75 3 342 307
m 75 109 3 11.333333333333334 169.33333333333331 0.4155181552844348
m 75 137 3 11.333333333333334 169.33333333333331 0.4155181552844348
m 75 127 3 11.333333333333334 169.33333333333331 0.4155181552844348
m 75 185 3 11.333333333333334 169.33333333333331 0.4155181552844348
b 76 1 230 66
b 84 0 292 302
b 84 1 292 302
b 84 2 292 302
b 84 3 292 302
m 84 184 3 8.499999999999998 139.5 0.0015405929486311777
b 86 0 417 298
b 102 0 457 248
b 102 1 457 248
b 102 2 457 248
b 102 3 457 248
b 103 3 477 241
b 109 0 328 336
m 109 81 0 328 336
m 109 198 0 328 336
b 109 1 328 336
m 109 11 1 328 336
m 109 42 1 328 336
m 109 48 1 328 336
m 109 81 1 328 336
m 109 127 1 328 336
m 109 137 1 328 336
m 109 184 1 328 336
m 109 185 1 328 336
m 109 198 1 328 336
m 109 205 1 328 336
m 109 233 1 328 336
b 109 2 328 336
b 112 3 327 262
b 121 0 416 289
b 121 1 416 289
m 121 95 1 416 289
m 121 228 1 416 289
b 121 3 416 289
m 121 228 3 10.166666666666666 158.83333333333331 1.0
b 122 0 442 235
b 122 1 442 235
b 122 2 442 235
b 122 3 442 235
b 130 0 345 287
b 130 1 345 287
b 130 2 345 287
b 130 3 345 287
m 130 233 3 10.333333333333334 159.33333333333331 0.5
m 130 205 3 10.333333333333334 159.33333333333331 0.5
b 133 0 407 319
b 141 0 407 276
b 141 1 407 276
b 141 3 407 276
b 148 1 364 264
b 166 0 185 83
m 166 194 0 185 83
b 166 1 185 83
m 166 0 1 185 83
m 166 24 1 185 83
m 166 52 1 185 83
m 166 68 1 185 83
m 166 72 1 185 83
m 166 87 1 185 83
m 166 124 1 185 83
m 166 136 1 185 83
m 166 174 1 185 83
m 166 182 1 185 83
m 166 194 1 185 83
m 166 229 1 185 83
m 166 231 1 185 83
b 166 2 185 83
m 166 0 2 185 83
m 166 24 2 185 83
m 166 68 2 185 83
m 166 72 2 185 83
m 166 87 2 185 83
m 166 124 2 185 83
m 166 136 2 185 83
m 166 182 2 185 83
m 166 194 2 185 83
m 166 231 2 185 83
b 166 3 185 83
m 166 231 3 8.5 142.5 0.5
m 166 194 3 8.5 142.5 0.5
b 167 0 245 310
b 167 2 245 310
m 167 156 2 245 310
m 167 216 2 245 310
b 167 3 245 310
m 167 188 3 10.0 153.0 0.5
m 167 83 3 10.0 153.0 0.5
b 170 0 324 272
b 170 1 324 272
b 170 2 324 272
b 170 3 324 272
b 173 0 391 325
b 174 0 205 15
b 174 2 205 15
b 174 3 205 15
b 175 0 267 269
b 175 1 267 269
m 175 128 1 267 269
m 175 163 1 267 269
b 175 2 267 269
b 175 3 267 269
b 177 0 205 37
b 177 1 205 37
b 177 2 205 37
b 177 3 205 37
b 181 0 359 277
b 181 1 359 277
b 181 2 359 277
b 181 3 359 277
b 190 0 197 191
b 190 1 197 191
b 190 2 197 191
b 190 3 197 191
m 190 201 3 8.333333333333334 138.0 0.022102950324968767
b 202 0 206 78
b 202 1 206 78
b 202 2 206 78
b 202 3 206 78
b 223 0 201 102
b 223 1 201 102
b 223 2 201 102
b 223 3 201 102
b 225 3 497 239
b 229 0 162 92
m 229 144 0 162 92
m 229 149 0 162 92
b 229 2 162 92
m 229 131 2 162 92
m 229 144 2 162 92
m 229 149 2 162 92
m 229 203 2 162 92
b 229 3 162 92
m 229 149 3 8.5 142.5 0.5
m 229 144 3 8.5 142.5 0.5
b 0 0 125 44
m 0 49 0 125 44
m 0 114 0 125 44
b 0 1 125 44
m 0 49 1 125 44
m 0 114 1 125 44
m 0 131 1 125 44
m 0 144 1 125 44
m 0 149 1 125 44
m 0 203 1 125 44
b 0 2 125 44
b 0 3 125 44
m 0 114 3 8.571428571428573 133.71428571428572 0.5
m 0 49 3 8.571428571428573 133.71428571428572 0.5
b 6 3 447 305
b 11 0 259 338
m 11 193 0 259 338
m 11 219 0 259 338
b 11 1 259 338
m 11 83 1 259 338
m 11 105 1 259 338
m 11 158 1 259 338
m 11 193 1 259 338
m 11 215 1 259 338
m 11 219 1 259 338
b 11 2 259 338
m 11 193 2 259 338
m 11 219 2 259 338
b 11 3 259 338
m 11 219 3 11.0 162.14285714285717 0.2
m 11 158 3 11.0 162.14285714285717 0.2
b 16 0 212 256
m 16 138 0 212 256
b 16 1 212 256
m 16 138 1 212 256
m 16 156 1 212 256
m 16 216 1 212 256
b 16 2 212 256
m 16 138 2 212 256
b 16 3 212 256
m 16 155 3 9.142857142857142 133.42857142857144 0.007850679660737818
b 20 1 275 333
b 20 3 275 333
m 20 48 3 10.571428571428573 159.14285714285717 0.5
m 20 215 3 10.571428571428573 159.14285714285717 0.5
b 24 0 135 70
m 24 29 0 135 70
m 24 33 0 135 70
b 24 1 135 70
m 24 29 1 135 70
m 24 33 1 135 70
b 24 2 135 70
m 24 29 2 135 70
m 24 33 2 135 70
m 24 49 2 135 70
m 24 114 2 135 70
b 24 3 135 70
m 24 29 3 8.571428571428573 133.71428571428572 0.5
m 24 33 3 8.571428571428573 133.71428571428572 0.5
b 41 1 426 299
b 41 2 426 299
b 41 3 426 299
b 42 0 386 368
m 42 145 0 386 368
m 42 180 0 386 368
b 42 1 386 368
m 42 145 1 386 368
m 42 180 1 386 368
b 42 2 386 368
b 44 1 244 279
b 48 0 316 362
m 48 25 0 316 362
m 48 58 0 316 362
m 48 113 0 316 362
m 48 116 0 316 362
m 48 212 0 316 362
b 48 1 316 362
b 48 2 316 362
m 48 25 2 316 362
m 48 58 2 316 362
m 48 81 2 316 362
m 48 113 2 316 362
m 48 116 2 316 362
m 48 145 2 316 362
m 48 198 2 316 362
m 48 212 2 316 362
b 52 1 169 33
b 65 0 139 216
m 65 157 0 139 216
m 65 192 0 139 216
b 65 1 139 216
m 65 157 1 139 216
m 65 192 1 139 216
b 65 2 139 216
m 65 157 2 139 216
m 65 192 2 139 216
b 68 0 135 55
b 68 1 135 55
b 68 2 135 55
b 68 3 135 55
b 69 3 196 227
m 69 65 3 10.428571428571429 158.71428571428572 1.0
b 72 0 132 42
b 72 1 132 42
b 72 2 132 42
b 72 3 132 42
b 81 0 345 390
m 81 153 0 345 390
b 81 1 345 390
b 83 0 228 357
m 83 92 0 228 357
m 83 117 0 228 357
b 83 2 228 357
m 83 92 2 228 357
m 83 117 2 228 357
b 83 3 228 357
m 83 92 3 9.0 132.42857142857142 0.6803196803196804
m 83 117 3 9.0 132.42857142857142 0.6803196803196804
m 83 193 3 9.0 132.42857142857142 0.6803196803196804
b 86 1 418 298
b 86 2 418 298
b 86 3 418 298
b 87 0 163 23
b 87 1 163 23
b 87 2 163 23
b 87 3 163 23
b 95 0 417 347
b 95 1 417 347
b 95 2 417 347
b 95 3 417 347
m 95 42 3 8.857142857142854 131.99999999999997 1.0
b 105 0 207 339
b 105 2 207 339
b 105 3 207 339
m 105 138 3 10.428571428571429 158.71428571428572 1.0
b 109 3 329 335
m 109 198 3 10.0 145.71428571428572 0.5
m 109 81 3 10.0 145.71428571428572 0.5
b 121 2 417 288
b 124 0 116 85
m 124 40 0 116 85
m 124 120 0 116 85
m 124 213 0 116 85
b 124 1 116 85
m 124 40 1 116 85
m 124 120 1 116 85
m 124 213 1 116 85
b 124 2 116 85
m 124 40 2 116 85
m 124 120 2 116 85
m 124 213 2 116 85
b 124 3 116 85
m 124 40 3 8.857142857142858 135.42857142857142 0.25
m 124 157 3 8.857142857142858 135.42857142857142 0.25
b 127 0 347 373
b 127 1 347 373
m 127 113 1 347 373
m 127 116 1 347 373
m 127 212 1 347 373
b 127 2 347 373
b 127 3 347 373
m 127 212 3 10.428571428571427 148.71428571428572 0.1986782491055403
b 128 0 248 341
b 128 1 248 341
b 128 2 248 341
b 128 3 248 341
b 131 0 124 38
b 131 2 124 38
b 131 3 124 38
b 133 1 407 320
b 133 2 407 320
b 133 3 407 320
b 136 0 184 152
b 136 1 184 152
b 136 2 184 152
b 136 3 184 152
b 137 0 377 375
b 137 1 377 375
b 137 2 377 375
b 137 3 377 375
m 137 180 3 10.0 145.71428571428572 0.5
m 137 145 3 10.0 145.71428571428572 0.5
b 141 2 406 276
b 144 0 96 59
m 144 160 0 96 59
m 144 189 0 96 59
b 144 2 96 59
m 144 160 2 96 59
m 144 189 2 96 59
b 144 3 96 59
m 144 160 3 7.714285714285714 123.42857142857143 0.6828358208955224
m 144 213 3 7.714285714285714 123.42857142857143 0.6828358208955224
m 144 189 3 7.714285714285714 123.42857142857143 0.6828358208955224
b 149 0 91 105
m 149 110 0 91 105
m 149 176 0 91 105
b 149 2 91 105
b 149 3 91 105
m 149 120 3 7.714285714285714 123.42857142857143 0.6828358208955224
m 149 110 3 7.714285714285714 123.42857142857143 0.6828358208955224
m 149 176 3 7.714285714285714 123.42857142857143 0.6828358208955224
b 152 0 245 319
b 152 1 245 319
m 152 92 1 245 319
b 152 2 245 319
b 152 3 245 319
b 155 0 177 268
m 155 23 0 177 268
b 155 1 177 268
b 155 2 177 268
m 155 23 2 177 268
b 156 0 172 302
m 156 89 0 172 302
b 156 2 172 302
b 156 3 172 302
m 156 89 3 12.0 185.0 -1.0
b 158 0 247 397
m 158 43 0 247 397
m 158 227 0 247 397
b 158 2 247 397
b 163 0 218 325
b 163 1 218 325
b 163 2 218 325
b 163 3 218 325
b 167 1 245 311
b 173 1 390 325
b 173 2 390 325
b 173 3 390 325
b 174 1 204 16
b 182 0 133 42
b 182 1 133 42
b 182 2 133 42
b 182 3 133 42
b 183 0 469 349
m 183 214 0 469 349
m 183 234 0 469 349
b 183 1 469 349
b 183 2 469 349
b 183 3 469 349
m 183 214 3 9.142857142857144 141.99999999999997 1.0
m 183 234 3 9.142857142857144 141.99999999999997 1.0
b 184 0 267 335
b 184 1 267 335
b 184 2 267 335
b 184 3 267 335
b 185 0 324 355
b 185 1 324 355
b 185 2 324 355
b 185 3 324 355
m 185 113 3 9.857142857142856 145.28571428571428 1.0
b 188 0 211 299
b 188 1 211 299
b 188 2 211 299
b 188 3 211 299
b 194 0 125 95
b 194 1 125 95
b 194 2 125 95
b 194 3 125 95
b 198 0 344 390
b 198 1 344 390
m 198 25 1 344 390
m 198 58 1 344 390
m 198 153 1 344 390
b 201 0 196 245
b 201 1 196 245
b 201 2 196 245
b 201 3 196 245
b 203 0 107 59
b 203 2 107 59
b 203 3 107 59
b 205 0 319 357
b 205 1 319 357
b 205 2 319 357
b 205 3 319 357
b 215 0 223 383
m 215 199 0 223 383
b 215 2 223 383
m 215 199 2 223 383
m 215 227 2 223 383
b 216 0 176 307
m 216 89 0 176 307
b 216 2 176 307
m 216 89 2 176 307
b 216 3 176 307
m 216 89 3 12.0 185.0 -1.0
b 228 0 434 337
b 228 1 434 337
b 228 2 434 337
b 228 3 434 337
b 229 1 162 91
b 231 0 150 109
b 231 1 150 109
b 231 2 150 109
b 231 3 150 109
b 233 0 344 343
b 233 1 344 343
b 233 2 344 343
b 233 3 344 343
b 23 0 132 298
m 23 89 0 132 298
b 23 2 132 298
m 23 89 2 132 298
b 25 0 286 431
m 25 12 0 286 431
m 25 31 0 286 431
m 25 73 0 286 431
m 25 98 0 286 431
m 25 129 0 286 431
b 25 1 286 431
b 25 2 286 431
b 29 0 78 112
m 29 8 0 78 112
m 29 239 0 78 112
b 29 1 78 112
m 29 8 1 78 112
m 29 110 1 78 112
m 29 176 1 78 112
m 29 239 1 78 112
b 29 2 78 112
m 29 8 2 78 112
m 29 110 2 78 112
m 29 176 2 78 112
m 29 239 2 78 112
b 29 3 78 112
m 29 239 3 7.750000000000002 117.5 0.5150243040212108
m 29 8 3 7.750000000000002 117.5 0.5150243040212108
b 33 0 72 108
b 33 1 72 108
b 33 2 72 108
b 33 3 72 108
b 40 0 77 133
m 40 93 0 77 133
m 40 146 0 77 133
b 40 1 77 133
b 40 2 77 133
m 40 93 2 77 133
m 40 146 2 77 133
b 40 3 77 133
m 40 93 3 8.0 118.99999999999999 0.014531602708803548
b 42 3 386 369
b 43 0 281 443
m 43 46 0 281 443
b 48 3 317 362
m 48 58 3 9.500000000000002 139.75000000000003 0.5122216599190283
m 48 116 3 9.500000000000002 139.75000000000003 0.5122216599190283
b 49 0 66 90
m 49 18 0 66 90
b 49 1 66 90
m 49 18 1 66 90
b 49 2 66 90
m 49 18 2 66 90
b 49 3 66 90
m 49 18 3 7.625000000000002 117.125 0.016393442622950838
b 58 0 291 427
b 58 1 291 427
m 58 12 1 291 427
m 58 31 1 291 427
m 58 43 1 291 427
m 58 73 1 291 427
m 58 98 1 291 427
m 58 129 1 291 427
m 58 227 1 291 427
b 58 2 291 427
b 65 3 138 216
m 65 192 3 9.25 139.0 1.0
b 81 2 346 389
m 81 180 2 346 389
b 81 3 346 389
m 81 25 3 8.875 127.625 0.014084507042253613
b 83 1 228 358
m 83 117 1 228 358
b 92 0 182 347
m 92 89 0 182 347
b 92 1 182 347
m 92 89 1 182 347
b 92 2 182 347
b 92 3 182 347
m 92 89 3 9.0 132.42857142857142 -1.0
b 105 1 208 338
b 110 0 44 142
m 110 118 0 44 142
m 110 220 0 44 142
b 110 3 44 142
m 110 146 3 7.125 109.125 0.7139827179890025
m 110 118 3 7.125 109.125 0.7139827179890025
m 110 220 3 7.125 109.125 0.7139827179890025
b 113 0 292 421
b 113 1 292 421
b 113 2 292 421
b 113 3 292 421
m 113 12 3 9.374999999999998 131.625 1.0
m 113 31 3 9.374999999999998 131.625 1.0
m 113 43 3 9.374999999999998 131.625 1.0
m 113 73 3 9.374999999999998 131.625 1.0
m 113 129 3 9.374999999999998 131.625 1.0
m 113 227 3 9.374999999999998 131.625 1.0
b 114 0 86 20
m 114 230 0 86 20
b 114 1 86 20
m 114 160 1 86 20
m 114 189 1 86 20
m 114 230 1 86 20
b 114 2 86 20
m 114 230 2 86 20
b 114 3 86 20
m 114 230 3 7.625000000000002 117.125 0.016393442622950838
b 116 0 328 434
b 116 1 328 434
b 116 2 328 434
b 117 0 195 412
m 117 74 0 195 412
m 117 119 0 195 412
m 117 150 0 195 412
m 117 159 0 195 412
m 117 221 0 195 412
b 117 2 195 412
m 117 74 2 195 412
m 117 119 2 195 412
m 117 150 2 195 412
m 117 159 2 195 412
m 117 221 2 195 412
b 117 3 195 412
m 117 74 3 8.625 120.37499999999999 1.0
m 117 119 3 8.625 120.37499999999999 1.0
m 117 150 3 8.625 120.37499999999999 1.0
m 117 159 3 8.625 120.37499999999999 1.0
m 117 199 3 8.625 120.37499999999999 1.0
m 117 221 3 8.625 120.37499999999999 1.0
b 120 0 72 143
b 120 1 72 143
m 120 93 1 72 143
m 120 146 1 72 143
m 120 220 1 72 143
b 120 2 72 143
m 120 220 2 72 143
b 120 3 72 143
b 131 1 125 38
b 138 0 152 301
m 138 89 0 152 301
b 138 1 152 301
m 138 89 1 152 301
b 138 2 152 301
m 138 89 2 152 301
b 138 3 152 301
m 138 89 3 10.428571428571429 158.71428571428572 -1.0
b 144 1 95 58
b 145 0 357 421
m 145 108 0 357 421
b 145 1 357 421
m 145 108 1 357 421
b 145 2 357 421
m 145 31 2 357 421
m 145 73 2 357 421
m 145 108 2 357 421
m 145 153 2 357 421
b 145 3 357 421
m 145 153 3 9.0 128.0 0.5128654970760235
m 145 108 3 9.0 128.0 0.5128654970760235
b 149 1 90 104
b 153 0 354 464
m 153 187 0 354 464
b 153 1 354 464
m 153 187 1 354 464
b 155 3 178 268
m 155 23 3 8.125 116.87500000000001 2.4155937417654912E-4
b 156 1 172 302
m 156 89 1 172 302
b 157 0 116 159
b 157 1 116 159
b 157 2 116 159
b 157 3 116 159
b 158 1 246 397
b 158 3 246 397
b 160 0 44 8
b 160 2 44 8
b 160 3 44 8
b 176 0 70 154
b 176 3 70 154
b 180 0 370 424
m 180 55 0 370 424
b 180 1 370 424
m 180 55 1 370 424
b 180 3 370 424
m 180 55 3 8.875 127.625 0.014084507042253613
b 189 0 53 9
b 189 2 53 9
b 189 3 53 9
b 192 0 115 236
m 192 2 0 115 236
m 192 78 0 115 236
m 192 169 0 115 236
b 192 1 115 236
m 192 2 1 115 236
m 192 23 1 115 236
m 192 78 1 115 236
m 192 169 1 115 236
b 192 2 115 236
m 192 2 2 115 236
m 192 78 2 115 236
m 192 169 2 115 236
b 193 0 241 404
b 193 1 241 404
b 193 2 241 404
b 193 3 241 404
b 198 2 344 389
b 198 3 344 389
b 199 0 162 415
m 199 1 0 162 415
m 199 64 0 162 415
m 199 77 0 162 415
m 199 97 0 162 415
m 199 135 0 162 415
m 199 147 0 162 415
m 199 211 0 162 415
b 199 2 162 415
b 203 1 107 58
b 212 0 292 411
b 212 1 292 411
b 212 2 292 411
m 212 12 2 292 411
m 212 43 2 292 411
m 212 129 2 292 411
b 212 3 292 411
b 213 0 55 85
b 213 1 55 85
b 213 2 55 85
b 213 3 55 85
b 214 0 469 412
m 214 38 0 469 412
m 214 100 0 469 412
m 214 104 0 469 412
m 214 165 0 469 412
m 214 191 0 469 412
b 214 3 469 412
m 214 38 3 8.625000000000002 127.37499999999997 1.0
m 214 100 3 8.625000000000002 127.37499999999997 1.0
m 214 104 3 8.625000000000002 127.37499999999997 1.0
m 214 165 3 8.625000000000002 127.37499999999997 1.0
m 214 191 3 8.625000000000002 127.37499999999997 1.0
b 215 1 223 382
m 215 199 1 223 382
b 215 3 223 382
b 216 1 177 307
b 219 0 226 393
b 219 1 226 393
b 219 2 226 393
b 219 3 226 393
b 227 0 227 450
m 227 232 0 227 450
b 227 2 227 450
b 234 0 454 412
b 234 3 454 412
m 234 187 3 8.125000000000002 124.37499999999997 0.030769230769230882
b 1 0 136 471
m 1 32 0 136 471
m 1 59 0 136 471
m 1 71 0 136 471
m 1 82 0 136 471
m 1 85 0 136 471
m 1 126 0 136 471
m 1 164 0 136 471
m 1 204 0 136 471
b 2 0 50 252
m 2 51 0 50 252
m 2 96 0 50 252
m 2 139 0 50 252
m 2 168 0 50 252
m 2 172 0 50 252
b 2 1 50 252
b 2 2 50 252
b 8 0 57 182
b 8 1 57 182
b 8 2 57 182
b 8 3 57 182
m 8 2 3 7.000000000000001 104.55555555555556 0.016349977905435204
b 12 0 284 467
b 12 1 284 467
m 12 46 1 284 467
m 12 232 1 284 467
b 12 2 284 467
m 12 46 2 284 467
m 12 98 2 284 467
m 12 232 2 284 467
b 12 3 284 467
m 12 232 3 8.666666666666666 118.0 0.06512505899009002
b 18 0 10 52
b 18 1 10 52
b 18 2 10 52
b 18 3 10 52
b 23 1 133 298
m 23 89 1 133 298
b 23 3 133 298
m 23 89 3 8.125 116.87500000000001 -1.0
b 25 3 285 431
m 25 98 3 8.0 113.55555555555556 0.014280125195618247
b 31 0 337 480
b 31 1 337 480
b 31 2 337 480
b 31 3 337 480
b 38 0 488 462
m 38 235 0 488 462
b 38 3 488 462
m 38 235 3 7.777777777777779 113.33333333333331 1.0
b 43 1 281 442
b 43 2 281 442
b 43 3 281 442
m 43 46 3 8.444444444444443 117.11111111111111 1.0
b 46 0 230 485
b 55 0 440 440
b 55 1 440 440
m 55 38 1 440 440
m 55 100 1 440 440
m 55 104 1 440 440
m 55 165 1 440 440
m 55 191 1 440 440
m 55 214 1 440 440
m 55 234 1 440 440
m 55 235 1 440 440
b 55 3 440 440
b 58 3 290 426
b 64 0 107 378
m 64 89 0 107 378
b 73 0 305 461
b 73 1 305 461
b 73 2 305 461
b 73 3 305 461
b 74 0 132 402
m 74 89 0 132 402
b 74 2 132 402
b 74 3 132 402
m 74 89 3 8.625 120.37499999999999 -1.0
b 77 0 107 451
m 77 45 0 107 451
m 77 70 0 107 451
m 77 222 0 107 451
m 77 236 0 107 451
b 78 0 72 265
m 78 3 0 72 265
b 78 1 72 265
m 78 3 1 72 265
m 78 51 1 72 265
m 78 96 1 72 265
m 78 118 1 72 265
m 78 139 1 72 265
m 78 168 1 72 265
m 78 172 1 72 265
b 78 2 72 265
m 78 3 2 72 265
m 78 51 2 72 265
m 78 96 2 72 265
m 78 118 2 72 265
m 78 139 2 72 265
m 78 168 2 72 265
m 78 172 2 72 265
b 93 0 19 166
b 93 1 19 166
b 93 2 19 166
b 93 3 19 166
b 97 0 107 408
m 97 89 0 107 408
b 98 0 244 479
b 98 1 244 479
b 100 0 481 462
b 100 3 481 462
b 104 0 457 479
b 104 3 457 479
b 108 0 410 458
b 108 1 410 458
b 108 2 410 458
b 108 3 410 458
b 110 1 43 142
b 110 2 43 142
b 116 3 329 433
b 117 1 195 411
m 117 74 1 195 411
m 117 119 1 195 411
m 117 150 1 195 411
m 117 159 1 195 411
m 117 221 1 195 411
b 118 0 24 211
b 118 3 24 211
m 118 96 3 6.666666666666666 98.0 0.7446944746083823
m 118 78 3 6.666666666666666 98.0 0.7446944746083823
m 118 168 3 6.666666666666666 98.0 0.7446944746083823
b 119 0 146 414
b 119 2 146 414
m 119 1 2 146 414
m 119 64 2 146 414
m 119 77 2 146 414
m 119 97 2 146 414
m 119 126 2 146 414
m 119 135 2 146 414
m 119 147 2 146 414
m 119 211 2 146 414
m 119 222 2 146 414
m 119 236 2 146 414
b 119 3 146 414
m 119 1 3 8.777777777777779 118.1111111111111 1.0
m 119 64 3 8.777777777777779 118.1111111111111 1.0
m 119 77 3 8.777777777777779 118.1111111111111 1.0
m 119 97 3 8.777777777777779 118.1111111111111 1.0
m 119 126 3 8.777777777777779 118.1111111111111 1.0
m 119 135 3 8.777777777777779 118.1111111111111 1.0
m 119 147 3 8.777777777777779 118.1111111111111 1.0
m 119 211 3 8.777777777777779 118.1111111111111 1.0
m 119 222 3 8.777777777777779 118.1111111111111 1.0
m 119 236 3 8.777777777777779 118.1111111111111 1.0
b 129 0 296 478
b 129 1 296 478
b 129 2 296 478
b 129 3 296 478
b 135 0 111 462
b 146 0 32 188
b 146 1 32 188
b 146 2 32 188
b 146 3 32 188
b 147 0 135 464
b 150 0 142 415
b 150 2 142 415
m 150 71 2 142 415
b 150 3 142 415
m 150 71 3 7.777777777777778 107.1111111111111 1.0
b 153 2 355 465
m 153 187 2 355 465
b 153 3 355 465
b 159 0 132 392
m 159 89 0 132 392
b 159 2 132 392
b 159 3 132 392
m 159 89 3 8.625 120.37499999999999 -1.0
b 160 1 44 8
b 165 0 476 466
b 165 3 476 466
b 169 0 89 279
m 169 89 0 89 279
b 169 1 89 279
b 169 2 89 279
m 169 89 2 89 279
b 176 1 69 155
b 176 2 69 155
b 180 2 370 423
b 187 0 428 477
b 187 1 428 477
b 187 3 428 477
b 189 1 52 9
b 191 0 441 471
b 191 3 441 471
b 192 3 114 235
m 192 169 3 8.333333333333332 123.66666666666667 1.0
b 199 1 162 414
m 199 1 1 162 414
m 199 64 1 162 414
m 199 77 1 162 414
m 199 97 1 162 414
m 199 135 1 162 414
m 199 147 1 162 414
m 199 211 1 162 414
b 199 3 162 414
b 211 0 95 386
m 211 89 0 95 386
b 220 0 32 204
b 220 1 32 204
b 220 2 32 204
b 220 3 32 204
b 221 0 133 388
m 221 89 0 133 388
b 221 2 133 388
b 221 3 133 388
m 221 89 3 8.625 120.37499999999999 -1.0
b 227 1 226 451
b 227 3 226 451
b 230 0 29 6
b 230 1 29 6
b 230 2 29 6
b 230 3 29 6
b 232 0 219 487
b 239 0 16 88
b 239 1 16 88
b 239 2 16 88
b 239 3 16 88
b 1 1 135 471
m 1 32 1 135 471
m 1 59 1 135 471
m 1 71 1 135 471
m 1 82 1 135 471
m 1 85 1 135 471
m 1 126 1 135 471
m 1 164 1 135 471
m 1 204 1 135 471
b 1 2 135 471
b 1 3 135 471
m 1 32 3 8.5 109.89999999999999 0.40375418460066936
m 1 82 3 8.5 109.89999999999999 0.40375418460066936
m 1 59 3 8.5 109.89999999999999 0.40375418460066936
b 2 3 49 252
m 2 139 3 6.6000000000000005 95.0 0.027462139323045132
b 3 0 107 321
m 3 89 0 107 321
b 3 1 107 321
m 3 89 1 107 321
b 3 2 107 321
m 3 89 2 107 321
b 32 0 130 496
b 38 1 488 461
b 45 0 42 428
m 45 56 0 42 428
m 45 90 0 42 428
m 45 91 0 42 428
m 45 94 0 42 428
b 46 1 231 484
b 46 2 231 484
b 46 3 231 484
b 51 0 94 309
m 51 89 0 94 309
b 51 1 94 309
m 51 89 1 94 309
b 51 2 94 309
m 51 89 2 94 309
b 59 0 79 483
b 64 1 108 377
m 64 89 1 108 377
b 64 2 108 377
b 64 3 108 377
m 64 89 3 8.777777777777779 118.1111111111111 -1.0
b 70 0 62 432
b 71 0 76 451
b 71 2 76 451
b 71 3 76 451
m 71 45 3 7.6 99.99999999999999 1.0
m 71 56 3 7.6 99.99999999999999 1.0
m 71 70 3 7.6 99.99999999999999 1.0
m 71 91 3 7.6 99.99999999999999 1.0
m 71 164 3 7.6 99.99999999999999 1.0
m 71 204 3 7.6 99.99999999999999 1.0
b 74 1 132 403
m 74 89 1 132 403
b 77 1 108 450
m 77 45 1 108 450
m 77 70 1 108 450
m 77 222 1 108 450
m 77 236 1 108 450
b 77 2 108 450
m 77 32 2 108 450
m 77 45 2 108 450
m 77 59 2 108 450
m 77 70 2 108 450
m 77 82 2 108 450
m 77 85 2 108 450
m 77 164 2 108 450
m 77 204 2 108 450
b 77 3 108 450
m 77 85 3 8.0 106.39999999999999 1.0
b 78 3 73 266
m 78 3 3 6.299999999999999 89.10000000000001 0.774979234263989
m 78 172 3 6.299999999999999 89.10000000000001 0.774979234263989
m 78 51 3 6.299999999999999 89.10000000000001 0.774979234263989
b 82 0 69 477
b 85 0 153 499
b 96 0 23 273
m 96 125 0 23 273
b 96 1 23 273
m 96 125 1 23 273
b 96 2 23 273
m 96 125 2 23 273
b 96 3 23 273
m 96 125 3 6.099999999999999 88.3 1.0
b 97 1 108 408
b 97 2 108 408
b 97 3 108 408
m 97 89 3 8.777777777777779 118.1111111111111 -1.0
b 98 2 245 479
b 98 3 245 479
b 100 1 482 462
b 104 1 457 479
b 118 1 23 210
b 118 2 23 210
b 119 1 146 414
b 126 0 126 486
b 126 2 126 486
b 126 3 126 486
b 135 1 111 461
b 135 2 111 461
b 135 3 111 461
b 139 0 50 293
m 139 209 0 50 293
b 139 1 50 293
m 139 209 1 50 293
b 139 2 50 293
b 147 1 134 464
b 147 2 134 464
b 147 3 134 464
b 150 1 142 414
b 159 1 133 392
m 159 89 1 133 392
b 164 0 98 488
b 165 1 475 465
b 168 0 29 277
b 168 1 29 277
b 168 2 29 277
b 168 3 29 277
b 169 3 89 280
m 169 89 3 8.333333333333332 123.66666666666667 -1.0
b 172 0 44 296
b 172 1 44 296
b 172 2 44 296
b 187 2 429 476
m 187 38 2 429 476
m 187 55 2 429 476
m 187 100 2 429 476
m 187 104 2 429 476
m 187 165 2 429 476
m 187 191 2 429 476
m 187 234 2 429 476
m 187 235 2 429 476
b 191 1 442 471
b 204 0 82 467
b 211 1 94 387
m 211 89 1 94 387
b 211 2 94 387
m 211 89 2 94 387
b 211 3 94 387
m 211 89 3 8.777777777777779 118.1111111111111 -1.0
b 214 1 471 412
b 221 1 134 388
m 221 89 1 134 388
b 222 0 78 414
b 222 2 78 414
m 222 90 2 78 414
m 222 94 2 78 414
m 222 209 2 78 414
b 222 3 78 414
m 222 94 3 8.200000000000001 107.2 0.3333333333333333
b 232 1 219 486
b 232 2 219 486
b 232 3 219 486
b 234 1 456 413
b 235 0 433 485
b 235 1 433 485
b 235 3 433 485
b 236 0 80 391
m 236 89 0 80 391
b 236 2 80 391
m 236 89 2 80 391
b 236 3 80 391
m 236 89 3 8.777777777777779 118.1111111111111 -1.0
b 3 3 108 322
m 3 89 3 6.299999999999999 89.10000000000001 -1.0
b 32 1 131 495
b 32 2 131 495
b 32 3 131 495
b 38 2 487 460
b 45 1 41 428
m 45 56 1 41 428
m 45 90 1 41 428
m 45 91 1 41 428
m 45 94 1 41 428
b 45 2 41 428
b 45 3 41 428
m 45 90 3 7.0 90.99999999999999 1.0
b 51 3 94 310
m 51 89 3 6.299999999999999 89.10000000000001 -1.0
b 55 2 439 441
m 55 214 2 439 441
b 56 0 33 480
b 56 3 33 480
b 59 1 79 482
b 59 2 79 482
m 59 56 2 79 482
m 59 91 2 79 482
b 59 3 79 482
b 70 1 63 433
b 70 2 63 433
b 70 3 63 433
b 71 1 77 452
b 82 1 69 478
b 82 2 69 478
b 82 3 69 478
b 85 1 153 497
b 85 2 153 497
b 85 3 153 497
b 90 0 9 417
b 90 2 9 417
b 91 0 17 464
b 91 3 17 464
b 94 0 24 394
b 94 2 24 394
b 94 3 24 394
m 94 209 3 7.545454545454547 97.54545454545455 1.0
b 100 2 483 461
b 104 2 456 478
b 125 0 12 337
b 125 1 12 337
b 125 2 12 337
b 125 3 12 337
b 126 1 127 486
b 139 3 49 294
b 164 1 97 488
b 164 2 97 488
b 164 3 97 488
b 165 2 475 464
b 172 3 45 295
b 191 2 443 470
b 204 1 82 466
b 204 2 82 466
b 204 3 82 466
b 209 0 75 351
m 209 89 0 75 351
b 209 1 75 351
m 209 89 1 75 351
b 209 2 75 351
m 209 89 2 75 351
b 222 1 77 415
b 234 2 457 414
b 235 2 433 484
b 236 1 79 392
m 236 89 1 79 392
b 56 1 34 480
b 56 2 34 480
b 90 1 8 418
b 90 3 8 418
b 91 1 18 464
b 91 2 18 464
b 94 1 25 395
b 209 3 76 351
m 209 89 3 7.545454545454547 97.54545454545455 -1.0
b 214 2 473 412
