Key: 
t: node change direction (node id, x, y, new direction)
s: node start location (node id, x, y, start direction, buffer)
m: message transfer (sender id, target id, messageType, sender x, sender y
b: broadcast (node id, message type, x, y)
17 398 220 112
s 0 344 331 299 10
s 1 288 349 85 2
s 2 355 139 102 21
s 3 222 139 180 20
s 4 182 398 174 7
s 5 426 282 262 13
s 6 209 114 191 4
s 7 108 282 76 8
s 8 339 262 285 11
s 9 85 79 300 12
s 10 34 228 278 20
s 11 409 210 219 7
s 12 72 90 124 13
s 13 202 476 52 11
s 14 248 465 356 9
s 15 449 380 333 15
s 16 14 365 117 12
s 17 217 42 33 7
s 18 210 90 168 5
s 19 444 454 199 22
s 20 109 318 25 1
s 21 360 167 293 21
s 22 258 482 328 10
s 23 475 6 273 5
s 24 402 457 167 1
s 25 68 185 237 5
s 26 99 98 40 7
s 27 300 318 293 0
s 28 2 311 98 13
s 29 416 308 279 12
s 30 62 4 351 14
s 31 46 483 79 13
s 32 156 14 270 13
s 33 60 252 118 14
s 34 141 455 16 14
s 35 289 256 342 16
s 36 250 26 57 15
s 37 119 353 203 6
s 38 201 414 109 13
s 39 94 414 136 15
s 40 138 33 284 20
s 41 204 187 108 4
s 42 112 114 85 6
s 43 228 44 257 10
s 44 53 454 210 13
s 45 11 86 320 7
s 46 463 426 325 5
s 47 66 450 291 4
s 48 408 451 263 3
s 49 343 118 183 5
s 50 388 222 329 16
s 51 64 39 45 0
s 52 103 421 154 17
s 53 364 456 189 6
s 54 386 289 107 4
s 55 198 262 111 15
s 56 491 171 298 4
s 57 100 202 86 6
s 58 379 16 25 14
s 59 349 313 26 12
s 60 437 246 114 3
s 61 289 49 98 22
s 62 41 140 250 10
s 63 333 494 107 21
s 64 386 340 303 4
s 65 151 282 185 21
s 66 285 232 191 22
s 67 111 258 192 12
s 68 133 207 327 8
s 69 476 422 158 14
s 70 60 389 253 21
s 71 124 71 144 3
s 72 428 154 354 0
s 73 59 363 239 11
s 74 408 212 96 15
s 75 261 359 141 10
s 76 278 418 236 21
s 77 103 154 201 1
s 78 476 133 120 7
s 79 96 383 332 17
s 80 249 107 352 12
s 81 54 103 15 12
s 82 448 28 38 6
s 83 324 452 179 15
s 84 248 325 221 19
s 85 111 101 115 12
s 86 82 215 215 1
s 87 146 486 208 21
s 88 173 197 323 13
s 89 261 114 185 15
s 90 258 44 326 3
s 91 395 427 103 20
s 92 475 169 44 16
s 93 154 458 202 0
s 94 134 183 332 6
s 95 211 81 250 3
s 96 48 263 238 17
s 97 477 469 341 15
s 98 225 489 91 0
s 99 348 452 201 9
s 100 490 379 287 18
s 101 155 363 278 20
s 102 342 21 245 7
s 103 434 149 259 9
s 104 111 208 319 12
s 105 277 492 10 7
s 106 27 217 120 2
s 107 460 412 322 22
s 108 170 491 168 4
s 109 41 404 32 0
s 110 237 148 267 18
s 111 308 283 282 20
s 112 120 39 327 14
s 113 291 472 96 17
s 114 155 477 272 6
s 115 214 401 80 17
s 116 219 305 250 21
s 117 326 3 30 13
s 118 112 310 83 8
s 119 375 323 93 13
s 120 114 228 170 5
s 121 174 122 294 15
s 122 220 112 168 16
s 123 200 205 251 14
s 124 75 123 138 21
s 125 358 288 87 22
s 126 350 106 168 6
s 127 210 80 21 17
s 128 275 71 357 18
s 129 373 178 355 2
s 130 183 266 35 21
s 131 144 358 274 12
s 132 14 36 162 9
s 133 182 193 205 15
s 134 111 39 61 10
s 135 22 33 290 12
s 136 19 304 2 5
s 137 456 203 80 22
s 138 257 266 172 21
s 139 198 480 310 5
s 140 394 359 150 6
s 141 48 127 68 1
s 142 441 67 247 9
s 143 343 5 146 20
s 144 17 398 261 10
s 145 364 256 283 10
s 146 395 0 55 8
s 147 302 208 261 1
s 148 60 408 291 0
s 149 278 217 191 22
s 150 5 293 104 5
s 151 402 466 150 8
s 152 36 45 297 5
s 153 91 219 92 6
s 154 357 236 327 13
s 155 495 184 271 16
s 156 105 492 18 10
s 157 290 203 19 8
s 158 273 37 76 11
s 159 387 222 244 20
s 160 62 11 50 2
s 161 405 211 195 20
s 162 1 415 128 18
s 163 218 165 251 14
s 164 258 62 160 12
s 165 216 253 192 5
s 166 111 165 159 1
s 167 452 376 260 20
s 168 315 108 43 10
s 169 379 124 175 18
s 170 68 132 141 1
s 171 264 469 186 22
s 172 340 117 152 6
s 173 169 19 231 11
s 174 351 165 19 7
s 175 426 90 119 19
s 176 398 216 265 8
s 177 76 462 80 9
s 178 336 98 250 2
s 179 144 75 305 20
s 180 316 91 325 16
s 181 359 445 277 9
s 182 42 107 245 2
s 183 318 255 314 4
s 184 427 366 70 3
s 185 411 262 316 8
s 186 173 29 90 15
s 187 287 324 338 12
s 188 125 52 4 22
s 189 355 420 236 14
s 190 207 224 89 21
s 191 340 373 6 15
s 192 129 44 310 16
s 193 300 36 36 15
s 194 115 14 137 18
s 195 94 309 212 9
s 196 73 181 320 8
s 197 433 11 274 5
s 198 59 486 320 5
s 199 278 7 139 3
s 200 18 5 60 19
s 201 353 262 160 8
s 202 235 51 323 21
s 203 496 150 61 16
s 204 218 136 308 5
s 205 71 136 110 15
s 206 250 183 280 14
s 207 193 326 255 20
s 208 370 477 180 13
s 209 466 107 38 20
s 210 203 65 282 20
s 211 316 471 78 3
s 212 290 494 27 9
s 213 283 153 73 10
s 214 360 107 164 12
s 215 29 389 114 14
s 216 373 313 145 22
s 217 337 163 198 9
s 218 27 338 322 9
s 219 309 45 29 22
s 220 304 140 50 19
s 221 82 483 66 10
s 222 438 121 286 0
s 223 358 417 196 17
s 224 419 224 24 16
s 225 5 138 39 12
s 226 143 415 160 3
s 227 442 175 172 17
s 228 184 46 339 22
s 229 36 492 296 6
s 230 71 449 59 17
s 231 96 457 108 19
s 232 149 384 195 16
s 233 173 15 250 17
s 234 91 172 69 4
s 235 36 15 104 3
s 236 291 49 98 3
s 237 455 486 68 5
s 238 24 220 198 5
s 239 150 439 338 9
b 144 0 14 385
m 144 16 0 14 385
m 144 44 0 14 385
m 144 70 0 14 385
m 144 73 0 14 385
m 144 109 0 14 385
m 144 148 0 14 385
m 144 162 0 14 385
m 144 215 0 14 385
m 144 218 0 14 385
b 144 1 14 385
m 144 16 1 14 385
m 144 44 1 14 385
m 144 70 1 14 385
m 144 73 1 14 385
m 144 109 1 14 385
m 144 148 1 14 385
m 144 162 1 14 385
m 144 215 1 14 385
m 144 218 1 14 385
b 144 2 14 385
m 144 16 2 14 385
m 144 44 2 14 385
m 144 70 2 14 385
m 144 73 2 14 385
m 144 109 2 14 385
m 144 148 2 14 385
m 144 162 2 14 385
m 144 215 2 14 385
m 144 218 2 14 385
b 144 3 14 385
m 144 16 3 10.0 100.0 1.0
m 144 44 3 10.0 100.0 1.0
m 144 70 3 10.0 100.0 1.0
m 144 73 3 10.0 100.0 1.0
m 144 109 3 10.0 100.0 1.0
m 144 148 3 10.0 100.0 1.0
m 144 162 3 10.0 100.0 1.0
m 144 215 3 10.0 100.0 1.0
m 144 218 3 10.0 100.0 1.0
b 109 0 63 417
m 109 39 0 63 417
m 109 47 0 63 417
m 109 52 0 63 417
m 109 79 0 63 417
m 109 177 0 63 417
m 109 198 0 63 417
m 109 229 0 63 417
m 109 230 0 63 417
m 109 231 0 63 417
b 109 1 63 417
m 109 39 1 63 417
m 109 47 1 63 417
m 109 52 1 63 417
m 109 79 1 63 417
m 109 177 1 63 417
m 109 198 1 63 417
m 109 229 1 63 417
m 109 230 1 63 417
m 109 231 1 63 417
b 109 2 63 417
b 109 3 63 417
m 109 79 3 9.666666666666668 93.66666666666667 0.9272030651340997
m 109 177 3 9.666666666666668 93.66666666666667 0.9272030651340997
m 109 231 3 9.666666666666668 93.66666666666667 0.9272030651340997
m 109 230 3 9.666666666666668 93.66666666666667 0.9272030651340997
m 109 198 3 9.666666666666668 93.66666666666667 0.9272030651340997
m 109 229 3 9.666666666666668 93.66666666666667 0.9272030651340997
m 109 52 3 9.666666666666668 93.66666666666667 0.9272030651340997
m 109 47 3 9.666666666666668 93.66666666666667 0.9272030651340997
m 109 39 3 9.666666666666668 93.66666666666667 0.9272030651340997
b 148 0 69 385
m 148 37 0 69 385
m 148 39 0 69 385
m 148 47 0 69 385
m 148 52 0 69 385
m 148 79 0 69 385
m 148 226 0 69 385
m 148 230 0 69 385
b 148 1 69 385
m 148 37 1 69 385
m 148 39 1 69 385
m 148 47 1 69 385
m 148 52 1 69 385
m 148 79 1 69 385
m 148 226 1 69 385
m 148 230 1 69 385
b 148 2 69 385
b 148 3 69 385
m 148 79 3 9.333333333333334 88.0 0.8293650793650793
m 148 39 3 9.333333333333334 88.0 0.8293650793650793
m 148 37 3 9.333333333333334 88.0 0.8293650793650793
m 148 47 3 9.333333333333334 88.0 0.8293650793650793
m 148 230 3 9.333333333333334 88.0 0.8293650793650793
m 148 52 3 9.333333333333334 88.0 0.8293650793650793
b 218 0 54 317
m 218 28 0 54 317
m 218 33 0 54 317
m 218 37 0 54 317
m 218 118 0 54 317
m 218 136 0 54 317
m 218 150 0 54 317
m 218 195 0 54 317
b 218 1 54 317
b 218 2 54 317
b 218 3 54 317
m 218 33 3 9.333333333333334 88.0 0.8293650793650793
m 218 118 3 9.333333333333334 88.0 0.8293650793650793
m 218 150 3 9.333333333333334 88.0 0.8293650793650793
m 218 37 3 9.333333333333334 88.0 0.8293650793650793
m 218 136 3 9.333333333333334 88.0 0.8293650793650793
m 218 28 3 9.333333333333334 88.0 0.8293650793650793
m 218 195 3 9.333333333333334 88.0 0.8293650793650793
b 73 0 40 332
m 73 28 0 40 332
m 73 37 0 40 332
m 73 118 0 40 332
m 73 136 0 40 332
m 73 150 0 40 332
m 73 195 0 40 332
b 73 1 40 332
m 73 28 1 40 332
m 73 37 1 40 332
m 73 118 1 40 332
m 73 136 1 40 332
m 73 150 1 40 332
m 73 195 1 40 332
b 73 2 40 332
b 73 3 40 332
m 73 28 3 9.0 83.0 0.6948853615520283
m 73 118 3 9.0 83.0 0.6948853615520283
m 73 195 3 9.0 83.0 0.6948853615520283
m 73 37 3 9.0 83.0 0.6948853615520283
b 16 0 7 388
m 16 28 0 7 388
m 16 150 0 7 388
b 16 1 7 388
m 16 28 1 7 388
m 16 150 1 7 388
b 16 2 7 388
b 16 3 7 388
m 16 28 3 7.333333333333334 68.0 0.5
m 16 150 3 7.333333333333334 68.0 0.5
b 44 0 20 435
m 44 31 0 20 435
b 44 1 20 435
m 44 31 1 20 435
b 44 2 20 435
b 44 3 20 435
m 44 31 3 7.0 67.0 1.0
b 215 0 13 424
b 215 1 13 424
b 215 2 13 424
m 215 39 2 13 424
m 215 47 2 13 424
m 215 52 2 13 424
m 215 229 2 13 424
b 215 3 13 424
b 226 0 105 429
m 226 4 0 105 429
m 226 34 0 105 429
m 226 87 0 105 429
m 226 93 0 105 429
m 226 114 0 105 429
m 226 156 0 105 429
m 226 221 0 105 429
m 226 232 0 105 429
b 226 1 105 429
m 226 4 1 105 429
m 226 34 1 105 429
m 226 87 1 105 429
m 226 93 1 105 429
m 226 114 1 105 429
m 226 156 1 105 429
m 226 221 1 105 429
m 226 232 1 105 429
b 47 0 81 411
m 47 31 0 81 411
m 47 87 0 81 411
m 47 93 0 81 411
m 47 221 0 81 411
b 47 1 81 411
m 47 31 1 81 411
m 47 87 1 81 411
m 47 93 1 81 411
m 47 221 1 81 411
b 47 3 81 411
m 47 93 3 8.75 79.25 0.5648369692704667
m 47 87 3 8.75 79.25 0.5648369692704667
m 47 226 3 8.75 79.25 0.5648369692704667
m 47 31 3 8.75 79.25 0.5648369692704667
b 198 0 91 459
m 198 31 0 91 459
m 198 87 0 91 459
m 198 93 0 91 459
m 198 108 0 91 459
m 198 156 0 91 459
m 198 221 0 91 459
b 198 1 91 459
b 198 3 91 459
m 198 87 3 9.0 82.5 0.7340357598978288
m 198 31 3 9.0 82.5 0.7340357598978288
m 198 93 3 9.0 82.5 0.7340357598978288
m 198 108 3 9.0 82.5 0.7340357598978288
m 198 221 3 9.0 82.5 0.7340357598978288
m 198 156 3 9.0 82.5 0.7340357598978288
b 37 0 79 336
m 37 7 0 79 336
m 37 20 0 79 336
m 37 65 0 79 336
m 37 101 0 79 336
m 37 118 0 79 336
m 37 131 0 79 336
m 37 136 0 79 336
m 37 195 0 79 336
m 37 232 0 79 336
b 37 1 79 336
b 37 3 79 336
m 37 7 3 9.75 96.25 1.0
m 37 20 3 9.75 96.25 1.0
m 37 65 3 9.75 96.25 1.0
m 37 101 3 9.75 96.25 1.0
m 37 118 3 9.75 96.25 1.0
m 37 131 3 9.75 96.25 1.0
m 37 136 3 9.75 96.25 1.0
m 37 195 3 9.75 96.25 1.0
m 37 232 3 9.75 96.25 1.0
b 162 0 41 426
m 162 31 0 41 426
b 162 1 41 426
b 162 2 41 426
m 162 31 2 41 426
m 162 39 2 41 426
m 162 47 2 41 426
m 162 52 2 41 426
m 162 198 2 41 426
m 162 229 2 41 426
b 162 3 41 426
m 162 31 3 7.0 67.0 1.0
b 229 0 55 453
m 229 31 0 55 453
m 229 87 0 55 453
m 229 156 0 55 453
m 229 221 0 55 453
b 229 1 55 453
m 229 31 1 55 453
m 229 87 1 55 453
m 229 156 1 55 453
m 229 221 1 55 453
b 229 3 55 453
m 229 31 3 8.5 76.5 0.31789819376026246
m 229 156 3 8.5 76.5 0.31789819376026246
b 70 0 46 345
b 70 1 46 345
b 70 2 46 345
m 70 28 2 46 345
m 70 37 2 46 345
m 70 47 2 46 345
m 70 118 2 46 345
m 70 136 2 46 345
m 70 150 2 46 345
b 70 3 46 345
b 177 0 80 491
m 177 31 0 80 491
m 177 87 0 80 491
m 177 93 0 80 491
m 177 108 0 80 491
m 177 156 0 80 491
m 177 221 0 80 491
b 177 1 80 491
m 177 31 1 80 491
m 177 87 1 80 491
m 177 93 1 80 491
m 177 108 1 80 491
m 177 156 1 80 491
m 177 221 1 80 491
b 177 3 80 491
m 177 31 3 9.0 82.5 0.7340357598978288
m 177 226 3 9.0 82.5 0.7340357598978288
m 177 93 3 9.0 82.5 0.7340357598978288
m 177 108 3 9.0 82.5 0.7340357598978288
m 177 87 3 9.0 82.5 0.7340357598978288
m 177 221 3 9.0 82.5 0.7340357598978288
b 136 0 70 306
m 136 7 0 70 306
m 136 65 0 70 306
m 136 67 0 70 306
m 136 106 0 70 306
m 136 153 0 70 306
b 136 3 70 306
m 136 67 3 8.5 75.0 0.6322909578143876
m 136 65 3 8.5 75.0 0.6322909578143876
m 136 7 3 8.5 75.0 0.6322909578143876
b 150 0 14 340
b 150 3 14 340
b 39 0 56 450
b 39 1 56 450
b 39 3 56 450
m 39 156 3 8.5 76.5 0.31789819376026246
m 39 221 3 8.5 76.5 0.31789819376026246
b 93 0 105 438
m 93 38 0 105 438
m 93 108 0 105 438
b 93 1 105 438
m 93 38 1 105 438
m 93 108 1 105 438
b 93 3 104 438
m 93 34 3 8.6 76.2 0.7163871160230201
m 93 38 3 8.6 76.2 0.7163871160230201
m 93 114 3 8.6 76.2 0.7163871160230201
m 93 156 3 8.6 76.2 0.7163871160230201
m 93 108 3 8.6 76.2 0.7163871160230201
b 136 1 72 306
b 150 1 15 342
m 150 33 1 15 342
b 52 0 54 445
b 52 1 54 445
b 52 3 54 445
b 79 0 144 357
b 79 1 144 357
b 79 3 144 357
m 79 4 3 7.750000000000001 71.25 0.5
b 118 0 118 363
b 118 3 118 363
m 118 4 3 7.25 66.25 1.0
b 230 0 98 495
b 230 1 98 495
m 230 108 1 98 495
b 230 3 98 495
b 47 2 86 398
m 47 4 2 86 398
m 47 37 2 86 398
m 47 87 2 86 398
m 47 93 2 86 398
m 47 118 2 86 398
m 47 221 2 86 398
m 47 226 2 86 398
m 47 232 2 86 398
b 195 0 47 280
m 195 57 0 47 280
m 195 67 0 47 280
m 195 96 0 47 280
m 195 106 0 47 280
m 195 120 0 47 280
m 195 153 0 47 280
m 195 238 0 47 280
b 195 3 47 280
m 195 67 3 8.75 78.25 0.7655059764018601
m 195 57 3 8.75 78.25 0.7655059764018601
m 195 106 3 8.75 78.25 0.7655059764018601
m 195 96 3 8.75 78.25 0.7655059764018601
m 195 238 3 8.75 78.25 0.7655059764018601
m 195 120 3 8.75 78.25 0.7655059764018601
b 20 0 159 341
m 20 55 0 159 341
m 20 207 0 159 341
b 20 3 159 341
m 20 207 3 8.4 78.8 0.3333333333333333
b 118 1 119 365
m 118 7 1 119 365
m 118 20 1 119 365
m 118 101 1 119 365
m 118 131 1 119 365
b 226 3 90 434
m 226 4 3 7.4 64.2 0.5
m 226 114 3 7.4 64.2 0.5
b 231 0 87 487
b 231 1 87 487
b 231 3 87 487
b 195 1 45 279
m 195 33 1 45 279
m 195 57 1 45 279
m 195 65 1 45 279
m 195 67 1 45 279
m 195 96 1 45 279
m 195 106 1 45 279
m 195 120 1 45 279
m 195 153 1 45 279
m 195 238 1 45 279
b 229 2 61 441
b 108 0 125 477
m 108 38 0 125 477
b 108 3 125 477
m 108 38 3 7.8 67.8 0.3333333333333333
b 114 0 157 419
m 114 38 0 157 419
m 114 115 0 157 419
m 114 139 0 157 419
m 114 171 0 157 419
m 114 239 0 157 419
b 114 1 157 419
m 114 38 1 157 419
m 114 115 1 157 419
m 114 139 1 157 419
m 114 171 1 157 419
m 114 239 1 157 419
b 4 0 124 404
m 4 239 0 124 404
b 4 1 124 404
m 4 20 1 124 404
m 4 239 1 124 404
b 28 0 39 353
b 28 3 39 353
b 33 0 32 305
m 33 67 0 32 305
m 33 106 0 32 305
m 33 120 0 32 305
m 33 153 0 32 305
m 33 238 0 32 305
b 33 3 32 305
m 33 238 3 8.25 72.25 0.437386781454578
m 33 106 3 8.25 72.25 0.437386781454578
m 33 67 3 8.25 72.25 0.437386781454578
b 198 2 105 448
m 198 4 2 105 448
m 198 87 2 105 448
m 198 93 2 105 448
m 198 108 2 105 448
m 198 114 2 105 448
m 198 156 2 105 448
m 198 177 2 105 448
m 198 221 2 105 448
m 198 226 2 105 448
m 198 230 2 105 448
m 198 231 2 105 448
b 28 1 40 354
m 28 33 1 40 354
b 108 1 124 473
m 108 38 1 124 473
b 156 0 86 485
b 156 1 86 485
b 221 0 113 459
b 221 1 113 459
b 7 0 123 344
m 7 55 0 123 344
b 7 3 123 344
b 31 0 77 461
b 31 1 77 461
b 31 3 77 461
b 136 2 82 306
m 136 7 2 82 306
m 136 33 2 82 306
m 136 65 2 82 306
m 136 67 2 82 306
m 136 153 2 82 306
m 136 195 2 82 306
m 136 232 2 82 306
b 150 2 19 351
m 150 33 2 19 351
b 37 2 60 328
m 37 7 2 60 328
m 37 33 2 60 328
m 37 65 2 60 328
m 37 195 2 60 328
m 37 232 2 60 328
b 156 3 84 484
b 221 3 114 458
b 106 0 2 251
m 106 96 0 2 251
m 106 120 0 2 251
m 106 238 0 2 251
b 34 0 204 473
m 34 13 0 204 473
m 34 98 0 204 473
m 34 115 0 204 473
m 34 139 0 204 473
m 34 171 0 204 473
m 34 239 0 204 473
b 34 1 204 473
m 34 13 1 204 473
m 34 98 1 204 473
m 34 115 1 204 473
m 34 139 1 204 473
m 34 171 1 204 473
m 34 239 1 204 473
b 39 2 46 460
m 39 87 2 46 460
m 39 93 2 46 460
m 39 156 2 46 460
m 39 177 2 46 460
m 39 226 2 46 460
m 39 230 2 46 460
m 39 231 2 46 460
b 118 2 120 375
m 118 7 2 120 375
m 118 20 2 120 375
m 118 79 2 120 375
m 118 101 2 120 375
m 118 114 2 120 375
b 93 2 91 433
m 93 108 2 91 433
m 93 114 2 91 433
m 93 156 2 91 433
m 93 177 2 91 433
m 93 230 2 91 433
m 93 231 2 91 433
b 131 0 148 291
m 131 41 0 148 291
m 131 84 0 148 291
m 131 138 0 148 291
m 131 165 0 148 291
m 131 190 0 148 291
b 131 3 148 291
m 131 55 3 9.4 89.8 0.6743789201820196
m 131 41 3 9.4 89.8 0.6743789201820196
m 131 84 3 9.4 89.8 0.6743789201820196
m 131 138 3 9.4 89.8 0.6743789201820196
m 131 153 3 9.4 89.8 0.6743789201820196
b 31 2 80 457
m 31 108 2 80 457
m 31 156 2 80 457
m 31 177 2 80 457
m 31 230 2 80 457
m 31 231 2 80 457
b 52 2 42 451
m 52 156 2 42 451
m 52 177 2 42 451
m 52 231 2 42 451
b 232 0 83 366
b 232 1 83 366
b 20 1 171 347
m 20 55 1 171 347
m 20 84 1 171 347
b 106 3 2 247
b 153 0 88 288
m 153 234 0 88 288
b 226 2 77 439
b 28 2 47 361
m 28 33 2 47 361
b 106 1 2 245
b 114 3 157 406
m 114 75 3 7.666666666666667 65.0 0.3333333333333333
b 232 3 80 366
b 120 0 43 241
m 120 10 0 43 241
m 120 86 0 43 241
m 120 141 0 43 241
m 120 166 0 43 241
m 120 205 0 43 241
m 120 225 0 43 241
m 120 234 0 43 241
b 120 3 43 241
m 120 86 3 8.6 75.4 0.8759869188301108
m 120 153 3 8.6 75.4 0.8759869188301108
m 120 10 3 8.6 75.4 0.8759869188301108
m 120 166 3 8.6 75.4 0.8759869188301108
m 120 234 3 8.6 75.4 0.8759869188301108
m 120 225 3 8.6 75.4 0.8759869188301108
m 120 205 3 8.6 75.4 0.8759869188301108
m 120 141 3 8.6 75.4 0.8759869188301108
b 238 0 31 249
m 238 86 0 31 249
m 238 166 0 31 249
m 238 205 0 31 249
m 238 225 0 31 249
b 238 3 31 249
m 238 225 3 8.2 69.8 0.6863450378583444
m 238 166 3 8.2 69.8 0.6863450378583444
m 238 205 3 8.2 69.8 0.6863450378583444
b 4 3 110 405
b 57 0 105 275
m 57 165 0 105 275
m 57 234 0 105 275
b 57 3 105 275
m 57 153 3 7.6 64.4 0.3333333333333333
b 87 0 82 452
b 87 1 82 452
b 4 2 109 405
b 87 3 81 452
b 120 1 41 241
m 120 10 1 41 241
m 120 86 1 41 241
m 120 141 1 41 241
m 120 166 1 41 241
m 120 205 1 41 241
m 120 225 1 41 241
m 120 234 1 41 241
b 238 1 32 250
m 238 86 1 32 250
m 238 166 1 32 250
m 238 205 1 32 250
m 238 225 1 32 250
b 57 1 105 277
m 57 165 1 105 277
m 57 207 1 105 277
m 57 234 1 105 277
b 67 0 38 242
m 67 86 0 38 242
m 67 141 0 38 242
m 67 166 0 38 242
m 67 205 0 38 242
m 67 225 0 38 242
b 67 3 38 242
m 67 153 3 8.2 69.8 0.7441854698794682
m 67 225 3 8.2 69.8 0.7441854698794682
m 67 166 3 8.2 69.8 0.7441854698794682
m 67 141 3 8.2 69.8 0.7441854698794682
m 67 205 3 8.2 69.8 0.7441854698794682
b 101 0 165 289
m 101 41 0 165 289
m 101 84 0 165 289
m 101 130 0 165 289
m 101 138 0 165 289
m 101 190 0 165 289
b 101 3 165 289
m 101 190 3 9.4 89.8 0.6743789201820196
m 101 55 3 9.4 89.8 0.6743789201820196
m 101 84 3 9.4 89.8 0.6743789201820196
m 101 41 3 9.4 89.8 0.6743789201820196
b 139 0 246 422
m 139 1 0 246 422
m 139 13 0 246 422
m 139 75 0 246 422
m 139 83 0 246 422
m 139 98 0 246 422
m 139 99 0 246 422
m 139 211 0 246 422
m 139 212 0 246 422
m 139 223 0 246 422
b 139 1 246 422
m 139 1 1 246 422
m 139 13 1 246 422
m 139 75 1 246 422
m 139 83 1 246 422
m 139 98 1 246 422
m 139 99 1 246 422
m 139 211 1 246 422
m 139 212 1 246 422
m 139 223 1 246 422
b 153 1 88 294
m 153 234 1 88 294
b 7 1 126 356
m 7 55 1 126 356
b 65 0 76 276
m 65 234 0 76 276
b 65 3 76 276
m 65 153 3 8.2 77.8 0.5
m 65 234 3 8.2 77.8 0.5
b 108 2 118 461
b 38 0 176 487
b 38 1 176 487
b 221 2 121 447
m 221 38 2 121 447
b 38 3 176 487
m 38 115 3 7.833333333333334 66.16666666666667 0.07539967631817288
b 98 0 275 452
m 98 1 0 275 452
m 98 14 0 275 452
m 98 22 0 275 452
m 98 24 0 275 452
m 98 53 0 275 452
m 98 83 0 275 452
m 98 99 0 275 452
m 98 113 0 275 452
m 98 208 0 275 452
m 98 211 0 275 452
m 98 212 0 275 452
m 98 223 0 275 452
b 98 1 275 452
m 98 1 1 275 452
m 98 14 1 275 452
m 98 22 1 275 452
m 98 24 1 275 452
m 98 53 1 275 452
m 98 83 1 275 452
m 98 99 1 275 452
m 98 113 1 275 452
m 98 208 1 275 452
m 98 211 1 275 452
m 98 212 1 275 452
m 98 223 1 275 452
b 114 2 157 399
m 114 38 2 157 399
m 114 75 2 157 399
m 114 171 2 157 399
m 114 239 2 157 399
b 20 2 180 351
m 20 55 2 180 351
m 20 75 2 180 351
m 20 76 2 180 351
m 20 84 2 180 351
m 20 131 2 180 351
m 20 138 2 180 351
m 20 190 2 180 351
b 33 1 23 321
b 34 3 217 477
m 34 239 3 8.5 74.16666666666667 0.7286884610945372
m 34 139 3 8.5 74.16666666666667 0.7286884610945372
m 34 98 3 8.5 74.16666666666667 0.7286884610945372
m 34 83 3 8.5 74.16666666666667 0.7286884610945372
m 34 115 3 8.5 74.16666666666667 0.7286884610945372
m 34 13 3 8.5 74.16666666666667 0.7286884610945372
b 239 0 223 409
m 239 75 0 223 409
m 239 76 0 223 409
m 239 83 0 223 409
b 239 1 223 409
m 239 75 1 223 409
m 239 76 1 223 409
m 239 83 1 223 409
b 131 1 149 278
m 131 41 1 149 278
m 131 138 1 149 278
m 131 165 1 149 278
m 131 207 1 149 278
m 131 234 1 149 278
b 67 1 32 241
b 153 2 88 300
m 153 57 2 88 300
m 153 120 2 88 300
m 153 131 2 88 300
m 153 234 2 88 300
m 153 238 2 88 300
b 177 2 69 457
b 156 2 67 479
b 7 2 128 363
m 7 55 2 128 363
b 41 0 179 266
m 41 66 0 179 266
m 41 116 0 179 266
m 41 149 0 179 266
b 41 3 179 266
m 41 116 3 8.833333333333332 80.83333333333333 0.4918731070885469
m 41 66 3 8.833333333333332 80.83333333333333 0.4918731070885469
m 41 165 3 8.833333333333332 80.83333333333333 0.4918731070885469
b 55 0 169 339
m 55 76 0 169 339
m 55 130 0 169 339
b 232 2 69 363
b 96 0 3 192
m 96 12 0 3 192
m 96 124 0 3 192
m 96 170 0 3 192
b 96 3 3 192
m 96 12 3 7.6 64.4 0.3333333333333333
b 165 0 134 235
m 165 42 0 134 235
m 165 66 0 134 235
m 165 116 0 134 235
m 165 149 0 134 235
b 195 2 23 265
m 195 57 2 23 265
m 195 96 2 23 265
m 195 106 2 23 265
m 195 120 2 23 265
m 195 205 2 23 265
m 195 238 2 23 265
b 86 0 13 166
m 86 12 0 13 166
m 86 25 0 13 166
m 86 77 0 13 166
m 86 85 0 13 166
m 86 124 0 13 166
m 86 170 0 13 166
b 86 3 13 166
m 86 12 3 8.333333333333334 71.0 0.7827381487880075
m 86 85 3 8.333333333333334 71.0 0.7827381487880075
m 86 25 3 8.333333333333334 71.0 0.7827381487880075
m 86 77 3 8.333333333333334 71.0 0.7827381487880075
m 86 170 3 8.333333333333334 71.0 0.7827381487880075
b 141 0 79 206
m 141 12 0 79 206
m 141 42 0 79 206
m 141 85 0 79 206
m 141 124 0 79 206
m 141 133 0 79 206
b 141 3 79 206
m 141 42 3 8.166666666666668 68.83333333333334 0.6349468912649395
m 141 12 3 8.166666666666668 68.83333333333334 0.6349468912649395
m 141 85 3 8.166666666666668 68.83333333333334 0.6349468912649395
b 153 3 88 304
b 166 0 31 196
m 166 12 0 31 196
m 166 85 0 31 196
m 166 124 0 31 196
m 166 170 0 31 196
b 166 3 31 196
m 166 85 3 8.166666666666668 68.83333333333334 0.6349468912649395
m 166 124 3 8.166666666666668 68.83333333333334 0.6349468912649395
m 166 12 3 8.166666666666668 68.83333333333334 0.6349468912649395
b 234 0 122 251
m 234 42 0 122 251
b 96 1 2 190
m 96 12 1 2 190
m 96 124 1 2 190
m 96 170 1 2 190
b 67 2 26 240
m 67 86 2 26 240
m 67 96 2 26 240
m 67 106 2 26 240
m 67 120 2 26 240
m 67 124 2 26 240
m 67 141 2 26 240
m 67 166 2 26 240
m 67 170 2 26 240
m 67 205 2 26 240
m 67 225 2 26 240
m 67 238 2 26 240
b 86 1 11 165
m 86 12 1 11 165
m 86 25 1 11 165
m 86 77 1 11 165
m 86 85 1 11 165
m 86 124 1 11 165
m 86 170 1 11 165
b 115 0 229 487
m 115 53 0 229 487
m 115 208 0 229 487
b 115 1 229 487
m 115 53 1 229 487
m 115 208 1 229 487
b 141 1 80 208
m 141 12 1 80 208
m 141 42 1 80 208
m 141 85 1 80 208
m 141 124 1 80 208
m 141 133 1 80 208
b 166 1 29 196
m 166 12 1 29 196
m 166 85 1 29 196
m 166 124 1 29 196
m 166 170 1 29 196
b 87 2 69 445
b 101 1 167 276
m 101 41 1 167 276
m 101 138 1 167 276
m 101 190 1 167 276
b 207 0 170 241
m 207 66 0 170 241
m 207 116 0 170 241
m 207 149 0 170 241
b 207 3 170 241
m 207 149 3 7.666666666666667 68.33333333333334 0.4306241765480895
m 207 165 3 7.666666666666667 68.33333333333334 0.4306241765480895
b 234 3 123 254
m 234 116 3 7.666666666666667 64.33333333333334 0.3333333333333333
b 1 0 295 438
m 1 14 0 295 438
m 1 22 0 295 438
m 1 24 0 295 438
m 1 53 0 295 438
m 1 113 0 295 438
m 1 140 0 295 438
m 1 208 0 295 438
m 1 216 0 295 438
b 1 1 295 438
m 1 14 1 295 438
m 1 22 1 295 438
m 1 24 1 295 438
m 1 53 1 295 438
m 1 113 1 295 438
m 1 140 1 295 438
m 1 208 1 295 438
m 1 216 1 295 438
b 13 0 253 449
m 13 53 0 253 449
m 13 113 0 253 449
m 13 208 0 253 449
b 13 1 253 449
b 33 2 19 330
b 230 2 123 476
b 65 1 62 275
b 211 0 267 472
m 211 105 0 267 472
b 211 1 267 472
m 211 105 1 267 472
b 234 1 124 256
m 234 41 1 124 256
m 234 42 1 124 256
m 234 116 1 124 256
m 234 138 1 124 256
b 24 0 313 477
m 24 19 0 313 477
m 24 63 0 313 477
m 24 91 0 313 477
m 24 105 0 313 477
m 24 151 0 313 477
b 24 1 313 477
m 24 19 1 313 477
m 24 63 1 313 477
m 24 91 1 313 477
m 24 105 1 313 477
m 24 151 1 313 477
b 98 3 285 444
m 98 1 3 9.142857142857142 87.71428571428571 0.958555384369332
m 98 14 3 9.142857142857142 87.71428571428571 0.958555384369332
m 98 223 3 9.142857142857142 87.71428571428571 0.958555384369332
m 98 22 3 9.142857142857142 87.71428571428571 0.958555384369332
m 98 24 3 9.142857142857142 87.71428571428571 0.958555384369332
m 98 113 3 9.142857142857142 87.71428571428571 0.958555384369332
m 98 208 3 9.142857142857142 87.71428571428571 0.958555384369332
m 98 211 3 9.142857142857142 87.71428571428571 0.958555384369332
m 98 99 3 9.142857142857142 87.71428571428571 0.958555384369332
m 98 212 3 9.142857142857142 87.71428571428571 0.958555384369332
m 98 53 3 9.142857142857142 87.71428571428571 0.958555384369332
b 231 2 100 454
b 165 1 126 234
m 165 42 1 126 234
m 165 66 1 126 234
m 165 116 1 126 234
m 165 149 1 126 234
b 171 0 172 460
b 171 1 172 460
b 75 3 189 418
m 75 171 3 6.857142857142857 56.285714285714285 0.18471414728682173
b 55 3 165 350
m 55 76 3 8.0 75.0 1.0
b 79 2 180 338
b 41 1 175 279
m 41 66 1 175 279
m 41 116 1 175 279
m 41 149 1 175 279
m 41 190 1 175 279
b 53 0 269 441
m 53 140 0 269 441
b 53 1 269 441
m 53 140 1 269 441
b 55 1 164 352
b 65 2 56 274
b 99 0 259 417
m 99 140 0 259 417
m 99 216 0 259 417
b 99 1 259 417
m 99 140 1 259 417
m 99 216 1 259 417
b 139 3 260 406
m 139 1 3 8.857142857142858 80.85714285714286 0.8997393913682882
m 139 99 3 8.857142857142858 80.85714285714286 0.8997393913682882
m 139 208 3 8.857142857142858 80.85714285714286 0.8997393913682882
m 139 212 3 8.857142857142858 80.85714285714286 0.8997393913682882
m 139 113 3 8.857142857142858 80.85714285714286 0.8997393913682882
m 139 211 3 8.857142857142858 80.85714285714286 0.8997393913682882
m 139 223 3 8.857142857142858 80.85714285714286 0.8997393913682882
b 212 0 303 413
m 212 19 0 303 413
m 212 105 0 303 413
m 212 140 0 303 413
m 212 216 0 303 413
b 212 1 303 413
m 212 19 1 303 413
m 212 105 1 303 413
m 212 140 1 303 413
m 212 216 1 303 413
b 225 0 80 198
b 225 3 80 198
m 225 133 3 7.5 63.5 0.5
b 75 0 185 420
b 75 1 185 420
b 170 0 5 196
b 234 2 126 262
m 234 41 2 126 262
m 234 42 2 126 262
m 234 116 2 126 262
m 234 141 2 126 262
m 234 165 2 126 262
m 234 207 2 126 262
b 77 0 12 119
m 77 30 0 12 119
m 77 71 0 12 119
m 77 194 0 12 119
m 77 200 0 12 119
m 77 235 0 12 119
b 77 3 12 119
m 77 71 3 8.0 66.0 0.6850693593891491
m 77 30 3 8.0 66.0 0.6850693593891491
m 77 194 3 8.0 66.0 0.6850693593891491
m 77 235 3 8.0 66.0 0.6850693593891491
b 84 0 174 261
b 84 3 174 261
m 84 149 3 8.0 75.0 1.0
b 101 2 168 266
b 106 2 2 218
b 120 2 17 245
b 170 3 5 197
b 225 1 81 199
b 238 2 47 269
b 14 0 347 459
m 14 19 0 347 459
m 14 63 0 347 459
m 14 69 0 347 459
m 14 91 0 347 459
m 14 105 0 347 459
m 14 119 0 347 459
m 14 140 0 347 459
m 14 151 0 347 459
b 14 1 347 459
m 14 19 1 347 459
m 14 63 1 347 459
m 14 69 1 347 459
m 14 91 1 347 459
m 14 105 1 347 459
m 14 119 1 347 459
m 14 140 1 347 459
m 14 151 1 347 459
b 57 2 107 301
m 57 165 2 107 301
b 170 1 6 197
b 205 0 38 229
b 205 3 38 229
b 239 2 242 402
m 239 1 2 242 402
m 239 13 2 242 402
m 239 53 2 242 402
m 239 83 2 242 402
m 239 98 2 242 402
m 239 99 2 242 402
m 239 139 2 242 402
m 239 212 2 242 402
m 239 223 2 242 402
b 22 0 343 429
m 22 19 0 343 429
m 22 63 0 343 429
m 22 69 0 343 429
m 22 91 0 343 429
m 22 105 0 343 429
m 22 119 0 343 429
m 22 151 0 343 429
b 22 1 343 429
m 22 19 1 343 429
m 22 63 1 343 429
m 22 69 1 343 429
m 22 91 1 343 429
m 22 105 1 343 429
m 22 119 1 343 429
m 22 151 1 343 429
b 75 2 183 422
m 75 34 2 183 422
m 75 83 2 183 422
m 75 139 2 183 422
b 77 1 10 119
m 77 30 1 10 119
m 77 71 1 10 119
m 77 194 1 10 119
m 77 200 1 10 119
m 77 235 1 10 119
b 84 1 172 259
m 84 66 1 172 259
m 84 116 1 172 259
m 84 149 1 172 259
b 86 2 1 157
m 86 10 2 1 157
m 86 12 2 1 157
m 86 77 2 1 157
m 86 85 2 1 157
b 138 0 158 279
b 138 3 158 279
b 141 2 85 220
m 141 42 2 85 220
m 141 85 2 85 220
m 141 133 2 85 220
m 141 165 2 85 220
b 165 3 118 232
b 166 2 17 201
m 166 10 2 17 201
m 166 12 2 17 201
m 166 85 2 17 201
b 170 2 6 198
b 190 0 209 324
m 190 201 0 209 324
b 239 3 243 401
m 239 76 3 8.142857142857142 68.71428571428571 0.5218730611917598
m 239 212 3 8.142857142857142 68.71428571428571 0.5218730611917598
m 239 99 3 8.142857142857142 68.71428571428571 0.5218730611917598
m 239 53 3 8.142857142857142 68.71428571428571 0.5218730611917598
b 205 1 37 231
b 13 3 260 438
m 13 212 3 8.714285714285714 77.85714285714286 0.8586602383692339
m 13 223 3 8.714285714285714 77.85714285714286 0.8586602383692339
m 13 208 3 8.714285714285714 77.85714285714286 0.8586602383692339
m 13 53 3 8.714285714285714 77.85714285714286 0.8586602383692339
m 13 1 3 8.714285714285714 77.85714285714286 0.8586602383692339
m 13 99 3 8.714285714285714 77.85714285714286 0.8586602383692339
m 13 113 3 8.714285714285714 77.85714285714286 0.8586602383692339
m 13 211 3 8.714285714285714 77.85714285714286 0.8586602383692339
b 25 0 12 99
m 25 30 0 12 99
m 25 62 0 12 99
m 25 71 0 12 99
m 25 194 0 12 99
m 25 200 0 12 99
m 25 235 0 12 99
b 25 3 12 99
m 25 62 3 8.0 66.0 0.6850693593891491
m 25 71 3 8.0 66.0 0.6850693593891491
m 25 194 3 8.0 66.0 0.6850693593891491
m 25 30 3 8.0 66.0 0.6850693593891491
m 25 235 3 8.0 66.0 0.6850693593891491
b 38 2 183 493
m 38 34 2 183 493
m 38 83 2 183 493
m 38 115 2 183 493
b 42 0 121 216
m 42 3 0 121 216
m 42 26 0 121 216
b 83 0 222 454
b 83 1 222 454
b 42 3 121 217
m 42 26 3 7.571428571428572 61.28571428571429 0.36032544917937775
m 42 3 3 7.571428571428572 61.28571428571429 0.36032544917937775
b 131 2 151 255
m 131 41 2 151 255
m 131 42 2 151 255
m 131 66 2 151 255
m 131 116 2 151 255
m 131 165 2 151 255
m 131 207 2 151 255
b 208 0 267 477
b 208 1 267 477
b 10 0 48 125
m 10 122 0 48 125
b 10 3 48 125
m 10 122 3 8.6 75.4 -1.0
b 24 3 300 480
m 24 91 3 8.625 79.875 0.2
b 25 1 11 97
m 25 30 1 11 97
m 25 62 1 11 97
m 25 71 1 11 97
m 25 194 1 11 97
m 25 200 1 11 97
m 25 235 1 11 97
b 223 0 258 388
m 223 189 0 258 388
b 223 1 258 388
m 223 189 1 258 388
b 1 3 297 453
b 42 1 121 219
m 42 26 1 121 219
b 10 1 49 123
m 10 122 1 49 123
b 55 2 160 361
b 83 3 218 454
b 211 3 252 465
b 113 0 328 428
m 113 54 0 328 428
m 113 119 0 328 428
m 113 125 0 328 428
b 113 1 328 428
m 113 54 1 328 428
m 113 119 1 328 428
m 113 125 1 328 428
b 115 3 235 491
b 140 0 301 412
m 140 54 0 301 412
m 140 119 0 301 412
m 140 125 0 301 412
m 140 189 0 301 412
b 140 1 301 412
m 140 54 1 301 412
m 140 119 1 301 412
m 140 125 1 301 412
m 140 189 1 301 412
b 207 1 165 222
b 130 0 271 328
m 130 189 0 271 328
m 130 201 0 271 328
b 190 3 209 332
m 190 201 3 8.166666666666666 75.5 0.5
m 190 130 3 8.166666666666666 75.5 0.5
b 12 0 11 180
m 12 71 0 11 180
m 12 235 0 11 180
b 12 3 11 180
m 12 71 3 6.666666666666666 54.33333333333333 0.1883215962441315
b 53 3 256 439
m 53 140 3 8.125 76.875 1.0
b 85 0 65 200
b 85 3 65 200
b 105 0 370 455
m 105 69 0 370 455
m 105 119 0 370 455
b 105 1 370 455
m 105 69 1 370 455
m 105 119 1 370 455
b 84 2 165 253
m 84 66 2 165 253
m 84 149 2 165 253
b 12 1 10 182
m 12 71 1 10 182
m 12 235 1 10 182
b 85 1 64 202
b 98 2 300 430
m 98 14 2 300 430
m 98 19 2 300 430
m 98 22 2 300 430
m 98 24 2 300 430
m 98 113 2 300 430
m 98 140 2 300 430
m 98 208 2 300 430
m 98 211 2 300 430
m 98 216 2 300 430
b 151 0 360 454
b 151 1 360 454
b 205 2 34 240
b 225 2 91 207
b 14 3 360 458
m 14 69 3 9.25 89.25 0.6630282845396911
m 14 19 3 9.25 89.25 0.6630282845396911
m 14 91 3 9.25 89.25 0.6630282845396911
m 14 140 3 9.25 89.25 0.6630282845396911
m 14 105 3 9.25 89.25 0.6630282845396911
m 14 54 3 9.25 89.25 0.6630282845396911
m 14 119 3 9.25 89.25 0.6630282845396911
b 76 0 216 325
b 76 1 216 325
m 76 130 1 216 325
m 76 201 1 216 325
b 76 2 216 325
b 99 3 244 412
m 99 216 3 8.25 77.25 0.5
m 99 140 3 8.25 77.25 0.5
b 133 0 81 145
m 133 122 0 81 145
b 138 2 146 281
m 138 66 2 146 281
b 171 2 152 458
b 190 2 209 336
m 190 130 2 209 336
m 190 201 2 209 336
b 212 3 303 397
b 1 2 297 461
b 22 3 354 422
m 22 19 3 9.25 89.25 0.6630282845396911
m 22 91 3 9.25 89.25 0.6630282845396911
m 22 140 3 9.25 89.25 0.6630282845396911
m 22 69 3 9.25 89.25 0.6630282845396911
m 22 63 3 9.25 89.25 0.6630282845396911
m 22 105 3 9.25 89.25 0.6630282845396911
m 22 151 3 9.25 89.25 0.6630282845396911
b 41 2 169 295
b 71 0 33 137
m 71 18 0 33 137
b 71 3 33 137
m 71 200 3 7.25 58.25 0.5
m 71 18 3 7.25 58.25 0.5
b 77 2 3 115
m 77 25 2 3 115
m 77 30 2 3 115
m 77 71 2 3 115
m 77 194 2 3 115
m 77 200 2 3 115
m 77 235 2 3 115
b 96 2 14 167
m 96 71 2 14 167
b 138 1 145 281
b 235 0 8 124
b 235 3 8 124
m 235 200 3 7.125 57.875 1.0
b 133 1 79 145
m 133 122 1 79 145
b 165 2 105 229
b 42 2 122 229
b 71 1 31 138
b 235 1 8 126
b 116 0 179 196
m 116 68 0 179 196
m 116 104 0 179 196
m 116 186 0 179 196
b 116 3 179 196
m 116 68 3 7.999999999999999 70.57142857142858 0.039769502210036195
b 139 2 273 391
b 208 3 254 477
b 53 2 248 438
m 53 24 2 248 438
m 53 113 2 248 438
m 53 140 2 248 438
m 53 208 2 248 438
m 53 211 2 248 438
m 53 216 2 248 438
b 66 0 170 209
b 66 3 170 209
b 124 0 2 206
b 149 0 163 194
m 149 81 0 163 194
m 149 186 0 163 194
b 124 3 3 207
b 124 1 3 208
b 99 2 236 409
m 99 140 2 236 409
m 99 208 2 236 409
m 99 211 2 236 409
m 99 216 2 236 409
b 113 3 335 417
m 113 19 3 9.125 86.875 0.5443247008469614
m 113 216 3 9.125 86.875 0.5443247008469614
m 113 63 3 9.125 86.875 0.5443247008469614
m 113 105 3 9.125 86.875 0.5443247008469614
b 124 2 3 209
b 201 0 240 304
b 212 2 304 389
m 212 19 2 304 389
m 212 22 2 304 389
m 212 54 2 304 389
m 212 113 2 304 389
m 212 119 2 304 389
m 212 125 2 304 389
m 212 140 2 304 389
m 212 216 2 304 389
b 223 3 243 384
m 223 216 3 8.25 77.25 0.5
b 26 0 192 176
m 26 51 0 192 176
m 26 68 0 192 176
m 26 81 0 192 176
m 26 104 0 192 176
m 26 134 0 192 176
m 26 172 0 192 176
m 26 186 0 192 176
m 26 196 0 192 176
m 26 217 0 192 176
b 190 1 209 345
b 13 2 271 421
b 26 3 192 177
m 26 196 3 8.375 78.125 0.5997932016519675
m 26 104 3 8.375 78.125 0.5997932016519675
m 26 51 3 8.375 78.125 0.5997932016519675
m 26 217 3 8.375 78.125 0.5997932016519675
m 26 134 3 8.375 78.125 0.5997932016519675
b 149 3 158 193
m 149 81 3 7.142857142857142 60.85714285714286 0.4520134213612473
b 54 0 350 407
m 54 60 0 350 407
m 54 181 0 350 407
b 54 1 350 407
b 91 0 329 492
b 91 1 329 492
b 116 1 177 190
m 116 68 1 177 190
m 116 81 1 177 190
m 116 104 1 177 190
m 116 134 1 177 190
m 116 172 1 177 190
m 116 186 1 177 190
b 133 3 71 141
m 133 122 3 7.5 63.5 -1.0
b 216 0 272 384
b 216 1 272 384
b 24 2 281 484
b 26 1 194 178
m 26 51 1 194 178
m 26 68 1 194 178
m 26 81 1 194 178
m 26 104 1 194 178
m 26 134 1 194 178
m 26 172 1 194 178
m 26 186 1 194 178
m 26 217 1 194 178
b 30 0 28 89
m 30 6 0 28 89
m 30 182 0 28 89
b 30 3 28 89
m 30 182 3 7.875 63.875 0.7941854970915261
m 30 200 3 7.875 63.875 0.7941854970915261
m 30 6 3 7.875 63.875 0.7941854970915261
b 62 0 6 27
m 62 32 0 6 27
m 62 182 0 6 27
b 62 3 6 27
m 62 182 3 7.25 58.25 0.5
m 62 32 3 7.25 58.25 0.5
b 63 0 400 401
m 63 15 0 400 401
m 63 46 0 400 401
m 63 60 0 400 401
b 63 1 400 401
m 63 15 1 400 401
m 63 46 1 400 401
m 63 60 1 400 401
b 85 2 59 214
b 119 0 369 447
m 119 46 0 369 447
m 119 97 0 369 447
b 119 1 369 447
m 119 46 1 369 447
m 119 97 1 369 447
b 12 2 2 193
b 19 0 326 414
b 19 1 326 414
b 69 0 360 469
m 69 46 0 360 469
m 69 97 0 360 469
b 69 1 360 469
m 69 46 1 360 469
m 69 97 1 360 469
b 30 1 27 91
m 30 6 1 27 91
m 30 182 1 27 91
b 34 2 262 490
b 62 1 8 27
m 62 32 1 8 27
m 62 182 1 8 27
b 66 1 161 207
m 66 186 1 161 207
b 83 2 198 454
b 149 1 154 193
b 211 2 234 456
b 76 3 207 313
b 133 2 67 139
m 133 122 2 67 139
b 140 3 284 422
m 140 125 3 7.333333333333333 68.44444444444444 1.0
b 171 3 137 456
b 54 3 349 412
m 54 125 3 8.444444444444443 79.77777777777777 0.5
m 54 60 3 8.444444444444443 79.77777777777777 0.5
b 71 2 21 146
b 194 0 21 102
m 194 6 0 21 102
m 194 233 0 21 102
b 194 3 21 102
m 194 6 3 7.25 58.25 0.5
m 194 233 3 7.25 58.25 0.5
b 201 3 233 306
m 201 189 3 7.142857142857143 64.85714285714285 0.02000000000000013
b 223 2 235 382
b 235 2 5 139
b 140 2 282 423
b 200 0 82 117
m 200 122 0 82 117
b 207 2 159 201
b 18 0 83 117
m 18 122 0 83 117
b 18 3 83 117
m 18 122 3 7.25 58.25 -1.0
b 25 2 3 86
m 25 62 2 3 86
m 25 182 2 3 86
b 116 2 175 183
m 116 26 2 175 183
m 116 81 2 175 183
m 116 104 2 175 183
m 116 134 2 175 183
m 116 172 2 175 183
m 116 186 2 175 183
b 189 0 282 312
m 189 213 0 282 312
b 189 1 282 312
m 189 213 1 282 312
b 194 1 20 103
m 194 6 1 20 103
m 194 18 1 20 103
m 194 233 1 20 103
b 105 3 388 442
m 105 46 3 8.666666666666666 81.1111111111111 0.25
m 105 100 3 8.666666666666666 81.1111111111111 0.25
b 115 2 249 471
b 200 1 83 119
m 200 122 1 83 119
b 10 2 52 97
b 14 2 380 456
b 201 1 229 308
b 201 2 229 308
b 22 2 370 411
m 22 46 2 370 411
m 22 60 2 370 411
m 22 63 2 370 411
m 22 69 2 370 411
m 22 105 2 370 411
m 22 151 2 370 411
b 51 0 158 133
m 51 40 0 158 133
m 51 49 0 158 133
m 51 89 0 158 133
m 51 123 0 158 133
m 51 160 0 158 133
m 51 164 0 158 133
m 51 199 0 158 133
b 151 3 367 433
m 151 97 3 8.555555555555555 80.33333333333333 0.3333333333333333
b 3 0 88 139
m 3 122 0 88 139
b 51 3 159 134
m 51 49 3 8.666666666666668 82.88888888888889 0.414605027377808
m 51 89 3 8.666666666666668 82.88888888888889 0.414605027377808
m 51 40 3 8.666666666666668 82.88888888888889 0.414605027377808
m 51 160 3 8.666666666666668 82.88888888888889 0.414605027377808
b 3 3 87 139
m 3 122 3 7.571428571428572 61.28571428571429 -1.0
b 51 1 160 135
b 54 2 346 419
m 54 60 2 346 419
m 54 63 2 346 419
m 54 69 2 346 419
m 54 105 2 346 419
m 54 151 2 346 419
b 68 0 247 133
m 68 11 0 247 133
m 68 49 0 247 133
m 68 61 0 247 133
m 68 88 0 247 133
m 68 94 0 247 133
m 68 126 0 247 133
m 68 143 0 247 133
m 68 147 0 247 133
m 68 158 0 247 133
m 68 161 0 247 133
m 68 169 0 247 133
m 68 199 0 247 133
m 68 214 0 247 133
m 68 236 0 247 133
b 68 3 247 133
m 68 61 3 9.125 97.87500000000001 0.07081186541445916
b 91 3 316 491
b 208 2 234 477
b 66 2 150 205
m 66 26 2 150 205
m 66 81 2 150 205
m 66 186 2 150 205
b 119 3 368 460
m 119 46 3 8.555555555555555 80.33333333333333 0.3333333333333333
b 60 0 381 372
m 60 48 0 381 372
m 60 74 0 381 372
m 60 107 0 381 372
b 69 3 348 474
m 69 46 3 8.555555555555555 80.33333333333333 0.3333333333333333
b 182 0 40 16
m 182 9 0 40 16
m 182 233 0 40 16
b 182 3 40 16
m 182 9 3 7.222222222222222 57.22222222222222 0.5
m 182 233 3 7.222222222222222 57.22222222222222 0.5
b 30 2 20 102
m 30 6 2 20 102
m 30 18 2 20 102
m 30 62 2 20 102
b 60 1 381 373
m 60 48 1 381 373
m 60 74 1 381 373
m 60 107 1 381 373
m 60 181 1 381 373
b 172 0 217 182
m 172 49 0 217 182
m 172 61 0 217 182
m 172 88 0 217 182
m 172 126 0 217 182
m 172 161 0 217 182
m 172 169 0 217 182
m 172 214 0 217 182
m 172 236 0 217 182
b 6 0 71 87
m 6 122 0 71 87
b 6 3 71 87
m 6 122 3 7.875 63.875 -1.0
b 104 0 217 117
m 104 49 0 217 117
m 104 88 0 217 117
m 104 94 0 217 117
m 104 102 0 217 117
m 104 123 0 217 117
m 104 126 0 217 117
m 104 143 0 217 117
m 104 160 0 217 117
m 104 169 0 217 117
m 104 192 0 217 117
m 104 199 0 217 117
m 104 214 0 217 117
b 113 2 345 400
b 182 1 42 16
m 182 9 1 42 16
m 182 233 1 42 16
b 46 0 409 443
m 46 100 0 409 443
b 46 1 409 443
m 46 100 1 409 443
b 81 0 191 140
m 81 40 0 191 140
m 81 49 0 191 140
m 81 89 0 191 140
m 81 123 0 191 140
m 81 126 0 191 140
m 81 160 0 191 140
m 81 164 0 191 140
m 81 199 0 191 140
m 81 214 0 191 140
b 125 0 366 429
b 125 1 366 429
b 130 3 298 347
m 130 213 3 7.142857142857143 64.85714285714285 0.02000000000000013
b 172 1 215 183
b 196 0 181 90
m 196 40 0 181 90
m 196 43 0 181 90
m 196 49 0 181 90
m 196 89 0 181 90
m 196 123 0 181 90
m 196 126 0 181 90
m 196 143 0 181 90
m 196 160 0 181 90
m 196 163 0 181 90
m 196 164 0 181 90
m 196 179 0 181 90
m 196 192 0 181 90
m 196 199 0 181 90
b 6 1 69 87
b 196 3 181 90
m 196 123 3 9.222222222222221 97.88888888888889 0.5937226168768593
m 196 126 3 9.222222222222221 97.88888888888889 0.5937226168768593
m 196 89 3 9.222222222222221 97.88888888888889 0.5937226168768593
m 196 164 3 9.222222222222221 97.88888888888889 0.5937226168768593
m 196 163 3 9.222222222222221 97.88888888888889 0.5937226168768593
m 196 143 3 9.222222222222221 97.88888888888889 0.5937226168768593
m 196 160 3 9.222222222222221 97.88888888888889 0.5937226168768593
m 196 43 3 9.222222222222221 97.88888888888889 0.5937226168768593
b 217 0 202 119
m 217 49 0 202 119
m 217 88 0 202 119
m 217 94 0 202 119
m 217 123 0 202 119
m 217 126 0 202 119
m 217 143 0 202 119
m 217 160 0 202 119
m 217 169 0 202 119
m 217 192 0 202 119
m 217 199 0 202 119
m 217 214 0 202 119
b 60 3 379 377
m 60 181 3 8.099999999999998 74.3 0.8064997500096149
m 60 48 3 8.099999999999998 74.3 0.8064997500096149
m 60 107 3 8.099999999999998 74.3 0.8064997500096149
m 60 74 3 8.099999999999998 74.3 0.8064997500096149
m 60 15 3 8.099999999999998 74.3 0.8064997500096149
b 68 1 253 129
m 68 11 1 253 129
m 68 49 1 253 129
m 68 61 1 253 129
m 68 88 1 253 129
m 68 94 1 253 129
m 68 102 1 253 129
m 68 126 1 253 129
m 68 143 1 253 129
m 68 147 1 253 129
m 68 158 1 253 129
m 68 161 1 253 129
m 68 169 1 253 129
m 68 214 1 253 129
m 68 236 1 253 129
b 134 0 180 164
m 134 49 0 180 164
m 134 89 0 180 164
m 134 126 0 180 164
m 134 160 0 180 164
m 134 164 0 180 164
m 134 199 0 180 164
m 134 214 0 180 164
b 186 0 173 172
m 186 49 0 173 172
m 186 126 0 173 172
m 186 160 0 173 172
m 186 199 0 173 172
b 194 2 10 112
m 194 6 2 10 112
m 194 18 2 10 112
m 194 233 2 10 112
b 217 3 201 119
m 217 49 3 9.0 91.22222222222223 0.5416425354800368
m 217 88 3 9.0 91.22222222222223 0.5416425354800368
m 217 123 3 9.0 91.22222222222223 0.5416425354800368
m 217 172 3 9.0 91.22222222222223 0.5416425354800368
m 217 186 3 9.0 91.22222222222223 0.5416425354800368
m 217 94 3 9.0 91.22222222222223 0.5416425354800368
m 217 160 3 9.0 91.22222222222223 0.5416425354800368
b 134 3 181 165
m 134 126 3 8.555555555555555 80.55555555555556 0.3510812992660785
m 134 49 3 8.555555555555555 80.55555555555556 0.3510812992660785
m 134 160 3 8.555555555555555 80.55555555555556 0.3510812992660785
m 134 89 3 8.555555555555555 80.55555555555556 0.3510812992660785
b 149 2 136 189
m 149 51 2 136 189
b 181 0 377 302
m 181 2 0 377 302
m 181 48 0 377 302
m 181 74 0 377 302
m 181 78 0 377 302
m 181 107 0 377 302
m 181 187 0 377 302
b 182 2 46 16
m 182 9 2 46 16
m 182 32 2 46 16
m 182 233 2 46 16
b 200 2 90 130
b 200 3 90 130
m 200 122 3 7.25 58.25 -1.0
b 19 2 307 407
b 119 2 367 468
m 119 91 2 367 468
m 119 97 2 367 468
b 130 1 302 350
b 130 2 302 350
b 134 1 181 166
m 134 49 1 181 166
m 134 89 1 181 166
m 134 126 1 181 166
m 134 160 1 181 166
m 134 164 1 181 166
m 134 196 1 181 166
m 134 199 1 181 166
m 134 214 1 181 166
b 216 2 254 396
b 217 1 200 118
m 217 49 1 200 118
m 217 88 1 200 118
m 217 94 1 200 118
m 217 123 1 200 118
m 217 126 1 200 118
m 217 143 1 200 118
m 217 160 1 200 118
m 217 169 1 200 118
m 217 192 1 200 118
m 217 196 1 200 118
m 217 199 1 200 118
m 217 214 1 200 118
b 19 3 306 407
b 63 3 412 382
m 63 15 3 8.777777777777777 82.1111111111111 0.04511110163798541
b 81 3 195 141
m 81 126 3 7.625 68.375 0.7298833582585584
m 81 123 3 7.625 68.375 0.7298833582585584
m 81 164 3 7.625 68.375 0.7298833582585584
m 81 199 3 7.625 68.375 0.7298833582585584
m 81 172 3 7.625 68.375 0.7298833582585584
b 104 3 221 113
m 104 88 3 9.0 91.22222222222223 0.5416425354800368
m 104 102 3 9.0 91.22222222222223 0.5416425354800368
m 104 123 3 9.0 91.22222222222223 0.5416425354800368
m 104 126 3 9.0 91.22222222222223 0.5416425354800368
m 104 143 3 9.0 91.22222222222223 0.5416425354800368
m 104 169 3 9.0 91.22222222222223 0.5416425354800368
b 216 3 253 397
b 18 1 67 120
m 18 122 1 67 120
b 81 1 196 141
b 104 1 222 112
m 104 49 1 222 112
m 104 88 1 222 112
m 104 94 1 222 112
m 104 102 1 222 112
m 104 123 1 222 112
m 104 126 1 222 112
m 104 143 1 222 112
m 104 160 1 222 112
m 104 169 1 222 112
m 104 188 1 222 112
m 104 192 1 222 112
m 104 196 1 222 112
m 104 199 1 222 112
m 104 210 1 222 112
m 104 214 1 222 112
b 160 0 156 124
m 160 43 0 156 124
m 160 192 0 156 124
b 46 3 402 446
m 46 15 3 7.8999999999999995 73.09999999999998 1.0
b 60 2 377 381
b 160 3 157 125
m 160 43 3 8.700000000000001 82.69999999999999 0.32592347851591563
m 160 164 3 8.700000000000001 82.69999999999999 0.32592347851591563
b 172 2 209 186
b 199 0 166 104
m 199 43 0 166 104
m 199 163 0 166 104
m 199 179 0 166 104
m 199 192 0 166 104
b 26 2 213 194
m 26 51 2 213 194
m 26 61 2 213 194
m 26 126 2 213 194
m 26 214 2 213 194
m 26 236 2 213 194
b 32 0 22 13
m 32 9 0 22 13
b 32 3 22 13
m 32 9 3 6.555555555555555 51.88888888888889 0.016949152542372836
b 147 0 279 61
m 147 102 0 279 61
m 147 159 0 279 61
m 147 173 0 279 61
m 147 178 0 279 61
m 147 188 0 279 61
m 147 202 0 279 61
m 147 204 0 279 61
m 147 206 0 279 61
m 147 210 0 279 61
m 147 228 0 279 61
b 46 2 401 447
m 46 15 2 401 447
m 46 97 2 401 447
m 46 100 2 401 447
b 49 0 193 110
m 49 102 0 193 110
m 49 192 0 193 110
m 49 210 0 193 110
b 186 1 173 179
m 186 49 1 173 179
m 186 126 1 173 179
m 186 160 1 173 179
m 186 199 1 173 179
m 186 214 1 173 179
b 15 0 408 386
m 15 59 0 408 386
b 15 1 408 386
m 15 59 1 408 386
b 32 1 20 13
m 32 9 1 20 13
b 49 3 192 110
m 49 126 3 9.200000000000001 94.19999999999999 0.4777722706189569
m 49 210 3 9.200000000000001 94.19999999999999 0.4777722706189569
m 49 143 3 9.200000000000001 94.19999999999999 0.4777722706189569
m 49 94 3 9.200000000000001 94.19999999999999 0.4777722706189569
m 49 169 3 9.200000000000001 94.19999999999999 0.4777722706189569
m 49 186 3 9.200000000000001 94.19999999999999 0.4777722706189569
b 97 0 394 463
m 97 100 0 394 463
b 97 1 394 463
m 97 100 1 394 463
b 236 0 270 198
m 236 227 0 270 198
b 62 2 34 23
m 62 9 2 34 23
m 62 32 2 34 23
m 62 233 2 34 23
b 105 2 404 429
b 134 2 185 172
m 134 49 2 185 172
m 134 51 2 185 172
m 134 126 2 185 172
m 134 160 2 185 172
m 134 169 2 185 172
m 134 196 2 185 172
m 134 199 2 185 172
m 134 214 2 185 172
m 134 217 2 185 172
b 213 0 327 298
m 213 2 0 327 298
b 213 1 327 298
b 48 0 389 299
m 48 2 0 389 299
m 48 78 0 389 299
m 48 92 0 389 299
m 48 157 0 389 299
m 48 187 0 389 299
m 48 220 0 389 299
b 151 2 374 415
m 151 15 2 374 415
m 151 97 2 374 415
m 151 100 2 374 415
b 48 1 389 298
m 48 2 1 389 298
m 48 78 1 389 298
m 48 92 1 389 298
m 48 157 1 389 298
m 48 187 1 389 298
m 48 220 1 389 298
b 81 2 203 143
m 81 49 2 203 143
m 81 51 2 203 143
m 81 126 2 203 143
m 81 143 2 203 143
m 81 160 2 203 143
m 81 169 2 203 143
m 81 192 2 203 143
m 81 196 2 203 143
m 81 199 2 203 143
m 81 214 2 203 143
m 81 217 2 203 143
b 94 0 270 110
m 94 159 0 270 110
m 94 188 0 270 110
m 94 202 0 270 110
m 94 210 0 270 110
b 104 2 227 107
m 104 49 2 227 107
m 104 51 2 227 107
m 104 68 2 227 107
m 104 88 2 227 107
m 104 94 2 227 107
m 104 102 2 227 107
m 104 126 2 227 107
m 104 143 2 227 107
m 104 160 2 227 107
m 104 169 2 227 107
m 104 188 2 227 107
m 104 192 2 227 107
m 104 196 2 227 107
m 104 199 2 227 107
m 104 210 2 227 107
m 104 214 2 227 107
m 104 217 2 227 107
b 125 2 366 442
b 126 0 199 138
b 189 3 269 292
m 189 2 3 6.375 56.87499999999999 0.020392156862745228
b 6 2 56 84
m 6 122 2 56 84
b 11 0 288 112
m 11 17 0 288 112
m 11 36 0 288 112
m 11 111 0 288 112
m 11 127 0 288 112
m 11 146 0 288 112
m 11 159 0 288 112
m 11 188 0 288 112
m 11 202 0 288 112
m 11 210 0 288 112
b 18 2 58 122
b 51 2 174 150
m 51 40 2 174 150
m 51 49 2 174 150
m 51 126 2 174 150
m 51 160 2 174 150
m 51 164 2 174 150
m 51 169 2 174 150
m 51 192 2 174 150
m 51 196 2 174 150
m 51 199 2 174 150
m 51 214 2 174 150
m 51 217 2 174 150
b 147 1 278 54
b 164 0 110 115
m 164 122 0 110 115
b 186 2 173 186
m 186 126 2 173 186
m 186 160 2 173 186
m 186 214 2 173 186
m 186 217 2 173 186
b 233 0 53 83
m 233 122 0 53 83
b 233 3 53 83
m 233 122 3 7.25 58.25 -1.0
b 48 3 388 294
m 48 78 3 7.9090909090909065 70.81818181818181 0.9589104747223394
m 48 2 3 7.9090909090909065 70.81818181818181 0.9589104747223394
m 48 157 3 7.9090909090909065 70.81818181818181 0.9589104747223394
m 48 92 3 7.9090909090909065 70.81818181818181 0.9589104747223394
m 48 187 3 7.9090909090909065 70.81818181818181 0.9589104747223394
m 48 220 3 7.9090909090909065 70.81818181818181 0.9589104747223394
b 236 1 269 205
b 69 2 329 482
b 102 0 231 92
m 102 173 0 231 92
m 102 188 0 231 92
m 102 202 0 231 92
m 102 206 0 231 92
m 102 210 0 231 92
b 123 0 149 54
m 123 45 0 149 54
m 123 112 0 149 54
m 123 132 0 149 54
m 123 135 0 149 54
m 123 152 0 149 54
b 158 0 311 191
m 158 17 0 311 191
m 158 27 0 311 191
m 158 36 0 311 191
m 158 111 0 311 191
m 158 127 0 311 191
m 158 146 0 311 191
m 158 175 0 311 191
m 158 227 0 311 191
b 160 1 164 133
b 233 1 51 85
m 233 122 1 51 85
b 49 1 183 109
b 89 0 101 100
m 89 122 0 101 100
b 97 3 387 458
b 126 3 193 139
b 181 1 379 286
m 181 2 1 379 286
m 181 78 1 379 286
m 181 157 1 379 286
m 181 187 1 379 286
m 181 220 1 379 286
b 199 1 157 112
b 214 0 206 151
b 88 0 301 100
m 88 17 0 301 100
m 88 36 0 301 100
m 88 111 0 301 100
m 88 127 0 301 100
m 88 146 0 301 100
b 89 3 100 100
m 89 122 3 8.666666666666668 82.88888888888889 -1.0
b 94 1 276 107
m 94 146 1 276 107
m 94 159 1 276 107
m 94 202 1 276 107
b 94 3 276 107
m 94 11 3 9.0 90.19999999999999 0.25120502456317406
m 94 214 3 9.0 90.19999999999999 0.25120502456317406
m 94 161 3 9.0 90.19999999999999 0.25120502456317406
b 100 3 430 464
m 100 184 3 7.8999999999999995 73.09999999999998 1.0
b 125 3 367 449
b 126 1 192 139
b 172 3 198 192
m 172 236 3 8.4 83.0 0.3333333333333333
b 199 3 157 112
m 199 132 3 7.444444444444445 64.77777777777777 0.16627586608813943
b 9 0 59 3
m 9 45 0 59 3
m 9 112 0 59 3
b 9 3 59 3
m 9 112 3 6.7 51.9 0.5127694859038143
m 9 45 3 6.7 51.9 0.5127694859038143
b 11 1 283 108
m 11 17 1 283 108
m 11 36 1 283 108
m 11 111 1 283 108
m 11 127 1 283 108
m 11 146 1 283 108
m 11 159 1 283 108
m 11 178 1 283 108
m 11 202 1 283 108
b 102 1 229 94
b 43 0 130 80
m 43 45 0 130 80
m 43 112 0 130 80
m 43 132 0 130 80
m 43 135 0 130 80
m 43 152 0 130 80
b 78 0 394 274
m 78 35 0 394 274
m 78 92 0 394 274
m 78 157 0 394 274
m 78 167 0 394 274
m 78 168 0 394 274
m 78 175 0 394 274
m 78 220 0 394 274
b 178 0 318 57
m 178 142 0 318 57
b 213 3 331 308
m 213 2 3 6.375 56.87499999999999 0.020392156862745228
b 9 1 57 3
m 9 45 1 57 3
m 9 112 1 57 3
b 43 3 130 81
m 43 135 3 9.0 93.0 0.14285714285714285
b 181 3 379 282
m 181 78 3 7.9090909090909065 70.81818181818181 0.9589104747223394
m 181 2 3 7.9090909090909065 70.81818181818181 0.9589104747223394
m 181 157 3 7.9090909090909065 70.81818181818181 0.9589104747223394
m 181 220 3 7.9090909090909065 70.81818181818181 0.9589104747223394
m 181 187 3 7.9090909090909065 70.81818181818181 0.9589104747223394
b 236 2 268 211
m 236 158 2 268 211
m 236 161 2 268 211
m 236 227 2 268 211
b 40 0 116 129
m 40 122 0 116 129
b 74 0 391 376
b 102 3 226 96
m 102 188 3 8.9 88.5 0.15532952577606232
m 102 147 3 8.9 88.5 0.15532952577606232
b 196 1 199 75
m 196 43 1 199 75
m 196 132 1 199 75
m 196 135 1 199 75
m 196 152 1 199 75
m 196 163 1 199 75
m 196 179 1 199 75
b 40 3 116 130
m 40 122 3 8.666666666666668 82.88888888888889 -1.0
b 63 2 424 366
m 63 74 2 424 366
m 63 107 2 424 366
b 74 1 391 377
b 158 1 313 198
m 158 17 1 313 198
m 158 27 1 313 198
m 158 36 1 313 198
m 158 127 1 313 198
m 158 146 1 313 198
m 158 175 1 313 198
m 158 227 1 313 198
b 160 2 168 138
b 164 3 102 118
m 164 122 3 9.222222222222221 97.88888888888889 -1.0
b 169 0 214 139
b 204 0 321 5
m 204 121 0 321 5
b 126 2 186 141
b 163 0 164 7
m 163 45 0 164 7
m 163 110 0 164 7
m 163 132 0 164 7
m 163 135 0 164 7
m 163 152 0 164 7
b 199 2 152 116
m 199 43 2 152 116
m 199 89 2 152 116
m 199 123 2 152 116
m 199 132 2 152 116
m 199 135 2 152 116
m 199 152 2 152 116
m 199 179 2 152 116
b 214 1 199 153
b 9 2 53 3
b 88 1 307 96
m 88 17 1 307 96
m 88 111 1 307 96
m 88 127 1 307 96
m 88 146 1 307 96
m 88 159 1 307 96
m 88 178 1 307 96
m 88 202 1 307 96
b 88 3 307 96
m 88 127 3 9.2 94.19999999999999 0.386124991976515
m 88 17 3 9.2 94.19999999999999 0.386124991976515
m 88 147 3 9.2 94.19999999999999 0.386124991976515
m 88 146 3 9.2 94.19999999999999 0.386124991976515
b 123 3 146 46
m 123 132 3 9.0 93.0 0.14285714285714285
b 143 0 204 99
b 161 0 243 167
b 163 3 163 6
m 163 132 3 9.0 93.0 0.14285714285714285
b 187 0 443 261
m 187 0 0 443 261
m 187 35 0 443 261
m 187 64 0 443 261
m 187 167 0 443 261
m 187 168 0 443 261
m 187 203 0 443 261
b 192 0 184 110
m 192 132 0 184 110
m 192 135 0 184 110
m 192 152 0 184 110
b 32 2 2 15
b 49 2 174 109
m 49 43 2 174 109
m 49 123 2 174 109
m 49 179 2 174 109
b 164 1 99 120
m 164 122 1 99 120
b 15 3 390 392
b 61 0 265 218
b 61 3 265 218
m 61 227 3 8.555555555555555 88.77777777777779 0.25
m 61 158 3 8.555555555555555 88.77777777777779 0.25
b 74 3 390 381
b 186 3 173 199
m 186 214 3 8.2 82.19999999999999 1.0
b 27 0 367 161
m 27 0 0 367 161
m 27 5 0 367 161
m 27 8 0 367 161
m 27 23 0 367 161
m 27 72 0 367 161
m 27 209 0 367 161
b 100 0 424 473
m 100 184 0 424 473
b 100 1 424 473
b 123 1 145 43
m 123 43 1 145 43
m 123 45 1 145 43
m 123 112 1 145 43
m 123 132 1 145 43
m 123 135 1 145 43
m 123 152 1 145 43
m 123 163 1 145 43
m 123 179 1 145 43
b 89 1 89 99
m 89 122 1 89 99
b 94 2 286 102
b 97 2 376 452
b 107 0 383 340
b 173 0 300 24
m 173 95 0 300 24
m 173 110 0 300 24
m 173 121 0 300 24
b 196 2 204 71
m 196 43 2 204 71
m 196 123 2 204 71
m 196 132 2 204 71
m 196 135 2 204 71
m 196 152 2 204 71
m 196 163 2 204 71
m 196 179 2 204 71
m 196 202 2 204 71
b 233 2 41 92
b 78 1 389 283
m 78 167 1 389 283
m 78 175 1 389 283
b 102 2 221 102
b 107 1 382 339
b 157 0 454 260
m 157 35 0 454 260
m 157 64 0 454 260
m 157 167 0 454 260
m 157 168 0 454 260
m 157 174 0 454 260
m 157 185 0 454 260
m 157 203 0 454 260
b 169 1 207 139
b 179 0 165 77
b 192 1 185 115
m 192 43 1 185 115
m 192 132 1 185 115
m 192 135 1 185 115
m 192 152 1 185 115
m 192 179 1 185 115
b 214 2 193 155
m 214 161 2 193 155
b 217 2 173 110
m 217 43 2 173 110
m 217 123 2 173 110
m 217 135 2 173 110
m 217 152 2 173 110
m 217 179 2 173 110
b 17 0 363 137
m 17 5 0 363 137
m 17 8 0 363 137
m 17 23 0 363 137
m 17 72 0 363 137
m 17 142 0 363 137
m 17 145 0 363 137
m 17 209 0 363 137
b 68 2 279 112
b 143 3 199 103
m 143 179 3 8.8 90.6 0.2
b 157 1 455 260
m 157 35 1 455 260
m 157 64 1 455 260
m 157 167 1 455 260
m 157 168 1 455 260
m 157 174 1 455 260
m 157 185 1 455 260
m 157 203 1 455 260
b 59 0 491 390
m 59 137 0 491 390
m 59 191 0 491 390
m 59 237 0 491 390
b 59 1 491 390
m 59 137 1 491 390
m 59 191 1 491 390
m 59 237 1 491 390
b 143 1 198 103
m 143 179 1 198 103
b 146 0 321 160
m 146 8 0 321 160
m 146 209 0 321 160
b 161 1 236 165
m 161 227 1 236 165
b 206 0 281 10
m 206 95 0 281 10
m 206 110 0 281 10
m 206 121 0 281 10
b 152 0 162 73
b 169 3 204 139
m 169 192 3 8.2 82.19999999999999 1.0
b 178 1 322 70
b 184 3 498 475
b 236 3 266 223
m 236 227 3 7.818181818181818 75.81818181818181 0.17698526508302673
b 2 0 318 312
b 15 2 384 394
m 15 74 2 384 394
m 15 107 2 384 394
b 61 1 264 224
b 78 3 387 286
m 78 167 3 7.499999999999997 65.66666666666667 0.04785314315088325
b 91 2 276 486
b 107 3 378 338
b 27 1 370 155
m 27 0 1 370 155
m 27 5 1 370 155
m 27 8 1 370 155
m 27 23 1 370 155
m 27 72 1 370 155
m 27 209 1 370 155
b 45 0 78 26
b 147 3 274 33
m 147 202 3 9.0 89.54545454545455 0.1863165874584683
m 147 159 3 9.0 89.54545454545455 0.1863165874584683
b 157 3 459 261
m 157 35 3 7.83333333333333 69.0 1.0
m 157 64 3 7.83333333333333 69.0 1.0
m 157 167 3 7.83333333333333 69.0 1.0
m 157 168 3 7.83333333333333 69.0 1.0
m 157 174 3 7.83333333333333 69.0 1.0
m 157 185 3 7.83333333333333 69.0 1.0
m 157 203 3 7.83333333333333 69.0 1.0
b 187 1 452 257
m 187 35 1 452 257
m 187 64 1 452 257
m 187 167 1 452 257
m 187 168 1 452 257
m 187 174 1 452 257
m 187 185 1 452 257
b 88 2 316 89
m 88 11 2 316 89
m 88 17 2 316 89
m 88 111 2 316 89
m 88 142 2 316 89
m 88 146 2 316 89
m 88 147 2 316 89
m 88 159 2 316 89
m 88 178 2 316 89
m 88 202 2 316 89
b 210 1 275 97
m 210 173 1 275 97
b 11 3 269 96
m 11 111 3 8.545454545454545 83.45454545454544 0.25
m 11 178 3 8.545454545454545 83.45454545454544 0.25
b 100 2 420 481
b 132 0 166 38
b 164 2 89 123
b 227 0 264 200
b 17 1 368 141
m 17 5 1 368 141
m 17 8 1 368 141
m 17 23 1 368 141
m 17 72 1 368 141
m 17 142 1 368 141
m 17 209 1 368 141
b 45 3 76 28
b 92 0 448 330
m 92 137 0 448 330
m 92 237 0 448 330
b 146 1 319 165
m 146 209 1 319 165
b 159 0 307 59
m 159 176 0 307 59
b 188 1 305 64
m 188 95 1 305 64
m 188 110 1 305 64
m 188 121 1 305 64
m 188 173 1 305 64
m 188 204 1 305 64
m 188 206 1 305 64
m 188 228 1 305 64
b 210 0 276 98
b 36 0 349 179
b 92 1 447 331
b 132 3 168 38
m 132 152 3 6.9 58.699999999999996 0.5
m 132 179 3 6.9 58.699999999999996 0.5
b 152 1 166 76
b 169 2 198 140
b 187 3 456 255
m 187 35 3 7.83333333333333 69.0 1.0
m 187 64 3 7.83333333333333 69.0 1.0
m 187 167 3 7.83333333333333 69.0 1.0
m 187 168 3 7.83333333333333 69.0 1.0
m 187 174 3 7.83333333333333 69.0 1.0
m 187 185 3 7.83333333333333 69.0 1.0
b 192 2 186 124
b 202 0 248 81
m 202 95 0 248 81
b 45 1 74 29
b 61 2 263 230
m 61 189 2 263 230
b 72 0 390 116
m 72 29 0 390 116
m 72 80 0 390 116
m 72 129 0 390 116
m 72 145 0 390 116
m 72 183 0 390 116
m 72 193 0 390 116
m 72 219 0 390 116
b 135 0 153 88
b 188 0 307 64
b 210 3 277 100
m 210 173 3 8.727272727272728 87.09090909090908 0.25
m 210 178 3 8.727272727272728 87.09090909090908 0.25
b 228 0 250 14
b 64 0 486 185
m 64 50 0 486 185
m 64 129 0 486 185
m 64 154 0 486 185
m 64 174 0 486 185
m 64 185 0 486 185
m 64 197 0 486 185
m 64 224 0 486 185
b 127 0 382 146
m 127 29 0 382 146
b 142 0 364 102
m 142 80 0 364 102
m 142 82 0 364 102
m 142 90 0 364 102
m 142 145 0 364 102
m 142 176 0 364 102
b 152 2 168 77
b 220 0 423 281
b 112 0 67 19
b 168 0 450 234
m 168 50 0 450 234
m 168 224 0 450 234
b 214 3 182 158
m 214 192 3 8.272727272727273 82.09090909090908 1.0
b 220 1 423 282
b 92 3 446 335
m 92 203 3 7.58333333333333 66.25 0.5188337307809747
m 92 237 3 7.58333333333333 66.25 0.5188337307809747
b 132 1 172 38
b 143 2 189 109
b 184 0 496 465
b 210 2 278 103
m 210 11 2 278 103
m 210 147 2 278 103
m 210 159 2 278 103
m 210 178 2 278 103
b 2 1 316 322
b 2 3 316 322
b 17 3 373 144
m 17 23 3 9.272727272727272 94.72727272727272 0.3485902580390515
m 17 5 3 9.272727272727272 94.72727272727272 0.3485902580390515
m 17 27 3 9.272727272727272 94.72727272727272 0.3485902580390515
b 43 1 113 96
m 43 40 1 113 96
b 95 0 282 4
b 111 0 347 100
b 158 2 318 219
m 158 36 2 318 219
m 158 146 2 318 219
m 158 175 2 318 219
m 158 209 2 318 219
b 23 0 371 150
m 23 29 0 371 150
m 23 183 0 371 150
m 23 193 0 371 150
b 40 2 111 151
b 112 3 64 20
b 132 2 174 38
b 135 3 157 91
m 135 152 3 8.272727272727273 84.63636363636364 1.0
b 146 3 316 172
m 146 27 3 8.818181818181818 87.90909090909089 0.2
m 146 36 3 8.818181818181818 87.90909090909089 0.2
b 188 2 312 65
b 36 1 353 185
b 43 2 111 98
b 135 1 158 92
b 220 3 426 285
b 0 0 436 165
m 0 29 0 436 165
m 0 50 0 436 165
m 0 129 0 436 165
m 0 183 0 436 165
m 0 193 0 436 165
m 0 219 0 436 165
m 0 224 0 436 165
b 64 1 490 180
m 64 50 1 490 180
m 64 129 1 490 180
m 64 154 1 490 180
m 64 197 1 490 180
m 64 224 1 490 180
b 72 1 384 114
m 72 29 1 384 114
m 72 80 1 384 114
m 72 129 1 384 114
m 72 142 1 384 114
m 72 145 1 384 114
m 72 183 1 384 114
m 72 193 1 384 114
m 72 219 1 384 114
b 112 1 62 20
b 175 0 333 256
b 35 0 471 197
m 35 29 0 471 197
m 35 50 0 471 197
m 35 129 0 471 197
m 35 154 0 471 197
m 35 193 0 471 197
m 35 197 0 471 197
m 35 224 0 471 197
b 127 1 388 149
m 127 29 1 388 149
m 127 142 1 388 149
b 135 2 160 93
b 163 1 163 18
b 147 2 272 19
m 147 95 2 272 19
m 147 110 2 272 19
m 147 121 2 272 19
m 147 173 2 272 19
m 147 204 2 272 19
m 147 206 2 272 19
m 147 228 2 272 19
b 174 0 466 203
m 174 50 0 466 203
m 174 154 0 466 203
m 174 197 0 466 203
m 174 224 0 466 203
b 237 0 497 324
b 237 1 497 324
b 74 2 388 404
b 121 0 288 2
b 123 2 138 22
m 123 45 2 138 22
b 158 3 320 224
m 158 209 3 8.0 80.80000000000001 0.17650046168051714
b 159 1 302 48
b 161 3 219 161
b 174 1 465 202
m 174 50 1 465 202
m 174 154 1 465 202
m 174 197 1 465 202
m 174 224 1 465 202
b 178 2 328 86
b 185 0 488 246
m 185 50 0 488 246
m 185 197 0 488 246
m 185 224 0 488 246
b 227 2 251 202
b 8 0 389 75
m 8 29 0 389 75
m 8 80 0 389 75
m 8 82 0 389 75
m 8 90 0 389 75
m 8 222 0 389 75
b 64 3 492 177
m 64 0 3 7.999999999999997 71.38461538461539 1.0
m 64 50 3 7.999999999999997 71.38461538461539 1.0
m 64 129 3 7.999999999999997 71.38461538461539 1.0
m 64 154 3 7.999999999999997 71.38461538461539 1.0
m 64 197 3 7.999999999999997 71.38461538461539 1.0
m 64 224 3 7.999999999999997 71.38461538461539 1.0
b 89 2 67 97
m 89 122 2 67 97
b 111 1 348 93
m 111 145 1 348 93
b 178 3 328 87
m 178 204 3 8.333333333333332 79.49999999999999 0.33762944983818766
m 178 142 3 8.333333333333332 79.49999999999999 0.33762944983818766
b 185 1 488 247
b 202 1 241 90
b 23 1 367 156
m 23 29 1 367 156
b 167 0 418 184
b 227 1 249 202
b 5 0 399 88
m 5 58 0 399 88
m 5 103 0 399 88
m 5 222 0 399 88
b 95 1 291 5
b 145 0 408 65
m 145 58 0 408 65
m 145 103 0 408 65
m 145 128 0 408 65
m 145 180 0 408 65
m 145 222 0 408 65
b 161 2 216 160
b 168 1 458 242
m 168 50 1 458 242
m 168 224 1 458 242
b 203 0 461 342
b 110 0 259 39
b 127 3 394 151
m 127 193 3 9.545454545454545 100.99999999999999 0.43344106964015383
m 127 29 3 9.545454545454545 100.99999999999999 0.43344106964015383
m 127 5 3 9.545454545454545 100.99999999999999 0.43344106964015383
m 127 36 3 9.545454545454545 100.99999999999999 0.43344106964015383
m 127 209 3 9.545454545454545 100.99999999999999 0.43344106964015383
b 129 0 445 122
m 129 58 0 445 122
m 129 117 0 445 122
m 129 222 0 445 122
b 174 3 461 201
m 174 0 3 7.7692307692307665 67.46153846153847 1.0
m 174 50 3 7.7692307692307665 67.46153846153847 1.0
m 174 154 3 7.7692307692307665 67.46153846153847 1.0
m 174 197 3 7.7692307692307665 67.46153846153847 1.0
m 174 224 3 7.7692307692307665 67.46153846153847 1.0
b 175 1 330 262
b 179 1 156 100
b 11 2 255 85
m 11 110 2 255 85
b 17 2 383 150
m 17 0 2 383 150
m 17 5 2 383 150
m 17 8 2 383 150
m 17 23 2 383 150
m 17 27 2 383 150
m 17 29 2 383 150
m 17 36 2 383 150
m 17 72 2 383 150
m 17 127 2 383 150
m 17 167 2 383 150
m 17 209 2 383 150
b 163 2 163 25
b 185 3 488 251
m 185 50 3 7.384615384615382 64.0 0.5
m 185 197 3 7.384615384615382 64.0 0.5
b 204 1 303 16
b 27 3 378 135
m 27 72 3 8.999999999999998 89.83333333333333 0.13096170647763422
b 90 0 426 63
m 90 21 0 426 63
m 90 58 0 426 63
m 90 103 0 426 63
m 90 128 0 426 63
m 90 180 0 426 63
m 90 222 0 426 63
b 146 2 311 182
m 146 27 2 311 182
m 146 127 2 311 182
b 152 3 180 86
b 179 2 156 102
b 183 0 456 112
m 183 58 0 456 112
m 183 117 0 456 112
m 183 128 0 456 112
m 183 222 0 456 112
b 188 3 323 65
m 188 121 3 8.727272727272728 84.9090909090909 0.1374000976841198
b 227 3 245 202
b 0 1 441 156
m 0 29 1 441 156
m 0 50 1 441 156
m 0 129 1 441 156
m 0 154 1 441 156
m 0 183 1 441 156
m 0 193 1 441 156
m 0 219 1 441 156
m 0 224 1 441 156
b 107 2 356 330
m 107 2 2 356 330
m 107 48 2 356 330
m 107 78 2 356 330
m 107 213 2 356 330
b 142 2 357 116
m 142 5 2 357 116
m 142 8 2 357 116
m 142 23 2 357 116
m 142 27 2 357 116
m 142 72 2 357 116
m 142 82 2 357 116
m 142 127 2 357 116
m 142 145 2 357 116
b 168 3 461 245
m 168 50 3 7.384615384615382 64.0 0.5
b 8 1 391 68
m 8 29 1 391 68
m 8 58 1 391 68
m 8 80 1 391 68
m 8 82 1 391 68
m 8 90 1 391 68
m 8 145 1 391 68
m 8 176 1 391 68
m 8 180 1 391 68
m 8 222 1 391 68
b 176 0 380 16
m 176 21 0 380 16
m 176 58 0 380 16
m 176 103 0 380 16
m 176 180 0 380 16
b 197 0 497 179
b 35 1 481 193
b 82 0 366 30
m 82 58 0 366 30
m 82 103 0 366 30
m 82 180 0 366 30
b 142 1 356 118
b 173 1 330 29
m 173 82 1 330 29
b 191 0 456 387
b 191 1 456 387
b 203 1 460 348
b 5 1 398 81
m 5 58 1 398 81
m 5 82 1 398 81
m 5 90 1 398 81
m 5 103 1 398 81
m 5 176 1 398 81
m 5 180 1 398 81
m 5 222 1 398 81
b 209 0 341 174
b 237 3 494 321
b 23 3 361 163
m 23 142 3 8.833333333333332 88.16666666666666 0.25
m 23 72 3 8.833333333333332 88.16666666666666 0.25
b 129 1 439 117
m 129 58 1 439 117
m 129 90 1 439 117
m 129 117 1 439 117
m 129 222 1 439 117
b 192 3 190 145
b 167 1 416 175
b 202 2 234 99
b 35 3 485 192
m 35 193 3 7.384615384615382 64.0 0.5
m 35 219 3 7.384615384615382 64.0 0.5
b 173 3 334 29
m 173 82 3 8.500000000000002 82.83333333333333 0.33767799463172743
m 173 110 3 8.500000000000002 82.83333333333333 0.33767799463172743
m 173 176 3 8.500000000000002 82.83333333333333 0.33767799463172743
b 179 3 153 108
b 183 1 461 107
m 183 58 1 461 107
m 183 90 1 461 107
m 183 117 1 461 107
m 183 128 1 461 107
m 183 222 1 461 107
b 203 3 459 352
m 203 137 3 7.461538461538459 64.38461538461539 0.3333333333333333
b 222 0 446 78
m 222 21 0 446 78
m 222 58 0 446 78
m 222 103 0 446 78
m 222 117 0 446 78
m 222 128 0 446 78
m 222 180 0 446 78
b 29 0 448 103
m 29 117 0 448 103
b 80 0 454 78
m 80 117 0 454 78
m 80 128 0 454 78
m 80 180 0 454 78
b 95 2 302 5
b 197 1 497 185
b 206 1 299 14
b 121 1 303 2
b 129 3 436 114
m 129 58 3 8.214285714285712 74.92857142857143 1.0
m 129 80 3 8.214285714285712 74.92857142857143 1.0
m 129 90 3 8.214285714285712 74.92857142857143 1.0
m 129 117 3 8.214285714285712 74.92857142857143 1.0
m 129 128 3 8.214285714285712 74.92857142857143 1.0
m 129 145 3 8.214285714285712 74.92857142857143 1.0
m 129 183 3 8.214285714285712 74.92857142857143 1.0
m 129 219 3 8.214285714285712 74.92857142857143 1.0
m 129 222 3 8.214285714285712 74.92857142857143 1.0
b 137 0 492 409
b 137 1 492 409
m 137 184 1 492 409
b 154 0 458 138
b 167 3 415 171
b 189 2 238 246
b 204 2 294 22
m 204 82 2 294 22
b 27 2 382 125
b 72 2 364 108
m 72 145 2 364 108
b 159 3 295 33
m 159 82 3 8.75 85.08333333333333 0.06993631338331417
b 193 0 470 160
b 209 1 335 176
b 72 3 363 108
m 72 8 3 8.538461538461535 83.61538461538461 0.00550265403645218
b 110 1 268 50
b 111 2 352 77
b 159 2 294 32
b 197 3 496 189
m 197 219 3 7.499999999999997 66.35714285714286 1.0
b 202 3 231 104
m 202 110 3 8.333333333333334 82.16666666666666 1.0
b 204 3 292 23
m 204 82 3 8.076923076923077 75.30769230769229 0.28036008514499233
m 204 110 3 8.076923076923077 75.30769230769229 0.28036008514499233
b 5 3 397 72
m 5 8 3 9.416666666666664 96.91666666666666 0.37765486061189724
m 5 176 3 9.416666666666664 96.91666666666666 0.37765486061189724
m 5 80 3 9.416666666666664 96.91666666666666 0.37765486061189724
m 5 82 3 9.416666666666664 96.91666666666666 0.37765486061189724
b 45 2 50 46
m 45 112 2 50 46
b 50 0 487 237
b 111 3 352 76
m 111 8 3 8.083333333333332 77.24999999999999 0.17462382811196742
b 145 1 412 50
b 224 0 463 139
b 222 1 444 85
m 222 103 1 444 85
m 222 117 1 444 85
m 222 128 1 444 85
b 29 1 449 96
m 29 117 1 449 96
b 36 2 366 206
m 36 181 2 366 206
b 80 1 461 77
m 80 21 1 461 77
m 80 117 1 461 77
m 80 128 1 461 77
b 23 2 355 172
b 36 3 367 207
b 48 2 382 237
b 142 3 351 130
m 142 8 3 7.769230769230768 73.46153846153845 1.0
b 154 1 452 137
b 173 2 343 31
b 228 1 219 21
b 0 3 448 142
m 0 183 3 7.714285714285712 67.42857142857143 0.25
m 0 80 3 7.714285714285712 67.42857142857143 0.25
b 90 1 441 72
m 90 21 1 441 72
m 90 128 1 441 72
b 103 0 441 55
m 103 56 0 441 55
m 103 155 0 441 55
b 193 1 476 164
b 219 0 499 150
b 50 1 486 242
b 82 2 351 26
b 175 2 320 280
m 175 181 2 320 280
b 206 2 307 21
b 224 1 461 134
b 40 1 104 181
b 78 2 366 323
m 78 220 2 366 323
b 82 1 350 25
b 121 2 314 3
b 154 3 448 136
b 209 2 326 178
b 0 2 450 139
m 0 35 2 450 139
m 0 64 2 450 139
m 0 80 2 450 139
m 0 117 2 450 139
m 0 129 2 450 139
m 0 154 2 450 139
m 0 174 2 450 139
m 0 183 2 450 139
m 0 193 2 450 139
m 0 219 2 450 139
m 0 222 2 450 139
m 0 224 2 450 139
b 222 3 442 91
m 222 103 3 7.933333333333332 71.0 0.25
m 222 8 3 7.933333333333332 71.0 0.25
b 8 2 396 48
m 8 58 2 396 48
m 8 90 2 396 48
m 8 103 2 396 48
m 8 176 2 396 48
m 8 180 2 396 48
m 8 222 2 396 48
b 29 3 450 89
m 29 8 3 9.0 93.33333333333331 0.3333333333333333
b 176 1 381 4
b 29 2 450 88
m 29 58 2 450 88
m 29 80 2 450 88
m 29 90 2 450 88
m 29 103 2 450 88
m 29 117 2 450 88
m 29 129 2 450 88
m 29 154 2 450 88
m 29 180 2 450 88
m 29 183 2 450 88
m 29 193 2 450 88
m 29 219 2 450 88
m 29 222 2 450 88
m 29 224 2 450 88
b 50 3 485 246
b 58 0 409 58
b 110 2 274 58
b 117 0 490 83
b 145 2 414 40
b 213 2 348 365
b 224 3 460 130
b 5 2 395 61
m 5 58 2 395 61
m 5 90 2 395 61
m 5 103 2 395 61
m 5 129 2 395 61
m 5 176 2 395 61
m 5 180 2 395 61
m 5 222 2 395 61
b 90 3 447 75
m 90 21 3 7.866666666666665 70.53333333333333 0.3333333333333333
b 82 3 345 24
m 82 95 3 8.000000000000002 76.76923076923077 0.5
m 82 206 3 8.000000000000002 76.76923076923077 0.5
b 103 1 445 61
m 103 21 1 445 61
m 103 56 1 445 61
m 103 155 1 445 61
b 180 0 438 67
m 180 56 0 438 67
m 180 155 0 438 67
b 183 3 474 94
m 183 103 3 7.799999999999999 70.2 0.5
m 183 180 3 7.799999999999999 70.2 0.5
b 184 1 491 428
b 193 3 482 168
b 219 1 498 157
b 209 3 320 180
b 121 3 321 3
m 121 95 3 8.166666666666668 78.16666666666666 0.5
m 121 206 3 8.166666666666668 78.16666666666666 0.5
b 128 0 497 61
m 128 56 0 497 61
m 128 155 0 497 61
b 176 3 384 9
b 228 2 208 23
b 58 1 404 57
b 127 2 422 161
m 127 129 2 422 161
m 127 154 2 422 161
m 127 174 2 422 161
m 127 193 2 422 161
m 127 224 2 422 161
b 117 1 487 76
b 180 1 437 72
m 180 56 1 437 72
m 180 155 1 437 72
b 145 3 416 32
m 145 56 3 7.999999999999998 71.60000000000001 0.2
m 145 155 3 7.999999999999998 71.60000000000001 0.2
b 167 2 412 150
m 167 129 2 412 150
m 167 154 2 412 150
m 167 174 2 412 150
m 167 193 2 412 150
m 167 224 2 412 150
b 21 0 479 12
b 80 3 479 74
m 80 56 3 7.933333333333332 71.0 0.25
m 80 21 3 7.933333333333332 71.0 0.25
b 222 2 438 103
b 2 2 306 367
b 56 0 462 16
b 117 3 485 72
m 117 180 3 7.799999999999999 70.2 0.5
m 117 56 3 7.799999999999999 70.2 0.5
b 8 3 400 36
m 8 180 3 7.9999999999999964 77.71428571428571 1.0
b 58 3 397 56
m 58 180 3 7.733333333333332 70.0 1.0
b 129 2 416 98
b 181 2 388 211
b 64 2 469 172
m 64 187 2 469 172
m 64 197 2 469 172
b 90 2 458 82
m 90 21 2 458 82
m 90 56 2 458 82
m 90 128 2 458 82
m 90 155 2 458 82
b 110 3 283 69
b 128 1 491 69
b 183 2 482 85
m 183 128 2 482 85
b 112 2 15 27
b 128 3 490 71
m 128 56 3 7.799999999999999 70.2 0.5
m 128 155 3 7.799999999999999 70.2 0.5
b 95 3 334 6
b 174 2 423 184
b 56 1 455 18
b 137 3 498 439
m 137 59 3 6.999999999999997 59.857142857142854 1.0
b 219 3 497 173
b 103 3 455 75
m 103 56 3 7.562499999999998 66.8125 0.007224852794716352
b 176 2 392 21
m 176 155 2 392 21
b 103 2 455 76
m 103 21 2 455 76
m 103 56 2 455 76
m 103 128 2 455 76
m 103 155 2 455 76
b 80 2 491 73
m 80 21 2 491 73
m 80 56 2 491 73
m 80 128 2 491 73
b 117 2 481 61
m 117 21 2 481 61
m 117 56 2 481 61
m 117 128 2 481 61
b 154 2 423 132
b 155 0 438 3
b 56 3 450 20
b 21 1 494 16
b 58 2 384 54
m 58 56 2 384 54
m 58 155 2 384 54
b 193 2 496 180
b 35 2 472 194
m 35 50 2 472 194
b 224 2 453 105
b 180 2 434 92
b 206 3 332 41
b 220 2 465 331
b 56 2 444 23
b 155 1 431 3
b 180 3 434 95
b 197 2 494 231
b 219 2 497 187
b 21 3 495 19
b 155 3 425 3
b 187 2 467 246
m 187 157 2 467 246
m 187 168 2 467 246
m 187 185 2 467 246
b 59 3 416 437
m 59 191 3 6.599999999999997 55.93333333333334 1.0
b 155 2 419 3
b 128 2 474 94
b 21 2 485 28
b 50 2 478 300
b 157 2 447 305
b 185 2 476 332
m 185 184 2 476 332
m 185 237 2 476 332
b 168 2 474 298
b 191 3 368 381
b 184 2 481 357
b 237 2 429 389
m 237 92 2 429 389
m 237 191 2 429 389
m 237 203 2 429 389
b 191 2 335 378
b 92 2 398 466
m 92 59 2 398 466
m 92 137 2 398 466
b 203 2 437 469
b 59 2 344 482
b 137 2 461 469
