Key: 
t: node change direction (node id, x, y, new direction)
s: node start location (node id, x, y, start direction, buffer)
m: message transfer (sender id, target id, messageType, sender x, sender y
b: broadcast (node id, message type, x, y)
9 332 259 299
s 0 329 306 227 8
s 1 99 278 290 1
s 2 284 246 192 8
s 3 416 277 239 7
s 4 175 322 352 5
s 5 436 352 183 1
s 6 420 466 258 10
s 7 219 471 76 5
s 8 45 250 184 3
s 9 396 73 320 3
s 10 35 342 352 4
s 11 84 361 144 3
s 12 430 336 332 5
s 13 185 184 303 6
s 14 371 219 6 9
s 15 18 64 118 0
s 16 297 347 83 4
s 17 407 145 100 4
s 18 37 226 147 9
s 19 487 122 63 3
s 20 141 68 243 1
s 21 134 259 151 0
s 22 498 99 232 2
s 23 328 444 210 9
s 24 441 7 168 10
s 25 430 285 184 3
s 26 290 377 86 6
s 27 343 330 100 7
s 28 330 255 305 9
s 29 268 305 293 6
s 30 328 241 170 10
s 31 58 125 295 1
s 32 473 213 97 5
s 33 459 129 258 6
s 34 287 140 123 2
s 35 314 267 158 9
s 36 322 57 250 0
s 37 18 496 9 7
s 38 410 386 121 1
s 39 413 391 118 4
s 40 71 323 26 6
s 41 317 343 67 1
s 42 158 486 246 4
s 43 429 327 357 8
s 44 259 320 297 10
s 45 398 370 131 9
s 46 448 244 280 9
s 47 104 234 93 5
s 48 124 344 40 9
s 49 447 60 328 9
s 50 275 477 12 0
s 51 328 227 305 7
s 52 388 214 298 2
s 53 180 289 282 6
s 54 297 150 10 10
s 55 216 236 301 9
s 56 255 109 276 10
s 57 263 44 203 5
s 58 496 288 214 8
s 59 151 423 24 5
s 60 488 472 271 4
s 61 305 194 134 3
s 62 272 190 155 7
s 63 337 327 12 0
s 64 489 423 124 7
s 65 97 140 170 4
s 66 326 244 129 7
s 67 489 468 91 7
s 68 343 111 133 8
s 69 395 49 142 6
s 70 401 45 15 1
s 71 224 453 322 5
s 72 322 359 17 1
s 73 383 219 245 5
s 74 435 464 96 10
s 75 468 159 128 4
s 76 373 134 79 5
s 77 314 494 242 1
s 78 337 492 120 7
s 79 361 334 71 7
s 80 79 26 129 6
s 81 371 442 300 5
s 82 63 332 118 5
s 83 152 479 264 6
s 84 105 338 289 6
s 85 381 338 97 2
s 86 300 63 59 0
s 87 402 101 114 1
s 88 79 222 102 10
s 89 269 296 93 8
s 90 487 141 192 9
s 91 74 411 170 6
s 92 316 466 38 9
s 93 450 152 139 4
s 94 20 25 35 3
s 95 144 234 266 2
s 96 245 60 267 8
s 97 341 477 33 9
s 98 349 365 273 7
s 99 323 380 333 3
s 100 293 91 105 9
s 101 189 364 15 10
s 102 300 476 275 10
s 103 258 344 104 1
s 104 414 230 53 3
s 105 118 318 47 4
s 106 255 160 67 0
s 107 266 175 121 2
s 108 303 218 54 8
s 109 43 359 173 0
s 110 421 432 23 6
s 111 157 469 50 9
s 112 255 218 159 10
s 113 3 92 47 5
s 114 203 306 348 1
s 115 68 319 349 3
s 116 448 226 121 10
s 117 455 222 20 4
s 118 251 459 346 4
s 119 5 190 168 2
s 120 283 423 91 7
s 121 166 145 95 6
s 122 497 442 253 8
s 123 338 21 153 9
s 124 258 416 85 6
s 125 71 401 28 2
s 126 42 494 241 9
s 127 483 459 26 9
s 128 132 211 135 4
s 129 270 426 200 0
s 130 450 44 227 10
s 131 325 414 333 1
s 132 457 14 357 2
s 133 274 154 12 3
s 134 21 136 278 4
s 135 59 222 319 9
s 136 332 126 21 4
s 137 173 119 41 6
s 138 296 247 186 7
s 139 239 458 359 7
s 140 475 140 118 8
s 141 0 325 156 9
s 142 5 307 28 7
s 143 143 472 278 4
s 144 494 27 321 0
s 145 391 205 26 10
s 146 347 235 60 0
s 147 362 482 200 0
s 148 429 372 130 5
s 149 445 59 83 1
s 150 397 322 73 7
s 151 117 48 336 7
s 152 402 127 294 2
s 153 222 409 25 9
s 154 81 27 165 5
s 155 276 466 230 3
s 156 367 133 21 3
s 157 366 239 184 10
s 158 57 11 190 8
s 159 372 96 163 7
s 160 164 464 240 7
s 161 63 94 87 1
s 162 437 134 185 3
s 163 139 313 138 9
s 164 259 299 26 10
s 165 329 23 68 9
s 166 137 183 279 5
s 167 84 229 192 3
s 168 174 5 114 1
s 169 73 321 243 4
s 170 252 174 347 3
s 171 70 447 139 4
s 172 288 4 278 7
s 173 357 1 214 5
s 174 125 328 80 1
s 175 124 67 269 3
s 176 285 191 136 6
s 177 463 383 92 6
s 178 380 169 182 2
s 179 320 235 144 9
s 180 150 279 203 7
s 181 84 104 229 5
s 182 452 90 181 4
s 183 79 442 138 7
s 184 195 355 213 10
s 185 318 289 26 6
s 186 159 361 231 8
s 187 57 337 209 6
s 188 187 267 101 7
s 189 128 38 296 8
s 190 149 161 137 2
s 191 25 197 231 6
s 192 193 80 221 0
s 193 471 238 341 2
s 194 22 12 145 4
s 195 182 213 317 7
s 196 318 392 64 8
s 197 12 122 136 1
s 198 148 391 199 10
s 199 284 115 138 4
s 200 33 170 251 2
s 201 102 326 132 10
s 202 184 278 94 3
s 203 251 142 108 10
s 204 316 470 47 8
s 205 124 53 340 6
s 206 473 490 139 3
s 207 52 159 309 4
s 208 303 65 147 3
s 209 317 276 262 3
s 210 427 392 68 3
s 211 179 248 166 0
s 212 161 396 261 8
s 213 281 222 314 7
s 214 180 379 321 2
s 215 382 299 285 1
s 216 333 114 113 1
s 217 140 166 99 0
s 218 177 464 12 2
s 219 41 128 65 4
s 220 278 153 86 8
s 221 138 367 20 10
s 222 9 332 291 5
s 223 163 373 235 0
s 224 253 281 263 8
s 225 415 216 235 2
s 226 150 404 267 6
s 227 404 315 182 6
s 228 113 10 230 6
s 229 262 430 184 1
s 230 382 181 214 6
s 231 325 4 350 4
s 232 489 460 177 9
s 233 302 351 284 6
s 234 496 25 189 4
s 235 255 443 4 8
s 236 135 410 304 10
s 237 361 143 269 4
s 238 455 8 93 1
s 239 150 248 358 2
b 222 0 14 320
m 222 10 0 14 320
m 222 82 0 14 320
m 222 109 0 14 320
m 222 115 0 14 320
m 222 141 0 14 320
m 222 142 0 14 320
m 222 169 0 14 320
m 222 187 0 14 320
b 222 1 14 320
m 222 10 1 14 320
m 222 82 1 14 320
m 222 109 1 14 320
m 222 115 1 14 320
m 222 141 1 14 320
m 222 142 1 14 320
m 222 169 1 14 320
m 222 187 1 14 320
b 222 2 14 320
m 222 10 2 14 320
m 222 82 2 14 320
m 222 109 2 14 320
m 222 115 2 14 320
m 222 141 2 14 320
m 222 142 2 14 320
m 222 169 2 14 320
m 222 187 2 14 320
b 222 3 14 320
m 222 10 3 9.0 81.0 1.0
m 222 82 3 9.0 81.0 1.0
m 222 109 3 9.0 81.0 1.0
m 222 115 3 9.0 81.0 1.0
m 222 141 3 9.0 81.0 1.0
m 222 142 3 9.0 81.0 1.0
m 222 169 3 9.0 81.0 1.0
m 222 187 3 9.0 81.0 1.0
b 109 0 18 362
m 109 11 0 18 362
b 109 1 18 362
b 109 2 18 362
m 109 11 2 18 362
b 109 3 18 362
m 109 11 3 7.666666666666667 62.333333333333336 0.3956521739130434
b 115 0 96 314
m 115 1 0 96 314
m 115 11 0 96 314
m 115 21 0 96 314
m 115 40 0 96 314
m 115 48 0 96 314
m 115 84 0 96 314
m 115 105 0 96 314
m 115 163 0 96 314
m 115 174 0 96 314
m 115 180 0 96 314
m 115 201 0 96 314
b 115 1 96 314
m 115 1 1 96 314
m 115 11 1 96 314
m 115 21 1 96 314
m 115 40 1 96 314
m 115 48 1 96 314
m 115 84 1 96 314
m 115 105 1 96 314
m 115 163 1 96 314
m 115 174 1 96 314
m 115 180 1 96 314
m 115 201 1 96 314
b 115 2 96 314
m 115 1 2 96 314
m 115 11 2 96 314
m 115 21 2 96 314
m 115 40 2 96 314
m 115 48 2 96 314
m 115 84 2 96 314
m 115 105 2 96 314
m 115 163 2 96 314
m 115 174 2 96 314
m 115 180 2 96 314
m 115 201 2 96 314
b 115 3 96 314
m 115 1 3 10.333333333333332 110.33333333333334 1.0
m 115 11 3 10.333333333333332 110.33333333333334 1.0
m 115 21 3 10.333333333333332 110.33333333333334 1.0
m 115 40 3 10.333333333333332 110.33333333333334 1.0
m 115 48 3 10.333333333333332 110.33333333333334 1.0
m 115 84 3 10.333333333333332 110.33333333333334 1.0
m 115 105 3 10.333333333333332 110.33333333333334 1.0
m 115 163 3 10.333333333333332 110.33333333333334 1.0
m 115 174 3 10.333333333333332 110.33333333333334 1.0
m 115 180 3 10.333333333333332 110.33333333333334 1.0
m 115 201 3 10.333333333333332 110.33333333333334 1.0
b 10 0 63 338
m 10 11 0 63 338
m 10 40 0 63 338
m 10 84 0 63 338
m 10 201 0 63 338
b 10 1 63 338
m 10 11 1 63 338
m 10 40 1 63 338
m 10 84 1 63 338
m 10 201 1 63 338
b 10 2 63 338
m 10 11 2 63 338
m 10 40 2 63 338
m 10 84 2 63 338
m 10 201 2 63 338
b 10 3 63 338
m 10 84 3 8.0 66.0 0.640625
m 10 40 3 8.0 66.0 0.640625
m 10 11 3 8.0 66.0 0.640625
b 169 0 59 295
m 169 1 0 59 295
m 169 8 0 59 295
m 169 11 0 59 295
m 169 21 0 59 295
m 169 40 0 59 295
m 169 47 0 59 295
m 169 84 0 59 295
m 169 88 0 59 295
m 169 105 0 59 295
m 169 201 0 59 295
b 169 1 59 295
m 169 1 1 59 295
m 169 8 1 59 295
m 169 11 1 59 295
m 169 21 1 59 295
m 169 40 1 59 295
m 169 47 1 59 295
m 169 84 1 59 295
m 169 88 1 59 295
m 169 105 1 59 295
m 169 201 1 59 295
b 169 2 59 295
m 169 1 2 59 295
m 169 8 2 59 295
m 169 11 2 59 295
m 169 21 2 59 295
m 169 40 2 59 295
m 169 47 2 59 295
m 169 84 2 59 295
m 169 88 2 59 295
m 169 105 2 59 295
m 169 201 2 59 295
b 169 3 59 295
m 169 1 3 9.666666666666666 94.33333333333334 1.0
m 169 8 3 9.666666666666666 94.33333333333334 1.0
m 169 11 3 9.666666666666666 94.33333333333334 1.0
m 169 21 3 9.666666666666666 94.33333333333334 1.0
m 169 40 3 9.666666666666666 94.33333333333334 1.0
m 169 47 3 9.666666666666666 94.33333333333334 1.0
m 169 84 3 9.666666666666666 94.33333333333334 1.0
m 169 88 3 9.666666666666666 94.33333333333334 1.0
m 169 105 3 9.666666666666666 94.33333333333334 1.0
m 169 201 3 9.666666666666666 94.33333333333334 1.0
b 82 0 49 358
m 82 11 0 49 358
m 82 40 0 49 358
m 82 84 0 49 358
m 82 174 0 49 358
m 82 201 0 49 358
b 82 1 49 358
m 82 11 1 49 358
m 82 40 1 49 358
m 82 84 1 49 358
m 82 174 1 49 358
m 82 201 1 49 358
b 82 2 49 358
m 82 11 2 49 358
m 82 40 2 49 358
m 82 84 2 49 358
m 82 174 2 49 358
m 82 201 2 49 358
b 82 3 49 358
m 82 11 3 8.666666666666666 75.33333333333333 0.9182692307692308
m 82 84 3 8.666666666666666 75.33333333333333 0.9182692307692308
m 82 174 3 8.666666666666666 75.33333333333333 0.9182692307692308
m 82 40 3 8.666666666666666 75.33333333333333 0.9182692307692308
m 82 201 3 8.666666666666666 75.33333333333333 0.9182692307692308
b 187 0 30 322
m 187 11 0 30 322
m 187 40 0 30 322
m 187 201 0 30 322
b 187 1 30 322
m 187 11 1 30 322
m 187 40 1 30 322
m 187 201 1 30 322
b 187 2 30 322
m 187 11 2 30 322
m 187 40 2 30 322
m 187 201 2 30 322
b 187 3 30 322
b 142 0 33 322
m 142 8 0 33 322
b 142 1 33 322
b 142 2 33 322
b 142 3 33 322
m 142 8 3 7.333333333333333 59.333333333333336 0.005681818181818121
b 141 0 33 336
m 141 11 0 33 336
m 141 40 0 33 336
m 141 201 0 33 336
b 141 1 33 336
m 141 11 1 33 336
m 141 40 1 33 336
m 141 201 1 33 336
b 141 2 33 336
m 141 11 2 33 336
m 141 40 2 33 336
m 141 201 2 33 336
b 141 3 33 336
m 141 40 3 7.0 57.0 0.3333333333333333
b 11 0 52 385
m 11 91 0 52 385
m 11 125 0 52 385
m 11 198 0 52 385
b 11 2 52 385
m 11 91 2 52 385
m 11 125 2 52 385
m 11 198 2 52 385
b 11 3 52 385
m 11 91 3 6.5 49.0 0.18662955107811943
b 21 0 99 278
m 21 47 0 99 278
m 21 88 0 99 278
m 21 128 0 99 278
m 21 186 0 99 278
m 21 211 0 99 278
b 21 1 99 278
m 21 47 1 99 278
m 21 88 1 99 278
m 21 128 1 99 278
m 21 186 1 99 278
m 21 211 1 99 278
b 21 2 99 278
b 21 3 99 278
m 21 47 3 9.25 91.75 0.003153153153153676
b 1 0 113 239
m 1 95 0 113 239
m 1 128 0 113 239
m 1 135 0 113 239
m 1 211 0 113 239
b 1 1 113 239
b 1 2 113 239
m 1 95 2 113 239
m 1 128 2 113 239
m 1 135 2 113 239
m 1 211 2 113 239
b 1 3 113 239
m 1 128 3 9.75 98.75 0.46722222222222265
m 1 95 3 9.75 98.75 0.46722222222222265
m 1 135 3 9.75 98.75 0.46722222222222265
b 174 0 132 369
m 174 184 0 132 369
m 174 186 0 132 369
m 174 198 0 132 369
m 174 212 0 132 369
m 174 221 0 132 369
m 174 223 0 132 369
m 174 226 0 132 369
m 174 236 0 132 369
b 174 1 132 369
m 174 184 1 132 369
m 174 186 1 132 369
m 174 198 1 132 369
m 174 212 1 132 369
m 174 221 1 132 369
m 174 223 1 132 369
m 174 226 1 132 369
m 174 236 1 132 369
b 174 2 132 369
m 174 184 2 132 369
m 174 186 2 132 369
m 174 198 2 132 369
m 174 212 2 132 369
m 174 221 2 132 369
m 174 223 2 132 369
m 174 226 2 132 369
m 174 236 2 132 369
b 174 3 132 369
m 174 198 3 10.5 113.0 0.8078643578643578
m 174 221 3 10.5 113.0 0.8078643578643578
m 174 212 3 10.5 113.0 0.8078643578643578
m 174 184 3 10.5 113.0 0.8078643578643578
m 174 223 3 10.5 113.0 0.8078643578643578
m 174 226 3 10.5 113.0 0.8078643578643578
m 174 186 3 10.5 113.0 0.8078643578643578
b 11 1 49 387
b 8 0 1 246
m 8 18 0 1 246
m 8 119 0 1 246
m 8 167 0 1 246
b 8 1 1 246
m 8 18 1 1 246
m 8 119 1 1 246
m 8 167 1 1 246
b 8 2 1 246
m 8 18 2 1 246
m 8 119 2 1 246
m 8 167 2 1 246
b 8 3 1 246
m 8 18 3 8.0 73.0 0.3333333333333333
b 105 0 148 350
m 105 184 0 148 350
m 105 186 0 148 350
m 105 188 0 148 350
m 105 198 0 148 350
m 105 202 0 148 350
m 105 212 0 148 350
m 105 221 0 148 350
m 105 223 0 148 350
m 105 226 0 148 350
m 105 236 0 148 350
b 105 1 148 350
b 105 2 148 350
b 105 3 148 350
m 105 198 3 10.75 118.75 0.8753488372093026
m 105 188 3 10.75 118.75 0.8753488372093026
m 105 221 3 10.75 118.75 0.8753488372093026
m 105 202 3 10.75 118.75 0.8753488372093026
m 105 186 3 10.75 118.75 0.8753488372093026
m 105 236 3 10.75 118.75 0.8753488372093026
m 105 212 3 10.75 118.75 0.8753488372093026
m 105 184 3 10.75 118.75 0.8753488372093026
m 105 223 3 10.75 118.75 0.8753488372093026
m 105 226 3 10.75 118.75 0.8753488372093026
b 40 0 113 343
m 40 184 0 113 343
m 40 186 0 113 343
m 40 198 0 113 343
m 40 212 0 113 343
m 40 223 0 113 343
m 40 226 0 113 343
m 40 236 0 113 343
b 40 1 113 343
m 40 184 1 113 343
m 40 186 1 113 343
m 40 198 1 113 343
m 40 212 1 113 343
m 40 223 1 113 343
m 40 226 1 113 343
m 40 236 1 113 343
b 40 2 113 343
m 40 184 2 113 343
m 40 186 2 113 343
m 40 198 2 113 343
m 40 212 2 113 343
m 40 223 2 113 343
m 40 226 2 113 343
m 40 236 2 113 343
b 40 3 113 343
m 40 186 3 9.5 95.0 0.27285714285714313
m 40 184 3 9.5 95.0 0.27285714285714313
b 47 0 102 280
m 47 128 0 102 280
m 47 135 0 102 280
m 47 186 0 102 280
m 47 211 0 102 280
b 47 1 102 280
m 47 128 1 102 280
m 47 135 1 102 280
m 47 186 1 102 280
m 47 211 1 102 280
b 47 2 102 280
m 47 128 2 102 280
m 47 135 2 102 280
m 47 186 2 102 280
m 47 211 2 102 280
b 47 3 102 280
m 47 128 3 8.5 77.0 0.2
m 47 135 3 8.5 77.0 0.2
b 84 0 120 294
m 84 128 0 120 294
m 84 184 0 120 294
m 84 186 0 120 294
m 84 188 0 120 294
m 84 202 0 120 294
m 84 211 0 120 294
m 84 212 0 120 294
m 84 223 0 120 294
m 84 226 0 120 294
b 84 1 120 294
m 84 128 1 120 294
m 84 184 1 120 294
m 84 186 1 120 294
m 84 188 1 120 294
m 84 202 1 120 294
m 84 211 1 120 294
m 84 212 1 120 294
m 84 223 1 120 294
m 84 226 1 120 294
b 84 2 120 294
m 84 128 2 120 294
m 84 184 2 120 294
m 84 186 2 120 294
m 84 188 2 120 294
m 84 202 2 120 294
m 84 211 2 120 294
m 84 212 2 120 294
m 84 223 2 120 294
m 84 226 2 120 294
b 84 3 120 294
m 84 188 3 10.0 103.0 0.6118888888888891
m 84 184 3 10.0 103.0 0.6118888888888891
m 84 128 3 10.0 103.0 0.6118888888888891
m 84 186 3 10.0 103.0 0.6118888888888891
m 84 226 3 10.0 103.0 0.6118888888888891
m 84 211 3 10.0 103.0 0.6118888888888891
b 180 0 106 260
m 180 95 0 106 260
m 180 128 0 106 260
m 180 186 0 106 260
m 180 211 0 106 260
b 180 1 106 260
m 180 95 1 106 260
m 180 128 1 106 260
m 180 186 1 106 260
m 180 211 1 106 260
b 180 2 106 260
b 180 3 106 260
m 180 128 3 10.0 103.0 0.6118888888888891
m 180 186 3 10.0 103.0 0.6118888888888891
m 180 95 3 10.0 103.0 0.6118888888888891
b 48 0 162 376
m 48 83 0 162 376
m 48 101 0 162 376
m 48 125 0 162 376
m 48 143 0 162 376
m 48 160 0 162 376
m 48 184 0 162 376
m 48 186 0 162 376
m 48 198 0 162 376
m 48 212 0 162 376
m 48 214 0 162 376
m 48 221 0 162 376
m 48 223 0 162 376
m 48 226 0 162 376
m 48 236 0 162 376
b 48 1 162 376
m 48 83 1 162 376
m 48 101 1 162 376
m 48 125 1 162 376
m 48 143 1 162 376
m 48 160 1 162 376
m 48 184 1 162 376
m 48 186 1 162 376
m 48 198 1 162 376
m 48 212 1 162 376
m 48 214 1 162 376
m 48 221 1 162 376
m 48 223 1 162 376
m 48 226 1 162 376
m 48 236 1 162 376
b 48 2 162 376
b 48 3 162 376
m 48 83 3 11.75 146.75 1.0
m 48 101 3 11.75 146.75 1.0
m 48 125 3 11.75 146.75 1.0
m 48 143 3 11.75 146.75 1.0
m 48 160 3 11.75 146.75 1.0
m 48 184 3 11.75 146.75 1.0
m 48 186 3 11.75 146.75 1.0
m 48 198 3 11.75 146.75 1.0
m 48 212 3 11.75 146.75 1.0
m 48 214 3 11.75 146.75 1.0
m 48 221 3 11.75 146.75 1.0
m 48 223 3 11.75 146.75 1.0
m 48 226 3 11.75 146.75 1.0
m 48 236 3 11.75 146.75 1.0
b 163 0 103 346
m 163 184 0 103 346
m 163 186 0 103 346
m 163 198 0 103 346
m 163 202 0 103 346
m 163 212 0 103 346
m 163 223 0 103 346
m 163 226 0 103 346
m 163 236 0 103 346
b 163 1 103 346
m 163 184 1 103 346
m 163 186 1 103 346
m 163 198 1 103 346
m 163 202 1 103 346
m 163 212 1 103 346
m 163 223 1 103 346
m 163 226 1 103 346
m 163 236 1 103 346
b 163 2 103 346
b 163 3 103 346
m 163 186 3 10.0 103.0 0.6118888888888891
m 163 184 3 10.0 103.0 0.6118888888888891
m 163 198 3 10.0 103.0 0.6118888888888891
m 163 212 3 10.0 103.0 0.6118888888888891
m 163 202 3 10.0 103.0 0.6118888888888891
b 201 0 68 363
m 201 125 0 68 363
m 201 186 0 68 363
m 201 198 0 68 363
m 201 223 0 68 363
m 201 226 0 68 363
b 201 1 68 363
m 201 125 1 68 363
m 201 186 1 68 363
m 201 198 1 68 363
m 201 223 1 68 363
m 201 226 1 68 363
b 201 2 68 363
b 201 3 68 363
m 201 226 3 9.25 91.75 0.003153153153153676
b 88 0 68 272
m 88 167 0 68 272
b 88 1 68 272
m 88 167 1 68 272
b 88 2 68 272
m 88 128 2 68 272
m 88 167 2 68 272
m 88 211 2 68 272
b 88 3 68 272
m 88 128 3 8.75 79.75 0.30153730783652066
b 211 0 129 261
m 211 53 0 129 261
m 211 217 0 129 261
m 211 239 0 129 261
b 211 1 129 261
m 211 53 1 129 261
m 211 95 1 129 261
m 211 217 1 129 261
m 211 239 1 129 261
b 211 2 128 261
m 211 53 2 128 261
m 211 217 2 128 261
b 223 0 133 330
m 223 188 0 133 330
m 223 202 0 133 330
b 223 1 133 330
m 223 188 1 133 330
m 223 202 1 133 330
b 223 2 133 330
m 223 188 2 133 330
m 223 202 2 133 330
b 223 3 133 330
m 223 188 3 9.200000000000001 93.60000000000001 0.25
b 125 0 119 426
m 125 42 0 119 426
m 125 83 0 119 426
m 125 143 0 119 426
m 125 160 0 119 426
b 125 2 119 426
b 95 0 140 179
m 95 53 0 140 179
m 95 121 0 140 179
m 95 166 0 140 179
m 95 190 0 140 179
m 95 195 0 140 179
m 95 217 0 140 179
b 95 2 140 179
m 95 53 2 140 179
m 95 121 2 140 179
m 95 166 2 140 179
m 95 190 2 140 179
m 95 195 2 140 179
m 95 217 2 140 179
b 95 3 140 179
m 95 121 3 9.2 88.8 0.42832236102387583
m 95 53 3 9.2 88.8 0.42832236102387583
m 95 166 3 9.2 88.8 0.42832236102387583
b 128 0 92 251
m 128 190 0 92 251
m 128 217 0 92 251
b 128 1 92 251
m 128 95 1 92 251
m 128 135 1 92 251
m 128 190 1 92 251
m 128 217 1 92 251
b 128 2 91 252
b 128 3 91 252
m 128 167 3 8.4 80.8 0.3333333333333333
b 91 0 16 421
m 91 37 0 16 421
m 91 126 0 16 421
m 91 171 0 16 421
m 91 183 0 16 421
b 91 2 16 421
m 91 37 2 16 421
m 91 126 2 16 421
m 91 171 2 16 421
m 91 183 2 16 421
b 91 3 16 421
m 91 171 3 6.0 42.400000000000006 0.2433868910236416
b 119 0 20 239
m 119 191 0 20 239
m 119 219 0 20 239
b 119 1 20 239
m 119 191 1 20 239
m 119 219 1 20 239
b 119 2 20 239
m 119 191 2 20 239
m 119 219 2 20 239
b 211 3 123 262
b 167 0 26 217
m 167 65 0 26 217
m 167 191 0 26 217
m 167 197 0 26 217
m 167 219 0 26 217
b 167 1 26 217
m 167 65 1 26 217
m 167 191 1 26 217
m 167 197 1 26 217
m 167 219 1 26 217
b 167 2 26 217
b 202 0 180 337
m 202 4 0 180 337
m 202 101 0 180 337
m 202 214 0 180 337
b 202 3 180 337
m 202 101 3 9.2 96.8 0.3333333333333333
b 226 0 147 345
b 226 1 147 345
b 226 2 147 345
b 226 3 147 345
b 186 0 121 315
b 186 1 121 315
b 95 1 140 173
m 95 121 1 140 173
m 95 166 1 140 173
m 95 190 1 140 173
m 95 217 1 140 173
b 186 2 121 314
b 186 3 121 314
b 202 1 180 339
m 202 4 1 180 339
b 202 2 180 339
b 212 0 152 335
b 212 1 152 335
b 212 2 152 335
b 212 3 152 335
b 135 0 106 182
m 135 65 0 106 182
m 135 121 0 106 182
m 135 161 0 106 182
m 135 166 0 106 182
m 135 190 0 106 182
m 135 207 0 106 182
m 135 217 0 106 182
m 135 219 0 106 182
b 135 2 106 182
m 135 65 2 106 182
m 135 121 2 106 182
m 135 161 2 106 182
m 135 166 2 106 182
m 135 190 2 106 182
m 135 207 2 106 182
m 135 217 2 106 182
m 135 219 2 106 182
b 135 3 106 182
m 135 207 3 9.6 95.2 0.5287602302677212
m 135 166 3 9.6 95.2 0.5287602302677212
m 135 190 3 9.6 95.2 0.5287602302677212
m 135 121 3 9.6 95.2 0.5287602302677212
b 198 0 89 371
b 198 2 89 371
b 125 1 127 430
m 125 42 1 127 430
b 125 3 127 430
m 125 42 3 9.6 117.60000000000001 1.0
b 184 0 142 321
b 184 1 142 321
b 184 2 142 321
b 184 3 142 321
b 188 0 175 329
m 188 4 0 175 329
b 188 3 175 329
m 188 4 3 8.799999999999999 95.2 1.0
b 198 1 88 371
b 198 3 88 371
b 214 0 229 340
m 214 4 0 229 340
m 214 89 0 229 340
m 214 103 0 229 340
m 214 114 0 229 340
m 214 129 0 229 340
b 214 1 229 340
m 214 4 1 229 340
m 214 89 1 229 340
m 214 103 1 229 340
m 214 114 1 229 340
m 214 129 1 229 340
b 214 3 229 340
m 214 4 3 10.4 122.4 0.2
m 214 129 3 10.4 122.4 0.2
b 221 0 197 389
m 221 42 0 197 389
m 221 59 0 197 389
m 221 103 0 197 389
m 221 129 0 197 389
m 221 155 0 197 389
m 221 229 0 197 389
b 221 1 197 389
m 221 42 1 197 389
m 221 59 1 197 389
m 221 103 1 197 389
m 221 129 1 197 389
m 221 155 1 197 389
m 221 229 1 197 389
b 221 2 197 389
b 221 3 197 389
m 221 129 3 9.6 97.60000000000001 0.2249540996492215
m 221 42 3 9.6 97.60000000000001 0.2249540996492215
b 236 0 170 357
m 236 129 0 170 357
b 236 1 170 357
m 236 129 1 170 357
b 236 2 170 357
m 236 83 2 170 357
m 236 129 2 170 357
m 236 143 2 170 357
m 236 160 2 170 357
b 217 0 130 229
m 217 121 0 130 229
m 217 190 0 130 229
b 217 1 130 229
m 217 121 1 130 229
m 217 190 1 130 229
b 18 0 6 230
b 18 1 6 230
b 18 2 6 230
b 18 3 6 230
m 18 167 3 6.800000000000001 59.199999999999996 0.19245852187028661
b 143 0 152 407
m 143 59 0 152 407
m 143 229 0 152 407
b 143 1 152 407
m 143 42 1 152 407
m 143 59 1 152 407
m 143 229 1 152 407
b 143 3 152 407
m 143 42 3 10.200000000000001 120.60000000000001 0.25
m 143 59 3 10.200000000000001 120.60000000000001 0.25
b 188 1 175 331
m 188 4 1 175 331
b 188 2 175 331
b 217 2 130 230
m 217 121 2 130 230
m 217 190 2 130 230
b 236 3 172 355
m 236 129 3 9.0 95.8 0.5
b 239 0 216 246
m 239 2 0 216 246
m 239 4 0 216 246
m 239 30 0 216 246
m 239 55 0 216 246
m 239 61 0 216 246
m 239 62 0 216 246
m 239 107 0 216 246
m 239 112 0 216 246
m 239 114 0 216 246
m 239 138 0 216 246
m 239 176 0 216 246
m 239 179 0 216 246
m 239 203 0 216 246
m 239 224 0 216 246
b 239 1 216 246
m 239 2 1 216 246
m 239 4 1 216 246
m 239 30 1 216 246
m 239 55 1 216 246
m 239 61 1 216 246
m 239 62 1 216 246
m 239 107 1 216 246
m 239 112 1 216 246
m 239 114 1 216 246
m 239 121 1 216 246
m 239 138 1 216 246
m 239 176 1 216 246
m 239 179 1 216 246
m 239 195 1 216 246
m 239 203 1 216 246
m 239 224 1 216 246
b 83 0 145 412
m 83 59 0 145 412
m 83 129 0 145 412
m 83 229 0 145 412
b 83 1 145 412
m 83 42 1 145 412
m 83 59 1 145 412
m 83 129 1 145 412
m 83 229 1 145 412
b 83 3 145 412
m 83 42 3 10.200000000000001 120.60000000000001 0.25
m 83 59 3 10.200000000000001 120.60000000000001 0.25
b 135 1 110 178
m 135 65 1 110 178
m 135 121 1 110 178
m 135 161 1 110 178
m 135 166 1 110 178
m 135 207 1 110 178
m 135 219 1 110 178
b 160 0 130 405
m 160 59 0 130 405
m 160 229 0 130 405
b 160 1 130 405
m 160 42 1 130 405
m 160 59 1 130 405
m 160 229 1 130 405
b 160 3 130 405
m 160 42 3 10.0 119.2 0.3333333333333333
b 190 0 99 208
m 190 161 0 99 208
b 190 2 99 208
b 42 0 129 422
m 42 59 0 129 422
m 42 229 0 129 422
b 53 0 195 221
m 53 2 0 195 221
m 53 55 0 195 221
m 53 61 0 195 221
m 53 62 0 195 221
m 53 107 0 195 221
m 53 112 0 195 221
m 53 138 0 195 221
m 53 176 0 195 221
m 53 203 0 195 221
m 53 224 0 195 221
b 53 1 195 221
b 190 1 98 209
m 190 121 1 98 209
m 190 161 1 98 209
b 53 2 195 220
b 101 0 258 382
m 101 23 0 258 382
m 101 26 0 258 382
m 101 71 0 258 382
m 101 77 0 258 382
m 101 89 0 258 382
m 101 102 0 258 382
m 101 103 0 258 382
m 101 129 0 258 382
m 101 153 0 258 382
m 101 155 0 258 382
m 101 229 0 258 382
b 101 1 258 382
m 101 4 1 258 382
m 101 23 1 258 382
m 101 26 1 258 382
m 101 71 1 258 382
m 101 77 1 258 382
m 101 89 1 258 382
m 101 102 1 258 382
m 101 103 1 258 382
m 101 129 1 258 382
m 101 153 1 258 382
m 101 155 1 258 382
m 101 229 1 258 382
b 101 3 258 382
m 101 23 3 12.0 151.2 0.7573789173789174
m 101 229 3 12.0 151.2 0.7573789173789174
m 101 71 3 12.0 151.2 0.7573789173789174
m 101 26 3 12.0 151.2 0.7573789173789174
m 101 153 3 12.0 151.2 0.7573789173789174
m 101 77 3 12.0 151.2 0.7573789173789174
m 101 89 3 12.0 151.2 0.7573789173789174
m 101 4 3 12.0 151.2 0.7573789173789174
m 101 129 3 12.0 151.2 0.7573789173789174
b 166 0 148 112
m 166 168 0 148 112
m 166 207 0 148 112
b 166 2 148 112
m 166 168 2 148 112
m 166 207 2 148 112
b 166 3 148 112
m 166 168 3 8.166666666666668 75.5 0.3333333333333333
b 167 3 14 214
m 167 119 3 8.0 73.33333333333333 0.5087476979742173
m 167 65 3 8.0 73.33333333333333 0.5087476979742173
m 167 191 3 8.0 73.33333333333333 0.5087476979742173
b 197 0 44 169
m 197 113 0 44 169
m 197 161 0 44 169
m 197 200 0 44 169
b 197 1 44 169
b 53 3 196 218
m 53 55 3 10.166666666666668 111.5 0.6263807284408914
m 53 217 3 10.166666666666668 111.5 0.6263807284408914
m 53 195 3 10.166666666666668 111.5 0.6263807284408914
m 53 61 3 10.166666666666668 111.5 0.6263807284408914
m 53 137 3 10.166666666666668 111.5 0.6263807284408914
m 53 34 3 10.166666666666668 111.5 0.6263807284408914
m 53 224 3 10.166666666666668 111.5 0.6263807284408914
m 53 176 3 10.166666666666668 111.5 0.6263807284408914
m 53 239 3 10.166666666666668 111.5 0.6263807284408914
m 53 107 3 10.166666666666668 111.5 0.6263807284408914
b 121 0 159 218
m 121 2 0 159 218
m 121 62 0 159 218
m 121 112 0 159 218
m 121 203 0 159 218
b 121 2 159 218
m 121 2 2 159 218
m 121 62 2 159 218
m 121 112 2 159 218
m 121 203 2 159 218
m 121 239 2 159 218
b 121 3 159 218
m 121 190 3 8.833333333333334 82.16666666666667 0.44566318288385454
m 121 62 3 8.833333333333334 82.16666666666667 0.44566318288385454
m 121 2 3 8.833333333333334 82.16666666666667 0.44566318288385454
m 121 112 3 8.833333333333334 82.16666666666667 0.44566318288385454
b 171 0 14 495
b 171 2 14 495
b 171 3 14 495
m 171 126 3 5.5 36.833333333333336 0.18203361879423882
b 195 0 236 162
m 195 2 0 236 162
m 195 13 0 236 162
m 195 34 0 236 162
m 195 55 0 236 162
m 195 62 0 236 162
m 195 100 0 236 162
m 195 106 0 236 162
m 195 107 0 236 162
m 195 137 0 236 162
m 195 138 0 236 162
m 195 176 0 236 162
m 195 199 0 236 162
m 195 203 0 236 162
m 195 208 0 236 162
m 195 220 0 236 162
m 195 224 0 236 162
b 195 2 236 162
b 219 0 72 195
m 219 113 0 72 195
b 219 1 72 195
m 219 113 1 72 195
m 219 161 1 72 195
b 219 2 72 195
b 65 0 23 153
m 65 113 0 23 153
m 65 200 0 23 153
b 65 1 23 153
m 65 113 1 23 153
m 65 161 1 23 153
m 65 200 1 23 153
m 65 207 1 23 153
b 129 0 199 401
m 129 23 0 199 401
m 129 71 0 199 401
b 129 1 199 401
b 129 2 199 401
b 129 3 199 401
m 129 23 3 9.833333333333332 110.16666666666667 0.26464891041162225
m 129 103 3 9.833333333333332 110.16666666666667 0.26464891041162225
b 161 0 67 169
m 161 113 0 67 169
m 161 200 0 67 169
b 161 2 67 169
m 161 113 2 67 169
m 161 197 2 67 169
m 161 200 2 67 169
b 4 0 250 311
m 4 0 0 250 311
m 4 30 0 250 311
m 4 35 0 250 311
m 4 44 0 250 311
m 4 66 0 250 311
m 4 179 0 250 311
b 103 0 239 417
m 103 23 0 239 417
m 103 26 0 239 417
m 103 71 0 239 417
m 103 77 0 239 417
m 103 153 0 239 417
m 103 218 0 239 417
b 103 1 239 417
m 103 23 1 239 417
m 103 26 1 239 417
m 103 71 1 239 417
m 103 77 1 239 417
m 103 153 1 239 417
m 103 218 1 239 417
b 114 0 277 290
m 114 0 0 277 290
m 114 29 0 277 290
m 114 30 0 277 290
m 114 35 0 277 290
m 114 44 0 277 290
m 114 61 0 277 290
m 114 66 0 277 290
m 114 107 0 277 290
m 114 157 0 277 290
m 114 179 0 277 290
m 114 233 0 277 290
b 114 1 277 290
m 114 0 1 277 290
m 114 29 1 277 290
m 114 30 1 277 290
m 114 35 1 277 290
m 114 44 1 277 290
m 114 61 1 277 290
m 114 66 1 277 290
m 114 107 1 277 290
m 114 157 1 277 290
m 114 179 1 277 290
m 114 233 1 277 290
b 190 3 94 213
m 190 161 3 8.5 80.83333333333333 0.3333333333333333
b 191 0 37 156
m 191 113 0 37 156
m 191 200 0 37 156
b 191 1 37 156
m 191 113 1 37 156
m 191 161 1 37 156
m 191 200 1 37 156
b 191 2 37 156
b 229 0 186 425
m 229 111 0 186 425
m 229 218 0 186 425
b 229 1 186 425
m 229 111 1 186 425
m 229 218 1 186 425
b 37 0 13 466
b 37 2 13 466
b 183 0 22 493
b 183 2 22 493
b 4 1 252 311
m 4 0 1 252 311
m 4 35 1 252 311
m 4 44 1 252 311
m 4 66 1 252 311
b 65 2 20 154
b 155 0 226 407
m 155 23 0 226 407
m 155 26 0 226 407
m 155 71 0 226 407
m 155 77 0 226 407
m 155 153 0 226 407
m 155 218 0 226 407
b 155 1 226 407
m 155 23 1 226 407
m 155 26 1 226 407
m 155 71 1 226 407
m 155 77 1 226 407
m 155 153 1 226 407
m 155 218 1 226 407
b 166 1 149 106
m 166 168 1 149 106
m 166 228 1 149 106
b 207 0 101 98
m 207 31 0 101 98
m 207 94 0 101 98
m 207 113 0 101 98
m 207 168 0 101 98
m 207 228 0 101 98
b 207 2 101 98
m 207 31 2 101 98
m 207 94 2 101 98
m 207 113 2 101 98
m 207 168 2 101 98
m 207 228 2 101 98
b 207 3 101 98
m 207 161 3 9.333333333333334 90.0 0.48093178487301086
m 207 113 3 9.333333333333334 90.0 0.48093178487301086
b 42 1 126 414
b 42 3 126 414
m 42 229 3 8.166666666666666 98.16666666666667 1.0
b 121 1 159 224
b 126 0 4 425
b 126 2 4 425
b 143 2 154 394
m 143 42 2 154 394
m 143 229 2 154 394
b 4 3 254 311
m 4 0 3 9.333333333333332 103.33333333333333 1.0
m 4 30 3 9.333333333333332 103.33333333333333 1.0
m 4 35 3 9.333333333333332 103.33333333333333 1.0
m 4 44 3 9.333333333333332 103.33333333333333 1.0
m 4 61 3 9.333333333333332 103.33333333333333 1.0
m 4 66 3 9.333333333333332 103.33333333333333 1.0
m 4 89 3 9.333333333333332 103.33333333333333 1.0
m 4 114 3 9.333333333333332 103.33333333333333 1.0
m 4 179 3 9.333333333333332 103.33333333333333 1.0
m 4 239 3 9.333333333333332 103.33333333333333 1.0
b 59 0 224 456
m 59 7 0 224 456
m 59 23 0 224 456
m 59 77 0 224 456
m 59 111 0 224 456
m 59 124 0 224 456
m 59 218 0 224 456
b 59 1 224 456
b 107 0 225 243
m 107 0 0 225 243
m 107 29 0 225 243
m 107 34 0 225 243
m 107 35 0 225 243
m 107 44 0 225 243
m 107 106 0 225 243
m 107 157 0 225 243
m 107 220 0 225 243
b 107 1 225 243
m 107 0 1 225 243
m 107 29 1 225 243
m 107 34 1 225 243
m 107 35 1 225 243
m 107 44 1 225 243
m 107 106 1 225 243
m 107 157 1 225 243
m 107 220 1 225 243
b 161 1 67 174
b 61 0 249 252
m 61 0 0 249 252
m 61 29 0 249 252
m 61 34 0 249 252
m 61 35 0 249 252
m 61 44 0 249 252
m 61 66 0 249 252
m 61 106 0 249 252
m 61 157 0 249 252
m 61 220 0 249 252
b 61 1 249 252
b 83 2 144 398
m 83 42 2 144 398
m 83 229 2 144 398
b 59 3 226 457
m 59 77 3 10.166666666666668 117.16666666666667 0.40276193870277976
m 59 124 3 10.166666666666668 117.16666666666667 0.40276193870277976
m 59 229 3 10.166666666666668 117.16666666666667 0.40276193870277976
m 59 155 3 10.166666666666668 117.16666666666667 0.40276193870277976
m 59 103 3 10.166666666666668 117.16666666666667 0.40276193870277976
b 160 2 123 393
m 160 42 2 123 393
m 160 229 2 123 393
b 89 0 264 379
m 89 66 0 264 379
m 89 164 0 264 379
b 89 1 264 379
m 89 66 1 264 379
m 89 164 1 264 379
b 207 1 104 94
m 207 31 1 104 94
m 207 94 1 104 94
m 207 113 1 104 94
m 207 168 1 104 94
m 207 228 1 104 94
b 77 0 274 420
m 77 7 0 274 420
m 77 16 0 274 420
m 77 118 0 274 420
m 77 120 0 274 420
m 77 124 0 274 420
m 77 139 0 274 420
m 77 147 0 274 420
m 77 218 0 274 420
m 77 235 0 274 420
b 77 1 274 420
b 77 3 274 420
m 77 235 3 12.666666666666666 168.66666666666666 0.8614154270143382
m 77 218 3 12.666666666666666 168.66666666666666 0.8614154270143382
m 77 139 3 12.666666666666666 168.66666666666666 0.8614154270143382
m 77 118 3 12.666666666666666 168.66666666666666 0.8614154270143382
m 77 155 3 12.666666666666666 168.66666666666666 0.8614154270143382
m 77 16 3 12.666666666666666 168.66666666666666 0.8614154270143382
m 77 7 3 12.666666666666666 168.66666666666666 0.8614154270143382
m 77 102 3 12.666666666666666 168.66666666666666 0.8614154270143382
m 77 124 3 12.666666666666666 168.66666666666666 0.8614154270143382
m 77 103 3 12.666666666666666 168.66666666666666 0.8614154270143382
b 176 0 225 250
m 176 0 0 225 250
m 176 29 0 225 250
m 176 34 0 225 250
m 176 44 0 225 250
m 176 106 0 225 250
m 176 157 0 225 250
m 176 220 0 225 250
b 176 1 225 250
b 229 3 178 424
m 229 111 3 10.5 127.5 0.3333333333333333
b 62 0 195 225
m 62 34 0 195 225
m 62 137 0 195 225
m 62 199 0 195 225
b 62 1 195 225
m 62 34 1 195 225
m 62 137 1 195 225
m 62 199 1 195 225
b 138 0 211 238
m 138 34 0 211 238
m 138 106 0 211 238
m 138 137 0 211 238
m 138 199 0 211 238
m 138 220 0 211 238
b 138 1 211 238
m 138 34 1 211 238
m 138 106 1 211 238
m 138 137 1 211 238
m 138 199 1 211 238
m 138 220 1 211 238
b 168 0 140 83
m 168 31 0 140 83
m 168 151 0 140 83
m 168 175 0 140 83
m 168 189 0 140 83
m 168 192 0 140 83
m 168 205 0 140 83
m 168 228 0 140 83
b 168 2 140 83
b 168 3 140 83
m 168 175 3 8.142857142857144 73.85714285714285 0.5443156157721034
m 168 192 3 8.142857142857144 73.85714285714285 0.5443156157721034
m 168 31 3 8.142857142857144 73.85714285714285 0.5443156157721034
m 168 189 3 8.142857142857144 73.85714285714285 0.5443156157721034
b 195 1 244 155
m 195 13 1 244 155
m 195 34 1 244 155
m 195 68 1 244 155
m 195 100 1 244 155
m 195 137 1 244 155
m 195 199 1 244 155
m 195 208 1 244 155
b 217 3 127 250
m 217 219 3 8.857142857142858 95.71428571428571 1.0
b 2 0 200 228
b 2 1 200 228
m 2 34 1 200 228
m 2 137 1 200 228
m 2 199 1 200 228
b 106 0 289 239
m 106 0 0 289 239
m 106 29 0 289 239
m 106 44 0 289 239
m 106 68 0 289 239
m 106 157 0 289 239
m 106 178 0 289 239
m 106 209 0 289 239
m 106 216 0 289 239
b 119 3 31 265
m 119 219 3 7.0 63.0 1.0
b 200 0 5 88
m 200 15 0 5 88
m 200 80 0 5 88
m 200 134 0 5 88
m 200 154 0 5 88
m 200 181 0 5 88
b 224 0 243 196
m 224 0 0 243 196
m 224 29 0 243 196
m 224 68 0 243 196
m 224 157 0 243 196
m 224 178 0 243 196
m 224 209 0 243 196
m 224 216 0 243 196
b 224 1 243 196
m 224 0 1 243 196
m 224 29 1 243 196
m 224 34 1 243 196
m 224 68 1 243 196
m 224 100 1 243 196
m 224 106 1 243 196
m 224 137 1 243 196
m 224 157 1 243 196
m 224 178 1 243 196
m 224 199 1 243 196
m 224 209 1 243 196
m 224 216 1 243 196
m 224 220 1 243 196
b 34 3 240 213
m 34 209 3 10.857142857142858 127.71428571428572 0.5763602798617083
m 34 29 3 10.857142857142858 127.71428571428572 0.5763602798617083
m 34 68 3 10.857142857142858 127.71428571428572 0.5763602798617083
m 34 106 3 10.857142857142858 127.71428571428572 0.5763602798617083
m 34 220 3 10.857142857142858 127.71428571428572 0.5763602798617083
m 34 100 3 10.857142857142858 127.71428571428572 0.5763602798617083
m 34 199 3 10.857142857142858 127.71428571428572 0.5763602798617083
b 55 0 260 161
m 55 68 0 260 161
m 55 159 0 260 161
m 55 170 0 260 161
m 55 178 0 260 161
m 55 209 0 260 161
m 55 216 0 260 161
m 55 230 0 260 161
b 55 1 260 161
m 55 13 1 260 161
m 55 34 1 260 161
m 55 68 1 260 161
m 55 100 1 260 161
m 55 106 1 260 161
m 55 137 1 260 161
m 55 159 1 260 161
m 55 170 1 260 161
m 55 178 1 260 161
m 55 199 1 260 161
m 55 208 1 260 161
m 55 209 1 260 161
m 55 216 1 260 161
m 55 220 1 260 161
m 55 230 1 260 161
b 107 3 221 249
m 107 106 3 10.571428571428573 119.71428571428571 0.504119455527885
m 107 220 3 10.571428571428573 119.71428571428571 0.504119455527885
m 107 157 3 10.571428571428573 119.71428571428571 0.504119455527885
m 107 35 3 10.571428571428573 119.71428571428571 0.504119455527885
m 107 30 3 10.571428571428573 119.71428571428571 0.504119455527885
m 107 0 3 10.571428571428573 119.71428571428571 0.504119455527885
b 179 0 250 286
b 179 1 250 286
m 179 106 1 250 286
m 179 220 1 250 286
b 239 2 237 245
b 239 3 237 245
m 239 44 3 10.428571428571429 116.14285714285714 0.4564489883733721
m 239 35 3 10.428571428571429 116.14285714285714 0.4564489883733721
m 239 106 3 10.428571428571429 116.14285714285714 0.4564489883733721
m 239 220 3 10.428571428571429 116.14285714285714 0.4564489883733721
m 239 157 3 10.428571428571429 116.14285714285714 0.4564489883733721
m 239 179 3 10.428571428571429 116.14285714285714 0.4564489883733721
b 30 0 242 256
b 30 1 242 256
m 30 34 1 242 256
m 30 106 1 242 256
m 30 220 1 242 256
b 34 0 239 214
m 34 68 0 239 214
m 34 209 0 239 214
b 61 3 244 257
m 61 29 3 10.857142857142858 127.71428571428572 0.5763602798617083
m 61 66 3 10.857142857142858 127.71428571428572 0.5763602798617083
m 61 44 3 10.857142857142858 127.71428571428572 0.5763602798617083
m 61 114 3 10.857142857142858 127.71428571428572 0.5763602798617083
m 61 106 3 10.857142857142858 127.71428571428572 0.5763602798617083
m 61 35 3 10.857142857142858 127.71428571428572 0.5763602798617083
m 61 220 3 10.857142857142858 127.71428571428572 0.5763602798617083
b 65 3 10 156
m 65 200 3 7.571428571428571 66.42857142857143 0.43638289257118457
m 65 113 3 7.571428571428571 66.42857142857143 0.43638289257118457
m 65 80 3 7.571428571428571 66.42857142857143 0.43638289257118457
b 71 0 294 399
m 71 7 0 294 399
m 71 16 0 294 399
m 71 27 0 294 399
m 71 41 0 294 399
m 71 45 0 294 399
m 71 118 0 294 399
m 71 139 0 294 399
m 71 147 0 294 399
m 71 235 0 294 399
b 71 1 294 399
m 71 7 1 294 399
m 71 16 1 294 399
m 71 27 1 294 399
m 71 41 1 294 399
m 71 45 1 294 399
m 71 118 1 294 399
m 71 139 1 294 399
m 71 147 1 294 399
m 71 235 1 294 399
b 71 3 294 399
m 71 7 3 12.0 150.0 0.7013372302452763
m 71 27 3 12.0 150.0 0.7013372302452763
m 71 155 3 12.0 150.0 0.7013372302452763
m 71 235 3 12.0 150.0 0.7013372302452763
m 71 139 3 12.0 150.0 0.7013372302452763
m 71 41 3 12.0 150.0 0.7013372302452763
m 71 45 3 12.0 150.0 0.7013372302452763
m 71 118 3 12.0 150.0 0.7013372302452763
b 103 3 236 429
m 103 218 3 9.428571428571427 101.42857142857143 0.276212146807338
m 103 111 3 9.428571428571427 101.42857142857143 0.276212146807338
b 112 0 173 250
b 112 1 173 250
b 197 2 56 179
b 203 0 224 225
b 203 1 224 225
m 203 34 1 224 225
m 203 106 1 224 225
m 203 137 1 224 225
m 203 199 1 224 225
m 203 220 1 224 225
b 26 0 296 466
m 26 7 0 296 466
m 26 16 0 296 466
m 26 27 0 296 466
m 26 41 0 296 466
m 26 45 0 296 466
m 26 118 0 296 466
m 26 120 0 296 466
m 26 124 0 296 466
m 26 139 0 296 466
m 26 147 0 296 466
m 26 196 0 296 466
m 26 204 0 296 466
m 26 235 0 296 466
b 26 1 296 466
m 26 7 1 296 466
m 26 16 1 296 466
m 26 27 1 296 466
m 26 41 1 296 466
m 26 45 1 296 466
m 26 118 1 296 466
m 26 120 1 296 466
m 26 124 1 296 466
m 26 139 1 296 466
m 26 147 1 296 466
m 26 196 1 296 466
m 26 204 1 296 466
m 26 235 1 296 466
b 26 3 296 466
m 26 102 3 12.833333333333334 174.16666666666666 0.887083623310804
m 26 41 3 12.833333333333334 174.16666666666666 0.887083623310804
m 26 196 3 12.833333333333334 174.16666666666666 0.887083623310804
m 26 27 3 12.833333333333334 174.16666666666666 0.887083623310804
m 26 45 3 12.833333333333334 174.16666666666666 0.887083623310804
m 26 235 3 12.833333333333334 174.16666666666666 0.887083623310804
m 26 118 3 12.833333333333334 174.16666666666666 0.887083623310804
m 26 124 3 12.833333333333334 174.16666666666666 0.887083623310804
m 26 218 3 12.833333333333334 174.16666666666666 0.887083623310804
m 26 139 3 12.833333333333334 174.16666666666666 0.887083623310804
m 26 16 3 12.833333333333334 174.16666666666666 0.887083623310804
m 26 147 3 12.833333333333334 174.16666666666666 0.887083623310804
m 26 120 3 12.833333333333334 174.16666666666666 0.887083623310804
m 26 204 3 12.833333333333334 174.16666666666666 0.887083623310804
b 113 0 64 157
m 113 80 0 64 157
b 161 3 67 183
m 161 219 3 7.714285714285714 70.57142857142858 0.3474995733060249
m 161 197 3 7.714285714285714 70.57142857142858 0.3474995733060249
b 200 1 4 85
m 200 15 1 4 85
m 200 80 1 4 85
m 200 134 1 4 85
m 200 154 1 4 85
m 200 181 1 4 85
b 200 2 4 85
b 208 0 229 113
m 208 123 0 229 113
m 208 172 0 229 113
b 191 3 50 152
m 191 200 3 7.428571428571428 65.14285714285714 0.2915116322772202
m 191 219 3 7.428571428571428 65.14285714285714 0.2915116322772202
b 199 0 218 176
m 199 68 0 218 176
b 218 0 265 483
m 218 7 0 265 483
m 218 120 0 265 483
m 218 124 0 265 483
m 218 139 0 265 483
m 218 147 0 265 483
m 218 204 0 265 483
b 218 1 265 483
m 218 7 1 265 483
m 218 120 1 265 483
m 218 124 1 265 483
m 218 139 1 265 483
m 218 147 1 265 483
m 218 204 1 265 483
b 31 0 96 43
m 31 15 0 96 43
m 31 20 0 96 43
m 31 134 0 96 43
m 31 175 0 96 43
m 31 192 0 96 43
m 31 194 0 96 43
b 31 2 96 43
m 31 15 2 96 43
m 31 20 2 96 43
m 31 134 2 96 43
m 31 175 2 96 43
m 31 192 2 96 43
m 31 194 2 96 43
b 89 3 264 387
m 89 102 3 10.666666666666666 128.66666666666666 0.25
b 113 1 65 158
m 113 80 1 65 158
b 137 3 241 178
m 137 138 3 10.000000000000002 107.14285714285714 0.2352852422934302
m 137 208 3 10.000000000000002 107.14285714285714 0.2352852422934302
b 168 1 137 88
m 168 31 1 137 88
m 168 175 1 137 88
m 168 189 1 137 88
m 168 192 1 137 88
b 176 3 220 254
m 176 138 3 9.571428571428573 100.71428571428571 0.16666666666666666
m 176 106 3 9.571428571428573 100.71428571428571 0.16666666666666666
b 13 0 235 106
m 13 123 0 235 106
b 23 0 248 398
m 23 16 0 248 398
m 23 147 0 248 398
b 23 1 248 398
b 23 3 248 398
m 23 102 3 11.0 132.0 0.16666666666666666
b 62 2 189 228
m 62 34 2 189 228
m 62 61 2 189 228
m 62 107 2 189 228
m 62 137 2 189 228
m 62 138 2 189 228
m 62 176 2 189 228
m 62 199 2 189 228
m 62 224 2 189 228
b 62 3 189 228
m 62 138 3 8.0 71.71428571428572 0.3333333333333333
b 106 1 291 244
m 106 68 1 291 244
m 106 100 1 291 244
m 106 178 1 291 244
m 106 209 1 291 244
m 106 216 1 291 244
b 113 2 66 159
m 113 80 2 66 159
b 137 0 242 179
m 137 68 0 242 179
b 153 0 305 448
m 153 16 0 305 448
m 153 27 0 305 448
m 153 38 0 305 448
m 153 41 0 305 448
m 153 45 0 305 448
m 153 118 0 305 448
m 153 120 0 305 448
m 153 139 0 305 448
m 153 147 0 305 448
m 153 196 0 305 448
m 153 204 0 305 448
m 153 235 0 305 448
b 153 1 305 448
m 153 7 1 305 448
m 153 16 1 305 448
m 153 27 1 305 448
m 153 38 1 305 448
m 153 41 1 305 448
m 153 45 1 305 448
m 153 118 1 305 448
m 153 120 1 305 448
m 153 124 1 305 448
m 153 139 1 305 448
m 153 147 1 305 448
m 153 196 1 305 448
m 153 204 1 305 448
m 153 235 1 305 448
b 153 3 305 448
m 153 196 3 12.666666666666666 168.66666666666666 0.8614154270143382
m 153 218 3 12.666666666666666 168.66666666666666 0.8614154270143382
m 153 41 3 12.666666666666666 168.66666666666666 0.8614154270143382
m 153 235 3 12.666666666666666 168.66666666666666 0.8614154270143382
m 153 120 3 12.666666666666666 168.66666666666666 0.8614154270143382
m 153 118 3 12.666666666666666 168.66666666666666 0.8614154270143382
m 153 27 3 12.666666666666666 168.66666666666666 0.8614154270143382
m 153 45 3 12.666666666666666 168.66666666666666 0.8614154270143382
m 153 16 3 12.666666666666666 168.66666666666666 0.8614154270143382
m 153 7 3 12.666666666666666 168.66666666666666 0.8614154270143382
m 153 139 3 12.666666666666666 168.66666666666666 0.8614154270143382
m 153 124 3 12.666666666666666 168.66666666666666 0.8614154270143382
m 153 147 3 12.666666666666666 168.66666666666666 0.8614154270143382
m 153 102 3 12.666666666666666 168.66666666666666 0.8614154270143382
b 195 3 249 150
m 195 68 3 10.000000000000002 107.14285714285714 0.2352852422934302
m 195 13 3 10.000000000000002 107.14285714285714 0.2352852422934302
m 195 100 3 10.000000000000002 107.14285714285714 0.2352852422934302
b 229 2 170 423
b 2 2 193 226
b 2 3 193 226
m 2 138 3 8.0 71.71428571428572 0.3333333333333333
b 94 0 96 79
m 94 15 0 96 79
m 94 80 0 96 79
m 94 134 0 96 79
m 94 175 0 96 79
m 94 181 0 96 79
m 94 192 0 96 79
b 94 2 96 79
b 102 0 308 384
m 102 164 0 308 384
b 102 1 308 384
m 102 164 1 308 384
b 114 3 294 287
m 114 98 3 9.428571428571427 102.85714285714286 0.8193423597678917
m 114 157 3 9.428571428571427 102.85714285714286 0.8193423597678917
m 114 106 3 9.428571428571427 102.85714285714286 0.8193423597678917
m 114 25 3 9.428571428571427 102.85714285714286 0.8193423597678917
m 114 220 3 9.428571428571427 102.85714285714286 0.8193423597678917
m 114 227 3 9.428571428571427 102.85714285714286 0.8193423597678917
m 114 233 3 9.428571428571427 102.85714285714286 0.8193423597678917
b 224 3 242 189
m 224 29 3 10.428571428571429 116.14285714285714 0.4564489883733721
m 224 100 3 10.428571428571429 116.14285714285714 0.4564489883733721
m 224 106 3 10.428571428571429 116.14285714285714 0.4564489883733721
m 224 138 3 10.428571428571429 116.14285714285714 0.4564489883733721
m 224 220 3 10.428571428571429 116.14285714285714 0.4564489883733721
m 224 209 3 10.428571428571429 116.14285714285714 0.4564489883733721
b 29 0 305 219
m 29 68 0 305 219
m 29 178 0 305 219
m 29 209 0 305 219
m 29 216 0 305 219
b 29 1 305 219
m 29 68 1 305 219
m 29 100 1 305 219
m 29 178 1 305 219
m 29 209 1 305 219
m 29 216 1 305 219
b 34 1 236 219
m 34 68 1 236 219
m 34 100 1 236 219
m 34 137 1 236 219
m 34 199 1 236 219
m 34 209 1 236 219
b 55 3 264 155
m 55 13 3 10.428571428571429 116.14285714285714 0.4564489883733721
m 55 100 3 10.428571428571429 116.14285714285714 0.4564489883733721
m 55 159 3 10.428571428571429 116.14285714285714 0.4564489883733721
m 55 208 3 10.428571428571429 116.14285714285714 0.4564489883733721
b 220 0 284 247
m 220 68 0 284 247
m 220 178 0 284 247
m 220 209 0 284 247
m 220 216 0 284 247
b 233 0 325 260
m 233 25 0 325 260
m 233 98 0 325 260
m 233 108 0 325 260
m 233 227 0 325 260
b 233 1 325 260
m 233 25 1 325 260
m 233 98 1 325 260
m 233 108 1 325 260
m 233 227 1 325 260
b 42 2 119 399
b 66 0 266 318
m 66 227 0 266 318
b 66 1 266 318
m 66 227 1 266 318
b 100 0 269 183
m 100 68 0 269 183
m 100 159 0 269 183
m 100 170 0 269 183
m 100 178 0 269 183
m 100 209 0 269 183
m 100 216 0 269 183
m 100 230 0 269 183
b 112 2 166 252
m 112 61 2 166 252
m 112 107 2 166 252
m 112 138 2 166 252
m 112 176 2 166 252
b 112 3 166 252
m 112 138 3 7.857142857142857 71.0 0.5
m 112 203 3 7.857142857142857 71.0 0.5
b 113 3 68 161
m 113 197 3 8.428571428571429 78.42857142857143 0.3333333333333333
b 126 3 2 428
m 126 37 3 4.857142857142858 31.714285714285715 1.0
b 203 2 222 232
b 0 0 263 236
m 0 68 0 263 236
m 0 209 0 263 236
m 0 216 0 263 236
b 0 1 263 236
m 0 68 1 263 236
m 0 209 1 263 236
m 0 216 1 263 236
b 31 1 98 38
m 31 15 1 98 38
m 31 20 1 98 38
m 31 134 1 98 38
m 31 175 1 98 38
m 31 192 1 98 38
m 31 194 1 98 38
b 147 0 272 449
m 147 27 0 272 449
m 147 45 0 272 449
m 147 204 0 272 449
b 228 0 140 76
b 228 1 140 76
b 228 2 140 76
m 228 175 2 140 76
m 228 189 2 140 76
m 228 192 2 140 76
b 7 0 286 467
m 7 204 0 286 467
b 35 0 224 304
b 35 1 224 304
b 111 0 228 463
b 111 1 228 463
m 111 124 1 228 463
b 155 3 213 392
b 192 0 120 16
m 192 20 0 120 16
m 192 57 0 120 16
b 192 3 120 16
m 192 20 3 7.750000000000001 67.74999999999999 0.25314874921462766
m 192 151 3 7.750000000000001 67.74999999999999 0.25314874921462766
b 15 0 47 56
m 15 158 0 47 56
m 15 194 0 47 56
b 31 3 99 36
m 31 134 3 8.0 70.74999999999999 0.4840098406395887
m 31 228 3 8.0 70.74999999999999 0.4840098406395887
m 31 194 3 8.0 70.74999999999999 0.4840098406395887
m 31 20 3 8.0 70.74999999999999 0.4840098406395887
b 44 0 303 233
m 44 25 0 303 233
m 44 98 0 303 233
m 44 108 0 303 233
m 44 227 0 303 233
b 44 1 303 233
m 44 25 1 303 233
m 44 98 1 303 233
m 44 108 1 303 233
m 44 227 1 303 233
b 94 1 100 81
b 124 0 253 491
m 124 204 0 253 491
b 157 0 269 232
b 157 1 269 232
b 218 3 273 485
m 218 120 3 11.285714285714286 145.85714285714286 0.3333333333333333
b 66 3 263 321
b 106 3 294 251
m 106 203 3 10.25 116.25 0.16666666666666666
b 216 0 294 206
m 216 3 0 294 206
m 216 73 0 294 206
m 216 86 0 294 206
m 216 87 0 294 206
m 216 133 0 294 206
m 216 213 0 294 206
b 216 1 294 206
m 216 3 1 294 206
m 216 73 1 294 206
m 216 86 1 294 206
m 216 87 1 294 206
m 216 133 1 294 206
m 216 213 1 294 206
b 0 3 260 233
m 0 203 3 8.571428571428571 90.85714285714286 0.25
b 16 0 309 446
m 16 38 0 309 446
m 16 39 0 309 446
m 16 85 0 309 446
m 16 148 0 309 446
m 16 196 0 309 446
m 16 204 0 309 446
b 16 3 309 446
m 16 85 3 12.142857142857144 156.14285714285717 0.24824701999226687
m 16 120 3 12.142857142857144 156.14285714285717 0.24824701999226687
m 16 38 3 12.142857142857144 156.14285714285717 0.24824701999226687
b 118 0 348 435
m 118 38 0 348 435
m 118 39 0 348 435
m 118 50 0 348 435
m 118 78 0 348 435
m 118 79 0 348 435
m 118 85 0 348 435
m 118 92 0 348 435
m 118 97 0 348 435
m 118 148 0 348 435
m 118 232 0 348 435
b 118 3 348 435
m 118 97 3 12.285714285714286 158.85714285714286 0.3877139918368649
m 118 78 3 12.285714285714286 158.85714285714286 0.3877139918368649
m 118 232 3 12.285714285714286 158.85714285714286 0.3877139918368649
m 118 39 3 12.285714285714286 158.85714285714286 0.3877139918368649
b 124 3 251 490
b 147 1 268 448
b 175 0 134 32
m 175 20 0 134 32
m 175 57 0 134 32
b 175 3 134 32
m 175 94 3 7.750000000000001 67.74999999999999 0.25314874921462766
m 175 57 3 7.750000000000001 67.74999999999999 0.25314874921462766
b 178 0 281 165
m 178 69 0 281 165
m 178 73 0 281 165
m 178 86 0 281 165
m 178 133 0 281 165
m 178 162 0 281 165
m 178 213 0 281 165
b 178 1 281 165
m 178 69 1 281 165
m 178 73 1 281 165
m 178 86 1 281 165
m 178 133 1 281 165
m 178 162 1 281 165
m 178 213 1 281 165
b 208 1 220 119
m 208 123 1 220 119
m 208 172 1 220 119
b 220 1 285 253
b 7 3 290 465
b 15 1 50 54
m 15 158 1 50 54
m 15 194 1 50 54
b 35 3 221 305
m 35 203 3 8.285714285714285 89.14285714285714 0.5
b 41 0 356 436
m 41 6 0 356 436
m 41 38 0 356 436
m 41 39 0 356 436
m 41 72 0 356 436
m 41 78 0 356 436
m 41 79 0 356 436
m 41 85 0 356 436
m 41 92 0 356 436
m 41 97 0 356 436
m 41 148 0 356 436
m 41 150 0 356 436
b 41 1 356 436
b 41 3 356 436
m 41 72 3 12.285714285714286 156.57142857142858 0.7887637837194454
m 41 150 3 12.285714285714286 156.57142857142858 0.7887637837194454
m 41 97 3 12.285714285714286 156.57142857142858 0.7887637837194454
m 41 78 3 12.285714285714286 156.57142857142858 0.7887637837194454
m 41 79 3 12.285714285714286 156.57142857142858 0.7887637837194454
m 41 85 3 12.285714285714286 156.57142857142858 0.7887637837194454
m 41 38 3 12.285714285714286 156.57142857142858 0.7887637837194454
m 41 92 3 12.285714285714286 156.57142857142858 0.7887637837194454
m 41 6 3 12.285714285714286 156.57142857142858 0.7887637837194454
b 147 3 267 447
b 179 3 238 294
m 179 203 3 8.428571428571427 89.85714285714286 0.3333333333333333
b 199 1 209 183
b 209 0 303 176
m 209 73 0 303 176
m 209 86 0 303 176
m 209 87 0 303 176
m 209 133 0 303 176
m 209 162 0 303 176
m 209 213 0 303 176
m 209 225 0 303 176
b 209 1 303 176
m 209 73 1 303 176
m 209 86 1 303 176
m 209 87 1 303 176
m 209 133 1 303 176
m 209 162 1 303 176
m 209 213 1 303 176
m 209 225 1 303 176
b 219 3 84 220
b 30 3 228 259
m 30 203 3 8.285714285714285 89.14285714285714 0.5
m 30 138 3 8.285714285714285 89.14285714285714 0.5
b 44 3 305 229
b 134 0 36 35
m 134 158 0 36 35
b 170 0 351 151
m 170 3 0 351 151
m 170 28 0 351 151
m 170 51 0 351 151
m 170 54 0 351 151
m 170 69 0 351 151
m 170 73 0 351 151
m 170 86 0 351 151
m 170 87 0 351 151
m 170 90 0 351 151
m 170 93 0 351 151
m 170 133 0 351 151
m 170 162 0 351 151
m 170 165 0 351 151
m 170 213 0 351 151
m 170 225 0 351 151
b 170 1 351 151
m 170 3 1 351 151
m 170 28 1 351 151
m 170 51 1 351 151
m 170 54 1 351 151
m 170 69 1 351 151
m 170 73 1 351 151
m 170 86 1 351 151
m 170 87 1 351 151
m 170 90 1 351 151
m 170 93 1 351 151
m 170 133 1 351 151
m 170 162 1 351 151
m 170 165 1 351 151
m 170 213 1 351 151
m 170 225 1 351 151
b 197 3 67 188
b 200 3 2 75
m 200 158 3 7.25 61.25 0.45464464736576043
m 200 154 3 7.25 61.25 0.45464464736576043
m 200 134 3 7.25 61.25 0.45464464736576043
b 209 3 303 175
m 209 159 3 11.125 132.875 0.47652675233937786
m 209 73 3 11.125 132.875 0.47652675233937786
m 209 162 3 11.125 132.875 0.47652675233937786
m 209 213 3 11.125 132.875 0.47652675233937786
m 209 170 3 11.125 132.875 0.47652675233937786
m 209 86 3 11.125 132.875 0.47652675233937786
b 13 1 241 97
m 13 123 1 241 97
m 13 172 1 241 97
b 15 2 51 53
m 15 80 2 51 53
m 15 154 2 51 53
m 15 158 2 51 53
m 15 181 2 51 53
b 120 0 299 477
b 137 1 250 186
b 139 0 342 457
m 139 38 0 342 457
m 139 39 0 342 457
m 139 50 0 342 457
m 139 78 0 342 457
m 139 79 0 342 457
m 139 85 0 342 457
m 139 92 0 342 457
m 139 148 0 342 457
m 139 232 0 342 457
b 139 3 342 457
m 139 78 3 12.142857142857144 156.14285714285717 0.24824701999226687
m 139 79 3 12.142857142857144 156.14285714285717 0.24824701999226687
m 139 50 3 12.142857142857144 156.14285714285717 0.24824701999226687
b 154 0 9 32
m 154 158 0 9 32
b 181 0 16 26
m 181 158 0 16 26
b 192 1 116 12
m 192 20 1 116 12
m 192 57 1 116 12
b 192 2 116 12
m 192 57 2 116 12
m 192 189 2 116 12
b 199 3 208 184
m 199 203 3 9.75 112.25 0.5
m 199 178 3 9.75 112.25 0.5
b 205 0 221 18
m 205 56 0 221 18
m 205 57 0 221 18
m 205 96 0 221 18
m 205 173 0 221 18
b 16 1 310 450
b 20 0 79 3
b 20 2 79 3
b 80 0 13 107
b 118 1 351 434
b 151 0 212 6
m 151 57 0 212 6
m 151 96 0 212 6
b 235 0 359 450
m 235 39 0 359 450
m 235 50 0 359 450
m 235 78 0 359 450
m 235 79 0 359 450
m 235 85 0 359 450
m 235 92 0 359 450
m 235 97 0 359 450
m 235 148 0 359 450
m 235 232 0 359 450
b 235 3 359 450
m 235 78 3 12.285714285714286 158.85714285714286 0.3877139918368649
m 235 79 3 12.285714285714286 158.85714285714286 0.3877139918368649
m 235 39 3 12.285714285714286 158.85714285714286 0.3877139918368649
m 235 232 3 12.285714285714286 158.85714285714286 0.3877139918368649
b 7 1 294 463
b 29 3 309 208
m 29 178 3 10.125 114.875 0.2
b 38 0 356 476
m 38 39 0 356 476
m 38 50 0 356 476
m 38 67 0 356 476
m 38 78 0 356 476
m 38 79 0 356 476
m 38 85 0 356 476
m 38 92 0 356 476
m 38 97 0 356 476
m 38 148 0 356 476
m 38 232 0 356 476
b 38 1 356 476
m 38 39 1 356 476
m 38 50 1 356 476
m 38 67 1 356 476
m 38 78 1 356 476
m 38 79 1 356 476
m 38 85 1 356 476
m 38 92 1 356 476
m 38 97 1 356 476
m 38 148 1 356 476
m 38 232 1 356 476
b 68 1 271 188
b 111 3 235 458
b 134 1 36 32
m 134 158 1 36 32
m 134 194 1 36 32
b 189 0 179 55
m 189 57 0 179 55
m 189 96 0 179 55
b 189 3 179 55
m 189 96 3 7.875000000000001 69.12499999999999 0.3891725175568664
m 189 57 3 7.875000000000001 69.12499999999999 0.3891725175568664
m 189 172 3 7.875000000000001 69.12499999999999 0.3891725175568664
b 230 0 295 123
m 230 69 0 295 123
m 230 73 0 295 123
m 230 86 0 295 123
m 230 162 0 295 123
m 230 165 0 295 123
m 230 182 0 295 123
m 230 213 0 295 123
m 230 225 0 295 123
b 230 1 295 123
m 230 69 1 295 123
m 230 73 1 295 123
m 230 86 1 295 123
m 230 162 1 295 123
m 230 165 1 295 123
m 230 182 1 295 123
m 230 213 1 295 123
m 230 225 1 295 123
b 34 2 230 229
m 34 0 2 230 229
m 34 29 2 230 229
m 34 30 2 230 229
m 34 68 2 230 229
m 34 100 2 230 229
m 34 106 2 230 229
m 34 157 2 230 229
m 34 220 2 230 229
b 68 0 270 189
b 80 3 12 108
m 80 15 3 7.125 60.125 0.35079357204730127
m 80 181 3 7.125 60.125 0.35079357204730127
b 100 1 266 194
b 102 3 309 371
m 102 164 3 12.666666666666666 168.66666666666666 -1.0
b 107 2 212 266
m 107 0 2 212 266
m 107 30 2 212 266
m 107 35 2 212 266
m 107 157 2 212 266
m 107 179 2 212 266
m 107 214 2 212 266
m 107 220 2 212 266
b 154 1 11 29
m 154 158 1 11 29
m 154 194 1 11 29
b 159 0 271 127
m 159 69 0 271 127
m 159 73 0 271 127
m 159 86 0 271 127
m 159 162 0 271 127
m 159 213 0 271 127
b 159 1 271 127
m 159 69 1 271 127
m 159 73 1 271 127
m 159 86 1 271 127
m 159 123 1 271 127
m 159 162 1 271 127
m 159 213 1 271 127
b 175 1 136 37
m 175 20 1 136 37
m 175 57 1 136 37
m 175 151 1 136 37
b 175 2 136 37
m 175 57 2 136 37
m 175 151 2 136 37
m 175 189 2 136 37
b 181 1 14 24
m 181 158 1 14 24
m 181 194 1 14 24
b 208 3 214 123
m 208 172 3 9.000000000000002 94.25 0.5
m 208 123 3 9.000000000000002 94.25 0.5
b 27 0 325 436
m 27 39 0 325 436
m 27 78 0 325 436
m 27 79 0 325 436
m 27 85 0 325 436
m 27 92 0 325 436
m 27 148 0 325 436
b 27 1 325 436
m 27 39 1 325 436
m 27 78 1 325 436
m 27 79 1 325 436
m 27 85 1 325 436
m 27 92 1 325 436
m 27 148 1 325 436
b 27 3 325 436
m 27 79 3 11.285714285714286 135.57142857142858 0.2513322663305268
m 27 92 3 11.285714285714286 135.57142857142858 0.2513322663305268
b 61 2 231 271
b 68 3 270 189
m 68 178 3 10.0 113.75 0.25
m 68 170 3 10.0 113.75 0.25
b 80 1 11 109
b 124 1 245 486
b 134 2 36 30
b 139 1 346 456
m 139 39 1 346 456
m 139 50 1 346 456
m 139 78 1 346 456
m 139 79 1 346 456
m 139 85 1 346 456
m 139 92 1 346 456
m 139 97 1 346 456
m 139 148 1 346 456
m 139 232 1 346 456
b 194 0 44 34
m 194 158 0 44 34
b 194 2 44 34
b 220 3 285 260
m 220 216 3 9.625 111.875 1.0
b 25 3 322 277
m 25 146 3 8.999999999999998 94.5 0.32949088779656777
m 25 116 3 8.999999999999998 94.5 0.32949088779656777
b 100 3 265 196
m 100 230 3 9.875 112.875 0.3333333333333333
b 120 1 302 473
b 120 3 302 473
m 120 38 3 11.285714285714286 149.85714285714286 0.5
b 172 0 207 65
m 172 57 0 207 65
m 172 96 0 207 65
m 172 173 0 207 65
b 199 2 204 188
m 199 55 2 204 188
m 199 68 2 204 188
m 199 100 2 204 188
m 199 178 2 204 188
m 199 208 2 204 188
b 235 1 363 450
b 20 1 74 4
b 25 0 321 277
m 25 5 0 321 277
m 25 116 0 321 277
b 25 1 321 277
m 25 5 1 321 277
m 25 116 1 321 277
b 45 0 327 452
m 45 39 0 327 452
m 45 50 0 327 452
m 45 78 0 327 452
m 45 79 0 327 452
m 45 85 0 327 452
m 45 92 0 327 452
m 45 148 0 327 452
m 45 232 0 327 452
b 45 1 327 452
m 45 39 1 327 452
m 45 50 1 327 452
m 45 78 1 327 452
m 45 79 1 327 452
m 45 85 1 327 452
m 45 92 1 327 452
m 45 148 1 327 452
m 45 232 1 327 452
b 45 3 327 452
m 45 78 3 11.571428571428573 140.14285714285717 0.4991804440715171
m 45 79 3 11.571428571428573 140.14285714285717 0.4991804440715171
m 45 50 3 11.571428571428573 140.14285714285717 0.4991804440715171
m 45 92 3 11.571428571428573 140.14285714285717 0.4991804440715171
m 45 232 3 11.571428571428573 140.14285714285717 0.4991804440715171
b 157 3 258 231
m 157 216 3 9.500000000000002 105.25 0.5
b 196 0 366 490
m 196 39 0 366 490
m 196 50 0 366 490
m 196 64 0 366 490
m 196 67 0 366 490
m 196 78 0 366 490
m 196 79 0 366 490
m 196 85 0 366 490
m 196 92 0 366 490
m 196 97 0 366 490
m 196 148 0 366 490
m 196 232 0 366 490
b 196 1 366 490
m 196 39 1 366 490
m 196 50 1 366 490
m 196 64 1 366 490
m 196 67 1 366 490
m 196 78 1 366 490
m 196 79 1 366 490
m 196 85 1 366 490
m 196 92 1 366 490
m 196 97 1 366 490
m 196 148 1 366 490
m 196 232 1 366 490
b 196 3 366 490
m 196 97 3 12.714285714285714 169.85714285714286 0.5386458143418128
m 196 79 3 12.714285714285714 169.85714285714286 0.5386458143418128
m 196 64 3 12.714285714285714 169.85714285714286 0.5386458143418128
m 196 67 3 12.714285714285714 169.85714285714286 0.5386458143418128
m 196 92 3 12.714285714285714 169.85714285714286 0.5386458143418128
m 196 85 3 12.714285714285714 169.85714285714286 0.5386458143418128
m 196 148 3 12.714285714285714 169.85714285714286 0.5386458143418128
b 204 0 291 453
m 204 39 0 291 453
m 204 85 0 291 453
m 204 148 0 291 453
b 204 1 291 453
m 204 39 1 291 453
m 204 85 1 291 453
m 204 148 1 291 453
b 204 3 291 453
m 204 39 3 11.571428571428571 151.57142857142856 0.25
m 204 85 3 11.571428571428571 151.57142857142856 0.25
b 13 3 244 91
m 13 123 3 9.250000000000002 95.75 0.25
m 13 230 3 9.250000000000002 95.75 0.25
b 20 3 73 4
m 20 15 3 7.111111111111112 60.66666666666665 0.5
b 80 2 9 111
m 80 154 2 9 111
m 80 181 2 9 111
b 123 0 240 71
m 123 96 0 240 71
m 123 173 0 240 71
b 137 2 256 191
b 138 3 187 235
b 176 2 206 268
m 176 0 2 206 268
m 176 30 2 206 268
m 176 35 2 206 268
m 176 157 2 206 268
m 176 179 2 206 268
m 176 220 2 206 268
b 86 0 357 158
m 86 28 0 357 158
m 86 51 0 357 158
m 86 54 0 357 158
m 86 69 0 357 158
m 86 90 0 357 158
m 86 162 0 357 158
m 86 165 0 357 158
m 86 225 0 357 158
b 86 1 357 158
m 86 28 1 357 158
m 86 51 1 357 158
m 86 54 1 357 158
m 86 69 1 357 158
m 86 90 1 357 158
m 86 162 1 357 158
m 86 165 1 357 158
m 86 225 1 357 158
b 138 2 186 235
m 138 30 2 186 235
b 189 1 182 60
m 189 57 1 182 60
m 189 96 1 182 60
m 189 151 1 182 60
m 189 172 1 182 60
m 189 205 1 182 60
b 227 3 293 311
m 227 5 3 8.624999999999998 91.125 0.3333333333333333
b 233 3 329 244
m 233 108 3 9.124999999999998 96.125 0.5124732783280455
m 233 87 3 9.124999999999998 96.125 0.5124732783280455
m 233 17 3 9.124999999999998 96.125 0.5124732783280455
m 233 93 3 9.124999999999998 96.125 0.5124732783280455
b 50 0 369 491
m 50 64 0 369 491
m 50 67 0 369 491
b 87 0 356 204
m 87 17 0 356 204
m 87 28 0 356 204
m 87 51 0 356 204
m 87 54 0 356 204
m 87 58 0 356 204
m 87 75 0 356 204
m 87 76 0 356 204
m 87 93 0 356 204
m 87 136 0 356 204
m 87 193 0 356 204
m 87 215 0 356 204
m 87 225 0 356 204
b 87 1 356 204
m 87 17 1 356 204
m 87 28 1 356 204
m 87 51 1 356 204
m 87 54 1 356 204
m 87 58 1 356 204
m 87 75 1 356 204
m 87 76 1 356 204
m 87 93 1 356 204
m 87 136 1 356 204
m 87 193 1 356 204
m 87 215 1 356 204
m 87 225 1 356 204
b 98 3 355 253
m 98 146 3 9.499999999999998 102.5 0.829233020798407
m 98 75 3 9.499999999999998 102.5 0.829233020798407
m 98 108 3 9.499999999999998 102.5 0.829233020798407
m 98 87 3 9.499999999999998 102.5 0.829233020798407
m 98 76 3 9.499999999999998 102.5 0.829233020798407
m 98 93 3 9.499999999999998 102.5 0.829233020798407
b 194 1 45 39
b 224 2 240 170
m 224 0 2 240 170
m 224 29 2 240 170
m 224 55 2 240 170
m 224 68 2 240 170
m 224 100 2 240 170
m 224 157 2 240 170
m 224 159 2 240 170
m 224 178 2 240 170
m 224 208 2 240 170
m 224 209 2 240 170
m 224 216 2 240 170
b 227 0 292 311
m 227 5 0 292 311
b 227 1 292 311
m 227 5 1 292 311
b 38 3 352 483
m 38 50 3 11.125000000000002 138.62500000000003 0.25
m 38 64 3 11.125000000000002 138.62500000000003 0.25
b 98 0 355 252
m 98 17 0 355 252
m 98 75 0 355 252
m 98 76 0 355 252
m 98 93 0 355 252
m 98 146 0 355 252
b 98 1 355 252
m 98 17 1 355 252
m 98 75 1 355 252
m 98 76 1 355 252
m 98 93 1 355 252
m 98 146 1 355 252
b 159 3 264 129
m 159 123 3 9.875 106.125 0.03513548490728999
b 37 3 47 451
m 37 183 3 4.375 27.875 1.0
b 57 0 160 2
m 57 96 0 160 2
b 72 0 431 392
m 72 63 0 431 392
m 72 81 0 431 392
m 72 99 0 431 392
m 72 122 0 431 392
m 72 127 0 431 392
m 72 131 0 431 392
m 72 146 0 431 392
m 72 185 0 431 392
b 72 3 431 392
m 72 122 3 12.0 149.5 0.5001361120366287
m 72 146 3 12.0 149.5 0.5001361120366287
m 72 99 3 12.0 149.5 0.5001361120366287
m 72 185 3 12.0 149.5 0.5001361120366287
m 72 81 3 12.0 149.5 0.5001361120366287
b 85 0 367 451
m 85 67 0 367 451
b 85 3 367 451
m 85 67 3 11.000000000000002 137.75000000000003 0.3333333333333333
b 86 3 359 160
m 86 3 3 11.444444444444445 139.88888888888889 0.49926419266351685
m 86 230 3 11.444444444444445 139.88888888888889 0.49926419266351685
m 86 69 3 11.444444444444445 139.88888888888889 0.49926419266351685
m 86 54 3 11.444444444444445 139.88888888888889 0.49926419266351685
b 108 0 370 310
m 108 164 0 370 310
b 108 1 370 310
m 108 164 1 370 310
b 133 0 386 178
m 133 17 0 386 178
m 133 58 0 386 178
m 133 76 0 386 178
m 133 136 0 386 178
m 133 193 0 386 178
m 133 215 0 386 178
b 133 1 386 178
b 134 3 37 23
m 134 181 3 7.333333333333333 63.33333333333332 0.5
m 134 15 3 7.333333333333333 63.33333333333332 0.5
b 194 3 45 41
m 194 15 3 7.333333333333333 63.33333333333332 0.5
m 194 181 3 7.333333333333333 63.33333333333332 0.5
b 50 3 367 489
m 50 64 3 11.000000000000002 137.75000000000003 0.3333333333333333
b 94 3 114 91
m 94 15 3 7.0 60.33333333333332 1.0
b 162 0 322 124
m 162 182 0 322 124
b 162 1 322 124
m 162 182 1 322 124
b 225 0 349 122
m 225 19 0 349 122
m 225 182 0 349 122
b 225 1 349 122
m 225 19 1 349 122
m 225 182 1 349 122
b 39 0 358 493
m 39 64 0 358 493
b 39 3 358 493
m 39 64 3 11.125 140.125 0.3333333333333333
b 73 0 334 114
m 73 182 0 334 114
b 73 1 334 114
m 73 182 1 334 114
b 151 3 223 1
m 151 172 3 7.555555555555556 64.2222222222222 0.3019326227611966
b 189 2 184 64
b 228 3 148 94
b 50 1 366 487
m 50 64 1 366 487
b 57 3 162 4
m 57 205 3 7.0 60.33333333333332 1.0
b 148 0 353 461
b 162 3 320 124
m 162 69 3 11.0 129.22222222222223 0.34468303881489487
m 162 90 3 11.0 129.22222222222223 0.34468303881489487
b 170 3 366 147
m 170 93 3 11.444444444444445 139.88888888888889 0.49926419266351685
m 170 87 3 11.444444444444445 139.88888888888889 0.49926419266351685
m 170 215 3 11.444444444444445 139.88888888888889 0.49926419266351685
m 170 54 3 11.444444444444445 139.88888888888889 0.49926419266351685
m 170 133 3 11.444444444444445 139.88888888888889 0.49926419266351685
b 178 3 264 165
m 178 216 3 9.0 100.77777777777777 0.6766636555254442
m 178 230 3 9.0 100.77777777777777 0.6766636555254442
m 178 69 3 9.0 100.77777777777777 0.6766636555254442
b 203 3 215 253
b 3 0 356 176
m 3 17 0 356 176
m 3 58 0 356 176
m 3 75 0 356 176
m 3 76 0 356 176
m 3 136 0 356 176
m 3 193 0 356 176
m 3 215 0 356 176
b 3 1 356 176
m 3 17 1 356 176
m 3 58 1 356 176
m 3 75 1 356 176
m 3 76 1 356 176
m 3 136 1 356 176
m 3 193 1 356 176
m 3 215 1 356 176
b 15 3 63 43
b 69 0 302 121
b 69 1 302 121
b 93 0 361 229
m 93 17 0 361 229
m 93 58 0 361 229
m 93 75 0 361 229
m 93 76 0 361 229
m 93 117 0 361 229
m 93 140 0 361 229
m 93 193 0 361 229
m 93 215 0 361 229
b 93 1 361 229
m 93 17 1 361 229
m 93 58 1 361 229
m 93 75 1 361 229
m 93 76 1 361 229
m 93 117 1 361 229
m 93 140 1 361 229
m 93 193 1 361 229
m 93 215 1 361 229
b 106 2 301 268
m 106 4 2 301 268
m 106 25 2 301 268
m 106 44 2 301 268
m 106 98 2 301 268
m 106 114 2 301 268
m 106 216 2 301 268
m 106 227 2 301 268
m 106 233 2 301 268
b 158 0 4 38
b 213 0 363 137
m 213 215 0 363 137
b 213 1 363 137
m 213 215 1 363 137
b 73 3 332 111
m 73 133 3 11.0 129.22222222222223 0.34468303881489487
m 73 90 3 11.0 129.22222222222223 0.34468303881489487
m 73 28 3 11.0 129.22222222222223 0.34468303881489487
m 73 165 3 11.0 129.22222222222223 0.34468303881489487
b 78 0 416 424
m 78 131 0 416 424
m 78 206 0 416 424
b 78 3 416 424
m 78 67 3 11.5 143.5 0.1537186247828506
b 79 0 400 447
m 79 64 0 400 447
m 79 206 0 400 447
b 85 1 367 456
m 85 150 1 367 456
b 154 3 16 18
b 172 1 198 72
m 172 96 1 198 72
m 172 173 1 198 72
m 172 205 1 198 72
b 57 1 164 6
m 57 96 1 164 6
b 57 2 164 6
m 57 96 2 164 6
b 79 3 400 448
m 79 206 3 11.25 139.0 0.25
m 79 148 3 11.25 139.0 0.25
b 146 3 407 339
m 146 164 3 8.999999999999998 94.5 -1.0
b 150 0 432 436
m 150 74 0 432 436
m 150 110 0 432 436
m 150 127 0 432 436
m 150 131 0 432 436
m 150 177 0 432 436
m 150 206 0 432 436
b 150 3 432 436
m 150 177 3 11.75 145.0 0.24464637812498966
m 150 74 3 11.75 145.0 0.24464637812498966
b 154 2 17 17
b 173 0 251 57
b 181 2 5 13
b 214 2 273 304
m 214 4 2 273 304
m 214 5 2 273 304
m 214 25 2 273 304
m 214 66 2 273 304
m 214 102 2 273 304
m 214 114 2 273 304
m 214 227 2 273 304
b 216 3 286 225
m 216 87 3 8.666666666666666 99.55555555555556 1.0
b 39 1 356 498
b 51 0 397 128
m 51 19 0 397 128
m 51 52 0 397 128
m 51 136 0 397 128
m 51 144 0 397 128
m 51 215 0 397 128
b 51 1 397 128
m 51 19 1 397 128
m 51 52 1 397 128
m 51 136 1 397 128
m 51 144 1 397 128
m 51 215 1 397 128
b 92 0 393 439
b 97 0 426 435
m 97 110 0 426 435
m 97 177 0 426 435
m 97 206 0 426 435
m 97 210 0 426 435
b 97 3 426 435
m 97 177 3 11.375 142.125 0.028320902944620283
b 123 1 230 76
m 123 96 1 230 76
m 123 173 1 230 76
m 123 205 1 230 76
b 158 1 5 41
b 182 0 331 88
m 182 24 0 331 88
m 182 36 0 331 88
m 182 237 0 331 88
b 182 1 331 88
m 182 24 1 331 88
m 182 36 1 331 88
m 182 237 1 331 88
b 213 3 365 135
m 213 182 3 11.333333333333334 136.88888888888889 0.47066537927340046
m 213 19 3 11.333333333333334 136.88888888888889 0.47066537927340046
m 213 133 3 11.333333333333334 136.88888888888889 0.47066537927340046
m 213 28 3 11.333333333333334 136.88888888888889 0.47066537927340046
m 213 3 3 11.333333333333334 136.88888888888889 0.47066537927340046
m 213 51 3 11.333333333333334 136.88888888888889 0.47066537927340046
m 213 87 3 11.333333333333334 136.88888888888889 0.47066537927340046
b 232 0 368 467
b 232 3 368 467
b 5 0 314 345
m 5 164 0 314 345
b 5 1 314 345
m 5 164 1 314 345
b 92 3 393 438
b 148 1 350 465
b 158 3 5 42
b 178 2 259 165
b 6 0 395 346
m 6 164 0 395 346
b 6 3 395 346
m 6 164 3 12.285714285714286 156.57142857142858 -1.0
b 28 0 400 155
m 28 19 0 400 155
m 28 52 0 400 155
m 28 136 0 400 155
m 28 144 0 400 155
m 28 193 0 400 155
m 28 215 0 400 155
b 28 1 400 155
m 28 19 1 400 155
m 28 52 1 400 155
m 28 136 1 400 155
m 28 144 1 400 155
m 28 193 1 400 155
m 28 215 1 400 155
b 90 0 367 116
m 90 19 0 367 116
m 90 52 0 367 116
m 90 144 0 367 116
b 90 1 367 116
m 90 19 1 367 116
m 90 52 1 367 116
m 90 144 1 367 116
b 96 0 181 18
b 158 2 5 43
b 165 0 375 137
m 165 19 0 375 137
m 165 52 0 375 137
m 165 144 0 375 137
b 165 1 375 137
b 181 3 3 11
b 208 2 200 132
m 208 13 2 200 132
m 208 123 2 200 132
m 208 159 2 200 132
m 208 172 2 200 132
b 5 3 312 345
m 5 164 3 8.624999999999998 91.125 -1.0
b 29 2 316 191
b 54 0 419 172
m 54 19 0 419 172
m 54 46 0 419 172
m 54 52 0 419 172
m 54 140 0 419 172
m 54 144 0 419 172
m 54 149 0 419 172
m 54 156 0 419 172
b 54 1 419 172
m 54 19 1 419 172
m 54 46 1 419 172
m 54 52 1 419 172
m 54 140 1 419 172
m 54 144 1 419 172
m 54 149 1 419 172
m 54 156 1 419 172
b 67 0 400 467
m 67 110 0 400 467
m 67 177 0 400 467
m 67 206 0 400 467
m 67 210 0 400 467
b 67 1 400 467
b 78 1 419 421
b 79 1 401 451
m 79 150 1 401 451
m 79 206 1 401 451
b 87 3 352 215
m 87 54 3 8.888888888888888 90.88888888888889 0.5290955258255393
m 87 28 3 8.888888888888888 90.88888888888889 0.5290955258255393
m 87 215 3 8.888888888888888 90.88888888888889 0.5290955258255393
m 87 193 3 8.888888888888888 90.88888888888889 0.5290955258255393
b 172 3 194 75
m 172 173 3 7.222222222222223 61.88888888888887 0.5
m 172 205 3 7.222222222222223 61.88888888888887 0.5
b 56 0 280 7
m 56 24 0 280 7
b 96 3 179 18
m 96 205 3 7.111111111111112 61.55555555555554 1.0
b 146 0 410 343
m 146 164 0 410 343
b 146 1 410 343
m 146 164 1 410 343
b 151 1 227 9
m 151 56 1 227 9
b 151 2 227 9
b 215 0 414 178
m 215 117 0 414 178
m 215 140 0 414 178
m 215 149 0 414 178
m 215 156 0 414 178
b 215 1 414 178
m 215 117 1 414 178
m 215 140 1 414 178
m 215 149 1 414 178
m 215 156 1 414 178
b 216 2 284 229
m 216 25 2 284 229
m 216 44 2 284 229
m 216 87 2 284 229
m 216 98 2 284 229
m 216 114 2 284 229
m 216 233 2 284 229
b 0 2 243 214
b 63 0 460 353
m 63 32 0 460 353
m 63 43 0 460 353
m 63 60 0 460 353
m 63 104 0 460 353
b 68 2 257 203
m 68 44 2 257 203
b 92 1 395 435
m 92 72 1 395 435
m 92 150 1 395 435
m 92 206 1 395 435
b 97 1 429 431
m 97 72 1 429 431
m 97 110 1 429 431
m 97 150 1 429 431
m 97 177 1 429 431
m 97 206 1 429 431
b 148 3 348 468
b 193 0 408 192
m 193 117 0 408 192
m 193 140 0 408 192
m 193 149 0 408 192
m 193 156 0 408 192
b 193 1 408 192
m 193 117 1 408 192
m 193 140 1 408 192
m 193 149 1 408 192
m 193 156 1 408 192
b 220 2 286 279
m 220 4 2 286 279
m 220 25 2 286 279
m 220 44 2 286 279
m 220 98 2 286 279
m 220 114 2 286 279
m 220 227 2 286 279
m 220 233 2 286 279
b 230 3 277 111
m 230 225 3 9.111111111111112 101.33333333333333 0.34319007025021714
m 230 182 3 9.111111111111112 101.33333333333333 0.34319007025021714
b 232 1 363 467
m 232 150 1 363 467
b 17 3 385 270
m 17 117 3 8.555555555555554 87.22222222222221 0.16004749327094528
b 35 2 197 315
m 35 66 2 197 315
m 35 155 2 197 315
b 93 3 354 235
m 93 58 3 8.777777777777775 89.44444444444444 0.4486564491284214
m 93 215 3 8.777777777777775 89.44444444444444 0.4486564491284214
m 93 133 3 8.777777777777775 89.44444444444444 0.4486564491284214
b 100 2 261 214
m 100 44 2 261 214
b 123 3 224 79
m 123 173 3 8.222222222222223 84.22222222222221 0.5120868669255767
m 123 205 3 8.222222222222223 84.22222222222221 0.5120868669255767
b 131 0 438 356
m 131 164 0 438 356
b 179 2 217 310
m 179 4 2 217 310
m 179 66 2 217 310
m 179 227 2 217 310
b 209 2 300 151
m 209 69 2 300 151
m 209 73 2 300 151
m 209 86 2 300 151
m 209 162 2 300 151
m 209 170 2 300 151
m 209 225 2 300 151
m 209 230 2 300 151
b 17 0 385 271
m 17 117 0 385 271
m 17 140 0 385 271
b 17 1 385 271
m 17 117 1 385 271
m 17 140 1 385 271
b 30 2 202 263
b 64 0 406 480
m 64 110 0 406 480
m 64 177 0 406 480
m 64 206 0 406 480
m 64 210 0 406 480
b 64 1 406 480
m 64 110 1 406 480
m 64 150 1 406 480
m 64 177 1 406 480
m 64 206 1 406 480
m 64 210 1 406 480
b 64 3 406 480
m 64 206 3 11.625 150.625 0.25
m 64 110 3 11.625 150.625 0.25
b 67 3 397 466
m 67 177 3 11.625 150.625 0.25
m 67 210 3 11.625 150.625 0.25
b 75 0 389 260
m 75 117 0 389 260
m 75 140 0 389 260
b 75 1 389 260
m 75 117 1 389 260
m 75 140 1 389 260
b 75 3 389 260
m 75 193 3 9.111111111111109 95.11111111111111 0.32588661989677725
b 136 0 451 172
m 136 46 0 451 172
m 136 52 0 451 172
m 136 144 0 451 172
m 136 149 0 451 172
m 136 156 0 451 172
m 136 238 0 451 172
b 136 1 451 172
m 136 46 1 451 172
m 136 52 1 451 172
m 136 144 1 451 172
m 136 149 1 451 172
m 136 156 1 451 172
m 136 238 1 451 172
b 157 2 239 230
m 157 44 2 239 230
b 55 2 282 125
m 55 13 2 282 125
m 55 69 2 282 125
m 55 73 2 282 125
m 55 123 2 282 125
m 55 162 2 282 125
m 55 182 2 282 125
m 55 225 2 282 125
m 55 230 2 282 125
b 76 0 397 261
m 76 117 0 397 261
m 76 140 0 397 261
b 76 1 397 261
m 76 117 1 397 261
m 76 140 1 397 261
b 76 3 397 261
m 76 117 3 8.888888888888888 92.88888888888889 0.25
m 76 58 3 8.888888888888888 92.88888888888889 0.25
b 99 0 438 322
m 99 12 0 438 322
m 99 32 0 438 322
m 99 43 0 438 322
m 99 60 0 438 322
m 99 104 0 438 322
b 99 3 438 322
m 99 32 3 11.555555555555555 140.0 0.3938134700372334
m 99 12 3 11.555555555555555 140.0 0.3938134700372334
m 99 43 3 11.555555555555555 140.0 0.3938134700372334
m 99 60 3 11.555555555555555 140.0 0.3938134700372334
b 205 1 245 9
m 205 56 1 245 9
m 205 173 1 245 9
b 19 0 403 102
m 19 46 0 403 102
m 19 52 0 403 102
m 19 144 0 403 102
m 19 238 0 403 102
b 19 1 403 102
m 19 46 1 403 102
m 19 52 1 403 102
m 19 144 1 403 102
m 19 238 1 403 102
b 116 3 381 338
m 116 164 3 8.999999999999998 94.5 -1.0
b 215 3 416 173
m 215 136 3 11.3 135.9 0.31181194519727123
m 215 140 3 11.3 135.9 0.31181194519727123
m 215 117 3 11.3 135.9 0.31181194519727123
b 81 0 436 328
m 81 164 0 436 328
b 81 3 436 328
m 81 164 3 12.0 149.5 -1.0
b 96 1 173 20
b 108 3 380 324
m 108 164 3 9.124999999999998 96.125 -1.0
b 114 2 331 279
m 114 5 2 331 279
m 114 93 2 331 279
m 114 108 2 331 279
b 116 0 380 338
m 116 164 0 380 338
b 116 1 380 338
m 116 164 1 380 338
b 159 2 247 134
m 159 13 2 247 134
m 159 69 2 247 134
m 159 123 2 247 134
m 159 162 2 247 134
m 159 173 2 247 134
m 159 230 2 247 134
b 58 0 386 215
b 58 1 386 215
b 69 3 291 130
m 69 182 3 10.5 126.30000000000001 0.5
m 69 225 3 10.5 126.30000000000001 0.5
b 133 3 403 181
m 133 51 3 10.9 129.5 0.16666666666666666
m 133 136 3 10.9 129.5 0.16666666666666666
b 185 0 437 347
m 185 164 0 437 347
b 185 3 437 347
m 185 164 3 12.0 149.5 -1.0
b 3 3 348 163
m 3 58 3 10.600000000000001 126.80000000000001 0.3333333333333333
b 5 2 303 345
m 5 71 2 303 345
m 5 101 2 303 345
m 5 108 2 303 345
m 5 116 2 303 345
m 5 164 2 303 345
b 25 2 297 275
b 36 0 355 51
m 36 234 0 355 51
b 36 1 355 51
m 36 234 1 355 51
b 144 0 420 122
m 144 46 0 420 122
m 144 49 0 420 122
m 144 238 0 420 122
b 144 1 420 122
m 144 46 1 420 122
m 144 49 1 420 122
m 144 238 1 420 122
b 183 3 62 492
b 117 0 412 249
m 117 12 0 412 249
m 117 43 0 412 249
b 117 1 412 249
m 117 12 1 412 249
m 117 43 1 412 249
b 122 0 458 314
m 122 12 0 458 314
m 122 32 0 458 314
m 122 43 0 458 314
m 122 60 0 458 314
m 122 104 0 458 314
b 122 3 458 314
m 122 32 3 11.666666666666666 141.88888888888889 0.45894163977825814
m 122 12 3 11.666666666666666 141.88888888888889 0.45894163977825814
m 122 43 3 11.666666666666666 141.88888888888889 0.45894163977825814
m 122 104 3 11.666666666666666 141.88888888888889 0.45894163977825814
b 206 0 442 428
b 4 2 308 303
b 52 0 452 95
m 52 46 0 452 95
m 52 49 0 452 95
m 52 70 0 452 95
m 52 132 0 452 95
m 52 238 0 452 95
b 52 1 452 95
m 52 46 1 452 95
m 52 49 1 452 95
m 52 70 1 452 95
m 52 132 1 452 95
m 52 238 1 452 95
b 127 0 463 354
m 127 32 0 463 354
m 127 60 0 463 354
m 127 104 0 463 354
b 205 3 251 7
m 205 56 3 6.3999999999999995 54.39999999999999 1.0
b 206 3 441 427
m 206 110 3 10.333333333333334 124.55555555555556 0.17552553500410328
b 19 3 397 100
m 19 46 3 10.799999999999999 126.8 0.16666666666666666
m 19 238 3 10.799999999999999 126.8 0.16666666666666666
b 54 3 431 174
m 54 136 3 11.100000000000001 132.3 0.14851160392915747
m 54 52 3 11.100000000000001 132.3 0.14851160392915747
b 173 1 237 65
b 210 0 450 498
b 227 2 268 310
b 233 2 335 219
m 233 3 2 335 219
m 233 17 2 335 219
m 233 58 2 335 219
m 233 75 2 335 219
m 233 76 2 335 219
m 233 86 2 335 219
m 233 93 2 335 219
b 98 2 356 229
m 98 3 2 356 229
m 98 17 2 356 229
m 98 58 2 356 229
m 98 75 2 356 229
m 98 76 2 356 229
m 98 86 2 356 229
m 98 93 2 356 229
m 98 117 2 356 229
m 98 140 2 356 229
b 149 0 462 195
m 149 14 0 462 195
m 149 238 0 462 195
b 149 1 462 195
m 149 14 1 462 195
m 149 238 1 462 195
b 182 3 315 87
m 182 36 3 10.5 124.10000000000001 0.3333333333333333
b 237 0 358 6
m 237 22 0 358 6
m 237 234 0 358 6
b 237 1 358 6
m 237 22 1 358 6
m 237 234 1 358 6
b 87 2 346 227
m 87 3 2 346 227
m 87 17 2 346 227
m 87 58 2 346 227
m 87 75 2 346 227
m 87 76 2 346 227
m 87 86 2 346 227
m 87 93 2 346 227
m 87 117 2 346 227
m 87 133 2 346 227
m 87 140 2 346 227
m 87 193 2 346 227
b 90 3 352 113
m 90 36 3 10.1 116.7 0.5
m 90 144 3 10.1 116.7 0.5
b 110 0 452 439
b 140 0 411 262
m 140 12 0 411 262
b 140 1 411 262
m 140 12 1 411 262
m 140 43 1 411 262
b 150 1 437 454
m 150 74 1 437 454
m 150 210 1 437 454
b 177 0 480 491
b 177 3 480 491
m 177 210 3 10.666666666666666 129.33333333333334 0.5
m 177 110 3 10.666666666666666 129.33333333333334 0.5
b 193 3 397 188
m 193 136 3 8.399999999999999 83.39999999999999 0.16202654313898618
b 66 2 238 352
b 72 1 455 400
m 72 32 1 455 400
m 72 60 1 455 400
m 72 63 1 455 400
m 72 74 1 455 400
m 72 81 1 455 400
m 72 99 1 455 400
m 72 127 1 455 400
m 72 131 1 455 400
m 72 185 1 455 400
b 86 2 371 182
m 86 3 2 371 182
m 86 28 2 371 182
m 86 51 2 371 182
m 86 54 2 371 182
m 86 58 2 371 182
m 86 90 2 371 182
m 86 93 2 371 182
m 86 133 2 371 182
m 86 165 2 371 182
m 86 193 2 371 182
m 86 213 2 371 182
m 86 215 2 371 182
b 156 0 496 183
m 156 14 0 496 183
b 156 1 496 183
b 206 1 437 426
m 206 74 1 437 426
m 206 127 1 437 426
b 28 3 410 141
m 28 136 3 10.5 119.89999999999999 0.13244936319659362
b 44 2 322 195
b 51 3 408 112
m 51 46 3 10.799999999999999 126.8 0.16666666666666666
m 51 52 3 10.799999999999999 126.8 0.16666666666666666
b 96 2 164 22
b 165 3 382 153
m 165 144 3 10.1 116.7 0.5
m 165 238 3 10.1 116.7 0.5
b 225 3 335 102
b 13 2 261 65
m 13 173 2 261 65
m 13 205 2 261 65
b 104 0 499 343
b 173 3 232 67
b 225 2 334 101
m 225 3 2 334 101
m 225 19 2 334 101
m 225 28 2 334 101
m 225 51 2 334 101
m 225 90 2 334 101
m 225 165 2 334 101
m 225 213 2 334 101
b 238 0 448 149
m 238 49 0 448 149
m 238 70 0 448 149
b 238 1 448 149
m 238 49 1 448 149
m 238 70 1 448 149
b 60 0 490 330
b 74 0 477 441
b 74 3 477 441
b 102 2 312 335
m 102 71 2 312 335
m 102 101 2 312 335
m 102 108 2 312 335
m 102 116 2 312 335
b 155 2 184 358
b 162 2 295 122
b 170 2 390 142
b 172 2 180 86
b 24 0 301 37
m 24 234 0 301 37
b 24 1 301 37
m 24 234 1 301 37
b 32 0 455 354
m 32 164 0 455 354
b 117 3 403 250
b 210 1 443 498
m 210 74 1 443 498
b 210 3 443 498
b 73 2 322 88
m 73 3 2 322 88
m 73 19 2 322 88
m 73 36 2 322 88
m 73 90 2 322 88
m 73 165 2 322 88
m 73 213 2 322 88
b 110 1 447 436
m 110 74 1 447 436
b 123 2 209 87
b 177 1 486 490
m 177 74 1 486 490
b 46 0 473 101
m 46 70 0 473 101
b 46 1 473 101
m 46 70 1 473 101
b 60 3 491 327
m 60 131 3 10.8 127.6 0.021298126919865948
b 69 2 281 138
b 182 2 307 87
m 182 24 2 307 87
m 182 36 2 307 87
m 182 90 2 307 87
b 230 2 261 100
b 12 0 451 250
m 12 14 0 451 250
m 12 145 0 451 250
b 12 3 451 250
m 12 149 3 10.700000000000001 126.9 0.3333333333333333
b 32 3 455 357
m 32 164 3 11.555555555555555 140.0 -1.0
b 43 0 462 256
m 43 14 0 462 256
m 43 145 0 462 256
b 110 3 445 435
b 136 3 468 178
m 136 149 3 10.727272727272728 125.81818181818181 0.01683887997433386
b 56 1 301 15
b 58 3 374 206
b 93 2 339 248
b 70 0 484 116
b 70 1 484 116
b 173 2 226 70
b 36 3 367 62
m 36 24 3 10.0 115.09090909090908 0.4723965002134016
m 36 234 3 10.0 115.09090909090908 0.4723965002134016
m 36 237 3 10.0 115.09090909090908 0.4723965002134016
b 43 3 460 253
m 43 149 3 10.700000000000001 126.9 0.3333333333333333
b 104 3 496 350
m 104 63 3 10.8 128.6 0.3333333333333333
b 132 0 412 44
m 132 33 0 412 44
m 132 152 0 412 44
m 132 231 0 412 44
b 132 1 412 44
m 132 33 1 412 44
m 132 152 1 412 44
m 132 231 1 412 44
b 234 0 349 1
m 234 33 0 349 1
b 234 1 349 1
m 234 33 1 349 1
b 238 3 447 157
m 238 149 3 10.18181818181818 116.72727272727272 0.08976806239737274
b 52 3 459 82
b 71 2 343 361
m 71 164 2 343 361
b 140 3 405 273
m 140 145 3 10.363636363636365 123.63636363636364 1.0
b 144 3 410 135
m 144 49 3 9.363636363636363 106.45454545454545 0.5087888668281754
b 12 1 447 247
m 12 122 1 447 247
m 12 145 1 447 247
b 22 0 403 20
m 22 33 0 403 20
m 22 152 0 403 20
m 22 231 0 403 20
b 22 1 403 20
b 63 1 484 358
m 63 104 1 484 358
m 63 122 1 484 358
b 108 2 392 340
m 108 164 2 392 340
b 17 2 380 295
m 17 6 2 380 295
m 17 81 2 380 295
b 75 2 374 279
b 131 1 460 345
b 193 2 384 183
m 193 136 2 384 183
m 193 144 2 384 183
m 193 149 2 384 183
b 215 2 421 152
m 215 136 2 421 152
m 215 144 2 421 152
m 215 149 2 421 152
m 215 238 2 421 152
b 76 2 402 284
m 76 6 2 402 284
m 76 43 2 402 284
m 76 81 2 402 284
b 117 2 393 251
m 117 12 2 393 251
m 117 43 2 393 251
b 133 2 424 186
b 43 1 458 249
m 43 122 1 458 249
m 43 145 1 458 249
b 49 0 437 96
m 49 9 0 437 96
m 49 231 0 437 96
b 49 1 437 96
m 49 9 1 437 96
m 49 231 1 437 96
b 99 1 460 310
m 99 6 1 460 310
m 99 104 1 460 310
m 99 122 1 460 310
m 99 145 1 460 310
b 3 2 337 144
b 60 1 491 317
b 101 2 339 404
m 101 7 2 339 404
m 101 27 2 339 404
m 101 50 2 339 404
m 101 111 2 339 404
m 101 120 2 339 404
m 101 153 2 339 404
m 101 204 2 339 404
b 116 2 368 359
b 19 2 379 92
m 19 52 2 379 92
m 19 132 2 379 92
m 19 144 2 379 92
b 32 1 454 367
m 32 164 1 454 367
b 36 2 372 67
m 36 22 2 372 67
m 36 132 2 372 67
m 36 234 2 372 67
m 36 237 2 372 67
b 58 2 366 201
b 81 1 449 307
m 81 6 1 449 307
m 81 104 1 449 307
m 81 122 1 449 307
m 81 145 1 449 307
b 46 3 475 89
m 46 49 3 10.18181818181818 116.72727272727272 0.08976806239737274
b 56 3 310 19
m 56 24 3 6.09090909090909 50.272727272727266 1.0
m 56 234 3 6.09090909090909 50.272727272727266 1.0
m 56 237 3 6.09090909090909 50.272727272727266 1.0
b 140 2 402 279
b 185 1 459 358
m 185 164 1 459 358
b 14 0 492 262
b 14 1 492 262
b 51 2 418 97
m 51 46 2 418 97
m 51 49 2 418 97
m 51 52 2 418 97
m 51 132 2 418 97
m 51 144 2 418 97
m 51 238 2 418 97
b 131 3 466 342
m 131 127 3 10.0 116.36363636363636 7.028647115522319E-4
b 213 2 391 108
m 213 49 2 391 108
m 213 144 2 391 108
m 213 238 2 391 108
b 149 3 464 217
m 149 14 3 10.000000000000002 116.18181818181817 0.34075001303916974
m 149 156 3 10.000000000000002 116.18181818181817 0.34075001303916974
b 205 2 273 4
m 205 56 2 273 4
b 28 2 421 124
m 28 46 2 421 124
m 28 49 2 421 124
m 28 52 2 421 124
m 28 144 2 421 124
m 28 238 2 421 124
b 74 1 461 434
b 90 2 331 108
b 127 1 456 330
m 127 164 1 456 330
b 165 2 389 172
b 54 2 455 178
b 63 3 494 360
m 63 127 3 9.90909090909091 117.0 1.0
b 152 0 457 25
m 152 9 0 457 25
m 152 130 0 457 25
b 152 1 457 25
b 144 2 401 146
b 149 2 465 223
b 231 0 486 32
m 231 130 0 486 32
b 231 1 486 32
b 234 3 341 11
m 234 22 3 9.25 105.58333333333331 1.0
b 237 3 344 18
m 237 22 3 9.416666666666666 106.24999999999999 0.1743900156497137
b 238 2 446 173
m 238 49 2 446 173
m 238 70 2 446 173
m 238 156 2 446 173
b 104 1 491 367
b 24 2 277 42
m 24 56 2 277 42
m 24 234 2 277 42
m 24 237 2 277 42
b 33 0 421 34
b 33 1 421 34
b 50 2 331 451
m 50 16 2 331 451
m 50 38 2 331 451
m 50 39 2 331 451
m 50 41 2 331 451
m 50 45 2 331 451
m 50 59 2 331 451
m 50 64 2 331 451
m 50 67 2 331 451
m 50 85 2 331 451
m 50 118 2 331 451
m 50 139 2 331 451
m 50 148 2 331 451
m 50 196 2 331 451
m 50 218 2 331 451
m 50 232 2 331 451
m 50 235 2 331 451
b 136 2 489 186
m 136 70 2 489 186
m 136 156 2 489 186
b 145 0 452 272
b 9 0 473 56
m 9 130 0 473 56
b 9 1 473 56
m 9 130 1 473 56
b 81 2 455 295
m 81 14 2 455 295
m 81 60 2 455 295
m 81 99 2 455 295
m 81 122 2 455 295
m 81 127 2 455 295
m 81 131 2 455 295
m 81 145 2 455 295
m 81 185 2 455 295
b 12 2 434 233
m 12 14 2 434 233
m 12 99 2 434 233
m 12 122 2 434 233
m 12 145 2 434 233
m 12 156 2 434 233
b 22 2 389 34
b 52 2 468 64
m 52 9 2 468 64
m 52 33 2 468 64
m 52 70 2 468 64
m 52 130 2 468 64
m 52 152 2 468 64
m 52 231 2 468 64
b 132 2 393 53
m 132 33 2 393 53
b 24 3 274 42
b 49 3 425 108
m 49 70 3 8.916666666666668 98.91666666666666 0.7699418628437295
m 49 9 3 8.916666666666668 98.91666666666666 0.7699418628437295
m 49 132 3 8.916666666666668 98.91666666666666 0.7699418628437295
m 49 33 3 8.916666666666668 98.91666666666666 0.7699418628437295
b 122 1 447 279
b 7 2 353 433
b 145 3 448 274
b 234 2 340 18
b 237 2 340 24
b 43 2 449 232
m 43 14 2 449 232
m 43 99 2 449 232
m 43 122 2 449 232
m 43 145 2 449 232
m 43 156 2 449 232
b 145 1 447 274
b 6 2 384 296
m 6 122 2 384 296
m 6 127 2 384 296
b 27 2 316 496
b 120 2 345 422
b 156 3 467 193
m 156 70 3 9.250000000000002 106.58333333333333 1.0
b 204 2 241 409
b 6 1 384 294
b 111 2 291 416
b 153 2 381 483
b 70 2 475 145
b 22 3 383 40
m 22 33 3 8.769230769230768 98.15384615384613 1.0
m 22 132 3 8.769230769230768 98.15384615384613 1.0
b 46 2 479 68
m 46 9 2 479 68
m 46 33 2 479 68
m 46 130 2 479 68
m 46 152 2 479 68
m 46 231 2 479 68
b 49 2 420 114
m 49 9 2 420 114
m 49 33 2 420 114
b 127 3 450 312
m 127 164 3 10.0 116.36363636363636 -1.0
b 14 3 488 283
b 38 2 375 461
m 38 79 2 375 461
m 38 110 2 375 461
m 38 206 2 375 461
m 38 210 2 375 461
b 41 2 394 497
b 156 2 462 194
b 56 2 332 28
b 85 2 380 496
m 85 79 2 380 496
m 85 210 2 380 496
b 218 2 354 495
b 131 2 487 331
m 131 32 2 487 331
m 131 63 2 487 331
m 131 72 2 487 331
m 131 78 2 487 331
m 131 104 2 487 331
b 16 2 313 468
m 16 26 2 313 468
m 16 89 2 313 468
b 39 2 346 437
b 118 2 428 415
m 118 164 2 428 415
b 59 2 319 498
b 70 3 473 150
b 99 2 487 297
m 99 63 2 487 297
m 99 104 2 487 297
b 148 2 316 481
b 152 2 456 46
b 9 2 470 72
b 60 2 491 287
m 60 63 2 491 287
b 130 0 475 46
b 132 3 380 60
b 9 3 470 73
m 9 130 3 8.461538461538462 92.0 0.5357447319033168
m 9 231 3 8.461538461538462 92.0 0.5357447319033168
b 64 2 355 452
b 67 2 342 447
m 67 110 2 342 447
m 67 206 2 342 447
b 139 2 425 455
m 139 164 2 425 455
b 231 2 491 39
b 185 2 486 371
b 196 2 377 431
b 235 2 441 456
m 235 32 2 441 456
m 235 74 2 441 456
m 235 78 2 441 456
m 235 79 2 441 456
m 235 92 2 441 456
m 235 97 2 441 456
m 235 110 2 441 456
m 235 146 2 441 456
m 235 150 2 441 456
m 235 177 2 441 456
m 235 206 2 441 456
m 235 210 2 441 456
b 33 2 414 54
b 45 2 303 494
m 45 26 2 303 494
m 45 89 2 303 494
b 232 2 301 470
m 232 89 2 301 470
b 33 3 414 55
m 33 152 3 8.384615384615385 91.61538461538461 0.025455434337306834
b 122 2 442 262
b 14 2 486 293
b 127 2 447 301
b 130 1 471 51
b 145 2 430 280
b 130 2 470 52
b 63 2 471 369
m 63 164 2 471 369
b 72 2 494 423
m 72 164 2 494 423
b 206 2 386 404
m 206 164 2 386 404
b 210 2 391 498
m 210 150 2 391 498
b 104 2 483 396
m 104 164 2 483 396
b 110 2 400 409
m 110 164 2 400 409
b 32 2 448 410
b 79 2 440 487
b 146 2 447 407
m 146 164 2 447 407
b 26 2 230 458
m 26 103 2 230 458
m 26 124 2 230 458
m 26 147 2 230 458
b 78 2 477 369
m 78 164 2 477 369
b 231 3 479 49
b 89 2 258 499
m 89 103 2 258 499
b 152 3 455 65
b 177 2 475 444
m 177 164 2 475 444
b 150 2 472 495
b 92 2 437 365
b 97 2 482 368
m 97 164 2 482 368
b 130 3 459 64
b 74 2 417 413
m 74 164 2 417 413
b 147 2 162 409
b 103 2 201 447
b 124 2 147 432
