Key: 
t: node change direction (node id, x, y, new direction)
s: node start location (node id, x, y, start direction, buffer)
m: message transfer (sender id, target id, messageType, sender x, sender y
b: broadcast (node id, message type, x, y)
298 491 497 396
s 0 254 51 198 0
s 1 464 106 271 1
s 2 10 489 16 2
s 3 345 395 54 5
s 4 406 284 116 9
s 5 440 426 181 2
s 6 423 423 324 5
s 7 147 330 290 7
s 8 295 218 302 6
s 9 361 57 265 3
s 10 29 260 343 7
s 11 443 36 89 0
s 12 68 308 336 3
s 13 80 18 300 0
s 14 173 179 139 3
s 15 7 451 0 5
s 16 87 436 327 9
s 17 396 130 114 1
s 18 16 292 15 10
s 19 175 87 330 9
s 20 494 358 106 2
s 21 247 124 49 10
s 22 86 205 179 0
s 23 324 195 206 0
s 24 357 171 345 1
s 25 375 244 136 10
s 26 23 233 346 6
s 27 58 323 133 8
s 28 253 306 41 10
s 29 380 332 304 4
s 30 63 325 103 5
s 31 283 293 265 10
s 32 166 225 119 10
s 33 464 55 86 10
s 34 205 135 98 10
s 35 27 467 79 0
s 36 16 386 193 9
s 37 185 460 224 0
s 38 86 274 305 8
s 39 291 85 103 1
s 40 461 251 1 4
s 41 79 83 212 0
s 42 344 242 136 6
s 43 475 155 224 2
s 44 435 165 266 9
s 45 62 213 198 3
s 46 163 201 178 10
s 47 464 128 213 10
s 48 20 183 266 6
s 49 193 289 143 1
s 50 286 358 69 9
s 51 292 150 163 7
s 52 425 84 286 6
s 53 27 118 206 7
s 54 70 434 219 9
s 55 457 258 81 10
s 56 336 184 298 9
s 57 9 324 100 1
s 58 63 437 212 5
s 59 372 280 319 3
s 60 413 251 95 2
s 61 165 22 152 2
s 62 217 222 301 10
s 63 185 174 144 1
s 64 35 361 123 9
s 65 101 234 216 10
s 66 125 181 357 5
s 67 219 196 201 5
s 68 256 286 141 7
s 69 257 10 25 4
s 70 119 275 267 9
s 71 117 182 208 10
s 72 114 106 247 5
s 73 215 96 298 0
s 74 201 23 42 6
s 75 383 177 270 9
s 76 131 157 227 3
s 77 346 261 309 2
s 78 70 81 38 7
s 79 448 400 78 10
s 80 357 50 223 8
s 81 81 129 302 9
s 82 472 29 221 3
s 83 93 336 37 9
s 84 362 43 274 0
s 85 145 471 106 9
s 86 258 58 39 3
s 87 71 327 40 6
s 88 449 263 205 6
s 89 173 490 186 5
s 90 329 373 335 8
s 91 86 193 250 10
s 92 225 413 60 6
s 93 307 97 95 0
s 94 147 278 96 2
s 95 402 325 44 5
s 96 410 412 42 4
s 97 23 65 92 7
s 98 132 128 305 9
s 99 226 221 99 6
s 100 453 122 217 1
s 101 209 306 351 0
s 102 119 70 186 3
s 103 248 158 326 10
s 104 116 272 88 7
s 105 287 198 353 10
s 106 8 309 86 8
s 107 184 86 269 1
s 108 235 444 36 3
s 109 3 128 186 9
s 110 470 487 159 9
s 111 497 396 132 4
s 112 270 56 64 7
s 113 393 430 343 1
s 114 349 147 270 5
s 115 11 436 46 4
s 116 172 114 157 3
s 117 356 458 68 4
s 118 483 196 97 6
s 119 84 80 348 9
s 120 351 195 60 0
s 121 243 443 226 4
s 122 298 282 83 2
s 123 123 203 300 10
s 124 245 27 239 7
s 125 382 137 3 2
s 126 430 22 120 7
s 127 266 194 195 6
s 128 151 304 157 10
s 129 40 17 58 2
s 130 137 112 326 9
s 131 291 34 308 7
s 132 488 429 27 5
s 133 417 30 220 2
s 134 476 465 6 0
s 135 397 98 79 3
s 136 175 186 116 2
s 137 454 462 306 7
s 138 105 217 186 8
s 139 397 54 156 10
s 140 200 3 99 7
s 141 412 70 158 3
s 142 86 151 270 3
s 143 491 222 309 9
s 144 261 396 212 8
s 145 468 67 218 3
s 146 325 365 295 2
s 147 295 334 128 5
s 148 118 415 127 7
s 149 342 423 12 8
s 150 154 316 63 3
s 151 20 420 107 1
s 152 456 440 158 10
s 153 350 289 61 6
s 154 107 261 208 2
s 155 299 22 103 4
s 156 139 495 186 4
s 157 139 19 158 7
s 158 220 1 53 0
s 159 482 26 7 8
s 160 253 384 2 10
s 161 340 476 82 2
s 162 53 295 205 1
s 163 383 240 198 0
s 164 265 353 141 7
s 165 314 332 176 6
s 166 224 333 184 1
s 167 427 278 93 7
s 168 457 215 140 3
s 169 269 83 166 5
s 170 3 195 96 2
s 171 357 478 315 4
s 172 109 367 169 10
s 173 27 423 87 2
s 174 423 311 105 1
s 175 244 389 227 0
s 176 56 461 323 4
s 177 434 438 143 6
s 178 469 109 50 2
s 179 364 326 314 9
s 180 390 80 129 7
s 181 6 356 314 7
s 182 171 206 331 7
s 183 125 189 71 3
s 184 114 168 355 9
s 185 188 260 202 0
s 186 356 248 70 4
s 187 208 26 18 2
s 188 497 198 92 2
s 189 333 271 54 4
s 190 437 281 279 9
s 191 273 360 54 8
s 192 298 491 115 3
s 193 340 246 196 0
s 194 387 384 356 10
s 195 116 438 16 9
s 196 298 487 70 4
s 197 255 467 305 8
s 198 13 153 46 5
s 199 29 437 311 5
s 200 314 253 70 4
s 201 55 165 28 4
s 202 250 74 239 6
s 203 168 147 346 3
s 204 41 496 23 1
s 205 267 27 127 7
s 206 22 269 106 6
s 207 213 363 133 3
s 208 112 466 14 5
s 209 113 31 310 5
s 210 150 153 23 8
s 211 284 63 276 3
s 212 258 151 273 2
s 213 396 92 119 4
s 214 459 72 36 1
s 215 110 497 231 6
s 216 395 431 227 9
s 217 459 53 264 7
s 218 39 132 14 1
s 219 232 484 93 0
s 220 263 423 69 3
s 221 179 55 117 7
s 222 88 75 30 8
s 223 161 134 42 6
s 224 30 156 335 9
s 225 153 168 96 0
s 226 442 272 237 4
s 227 285 222 218 6
s 228 432 334 358 3
s 229 497 55 8 0
s 230 206 160 330 1
s 231 27 173 332 2
s 232 143 452 180 4
s 233 407 115 252 7
s 234 419 234 143 6
s 235 272 22 145 3
s 236 74 269 228 7
s 237 35 268 5 5
s 238 341 83 192 5
s 239 334 243 299 4
b 192 0 296 493
m 192 161 0 296 493
m 192 171 0 296 493
m 192 196 0 296 493
m 192 197 0 296 493
m 192 219 0 296 493
b 192 1 296 493
m 192 161 1 296 493
m 192 171 1 296 493
m 192 196 1 296 493
m 192 197 1 296 493
m 192 219 1 296 493
b 192 2 296 493
m 192 161 2 296 493
m 192 171 2 296 493
m 192 196 2 296 493
m 192 197 2 296 493
m 192 219 2 296 493
b 192 3 296 493
m 192 161 3 6.0 36.0 1.0
m 192 171 3 6.0 36.0 1.0
m 192 196 3 6.0 36.0 1.0
m 192 197 3 6.0 36.0 1.0
m 192 219 3 6.0 36.0 1.0
b 219 0 222 494
m 219 92 0 222 494
m 219 108 0 222 494
m 219 121 0 222 494
m 219 220 0 222 494
b 219 1 222 494
m 219 92 1 222 494
m 219 108 1 222 494
m 219 121 1 222 494
m 219 220 1 222 494
b 219 2 222 494
m 219 92 2 222 494
m 219 108 2 222 494
m 219 121 2 222 494
m 219 220 2 222 494
b 219 3 222 494
m 219 92 3 6.0 36.0 1.0
m 219 108 3 6.0 36.0 1.0
m 219 121 3 6.0 36.0 1.0
m 219 220 3 6.0 36.0 1.0
b 161 0 344 494
m 161 117 0 344 494
b 161 1 344 494
m 161 117 1 344 494
b 161 2 344 494
m 161 117 2 344 494
b 161 3 344 494
m 161 117 3 4.666666666666667 25.333333333333332 0.5
b 171 0 377 458
m 171 96 0 377 458
m 171 113 0 377 458
m 171 117 0 377 458
m 171 149 0 377 458
m 171 152 0 377 458
m 171 177 0 377 458
m 171 216 0 377 458
b 171 1 377 458
m 171 96 1 377 458
m 171 113 1 377 458
m 171 117 1 377 458
m 171 149 1 377 458
m 171 152 1 377 458
m 171 177 1 377 458
m 171 216 1 377 458
b 171 2 377 458
m 171 96 2 377 458
m 171 113 2 377 458
m 171 117 2 377 458
m 171 149 2 377 458
m 171 152 2 377 458
m 171 177 2 377 458
m 171 216 2 377 458
b 171 3 377 458
m 171 96 3 7.0 51.0 1.0
m 171 113 3 7.0 51.0 1.0
m 171 117 3 7.0 51.0 1.0
m 171 149 3 7.0 51.0 1.0
m 171 152 3 7.0 51.0 1.0
m 171 177 3 7.0 51.0 1.0
m 171 216 3 7.0 51.0 1.0
b 196 0 287 495
m 196 108 0 287 495
m 196 220 0 287 495
b 196 1 287 495
m 196 108 1 287 495
m 196 220 1 287 495
b 196 2 287 495
b 196 3 287 495
m 196 108 3 5.0 27.0 0.23999999999999977
b 197 0 274 440
m 197 92 0 274 440
m 197 108 0 274 440
m 197 121 0 274 440
m 197 144 0 274 440
m 197 160 0 274 440
m 197 220 0 274 440
b 197 1 274 440
b 197 2 274 440
m 197 92 2 274 440
m 197 108 2 274 440
m 197 121 2 274 440
m 197 144 2 274 440
m 197 160 2 274 440
m 197 220 2 274 440
b 197 3 274 440
m 197 92 3 6.333333333333334 40.33333333333333 1.0
m 197 108 3 6.333333333333334 40.33333333333333 1.0
m 197 121 3 6.333333333333334 40.33333333333333 1.0
m 197 144 3 6.333333333333334 40.33333333333333 1.0
m 197 160 3 6.333333333333334 40.33333333333333 1.0
m 197 220 3 6.333333333333334 40.33333333333333 1.0
b 108 0 267 468
b 108 1 267 468
b 108 2 267 468
b 108 3 267 468
b 220 0 278 460
m 220 50 0 278 460
m 220 160 0 278 460
m 220 191 0 278 460
b 220 1 278 460
m 220 50 1 278 460
m 220 160 1 278 460
m 220 191 1 278 460
b 220 2 278 460
m 220 50 2 278 460
m 220 160 2 278 460
m 220 191 2 278 460
b 220 3 278 460
m 220 50 3 5.25 29.25 0.17142857142857149
b 121 0 215 413
m 121 144 0 215 413
m 121 160 0 215 413
m 121 164 0 215 413
m 121 175 0 215 413
m 121 207 0 215 413
b 121 1 215 413
b 121 2 215 413
b 121 3 215 413
m 121 144 3 6.0 36.0 1.0
m 121 160 3 6.0 36.0 1.0
m 121 164 3 6.0 36.0 1.0
m 121 175 3 6.0 36.0 1.0
m 121 207 3 6.0 36.0 1.0
b 113 0 433 418
m 113 111 0 433 418
b 113 1 433 418
m 113 111 1 433 418
b 113 2 433 418
b 113 3 433 418
m 113 111 3 7.0 51.0 -1.0
b 92 0 247 450
m 92 144 0 247 450
m 92 160 0 247 450
m 92 164 0 247 450
m 92 207 0 247 450
b 92 1 247 450
m 92 144 1 247 450
m 92 160 1 247 450
m 92 164 1 247 450
m 92 207 1 247 450
b 92 2 247 450
m 92 144 2 247 450
m 92 160 2 247 450
m 92 164 2 247 450
m 92 207 2 247 450
b 92 3 247 450
m 92 160 3 5.75 33.25 0.8521739130434782
m 92 164 3 5.75 33.25 0.8521739130434782
m 92 144 3 5.75 33.25 0.8521739130434782
m 92 207 3 5.75 33.25 0.8521739130434782
b 117 0 373 497
m 117 3 0 373 497
m 117 5 0 373 497
m 117 110 0 373 497
b 117 1 373 497
m 117 3 1 373 497
m 117 5 1 373 497
m 117 110 1 373 497
b 117 2 373 497
m 117 3 2 373 497
m 117 5 2 373 497
m 117 110 2 373 497
b 117 3 373 497
m 117 5 3 4.25 21.25 0.6989247311827957
m 117 110 3 4.25 21.25 0.6989247311827957
m 117 3 3 4.25 21.25 0.6989247311827957
b 96 0 444 442
m 96 111 0 444 442
b 96 1 444 442
m 96 111 1 444 442
b 96 2 444 442
m 96 111 2 444 442
b 96 3 444 442
m 96 111 3 7.0 51.0 -1.0
b 177 0 396 466
m 177 3 0 396 466
m 177 5 0 396 466
m 177 6 0 396 466
m 177 79 0 396 466
m 177 110 0 396 466
b 177 1 396 466
m 177 3 1 396 466
m 177 5 1 396 466
m 177 6 1 396 466
m 177 79 1 396 466
m 177 110 1 396 466
b 177 2 396 466
b 177 3 396 466
m 177 3 3 6.5 44.5 0.325874125874126
m 177 6 3 6.5 44.5 0.325874125874126
b 149 0 390 433
m 149 3 0 390 433
m 149 5 0 390 433
m 149 194 0 390 433
b 149 1 390 433
m 149 3 1 390 433
m 149 5 1 390 433
m 149 194 1 390 433
b 149 2 390 433
b 149 3 390 433
m 149 194 3 6.0 40.5 0.3333333333333333
b 216 0 361 394
m 216 3 0 361 394
m 216 5 0 361 394
m 216 50 0 361 394
m 216 90 0 361 394
m 216 194 0 361 394
b 216 1 361 394
m 216 3 1 361 394
m 216 5 1 361 394
m 216 50 1 361 394
m 216 90 1 361 394
m 216 194 1 361 394
b 216 2 361 394
b 216 3 361 394
m 216 194 3 7.0 50.5 0.7288961038961037
m 216 50 3 7.0 50.5 0.7288961038961037
m 216 90 3 7.0 50.5 0.7288961038961037
m 216 5 3 7.0 50.5 0.7288961038961037
b 152 0 409 459
m 152 111 0 409 459
b 152 1 409 459
m 152 111 1 409 459
b 152 2 409 459
m 152 111 2 409 459
b 152 3 409 459
m 152 111 3 7.0 51.0 -1.0
b 144 0 216 368
m 144 28 0 216 368
m 144 68 0 216 368
m 144 147 0 216 368
m 144 150 0 216 368
m 144 165 0 216 368
m 144 166 0 216 368
b 144 2 216 368
m 144 28 2 216 368
m 144 68 2 216 368
m 144 147 2 216 368
m 144 150 2 216 368
m 144 164 2 216 368
m 144 165 2 216 368
m 144 166 2 216 368
m 144 175 2 216 368
m 144 207 2 216 368
b 144 3 216 368
m 144 28 3 6.5 42.5 0.9683257918552033
m 144 147 3 6.5 42.5 0.9683257918552033
m 144 191 3 6.5 42.5 0.9683257918552033
m 144 166 3 6.5 42.5 0.9683257918552033
m 144 165 3 6.5 42.5 0.9683257918552033
m 144 150 3 6.5 42.5 0.9683257918552033
m 144 68 3 6.5 42.5 0.9683257918552033
b 175 0 208 350
m 175 28 0 208 350
m 175 68 0 208 350
m 175 147 0 208 350
m 175 150 0 208 350
m 175 165 0 208 350
m 175 166 0 208 350
b 175 3 208 350
m 175 28 3 6.4 41.6 1.0
m 175 68 3 6.4 41.6 1.0
m 175 147 3 6.4 41.6 1.0
m 175 150 3 6.4 41.6 1.0
m 175 165 3 6.4 41.6 1.0
m 175 166 3 6.4 41.6 1.0
b 160 0 308 386
m 160 28 0 308 386
m 160 122 0 308 386
m 160 147 0 308 386
m 160 165 0 308 386
b 160 2 308 386
m 160 28 2 308 386
m 160 122 2 308 386
m 160 147 2 308 386
m 160 165 2 308 386
b 160 3 308 386
m 160 165 3 6.0 36.5 0.6743464052287578
m 160 122 3 6.0 36.5 0.6743464052287578
m 160 147 3 6.0 36.5 0.6743464052287578
m 160 191 3 6.0 36.5 0.6743464052287578
b 207 0 175 404
m 207 16 0 175 404
m 207 37 0 175 404
m 207 83 0 175 404
m 207 150 0 175 404
m 207 166 0 175 404
m 207 195 0 175 404
b 207 3 175 404
m 207 16 3 6.0 36.0 1.0
m 207 37 3 6.0 36.0 1.0
m 207 83 3 6.0 36.0 1.0
m 207 150 3 6.0 36.0 1.0
m 207 166 3 6.0 36.0 1.0
m 207 195 3 6.0 36.0 1.0
b 5 0 383 425
m 5 6 0 383 425
m 5 79 0 383 425
m 5 174 0 383 425
m 5 194 0 383 425
b 5 1 383 425
m 5 6 1 383 425
m 5 79 1 383 425
m 5 174 1 383 425
m 5 194 1 383 425
b 5 2 383 425
b 5 3 383 425
m 5 174 3 4.2 20.2 0.8986175115207374
m 5 79 3 4.2 20.2 0.8986175115207374
m 5 194 3 4.2 20.2 0.8986175115207374
m 5 6 3 4.2 20.2 0.8986175115207374
b 207 1 173 405
b 207 2 173 405
m 207 16 2 173 405
m 207 37 2 173 405
m 207 83 2 173 405
m 207 150 2 173 405
m 207 166 2 173 405
m 207 175 2 173 405
m 207 195 2 173 405
b 3 0 380 444
b 3 1 380 444
b 3 2 380 444
b 3 3 380 444
b 164 0 218 391
m 164 68 0 218 391
m 164 147 0 218 391
m 164 150 0 218 391
m 164 166 0 218 391
b 164 3 218 391
m 164 147 3 5.8 33.8 0.8413793103448277
m 164 68 3 5.8 33.8 0.8413793103448277
m 164 150 3 5.8 33.8 0.8413793103448277
m 164 166 3 5.8 33.8 0.8413793103448277
b 191 0 308 408
m 191 28 0 308 408
m 191 122 0 308 408
m 191 147 0 308 408
m 191 165 0 308 408
b 191 1 308 408
m 191 28 1 308 408
m 191 122 1 308 408
m 191 147 1 308 408
m 191 165 1 308 408
b 191 2 308 408
m 191 28 2 308 408
m 191 122 2 308 408
m 191 147 2 308 408
m 191 165 2 308 408
b 50 0 308 415
m 50 122 0 308 415
m 50 147 0 308 415
b 50 1 308 415
m 50 122 1 308 415
m 50 147 1 308 415
b 50 2 308 415
m 50 122 2 308 415
m 50 147 2 308 415
b 50 3 308 415
m 50 147 3 5.0 26.599999999999998 0.22135714285714292
b 160 1 315 386
m 160 28 1 315 386
m 160 122 1 315 386
m 160 147 1 315 386
m 160 165 1 315 386
b 164 1 217 392
b 164 2 217 392
m 164 68 2 217 392
m 164 147 2 217 392
m 164 150 2 217 392
m 164 175 2 217 392
b 144 1 208 363
m 144 68 1 208 363
m 144 147 1 208 363
m 144 150 1 208 363
m 144 165 1 208 363
m 144 166 1 208 363
m 144 175 1 208 363
b 6 0 475 386
m 6 111 0 475 386
b 6 1 475 386
m 6 111 1 475 386
b 6 3 475 386
m 6 111 3 6.5 44.5 -1.0
b 110 0 424 471
m 110 111 0 424 471
b 110 1 424 471
m 110 111 1 424 471
b 110 2 424 471
b 110 3 424 471
m 110 111 3 4.25 21.25 -1.0
b 175 2 200 341
b 166 0 159 329
m 166 7 0 159 329
m 166 32 0 159 329
m 166 49 0 159 329
m 166 83 0 159 329
m 166 87 0 159 329
m 166 94 0 159 329
m 166 104 0 159 329
m 166 128 0 159 329
b 166 2 159 329
m 166 7 2 159 329
m 166 32 2 159 329
m 166 49 2 159 329
m 166 83 2 159 329
m 166 87 2 159 329
m 166 94 2 159 329
m 166 104 2 159 329
m 166 128 2 159 329
b 166 3 159 329
m 166 7 3 7.2 54.0 1.0
m 166 32 3 7.2 54.0 1.0
m 166 49 3 7.2 54.0 1.0
m 166 83 3 7.2 54.0 1.0
m 166 87 3 7.2 54.0 1.0
m 166 94 3 7.2 54.0 1.0
m 166 104 3 7.2 54.0 1.0
m 166 128 3 7.2 54.0 1.0
b 37 0 136 413
m 37 87 0 136 413
m 37 89 0 136 413
m 37 176 0 136 413
m 37 232 0 136 413
b 37 3 136 413
m 37 87 3 6.166666666666667 38.166666666666664 1.0
m 37 89 3 6.166666666666667 38.166666666666664 1.0
m 37 176 3 6.166666666666667 38.166666666666664 1.0
m 37 232 3 6.166666666666667 38.166666666666664 1.0
b 150 0 185 376
m 150 49 0 185 376
m 150 94 0 185 376
m 150 104 0 185 376
b 150 2 185 376
b 150 3 185 376
m 150 49 3 6.0 37.2 0.3456385118149821
b 79 0 462 467
m 79 111 0 462 467
b 79 1 462 467
m 79 111 1 462 467
b 122 0 306 350
m 122 101 0 306 350
m 122 146 0 306 350
m 122 153 0 306 350
m 122 189 0 306 350
m 122 200 0 306 350
b 122 2 306 350
m 122 101 2 306 350
m 122 146 2 306 350
m 122 153 2 306 350
m 122 189 2 306 350
m 122 200 2 306 350
b 122 3 306 350
m 122 189 3 6.199999999999999 39.0 0.8474033470253953
m 122 146 3 6.199999999999999 39.0 0.8474033470253953
m 122 101 3 6.199999999999999 39.0 0.8474033470253953
m 122 200 3 6.199999999999999 39.0 0.8474033470253953
b 37 2 135 412
m 37 87 2 135 412
m 37 89 2 135 412
m 37 176 2 135 412
m 37 232 2 135 412
b 90 0 393 343
m 90 4 0 393 343
m 90 29 0 393 343
m 90 60 0 393 343
m 90 146 0 393 343
m 90 153 0 393 343
m 90 167 0 393 343
m 90 186 0 393 343
m 90 189 0 393 343
m 90 200 0 393 343
b 90 1 393 343
b 90 3 393 343
m 90 29 3 7.8 64.6 0.9142497175412533
m 90 200 3 7.8 64.6 0.9142497175412533
m 90 146 3 7.8 64.6 0.9142497175412533
m 90 186 3 7.8 64.6 0.9142497175412533
m 90 167 3 7.8 64.6 0.9142497175412533
m 90 60 3 7.8 64.6 0.9142497175412533
m 90 189 3 7.8 64.6 0.9142497175412533
m 90 153 3 7.8 64.6 0.9142497175412533
m 90 4 3 7.8 64.6 0.9142497175412533
b 147 0 252 389
b 147 2 252 389
b 147 3 252 389
b 174 0 405 379
m 174 4 0 405 379
m 174 60 0 405 379
m 174 95 0 405 379
m 174 153 0 405 379
m 174 167 0 405 379
m 174 186 0 405 379
m 174 189 0 405 379
b 174 1 405 379
m 174 4 1 405 379
m 174 60 1 405 379
m 174 95 1 405 379
m 174 153 1 405 379
m 174 167 1 405 379
m 174 186 1 405 379
m 174 189 1 405 379
b 174 3 405 379
m 174 4 3 4.666666666666667 25.0 1.0
m 174 60 3 4.666666666666667 25.0 1.0
m 174 95 3 4.666666666666667 25.0 1.0
m 174 153 3 4.666666666666667 25.0 1.0
m 174 167 3 4.666666666666667 25.0 1.0
m 174 186 3 4.666666666666667 25.0 1.0
m 174 189 3 4.666666666666667 25.0 1.0
b 165 0 243 337
m 165 42 0 243 337
m 165 101 0 243 337
b 165 2 243 337
m 165 42 2 243 337
m 165 101 2 243 337
b 165 3 243 337
b 194 0 458 379
m 194 20 0 458 379
m 194 55 0 458 379
m 194 95 0 458 379
m 194 137 0 458 379
m 194 167 0 458 379
m 194 228 0 458 379
b 194 1 458 379
m 194 20 1 458 379
m 194 55 1 458 379
m 194 95 1 458 379
m 194 137 1 458 379
m 194 167 1 458 379
m 194 228 1 458 379
b 194 3 458 379
m 194 95 3 6.0 39.6 0.5043478260869565
m 194 20 3 6.0 39.6 0.5043478260869565
m 194 137 3 6.0 39.6 0.5043478260869565
m 194 228 3 6.0 39.6 0.5043478260869565
b 68 0 200 331
m 68 7 0 200 331
m 68 49 0 200 331
m 68 94 0 200 331
m 68 99 0 200 331
b 68 2 200 331
b 68 3 200 331
m 68 7 3 6.2 39.0 0.6417327559642549
m 68 94 3 6.2 39.0 0.6417327559642549
m 68 99 3 6.2 39.0 0.6417327559642549
b 191 3 315 419
b 122 1 307 355
m 122 4 1 307 355
m 122 101 1 307 355
m 122 146 1 307 355
m 122 153 1 307 355
m 122 189 1 307 355
m 122 200 1 307 355
b 28 0 309 355
m 28 25 0 309 355
m 28 42 0 309 355
m 28 101 0 309 355
m 28 200 0 309 355
b 28 2 309 355
b 28 3 309 355
m 28 101 3 6.4 41.2 0.8275318941679233
m 28 42 3 6.4 41.2 0.8275318941679233
m 28 200 3 6.4 41.2 0.8275318941679233
b 175 1 193 334
m 175 49 1 193 334
m 175 83 1 193 334
m 175 94 1 193 334
b 166 1 149 328
b 16 0 152 394
m 16 87 0 152 394
m 16 94 0 152 394
m 16 104 0 152 394
m 16 176 0 152 394
b 16 3 152 394
m 16 87 3 6.0 36.0 1.0
m 16 94 3 6.0 36.0 1.0
m 16 104 3 6.0 36.0 1.0
m 16 176 3 6.0 36.0 1.0
b 83 0 155 382
m 83 49 0 155 382
m 83 87 0 155 382
m 83 94 0 155 382
m 83 104 0 155 382
m 83 128 0 155 382
b 83 3 155 382
m 83 49 3 6.166666666666667 38.166666666666664 1.0
m 83 87 3 6.166666666666667 38.166666666666664 1.0
m 83 94 3 6.166666666666667 38.166666666666664 1.0
m 83 104 3 6.166666666666667 38.166666666666664 1.0
m 83 128 3 6.166666666666667 38.166666666666664 1.0
b 147 1 247 395
b 195 0 190 459
m 195 85 0 190 459
m 195 208 0 190 459
b 195 3 190 459
m 195 208 3 5.333333333333333 30.666666666666668 0.5
m 195 85 3 5.333333333333333 30.666666666666668 0.5
b 150 1 189 385
m 150 16 1 189 385
m 150 37 1 189 385
m 150 83 1 189 385
m 150 94 1 189 385
b 165 1 236 338
m 165 42 1 236 338
m 165 99 1 236 338
m 165 101 1 236 338
b 16 2 153 393
m 16 176 2 153 393
b 49 0 130 337
m 49 12 0 130 337
m 49 18 0 130 337
m 49 237 0 130 337
b 49 2 130 337
b 49 3 130 337
m 49 237 3 6.5 46.5 0.3333333333333333
b 79 3 465 477
m 79 111 3 4.2 20.2 -1.0
b 83 2 156 384
b 195 2 192 460
m 195 85 2 192 460
m 195 208 2 192 460
b 94 0 139 357
b 94 2 139 357
b 94 3 139 357
b 101 0 289 293
m 101 25 0 289 293
m 101 31 0 289 293
m 101 42 0 289 293
m 101 99 0 289 293
m 101 193 0 289 293
b 101 2 289 293
m 101 25 2 289 293
m 101 31 2 289 293
m 101 42 2 289 293
m 101 99 2 289 293
m 101 193 2 289 293
b 101 3 289 293
m 101 31 3 5.999999999999999 36.666666666666664 0.5486305138329727
m 101 99 3 5.999999999999999 36.666666666666664 0.5486305138329727
m 101 193 3 5.999999999999999 36.666666666666664 0.5486305138329727
b 28 1 314 359
m 28 25 1 314 359
m 28 42 1 314 359
m 28 101 1 314 359
m 28 200 1 314 359
b 68 1 192 337
m 68 7 1 192 337
m 68 49 1 192 337
m 68 83 1 192 337
m 68 94 1 192 337
m 68 99 1 192 337
b 146 0 360 290
m 146 25 0 360 290
m 146 88 0 360 290
m 146 120 0 360 290
m 146 168 0 360 290
m 146 179 0 360 290
m 146 234 0 360 290
b 146 2 360 290
m 146 4 2 360 290
m 146 25 2 360 290
m 146 29 2 360 290
m 146 60 2 360 290
m 146 88 2 360 290
m 146 90 2 360 290
m 146 120 2 360 290
m 146 168 2 360 290
m 146 179 2 360 290
m 146 186 2 360 290
m 146 234 2 360 290
b 146 3 360 290
m 146 88 3 6.333333333333333 40.666666666666664 0.8264630204140488
m 146 120 3 6.333333333333333 40.666666666666664 0.8264630204140488
m 146 25 3 6.333333333333333 40.666666666666664 0.8264630204140488
m 146 168 3 6.333333333333333 40.666666666666664 0.8264630204140488
m 146 234 3 6.333333333333333 40.666666666666664 0.8264630204140488
b 60 0 406 334
m 60 168 0 406 334
m 60 179 0 406 334
b 60 1 406 334
m 60 29 1 406 334
m 60 146 1 406 334
m 60 168 1 406 334
m 60 179 1 406 334
m 60 200 1 406 334
b 60 3 406 334
m 60 55 3 7.333333333333333 58.0 0.2
b 87 0 135 381
m 87 199 0 135 381
b 87 2 135 381
m 87 199 2 135 381
b 87 3 135 381
m 87 199 3 6.333333333333333 45.666666666666664 0.5
b 176 0 123 411
m 176 2 0 123 411
m 176 15 0 123 411
m 176 30 0 123 411
m 176 148 0 123 411
m 176 199 0 123 411
m 176 204 0 123 411
m 176 215 0 123 411
b 176 3 123 411
m 176 15 3 6.285714285714286 39.714285714285715 0.9751420454545454
m 176 2 3 6.285714285714286 39.714285714285715 0.9751420454545454
m 176 199 3 6.285714285714286 39.714285714285715 0.9751420454545454
m 176 148 3 6.285714285714286 39.714285714285715 0.9751420454545454
m 176 204 3 6.285714285714286 39.714285714285715 0.9751420454545454
m 176 30 3 6.285714285714286 39.714285714285715 0.9751420454545454
m 176 215 3 6.285714285714286 39.714285714285715 0.9751420454545454
b 232 0 59 452
m 232 2 0 59 452
m 232 15 0 59 452
m 232 30 0 59 452
m 232 35 0 59 452
m 232 36 0 59 452
m 232 115 0 59 452
m 232 148 0 59 452
m 232 151 0 59 452
m 232 156 0 59 452
m 232 173 0 59 452
m 232 199 0 59 452
m 232 204 0 59 452
m 232 215 0 59 452
b 232 3 59 452
m 232 2 3 7.142857142857142 56.85714285714286 1.0
m 232 15 3 7.142857142857142 56.85714285714286 1.0
m 232 30 3 7.142857142857142 56.85714285714286 1.0
m 232 35 3 7.142857142857142 56.85714285714286 1.0
m 232 36 3 7.142857142857142 56.85714285714286 1.0
m 232 115 3 7.142857142857142 56.85714285714286 1.0
m 232 148 3 7.142857142857142 56.85714285714286 1.0
m 232 151 3 7.142857142857142 56.85714285714286 1.0
m 232 156 3 7.142857142857142 56.85714285714286 1.0
m 232 173 3 7.142857142857142 56.85714285714286 1.0
m 232 199 3 7.142857142857142 56.85714285714286 1.0
m 232 204 3 7.142857142857142 56.85714285714286 1.0
m 232 215 3 7.142857142857142 56.85714285714286 1.0
b 7 0 176 250
m 7 12 0 176 250
m 7 14 0 176 250
m 7 34 0 176 250
m 7 63 0 176 250
m 7 136 0 176 250
m 7 183 0 176 250
m 7 185 0 176 250
m 7 225 0 176 250
m 7 237 0 176 250
b 7 2 176 250
m 7 12 2 176 250
m 7 14 2 176 250
m 7 34 2 176 250
m 7 63 2 176 250
m 7 99 2 176 250
m 7 136 2 176 250
m 7 183 2 176 250
m 7 185 2 176 250
m 7 225 2 176 250
m 7 237 2 176 250
b 7 3 176 250
m 7 63 3 7.666666666666667 61.66666666666667 0.9163879598662203
m 7 237 3 7.666666666666667 61.66666666666667 0.9163879598662203
m 7 136 3 7.666666666666667 61.66666666666667 0.9163879598662203
m 7 34 3 7.666666666666667 61.66666666666667 0.9163879598662203
m 7 12 3 7.666666666666667 61.66666666666667 0.9163879598662203
m 7 183 3 7.666666666666667 61.66666666666667 0.9163879598662203
m 7 185 3 7.666666666666667 61.66666666666667 0.9163879598662203
m 7 225 3 7.666666666666667 61.66666666666667 0.9163879598662203
m 7 14 3 7.666666666666667 61.66666666666667 0.9163879598662203
b 20 0 470 440
m 20 111 0 470 440
b 20 1 470 440
m 20 111 1 470 440
b 20 3 470 440
m 20 111 3 6.0 39.6 -1.0
b 89 0 88 481
m 89 2 0 88 481
m 89 15 0 88 481
m 89 35 0 88 481
m 89 115 0 88 481
m 89 148 0 88 481
m 89 156 0 88 481
m 89 173 0 88 481
m 89 204 0 88 481
m 89 215 0 88 481
b 89 3 88 481
m 89 2 3 6.571428571428571 44.285714285714285 1.0
m 89 15 3 6.571428571428571 44.285714285714285 1.0
m 89 35 3 6.571428571428571 44.285714285714285 1.0
m 89 115 3 6.571428571428571 44.285714285714285 1.0
m 89 148 3 6.571428571428571 44.285714285714285 1.0
m 89 156 3 6.571428571428571 44.285714285714285 1.0
m 89 173 3 6.571428571428571 44.285714285714285 1.0
m 89 204 3 6.571428571428571 44.285714285714285 1.0
m 89 215 3 6.571428571428571 44.285714285714285 1.0
b 104 0 119 357
m 104 12 0 119 357
m 104 18 0 119 357
m 104 199 0 119 357
b 104 2 119 357
m 104 12 2 119 357
m 104 18 2 119 357
m 104 199 2 119 357
b 104 3 119 357
m 104 12 3 6.833333333333333 49.166666666666664 0.09380863039399623
b 189 0 383 340
m 189 25 0 383 340
m 189 120 0 383 340
m 189 168 0 383 340
m 189 234 0 383 340
b 189 2 383 340
m 189 4 2 383 340
m 189 25 2 383 340
m 189 29 2 383 340
m 189 60 2 383 340
m 189 90 2 383 340
m 189 120 2 383 340
m 189 167 2 383 340
m 189 168 2 383 340
m 189 174 2 383 340
m 189 186 2 383 340
m 189 234 2 383 340
b 189 3 383 340
m 189 25 3 5.999999999999999 36.666666666666664 0.5486305138329727
m 189 168 3 5.999999999999999 36.666666666666664 0.5486305138329727
b 200 0 343 333
m 200 25 0 343 333
m 200 234 0 343 333
b 200 2 343 333
m 200 4 2 343 333
m 200 25 2 343 333
m 200 60 2 343 333
m 200 90 2 343 333
m 200 186 2 343 333
m 200 234 2 343 333
b 200 3 343 333
m 200 25 3 5.666666666666666 34.0 0.3333333333333333
b 29 0 428 261
m 29 40 0 428 261
m 29 59 0 428 261
m 29 77 0 428 261
m 29 88 0 428 261
m 29 118 0 428 261
m 29 120 0 428 261
m 29 168 0 428 261
m 29 179 0 428 261
m 29 188 0 428 261
m 29 190 0 428 261
m 29 234 0 428 261
b 29 3 428 261
m 29 190 3 8.5 77.83333333333334 0.8897586314872622
m 29 88 3 8.5 77.83333333333334 0.8897586314872622
m 29 118 3 8.5 77.83333333333334 0.8897586314872622
m 29 59 3 8.5 77.83333333333334 0.8897586314872622
m 29 40 3 8.5 77.83333333333334 0.8897586314872622
m 29 120 3 8.5 77.83333333333334 0.8897586314872622
m 29 234 3 8.5 77.83333333333334 0.8897586314872622
m 29 168 3 8.5 77.83333333333334 0.8897586314872622
m 29 77 3 8.5 77.83333333333334 0.8897586314872622
m 29 179 3 8.5 77.83333333333334 0.8897586314872622
b 101 1 294 292
b 176 2 124 410
b 186 0 386 329
m 186 120 0 386 329
m 186 168 0 386 329
m 186 179 0 386 329
m 186 234 0 386 329
b 186 1 386 329
m 186 29 1 386 329
m 186 120 1 386 329
m 186 168 1 386 329
m 186 179 1 386 329
m 186 234 1 386 329
b 186 3 386 329
m 186 179 3 7.333333333333333 58.0 0.2
m 186 168 3 7.333333333333333 58.0 0.2
b 189 1 384 340
m 189 25 1 384 340
m 189 120 1 384 340
m 189 168 1 384 340
m 189 234 1 384 340
b 228 0 496 313
m 228 118 0 496 313
m 228 188 0 496 313
b 228 1 496 313
b 228 3 496 313
m 228 118 3 5.5 34.5 0.05894974590626783
b 232 2 57 452
m 232 2 2 57 452
m 232 15 2 57 452
m 232 30 2 57 452
m 232 35 2 57 452
m 232 36 2 57 452
m 232 115 2 57 452
m 232 148 2 57 452
m 232 151 2 57 452
m 232 156 2 57 452
m 232 173 2 57 452
m 232 199 2 57 452
m 232 204 2 57 452
m 232 215 2 57 452
b 89 2 86 481
m 89 2 2 86 481
m 89 15 2 86 481
m 89 35 2 86 481
m 89 115 2 86 481
m 89 148 2 86 481
m 89 156 2 86 481
m 89 173 2 86 481
m 89 204 2 86 481
m 89 215 2 86 481
b 95 0 465 385
b 95 1 465 385
b 95 3 465 385
m 95 55 3 4.142857142857143 21.57142857142857 1.0
b 153 0 392 365
b 153 2 392 365
m 153 4 2 392 365
m 153 60 2 392 365
m 153 90 2 392 365
m 153 167 2 392 365
m 153 174 2 392 365
m 153 186 2 392 365
b 32 0 124 302
m 32 10 0 124 302
m 32 12 0 124 302
m 32 14 0 124 302
m 32 18 0 124 302
m 32 136 0 124 302
m 32 181 0 124 302
m 32 183 0 124 302
m 32 185 0 124 302
m 32 225 0 124 302
m 32 237 0 124 302
b 32 2 124 302
m 32 10 2 124 302
m 32 12 2 124 302
m 32 14 2 124 302
m 32 18 2 124 302
m 32 136 2 124 302
m 32 181 2 124 302
m 32 183 2 124 302
m 32 185 2 124 302
m 32 225 2 124 302
m 32 237 2 124 302
b 32 3 124 302
m 32 14 3 7.833333333333333 65.16666666666667 0.9763428061300399
m 32 18 3 7.833333333333333 65.16666666666667 0.9763428061300399
m 32 185 3 7.833333333333333 65.16666666666667 0.9763428061300399
m 32 181 3 7.833333333333333 65.16666666666667 0.9763428061300399
m 32 225 3 7.833333333333333 65.16666666666667 0.9763428061300399
m 32 183 3 7.833333333333333 65.16666666666667 0.9763428061300399
m 32 136 3 7.833333333333333 65.16666666666667 0.9763428061300399
m 32 12 3 7.833333333333333 65.16666666666667 0.9763428061300399
m 32 237 3 7.833333333333333 65.16666666666667 0.9763428061300399
m 32 10 3 7.833333333333333 65.16666666666667 0.9763428061300399
b 49 1 123 342
m 49 12 1 123 342
m 49 18 1 123 342
m 49 32 1 123 342
m 49 37 1 123 342
m 49 87 1 123 342
m 49 104 1 123 342
m 49 128 1 123 342
m 49 237 1 123 342
b 128 0 70 338
m 128 18 0 70 338
m 128 172 0 70 338
m 128 181 0 70 338
m 128 199 0 70 338
m 128 237 0 70 338
b 128 2 70 338
m 128 18 2 70 338
m 128 172 2 70 338
m 128 181 2 70 338
m 128 199 2 70 338
m 128 237 2 70 338
b 128 3 70 338
m 128 237 3 7.166666666666667 53.166666666666664 0.5893176590851008
m 128 172 3 7.166666666666667 53.166666666666664 0.5893176590851008
m 128 181 3 7.166666666666667 53.166666666666664 0.5893176590851008
b 146 1 362 285
m 146 25 1 362 285
m 146 29 1 362 285
m 146 88 1 362 285
m 146 120 1 362 285
m 146 168 1 362 285
m 146 179 1 362 285
m 146 234 1 362 285
b 153 1 392 366
b 153 3 392 366
b 42 0 280 304
b 42 2 280 304
m 42 25 2 280 304
m 42 99 2 280 304
b 94 1 138 366
b 167 0 423 367
b 167 1 423 367
b 167 3 423 367
m 167 55 3 6.666666666666667 54.0 1.0
b 37 1 121 398
m 37 15 1 121 398
m 37 87 1 121 398
m 37 104 1 121 398
m 37 176 1 121 398
m 37 199 1 121 398
m 37 215 1 121 398
b 99 0 212 310
m 99 183 0 212 310
b 99 3 212 310
m 99 183 3 5.333333333333334 32.666666666666664 1.0
b 137 0 492 411
b 137 1 492 411
b 137 3 492 411
m 137 55 3 5.166666666666667 33.166666666666664 1.0
b 200 1 344 337
m 200 25 1 344 337
m 200 234 1 344 337
b 4 0 366 366
b 4 1 366 366
b 4 3 366 366
b 42 3 277 307
m 42 25 3 5.666666666666666 35.0 0.5
b 55 0 472 350
m 55 118 0 472 350
m 55 188 0 472 350
b 55 1 472 350
m 55 118 1 472 350
m 55 188 1 472 350
b 193 0 250 221
m 193 21 0 250 221
m 193 39 0 250 221
m 193 93 0 250 221
m 193 163 0 250 221
m 193 210 0 250 221
m 193 223 0 250 221
b 193 2 250 221
m 193 21 2 250 221
m 193 39 2 250 221
m 193 93 2 250 221
m 193 163 2 250 221
m 193 210 2 250 221
m 193 223 2 250 221
b 193 3 250 221
m 193 39 3 6.999999999999998 55.57142857142857 0.8107943406942546
m 193 93 3 6.999999999999998 55.57142857142857 0.8107943406942546
m 193 163 3 6.999999999999998 55.57142857142857 0.8107943406942546
m 193 210 3 6.999999999999998 55.57142857142857 0.8107943406942546
b 12 0 154 270
m 12 10 0 154 270
m 12 14 0 154 270
m 12 26 0 154 270
m 12 38 0 154 270
m 12 63 0 154 270
m 12 136 0 154 270
m 12 183 0 154 270
m 12 185 0 154 270
m 12 201 0 154 270
m 12 225 0 154 270
b 208 0 203 488
b 208 3 203 488
b 120 0 398 278
m 120 17 0 398 278
m 120 59 0 398 278
m 120 77 0 398 278
m 120 226 0 398 278
b 120 2 398 278
m 120 17 2 398 278
m 120 59 2 398 278
m 120 77 2 398 278
m 120 226 2 398 278
b 120 3 398 278
m 120 77 3 6.142857142857143 38.42857142857142 0.5311457081297245
m 120 226 3 6.142857142857143 38.42857142857142 0.5311457081297245
m 120 59 3 6.142857142857143 38.42857142857142 0.5311457081297245
b 35 0 91 472
b 35 3 91 472
b 42 1 275 309
b 83 1 170 394
m 83 87 1 170 394
m 83 104 1 170 394
m 83 176 1 170 394
b 99 1 211 316
b 208 2 205 489
b 237 0 131 277
m 237 10 0 131 277
m 237 26 0 131 277
m 237 38 0 131 277
m 237 181 0 131 277
m 237 201 0 131 277
b 237 3 131 277
m 237 10 3 6.428571428571428 45.0 0.5041666666666667
m 237 38 3 6.428571428571428 45.0 0.5041666666666667
m 237 26 3 6.428571428571428 45.0 0.5041666666666667
m 237 201 3 6.428571428571428 45.0 0.5041666666666667
b 25 0 305 311
b 60 2 404 347
b 151 0 25 463
m 151 58 0 25 463
b 151 3 25 463
m 151 58 3 6.375 49.875 1.0
b 185 0 98 224
m 185 10 0 98 224
m 185 26 0 98 224
m 185 38 0 98 224
m 185 46 0 98 224
m 185 70 0 98 224
m 185 198 0 98 224
m 185 201 0 98 224
b 185 2 98 224
m 185 10 2 98 224
m 185 26 2 98 224
m 185 38 2 98 224
m 185 46 2 98 224
m 185 70 2 98 224
m 185 198 2 98 224
m 185 201 2 98 224
b 185 3 98 224
m 185 38 3 7.7142857142857135 62.0 0.6883385098629327
m 185 70 3 7.7142857142857135 62.0 0.6883385098629327
m 185 201 3 7.7142857142857135 62.0 0.6883385098629327
m 185 46 3 7.7142857142857135 62.0 0.6883385098629327
m 185 26 3 7.7142857142857135 62.0 0.6883385098629327
m 185 10 3 7.7142857142857135 62.0 0.6883385098629327
b 204 0 61 410
m 204 27 0 61 410
m 204 57 0 61 410
m 204 58 0 61 410
m 204 64 0 61 410
m 204 106 0 61 410
m 204 172 0 61 410
b 204 3 61 410
m 204 57 3 6.375 40.875 0.9579826831665067
m 204 27 3 6.375 40.875 0.9579826831665067
m 204 58 3 6.375 40.875 0.9579826831665067
m 204 64 3 6.375 40.875 0.9579826831665067
m 204 172 3 6.375 40.875 0.9579826831665067
m 204 106 3 6.375 40.875 0.9579826831665067
b 225 0 143 265
m 225 10 0 143 265
m 225 26 0 143 265
m 225 38 0 143 265
m 225 201 0 143 265
b 225 2 143 265
m 225 10 2 143 265
m 225 26 2 143 265
m 225 38 2 143 265
m 225 201 2 143 265
b 225 3 143 265
m 225 10 3 7.285714285714286 56.42857142857142 0.07764119727745811
b 2 0 73 442
b 2 3 73 442
b 35 2 93 471
b 63 0 106 231
m 63 10 0 106 231
m 63 26 0 106 231
m 63 38 0 106 231
m 63 46 0 106 231
m 63 67 0 106 231
m 63 70 0 106 231
m 63 198 0 106 231
m 63 201 0 106 231
m 63 218 0 106 231
b 63 2 106 231
m 63 10 2 106 231
m 63 26 2 106 231
m 63 38 2 106 231
m 63 46 2 106 231
m 63 67 2 106 231
m 63 70 2 106 231
m 63 198 2 106 231
m 63 201 2 106 231
m 63 218 2 106 231
b 63 3 106 231
m 63 10 3 7.857142857142857 64.42857142857143 0.791940212230067
m 63 218 3 7.857142857142857 64.42857142857143 0.791940212230067
m 63 67 3 7.857142857142857 64.42857142857143 0.791940212230067
m 63 70 3 7.857142857142857 64.42857142857143 0.791940212230067
m 63 38 3 7.857142857142857 64.42857142857143 0.791940212230067
m 63 46 3 7.857142857142857 64.42857142857143 0.791940212230067
m 63 201 3 7.857142857142857 64.42857142857143 0.791940212230067
m 63 198 3 7.857142857142857 64.42857142857143 0.791940212230067
b 85 0 204 481
b 85 3 204 481
b 120 1 400 280
b 168 0 381 278
m 168 17 0 381 278
b 168 2 381 278
m 168 17 2 381 278
b 168 3 381 278
m 168 17 3 5.714285714285714 35.42857142857142 0.5
b 173 0 23 478
b 173 3 23 478
b 174 2 398 406
b 16 1 170 382
m 16 87 1 170 382
m 16 104 1 170 382
m 16 176 1 170 382
b 29 2 435 250
b 99 2 211 319
b 136 0 131 275
m 136 26 0 131 275
m 136 38 0 131 275
m 136 201 0 131 275
b 136 2 131 275
m 136 26 2 131 275
m 136 38 2 131 275
m 136 201 2 131 275
b 136 3 131 275
m 136 38 3 7.0 54.14285714285714 0.3333333333333333
b 151 2 26 462
m 151 58 2 26 462
m 151 106 2 26 462
b 168 1 381 279
m 168 17 1 381 279
b 186 2 390 341
b 204 2 61 408
m 204 27 2 61 408
m 204 57 2 61 408
m 204 58 2 61 408
m 204 64 2 61 408
m 204 106 2 61 408
b 2 2 74 440
m 2 58 2 74 440
b 12 2 160 268
b 12 3 160 268
b 14 0 97 244
m 14 26 0 97 244
m 14 38 0 97 244
m 14 46 0 97 244
m 14 70 0 97 244
m 14 198 0 97 244
m 14 201 0 97 244
b 14 2 97 244
b 14 3 97 244
m 14 70 3 7.428571428571428 58.0 0.35659066149590096
m 14 38 3 7.428571428571428 58.0 0.35659066149590096
m 14 201 3 7.428571428571428 58.0 0.35659066149590096
b 29 1 436 249
m 29 40 1 436 249
m 29 59 1 436 249
m 29 77 1 436 249
m 29 118 1 436 249
m 29 143 1 436 249
m 29 188 1 436 249
m 29 190 1 436 249
b 77 0 409 183
m 77 17 0 409 183
m 77 24 0 409 183
m 77 105 0 409 183
m 77 135 0 409 183
m 77 143 0 409 183
m 77 213 0 409 183
m 77 226 0 409 183
m 77 239 0 409 183
b 77 3 409 183
m 77 24 3 8.428571428571429 75.85714285714286 0.4705454301134563
m 77 135 3 8.428571428571429 75.85714285714286 0.4705454301134563
m 77 17 3 8.428571428571429 75.85714285714286 0.4705454301134563
m 77 143 3 8.428571428571429 75.85714285714286 0.4705454301134563
b 85 2 205 480
b 115 0 68 485
b 115 3 68 485
b 156 0 40 484
b 156 3 40 484
b 173 2 22 476
b 183 0 157 284
b 183 2 157 284
b 183 3 157 284
b 188 0 493 297
b 7 1 181 235
m 7 14 1 181 235
m 7 34 1 181 235
m 7 63 1 181 235
m 7 136 1 181 235
m 7 183 1 181 235
m 7 201 1 181 235
m 7 225 1 181 235
b 15 0 108 451
b 15 3 108 451
b 18 0 113 319
b 30 0 41 423
m 30 27 0 41 423
m 30 54 0 41 423
m 30 57 0 41 423
m 30 58 0 41 423
m 30 64 0 41 423
m 30 106 0 41 423
b 30 3 41 423
m 30 57 3 6.25 39.25 0.8207862276612274
m 30 27 3 6.25 39.25 0.8207862276612274
m 30 58 3 6.25 39.25 0.8207862276612274
m 30 54 3 6.25 39.25 0.8207862276612274
m 30 106 3 6.25 39.25 0.8207862276612274
b 59 0 448 214
m 59 24 0 448 214
m 59 105 0 448 214
m 59 135 0 448 214
m 59 143 0 448 214
m 59 226 0 448 214
b 59 3 448 214
m 59 135 3 8.0 70.28571428571429 0.2
m 59 105 3 8.0 70.28571428571429 0.2
b 88 0 358 220
m 88 17 0 358 220
m 88 21 0 358 220
m 88 105 0 358 220
m 88 135 0 358 220
m 88 143 0 358 220
m 88 163 0 358 220
m 88 213 0 358 220
m 88 226 0 358 220
m 88 239 0 358 220
b 88 2 358 220
m 88 17 2 358 220
m 88 21 2 358 220
m 88 77 2 358 220
m 88 105 2 358 220
m 88 135 2 358 220
m 88 143 2 358 220
m 88 163 2 358 220
m 88 213 2 358 220
m 88 226 2 358 220
m 88 239 2 358 220
b 88 3 358 220
m 88 17 3 6.714285714285714 46.42857142857142 0.9515639779671407
m 88 163 3 6.714285714285714 46.42857142857142 0.9515639779671407
m 88 239 3 6.714285714285714 46.42857142857142 0.9515639779671407
m 88 135 3 6.714285714285714 46.42857142857142 0.9515639779671407
m 88 143 3 6.714285714285714 46.42857142857142 0.9515639779671407
m 88 21 3 6.714285714285714 46.42857142857142 0.9515639779671407
m 88 105 3 6.714285714285714 46.42857142857142 0.9515639779671407
m 88 226 3 6.714285714285714 46.42857142857142 0.9515639779671407
m 88 213 3 6.714285714285714 46.42857142857142 0.9515639779671407
b 199 0 95 361
m 199 57 0 95 361
b 199 2 95 361
b 199 3 95 361
m 199 57 3 5.571428571428572 39.28571428571429 0.02564102564102544
b 234 0 338 295
b 234 2 338 295
b 234 3 338 295
b 40 0 442 221
m 40 135 0 442 221
m 40 143 0 442 221
b 40 3 442 221
m 40 135 3 7.714285714285714 68.00000000000001 0.3333333333333333
b 115 2 67 483
b 156 2 38 484
b 215 0 46 418
m 215 27 0 46 418
m 215 54 0 46 418
m 215 57 0 46 418
m 215 58 0 46 418
m 215 64 0 46 418
m 215 106 0 46 418
b 215 3 46 418
m 215 57 3 6.25 39.25 0.8207862276612274
m 215 27 3 6.25 39.25 0.8207862276612274
m 215 58 3 6.25 39.25 0.8207862276612274
m 215 54 3 6.25 39.25 0.8207862276612274
m 215 106 3 6.25 39.25 0.8207862276612274
b 237 2 137 277
m 237 26 2 137 277
m 237 201 2 137 277
b 12 1 162 266
m 12 10 1 162 266
m 12 14 1 162 266
m 12 26 1 162 266
m 12 34 1 162 266
m 12 63 1 162 266
m 12 136 1 162 266
m 12 183 1 162 266
m 12 185 1 162 266
m 12 201 1 162 266
m 12 225 1 162 266
b 15 2 110 451
b 25 2 301 315
b 30 2 40 425
b 31 0 274 190
m 31 21 0 274 190
m 31 39 0 274 190
m 31 62 0 274 190
m 31 66 0 274 190
m 31 93 0 274 190
m 31 112 0 274 190
m 31 163 0 274 190
m 31 182 0 274 190
m 31 210 0 274 190
m 31 223 0 274 190
b 31 2 274 190
b 31 3 274 190
m 31 39 3 6.857142857142856 52.0 0.8028193796169993
m 31 21 3 6.857142857142856 52.0 0.8028193796169993
m 31 93 3 6.857142857142856 52.0 0.8028193796169993
m 31 163 3 6.857142857142856 52.0 0.8028193796169993
m 31 182 3 6.857142857142856 52.0 0.8028193796169993
m 31 112 3 6.857142857142856 52.0 0.8028193796169993
m 31 210 3 6.857142857142856 52.0 0.8028193796169993
m 31 62 3 6.857142857142856 52.0 0.8028193796169993
b 90 2 423 329
m 90 55 2 423 329
b 148 0 56 498
b 148 3 56 498
b 4 2 361 378
b 25 1 300 316
b 118 0 470 299
b 118 3 470 299
m 118 188 3 7.428571428571429 66.85714285714286 1.0
b 167 2 422 382
b 179 0 436 251
m 179 143 0 436 251
b 179 2 436 251
m 179 40 2 436 251
m 179 59 2 436 251
m 179 77 2 436 251
m 179 118 2 436 251
m 179 143 2 436 251
m 179 188 2 436 251
m 179 190 2 436 251
b 215 2 44 417
b 234 1 336 297
b 25 3 299 316
b 36 0 44 460
m 36 27 0 44 460
m 36 57 0 44 460
m 36 58 0 44 460
m 36 64 0 44 460
m 36 106 0 44 460
b 36 3 44 460
m 36 27 3 6.875 52.875 0.2
m 36 58 3 6.875 52.875 0.2
b 93 0 298 201
m 93 8 0 298 201
m 93 17 0 298 201
m 93 62 0 298 201
m 93 112 0 298 201
m 93 180 0 298 201
m 93 213 0 298 201
b 93 2 298 201
b 93 3 298 201
m 93 21 3 7.374999999999998 61.125 0.5144865983398388
m 93 17 3 7.374999999999998 61.125 0.5144865983398388
m 93 112 3 7.374999999999998 61.125 0.5144865983398388
m 93 8 3 7.374999999999998 61.125 0.5144865983398388
m 93 180 3 7.374999999999998 61.125 0.5144865983398388
b 148 2 55 499
b 163 0 284 208
m 163 112 0 284 208
m 163 180 0 284 208
m 163 182 0 284 208
b 163 2 284 208
b 163 3 284 208
m 163 21 3 6.999999999999998 54.75 0.1412928373121604
b 179 1 437 251
m 179 40 1 437 251
m 179 59 1 437 251
m 179 77 1 437 251
m 179 143 1 437 251
m 179 190 1 437 251
b 237 1 140 277
m 237 10 1 140 277
m 237 14 1 140 277
m 237 26 1 140 277
m 237 63 1 140 277
m 237 136 1 140 277
m 237 181 1 140 277
m 237 183 1 140 277
m 237 185 1 140 277
m 237 201 1 140 277
m 237 225 1 140 277
b 39 0 267 189
m 39 23 0 267 189
m 39 51 0 267 189
m 39 62 0 267 189
m 39 66 0 267 189
m 39 112 0 267 189
m 39 155 0 267 189
m 39 180 0 267 189
m 39 182 0 267 189
m 39 184 0 267 189
m 39 203 0 267 189
m 39 227 0 267 189
b 39 2 267 189
b 39 3 267 189
m 39 227 3 7.874999999999998 73.125 0.7225608389128207
m 39 203 3 7.874999999999998 73.125 0.7225608389128207
m 39 155 3 7.874999999999998 73.125 0.7225608389128207
m 39 180 3 7.874999999999998 73.125 0.7225608389128207
m 39 112 3 7.874999999999998 73.125 0.7225608389128207
m 39 62 3 7.874999999999998 73.125 0.7225608389128207
m 39 184 3 7.874999999999998 73.125 0.7225608389128207
m 39 23 3 7.874999999999998 73.125 0.7225608389128207
m 39 66 3 7.874999999999998 73.125 0.7225608389128207
m 39 21 3 7.874999999999998 73.125 0.7225608389128207
m 39 182 3 7.874999999999998 73.125 0.7225608389128207
b 55 3 474 363
m 55 188 3 6.428571428571429 49.85714285714286 1.0
b 87 1 152 395
b 88 1 353 218
m 88 17 1 353 218
m 88 21 1 353 218
m 88 77 1 353 218
m 88 93 1 353 218
m 88 105 1 353 218
m 88 135 1 353 218
m 88 143 1 353 218
m 88 163 1 353 218
m 88 213 1 353 218
m 88 226 1 353 218
m 88 239 1 353 218
b 176 1 140 398
b 10 0 132 228
m 10 46 0 132 228
m 10 67 0 132 228
m 10 70 0 132 228
m 10 198 0 132 228
b 10 2 132 228
b 10 3 132 228
m 10 26 3 7.714285714285714 62.857142857142854 0.45427811966654136
m 10 46 3 7.714285714285714 62.857142857142854 0.45427811966654136
m 10 67 3 7.714285714285714 62.857142857142854 0.45427811966654136
m 10 70 3 7.714285714285714 62.857142857142854 0.45427811966654136
b 15 1 114 451
m 15 2 1 114 451
m 15 35 1 114 451
m 15 89 1 114 451
m 15 115 1 114 451
m 15 148 1 114 451
m 15 204 1 114 451
m 15 232 1 114 451
b 18 2 119 320
b 34 0 190 241
m 34 51 0 190 241
m 34 66 0 190 241
m 34 127 0 190 241
m 34 184 0 190 241
m 34 227 0 190 241
b 34 2 190 241
m 34 38 2 190 241
m 34 51 2 190 241
m 34 66 2 190 241
m 34 127 2 190 241
m 34 184 2 190 241
m 34 201 2 190 241
m 34 227 2 190 241
b 34 3 190 241
m 34 127 3 7.7142857142857135 62.0 0.6883385098629327
m 34 66 3 7.7142857142857135 62.0 0.6883385098629327
m 34 51 3 7.7142857142857135 62.0 0.6883385098629327
m 34 38 3 7.7142857142857135 62.0 0.6883385098629327
m 34 201 3 7.7142857142857135 62.0 0.6883385098629327
m 34 184 3 7.7142857142857135 62.0 0.6883385098629327
b 36 2 45 461
m 36 27 2 45 461
m 36 57 2 45 461
m 36 58 2 45 461
m 36 64 2 45 461
m 36 106 2 45 461
b 104 1 120 379
b 179 3 438 249
b 181 0 80 279
m 181 162 0 80 279
m 181 198 0 80 279
b 181 2 80 279
b 181 3 80 279
m 181 198 3 7.0 56.42857142857142 0.5
m 181 162 3 7.0 56.42857142857142 0.5
b 188 1 493 304
b 190 0 454 176
m 190 11 0 454 176
m 190 24 0 454 176
m 190 33 0 454 176
m 190 105 0 454 176
m 190 125 0 454 176
m 190 135 0 454 176
m 190 143 0 454 176
b 190 3 454 176
m 190 143 3 8.285714285714285 73.71428571428572 0.30289386531351586
m 190 125 3 8.285714285714285 73.71428571428572 0.30289386531351586
m 190 135 3 8.285714285714285 73.71428571428572 0.30289386531351586
b 199 1 99 356
b 17 0 353 229
m 17 105 0 353 229
m 17 135 0 353 229
m 17 143 0 353 229
m 17 213 0 353 229
m 17 239 0 353 229
b 17 2 353 229
m 17 105 2 353 229
m 17 135 2 353 229
m 17 143 2 353 229
m 17 213 2 353 229
m 17 239 2 353 229
b 215 1 42 413
m 215 2 1 42 413
m 215 27 1 42 413
m 215 30 1 42 413
m 215 35 1 42 413
m 215 36 1 42 413
m 215 54 1 42 413
m 215 57 1 42 413
m 215 58 1 42 413
m 215 64 1 42 413
m 215 89 1 42 413
m 215 106 1 42 413
m 215 151 1 42 413
m 215 156 1 42 413
m 215 172 1 42 413
m 215 204 1 42 413
m 215 232 1 42 413
b 77 2 415 176
m 77 11 2 415 176
m 77 24 2 415 176
m 77 33 2 415 176
m 77 40 2 415 176
m 77 105 2 415 176
m 77 135 2 415 176
m 77 143 2 415 176
m 77 190 2 415 176
m 77 213 2 415 176
m 77 239 2 415 176
b 18 1 122 321
m 18 136 1 122 321
m 18 181 1 122 321
m 18 183 1 122 321
m 18 225 1 122 321
b 18 3 122 321
b 32 1 113 321
m 32 14 1 113 321
m 32 136 1 113 321
m 32 181 1 113 321
m 32 183 1 113 321
m 32 225 1 113 321
b 57 0 58 390
m 57 54 0 58 390
m 57 206 0 58 390
b 57 3 58 390
m 57 54 3 5.888888888888889 36.77777777777778 0.5
m 57 206 3 5.888888888888889 36.77777777777778 0.5
b 59 2 455 208
m 59 24 2 455 208
m 59 33 2 455 208
m 59 40 2 455 208
m 59 105 2 455 208
m 59 135 2 455 208
m 59 143 2 455 208
m 59 190 2 455 208
b 128 1 50 347
b 172 0 1 388
m 172 54 0 1 388
m 172 206 0 1 388
b 172 2 1 388
m 172 27 2 1 388
m 172 54 2 1 388
m 172 57 2 1 388
m 172 64 2 1 388
m 172 206 2 1 388
b 172 3 1 388
m 172 54 3 6.428571428571429 46.14285714285714 0.5
m 172 206 3 6.428571428571429 46.14285714285714 0.5
b 201 0 152 217
m 201 78 0 152 217
m 201 127 0 152 217
b 17 3 351 231
m 17 21 3 5.875 37.125 0.8538695347205986
m 17 135 3 5.875 37.125 0.8538695347205986
m 17 143 3 5.875 37.125 0.8538695347205986
m 17 105 3 5.875 37.125 0.8538695347205986
b 118 1 469 306
b 218 0 146 159
m 218 51 0 146 159
m 218 78 0 146 159
m 218 109 0 146 159
m 218 116 0 146 159
m 218 123 0 146 159
m 218 127 0 146 159
m 218 129 0 146 159
m 218 169 0 146 159
m 218 221 0 146 159
m 218 222 0 146 159
m 218 224 0 146 159
m 218 227 0 146 159
m 218 231 0 146 159
b 218 2 146 159
m 218 51 2 146 159
m 218 78 2 146 159
m 218 109 2 146 159
m 218 116 2 146 159
m 218 123 2 146 159
m 218 127 2 146 159
m 218 129 2 146 159
m 218 169 2 146 159
m 218 221 2 146 159
m 218 222 2 146 159
m 218 224 2 146 159
m 218 227 2 146 159
m 218 231 2 146 159
b 218 3 146 159
m 218 224 3 8.625 80.875 0.9915648930561761
m 218 227 3 8.625 80.875 0.9915648930561761
m 218 169 3 8.625 80.875 0.9915648930561761
m 218 222 3 8.625 80.875 0.9915648930561761
m 218 109 3 8.625 80.875 0.9915648930561761
m 218 78 3 8.625 80.875 0.9915648930561761
m 218 51 3 8.625 80.875 0.9915648930561761
m 218 127 3 8.625 80.875 0.9915648930561761
m 218 116 3 8.625 80.875 0.9915648930561761
m 218 221 3 8.625 80.875 0.9915648930561761
m 218 129 3 8.625 80.875 0.9915648930561761
m 218 231 3 8.625 80.875 0.9915648930561761
m 218 123 3 8.625 80.875 0.9915648930561761
b 223 0 244 209
m 223 23 0 244 209
m 223 51 0 244 209
m 223 66 0 244 209
m 223 127 0 244 209
m 223 182 0 244 209
m 223 184 0 244 209
m 223 227 0 244 209
b 223 2 244 209
m 223 23 2 244 209
m 223 51 2 244 209
m 223 66 2 244 209
m 223 127 2 244 209
m 223 182 2 244 209
m 223 184 2 244 209
m 223 227 2 244 209
b 226 0 382 179
m 226 8 0 382 179
m 226 180 0 382 179
b 226 2 382 179
b 226 3 382 179
m 226 105 3 6.0 36.74999999999999 0.5443655957767585
m 226 8 3 6.0 36.74999999999999 0.5443655957767585
m 226 213 3 6.0 36.74999999999999 0.5443655957767585
b 17 1 351 232
m 17 21 1 351 232
m 17 93 1 351 232
m 17 105 1 351 232
m 17 135 1 351 232
m 17 213 1 351 232
m 17 226 1 351 232
b 26 0 132 206
m 26 78 0 132 206
m 26 116 0 132 206
m 26 127 0 132 206
b 57 2 60 391
m 57 54 2 60 391
m 57 206 2 60 391
b 201 3 154 218
b 24 0 466 142
m 24 11 0 466 142
m 24 33 0 466 142
m 24 125 0 466 142
m 24 178 0 466 142
m 24 214 0 466 142
b 24 3 466 142
m 24 11 3 8.0 69.5 0.2176272614274735
m 24 178 3 8.0 69.5 0.2176272614274735
b 201 2 155 218
m 201 78 2 155 218
m 201 127 2 155 218
b 210 0 254 197
m 210 23 0 254 197
m 210 51 0 254 197
m 210 62 0 254 197
m 210 66 0 254 197
m 210 182 0 254 197
m 210 184 0 254 197
m 210 203 0 254 197
m 210 227 0 254 197
b 210 2 254 197
m 210 23 2 254 197
m 210 51 2 254 197
m 210 62 2 254 197
m 210 66 2 254 197
m 210 182 2 254 197
m 210 184 2 254 197
m 210 203 2 254 197
m 210 227 2 254 197
b 210 3 254 197
m 210 51 3 7.249999999999998 58.75 0.4226473361712288
m 210 66 3 7.249999999999998 58.75 0.4226473361712288
m 210 23 3 7.249999999999998 58.75 0.4226473361712288
m 210 182 3 7.249999999999998 58.75 0.4226473361712288
b 225 1 142 281
m 225 10 1 142 281
m 225 26 1 142 281
m 225 181 1 142 281
m 225 185 1 142 281
b 26 3 134 206
m 26 127 3 6.249999999999999 42.5 0.42349999999999993
m 26 78 3 6.249999999999999 42.5 0.42349999999999993
b 38 0 151 181
m 38 51 0 151 181
m 38 78 0 151 181
m 38 109 0 151 181
m 38 127 0 151 181
m 38 221 0 151 181
m 38 231 0 151 181
b 58 0 14 434
b 58 3 14 434
b 63 1 93 241
b 77 1 418 172
b 198 0 92 235
m 198 154 0 92 235
m 198 170 0 92 235
b 198 2 92 235
m 198 154 2 92 235
m 198 170 2 92 235
b 21 0 322 211
m 21 180 0 322 211
b 21 2 322 211
m 21 112 2 322 211
m 21 180 2 322 211
b 26 2 135 206
b 59 1 459 205
m 59 11 1 459 205
m 59 24 1 459 205
m 59 33 1 459 205
m 59 105 1 459 205
m 59 135 1 459 205
m 59 226 1 459 205
b 67 0 112 155
m 67 51 0 112 155
m 67 78 0 112 155
m 67 109 0 112 155
m 67 116 0 112 155
m 67 123 0 112 155
m 67 127 0 112 155
m 67 129 0 112 155
m 67 169 0 112 155
m 67 170 0 112 155
m 67 221 0 112 155
m 67 222 0 112 155
m 67 224 0 112 155
m 67 231 0 112 155
b 67 2 112 155
b 67 3 112 155
m 67 123 3 8.5 77.5 0.9657370461357606
m 67 116 3 8.5 77.5 0.9657370461357606
m 67 222 3 8.5 77.5 0.9657370461357606
m 67 169 3 8.5 77.5 0.9657370461357606
m 67 224 3 8.5 77.5 0.9657370461357606
m 67 127 3 8.5 77.5 0.9657370461357606
m 67 78 3 8.5 77.5 0.9657370461357606
m 67 129 3 8.5 77.5 0.9657370461357606
m 67 51 3 8.5 77.5 0.9657370461357606
m 67 170 3 8.5 77.5 0.9657370461357606
m 67 231 3 8.5 77.5 0.9657370461357606
m 67 221 3 8.5 77.5 0.9657370461357606
m 67 109 3 8.5 77.5 0.9657370461357606
b 135 0 419 211
m 135 11 0 419 211
b 135 3 419 211
m 135 11 3 7.625 66.875 0.5
b 136 1 124 290
m 136 181 1 124 290
m 136 198 1 124 290
b 185 1 82 217
m 185 38 1 82 217
m 185 46 1 82 217
m 185 70 1 82 217
m 185 170 1 82 217
m 185 181 1 82 217
m 185 198 1 82 217
b 198 3 93 236
m 198 154 3 7.375 58.375 0.25
b 14 1 85 255
m 14 46 1 85 255
m 14 181 1 85 255
m 14 198 1 85 255
b 38 3 152 179
m 38 109 3 6.624999999999999 47.375 0.620695754716981
m 38 227 3 6.624999999999999 47.375 0.620695754716981
m 38 221 3 6.624999999999999 47.375 0.620695754716981
m 38 78 3 6.624999999999999 47.375 0.620695754716981
b 40 1 430 214
m 40 105 1 430 214
m 40 135 1 430 214
b 58 2 15 436
b 135 2 419 212
m 135 11 2 419 212
b 183 1 162 299
b 213 0 340 193
m 213 86 0 340 193
b 239 0 390 142
m 239 56 0 390 142
m 239 86 0 390 142
m 239 103 0 390 142
m 239 126 0 390 142
m 239 214 0 390 142
b 27 0 33 382
m 27 206 0 33 382
b 27 3 33 382
m 27 206 3 5.888888888888889 36.77777777777778 0.5
b 38 2 153 178
b 106 0 16 425
m 106 206 0 16 425
b 106 3 16 425
m 106 206 3 5.777777777777778 36.44444444444445 1.0
b 201 1 158 220
b 213 2 339 194
b 213 3 339 194
m 213 86 3 6.0 40.74999999999999 1.0
b 239 2 390 141
m 239 8 2 390 141
m 239 11 2 390 141
m 239 43 2 390 141
m 239 56 2 390 141
m 239 86 2 390 141
m 239 103 2 390 141
m 239 112 2 390 141
m 239 126 2 390 141
m 239 180 2 390 141
m 239 214 2 390 141
b 239 3 390 141
m 239 56 3 6.75 46.74999999999999 0.6774066276860973
m 239 86 3 6.75 46.74999999999999 0.6774066276860973
m 239 11 3 6.75 46.74999999999999 0.6774066276860973
m 239 126 3 6.75 46.74999999999999 0.6774066276860973
m 239 43 3 6.75 46.74999999999999 0.6774066276860973
b 23 0 218 144
m 23 78 0 218 144
m 23 123 0 218 144
m 23 127 0 218 144
m 23 140 0 218 144
m 23 205 0 218 144
m 23 222 0 218 144
b 23 3 218 144
m 23 51 3 7.999999999999998 74.0 0.32598290721066925
m 23 123 3 7.999999999999998 74.0 0.32598290721066925
m 23 223 3 7.999999999999998 74.0 0.32598290721066925
b 64 0 22 365
m 64 206 0 22 365
b 64 3 22 365
m 64 206 3 5.888888888888889 36.77777777777778 0.5
b 70 0 112 157
m 70 45 0 112 157
m 70 78 0 112 157
m 70 109 0 112 157
m 70 116 0 112 157
m 70 129 0 112 157
m 70 170 0 112 157
m 70 221 0 112 157
m 70 224 0 112 157
m 70 231 0 112 157
b 70 2 112 157
b 70 3 112 157
m 70 78 3 7.874999999999999 64.375 0.7528594629177537
m 70 116 3 7.874999999999999 64.375 0.7528594629177537
m 70 45 3 7.874999999999999 64.375 0.7528594629177537
m 70 129 3 7.874999999999999 64.375 0.7528594629177537
m 70 224 3 7.874999999999999 64.375 0.7528594629177537
m 70 170 3 7.874999999999999 64.375 0.7528594629177537
m 70 231 3 7.874999999999999 64.375 0.7528594629177537
b 93 1 297 214
m 93 31 1 297 214
m 93 39 1 297 214
m 93 112 1 297 214
m 93 180 1 297 214
m 93 193 1 297 214
m 93 210 1 297 214
m 93 223 1 297 214
b 163 1 271 204
b 188 2 492 315
b 188 3 492 315
b 11 0 445 155
m 11 126 0 445 155
m 11 214 0 445 155
b 27 2 35 381
m 27 54 2 35 381
m 27 206 2 35 381
b 35 1 112 463
m 35 30 1 112 463
m 35 36 1 112 463
m 35 151 1 112 463
m 35 156 1 112 463
b 46 0 44 205
m 46 22 0 44 205
m 46 45 0 44 205
m 46 65 0 44 205
m 46 97 0 44 205
m 46 116 0 44 205
m 46 138 0 44 205
m 46 154 0 44 205
m 46 170 0 44 205
m 46 236 0 44 205
b 46 2 44 205
m 46 22 2 44 205
m 46 45 2 44 205
m 46 65 2 44 205
m 46 97 2 44 205
m 46 116 2 44 205
m 46 138 2 44 205
m 46 154 2 44 205
m 46 170 2 44 205
m 46 236 2 44 205
b 46 3 44 205
m 46 45 3 7.874999999999999 64.375 0.7528594629177537
m 46 22 3 7.874999999999999 64.375 0.7528594629177537
m 46 97 3 7.874999999999999 64.375 0.7528594629177537
m 46 65 3 7.874999999999999 64.375 0.7528594629177537
m 46 116 3 7.874999999999999 64.375 0.7528594629177537
m 46 170 3 7.874999999999999 64.375 0.7528594629177537
m 46 154 3 7.874999999999999 64.375 0.7528594629177537
b 106 2 16 427
m 106 54 2 16 427
b 40 2 426 212
b 64 2 22 363
b 66 0 245 175
m 66 205 0 245 175
m 66 222 0 245 175
b 162 0 30 323
m 162 206 0 30 323
b 162 3 30 323
m 162 206 3 6.25 49.49999999999999 0.020000000000000018
b 204 1 64 387
b 2 1 84 422
m 2 173 1 84 422
b 11 2 445 157
b 26 1 140 204
b 57 1 69 393
m 57 206 1 69 393
b 125 0 497 147
m 125 178 0 497 147
m 125 214 0 497 147
b 125 3 497 147
m 125 214 3 7.749999999999999 66.5 0.09692902359853225
b 135 1 420 216
b 143 0 393 183
b 143 1 393 183
m 143 11 1 393 183
m 143 33 1 393 183
b 143 3 393 183
m 143 11 3 7.75 67.5 0.3333333333333333
b 151 1 43 447
m 151 173 1 43 447
b 190 1 456 162
b 203 0 285 118
m 203 74 0 285 118
m 203 86 0 285 118
m 203 103 0 285 118
m 203 139 0 285 118
m 203 141 0 285 118
m 203 158 0 285 118
m 203 230 0 285 118
b 203 3 285 118
m 203 86 3 8.111111111111109 76.11111111111111 0.4215905282121476
m 203 103 3 8.111111111111109 76.11111111111111 0.4215905282121476
m 203 230 3 8.111111111111109 76.11111111111111 0.4215905282121476
b 10 1 146 224
b 24 2 474 140
m 24 125 2 474 140
m 24 178 2 474 140
m 24 214 2 474 140
b 54 0 22 354
b 54 3 22 354
b 105 0 408 183
m 105 126 0 408 183
b 112 0 323 165
m 112 86 0 323 165
m 112 126 0 323 165
m 112 141 0 323 165
m 112 230 0 323 165
b 112 3 323 165
m 112 86 3 6.999999999999999 53.5 0.3905215427070033
m 112 126 3 6.999999999999999 53.5 0.3905215427070033
b 118 2 468 317
m 118 6 2 468 317
m 118 228 2 468 317
b 143 2 392 183
b 155 0 271 141
m 155 74 0 271 141
m 155 139 0 271 141
m 155 141 0 271 141
m 155 158 0 271 141
m 155 230 0 271 141
b 155 3 271 141
b 182 0 278 147
m 182 74 0 278 147
m 182 139 0 278 147
m 182 141 0 278 147
m 182 158 0 278 147
m 182 230 0 278 147
b 182 3 278 147
m 182 230 3 6.749999999999999 50.0 0.042907364874045104
b 213 1 337 198
b 226 1 376 170
m 226 8 1 376 170
m 226 11 1 376 170
m 226 86 1 376 170
m 226 112 1 376 170
m 226 126 1 376 170
m 226 180 1 376 170
b 239 1 393 136
m 239 8 1 393 136
m 239 11 1 393 136
m 239 43 1 393 136
m 239 56 1 393 136
m 239 86 1 393 136
m 239 103 1 393 136
m 239 112 1 393 136
m 239 126 1 393 136
m 239 180 1 393 136
m 239 214 1 393 136
b 8 0 360 114
m 8 43 0 360 114
m 8 47 0 360 114
m 8 56 0 360 114
m 8 69 0 360 114
m 8 75 0 360 114
m 8 84 0 360 114
m 8 86 0 360 114
m 8 103 0 360 114
m 8 126 0 360 114
m 8 141 0 360 114
b 8 3 360 114
m 8 141 3 8.444444444444443 86.44444444444446 0.6454141584112737
m 8 47 3 8.444444444444443 86.44444444444446 0.6454141584112737
m 8 69 3 8.444444444444443 86.44444444444446 0.6454141584112737
m 8 56 3 8.444444444444443 86.44444444444446 0.6454141584112737
m 8 43 3 8.444444444444443 86.44444444444446 0.6454141584112737
m 8 84 3 8.444444444444443 86.44444444444446 0.6454141584112737
m 8 86 3 8.444444444444443 86.44444444444446 0.6454141584112737
b 21 3 328 217
b 23 2 214 142
m 23 62 2 214 142
m 23 140 2 214 142
m 23 155 2 214 142
m 23 203 2 214 142
m 23 205 2 214 142
m 23 235 2 214 142
b 34 1 188 257
b 66 3 248 175
m 66 223 3 7.2222222222222205 65.44444444444444 0.5
m 66 205 3 7.2222222222222205 65.44444444444444 0.5
b 105 2 409 183
b 105 3 409 183
m 105 11 3 7.25 62.00000000000001 0.5
m 105 126 3 7.25 62.00000000000001 0.5
b 115 1 61 463
b 232 1 20 452
m 232 173 1 20 452
b 66 2 249 175
m 66 62 2 249 175
m 66 155 2 249 175
m 66 203 2 249 175
m 66 205 2 249 175
b 89 1 50 477
b 156 1 16 482
m 156 173 1 16 482
b 180 0 312 176
m 180 86 0 312 176
m 180 141 0 312 176
m 180 230 0 312 176
b 180 3 312 176
m 180 86 3 7.111111111111109 57.111111111111114 0.036268313981805245
b 181 1 92 267
m 181 198 1 92 267
b 227 0 187 146
m 227 140 0 187 146
m 227 205 0 187 146
m 227 235 0 187 146
b 227 3 187 146
m 227 235 3 7.333333333333331 66.0 0.3333333333333333
b 11 3 445 161
m 11 33 3 7.333333333333333 62.22222222222222 0.5
m 11 214 3 7.333333333333333 62.22222222222222 0.5
b 30 1 35 447
m 30 173 1 35 447
b 51 0 173 187
m 51 205 0 173 187
b 55 2 477 381
m 55 6 2 477 381
m 55 95 2 477 381
m 55 137 2 477 381
m 55 194 2 477 381
b 58 1 18 445
m 58 173 1 18 445
b 62 0 282 115
m 62 74 0 282 115
m 62 86 0 282 115
m 62 103 0 282 115
m 62 139 0 282 115
m 62 141 0 282 115
m 62 158 0 282 115
m 62 230 0 282 115
b 62 3 282 115
m 62 86 3 6.999999999999999 53.5 0.3905215427070033
m 62 103 3 6.999999999999999 53.5 0.3905215427070033
m 62 230 3 6.999999999999999 53.5 0.3905215427070033
b 127 0 146 161
m 127 140 0 146 161
m 127 205 0 146 161
b 127 2 146 161
b 127 3 146 161
m 127 140 3 6.999999999999999 54.75 0.5
m 127 205 3 6.999999999999999 54.75 0.5
b 129 0 106 123
m 129 53 0 106 123
m 129 61 0 106 123
m 129 76 0 106 123
m 129 91 0 106 123
m 129 170 0 106 123
b 129 2 106 123
m 129 53 2 106 123
m 129 61 2 106 123
m 129 76 2 106 123
m 129 91 2 106 123
m 129 170 2 106 123
b 129 3 106 123
m 129 53 3 8.333333333333334 75.88888888888889 0.16666666666666666
b 190 2 457 158
b 227 2 186 145
m 227 140 2 186 145
m 227 205 2 186 145
m 227 235 2 186 145
b 231 0 138 115
m 231 53 0 138 115
m 231 140 0 138 115
m 231 205 0 138 115
m 231 235 0 138 115
b 231 2 138 115
m 231 53 2 138 115
m 231 140 2 138 115
m 231 205 2 138 115
m 231 235 2 138 115
b 231 3 138 115
m 231 140 3 8.11111111111111 73.66666666666666 0.25
m 231 53 3 8.11111111111111 73.66666666666666 0.25
b 51 2 172 187
m 51 140 2 172 187
m 51 205 2 172 187
b 51 3 172 187
m 51 140 3 7.124999999999999 55.375 0.3333333333333333
b 116 0 56 163
m 116 45 0 56 163
m 116 71 0 56 163
m 116 97 0 56 163
m 116 236 0 56 163
b 116 2 56 163
m 116 45 2 56 163
m 116 71 2 56 163
m 116 97 2 56 163
m 116 236 2 56 163
b 116 3 56 163
m 116 45 3 8.333333333333334 75.88888888888889 0.16666666666666666
m 116 71 3 8.333333333333334 75.88888888888889 0.16666666666666666
b 148 1 36 490
m 148 173 1 36 490
b 214 0 423 112
m 214 43 0 423 112
m 214 44 0 423 112
m 214 56 0 423 112
m 214 75 0 423 112
m 214 84 0 423 112
m 214 126 0 423 112
b 11 1 445 163
b 178 0 480 67
m 178 44 0 480 67
m 178 82 0 480 67
m 178 133 0 480 67
m 178 159 0 480 67
m 178 217 0 480 67
b 178 3 480 67
m 178 133 3 7.888888888888888 67.22222222222223 0.28317069291299163
b 184 0 240 157
m 184 140 0 240 157
m 184 205 0 240 157
b 184 3 240 157
m 184 205 3 7.333333333333331 66.0 0.3333333333333333
b 21 1 331 221
m 21 31 1 331 221
m 21 39 1 331 221
m 21 112 1 331 221
m 21 180 1 331 221
b 24 1 480 138
m 24 125 1 480 138
m 24 178 1 480 138
m 24 214 1 480 138
b 27 1 44 380
m 27 206 1 44 380
b 105 1 414 182
m 105 126 1 414 182
b 106 1 17 436
m 106 173 1 17 436
b 154 0 1 211
m 154 22 0 1 211
m 154 45 0 1 211
m 154 65 0 1 211
m 154 97 0 1 211
m 154 138 0 1 211
m 154 236 0 1 211
b 154 2 1 211
b 169 0 145 114
m 169 53 0 145 114
m 169 119 0 145 114
m 169 140 0 145 114
m 169 205 0 145 114
m 169 235 0 145 114
b 169 2 145 114
m 169 53 2 145 114
m 169 119 2 145 114
m 169 140 2 145 114
m 169 205 2 145 114
m 169 235 2 145 114
b 169 3 145 114
m 169 53 3 8.222222222222223 74.66666666666666 0.2
m 169 205 3 8.222222222222223 74.66666666666666 0.2
b 170 0 77 161
m 170 45 0 77 161
m 170 71 0 77 161
m 170 97 0 77 161
m 170 236 0 77 161
b 170 2 77 161
b 184 2 241 157
b 203 2 292 116
b 206 0 49 338
b 206 2 49 338
m 206 162 2 49 338
b 206 3 49 338
b 33 0 473 184
b 36 1 56 481
m 36 173 1 56 481
b 54 1 27 348
m 54 162 1 27 348
m 54 206 1 27 348
b 64 1 26 355
m 64 162 1 26 355
m 64 206 1 26 355
b 78 0 172 160
m 78 235 0 172 160
b 154 3 1 212
m 154 22 3 7.111111111111111 54.666666666666664 0.3065870098039215
m 154 138 3 7.111111111111111 54.666666666666664 0.3065870098039215
b 170 1 78 160
m 170 45 1 78 160
m 170 67 1 78 160
m 170 71 1 78 160
m 170 97 1 78 160
m 170 109 1 78 160
m 170 116 1 78 160
m 170 129 1 78 160
m 170 221 1 78 160
m 170 236 1 78 160
b 170 3 78 160
m 170 236 3 8.11111111111111 71.66666666666666 0.2
m 170 97 3 8.11111111111111 71.66666666666666 0.2
b 78 2 172 161
m 78 140 2 172 161
m 78 205 2 172 161
m 78 235 2 172 161
b 78 3 172 161
m 78 140 3 8.0 72.88888888888889 0.3333333333333333
b 172 1 2 369
m 172 162 1 2 369
m 172 206 1 2 369
b 182 2 285 143
m 182 74 2 285 143
m 182 139 2 285 143
m 182 141 2 285 143
m 182 155 2 285 143
m 182 158 2 285 143
m 182 230 2 285 143
b 193 1 215 210
b 214 2 419 113
b 221 0 120 171
b 221 2 120 171
b 221 3 120 171
b 22 0 5 251
b 22 2 5 251
b 22 3 5 251
m 22 236 3 7.222222222222221 57.666666666666664 0.5
m 22 138 3 7.222222222222221 57.666666666666664 0.5
b 33 2 473 186
m 33 125 2 473 186
b 39 1 262 213
m 39 66 1 262 213
m 39 155 1 262 213
m 39 182 1 262 213
m 39 184 1 262 213
b 43 2 381 64
m 43 9 2 381 64
m 43 44 2 381 64
m 43 47 2 381 64
m 43 52 2 381 64
m 43 69 2 381 64
m 43 75 2 381 64
m 43 84 2 381 64
m 43 100 2 381 64
m 43 114 2 381 64
m 43 131 2 381 64
m 43 145 2 381 64
m 43 187 2 381 64
m 43 229 2 381 64
m 43 233 2 381 64
b 43 3 381 64
m 43 145 3 8.0 77.55555555555554 0.9683033800440072
m 43 187 3 8.0 77.55555555555554 0.9683033800440072
m 43 47 3 8.0 77.55555555555554 0.9683033800440072
m 43 9 3 8.0 77.55555555555554 0.9683033800440072
m 43 69 3 8.0 77.55555555555554 0.9683033800440072
m 43 75 3 8.0 77.55555555555554 0.9683033800440072
m 43 84 3 8.0 77.55555555555554 0.9683033800440072
m 43 214 3 8.0 77.55555555555554 0.9683033800440072
m 43 100 3 8.0 77.55555555555554 0.9683033800440072
m 43 52 3 8.0 77.55555555555554 0.9683033800440072
m 43 103 3 8.0 77.55555555555554 0.9683033800440072
m 43 114 3 8.0 77.55555555555554 0.9683033800440072
m 43 131 3 8.0 77.55555555555554 0.9683033800440072
m 43 233 3 8.0 77.55555555555554 0.9683033800440072
m 43 229 3 8.0 77.55555555555554 0.9683033800440072
m 43 44 3 8.0 77.55555555555554 0.9683033800440072
b 54 2 28 347
m 54 162 2 28 347
b 86 0 360 141
m 86 141 0 360 141
m 86 230 0 360 141
b 222 0 201 140
m 222 235 0 201 140
b 222 2 201 140
m 222 140 2 201 140
m 222 205 2 201 140
m 222 235 2 201 140
b 222 3 201 140
m 222 235 3 8.0 72.88888888888889 0.3333333333333333
b 86 2 361 141
m 86 141 2 361 141
m 86 230 2 361 141
b 86 3 361 141
m 86 103 3 6.333333333333333 45.222222222222214 1.0
m 86 141 3 6.333333333333333 45.222222222222214 1.0
m 86 230 3 6.333333333333333 45.222222222222214 1.0
b 109 0 130 130
m 109 53 0 130 130
m 109 235 0 130 130
b 109 2 130 130
m 109 53 2 130 130
m 109 140 2 130 130
m 109 235 2 130 130
b 109 3 130 130
m 109 53 3 8.0 72.88888888888889 0.3333333333333333
b 198 1 104 248
b 224 0 150 100
m 224 53 0 150 100
m 224 235 0 150 100
b 224 2 150 100
b 224 3 150 100
m 224 53 3 8.11111111111111 73.66666666666666 0.25
m 224 205 3 8.11111111111111 73.66666666666666 0.25
b 45 0 68 181
b 45 3 68 181
m 45 138 3 7.222222222222221 57.666666666666664 0.5
m 45 236 3 7.222222222222221 57.666666666666664 0.5
b 123 0 189 88
m 123 98 0 189 88
m 123 119 0 189 88
m 123 202 0 189 88
m 123 235 0 189 88
m 123 238 0 189 88
b 123 2 189 88
m 123 98 2 189 88
m 123 119 2 189 88
m 123 140 2 189 88
m 123 202 2 189 88
m 123 205 2 189 88
m 123 235 2 189 88
m 123 238 2 189 88
b 123 3 189 88
m 123 205 3 8.444444444444445 77.33333333333333 0.05182646590914648
b 158 0 300 107
m 158 187 0 300 107
m 158 211 0 300 107
b 45 2 69 181
b 112 2 328 176
m 112 141 2 328 176
b 180 2 306 184
m 180 141 2 306 184
b 214 3 415 113
m 214 44 3 7.444444444444444 61.88888888888889 0.11904817137811473
b 230 0 322 93
m 230 100 0 322 93
m 230 187 0 322 93
m 230 211 0 322 93
b 230 3 322 93
m 230 100 3 7.999999999999999 73.4 0.2558918699775062
b 8 2 366 104
m 8 47 2 366 104
m 8 69 2 366 104
m 8 75 2 366 104
m 8 84 2 366 104
m 8 131 2 366 104
m 8 141 2 366 104
m 8 187 2 366 104
m 8 229 2 366 104
m 8 230 2 366 104
b 38 1 163 164
b 62 2 287 106
b 84 0 391 89
m 84 9 0 391 89
m 84 44 0 391 89
m 84 52 0 391 89
m 84 100 0 391 89
m 84 114 0 391 89
m 84 131 0 391 89
m 84 145 0 391 89
m 84 159 0 391 89
m 84 187 0 391 89
m 84 229 0 391 89
b 84 3 391 89
m 84 145 3 8.799999999999999 92.20000000000002 0.35269184083863914
m 84 44 3 8.799999999999999 92.20000000000002 0.35269184083863914
m 84 159 3 8.799999999999999 92.20000000000002 0.35269184083863914
m 84 100 3 8.799999999999999 92.20000000000002 0.35269184083863914
m 84 75 3 8.799999999999999 92.20000000000002 0.35269184083863914
b 126 0 362 139
b 173 1 9 443
b 214 1 414 113
m 214 44 1 414 113
m 214 69 1 414 113
m 214 75 1 414 113
m 214 84 1 414 113
m 214 159 1 414 113
b 43 1 378 60
m 43 9 1 378 60
m 43 44 1 378 60
m 43 47 1 378 60
m 43 52 1 378 60
m 43 69 1 378 60
m 43 75 1 378 60
m 43 84 1 378 60
m 43 100 1 378 60
m 43 114 1 378 60
m 43 131 1 378 60
m 43 145 1 378 60
m 43 187 1 378 60
m 43 229 1 378 60
m 43 233 1 378 60
b 70 1 112 139
m 70 45 1 112 139
m 70 53 1 112 139
m 70 67 1 112 139
m 70 109 1 112 139
m 70 116 1 112 139
m 70 127 1 112 139
m 70 129 1 112 139
m 70 169 1 112 139
m 70 218 1 112 139
m 70 221 1 112 139
m 70 224 1 112 139
m 70 231 1 112 139
b 125 2 493 161
b 126 2 362 140
b 126 3 362 140
b 141 0 286 121
b 178 2 478 58
b 223 1 262 225
m 223 66 1 262 225
m 223 184 1 262 225
b 223 3 262 225
b 33 1 473 192
m 33 125 1 473 192
b 43 0 377 59
m 43 9 0 377 59
m 43 44 0 377 59
m 43 52 0 377 59
m 43 100 0 377 59
m 43 114 0 377 59
m 43 131 0 377 59
m 43 145 0 377 59
m 43 187 0 377 59
m 43 229 0 377 59
m 43 233 0 377 59
b 46 1 26 206
m 46 22 1 26 206
m 46 45 1 26 206
m 46 65 1 26 206
m 46 97 1 26 206
m 46 116 1 26 206
m 46 138 1 26 206
m 46 154 1 26 206
m 46 236 1 26 206
b 56 0 400 63
m 56 9 0 400 63
m 56 44 0 400 63
m 56 52 0 400 63
m 56 100 0 400 63
m 56 114 0 400 63
m 56 131 0 400 63
m 56 145 0 400 63
m 56 159 0 400 63
m 56 187 0 400 63
m 56 229 0 400 63
b 86 1 365 145
b 112 1 330 179
m 112 141 1 330 179
m 112 155 1 330 179
m 112 182 1 330 179
m 112 203 1 330 179
b 140 0 178 139
b 180 1 304 186
m 180 62 1 304 186
m 180 66 1 304 186
m 180 141 1 304 186
m 180 155 1 304 186
m 180 182 1 304 186
m 180 184 1 304 186
m 180 203 1 304 186
b 205 0 185 137
b 228 2 490 262
b 56 2 401 62
b 56 3 401 62
m 56 100 3 7.444444444444445 60.33333333333333 0.9175126680217924
m 56 187 3 7.444444444444445 60.33333333333333 0.9175126680217924
m 56 159 3 7.444444444444445 60.33333333333333 0.9175126680217924
m 56 233 3 7.444444444444445 60.33333333333333 0.9175126680217924
m 56 52 3 7.444444444444445 60.33333333333333 0.9175126680217924
m 56 44 3 7.444444444444445 60.33333333333333 0.9175126680217924
m 56 229 3 7.444444444444445 60.33333333333333 0.9175126680217924
m 56 145 3 7.444444444444445 60.33333333333333 0.9175126680217924
m 56 75 3 7.444444444444445 60.33333333333333 0.9175126680217924
m 56 9 3 7.444444444444445 60.33333333333333 0.9175126680217924
m 56 131 3 7.444444444444445 60.33333333333333 0.9175126680217924
b 97 0 18 203
b 97 2 18 203
b 97 3 18 203
m 97 236 3 7.222222222222221 57.666666666666664 0.5
m 97 138 3 7.222222222222221 57.666666666666664 0.5
b 103 0 362 81
m 103 100 0 362 81
m 103 114 0 362 81
m 103 131 0 362 81
m 103 187 0 362 81
m 103 229 0 362 81
b 141 3 285 122
b 210 1 277 207
m 210 66 1 277 207
m 210 155 1 277 207
m 210 182 1 277 207
m 210 184 1 277 207
b 235 2 159 101
m 235 119 2 159 101
m 235 202 2 159 101
m 235 238 2 159 101
b 236 0 12 213
b 236 2 12 213
b 6 2 455 381
b 61 0 42 88
m 61 13 0 42 88
m 61 48 0 42 88
m 61 102 0 42 88
m 61 157 0 42 88
b 61 2 42 88
b 69 0 383 69
m 69 9 0 383 69
m 69 52 0 383 69
m 69 100 0 383 69
m 69 114 0 383 69
m 69 131 0 383 69
m 69 145 0 383 69
m 69 187 0 383 69
m 69 229 0 383 69
m 69 233 0 383 69
b 69 3 383 69
m 69 100 3 8.7 89.9 0.28295028027388847
m 69 75 3 8.7 89.9 0.28295028027388847
m 69 9 3 8.7 89.9 0.28295028027388847
m 69 131 3 8.7 89.9 0.28295028027388847
b 74 0 304 116
m 74 187 0 304 116
m 74 211 0 304 116
b 103 2 363 80
b 138 0 24 183
b 138 2 24 183
b 155 2 268 157
m 155 74 2 268 157
m 155 139 2 268 157
m 155 141 2 268 157
m 155 158 2 268 157
m 155 230 2 268 157
b 206 1 60 336
m 206 162 1 60 336
b 235 0 158 102
m 235 202 0 158 102
m 235 238 0 158 102
b 235 3 158 102
m 235 202 3 6.899999999999999 60.3 0.3442028985507247
m 235 119 3 6.899999999999999 60.3 0.3442028985507247
b 8 1 369 99
b 31 1 271 153
m 31 62 1 271 153
m 31 66 1 271 153
m 31 141 1 271 153
m 31 155 1 271 153
m 31 158 1 271 153
m 31 182 1 271 153
m 31 184 1 271 153
m 31 203 1 271 153
b 76 0 36 54
m 76 13 0 36 54
m 76 48 0 36 54
m 76 72 0 36 54
m 76 102 0 36 54
m 76 142 0 36 54
m 76 157 0 36 54
b 76 2 36 54
b 65 0 14 150
b 65 2 14 150
b 65 3 14 150
b 126 1 359 144
m 126 84 1 359 144
m 126 203 1 359 144
b 133 0 463 50
m 133 1 0 463 50
m 133 9 0 463 50
m 133 52 0 463 50
b 133 3 463 50
m 133 1 3 8.0 68.6 0.34451992402583603
m 133 75 3 8.0 68.6 0.34451992402583603
m 133 52 3 8.0 68.6 0.34451992402583603
b 162 2 40 342
b 82 0 493 73
b 95 2 492 421
b 125 1 491 167
b 140 2 178 143
b 158 2 305 115
b 162 1 41 343
b 178 1 477 52
m 178 1 1 477 52
m 178 9 1 477 52
m 178 44 1 477 52
m 178 82 1 477 52
m 178 133 1 477 52
m 178 159 1 477 52
m 178 217 1 477 52
b 205 2 182 141
b 205 3 182 141
b 56 1 403 58
m 56 9 1 403 58
m 56 44 1 403 58
m 56 47 1 403 58
m 56 52 1 403 58
m 56 69 1 403 58
m 56 75 1 403 58
m 56 84 1 403 58
m 56 100 1 403 58
m 56 114 1 403 58
m 56 131 1 403 58
m 56 145 1 403 58
m 56 159 1 403 58
m 56 187 1 403 58
m 56 229 1 403 58
m 56 233 1 403 58
b 84 2 393 97
m 84 159 2 393 97
b 103 3 366 78
m 103 74 3 7.499999999999999 68.9 0.5
b 129 1 115 138
m 129 53 1 115 138
m 129 127 1 115 138
m 129 140 1 115 138
m 129 169 1 115 138
m 129 218 1 115 138
m 129 224 1 115 138
m 129 227 1 115 138
m 129 231 1 115 138
m 129 235 1 115 138
b 139 0 266 112
m 139 187 0 266 112
m 139 211 0 266 112
b 229 2 357 50
b 229 3 357 50
b 230 2 330 88
b 45 1 79 179
m 45 65 1 79 179
m 45 138 1 79 179
b 53 0 114 79
b 53 2 114 79
b 53 3 114 79
m 53 76 3 8.0 70.8 0.13966557017543857
b 75 0 383 33
m 75 1 0 383 33
m 75 9 0 383 33
m 75 52 0 383 33
m 75 100 0 383 33
m 75 114 0 383 33
m 75 131 0 383 33
m 75 145 0 383 33
m 75 187 0 383 33
m 75 229 0 383 33
m 75 233 0 383 33
b 100 2 337 35
m 100 19 2 337 35
m 100 73 2 337 35
b 100 3 337 35
m 100 19 3 7.4 70.19999999999999 0.5
m 100 73 3 7.4 70.19999999999999 0.5
b 103 1 367 77
m 103 47 1 367 77
m 103 69 1 367 77
m 103 75 1 367 77
m 103 84 1 367 77
m 103 100 1 367 77
m 103 114 1 367 77
m 103 131 1 367 77
m 103 187 1 367 77
m 103 203 1 367 77
m 103 229 1 367 77
m 103 230 1 367 77
m 103 233 1 367 77
b 116 1 40 170
m 116 65 1 40 170
m 116 138 1 40 170
b 137 2 467 458
b 140 3 177 145
b 47 0 343 49
m 47 9 0 343 49
m 47 52 0 343 49
m 47 100 0 343 49
m 47 114 0 343 49
m 47 131 0 343 49
m 47 145 0 343 49
m 47 229 0 343 49
m 47 233 0 343 49
b 47 3 343 49
b 141 2 278 124
m 141 211 2 278 124
b 187 2 346 71
b 187 3 346 71
b 9 2 433 46
m 9 1 2 433 46
m 9 133 2 433 46
m 9 159 2 433 46
b 9 3 433 46
m 9 1 3 7.5 70.69999999999999 0.3333333333333333
b 67 1 83 144
m 67 53 1 83 144
m 67 127 1 83 144
m 67 169 1 83 144
m 67 231 1 83 144
b 145 2 409 29
m 145 1 2 409 29
b 145 3 409 29
m 145 1 3 7.3 69.89999999999998 1.0
b 217 0 487 87
b 33 3 474 202
b 44 0 425 18
m 44 1 0 425 18
m 44 233 0 425 18
b 69 2 390 72
b 84 1 394 101
b 91 0 36 55
m 91 13 0 36 55
m 91 41 0 36 55
m 91 48 0 36 55
m 91 102 0 36 55
m 91 142 0 36 55
m 91 157 0 36 55
b 91 2 36 55
m 91 13 2 36 55
m 91 41 2 36 55
m 91 48 2 36 55
m 91 102 2 36 55
m 91 142 2 36 55
m 91 157 2 36 55
b 100 0 335 33
m 100 19 0 335 33
m 100 73 0 335 33
m 100 233 0 335 33
b 155 1 266 165
m 155 23 1 266 165
m 155 62 1 266 165
m 155 74 1 266 165
m 155 139 1 266 165
m 155 141 1 266 165
m 155 158 1 266 165
m 155 203 1 266 165
m 155 222 1 266 165
b 159 0 454 92
m 159 1 0 454 92
b 187 0 348 72
m 187 233 0 348 72
b 194 2 479 347
b 229 0 353 50
m 229 233 0 353 50
b 66 1 273 174
b 71 0 16 113
m 71 13 0 16 113
m 71 48 0 16 113
m 71 102 0 16 113
m 71 157 0 16 113
b 71 2 16 113
m 71 13 2 16 113
m 71 48 2 16 113
m 71 102 2 16 113
m 71 157 2 16 113
b 71 3 16 113
m 71 13 3 8.2 73.2 0.19364531756219816
m 71 48 3 8.2 73.2 0.19364531756219816
b 74 2 311 122
m 74 211 2 311 122
b 97 1 18 213
b 114 2 348 1
b 114 3 348 1
b 211 0 268 82
m 211 19 0 268 82
m 211 73 0 268 82
m 211 80 0 268 82
m 211 130 0 268 82
m 211 209 0 268 82
m 211 212 0 268 82
b 221 1 111 187
m 221 51 1 111 187
b 229 1 352 50
m 229 230 1 352 50
b 236 1 15 222
b 236 3 15 222
b 22 1 6 269
b 52 2 390 16
m 52 1 2 390 16
b 52 3 390 16
m 52 1 3 7.3 69.89999999999998 1.0
b 100 1 334 32
m 100 19 1 334 32
m 100 73 1 334 32
m 100 230 1 334 32
b 119 0 229 49
m 119 80 0 229 49
m 119 130 0 229 49
m 119 209 0 229 49
m 119 212 0 229 49
b 119 2 229 49
m 119 80 2 229 49
m 119 130 2 229 49
m 119 209 2 229 49
m 119 211 2 229 49
m 119 212 2 229 49
b 138 3 32 176
b 218 1 183 168
m 218 23 1 183 168
m 218 51 1 183 168
m 218 78 1 183 168
m 218 140 1 183 168
m 218 205 1 183 168
m 218 222 1 183 168
m 218 227 1 183 168
m 218 235 1 183 168
b 9 0 437 48
m 9 1 0 437 48
b 109 1 148 131
b 131 2 388 82
b 131 3 388 82
b 145 0 412 32
m 145 1 0 412 32
b 182 1 302 134
m 182 74 1 302 134
m 182 139 1 302 134
m 182 158 1 302 134
m 182 211 1 302 134
m 182 230 1 302 134
b 187 1 351 73
m 187 74 1 351 73
m 187 211 1 351 73
m 187 230 1 351 73
b 231 1 160 103
m 231 23 1 160 103
m 231 123 1 160 103
m 231 140 1 160 103
m 231 202 1 160 103
m 231 205 1 160 103
m 231 222 1 160 103
m 231 227 1 160 103
m 231 235 1 160 103
b 233 2 369 30
m 233 19 2 369 30
b 233 3 369 30
m 233 19 3 7.3 69.89999999999998 1.0
b 238 0 195 52
m 238 80 0 195 52
m 238 81 0 195 52
m 238 130 0 195 52
m 238 209 0 195 52
m 238 212 0 195 52
b 238 2 195 52
m 238 80 2 195 52
m 238 81 2 195 52
m 238 130 2 195 52
m 238 209 2 195 52
m 238 212 2 195 52
b 9 1 438 48
m 9 1 1 438 48
m 9 133 1 438 48
b 13 0 15 107
b 69 1 394 74
m 69 1 1 394 74
b 71 1 19 112
m 71 13 1 19 112
m 71 48 1 19 112
m 71 61 1 19 112
m 71 102 1 19 112
m 71 157 1 19 112
b 145 1 413 33
m 145 1 1 413 33
b 154 1 3 234
b 202 0 191 64
m 202 80 0 191 64
m 202 81 0 191 64
m 202 209 0 191 64
b 202 2 191 64
m 202 80 2 191 64
m 202 81 2 191 64
m 202 209 2 191 64
b 44 2 424 13
b 44 3 424 13
m 44 1 3 7.3 69.89999999999998 1.0
b 75 2 383 25
m 75 1 2 383 25
b 75 3 383 25
m 75 1 3 7.3 69.89999999999998 1.0
b 114 0 344 3
m 114 19 0 344 3
m 114 73 0 344 3
b 139 2 258 115
m 139 211 2 258 115
b 141 1 272 127
m 141 74 1 272 127
m 141 139 1 272 127
m 141 211 1 272 127
m 141 230 1 272 127
b 158 1 311 123
m 158 74 1 311 123
m 158 139 1 311 123
m 158 211 1 311 123
m 158 230 1 311 123
b 184 1 265 155
m 184 23 1 265 155
m 184 78 1 265 155
m 184 139 1 265 155
m 184 205 1 265 155
m 184 222 1 265 155
b 203 1 316 110
m 203 74 1 316 110
m 203 139 1 316 110
m 203 211 1 316 110
m 203 230 1 316 110
b 47 2 336 45
m 47 19 2 336 45
m 47 73 2 336 45
b 52 0 386 17
b 114 1 343 4
m 114 19 1 343 4
m 114 73 1 343 4
b 169 1 120 121
m 169 140 1 120 121
m 169 205 1 120 121
m 169 227 1 120 121
m 169 235 1 120 121
b 1 0 435 38
b 1 3 435 38
b 52 1 385 17
b 98 0 221 2
m 98 80 0 221 2
m 98 81 0 221 2
m 98 130 0 221 2
m 98 209 0 221 2
m 98 212 0 221 2
b 98 2 221 2
b 102 0 24 84
m 102 41 0 24 84
b 127 1 118 154
m 127 23 1 118 154
m 127 51 1 118 154
m 127 78 1 118 154
m 127 140 1 118 154
m 127 205 1 118 154
m 127 227 1 118 154
m 127 235 1 118 154
b 131 0 390 85
b 1 1 435 39
b 53 1 124 77
b 131 1 391 85
b 142 0 84 5
m 142 0 0 84 5
m 142 41 0 84 5
m 142 81 0 84 5
m 142 107 0 84 5
m 142 124 0 84 5
b 159 1 452 99
b 159 3 452 99
m 159 82 3 8.181818181818182 84.1818181818182 0.5
m 159 217 3 8.181818181818182 84.1818181818182 0.5
b 233 1 369 35
m 233 19 1 369 35
b 44 1 424 9
b 73 2 302 34
m 73 80 2 302 34
m 73 130 2 302 34
m 73 209 2 302 34
m 73 211 2 302 34
m 73 212 2 302 34
b 73 3 302 34
m 73 130 3 7.181818181818182 66.09090909090908 0.8066919293719261
m 73 80 3 7.181818181818182 66.09090909090908 0.8066919293719261
m 73 211 3 7.181818181818182 66.09090909090908 0.8066919293719261
m 73 209 3 7.181818181818182 66.09090909090908 0.8066919293719261
m 73 212 3 7.181818181818182 66.09090909090908 0.8066919293719261
b 75 1 383 21
b 133 1 476 58
b 233 0 369 36
m 233 19 0 369 36
b 48 0 10 26
m 48 41 0 10 26
b 72 0 109 16
m 72 0 0 109 16
m 72 41 0 109 16
m 72 107 0 109 16
m 72 124 0 109 16
b 82 1 478 74
b 138 1 37 170
b 202 3 190 70
m 202 98 3 6.818181818181817 58.09090909090909 0.5211773326819737
m 202 81 3 6.818181818181817 58.09090909090909 0.5211773326819737
m 202 209 3 6.818181818181817 58.09090909090909 0.5211773326819737
b 224 1 173 90
m 224 23 1 173 90
m 224 123 1 173 90
m 224 202 1 173 90
m 224 205 1 173 90
m 224 222 1 173 90
m 224 238 1 173 90
b 230 1 342 81
m 230 74 1 342 81
m 230 139 1 342 81
m 230 211 1 342 81
b 47 1 332 42
m 47 19 1 332 42
m 47 73 1 332 42
b 157 0 5 82
b 235 1 142 113
b 1 2 432 42
b 13 2 11 114
b 23 1 181 126
m 23 78 1 181 126
m 23 123 1 181 126
m 23 202 1 181 126
m 23 205 1 181 126
b 41 0 43 18
b 41 2 43 18
m 41 72 2 43 18
b 62 1 299 85
m 62 73 1 299 85
m 62 211 1 299 85
b 65 1 28 138
m 65 13 1 28 138
m 65 61 1 28 138
m 65 102 1 28 138
m 65 157 1 28 138
b 73 0 304 36
m 73 80 0 304 36
m 73 130 0 304 36
m 73 209 0 304 36
m 73 212 0 304 36
b 76 3 23 40
b 13 3 10 115
m 13 61 3 7.8181818181818175 68.0 0.05820791182464429
b 119 3 240 47
m 119 139 3 6.999999999999999 60.63636363636364 0.5606104884774891
m 119 238 3 6.999999999999999 60.63636363636364 0.5606104884774891
m 119 211 3 6.999999999999999 60.63636363636364 0.5606104884774891
m 119 212 3 6.999999999999999 60.63636363636364 0.5606104884774891
m 119 98 3 6.999999999999999 60.63636363636364 0.5606104884774891
b 133 2 479 60
b 211 2 265 93
b 73 1 306 37
m 73 80 1 306 37
m 73 130 1 306 37
m 73 209 1 306 37
m 73 211 1 306 37
m 73 212 1 306 37
b 74 3 321 130
m 74 158 3 7.090909090909089 63.45454545454545 0.676355132381191
m 74 139 3 7.090909090909089 63.45454545454545 0.676355132381191
m 74 211 3 7.090909090909089 63.45454545454545 0.676355132381191
b 217 1 492 101
b 227 1 158 123
b 102 2 30 90
b 140 1 174 163
b 142 2 81 12
m 142 0 2 81 12
m 142 72 2 81 12
m 142 107 2 81 12
m 142 124 2 81 12
b 212 0 256 2
b 13 1 9 117
b 159 2 450 107
m 159 82 2 450 107
m 159 217 2 450 107
b 212 2 255 2
b 19 2 318 4
b 19 3 318 4
m 19 130 3 7.0 64.63636363636363 0.6765930460197975
m 19 209 3 7.0 64.63636363636363 0.6765930460197975
m 19 212 3 7.0 64.63636363636363 0.6765930460197975
b 48 2 9 18
b 61 1 19 100
b 74 1 324 133
b 209 0 256 43
b 211 1 263 98
m 211 80 1 263 98
m 211 119 1 263 98
m 211 130 1 263 98
m 211 209 1 263 98
b 48 3 9 17
m 48 61 3 7.909090909090908 68.81818181818181 0.12390560867675651
b 102 1 32 93
m 102 41 1 32 93
m 102 76 1 32 93
m 102 91 1 32 93
b 157 2 9 89
b 209 2 257 44
b 0 0 95 2
b 51 1 132 199
b 222 1 233 158
b 19 0 320 3
b 78 1 202 184
b 80 0 218 41
b 107 0 101 4
b 202 1 187 81
m 202 80 1 187 81
m 202 119 1 187 81
m 202 238 1 187 81
b 205 1 166 161
b 48 1 9 14
m 48 41 1 9 14
m 48 76 1 9 14
m 48 91 1 9 14
b 80 2 217 41
b 130 0 277 18
b 139 1 242 122
m 139 119 1 242 122
b 19 1 322 2
b 82 3 465 74
b 130 2 277 17
b 157 1 11 92
b 212 3 248 3
b 81 0 155 18
b 81 2 155 18
b 211 3 262 104
m 211 158 3 6.666666666666666 60.66666666666666 1.0
b 123 1 209 54
b 158 3 324 139
b 209 3 263 46
b 0 2 89 3
b 61 3 11 104
b 124 0 87 16
b 217 3 497 113
b 238 1 171 47
m 238 72 1 171 47
m 238 81 1 171 47
m 238 98 1 171 47
m 238 119 1 171 47
b 107 2 94 4
b 212 1 243 3
m 212 98 1 243 3
m 212 119 1 243 3
b 72 2 126 23
b 80 3 211 44
b 130 3 283 13
b 238 3 168 47
m 238 72 3 6.499999999999998 55.66666666666667 1.0
b 41 1 53 34
m 41 0 1 53 34
m 41 72 1 53 34
m 41 107 1 53 34
m 41 124 1 53 34
m 41 142 1 53 34
b 81 3 152 25
m 81 72 3 6.583333333333332 54.583333333333336 0.2843806291445406
b 82 2 457 75
b 98 3 215 20
b 209 1 268 48
m 209 98 1 268 48
b 76 1 8 24
b 80 1 206 46
m 80 81 1 206 46
m 80 98 1 206 46
b 124 2 80 17
b 130 1 287 10
m 130 98 1 287 10
b 139 3 230 128
b 217 2 495 119
b 119 1 266 41
b 91 1 22 16
m 91 0 1 22 16
m 91 107 1 22 16
m 91 124 1 22 16
m 91 142 1 22 16
b 0 1 73 5
b 72 1 140 28
b 107 1 78 5
b 142 1 70 40
b 72 3 143 29
m 72 0 3 6.307692307692306 52.61538461538462 1.0
m 72 107 3 6.307692307692306 52.61538461538462 1.0
m 72 124 3 6.307692307692306 52.61538461538462 1.0
m 72 142 3 6.307692307692306 52.61538461538462 1.0
b 81 1 146 41
b 98 1 209 36
b 124 1 64 19
b 0 3 57 7
m 0 91 3 5.999999999999998 49.14285714285715 0.041132732162632246
b 107 3 62 5
m 107 91 3 5.999999999999998 49.14285714285715 0.041132732162632246
b 142 3 64 55
m 142 41 3 6.071428571428569 49.500000000000014 0.7009054784704576
m 142 91 3 6.071428571428569 49.500000000000014 0.7009054784704576
m 142 102 3 6.071428571428569 49.500000000000014 0.7009054784704576
b 124 3 48 20
m 124 91 3 5.999999999999998 49.14285714285715 0.041132732162632246
b 41 3 77 70
b 102 3 70 137
m 102 157 3 5.733333333333332 46.26666666666669 1.0
b 91 3 0 19
