Key: 
t: node change direction (node id, x, y, new direction)
s: node start location (node id, x, y, start direction, buffer)
m: message transfer (sender id, target id, messageType, sender x, sender y
b: broadcast (node id, message type, x, y)
15 191 346 33
s 0 84 389 138 17
s 1 101 377 137 9
s 2 56 274 296 3
s 3 152 383 88 9
s 4 90 316 246 13
s 5 297 275 91 17
s 6 97 353 353 5
s 7 155 284 84 7
s 8 96 245 333 11
s 9 241 71 234 4
s 10 134 186 266 9
s 11 166 421 70 12
s 12 154 425 91 7
s 13 362 72 92 20
s 14 446 220 181 10
s 15 231 294 225 3
s 16 35 298 258 14
s 17 378 349 315 17
s 18 28 255 240 15
s 19 187 271 233 19
s 20 327 253 18 11
s 21 358 273 336 22
s 22 422 68 186 8
s 23 0 4 119 6
s 24 254 414 129 0
s 25 379 186 48 8
s 26 38 51 219 13
s 27 318 18 228 19
s 28 401 349 123 1
s 29 433 485 121 17
s 30 49 316 287 21
s 31 146 263 291 2
s 32 2 291 233 14
s 33 260 63 196 0
s 34 143 372 307 4
s 35 407 167 138 17
s 36 57 141 68 20
s 37 63 411 148 16
s 38 34 278 244 8
s 39 476 229 152 12
s 40 267 153 73 18
s 41 84 39 140 6
s 42 79 315 293 10
s 43 94 146 326 17
s 44 94 373 134 19
s 45 223 456 11 11
s 46 158 4 145 2
s 47 338 188 1 6
s 48 177 491 146 16
s 49 398 45 138 19
s 50 177 355 11 9
s 51 134 200 221 20
s 52 387 403 264 7
s 53 22 434 178 19
s 54 33 30 116 22
s 55 53 89 114 21
s 56 456 364 315 17
s 57 443 306 193 13
s 58 339 127 316 13
s 59 358 474 58 0
s 60 354 171 113 1
s 61 339 77 237 0
s 62 408 14 270 4
s 63 47 426 279 10
s 64 2 409 339 11
s 65 8 405 294 10
s 66 130 200 207 7
s 67 305 244 352 3
s 68 330 306 34 8
s 69 123 209 319 10
s 70 341 372 77 0
s 71 15 191 107 7
s 72 325 304 130 13
s 73 385 166 221 10
s 74 127 259 299 12
s 75 155 326 211 4
s 76 393 432 345 22
s 77 170 25 20 22
s 78 161 138 26 3
s 79 64 296 178 16
s 80 162 98 319 12
s 81 60 121 167 0
s 82 272 233 264 2
s 83 233 374 270 2
s 84 277 385 93 5
s 85 280 88 95 21
s 86 296 421 292 10
s 87 416 449 343 8
s 88 265 396 169 7
s 89 353 462 97 11
s 90 89 66 62 12
s 91 457 367 293 8
s 92 172 165 64 22
s 93 345 260 308 16
s 94 140 417 210 22
s 95 369 105 221 5
s 96 432 61 193 3
s 97 374 21 351 12
s 98 280 387 228 4
s 99 266 216 83 1
s 100 288 67 95 11
s 101 43 385 6 0
s 102 271 109 252 14
s 103 345 250 160 20
s 104 2 176 310 18
s 105 272 420 68 3
s 106 304 36 42 0
s 107 155 63 100 18
s 108 247 80 331 3
s 109 421 226 96 14
s 110 467 371 1 1
s 111 471 384 188 6
s 112 163 170 238 12
s 113 391 179 107 3
s 114 210 467 335 19
s 115 70 450 267 18
s 116 425 241 354 11
s 117 300 222 215 16
s 118 64 337 305 21
s 119 274 201 11 21
s 120 33 120 171 14
s 121 55 177 248 2
s 122 74 203 146 8
s 123 77 166 173 1
s 124 45 287 358 8
s 125 43 287 197 7
s 126 351 20 292 0
s 127 192 93 243 3
s 128 114 349 147 20
s 129 356 6 15 8
s 130 56 145 300 2
s 131 297 217 67 18
s 132 409 30 172 14
s 133 341 2 223 3
s 134 317 292 24 2
s 135 221 221 333 19
s 136 318 116 301 22
s 137 402 363 298 14
s 138 188 151 99 10
s 139 253 472 202 2
s 140 319 69 292 6
s 141 344 158 343 7
s 142 172 444 198 16
s 143 154 33 230 11
s 144 428 258 146 15
s 145 166 265 270 15
s 146 150 424 7 2
s 147 395 170 109 16
s 148 316 0 47 16
s 149 19 242 153 17
s 150 213 195 357 6
s 151 489 218 89 5
s 152 453 311 144 9
s 153 134 492 101 10
s 154 397 389 336 0
s 155 193 108 209 12
s 156 39 479 27 13
s 157 314 87 57 14
s 158 220 135 203 3
s 159 203 227 129 7
s 160 456 248 48 10
s 161 137 275 309 10
s 162 147 343 181 0
s 163 298 430 151 17
s 164 92 77 176 2
s 165 272 28 34 11
s 166 189 195 338 5
s 167 224 106 203 18
s 168 97 95 144 18
s 169 329 407 23 3
s 170 344 313 165 11
s 171 430 94 261 8
s 172 460 4 350 13
s 173 403 23 144 16
s 174 336 392 240 10
s 175 41 11 145 9
s 176 210 316 193 1
s 177 434 34 271 21
s 178 348 147 209 22
s 179 246 190 36 0
s 180 119 406 51 12
s 181 238 343 110 2
s 182 437 195 229 11
s 183 49 408 159 6
s 184 391 475 297 19
s 185 486 36 57 5
s 186 221 31 183 21
s 187 67 427 242 15
s 188 126 58 16 13
s 189 95 34 176 15
s 190 194 4 49 6
s 191 300 82 128 8
s 192 188 325 201 12
s 193 418 38 273 13
s 194 116 199 167 4
s 195 2 220 0 9
s 196 90 408 268 4
s 197 239 7 17 11
s 198 419 337 266 0
s 199 19 195 25 14
s 200 114 76 39 21
s 201 492 195 10 21
s 202 378 289 257 7
s 203 84 443 60 7
s 204 54 43 55 22
s 205 224 213 148 12
s 206 497 475 264 12
s 207 311 272 20 15
s 208 310 234 356 11
s 209 162 26 71 11
s 210 122 359 100 2
s 211 194 24 23 17
s 212 441 283 175 14
s 213 350 493 118 20
s 214 166 403 260 9
s 215 147 117 45 12
s 216 346 33 134 14
s 217 123 214 252 2
s 218 145 252 352 20
s 219 160 206 135 6
s 220 348 231 77 10
s 221 254 336 9 7
s 222 313 43 51 17
s 223 327 271 144 0
s 224 230 83 53 19
s 225 378 399 348 21
s 226 184 100 259 19
s 227 42 394 230 0
s 228 85 215 144 2
s 229 337 360 145 14
s 230 94 383 159 20
s 231 252 270 48 21
s 232 362 15 138 17
s 233 336 102 68 6
s 234 126 383 135 9
s 235 245 168 119 1
s 236 496 225 256 14
s 237 295 10 170 13
s 238 311 232 294 19
s 239 440 73 0 17
b 71 0 11 203
m 71 18 0 11 203
m 71 36 0 11 203
m 71 104 0 11 203
m 71 120 0 11 203
m 71 121 0 11 203
m 71 122 0 11 203
m 71 123 0 11 203
m 71 130 0 11 203
m 71 149 0 11 203
m 71 195 0 11 203
m 71 199 0 11 203
m 71 228 0 11 203
b 71 1 11 203
m 71 18 1 11 203
m 71 36 1 11 203
m 71 104 1 11 203
m 71 120 1 11 203
m 71 121 1 11 203
m 71 122 1 11 203
m 71 123 1 11 203
m 71 130 1 11 203
m 71 149 1 11 203
m 71 195 1 11 203
m 71 199 1 11 203
m 71 228 1 11 203
b 71 2 11 203
m 71 18 2 11 203
m 71 36 2 11 203
m 71 104 2 11 203
m 71 120 2 11 203
m 71 121 2 11 203
m 71 122 2 11 203
m 71 123 2 11 203
m 71 130 2 11 203
m 71 149 2 11 203
m 71 195 2 11 203
m 71 199 2 11 203
m 71 228 2 11 203
b 71 3 11 203
m 71 18 3 12.0 144.0 1.0
m 71 36 3 12.0 144.0 1.0
m 71 104 3 12.0 144.0 1.0
m 71 120 3 12.0 144.0 1.0
m 71 121 3 12.0 144.0 1.0
m 71 122 3 12.0 144.0 1.0
m 71 123 3 12.0 144.0 1.0
m 71 130 3 12.0 144.0 1.0
m 71 149 3 12.0 144.0 1.0
m 71 195 3 12.0 144.0 1.0
m 71 199 3 12.0 144.0 1.0
m 71 228 3 12.0 144.0 1.0
b 123 0 51 169
m 123 43 0 51 169
m 123 55 0 51 169
m 123 81 0 51 169
m 123 194 0 51 169
b 123 1 51 169
m 123 43 1 51 169
m 123 55 1 51 169
m 123 81 1 51 169
m 123 194 1 51 169
b 123 2 51 169
b 123 3 51 169
m 123 81 3 11.0 123.0 0.7658402203856749
m 123 43 3 11.0 123.0 0.7658402203856749
b 121 0 45 152
m 121 55 0 45 152
m 121 81 0 45 152
m 121 194 0 45 152
b 121 1 45 152
b 121 2 45 152
b 121 3 45 152
b 130 0 70 121
m 130 43 0 70 121
m 130 55 0 70 121
m 130 81 0 70 121
m 130 90 0 70 121
m 130 164 0 70 121
m 130 168 0 70 121
b 130 1 70 121
m 130 43 1 70 121
m 130 55 1 70 121
m 130 81 1 70 121
m 130 90 1 70 121
m 130 164 1 70 121
m 130 168 1 70 121
b 130 2 70 121
b 130 3 70 121
m 130 43 3 10.0 108.0 0.21818181818181803
m 130 90 3 10.0 108.0 0.21818181818181803
b 228 0 64 231
m 228 2 0 64 231
m 228 8 0 64 231
m 228 38 0 64 231
m 228 51 0 64 231
m 228 66 0 64 231
m 228 69 0 64 231
m 228 74 0 64 231
m 228 124 0 64 231
m 228 194 0 64 231
m 228 217 0 64 231
b 228 1 64 231
m 228 2 1 64 231
m 228 8 1 64 231
m 228 38 1 64 231
m 228 51 1 64 231
m 228 66 1 64 231
m 228 69 1 64 231
m 228 74 1 64 231
m 228 124 1 64 231
m 228 194 1 64 231
m 228 217 1 64 231
b 228 2 64 231
b 228 3 64 231
m 228 2 3 12.0 144.0 1.0
m 228 8 3 12.0 144.0 1.0
m 228 38 3 12.0 144.0 1.0
m 228 51 3 12.0 144.0 1.0
m 228 66 3 12.0 144.0 1.0
m 228 69 3 12.0 144.0 1.0
m 228 74 3 12.0 144.0 1.0
m 228 124 3 12.0 144.0 1.0
m 228 194 3 12.0 144.0 1.0
m 228 217 3 12.0 144.0 1.0
b 122 0 47 221
m 122 2 0 47 221
m 122 8 0 47 221
m 122 16 0 47 221
m 122 38 0 47 221
m 122 51 0 47 221
m 122 66 0 47 221
m 122 124 0 47 221
m 122 194 0 47 221
m 122 217 0 47 221
b 122 1 47 221
m 122 2 1 47 221
m 122 8 1 47 221
m 122 16 1 47 221
m 122 38 1 47 221
m 122 51 1 47 221
m 122 66 1 47 221
m 122 124 1 47 221
m 122 194 1 47 221
m 122 217 1 47 221
b 122 2 47 221
m 122 2 2 47 221
m 122 8 2 47 221
m 122 16 2 47 221
m 122 38 2 47 221
m 122 51 2 47 221
m 122 66 2 47 221
m 122 124 2 47 221
m 122 194 2 47 221
m 122 217 2 47 221
b 122 3 47 221
m 122 2 3 11.333333333333334 129.33333333333334 0.8641711229946525
m 122 8 3 11.333333333333334 129.33333333333334 0.8641711229946525
m 122 51 3 11.333333333333334 129.33333333333334 0.8641711229946525
m 122 217 3 11.333333333333334 129.33333333333334 0.8641711229946525
m 122 124 3 11.333333333333334 129.33333333333334 0.8641711229946525
m 122 66 3 11.333333333333334 129.33333333333334 0.8641711229946525
m 122 16 3 11.333333333333334 129.33333333333334 0.8641711229946525
m 122 194 3 11.333333333333334 129.33333333333334 0.8641711229946525
b 195 0 36 220
m 195 2 0 36 220
m 195 16 0 36 220
m 195 38 0 36 220
m 195 125 0 36 220
m 195 194 0 36 220
b 195 1 36 220
m 195 2 1 36 220
m 195 16 1 36 220
m 195 38 1 36 220
m 195 125 1 36 220
m 195 194 1 36 220
b 195 2 36 220
b 195 3 36 220
m 195 125 3 9.666666666666666 104.33333333333333 0.2
m 195 194 3 9.666666666666666 104.33333333333333 0.2
b 81 0 23 130
m 81 54 0 23 130
m 81 164 0 23 130
m 81 168 0 23 130
b 81 1 23 130
m 81 54 1 23 130
m 81 164 1 23 130
m 81 168 1 23 130
b 81 3 23 130
m 81 55 3 9.5 98.5 0.26329356448973673
m 81 54 3 9.5 98.5 0.26329356448973673
b 120 0 5 122
b 120 1 5 122
b 120 2 5 122
m 120 55 2 5 122
m 120 81 2 5 122
b 120 3 5 122
b 199 0 54 211
m 199 16 0 54 211
b 199 1 54 211
m 199 16 1 54 211
b 199 2 54 211
b 199 3 54 211
m 199 16 3 8.333333333333334 96.33333333333333 1.0
b 18 0 8 221
m 18 16 0 8 221
m 18 30 0 8 221
m 18 79 0 8 221
m 18 125 0 8 221
b 18 1 8 221
b 18 2 8 221
m 18 2 2 8 221
m 18 16 2 8 221
m 18 30 2 8 221
m 18 38 2 8 221
m 18 79 2 8 221
m 18 125 2 8 221
b 18 3 8 221
m 18 16 3 9.333333333333334 101.33333333333333 0.25
m 18 79 3 9.333333333333334 101.33333333333333 0.25
b 164 0 51 80
m 164 41 0 51 80
m 164 54 0 51 80
m 164 175 0 51 80
m 164 189 0 51 80
m 164 204 0 51 80
b 164 1 51 80
m 164 41 1 51 80
m 164 54 1 51 80
m 164 175 1 51 80
m 164 189 1 51 80
m 164 204 1 51 80
b 217 0 110 175
m 217 10 0 110 175
m 217 31 0 110 175
m 217 92 0 110 175
m 217 112 0 110 175
m 217 138 0 110 175
m 217 145 0 110 175
m 217 215 0 110 175
m 217 219 0 110 175
b 217 1 110 175
m 217 10 1 110 175
m 217 31 1 110 175
m 217 92 1 110 175
m 217 112 1 110 175
m 217 138 1 110 175
m 217 145 1 110 175
m 217 215 1 110 175
m 217 219 1 110 175
b 217 3 110 175
m 217 10 3 11.0 124.0 0.5991735537190082
m 217 92 3 11.0 124.0 0.5991735537190082
m 217 145 3 11.0 124.0 0.5991735537190082
m 217 138 3 11.0 124.0 0.5991735537190082
m 217 215 3 11.0 124.0 0.5991735537190082
b 2 0 75 237
m 2 4 0 75 237
m 2 16 0 75 237
m 2 30 0 75 237
m 2 42 0 75 237
m 2 79 0 75 237
m 2 118 0 75 237
m 2 219 0 75 237
b 2 1 75 237
m 2 4 1 75 237
m 2 16 1 75 237
m 2 30 1 75 237
m 2 42 1 75 237
m 2 79 1 75 237
m 2 118 1 75 237
m 2 219 1 75 237
b 2 3 75 237
m 2 4 3 11.0 124.0 0.5991735537190082
m 2 79 3 11.0 124.0 0.5991735537190082
m 2 118 3 11.0 124.0 0.5991735537190082
m 2 219 3 11.0 124.0 0.5991735537190082
b 149 0 16 264
m 149 16 0 16 264
m 149 30 0 16 264
m 149 32 0 16 264
m 149 79 0 16 264
m 149 125 0 16 264
b 149 1 16 264
m 149 16 1 16 264
m 149 30 1 16 264
m 149 32 1 16 264
m 149 79 1 16 264
m 149 125 1 16 264
b 149 2 16 264
m 149 2 2 16 264
m 149 16 2 16 264
m 149 30 2 16 264
m 149 32 2 16 264
m 149 38 2 16 264
m 149 79 2 16 264
m 149 125 2 16 264
b 149 3 16 264
m 149 16 3 9.666666666666666 104.33333333333333 0.2
m 149 32 3 9.666666666666666 104.33333333333333 0.2
b 194 0 75 209
m 194 10 0 75 209
m 194 219 0 75 209
b 194 1 75 209
b 104 0 30 143
b 104 1 30 143
b 104 2 30 143
m 104 55 2 30 143
m 104 81 2 30 143
b 104 3 30 143
m 104 55 3 8.666666666666666 97.33333333333333 0.5
b 194 3 74 209
m 194 219 3 9.5 109.0 0.5
m 194 10 3 9.5 109.0 0.5
b 36 0 74 182
m 36 10 0 74 182
b 36 1 74 182
m 36 10 1 74 182
b 36 2 74 182
m 36 10 2 74 182
m 36 43 2 74 182
m 36 55 2 74 182
m 36 81 2 74 182
m 36 168 2 74 182
b 36 3 74 182
m 36 10 3 9.0 99.0 0.3333333333333333
b 66 0 89 179
m 66 10 0 89 179
m 66 112 0 89 179
m 66 219 0 89 179
b 66 1 89 179
m 66 10 1 89 179
m 66 112 1 89 179
m 66 219 1 89 179
b 66 3 89 179
m 66 10 3 10.0 112.0 0.25
m 66 219 3 10.0 112.0 0.25
b 38 0 14 236
m 38 30 0 14 236
m 38 79 0 14 236
b 38 1 14 236
m 38 30 1 14 236
m 38 79 1 14 236
b 38 3 14 236
m 38 30 3 10.0 112.0 0.25
b 124 0 92 285
m 124 4 0 92 285
m 124 30 0 92 285
m 124 42 0 92 285
m 124 75 0 92 285
m 124 79 0 92 285
m 124 118 0 92 285
m 124 162 0 92 285
b 124 1 92 285
m 124 4 1 92 285
m 124 30 1 92 285
m 124 42 1 92 285
m 124 75 1 92 285
m 124 79 1 92 285
m 124 118 1 92 285
m 124 162 1 92 285
b 124 3 92 285
m 124 162 3 11.0 124.0 0.5991735537190082
m 124 30 3 11.0 124.0 0.5991735537190082
m 124 75 3 11.0 124.0 0.5991735537190082
m 124 42 3 11.0 124.0 0.5991735537190082
b 217 2 108 170
b 2 2 77 231
m 2 4 2 77 231
m 2 30 2 77 231
m 2 42 2 77 231
m 2 74 2 77 231
m 2 118 2 77 231
m 2 219 2 77 231
b 69 0 160 177
m 69 10 0 160 177
m 69 31 0 160 177
m 69 78 0 160 177
m 69 92 0 160 177
m 69 112 0 160 177
m 69 138 0 160 177
m 69 145 0 160 177
m 69 158 0 160 177
m 69 166 0 160 177
m 69 205 0 160 177
m 69 215 0 160 177
m 69 219 0 160 177
b 69 1 160 177
b 69 3 160 177
m 69 10 3 12.75 164.25 1.0
m 69 31 3 12.75 164.25 1.0
m 69 78 3 12.75 164.25 1.0
m 69 92 3 12.75 164.25 1.0
m 69 112 3 12.75 164.25 1.0
m 69 138 3 12.75 164.25 1.0
m 69 145 3 12.75 164.25 1.0
m 69 158 3 12.75 164.25 1.0
m 69 166 3 12.75 164.25 1.0
m 69 205 3 12.75 164.25 1.0
m 69 215 3 12.75 164.25 1.0
m 69 219 3 12.75 164.25 1.0
b 194 2 68 210
b 8 0 140 222
m 8 19 0 140 222
m 8 31 0 140 222
m 8 42 0 140 222
m 8 92 0 140 222
m 8 138 0 140 222
m 8 145 0 140 222
m 8 159 0 140 222
m 8 161 0 140 222
m 8 205 0 140 222
m 8 218 0 140 222
m 8 219 0 140 222
b 8 1 140 222
m 8 19 1 140 222
m 8 31 1 140 222
m 8 42 1 140 222
m 8 92 1 140 222
m 8 138 1 140 222
m 8 145 1 140 222
m 8 159 1 140 222
m 8 161 1 140 222
m 8 205 1 140 222
m 8 218 1 140 222
m 8 219 1 140 222
b 8 3 140 222
m 8 19 3 11.75 138.25 0.9323017408123793
m 8 42 3 11.75 138.25 0.9323017408123793
m 8 218 3 11.75 138.25 0.9323017408123793
m 8 92 3 11.75 138.25 0.9323017408123793
m 8 159 3 11.75 138.25 0.9323017408123793
m 8 138 3 11.75 138.25 0.9323017408123793
m 8 205 3 11.75 138.25 0.9323017408123793
m 8 161 3 11.75 138.25 0.9323017408123793
m 8 145 3 11.75 138.25 0.9323017408123793
m 8 219 3 11.75 138.25 0.9323017408123793
m 8 31 3 11.75 138.25 0.9323017408123793
b 74 0 151 214
m 74 19 0 151 214
m 74 31 0 151 214
m 74 92 0 151 214
m 74 138 0 151 214
m 74 145 0 151 214
m 74 159 0 151 214
m 74 161 0 151 214
m 74 205 0 151 214
m 74 218 0 151 214
m 74 219 0 151 214
b 74 1 151 214
m 74 19 1 151 214
m 74 31 1 151 214
m 74 92 1 151 214
m 74 138 1 151 214
m 74 145 1 151 214
m 74 159 1 151 214
m 74 161 1 151 214
m 74 205 1 151 214
m 74 218 1 151 214
m 74 219 1 151 214
b 74 3 151 214
m 74 159 3 11.75 138.25 0.9323017408123793
m 74 218 3 11.75 138.25 0.9323017408123793
m 74 92 3 11.75 138.25 0.9323017408123793
m 74 219 3 11.75 138.25 0.9323017408123793
m 74 205 3 11.75 138.25 0.9323017408123793
m 74 138 3 11.75 138.25 0.9323017408123793
m 74 161 3 11.75 138.25 0.9323017408123793
m 74 31 3 11.75 138.25 0.9323017408123793
m 74 19 3 11.75 138.25 0.9323017408123793
m 74 145 3 11.75 138.25 0.9323017408123793
b 81 2 10 133
m 81 41 2 10 133
m 81 54 2 10 133
m 81 164 2 10 133
m 81 168 2 10 133
b 90 0 113 111
m 90 10 0 113 111
m 90 41 0 113 111
m 90 107 0 113 111
m 90 112 0 113 111
m 90 155 0 113 111
m 90 188 0 113 111
m 90 200 0 113 111
m 90 204 0 113 111
b 90 1 113 111
b 90 3 113 111
m 90 41 3 10.0 106.0 0.30812615955473077
m 90 164 3 10.0 106.0 0.30812615955473077
m 90 188 3 10.0 106.0 0.30812615955473077
m 90 168 3 10.0 106.0 0.30812615955473077
b 66 2 83 177
m 66 10 2 83 177
m 66 43 2 83 177
m 66 69 2 83 177
m 66 74 2 83 177
m 66 112 2 83 177
m 66 168 2 83 177
m 66 219 2 83 177
b 38 2 11 231
b 124 2 98 285
m 124 4 2 98 285
m 124 42 2 98 285
m 124 75 2 98 285
m 124 118 2 98 285
m 124 162 2 98 285
m 124 192 2 98 285
m 124 219 2 98 285
b 125 0 7 269
m 125 32 0 7 269
b 125 1 7 269
b 125 3 7 269
m 125 30 3 7.75 79.25 0.5
m 125 32 3 7.75 79.25 0.5
b 31 0 166 212
m 31 15 0 166 212
m 31 19 0 166 212
m 31 159 0 166 212
m 31 161 0 166 212
m 31 205 0 166 212
m 31 218 0 166 212
b 31 1 166 212
b 43 0 140 116
m 43 107 0 140 116
m 43 155 0 140 116
m 43 158 0 140 116
m 43 167 0 140 116
m 43 188 0 140 116
m 43 200 0 140 116
m 43 209 0 140 116
b 43 1 140 116
m 43 107 1 140 116
m 43 155 1 140 116
m 43 158 1 140 116
m 43 167 1 140 116
m 43 188 1 140 116
m 43 200 1 140 116
m 43 209 1 140 116
b 43 3 140 116
m 43 107 3 10.75 117.25 0.8610295800042099
m 43 168 3 10.75 117.25 0.8610295800042099
m 43 188 3 10.75 117.25 0.8610295800042099
m 43 209 3 10.75 117.25 0.8610295800042099
m 43 167 3 10.75 117.25 0.8610295800042099
m 43 155 3 10.75 117.25 0.8610295800042099
m 43 158 3 10.75 117.25 0.8610295800042099
m 43 200 3 10.75 117.25 0.8610295800042099
b 8 2 146 219
m 8 15 2 146 219
m 8 19 2 146 219
m 8 31 2 146 219
m 8 42 2 146 219
m 8 69 2 146 219
m 8 74 2 146 219
m 8 92 2 146 219
m 8 138 2 146 219
m 8 145 2 146 219
m 8 159 2 146 219
m 8 161 2 146 219
m 8 205 2 146 219
m 8 218 2 146 219
m 8 219 2 146 219
b 168 0 51 129
b 168 1 51 129
b 16 0 23 240
b 16 1 23 240
b 16 2 23 240
b 16 3 23 240
b 41 0 39 77
b 41 1 39 77
b 51 0 90 161
b 51 1 90 161
b 51 3 90 161
m 51 168 3 9.5 109.0 0.5
m 51 112 3 9.5 109.0 0.5
b 55 0 29 143
b 55 1 29 143
b 125 2 12 265
b 162 0 88 342
m 162 1 0 88 342
m 162 6 0 88 342
m 162 7 0 88 342
m 162 64 0 88 342
m 162 65 0 88 342
m 162 94 0 88 342
m 162 101 0 88 342
m 162 128 0 88 342
m 162 176 0 88 342
m 162 192 0 88 342
m 162 196 0 88 342
m 162 210 0 88 342
m 162 214 0 88 342
b 162 1 88 342
m 162 1 1 88 342
m 162 6 1 88 342
m 162 7 1 88 342
m 162 64 1 88 342
m 162 65 1 88 342
m 162 94 1 88 342
m 162 101 1 88 342
m 162 128 1 88 342
m 162 176 1 88 342
m 162 192 1 88 342
m 162 196 1 88 342
m 162 210 1 88 342
m 162 214 1 88 342
b 162 3 88 342
m 162 6 3 12.200000000000001 157.0 0.8725729166174443
m 162 64 3 12.200000000000001 157.0 0.8725729166174443
m 162 1 3 12.200000000000001 157.0 0.8725729166174443
m 162 65 3 12.200000000000001 157.0 0.8725729166174443
m 162 7 3 12.200000000000001 157.0 0.8725729166174443
m 162 94 3 12.200000000000001 157.0 0.8725729166174443
m 162 101 3 12.200000000000001 157.0 0.8725729166174443
m 162 210 3 12.200000000000001 157.0 0.8725729166174443
m 162 176 3 12.200000000000001 157.0 0.8725729166174443
m 162 214 3 12.200000000000001 157.0 0.8725729166174443
m 162 192 3 12.200000000000001 157.0 0.8725729166174443
m 162 128 3 12.200000000000001 157.0 0.8725729166174443
b 219 0 118 247
m 219 19 0 118 247
m 219 159 0 118 247
m 219 161 0 118 247
m 219 205 0 118 247
b 219 1 118 247
m 219 19 1 118 247
m 219 159 1 118 247
m 219 161 1 118 247
m 219 205 1 118 247
b 219 3 117 248
m 219 19 3 10.200000000000001 109.0 0.5526696892462829
m 219 159 3 10.200000000000001 109.0 0.5526696892462829
b 10 0 130 124
m 10 107 0 130 124
m 10 155 0 130 124
m 10 167 0 130 124
m 10 200 0 130 124
b 10 1 130 124
m 10 107 1 130 124
m 10 155 1 130 124
m 10 158 1 130 124
m 10 167 1 130 124
m 10 200 1 130 124
b 10 3 130 124
m 10 107 3 9.8 104.2 0.29940281532052593
m 10 167 3 9.8 104.2 0.29940281532052593
b 175 0 13 41
m 175 26 0 13 41
b 175 1 13 41
m 175 26 1 13 41
b 31 3 169 204
m 31 15 3 10.6 132.20000000000002 0.5
m 31 235 3 10.6 132.20000000000002 0.5
b 75 0 101 294
m 75 7 0 101 294
m 75 176 0 101 294
m 75 192 0 101 294
m 75 196 0 101 294
b 75 1 101 294
m 75 7 1 101 294
m 75 176 1 101 294
m 75 192 1 101 294
m 75 196 1 101 294
b 75 3 101 294
m 75 176 3 10.200000000000001 109.0 0.5526696892462829
m 75 192 3 10.200000000000001 109.0 0.5526696892462829
b 138 0 179 213
m 138 15 0 179 213
m 138 235 0 179 213
b 138 1 179 213
b 138 3 179 213
m 138 15 3 9.200000000000001 100.0 0.5
m 138 235 3 9.200000000000001 100.0 0.5
b 42 0 104 257
m 42 176 0 104 257
m 42 192 0 104 257
b 42 1 104 257
m 42 176 1 104 257
m 42 192 1 104 257
b 78 0 219 166
m 78 82 0 219 166
m 78 85 0 219 166
m 78 117 0 219 166
m 78 135 0 219 166
m 78 150 0 219 166
m 78 191 0 219 166
m 78 224 0 219 166
m 78 235 0 219 166
b 78 3 219 166
m 78 135 3 12.0 147.6 0.41501650165016524
m 78 150 3 12.0 147.6 0.41501650165016524
m 78 224 3 12.0 147.6 0.41501650165016524
b 158 0 161 110
m 158 167 0 161 110
m 158 209 0 161 110
m 158 226 0 161 110
b 158 3 161 110
m 158 155 3 11.799999999999999 144.20000000000002 0.2294638362141297
b 51 2 85 157
b 112 0 128 115
m 112 167 0 128 115
m 112 209 0 128 115
b 112 1 128 115
m 112 107 1 128 115
m 112 155 1 128 115
m 112 158 1 128 115
m 112 167 1 128 115
m 112 188 1 128 115
m 112 200 1 128 115
m 112 209 1 128 115
b 162 2 82 342
m 162 6 2 82 342
m 162 7 2 82 342
m 162 63 2 82 342
m 162 64 2 82 342
m 162 65 2 82 342
m 162 94 2 82 342
m 162 101 2 82 342
m 162 128 2 82 342
m 162 196 2 82 342
m 162 214 2 82 342
b 164 2 27 81
b 164 3 27 81
m 164 204 3 9.0 89.8 0.03994227994227989
b 215 0 193 163
m 215 167 0 193 163
m 215 235 0 193 163
b 215 1 193 163
m 215 78 1 193 163
m 215 107 1 193 163
m 215 158 1 193 163
m 215 166 1 193 163
m 215 167 1 193 163
m 215 200 1 193 163
m 215 235 1 193 163
b 215 3 193 163
m 215 167 3 9.600000000000001 102.4 0.07069894439162358
b 10 2 130 120
b 166 0 250 170
m 166 40 0 250 170
m 166 82 0 250 170
m 166 85 0 250 170
m 166 100 0 250 170
m 166 117 0 250 170
m 166 135 0 250 170
m 166 150 0 250 170
m 166 179 0 250 170
m 166 191 0 250 170
m 166 224 0 250 170
m 166 235 0 250 170
b 166 3 250 170
m 166 40 3 12.399999999999999 155.6 0.6746900496501262
m 166 85 3 12.399999999999999 155.6 0.6746900496501262
m 166 179 3 12.399999999999999 155.6 0.6746900496501262
m 166 100 3 12.399999999999999 155.6 0.6746900496501262
m 166 235 3 12.399999999999999 155.6 0.6746900496501262
m 166 224 3 12.399999999999999 155.6 0.6746900496501262
m 166 191 3 12.399999999999999 155.6 0.6746900496501262
m 166 135 3 12.399999999999999 155.6 0.6746900496501262
b 219 2 113 252
b 4 0 63 255
b 4 1 63 255
b 4 3 63 255
b 32 0 45 335
m 32 63 0 45 335
m 32 64 0 45 335
m 32 65 0 45 335
m 32 115 0 45 335
m 32 128 0 45 335
m 32 187 0 45 335
m 32 196 0 45 335
m 32 227 0 45 335
b 32 1 45 335
b 32 2 45 335
m 32 63 2 45 335
m 32 64 2 45 335
m 32 65 2 45 335
m 32 115 2 45 335
m 32 128 2 45 335
m 32 187 2 45 335
m 32 196 2 45 335
m 32 227 2 45 335
b 32 3 45 335
m 32 64 3 9.25 94.25 0.2827084126379901
m 32 128 3 9.25 94.25 0.2827084126379901
m 32 115 3 9.25 94.25 0.2827084126379901
b 79 0 5 299
m 79 65 0 5 299
m 79 227 0 5 299
b 79 2 5 299
b 79 3 5 299
m 79 227 3 7.5 77.0 0.029951690821255927
b 145 0 166 197
m 145 235 0 166 197
b 145 1 166 197
b 145 3 166 197
m 145 15 3 9.200000000000001 100.0 0.5
m 145 235 3 9.200000000000001 100.0 0.5
b 189 0 27 38
m 189 23 0 27 38
m 189 26 0 27 38
m 189 46 0 27 38
b 189 1 27 38
b 41 2 31 83
m 41 26 2 31 83
m 41 175 2 31 83
m 41 189 2 31 83
m 41 204 2 31 83
b 41 3 31 83
m 41 204 3 9.0 89.8 0.03994227994227989
b 42 3 106 252
m 42 192 3 9.200000000000001 100.0 0.5
m 42 176 3 9.200000000000001 100.0 0.5
b 75 2 96 290
m 75 176 2 96 290
m 75 196 2 96 290
b 159 0 160 281
m 159 34 0 160 281
m 159 176 0 160 281
m 159 192 0 160 281
b 159 1 160 281
b 159 3 160 281
m 159 34 3 11.0 123.39999999999999 0.6479128599934253
m 159 176 3 11.0 123.39999999999999 0.6479128599934253
b 15 0 182 245
m 15 34 0 182 245
m 15 176 0 182 245
m 15 235 0 182 245
b 31 2 172 198
b 42 2 106 251
m 42 176 2 106 251
b 79 1 7 299
m 79 65 1 7 299
m 79 227 1 7 299
b 158 1 156 108
b 15 2 181 244
b 55 3 24 154
b 101 0 114 392
m 101 0 0 114 392
m 101 63 0 114 392
m 101 115 0 114 392
m 101 142 0 114 392
m 101 153 0 114 392
m 101 234 0 114 392
b 101 1 114 392
b 101 3 114 392
m 101 63 3 12.166666666666668 154.83333333333334 0.5238761461217548
m 101 115 3 12.166666666666668 154.83333333333334 0.5238761461217548
m 101 0 3 12.166666666666668 154.83333333333334 0.5238761461217548
m 101 142 3 12.166666666666668 154.83333333333334 0.5238761461217548
m 101 153 3 12.166666666666668 154.83333333333334 0.5238761461217548
b 54 0 2 95
m 54 26 0 2 95
b 54 1 2 95
b 54 3 2 95
m 54 26 3 8.2 80.6 0.11301876857013547
b 55 2 24 155
b 74 2 162 196
m 74 215 2 162 196
b 161 0 182 219
m 161 235 0 182 219
b 161 1 182 219
m 161 15 1 182 219
m 161 235 1 182 219
b 161 3 182 219
m 161 15 3 9.8 111.39999999999999 0.5
m 161 235 3 9.8 111.39999999999999 0.5
b 176 0 140 299
m 176 34 0 140 299
b 176 1 140 299
b 176 3 140 299
m 176 34 3 10.500000000000002 131.5 0.5
m 176 15 3 10.500000000000002 131.5 0.5
b 4 2 61 249
b 30 0 71 247
b 30 2 71 247
b 112 3 124 109
m 112 204 3 10.399999999999999 131.6 1.0
b 205 0 162 251
m 205 235 0 162 251
b 205 3 162 251
m 205 15 3 10.6 132.20000000000002 0.5
m 205 235 3 10.6 132.20000000000002 0.5
b 210 0 109 431
m 210 0 0 109 431
m 210 3 0 109 431
m 210 48 0 109 431
m 210 115 0 109 431
m 210 142 0 109 431
m 210 153 0 109 431
m 210 180 0 109 431
m 210 234 0 109 431
b 210 1 109 431
b 210 3 109 431
m 210 48 3 11.833333333333334 147.5 0.31227192219823047
m 210 3 3 11.833333333333334 147.5 0.31227192219823047
m 210 142 3 11.833333333333334 147.5 0.31227192219823047
m 210 0 3 11.833333333333334 147.5 0.31227192219823047
b 43 2 156 105
b 69 2 178 161
m 69 78 2 178 161
m 69 90 2 178 161
m 69 107 2 178 161
m 69 158 2 178 161
m 69 200 2 178 161
m 69 215 2 178 161
b 205 1 162 252
b 30 1 71 245
b 92 0 204 232
b 92 1 204 232
b 92 3 204 232
m 92 117 3 9.0 99.4 1.0
b 118 0 107 275
b 118 1 107 275
b 118 3 107 275
m 118 196 3 9.0 99.4 1.0
b 155 0 127 72
m 155 33 0 127 72
m 155 46 0 127 72
m 155 127 0 127 72
m 155 143 0 127 72
m 155 186 0 127 72
m 155 226 0 127 72
b 159 2 156 286
m 159 34 2 156 286
m 159 176 2 156 286
m 159 214 2 156 286
b 168 2 36 139
b 196 0 88 333
m 196 63 0 88 333
m 196 115 0 88 333
m 196 187 0 88 333
b 196 1 88 333
m 196 63 1 88 333
m 196 115 1 88 333
m 196 187 1 88 333
b 204 0 97 104
m 204 46 0 97 104
b 204 1 97 104
m 204 46 1 97 104
b 6 0 172 344
m 6 34 0 172 344
m 6 98 0 172 344
b 6 1 172 344
m 6 34 1 172 344
m 6 98 1 172 344
b 6 3 172 344
m 6 34 3 10.666666666666668 132.33333333333334 0.3333333333333333
b 112 2 122 106
m 112 90 2 122 106
m 112 107 2 122 106
m 112 155 2 122 106
m 112 158 2 122 106
m 112 167 2 122 106
m 112 188 2 122 106
m 112 200 2 122 106
m 112 204 2 122 106
m 112 209 2 122 106
b 188 0 199 79
m 188 9 0 199 79
m 188 33 0 199 79
m 188 77 0 199 79
m 188 80 0 199 79
m 188 127 0 199 79
m 188 186 0 199 79
m 188 190 0 199 79
b 188 3 199 79
m 188 33 3 10.2 109.0 0.33362025802056333
m 188 9 3 10.2 109.0 0.33362025802056333
m 188 77 3 10.2 109.0 0.33362025802056333
m 188 186 3 10.2 109.0 0.33362025802056333
b 235 0 209 234
m 235 40 0 209 234
b 235 3 209 234
m 235 117 3 9.166666666666668 110.83333333333336 0.5165968899521531
m 235 40 3 9.166666666666668 110.83333333333336 0.5165968899521531
b 101 2 120 393
b 192 2 116 297
b 7 0 163 362
m 7 34 0 163 362
m 7 88 0 163 362
b 7 1 163 362
b 7 3 163 362
b 15 3 176 239
m 15 34 3 9.0 110.33333333333336 0.0185185185185186
b 82 0 263 156
m 82 216 0 263 156
b 138 2 176 228
m 138 78 2 176 228
m 138 215 2 176 228
m 138 235 2 176 228
b 161 2 186 214
m 161 78 2 186 214
m 161 215 2 186 214
m 161 235 2 186 214
b 179 0 309 236
m 179 35 0 309 236
m 179 60 0 309 236
m 179 103 0 309 236
m 179 119 0 309 236
m 179 131 0 309 236
m 179 147 0 309 236
m 179 202 0 309 236
m 179 238 0 309 236
b 179 3 309 236
m 179 117 3 12.499999999999998 157.83333333333331 0.7746187881884796
m 179 82 3 12.499999999999998 157.83333333333331 0.7746187881884796
m 179 238 3 12.499999999999998 157.83333333333331 0.7746187881884796
m 179 147 3 12.499999999999998 157.83333333333331 0.7746187881884796
m 179 202 3 12.499999999999998 157.83333333333331 0.7746187881884796
m 179 131 3 12.499999999999998 157.83333333333331 0.7746187881884796
m 179 103 3 12.499999999999998 157.83333333333331 0.7746187881884796
m 179 119 3 12.499999999999998 157.83333333333331 0.7746187881884796
b 209 0 188 100
m 209 9 0 188 100
m 209 33 0 188 100
m 209 77 0 188 100
m 209 80 0 188 100
m 209 186 0 188 100
b 209 1 188 100
m 209 9 1 188 100
m 209 33 1 188 100
m 209 77 1 188 100
m 209 80 1 188 100
m 209 186 1 188 100
m 209 226 1 188 100
b 209 3 188 100
m 209 33 3 10.2 106.6 0.6953113074833774
m 209 9 3 10.2 106.6 0.6953113074833774
m 209 186 3 10.2 106.6 0.6953113074833774
m 209 226 3 10.2 106.6 0.6953113074833774
m 209 77 3 10.2 106.6 0.6953113074833774
b 235 1 208 236
m 235 15 1 208 236
m 235 40 1 208 236
m 235 117 1 208 236
b 155 1 124 70
m 155 33 1 124 70
m 155 46 1 124 70
m 155 127 1 124 70
m 155 143 1 124 70
m 155 186 1 124 70
m 155 226 1 124 70
b 155 3 124 70
m 155 33 3 9.799999999999999 101.0 0.37404504318665177
m 155 226 3 9.799999999999999 101.0 0.37404504318665177
m 155 127 3 9.799999999999999 101.0 0.37404504318665177
b 1 0 43 432
m 1 0 0 43 432
m 1 37 0 43 432
m 1 44 0 43 432
m 1 53 0 43 432
m 1 142 0 43 432
m 1 156 0 43 432
m 1 183 0 43 432
m 1 230 0 43 432
m 1 234 0 43 432
b 1 1 43 432
m 1 0 1 43 432
m 1 37 1 43 432
m 1 44 1 43 432
m 1 53 1 43 432
m 1 63 1 43 432
m 1 115 1 43 432
m 1 142 1 43 432
m 1 156 1 43 432
m 1 183 1 43 432
m 1 187 1 43 432
m 1 230 1 43 432
m 1 234 1 43 432
b 1 3 43 432
m 1 63 3 12.000000000000002 151.0 0.4290643214318974
m 1 187 3 12.000000000000002 151.0 0.4290643214318974
m 1 142 3 12.000000000000002 151.0 0.4290643214318974
m 1 37 3 12.000000000000002 151.0 0.4290643214318974
m 1 156 3 12.000000000000002 151.0 0.4290643214318974
b 30 3 73 240
b 78 1 233 173
b 188 1 203 80
m 188 9 1 203 80
m 188 33 1 203 80
m 188 77 1 203 80
m 188 80 1 203 80
m 188 127 1 203 80
m 188 186 1 203 80
m 188 190 1 203 80
m 188 226 1 203 80
m 188 237 1 203 80
b 205 2 156 255
m 205 34 2 156 255
m 205 235 2 156 255
b 214 0 152 324
b 214 1 152 324
m 214 34 1 152 324
b 214 3 152 324
m 214 196 3 10.333333333333334 131.0 1.0
b 227 0 15 355
b 227 2 15 355
b 227 3 15 355
b 19 0 138 206
b 19 1 138 206
m 19 15 1 138 206
b 19 3 138 206
b 65 0 41 331
b 65 1 41 331
m 65 63 1 41 331
m 65 115 1 41 331
m 65 187 1 41 331
m 65 227 1 41 331
b 65 3 41 331
m 65 63 3 11.000000000000002 135.0 0.2
b 107 0 141 143
b 118 2 110 270
b 168 3 32 143
b 196 2 88 327
b 6 2 178 343
m 6 34 2 178 343
m 6 88 2 178 343
m 6 98 2 178 343
b 46 0 91 51
m 46 127 0 91 51
m 46 143 0 91 51
m 46 186 0 91 51
b 64 0 79 379
m 64 0 0 79 379
m 64 44 0 79 379
m 64 53 0 79 379
m 64 142 0 79 379
m 64 230 0 79 379
m 64 234 0 79 379
b 64 1 79 379
m 64 0 1 79 379
m 64 44 1 79 379
m 64 53 1 79 379
m 64 63 1 79 379
m 64 115 1 79 379
m 64 142 1 79 379
m 64 187 1 79 379
m 64 230 1 79 379
m 64 234 1 79 379
b 64 3 79 379
m 64 53 3 11.833333333333334 147.5 0.31227192219823047
m 64 44 3 11.833333333333334 147.5 0.31227192219823047
m 64 63 3 11.833333333333334 147.5 0.31227192219823047
m 64 0 3 11.833333333333334 147.5 0.31227192219823047
b 150 0 295 191
m 150 60 0 295 191
m 150 119 0 295 191
m 150 238 0 295 191
b 150 3 295 191
m 150 117 3 11.0 129.0 0.23906018920476133
m 150 60 3 11.0 129.0 0.23906018920476133
b 166 1 265 164
b 176 2 130 297
m 176 34 2 130 297
b 218 0 227 241
m 218 83 0 227 241
m 218 99 0 227 241
m 218 103 0 227 241
b 218 1 227 241
b 218 3 227 241
m 218 83 3 10.200000000000001 113.8 0.25
m 218 99 3 10.200000000000001 113.8 0.25
b 227 1 16 356
b 145 2 166 182
m 145 78 2 166 182
m 145 107 2 166 182
m 145 200 2 166 182
m 145 235 2 166 182
b 192 0 111 295
b 192 1 111 295
m 192 34 1 111 295
b 192 3 111 295
m 192 196 3 10.333333333333334 131.0 1.0
b 7 2 164 368
b 191 0 248 148
m 191 216 0 248 148
b 200 0 179 128
b 34 0 194 305
m 34 83 0 194 305
m 34 98 0 194 305
b 34 3 194 305
m 34 98 3 9.5 103.5 0.5
m 34 83 3 9.5 103.5 0.5
b 54 2 5 107
b 107 1 140 147
b 107 3 140 147
b 167 0 145 73
m 167 33 0 145 73
m 167 127 0 145 73
m 167 143 0 145 73
m 167 186 0 145 73
b 167 1 145 73
m 167 33 1 145 73
m 167 46 1 145 73
m 167 127 1 145 73
m 167 143 1 145 73
m 167 186 1 145 73
m 167 226 1 145 73
b 167 3 145 73
m 167 226 3 10.0 103.6 0.5599290950852328
m 167 46 3 10.0 103.6 0.5599290950852328
m 167 127 3 10.0 103.6 0.5599290950852328
b 23 0 86 11
m 23 143 0 86 11
b 191 3 247 150
m 191 216 3 12.399999999999999 155.6 -1.0
b 214 2 151 318
b 15 1 170 233
b 19 2 134 201
m 19 235 2 134 201
b 26 0 14 56
b 26 1 14 56
b 33 0 176 39
m 33 9 0 176 39
m 33 27 0 176 39
m 33 77 0 176 39
m 33 80 0 176 39
m 33 102 0 176 39
m 33 190 0 176 39
m 33 237 0 176 39
b 63 2 61 340
m 63 53 2 61 340
m 63 183 2 61 340
m 63 230 2 61 340
b 65 2 44 325
b 33 3 175 39
m 33 190 3 9.833333333333334 101.5 0.2257625661841789
m 33 143 3 9.833333333333334 101.5 0.2257625661841789
b 64 2 85 377
m 64 1 2 85 377
m 64 53 2 85 377
m 64 142 2 85 377
m 64 210 2 85 377
m 64 234 2 85 377
b 200 1 182 131
b 200 3 182 131
b 218 2 232 240
m 218 40 2 232 240
m 218 83 2 232 240
m 218 103 2 232 240
m 218 117 2 232 240
m 218 235 2 232 240
b 46 1 86 55
b 78 2 241 177
m 78 82 2 241 177
m 78 85 2 241 177
m 78 100 2 241 177
m 78 117 2 241 177
m 78 135 2 241 177
m 78 150 2 241 177
m 78 166 2 241 177
m 78 191 2 241 177
m 78 224 2 241 177
m 78 235 2 241 177
b 100 0 280 155
m 100 216 0 280 155
b 100 3 280 155
m 100 216 3 12.399999999999999 155.6 -1.0
b 158 2 138 100
m 158 143 2 138 100
b 33 1 173 38
m 33 27 1 173 38
m 33 102 1 173 38
m 33 127 1 173 38
m 33 143 1 173 38
m 33 190 1 173 38
m 33 237 1 173 38
b 63 0 61 337
m 63 53 0 61 337
m 63 183 0 61 337
b 92 2 211 246
m 92 83 2 211 246
m 92 117 2 211 246
b 127 0 151 12
b 175 2 41 45
b 34 2 198 300
m 34 83 2 198 300
m 34 98 2 198 300
m 34 223 2 198 300
b 60 0 318 255
m 60 14 0 318 255
m 60 57 0 318 255
m 60 67 0 318 255
m 60 113 0 318 255
m 60 208 0 318 255
m 60 212 0 318 255
b 128 0 38 399
b 128 1 38 399
b 128 3 38 399
m 128 53 3 11.000000000000002 135.0 0.2
m 128 44 3 11.000000000000002 135.0 0.2
b 196 3 87 317
b 235 2 201 248
m 235 83 2 201 248
m 235 103 2 201 248
m 235 117 2 201 248
b 9 0 189 5
m 9 27 0 189 5
m 9 102 0 189 5
m 9 237 0 189 5
b 9 3 189 5
m 9 27 3 9.166666666666666 93.5 0.25
m 9 102 3 9.166666666666666 93.5 0.25
b 34 1 199 299
m 34 83 1 199 299
m 34 223 1 199 299
b 82 3 262 142
m 82 216 3 12.499999999999998 157.83333333333331 -1.0
b 98 0 218 318
m 98 50 0 218 318
m 98 72 0 218 318
m 98 83 0 218 318
m 98 99 0 218 318
m 98 170 0 218 318
m 98 223 0 218 318
b 98 1 218 318
m 98 50 1 218 318
m 98 72 1 218 318
m 98 83 1 218 318
m 98 99 1 218 318
m 98 103 1 218 318
m 98 170 1 218 318
m 98 223 1 218 318
b 117 0 225 169
b 234 0 61 448
b 63 3 62 334
m 63 53 3 10.714285714285715 133.2857142857143 0.5
m 63 183 3 10.714285714285715 133.2857142857143 0.5
b 94 0 59 370
b 94 1 59 370
b 94 3 59 370
m 94 183 3 10.666666666666668 132.33333333333334 0.3333333333333333
b 153 0 145 412
m 153 12 0 145 412
m 153 139 0 145 412
m 153 181 0 145 412
b 153 3 145 412
m 153 88 3 11.142857142857142 136.2857142857143 0.2
m 153 12 3 11.142857142857142 136.2857142857143 0.2
b 3 0 156 477
m 3 11 0 156 477
m 3 12 0 156 477
m 3 24 0 156 477
m 3 139 0 156 477
m 3 163 0 156 477
m 3 181 0 156 477
m 3 203 0 156 477
b 3 3 156 477
m 3 181 3 11.428571428571429 138.0 0.28937155498542677
m 3 88 3 11.428571428571429 138.0 0.28937155498542677
m 3 163 3 11.428571428571429 138.0 0.28937155498542677
b 9 1 190 7
m 9 27 1 190 7
m 9 102 1 190 7
b 26 2 16 62
b 127 1 150 9
m 127 23 1 150 9
b 127 3 150 9
m 127 46 3 9.0 88.33333333333334 0.32293284527752064
b 190 0 256 75
m 190 216 0 256 75
b 60 3 317 259
m 60 35 3 10.428571428571429 117.57142857142857 0.28187043039075443
m 60 14 3 10.428571428571429 117.57142857142857 0.28187043039075443
b 99 0 278 310
m 99 5 0 278 310
m 99 50 0 278 310
m 99 72 0 278 310
m 99 86 0 278 310
m 99 170 0 278 310
m 99 174 0 278 310
m 99 223 0 278 310
m 99 231 0 278 310
b 99 3 278 310
m 99 72 3 10.000000000000002 108.33333333333333 0.39242814242814245
m 99 170 3 10.000000000000002 108.33333333333333 0.39242814242814245
m 99 50 3 10.000000000000002 108.33333333333333 0.39242814242814245
m 99 174 3 10.000000000000002 108.33333333333333 0.39242814242814245
b 135 0 306 178
m 135 13 0 306 178
m 135 14 0 306 178
m 135 157 0 306 178
m 135 233 0 306 178
b 135 3 306 178
m 135 13 3 10.833333333333334 127.16666666666667 0.1201259472441457
b 187 0 23 343
b 187 2 23 343
m 187 53 2 23 343
m 187 183 2 23 343
m 187 230 2 23 343
b 224 0 287 159
m 224 216 0 287 159
b 224 3 287 159
m 224 216 3 12.0 147.6 -1.0
b 226 0 165 6
m 226 237 0 165 6
b 40 0 295 245
b 40 3 295 245
m 40 35 3 10.666666666666666 130.33333333333331 0.5
b 83 0 233 278
m 83 170 0 233 278
m 83 174 0 233 278
m 83 223 0 233 278
b 83 3 233 278
m 83 174 3 9.000000000000002 96.33333333333333 0.18153868153868158
b 189 2 0 40
b 215 2 214 185
m 215 82 2 214 185
m 215 85 2 214 185
m 215 117 2 214 185
m 215 166 2 214 185
m 215 191 2 214 185
b 26 3 17 65
m 26 189 3 7.166666666666666 67.83333333333334 0.06350135872506771
b 63 1 62 330
b 85 0 271 185
m 85 178 0 271 185
b 88 0 170 415
m 88 24 0 170 415
m 88 139 0 170 415
m 88 146 0 170 415
m 88 181 0 170 415
b 128 2 33 402
m 128 0 2 33 402
m 128 1 2 33 402
m 128 37 2 33 402
m 128 44 2 33 402
m 128 53 2 33 402
m 128 142 2 33 402
m 128 156 2 33 402
m 128 183 2 33 402
m 128 230 2 33 402
m 128 234 2 33 402
b 180 0 180 481
m 180 11 0 180 481
m 180 12 0 180 481
m 180 24 0 180 481
m 180 139 0 180 481
m 180 146 0 180 481
m 180 163 0 180 481
m 180 181 0 180 481
b 202 0 356 195
m 202 13 0 356 195
m 202 14 0 356 195
m 202 47 0 356 195
m 202 67 0 356 195
m 202 93 0 356 195
m 202 113 0 356 195
m 202 157 0 356 195
m 202 198 0 356 195
m 202 208 0 356 195
m 202 233 0 356 195
b 202 3 356 195
m 202 113 3 12.285714285714283 152.57142857142856 0.6501613612763668
m 202 198 3 12.285714285714283 152.57142857142856 0.6501613612763668
m 202 208 3 12.285714285714283 152.57142857142856 0.6501613612763668
m 202 67 3 12.285714285714283 152.57142857142856 0.6501613612763668
m 202 93 3 12.285714285714283 152.57142857142856 0.6501613612763668
m 202 35 3 12.285714285714283 152.57142857142856 0.6501613612763668
m 202 157 3 12.285714285714283 152.57142857142856 0.6501613612763668
m 202 14 3 12.285714285714283 152.57142857142856 0.6501613612763668
b 90 2 135 152
b 98 2 214 314
m 98 50 2 214 314
m 98 72 2 214 314
m 98 83 2 214 314
m 98 99 2 214 314
m 98 103 2 214 314
m 98 170 2 214 314
m 98 223 2 214 314
b 115 0 65 352
b 115 2 65 352
m 115 142 2 65 352
b 115 3 65 352
m 115 183 3 7.800000000000001 76.2 0.5
b 143 0 121 55
b 183 0 37 398
b 183 1 37 398
b 190 1 258 78
m 190 216 1 258 78
b 46 3 77 61
m 46 175 3 8.666666666666668 87.0 0.5
m 46 23 3 8.666666666666668 87.0 0.5
b 85 3 271 187
m 85 178 3 10.499999999999998 129.83333333333331 1.0
b 94 2 54 367
b 142 0 78 413
b 142 3 78 413
m 142 183 3 10.714285714285715 133.2857142857143 0.5
m 142 234 3 10.714285714285715 133.2857142857143 0.5
b 204 3 111 124
b 209 2 195 119
m 209 33 2 195 119
m 209 191 2 195 119
b 0 0 10 456
b 0 3 10 456
m 0 230 3 10.857142857142858 134.0 0.3333333333333333
b 80 0 237 32
m 80 61 0 237 32
m 80 133 0 237 32
m 80 211 0 237 32
b 155 2 105 60
m 155 33 2 105 60
m 155 46 2 105 60
m 155 143 2 105 60
m 155 186 2 105 60
b 48 0 123 423
m 48 12 0 123 423
m 48 139 0 123 423
m 48 203 0 123 423
b 48 3 123 423
m 48 203 3 11.0 131.57142857142858 0.12695876228878972
b 88 2 166 416
b 98 3 212 312
m 98 72 3 8.857142857142856 92.28571428571428 0.8096087851750171
m 98 50 3 8.857142857142856 92.28571428571428 0.8096087851750171
m 98 223 3 8.857142857142856 92.28571428571428 0.8096087851750171
m 98 170 3 8.857142857142856 92.28571428571428 0.8096087851750171
b 188 2 223 86
m 188 216 2 223 86
b 234 1 54 455
b 80 1 239 31
m 80 61 1 239 31
m 80 133 1 239 31
m 80 211 1 239 31
b 83 2 233 272
m 83 99 2 233 272
m 83 170 2 233 272
m 83 174 2 233 272
b 143 1 120 59
m 143 23 1 120 59
b 187 1 19 337
b 210 2 104 460
m 210 3 2 104 460
m 210 12 2 104 460
m 210 48 2 104 460
m 210 139 2 104 460
m 210 153 2 104 460
m 210 156 2 104 460
m 210 203 2 104 460
b 82 2 261 131
m 82 216 2 261 131
b 117 3 216 163
b 204 2 113 127
b 223 2 244 331
m 223 5 2 244 331
m 223 50 2 244 331
m 223 72 2 244 331
m 223 99 2 244 331
m 223 170 2 244 331
m 223 174 2 244 331
m 223 231 2 244 331
b 107 2 137 166
b 223 0 243 332
m 223 5 0 243 332
m 223 174 0 243 332
m 223 231 0 243 332
b 223 1 243 332
b 99 1 279 320
b 115 1 64 345
b 156 0 74 437
b 156 1 74 437
m 156 48 1 74 437
m 156 203 1 74 437
b 156 3 74 437
m 156 234 3 10.571428571428575 130.0 0.5
m 156 203 3 10.571428571428575 130.0 0.5
b 183 2 43 394
b 237 1 192 28
b 24 0 187 497
b 67 0 410 230
m 67 17 0 410 230
m 67 20 0 410 230
m 67 21 0 410 230
m 67 25 0 410 230
m 67 39 0 410 230
m 67 47 0 410 230
m 67 93 0 410 230
m 67 137 0 410 230
m 67 157 0 410 230
m 67 198 0 410 230
m 67 201 0 410 230
m 67 233 0 410 230
b 83 1 233 268
m 83 174 1 233 268
b 113 0 360 280
m 113 20 0 360 280
m 113 39 0 360 280
m 113 52 0 360 280
m 113 109 0 360 280
m 113 134 0 360 280
m 113 144 0 360 280
m 113 198 0 360 280
m 113 201 0 360 280
m 113 207 0 360 280
m 113 220 0 360 280
b 117 1 214 161
m 117 82 1 214 161
m 117 85 1 214 161
m 117 100 1 214 161
m 117 191 1 214 161
m 117 224 1 214 161
b 147 0 361 271
m 147 20 0 361 271
m 147 39 0 361 271
m 147 52 0 361 271
m 147 144 0 361 271
m 147 198 0 361 271
m 147 207 0 361 271
m 147 220 0 361 271
b 147 3 361 271
m 147 20 3 12.714285714285712 163.28571428571428 0.8165839124672268
m 147 52 3 12.714285714285712 163.28571428571428 0.8165839124672268
m 147 57 3 12.714285714285712 163.28571428571428 0.8165839124672268
m 147 208 3 12.714285714285712 163.28571428571428 0.8165839124672268
m 147 220 3 12.714285714285712 163.28571428571428 0.8165839124672268
m 147 198 3 12.714285714285712 163.28571428571428 0.8165839124672268
m 147 67 3 12.714285714285712 163.28571428571428 0.8165839124672268
m 147 207 3 12.714285714285712 163.28571428571428 0.8165839124672268
m 147 144 3 12.714285714285712 163.28571428571428 0.8165839124672268
m 147 212 3 12.714285714285712 163.28571428571428 0.8165839124672268
b 166 2 287 155
b 167 2 126 65
m 167 33 2 126 65
m 167 46 2 126 65
m 167 186 2 126 65
m 167 226 2 126 65
b 190 3 264 84
m 190 216 3 9.833333333333334 101.5 -1.0
b 35 0 327 238
m 35 39 0 327 238
b 139 0 153 432
b 150 2 320 190
b 181 0 202 443
m 181 146 0 202 443
m 181 213 0 202 443
m 181 229 0 202 443
b 187 3 17 332
b 200 2 197 143
b 37 0 21 477
b 37 1 21 477
b 37 3 21 477
m 37 234 3 10.571428571428575 130.0 0.5
m 37 230 3 10.571428571428575 130.0 0.5
b 40 1 298 256
m 40 14 1 298 256
m 40 35 1 298 256
m 40 57 1 298 256
m 40 60 1 298 256
m 40 85 1 298 256
m 40 131 1 298 256
m 40 135 1 298 256
m 40 150 1 298 256
m 40 179 1 298 256
b 131 0 339 316
m 131 39 0 339 316
m 131 52 0 339 316
m 131 144 0 339 316
m 131 220 0 339 316
m 131 221 0 339 316
b 131 3 339 316
m 131 86 3 12.428571428571425 155.85714285714286 0.7163059138430137
m 131 113 3 12.428571428571425 155.85714285714286 0.7163059138430137
m 131 52 3 12.428571428571425 155.85714285714286 0.7163059138430137
m 131 144 3 12.428571428571425 155.85714285714286 0.7163059138430137
m 131 39 3 12.428571428571425 155.85714285714286 0.7163059138430137
m 131 221 3 12.428571428571425 155.85714285714286 0.7163059138430137
m 131 220 3 12.428571428571425 155.85714285714286 0.7163059138430137
b 142 1 69 411
m 142 48 1 69 411
b 181 3 201 444
m 181 11 3 10.875 126.875 0.22041135532911252
m 181 146 3 10.875 126.875 0.22041135532911252
b 186 0 114 25
b 0 1 3 462
b 1 2 22 451
b 186 3 113 25
m 186 23 3 8.666666666666666 91.0 1.0
b 191 2 232 168
m 191 216 2 232 168
b 198 0 412 229
m 198 17 0 412 229
m 198 20 0 412 229
m 198 21 0 412 229
m 198 25 0 412 229
m 198 39 0 412 229
m 198 52 0 412 229
m 198 116 0 412 229
m 198 137 0 412 229
m 198 201 0 412 229
m 198 207 0 412 229
b 198 3 412 229
m 198 25 3 12.249999999999998 151.5 0.7070168134569246
m 198 52 3 12.249999999999998 151.5 0.7070168134569246
m 198 39 3 12.249999999999998 151.5 0.7070168134569246
m 198 20 3 12.249999999999998 151.5 0.7070168134569246
m 198 47 3 12.249999999999998 151.5 0.7070168134569246
m 198 17 3 12.249999999999998 151.5 0.7070168134569246
m 198 137 3 12.249999999999998 151.5 0.7070168134569246
m 198 116 3 12.249999999999998 151.5 0.7070168134569246
m 198 201 3 12.249999999999998 151.5 0.7070168134569246
b 226 1 171 1
b 226 3 171 1
m 226 237 3 8.833333333333334 89.5 0.5
m 226 23 3 8.833333333333334 89.5 0.5
b 234 2 49 460
b 238 0 355 133
m 238 49 0 355 133
m 238 73 0 355 133
m 238 106 0 355 133
m 238 148 0 355 133
m 238 165 0 355 133
m 238 173 0 355 133
m 238 182 0 355 133
m 238 222 0 355 133
b 238 3 355 133
m 238 165 3 11.999999999999998 146.85714285714286 0.46773799406196737
m 238 106 3 11.999999999999998 146.85714285714286 0.46773799406196737
m 238 49 3 11.999999999999998 146.85714285714286 0.46773799406196737
m 238 148 3 11.999999999999998 146.85714285714286 0.46773799406196737
m 238 233 3 11.999999999999998 146.85714285714286 0.46773799406196737
b 77 0 273 62
m 77 216 0 273 62
b 77 3 273 62
m 77 216 3 10.2 109.0 -1.0
b 103 0 241 288
b 103 3 241 288
m 103 223 3 10.857142857142854 135.42857142857142 1.0
b 33 2 153 32
b 44 0 17 453
b 44 1 17 453
b 53 0 71 378
b 53 1 71 378
m 53 48 1 71 378
b 99 2 280 326
b 119 0 383 222
m 119 201 0 383 222
b 119 3 383 222
m 119 47 3 11.428571428571425 138.85714285714286 0.2
m 119 201 3 11.428571428571425 138.85714285714286 0.2
b 143 3 119 68
b 146 0 260 438
m 146 59 0 260 438
m 146 84 0 260 438
m 146 105 0 260 438
m 146 114 0 260 438
m 146 213 0 260 438
m 146 229 0 260 438
b 183 3 48 390
b 186 1 111 25
b 12 0 135 465
b 12 3 135 465
m 12 203 3 10.375 122.37500000000001 0.20775705561973928
m 12 180 3 10.375 122.37500000000001 0.20775705561973928
b 23 1 112 14
b 61 0 309 3
m 61 22 0 309 3
m 61 95 0 309 3
m 61 96 0 309 3
m 61 108 0 309 3
m 61 126 0 309 3
m 61 132 0 309 3
m 61 140 0 309 3
m 61 197 0 309 3
b 67 3 416 229
m 67 17 3 11.999999999999998 146.0 0.600924769388805
m 67 25 3 11.999999999999998 146.0 0.600924769388805
m 67 39 3 11.999999999999998 146.0 0.600924769388805
m 67 47 3 11.999999999999998 146.0 0.600924769388805
m 67 20 3 11.999999999999998 146.0 0.600924769388805
m 67 137 3 11.999999999999998 146.0 0.600924769388805
m 67 116 3 11.999999999999998 146.0 0.600924769388805
b 77 1 275 63
b 88 3 155 418
b 100 2 278 178
m 100 216 2 278 178
b 113 3 358 286
m 113 20 3 12.124999999999998 148.625 0.6593212553158075
m 113 109 3 12.124999999999998 148.625 0.6593212553158075
m 113 207 3 12.124999999999998 148.625 0.6593212553158075
m 113 201 3 12.124999999999998 148.625 0.6593212553158075
m 113 220 3 12.124999999999998 148.625 0.6593212553158075
m 113 144 3 12.124999999999998 148.625 0.6593212553158075
m 113 86 3 12.124999999999998 148.625 0.6593212553158075
m 113 212 3 12.124999999999998 148.625 0.6593212553158075
b 143 2 119 69
m 143 23 2 119 69
b 230 0 9 410
b 230 1 9 410
b 237 0 185 29
b 14 0 333 218
b 44 3 15 454
b 50 0 288 376
m 50 114 0 288 376
m 50 229 0 288 376
b 50 1 288 376
m 50 5 1 288 376
m 50 86 1 288 376
m 50 114 1 288 376
m 50 174 1 288 376
m 50 229 1 288 376
m 50 231 1 288 376
b 53 3 72 377
b 102 0 236 2
m 102 95 0 236 2
m 102 126 0 236 2
b 203 0 71 486
b 223 3 236 337
m 223 5 3 7.874999999999999 80.875 1.0
b 233 0 378 206
m 233 222 0 378 206
b 46 2 65 70
b 61 1 311 3
m 61 22 1 311 3
m 61 95 1 311 3
m 61 96 1 311 3
m 61 108 1 311 3
m 61 126 1 311 3
m 61 132 1 311 3
m 61 140 1 311 3
m 61 197 1 311 3
b 208 0 424 226
m 208 20 0 424 226
m 208 21 0 424 226
m 208 25 0 424 226
m 208 39 0 424 226
m 208 116 0 424 226
m 208 137 0 424 226
m 208 201 0 424 226
b 47 0 453 190
m 47 21 0 453 190
m 47 25 0 453 190
m 47 116 0 453 190
m 47 201 0 453 190
b 133 0 255 74
m 133 216 0 255 74
b 170 0 233 343
b 170 1 233 343
m 170 5 1 233 343
m 170 174 1 233 343
b 50 3 291 377
m 50 5 3 9.285714285714286 96.42857142857143 0.11071897004100387
b 57 0 330 280
m 57 39 0 330 280
m 57 52 0 330 280
m 57 144 0 330 280
b 102 1 236 2
m 102 95 1 236 2
m 102 126 1 236 2
b 117 2 205 155
m 117 216 2 205 155
b 139 2 145 428
b 142 2 62 408
b 14 3 329 218
b 23 3 117 14
b 72 0 250 394
m 72 229 0 250 394
b 72 1 250 394
m 72 5 1 250 394
m 72 146 1 250 394
m 72 229 1 250 394
b 86 0 340 312
m 86 52 0 340 312
m 86 111 0 340 312
m 86 144 0 340 312
m 86 152 0 340 312
m 86 220 0 340 312
m 86 221 0 340 312
b 133 1 253 76
m 133 216 1 253 76
b 174 0 277 291
b 174 3 277 291
m 174 86 3 8.85714285714286 93.42857142857143 0.5
m 174 231 3 8.85714285714286 93.42857142857143 0.5
b 212 0 325 294
m 212 221 0 325 294
b 11 0 174 470
b 27 0 222 49
m 27 95 0 222 49
m 27 126 0 222 49
m 27 132 0 222 49
b 40 2 301 266
m 40 14 2 301 266
m 40 35 2 301 266
m 40 57 2 301 266
m 40 60 2 301 266
m 40 131 2 301 266
m 40 147 2 301 266
m 40 179 2 301 266
m 40 212 2 301 266
b 53 2 76 374
b 102 3 236 4
m 102 80 3 8.857142857142858 87.14285714285714 0.36275295531957524
m 102 61 3 8.857142857142858 87.14285714285714 0.36275295531957524
m 102 126 3 8.857142857142858 87.14285714285714 0.36275295531957524
b 170 3 230 343
m 170 5 3 8.714285714285715 93.0 1.0
b 50 2 294 377
m 50 114 2 294 377
m 50 229 2 294 377
b 230 2 14 404
b 72 3 248 396
b 82 1 259 114
m 82 216 1 259 114
b 103 2 232 291
b 134 0 427 341
m 134 56 0 427 341
m 134 68 0 427 341
m 134 111 0 427 341
m 134 152 0 427 341
m 134 160 0 427 341
m 134 184 0 427 341
b 135 2 328 166
m 135 13 2 328 166
m 135 14 2 328 166
m 135 35 2 328 166
m 135 49 2 328 166
m 135 157 2 328 166
m 135 182 2 328 166
m 135 202 2 328 166
m 135 233 2 328 166
m 135 238 2 328 166
b 175 3 71 49
b 179 1 343 261
m 179 39 1 343 261
m 179 113 1 343 261
m 179 119 1 343 261
m 179 147 1 343 261
m 179 202 1 343 261
m 179 212 1 343 261
m 179 233 1 343 261
b 203 3 64 484
b 208 3 430 225
m 208 21 3 10.999999999999998 134.0 0.5
m 208 233 3 10.999999999999998 134.0 0.5
b 224 2 302 179
m 224 216 2 302 179
b 234 3 41 468
b 12 2 131 457
b 27 1 219 51
m 27 95 1 219 51
m 27 126 1 219 51
m 27 132 1 219 51
m 27 178 1 219 51
b 60 1 307 283
m 60 39 1 307 283
m 60 52 1 307 283
m 60 86 1 307 283
m 60 113 1 307 283
m 60 144 1 307 283
m 60 147 1 307 283
m 60 212 1 307 283
b 106 0 394 117
m 106 58 0 394 117
m 106 141 0 394 117
m 106 185 0 394 117
b 106 3 394 117
m 106 141 3 11.124999999999998 131.625 0.1240115854757324
b 157 0 380 189
b 170 2 227 344
b 203 2 63 483
b 85 2 269 210
m 85 14 2 269 210
m 85 35 2 269 210
b 146 3 271 439
m 146 59 3 10.444444444444445 118.22222222222221 0.22759231038970196
m 146 5 3 10.444444444444445 118.22222222222221 0.22759231038970196
b 156 2 72 420
b 3 2 152 492
b 27 3 217 52
m 27 211 3 8.857142857142858 87.14285714285714 0.36275295531957524
m 27 132 3 8.857142857142858 87.14285714285714 0.36275295531957524
b 59 0 295 445
m 59 28 0 295 445
m 59 45 0 295 445
m 59 70 0 295 445
m 59 89 0 295 445
b 72 2 246 398
b 157 3 381 190
m 157 222 3 10.999999999999998 134.0 0.5
b 163 0 190 490
b 163 3 190 490
m 163 24 3 10.5 122.75 0.25
m 163 84 3 10.5 122.75 0.25
b 5 0 295 399
m 5 28 0 295 399
b 35 3 315 250
b 103 1 228 293
b 126 0 280 65
m 126 216 0 280 65
b 153 2 149 382
b 174 2 274 285
b 189 3 28 34
b 203 1 60 483
m 203 12 1 60 483
b 37 2 31 490
b 52 0 374 279
b 52 3 374 279
m 52 134 3 11.249999999999998 143.0 1.0
b 93 0 422 161
m 93 141 0 422 161
m 93 185 0 422 161
b 93 3 422 161
m 93 185 3 11.249999999999998 135.5 0.25
m 93 141 3 11.249999999999998 135.5 0.25
b 0 2 8 475
b 25 0 463 280
m 25 91 0 463 280
m 25 160 0 463 280
b 105 0 285 461
m 105 28 0 285 461
m 105 45 0 285 461
b 126 1 279 66
b 150 1 339 189
m 150 13 1 339 189
m 150 49 1 339 189
m 150 119 1 339 189
m 150 157 1 339 189
m 150 202 1 339 189
m 150 233 1 339 189
m 150 238 1 339 189
b 191 1 222 181
m 191 216 1 222 181
b 13 0 357 199
b 13 3 357 199
m 13 222 3 9.428571428571429 109.14285714285714 1.0
b 47 3 465 190
m 47 21 3 11.222222222222221 135.66666666666666 0.3333333333333333
b 96 0 309 32
m 96 136 0 309 32
m 96 232 0 309 32
b 108 0 358 18
m 108 136 0 358 18
m 108 171 0 358 18
m 108 172 0 358 18
b 221 0 379 356
m 221 68 0 379 356
m 221 89 0 379 356
m 221 111 0 379 356
m 221 152 0 379 356
b 221 3 379 356
m 221 111 3 11.624999999999996 140.875 0.052381193288353285
b 233 3 383 219
b 44 2 5 465
b 84 0 285 494
m 84 45 0 285 494
b 174 1 272 281
b 220 0 377 356
m 220 68 0 377 356
m 220 184 0 377 356
b 220 3 377 356
m 220 111 3 11.749999999999998 146.0 0.2
m 220 68 3 11.749999999999998 146.0 0.2
b 231 0 338 366
b 20 0 450 293
m 20 56 0 450 293
m 20 91 0 450 293
m 20 160 0 450 293
b 20 3 450 293
m 20 91 3 11.874999999999998 147.375 0.16666666666666666
m 20 56 3 11.874999999999998 147.375 0.16666666666666666
b 25 3 465 282
m 25 134 3 11.444444444444443 137.44444444444443 0.2
b 95 0 271 21
m 95 232 0 271 21
b 96 1 307 32
m 96 136 1 307 32
m 96 173 1 307 32
m 96 232 1 307 32
b 100 1 276 195
b 108 1 360 17
m 108 136 1 360 17
m 108 171 1 360 17
m 108 172 1 360 17
b 211 0 313 74
m 211 232 0 313 74
b 14 1 316 218
m 14 13 1 316 218
m 14 119 1 316 218
m 14 157 1 316 218
m 14 202 1 316 218
m 14 233 1 316 218
b 23 2 130 15
m 23 127 2 130 15
m 23 237 2 130 15
b 39 0 362 290
b 48 2 109 397
b 61 3 326 5
m 61 96 3 9.0 88.75 0.4709352716885528
m 61 211 3 9.0 88.75 0.4709352716885528
m 61 108 3 9.0 88.75 0.4709352716885528
m 61 140 3 9.0 88.75 0.4709352716885528
m 61 136 3 9.0 88.75 0.4709352716885528
b 86 3 345 300
m 86 111 3 11.124999999999996 136.875 0.5
m 86 152 3 11.124999999999996 136.875 0.5
b 126 3 276 69
m 126 216 3 8.857142857142858 87.14285714285714 -1.0
b 140 0 385 42
m 140 58 0 385 42
m 140 136 0 385 42
m 140 171 0 385 42
m 140 172 0 385 42
b 179 2 351 266
m 179 13 2 351 266
m 179 39 2 351 266
m 179 52 2 351 266
m 179 86 2 351 266
m 179 113 2 351 266
m 179 119 2 351 266
m 179 201 2 351 266
m 179 233 2 351 266
b 57 3 316 276
b 60 2 303 292
m 60 39 2 303 292
m 60 52 2 303 292
m 60 86 2 303 292
m 60 113 2 303 292
m 60 144 2 303 292
b 73 0 286 80
m 73 216 0 286 80
b 95 1 270 19
m 95 73 1 270 19
m 95 173 1 270 19
m 95 232 1 270 19
b 146 1 280 440
b 178 0 233 84
m 178 216 0 233 84
b 211 1 315 75
m 211 49 1 315 75
m 211 73 1 315 75
m 211 165 1 315 75
m 211 173 1 315 75
m 211 178 1 315 75
m 211 182 1 315 75
m 211 232 1 315 75
b 5 2 295 407
m 5 28 2 295 407
m 5 59 2 295 407
m 5 105 2 295 407
m 5 146 2 295 407
b 11 3 166 458
m 11 24 3 10.0 113.77777777777777 0.3333333333333333
b 22 0 291 55
m 22 232 0 291 55
b 39 3 360 291
b 109 0 407 357
b 116 0 441 221
m 116 91 0 441 221
b 116 3 441 221
m 116 91 3 10.999999999999998 134.77777777777777 1.0
b 137 0 464 246
m 137 91 0 464 246
b 140 1 386 44
b 165 0 381 102
b 165 3 381 102
m 165 197 3 11.374999999999998 134.625 0.35566033912422823
m 165 182 3 11.374999999999998 134.625 0.35566033912422823
m 165 140 3 11.374999999999998 134.625 0.35566033912422823
b 182 0 351 96
b 212 3 310 295
b 230 3 22 394
b 48 1 107 395
m 48 12 1 107 395
m 48 88 1 107 395
m 48 139 1 107 395
m 48 153 1 107 395
b 57 1 314 276
b 144 0 318 332
b 144 3 318 332
m 144 111 3 11.374999999999998 143.375 0.5
m 144 152 3 11.374999999999998 143.375 0.5
b 178 3 232 83
m 178 216 3 10.499999999999998 129.83333333333331 -1.0
b 186 2 89 24
m 186 127 2 89 24
b 207 0 436 317
m 207 151 0 436 317
m 207 206 0 436 317
b 207 3 436 317
m 207 206 3 11.999999999999998 149.0 0.058751688831845124
b 229 0 228 436
b 22 1 289 54
m 22 73 1 289 54
m 22 173 1 289 54
m 22 232 1 289 54
b 59 3 286 439
m 59 89 3 10.200000000000001 112.80000000000001 0.26106521825947904
m 59 45 3 10.200000000000001 112.80000000000001 0.26106521825947904
m 59 229 3 10.200000000000001 112.80000000000001 0.26106521825947904
b 237 3 164 33
b 17 0 474 254
m 17 91 0 474 254
b 24 3 183 472
m 24 213 3 9.666666666666668 110.11111111111111 0.17601054706499764
b 70 0 370 494
b 86 1 347 296
m 86 111 1 347 296
m 86 220 1 347 296
m 86 221 1 347 296
b 111 0 337 366
b 113 1 351 308
b 137 3 465 244
m 137 91 3 10.999999999999998 134.77777777777777 1.0
b 197 0 368 46
m 197 136 0 368 46
m 197 171 0 368 46
m 197 172 0 368 46
b 28 0 327 463
b 180 3 177 496
m 180 213 3 9.333333333333332 108.8888888888889 1.0
b 231 2 343 372
m 231 86 2 343 372
m 231 89 2 343 372
m 231 111 2 343 372
m 231 113 2 343 372
m 231 144 2 343 372
m 231 152 2 343 372
m 231 220 2 343 372
m 231 221 2 343 372
b 35 1 305 259
b 148 0 380 122
b 148 3 380 122
b 173 0 292 104
m 173 216 0 292 104
b 197 1 370 47
m 197 58 1 370 47
m 197 136 1 370 47
m 197 165 1 370 47
m 197 171 1 370 47
m 197 172 1 370 47
m 197 182 1 370 47
b 224 1 312 193
b 226 2 199 5
m 226 9 2 199 5
m 226 27 2 199 5
m 226 80 2 199 5
m 226 102 2 199 5
m 226 127 2 199 5
m 226 237 2 199 5
b 17 3 476 252
m 17 91 3 10.999999999999998 134.77777777777777 1.0
b 109 3 406 363
m 109 56 3 11.555555555555555 137.55555555555557 0.31513521750011153
m 109 111 3 11.555555555555555 137.55555555555557 0.31513521750011153
m 109 152 3 11.555555555555555 137.55555555555557 0.31513521750011153
b 131 1 351 344
m 131 111 1 351 344
m 131 152 1 351 344
m 131 220 1 351 344
m 131 221 1 351 344
b 132 0 273 49
b 152 0 341 392
b 185 0 420 139
m 185 236 0 420 139
b 222 0 399 150
b 233 1 387 230
m 233 67 1 387 230
m 233 93 1 387 230
m 233 116 1 387 230
m 233 198 1 387 230
m 233 201 1 387 230
m 233 208 1 387 230
b 233 2 387 230
b 85 1 268 227
b 134 3 444 349
m 134 56 3 10.888888888888888 134.22222222222223 1.0
m 134 68 3 10.888888888888888 134.22222222222223 1.0
m 134 151 3 10.888888888888888 134.22222222222223 1.0
m 134 154 3 10.888888888888888 134.22222222222223 1.0
m 134 160 3 10.888888888888888 134.22222222222223 1.0
m 134 184 3 10.888888888888888 134.22222222222223 1.0
m 134 206 3 10.888888888888888 134.22222222222223 1.0
b 135 1 345 158
m 135 148 1 345 158
m 135 182 1 345 158
m 135 222 1 345 158
b 201 0 392 276
b 202 1 347 154
b 202 2 347 154
m 202 106 2 347 154
m 202 148 2 347 154
m 202 165 2 347 154
m 202 222 2 347 154
b 213 0 225 444
b 229 1 223 439
m 229 59 1 223 439
m 229 105 1 223 439
m 229 181 1 223 439
m 229 213 1 223 439
b 14 2 306 218
b 21 0 486 216
b 49 0 294 139
m 49 216 0 294 139
b 49 3 294 139
m 49 216 3 11.999999999999998 146.85714285714286 -1.0
b 52 1 373 264
m 52 201 1 373 264
m 52 207 1 373 264
b 68 0 446 384
m 68 76 0 446 384
m 68 87 0 446 384
m 68 110 0 446 384
m 68 151 0 446 384
m 68 225 0 446 384
b 84 3 297 491
m 84 28 3 9.777777777777779 110.88888888888889 0.2581747317270703
b 132 1 271 50
m 132 73 1 271 50
b 141 0 478 117
m 141 236 0 478 117
b 141 3 478 117
m 141 236 3 9.999999999999998 117.11111111111111 1.0
b 5 1 295 417
m 5 28 1 295 417
m 5 59 1 295 417
m 5 105 1 295 417
m 5 213 1 295 417
b 5 3 295 417
m 5 28 3 7.666666666666666 75.88888888888889 1.0
m 5 105 3 7.666666666666666 75.88888888888889 1.0
m 5 114 3 7.666666666666666 75.88888888888889 1.0
m 5 213 3 7.666666666666666 75.88888888888889 1.0
m 5 229 3 7.666666666666666 75.88888888888889 1.0
b 80 3 269 5
b 114 0 339 407
b 160 0 447 355
m 160 151 0 447 355
m 160 154 0 447 355
m 160 206 0 447 355
m 160 225 0 447 355
b 185 3 417 142
m 185 236 3 10.111111111111109 120.55555555555556 1.0
b 201 3 390 278
b 12 1 121 437
m 12 3 1 121 437
m 12 11 1 121 437
m 12 24 1 121 437
m 12 88 1 121 437
m 12 139 1 121 437
m 12 180 1 121 437
m 12 181 1 121 437
b 57 2 304 274
b 182 2 343 87
m 182 73 2 343 87
m 182 77 2 343 87
m 182 106 2 343 87
m 182 140 2 343 87
m 182 148 2 343 87
m 182 165 2 343 87
m 182 173 2 343 87
m 182 190 2 343 87
m 182 197 2 343 87
m 182 211 2 343 87
b 39 1 349 297
b 59 2 278 434
m 59 84 2 278 434
b 114 1 340 406
m 114 28 1 340 406
m 114 45 1 340 406
m 114 59 1 340 406
m 114 89 1 340 406
m 114 105 1 340 406
m 114 111 1 340 406
m 114 152 1 340 406
m 114 220 1 340 406
b 212 2 298 296
b 28 2 322 471
m 28 45 2 322 471
m 28 84 2 322 471
m 28 89 2 322 471
b 96 3 291 28
m 96 22 3 8.555555555555555 81.66666666666666 0.03355195723058943
b 108 3 374 9
m 108 171 3 8.333333333333334 79.88888888888889 0.3333333333333333
b 111 3 327 364
m 111 114 3 10.444444444444441 125.33333333333334 1.0
b 113 2 348 318
m 113 111 2 348 318
m 113 220 2 348 318
m 113 221 2 348 318
b 127 2 168 35
m 127 9 2 168 35
m 127 27 2 168 35
b 229 2 218 443
m 229 24 2 218 443
m 229 181 2 218 443
m 229 213 2 218 443
b 45 0 366 484
b 58 0 444 25
m 58 62 0 444 25
m 58 129 0 444 25
m 58 177 0 444 25
m 58 193 0 444 25
m 58 236 0 444 25
m 58 239 0 444 25
b 89 0 363 390
m 89 110 0 363 390
b 91 0 496 305
m 91 154 0 496 305
b 146 2 295 442
b 147 2 348 308
b 157 2 394 210
m 157 67 2 394 210
m 157 93 2 394 210
m 157 116 2 394 210
m 157 185 2 394 210
m 157 198 2 394 210
m 157 208 2 394 210
m 157 222 2 394 210
b 212 1 296 296
b 231 1 350 379
m 231 89 1 350 379
m 231 109 1 350 379
m 231 152 1 350 379
b 35 2 298 265
b 105 2 276 443
b 139 1 116 417
m 139 3 1 116 417
m 139 11 1 116 417
b 171 0 367 21
b 68 3 453 389
m 68 184 3 11.444444444444443 138.77777777777777 0.29179970228947827
m 68 151 3 11.444444444444443 138.77777777777777 0.29179970228947827
m 68 29 3 11.444444444444443 138.77777777777777 0.29179970228947827
b 131 2 355 353
m 131 109 2 355 353
b 140 3 397 56
m 140 172 3 8.444444444444445 80.66666666666666 0.25
b 144 1 306 341
m 144 152 1 306 341
b 147 1 347 310
m 147 201 1 347 310
b 52 2 372 255
b 56 0 427 374
m 56 76 0 427 374
m 56 87 0 427 374
m 56 110 0 427 374
m 56 154 0 427 374
m 56 225 0 427 374
b 91 3 496 308
m 91 160 3 11.111111111111109 133.77777777777777 0.1398277982779828
b 132 3 262 51
m 132 22 3 8.5 80.75 0.3185120991507341
m 132 232 3 8.5 80.75 0.3185120991507341
b 171 1 365 22
b 114 2 346 404
b 151 0 491 368
m 151 76 0 491 368
m 151 154 0 491 368
m 151 225 0 491 368
b 198 1 409 188
m 198 137 1 409 188
m 198 185 1 409 188
b 231 3 352 382
m 231 114 3 7.875000000000002 81.875 0.015873015873015706
b 49 2 285 146
m 49 216 2 285 146
b 59 1 272 430
m 59 28 1 272 430
m 59 84 1 272 430
b 106 2 416 137
m 106 93 2 416 137
m 106 141 2 416 137
m 106 185 2 416 137
m 106 236 2 416 137
b 152 3 331 400
m 152 114 3 9.999999999999996 121.77777777777779 0.011111111111111072
b 154 3 472 373
m 154 225 3 9.999999999999998 121.2 0.5
m 154 76 3 9.999999999999998 121.2 0.5
b 184 0 459 340
m 184 154 0 459 340
b 238 2 372 94
m 238 77 2 372 94
m 238 140 2 372 94
m 238 197 2 372 94
m 238 211 2 372 94
b 13 2 356 224
m 13 198 2 356 224
b 86 2 353 280
b 88 1 116 425
m 88 3 1 116 425
m 88 11 1 116 425
m 88 24 1 116 425
b 157 1 397 215
m 157 185 1 397 215
b 172 0 350 13
b 211 3 334 83
m 211 73 3 8.25 78.25 0.11610341215382115
b 222 3 408 161
b 9 2 198 66
m 9 126 2 198 66
m 9 132 2 198 66
m 9 133 2 198 66
m 9 178 2 198 66
b 28 3 318 477
m 28 70 3 8.9 99.89999999999999 1.0
b 67 1 456 223
m 67 17 1 456 223
m 67 20 1 456 223
m 67 21 1 456 223
m 67 25 1 456 223
m 67 47 1 456 223
m 67 137 1 456 223
b 73 1 270 66
b 110 0 401 443
m 110 29 0 401 443
m 110 169 0 401 443
b 111 1 319 363
m 111 89 1 319 363
b 119 1 424 230
b 181 1 186 487
m 181 3 1 186 487
m 181 11 1 186 487
m 181 24 1 186 487
m 181 163 1 186 487
m 181 180 1 186 487
b 21 3 498 210
b 39 2 340 302
b 105 1 272 437
b 111 2 318 363
b 154 0 470 375
b 165 1 399 114
b 172 1 348 13
b 182 1 336 79
b 221 1 406 360
m 221 56 1 406 360
m 221 68 1 406 360
m 221 89 1 406 360
m 221 109 1 406 360
m 221 134 1 406 360
m 221 160 1 406 360
m 221 184 1 406 360
b 24 1 182 452
m 24 163 1 182 452
b 28 1 317 479
b 153 1 154 351
b 178 1 212 72
b 182 3 335 78
b 197 3 387 52
m 197 171 3 10.444444444444443 120.66666666666667 0.3333333333333333
b 221 2 407 360
b 237 2 143 37
b 151 3 492 374
m 151 225 3 9.999999999999998 121.2 0.5
m 151 76 3 9.999999999999998 121.2 0.5
b 232 0 246 120
m 232 216 0 246 120
b 24 2 182 450
m 24 11 2 182 450
m 24 163 2 182 450
m 24 180 2 182 450
b 45 3 377 486
m 45 70 3 9.454545454545455 102.9090909090909 0.5
m 45 110 3 9.454545454545455 102.9090909090909 0.5
b 49 1 281 150
m 49 216 1 281 150
b 89 3 365 379
m 89 110 3 9.363636363636365 102.63636363636364 1.0
b 105 3 271 434
b 152 2 326 403
b 173 1 276 116
m 173 216 1 276 116
b 206 0 481 319
b 206 3 481 319
m 206 225 3 10.777777777777775 132.55555555555557 1.0
b 220 1 384 384
b 238 1 375 89
b 13 1 356 230
b 56 3 420 379
m 56 110 3 11.111111111111109 133.77777777777777 0.1398277982779828
b 144 2 297 346
b 198 2 408 180
m 198 137 2 408 180
b 220 2 384 385
m 220 56 2 384 385
m 220 68 2 384 385
m 220 109 2 384 385
m 220 110 2 384 385
m 220 160 2 384 385
b 232 1 245 121
m 232 216 1 245 121
b 89 2 365 377
b 152 1 324 404
b 181 2 184 492
b 87 0 426 438
m 87 29 0 426 438
m 87 169 0 426 438
b 229 3 206 451
b 67 2 464 222
b 80 2 277 13
m 80 22 2 277 13
m 80 95 2 277 13
m 80 96 2 277 13
m 80 132 2 277 13
b 84 2 317 486
m 84 70 2 317 486
b 116 1 413 214
m 116 21 1 413 214
m 116 47 1 413 214
m 116 137 1 413 214
m 116 185 1 413 214
b 136 0 413 7
b 140 2 406 65
b 160 3 435 370
m 160 225 3 9.999999999999998 121.2 0.5
b 190 2 300 125
m 190 22 2 300 125
m 190 126 2 300 125
m 190 132 2 300 125
m 190 133 2 300 125
m 190 232 2 300 125
b 208 1 471 223
b 58 1 456 14
b 62 0 447 36
m 62 97 0 447 36
b 165 2 406 119
b 102 2 241 49
b 119 2 434 232
b 136 1 415 8
m 136 62 1 415 8
m 136 97 1 415 8
m 136 239 1 415 8
b 185 2 403 157
b 201 2 373 291
b 3 1 127 460
m 3 163 1 127 460
b 136 3 416 8
m 136 62 3 8.444444444444445 80.66666666666666 0.25
m 136 58 3 8.444444444444445 80.66666666666666 0.25
b 236 0 456 66
m 236 97 0 456 66
b 22 3 258 51
m 22 95 3 8.0 74.39999999999999 0.012790196462015478
b 70 3 363 465
m 70 110 3 8.181818181818183 90.9090909090909 1.0
b 73 2 260 58
m 73 22 2 260 58
m 73 95 2 260 58
m 73 96 2 260 58
m 73 232 2 260 58
b 126 2 248 91
b 171 3 350 28
b 93 1 448 129
m 93 106 1 448 129
m 93 141 1 448 129
b 129 0 495 26
m 129 97 0 495 26
b 197 2 397 55
b 236 3 456 64
m 236 58 3 9.699999999999998 110.30000000000001 1.0
m 236 62 3 9.699999999999998 110.30000000000001 1.0
m 236 97 3 9.699999999999998 110.30000000000001 1.0
m 236 129 3 9.699999999999998 110.30000000000001 1.0
m 236 177 3 9.699999999999998 110.30000000000001 1.0
m 236 193 3 9.699999999999998 110.30000000000001 1.0
m 236 239 3 9.699999999999998 110.30000000000001 1.0
b 11 1 145 430
b 45 1 387 488
b 89 1 366 369
m 89 110 1 366 369
b 148 1 394 148
m 148 106 1 394 148
b 148 2 394 148
b 180 1 146 493
b 185 1 400 160
m 185 106 1 400 160
b 207 1 468 329
m 207 91 1 468 329
m 207 151 1 468 329
m 207 154 1 468 329
m 207 206 1 468 329
m 207 225 1 468 329
b 213 3 200 432
b 27 2 179 75
b 45 2 388 488
b 84 1 324 485
m 84 70 1 324 485
b 133 2 215 109
m 133 216 2 215 109
b 134 1 471 361
m 134 91 1 471 361
m 134 151 1 471 361
m 134 154 1 471 361
m 134 206 1 471 361
m 134 225 1 471 361
b 169 0 483 473
b 222 1 418 173
m 222 106 1 418 173
b 222 2 418 173
b 116 2 405 212
m 116 137 2 405 212
b 208 2 479 222
m 208 17 2 479 222
m 208 21 2 479 222
m 208 47 2 479 222
b 110 3 387 453
m 110 87 3 8.75 94.41666666666666 0.00952380952380949
b 141 2 497 118
m 141 177 2 497 118
m 141 193 2 497 118
b 184 3 468 323
b 47 1 490 196
b 110 2 386 453
b 173 2 264 124
m 173 216 2 264 124
b 193 0 493 88
m 193 97 0 493 88
b 201 1 367 295
b 213 1 196 431
b 109 1 403 397
m 109 29 1 403 397
m 109 87 1 403 397
m 109 110 1 403 397
m 109 154 1 403 397
m 109 225 1 403 397
b 211 2 352 91
m 211 171 2 352 91
m 211 172 2 352 91
b 25 1 495 315
m 25 91 1 495 315
m 25 206 1 495 315
b 70 2 362 457
b 114 3 367 394
b 172 3 329 15
b 225 0 448 365
b 68 1 474 403
m 68 29 1 474 403
m 68 76 1 474 403
m 68 87 1 474 403
m 68 151 1 474 403
m 68 154 1 474 403
m 68 169 1 474 403
m 68 225 1 474 403
b 73 3 254 52
m 73 95 3 7.666666666666666 70.55555555555556 0.08254640110480782
b 76 0 458 453
b 93 2 453 123
b 109 2 403 399
b 239 0 455 25
b 20 1 495 307
b 96 2 261 21
b 137 1 485 207
b 160 1 426 381
m 160 29 1 426 381
m 160 87 1 426 381
m 160 151 1 426 381
m 160 154 1 426 381
m 160 225 1 426 381
b 29 3 450 409
m 29 87 3 10.499999999999998 125.30000000000001 0.5
m 29 169 3 10.499999999999998 125.30000000000001 0.5
b 77 2 336 85
b 213 2 191 428
b 236 2 453 53
m 236 58 2 453 53
m 236 62 2 453 53
m 236 97 2 453 53
m 236 129 2 453 53
m 236 136 2 453 53
m 236 177 2 453 53
m 236 193 2 453 53
m 236 239 2 453 53
b 68 2 478 406
b 95 2 266 4
b 106 1 436 155
b 232 3 230 135
m 232 216 3 8.5 80.75 -1.0
b 62 1 430 36
b 132 2 232 55
b 154 1 454 394
m 154 29 1 454 394
m 154 76 1 454 394
m 154 87 1 454 394
b 177 0 492 92
b 62 3 429 36
b 70 1 360 450
m 70 87 1 360 450
b 110 1 379 459
b 160 2 423 384
b 11 2 137 419
b 22 2 242 49
b 180 2 132 491
b 17 1 487 228
b 29 0 447 405
b 95 3 270 5
b 163 1 134 488
b 56 1 400 394
m 56 29 1 400 394
m 56 87 1 400 394
b 137 2 488 200
b 151 1 492 402
m 151 76 1 492 402
b 225 3 437 364
b 76 3 451 462
m 76 169 3 9.181818181818182 110.27272727272728 0.00990099009901002
b 141 1 494 133
m 141 177 1 494 133
m 141 193 1 494 133
b 184 1 475 310
b 97 0 451 37
b 129 3 492 6
b 163 2 130 488
b 21 1 482 237
b 47 2 477 206
b 56 2 397 397
b 91 1 495 346
b 97 1 450 37
m 97 129 1 450 37
m 97 236 1 450 37
b 178 2 184 57
b 58 3 468 8
b 169 1 496 476
b 87 3 397 444
b 97 3 448 39
b 232 2 221 143
b 193 3 491 107
b 206 1 477 285
b 87 1 395 444
b 169 3 494 474
b 171 2 325 38
m 171 61 2 325 38
m 171 108 2 325 38
b 239 1 462 41
m 239 129 1 462 41
m 239 236 1 462 41
b 62 2 416 36
m 62 61 2 416 36
m 62 108 2 416 36
b 193 2 490 111
b 239 3 463 44
b 129 2 497 2
b 172 2 305 17
b 17 2 471 227
m 17 206 2 471 227
b 177 3 491 112
b 225 1 422 361
b 29 1 436 389
b 97 2 439 46
m 97 61 2 439 46
m 97 108 2 439 46
b 58 2 465 20
b 21 2 474 251
m 21 20 2 474 251
m 21 184 2 474 251
m 21 206 2 474 251
b 177 2 490 116
b 61 2 400 13
b 239 2 468 54
b 108 2 398 43
b 129 1 491 2
b 76 1 436 479
b 193 1 489 126
b 136 2 462 19
b 236 1 445 18
b 177 1 489 131
b 206 2 474 255
b 20 2 456 324
m 20 25 2 456 324
m 20 91 2 456 324
m 20 207 2 456 324
m 20 225 2 456 324
b 184 2 497 266
b 25 2 474 382
m 25 29 2 474 382
m 25 134 2 474 382
m 25 169 2 474 382
b 91 2 493 405
b 207 2 463 380
b 225 2 363 352
b 134 2 475 430
b 169 2 451 420
m 169 76 2 451 420
m 169 151 2 451 420
m 169 154 2 451 420
b 154 2 392 465
m 154 87 2 392 465
b 29 2 394 329
b 151 2 494 496
b 87 2 296 463
b 76 2 408 437
