Key: 
t: node change direction (node id, x, y, new direction)
s: node start location (node id, x, y, start direction, buffer)
m: message transfer (sender id, target id, messageType, sender x, sender y
b: broadcast (node id, message type, x, y)
53 140 419 260
s 0 34 193 191 0
s 1 267 159 119 0
s 2 462 252 249 0
s 3 11 168 66 0
s 4 213 405 163 0
s 5 81 294 4 0
s 6 26 106 197 0
s 7 0 222 242 0
s 8 30 48 42 0
s 9 211 381 156 0
s 10 270 5 207 0
s 11 355 89 318 0
s 12 253 118 45 0
s 13 2 161 175 0
s 14 77 317 346 0
s 15 279 482 161 0
s 16 373 268 302 0
s 17 79 357 190 0
s 18 341 92 58 0
s 19 274 71 155 0
s 20 315 480 348 0
s 21 468 0 13 0
s 22 305 173 13 0
s 23 452 141 257 0
s 24 1 142 116 0
s 25 352 407 322 0
s 26 65 1 84 0
s 27 356 322 164 0
s 28 53 18 321 0
s 29 441 29 4 0
s 30 470 185 33 0
s 31 312 144 66 0
s 32 324 277 358 0
s 33 182 383 342 0
s 34 151 115 199 0
s 35 476 139 167 0
s 36 237 119 335 0
s 37 258 291 258 0
s 38 172 195 342 0
s 39 218 265 319 0
s 40 205 340 196 0
s 41 162 498 39 0
s 42 167 45 349 0
s 43 248 281 290 0
s 44 6 135 302 0
s 45 426 71 69 0
s 46 384 435 150 0
s 47 438 83 79 0
s 48 139 329 89 0
s 49 47 177 228 0
s 50 312 94 198 0
s 51 163 196 2 0
s 52 142 283 137 0
s 53 40 28 153 0
s 54 452 488 59 0
s 55 124 378 255 0
s 56 316 200 278 0
s 57 54 314 329 0
s 58 393 200 141 0
s 59 82 270 349 0
s 60 136 221 208 0
s 61 41 458 275 0
s 62 80 61 262 0
s 63 156 182 244 0
s 64 404 256 300 0
s 65 21 441 115 0
s 66 111 296 66 0
s 67 403 387 0 0
s 68 410 269 102 0
s 69 129 272 347 0
s 70 471 93 176 0
s 71 231 322 5 0
s 72 465 366 317 0
s 73 321 442 129 0
s 74 383 194 160 0
s 75 316 204 321 0
s 76 213 420 275 0
s 77 303 386 37 0
s 78 411 338 124 0
s 79 171 441 85 0
s 80 110 187 234 0
s 81 56 65 56 0
s 82 33 188 168 0
s 83 192 188 213 0
s 84 313 344 33 0
s 85 117 324 6 0
s 86 200 192 242 0
s 87 78 86 92 0
s 88 50 182 230 0
s 89 164 108 125 0
s 90 352 208 227 0
s 91 317 67 282 0
s 92 253 283 138 0
s 93 342 495 157 0
s 94 478 169 28 0
s 95 74 101 231 0
s 96 393 381 177 0
s 97 232 299 54 0
s 98 107 497 171 0
s 99 225 495 181 0
s 100 36 312 167 0
s 101 389 200 118 0
s 102 101 47 52 0
s 103 483 158 218 0
s 104 102 421 197 0
s 105 386 486 281 0
s 106 228 381 345 0
s 107 106 326 188 0
s 108 260 81 290 0
s 109 438 73 359 0
s 110 354 319 75 0
s 111 456 415 148 0
s 112 205 52 179 0
s 113 304 402 34 0
s 114 28 352 7 0
s 115 303 52 108 0
s 116 322 281 28 0
s 117 362 264 174 0
s 118 424 234 258 0
s 119 152 396 58 0
s 120 440 406 333 0
s 121 485 379 256 0
s 122 428 289 294 0
s 123 104 53 275 0
s 124 455 201 183 0
s 125 153 318 208 0
s 126 146 318 204 0
s 127 208 310 289 0
s 128 151 459 237 0
s 129 38 29 136 0
s 130 284 284 232 0
s 131 113 452 71 0
s 132 472 361 316 0
s 133 192 302 35 0
s 134 216 399 81 0
s 135 368 172 160 0
s 136 385 245 236 0
s 137 415 6 71 0
s 138 40 147 214 0
s 139 137 493 4 0
s 140 235 342 277 0
s 141 305 398 268 0
s 142 131 273 267 0
s 143 268 191 315 0
s 144 254 484 123 0
s 145 73 114 67 0
s 146 64 314 75 0
s 147 139 465 32 0
s 148 458 50 187 0
s 149 208 254 152 0
s 150 281 306 316 0
s 151 478 26 88 0
s 152 262 448 76 0
s 153 248 152 249 0
s 154 132 474 102 0
s 155 435 349 241 0
s 156 126 281 119 0
s 157 38 57 22 0
s 158 230 333 188 0
s 159 53 140 12 0
s 160 398 472 96 0
s 161 78 474 199 0
s 162 171 392 155 0
s 163 442 459 156 0
s 164 394 70 132 0
s 165 308 382 162 0
s 166 343 414 343 0
s 167 455 92 286 0
s 168 464 175 306 0
s 169 0 430 107 0
s 170 467 491 321 0
s 171 391 12 111 0
s 172 470 456 219 0
s 173 242 21 122 0
s 174 53 63 108 0
s 175 332 255 250 0
s 176 184 70 194 0
s 177 427 411 225 0
s 178 214 429 316 0
s 179 77 136 48 0
s 180 127 382 172 0
s 181 81 104 284 0
s 182 170 238 350 0
s 183 273 42 214 0
s 184 299 353 170 0
s 185 356 403 224 0
s 186 352 475 75 0
s 187 311 3 11 0
s 188 91 112 75 0
s 189 62 454 133 0
s 190 281 482 238 0
s 191 286 384 295 0
s 192 468 316 163 0
s 193 174 44 333 0
s 194 310 172 26 0
s 195 378 358 118 0
s 196 180 145 31 0
s 197 403 255 43 0
s 198 397 240 46 0
s 199 342 293 124 0
s 200 402 424 63 0
s 201 67 317 309 0
s 202 381 345 137 0
s 203 431 364 87 0
s 204 213 253 260 0
s 205 260 210 275 0
s 206 128 499 206 0
s 207 11 498 193 0
s 208 324 234 112 0
s 209 45 134 222 0
s 210 56 182 242 0
s 211 375 298 51 0
s 212 310 364 65 0
s 213 241 23 170 0
s 214 311 12 282 0
s 215 261 238 12 0
s 216 431 472 78 0
s 217 239 198 245 0
s 218 326 213 198 0
s 219 419 260 0 0
s 220 346 175 345 0
s 221 169 138 127 0
s 222 123 20 353 0
s 223 208 459 194 0
s 224 175 176 28 0
s 225 226 137 257 0
s 226 18 149 223 0
s 227 89 178 220 0
s 228 429 475 350 0
s 229 448 307 166 0
s 230 333 481 30 0
s 231 135 238 282 0
s 232 324 475 139 0
s 233 296 55 205 0
s 234 413 161 262 0
s 235 146 32 139 0
s 236 422 296 144 0
s 237 488 182 70 0
s 238 490 452 146 0
s 239 313 432 256 0
b 159 0 66 142
m 159 3 0 66 142
m 159 6 0 66 142
m 159 13 0 66 142
m 159 24 0 66 142
m 159 44 0 66 142
m 159 49 0 66 142
m 159 81 0 66 142
m 159 82 0 66 142
m 159 87 0 66 142
m 159 88 0 66 142
m 159 95 0 66 142
m 159 138 0 66 142
m 159 145 0 66 142
m 159 174 0 66 142
m 159 179 0 66 142
m 159 181 0 66 142
m 159 188 0 66 142
m 159 209 0 66 142
m 159 210 0 66 142
m 159 226 0 66 142
m 159 227 0 66 142
b 159 1 66 142
m 159 3 1 66 142
m 159 6 1 66 142
m 159 13 1 66 142
m 159 24 1 66 142
m 159 44 1 66 142
m 159 49 1 66 142
m 159 81 1 66 142
m 159 82 1 66 142
m 159 87 1 66 142
m 159 88 1 66 142
m 159 95 1 66 142
m 159 138 1 66 142
m 159 145 1 66 142
m 159 174 1 66 142
m 159 179 1 66 142
m 159 181 1 66 142
m 159 188 1 66 142
m 159 209 1 66 142
m 159 210 1 66 142
m 159 226 1 66 142
m 159 227 1 66 142
b 159 2 66 142
m 159 3 2 66 142
m 159 6 2 66 142
m 159 13 2 66 142
m 159 24 2 66 142
m 159 44 2 66 142
m 159 49 2 66 142
m 159 81 2 66 142
m 159 82 2 66 142
m 159 87 2 66 142
m 159 88 2 66 142
m 159 95 2 66 142
m 159 138 2 66 142
m 159 145 2 66 142
m 159 174 2 66 142
m 159 179 2 66 142
m 159 181 2 66 142
m 159 188 2 66 142
m 159 209 2 66 142
m 159 210 2 66 142
m 159 226 2 66 142
m 159 227 2 66 142
b 159 3 66 142
m 159 3 3 23.0 529.0 1.0
m 159 6 3 23.0 529.0 1.0
m 159 13 3 23.0 529.0 1.0
m 159 24 3 23.0 529.0 1.0
m 159 44 3 23.0 529.0 1.0
m 159 49 3 23.0 529.0 1.0
m 159 81 3 23.0 529.0 1.0
m 159 82 3 23.0 529.0 1.0
m 159 87 3 23.0 529.0 1.0
m 159 88 3 23.0 529.0 1.0
m 159 95 3 23.0 529.0 1.0
m 159 138 3 23.0 529.0 1.0
m 159 145 3 23.0 529.0 1.0
m 159 174 3 23.0 529.0 1.0
m 159 179 3 23.0 529.0 1.0
m 159 181 3 23.0 529.0 1.0
m 159 188 3 23.0 529.0 1.0
m 159 209 3 23.0 529.0 1.0
m 159 210 3 23.0 529.0 1.0
m 159 226 3 23.0 529.0 1.0
m 159 227 3 23.0 529.0 1.0
b 3 0 21 190
m 3 0 0 21 190
m 3 7 0 21 190
b 3 1 21 190
b 3 2 21 190
m 3 0 2 21 190
m 3 7 2 21 190
b 3 3 21 190
m 3 0 3 16.0 354.0 0.5
m 3 7 3 16.0 354.0 0.5
b 6 0 2 99
m 6 8 0 2 99
m 6 53 0 2 99
m 6 157 0 2 99
b 6 1 2 99
m 6 8 1 2 99
m 6 53 1 2 99
m 6 157 1 2 99
b 6 2 2 99
b 6 3 2 99
m 6 157 3 16.666666666666668 358.0 0.25
m 6 53 3 16.666666666666668 358.0 0.25
b 13 0 8 139
m 13 0 0 8 139
b 13 1 8 139
b 13 2 8 139
b 13 3 8 139
m 13 0 3 15.666666666666668 353.0 1.0
b 24 0 21 155
m 24 0 0 21 155
b 24 1 21 155
m 24 0 1 21 155
b 24 2 21 155
b 24 3 21 155
m 24 0 3 15.666666666666668 353.0 1.0
b 44 0 19 114
m 44 0 0 19 114
m 44 157 0 19 114
b 44 1 19 114
m 44 0 1 19 114
m 44 157 1 19 114
b 44 2 19 114
m 44 0 2 19 114
m 44 157 2 19 114
b 44 3 19 114
b 49 0 30 159
m 49 0 0 30 159
m 49 80 0 30 159
b 49 1 30 159
m 49 0 1 30 159
m 49 80 1 30 159
b 49 2 30 159
m 49 0 2 30 159
m 49 80 2 30 159
b 49 3 30 159
m 49 0 3 16.0 354.0 0.5
m 49 80 3 16.0 354.0 0.5
b 81 0 70 86
m 81 8 0 70 86
m 81 26 0 70 86
m 81 28 0 70 86
m 81 53 0 70 86
m 81 62 0 70 86
m 81 102 0 70 86
m 81 123 0 70 86
m 81 129 0 70 86
m 81 157 0 70 86
b 81 1 70 86
m 81 8 1 70 86
m 81 26 1 70 86
m 81 28 1 70 86
m 81 53 1 70 86
m 81 62 1 70 86
m 81 102 1 70 86
m 81 123 1 70 86
m 81 129 1 70 86
m 81 157 1 70 86
b 81 2 70 86
m 81 8 2 70 86
m 81 26 2 70 86
m 81 28 2 70 86
m 81 53 2 70 86
m 81 62 2 70 86
m 81 102 2 70 86
m 81 123 2 70 86
m 81 129 2 70 86
m 81 157 2 70 86
b 81 3 70 86
m 81 28 3 18.333333333333336 379.6666666666667 0.1111111111111111
m 81 53 3 18.333333333333336 379.6666666666667 0.1111111111111111
b 82 0 8 194
m 82 0 0 8 194
m 82 7 0 8 194
b 82 1 8 194
m 82 0 1 8 194
m 82 7 1 8 194
b 82 2 8 194
b 82 3 8 194
m 82 0 3 16.0 354.0 0.5
m 82 7 3 16.0 354.0 0.5
b 87 0 78 111
m 87 8 0 78 111
m 87 34 0 78 111
m 87 62 0 78 111
m 87 102 0 78 111
m 87 123 0 78 111
m 87 157 0 78 111
b 87 1 78 111
m 87 8 1 78 111
m 87 34 1 78 111
m 87 62 1 78 111
m 87 102 1 78 111
m 87 123 1 78 111
m 87 157 1 78 111
b 87 2 78 111
m 87 8 2 78 111
m 87 34 2 78 111
m 87 62 2 78 111
m 87 102 2 78 111
m 87 123 2 78 111
m 87 157 2 78 111
b 87 3 78 111
m 87 62 3 17.333333333333336 364.6666666666667 0.16666666666666666
m 87 102 3 17.333333333333336 364.6666666666667 0.16666666666666666
b 88 0 34 163
m 88 0 0 34 163
m 88 80 0 34 163
b 88 1 34 163
m 88 0 1 34 163
m 88 80 1 34 163
b 88 2 34 163
m 88 0 2 34 163
m 88 80 2 34 163
b 88 3 34 163
m 88 0 3 16.0 354.0 0.5
m 88 80 3 16.0 354.0 0.5
b 95 0 59 82
m 95 8 0 59 82
m 95 53 0 59 82
m 95 62 0 59 82
m 95 102 0 59 82
m 95 123 0 59 82
m 95 129 0 59 82
m 95 157 0 59 82
b 95 1 59 82
m 95 8 1 59 82
m 95 53 1 59 82
m 95 62 1 59 82
m 95 102 1 59 82
m 95 123 1 59 82
m 95 129 1 59 82
m 95 157 1 59 82
b 95 2 59 82
m 95 8 2 59 82
m 95 53 2 59 82
m 95 62 2 59 82
m 95 102 2 59 82
m 95 123 2 59 82
m 95 129 2 59 82
m 95 157 2 59 82
b 95 3 59 82
m 95 123 3 17.666666666666668 369.0 0.14285714285714285
b 138 0 19 133
m 138 0 0 19 133
b 138 1 19 133
m 138 0 1 19 133
b 138 2 19 133
b 138 3 19 133
m 138 0 3 15.666666666666668 353.0 1.0
b 145 0 83 137
m 145 34 0 83 137
m 145 80 0 83 137
m 145 157 0 83 137
b 145 1 83 137
m 145 34 1 83 137
m 145 80 1 83 137
m 145 157 1 83 137
b 145 2 83 137
b 145 3 83 137
m 145 157 3 16.333333333333336 355.6666666666667 0.3333333333333333
b 174 0 45 87
m 174 8 0 45 87
m 174 26 0 45 87
m 174 28 0 45 87
m 174 53 0 45 87
m 174 62 0 45 87
m 174 102 0 45 87
m 174 129 0 45 87
m 174 157 0 45 87
b 174 1 45 87
m 174 8 1 45 87
m 174 26 1 45 87
m 174 28 1 45 87
m 174 53 1 45 87
m 174 62 1 45 87
m 174 102 1 45 87
m 174 129 1 45 87
m 174 157 1 45 87
b 174 2 45 87
b 174 3 45 87
m 174 8 3 18.333333333333336 379.6666666666667 0.1111111111111111
m 174 28 3 18.333333333333336 379.6666666666667 0.1111111111111111
b 179 0 94 155
m 179 34 0 94 155
m 179 80 0 94 155
b 179 1 94 155
m 179 34 1 94 155
m 179 80 1 94 155
b 179 2 94 155
b 179 3 94 155
m 179 34 3 16.666666666666668 358.0 0.25
b 181 0 87 79
m 181 8 0 87 79
m 181 34 0 87 79
m 181 62 0 87 79
m 181 102 0 87 79
m 181 123 0 87 79
m 181 157 0 87 79
b 181 1 87 79
m 181 8 1 87 79
m 181 34 1 87 79
m 181 62 1 87 79
m 181 102 1 87 79
m 181 123 1 87 79
m 181 157 1 87 79
b 181 2 87 79
m 181 8 2 87 79
m 181 34 2 87 79
m 181 62 2 87 79
m 181 102 2 87 79
m 181 123 2 87 79
m 181 157 2 87 79
b 181 3 87 79
b 188 0 98 136
m 188 34 0 98 136
m 188 63 0 98 136
m 188 80 0 98 136
m 188 89 0 98 136
m 188 102 0 98 136
m 188 221 0 98 136
b 188 1 98 136
b 188 2 98 136
b 188 3 98 136
m 188 102 3 17.333333333333336 364.6666666666667 0.16666666666666666
m 188 221 3 17.333333333333336 364.6666666666667 0.16666666666666666
b 209 0 27 118
m 209 0 0 27 118
m 209 157 0 27 118
b 209 1 27 118
m 209 0 1 27 118
m 209 157 1 27 118
b 209 2 27 118
b 209 3 27 118
b 210 0 44 160
m 210 0 0 44 160
m 210 80 0 44 160
b 210 1 44 160
m 210 0 1 44 160
m 210 80 1 44 160
b 210 2 44 160
b 210 3 44 160
m 210 0 3 16.0 354.0 0.5
m 210 80 3 16.0 354.0 0.5
b 226 0 1 132
m 226 0 0 1 132
b 226 1 1 132
m 226 0 1 1 132
b 226 2 1 132
m 226 0 2 1 132
b 226 3 1 132
m 226 0 3 15.666666666666668 353.0 1.0
b 227 0 70 162
m 227 60 0 70 162
m 227 63 0 70 162
m 227 80 0 70 162
b 227 1 70 162
m 227 60 1 70 162
m 227 63 1 70 162
m 227 80 1 70 162
b 227 2 70 162
m 227 60 2 70 162
m 227 63 2 70 162
m 227 80 2 70 162
b 227 3 70 162
m 227 60 3 16.666666666666668 358.0 0.25
b 0 0 2 188
b 0 1 2 188
b 0 2 2 188
b 0 3 2 188
b 7 0 3 259
m 7 100 0 3 259
b 7 1 3 259
m 7 100 1 3 259
b 7 2 3 259
m 7 100 2 3 259
b 7 3 3 259
m 7 100 3 12.25 265.75 0.020408163265306145
b 8 0 58 73
b 8 1 58 73
b 8 2 58 73
b 8 3 58 73
m 8 26 3 14.250000000000002 285.75 0.5
m 8 129 3 14.250000000000002 285.75 0.5
b 26 0 69 38
b 26 1 69 38
b 26 2 69 38
b 28 0 77 9
m 28 235 0 77 9
b 28 1 77 9
m 28 235 1 77 9
b 28 2 77 9
b 28 3 77 9
m 28 26 3 14.500000000000002 287.0 0.3333333333333333
b 34 0 116 103
m 34 176 0 116 103
m 34 235 0 116 103
b 34 1 116 103
m 34 89 1 116 103
m 34 176 1 116 103
m 34 235 1 116 103
b 34 2 116 103
m 34 89 2 116 103
m 34 176 2 116 103
m 34 235 2 116 103
b 34 3 116 103
m 34 89 3 13.5 272.5 0.26580584490740733
m 34 63 3 13.5 272.5 0.26580584490740733
b 53 0 7 45
b 53 1 7 45
b 53 2 7 45
b 53 3 7 45
m 53 129 3 13.0 269.5 0.018291766826923017
b 60 0 103 203
m 60 59 0 103 203
m 60 69 0 103 203
m 60 142 0 103 203
m 60 231 0 103 203
b 60 1 103 203
m 60 59 1 103 203
m 60 69 1 103 203
m 60 142 1 103 203
m 60 221 1 103 203
m 60 231 1 103 203
b 60 2 103 203
b 60 3 103 203
m 60 63 3 14.0 277.5 0.346830822172619
m 60 142 3 14.0 277.5 0.346830822172619
b 62 0 74 24
m 62 235 0 74 24
b 62 1 74 24
b 62 2 74 24
m 62 235 2 74 24
b 62 3 74 24
m 62 26 3 13.750000000000002 275.75 0.016367126155993745
b 63 0 139 149
m 63 38 0 139 149
m 63 51 0 139 149
m 63 83 0 139 149
m 63 86 0 139 149
m 63 196 0 139 149
m 63 224 0 139 149
m 63 231 0 139 149
b 63 1 139 149
b 63 2 139 149
m 63 38 2 139 149
m 63 51 2 139 149
m 63 83 2 139 149
m 63 86 2 139 149
m 63 89 2 139 149
m 63 196 2 139 149
m 63 221 2 139 149
m 63 224 2 139 149
m 63 231 2 139 149
b 80 0 88 157
m 80 231 0 88 157
b 80 1 88 157
b 80 2 88 157
b 80 3 88 157
m 80 63 3 12.75 267.75 0.6844181459566075
m 80 231 3 12.75 267.75 0.6844181459566075
b 89 0 143 139
m 89 38 0 143 139
m 89 83 0 143 139
m 89 86 0 143 139
m 89 176 0 143 139
m 89 196 0 143 139
m 89 225 0 143 139
b 102 0 123 76
m 102 112 0 123 76
m 102 176 0 123 76
m 102 222 0 123 76
m 102 235 0 123 76
b 102 1 123 76
b 102 2 123 76
b 102 3 123 76
m 102 112 3 14.500000000000002 282.5 0.17960597436406558
m 102 222 3 14.500000000000002 282.5 0.17960597436406558
b 123 0 107 16
m 123 176 0 107 16
m 123 222 0 107 16
m 123 235 0 107 16
b 123 1 107 16
m 123 176 1 107 16
m 123 222 1 107 16
m 123 235 1 107 16
b 123 2 107 16
m 123 176 2 107 16
m 123 222 2 107 16
m 123 235 2 107 16
b 123 3 107 16
m 123 176 3 14.25 280.75 0.05061158589072301
b 129 0 11 55
b 129 1 11 55
b 129 2 11 55
b 157 0 73 71
b 157 1 73 71
b 157 2 73 71
b 157 3 73 71
m 157 26 3 13.25 270.75 0.18369202044025157
b 221 0 146 168
m 221 38 0 146 168
m 221 51 0 146 168
m 221 83 0 146 168
m 221 86 0 146 168
m 221 196 0 146 168
m 221 224 0 146 168
m 221 231 0 146 168
b 221 3 146 168
m 221 63 3 15.250000000000002 293.75 0.2320708739323635
m 221 224 3 15.250000000000002 293.75 0.2320708739323635
m 221 83 3 15.250000000000002 293.75 0.2320708739323635
b 26 3 70 50
m 26 235 3 11.600000000000001 228.79999999999998 0.017241379310344862
b 38 0 219 180
m 38 1 0 219 180
m 38 39 0 219 180
m 38 182 0 219 180
m 38 204 0 219 180
m 38 205 0 219 180
m 38 217 0 219 180
b 38 2 219 180
b 51 0 212 198
m 51 1 0 212 198
m 51 39 0 212 198
m 51 182 0 212 198
m 51 204 0 212 198
m 51 217 0 212 198
b 51 2 212 198
m 51 1 2 212 198
m 51 39 2 212 198
m 51 69 2 212 198
m 51 182 2 212 198
m 51 204 2 212 198
m 51 217 2 212 198
b 59 0 130 261
m 59 5 0 130 261
m 59 14 0 130 261
m 59 52 0 130 261
m 59 57 0 130 261
m 59 66 0 130 261
m 59 125 0 130 261
m 59 126 0 130 261
m 59 149 0 130 261
m 59 156 0 130 261
m 59 201 0 130 261
b 59 1 130 261
m 59 5 1 130 261
m 59 14 1 130 261
m 59 52 1 130 261
m 59 57 1 130 261
m 59 66 1 130 261
m 59 125 1 130 261
m 59 126 1 130 261
m 59 149 1 130 261
m 59 156 1 130 261
m 59 201 1 130 261
b 63 3 134 138
m 63 86 3 11.0 218.2 1.0
b 69 0 177 261
m 69 5 0 177 261
m 69 14 0 177 261
m 69 40 0 177 261
m 69 52 0 177 261
m 69 85 0 177 261
m 69 92 0 177 261
m 69 125 0 177 261
m 69 126 0 177 261
m 69 127 0 177 261
m 69 149 0 177 261
m 69 158 0 177 261
m 69 182 0 177 261
m 69 204 0 177 261
b 69 1 177 261
m 69 5 1 177 261
m 69 14 1 177 261
m 69 40 1 177 261
m 69 51 1 177 261
m 69 52 1 177 261
m 69 85 1 177 261
m 69 92 1 177 261
m 69 125 1 177 261
m 69 126 1 177 261
m 69 127 1 177 261
m 69 149 1 177 261
m 69 158 1 177 261
m 69 182 1 177 261
m 69 204 1 177 261
b 83 0 151 161
m 83 204 0 151 161
m 83 217 0 151 161
b 83 2 151 161
b 83 3 151 161
m 83 86 3 13.4 242.2 0.13867414691421812
b 86 0 177 149
m 86 153 0 177 149
m 86 204 0 177 149
m 86 217 0 177 149
b 86 2 177 149
m 86 153 2 177 149
m 86 204 2 177 149
m 86 217 2 177 149
b 89 1 136 148
m 89 83 1 136 148
m 89 86 1 136 148
b 89 2 136 148
b 89 3 136 148
m 89 86 3 11.200000000000001 218.8 0.01799650714968803
b 100 0 6 309
m 100 17 0 6 309
m 100 107 0 6 309
b 100 1 6 309
m 100 17 1 6 309
m 100 107 1 6 309
b 100 2 6 309
m 100 17 2 6 309
m 100 107 2 6 309
b 100 3 6 309
m 100 17 3 10.4 214.4 0.03436813960905258
b 112 0 156 53
m 112 42 0 156 53
m 112 173 0 156 53
m 112 193 0 156 53
m 112 213 0 156 53
b 112 3 156 53
m 112 173 3 12.8 233.2 0.1918889622330633
m 112 42 3 12.8 233.2 0.1918889622330633
b 129 3 3 63
b 142 0 129 225
m 142 5 0 129 225
m 142 125 0 129 225
m 142 126 0 129 225
m 142 201 0 129 225
b 142 1 129 225
b 142 3 129 225
m 142 59 3 13.0 238.2 0.48084829035393106
m 142 69 3 13.0 238.2 0.48084829035393106
m 142 126 3 13.0 238.2 0.48084829035393106
m 142 125 3 13.0 238.2 0.48084829035393106
b 176 0 136 58
m 176 42 0 136 58
m 176 193 0 136 58
m 176 213 0 136 58
b 176 1 136 58
b 176 2 136 58
m 176 42 2 136 58
m 176 112 2 136 58
m 176 193 2 136 58
m 176 213 2 136 58
b 176 3 136 58
m 176 213 3 12.200000000000001 227.79999999999998 0.05339800174728483
b 196 0 222 170
m 196 1 0 222 170
m 196 12 0 222 170
m 196 153 0 222 170
m 196 182 0 222 170
m 196 204 0 222 170
m 196 205 0 222 170
m 196 217 0 222 170
b 196 2 222 170
m 196 1 2 222 170
m 196 12 2 222 170
m 196 153 2 222 170
m 196 182 2 222 170
m 196 204 2 222 170
m 196 205 2 222 170
m 196 217 2 222 170
m 196 225 2 222 170
b 221 1 139 177
b 221 2 139 177
m 221 142 2 139 177
b 222 0 172 14
m 222 42 0 172 14
m 222 173 0 172 14
m 222 193 0 172 14
m 222 213 0 172 14
b 222 1 172 14
m 222 42 1 172 14
m 222 112 1 172 14
m 222 173 1 172 14
m 222 193 1 172 14
m 222 213 1 172 14
b 222 2 172 14
m 222 42 2 172 14
m 222 112 2 172 14
m 222 173 2 172 14
m 222 193 2 172 14
m 222 213 2 172 14
b 222 3 172 14
m 222 173 3 12.600000000000001 231.0 0.15708821041394389
b 224 0 218 199
m 224 1 0 218 199
m 224 39 0 218 199
m 224 182 0 218 199
m 224 204 0 218 199
m 224 217 0 218 199
b 224 2 218 199
b 224 3 218 199
m 224 39 3 14.600000000000001 263.8 0.3014664062219069
m 224 217 3 14.600000000000001 263.8 0.3014664062219069
b 225 0 215 89
m 225 19 0 215 89
m 225 36 0 215 89
m 225 42 0 215 89
m 225 50 0 215 89
m 225 115 0 215 89
m 225 153 0 215 89
m 225 173 0 215 89
m 225 193 0 215 89
m 225 213 0 215 89
m 225 217 0 215 89
b 231 0 145 190
m 231 182 0 145 190
m 231 204 0 145 190
b 231 1 145 190
m 231 38 1 145 190
m 231 51 1 145 190
m 231 83 1 145 190
m 231 86 1 145 190
m 231 182 1 145 190
m 231 204 1 145 190
m 231 224 1 145 190
b 231 2 145 190
m 231 142 2 145 190
m 231 182 2 145 190
m 231 204 2 145 190
b 231 3 145 190
m 231 38 3 11.6 224.0 1.0
m 231 51 3 11.6 224.0 1.0
m 231 86 3 11.6 224.0 1.0
m 231 182 3 11.6 224.0 1.0
m 231 204 3 11.6 224.0 1.0
b 235 0 109 64
b 235 1 109 64
b 235 2 109 64
b 1 0 237 212
m 1 37 0 237 212
m 1 43 0 237 212
m 1 130 0 237 212
m 1 175 0 237 212
m 1 218 0 237 212
b 1 2 237 212
m 1 37 2 237 212
m 1 43 2 237 212
m 1 127 2 237 212
m 1 130 2 237 212
m 1 175 2 237 212
m 1 218 2 237 212
b 5 0 142 299
m 5 55 0 142 299
b 5 1 142 299
m 5 55 1 142 299
b 12 0 296 162
m 12 22 0 296 162
m 12 31 0 296 162
m 12 56 0 296 162
m 12 74 0 296 162
m 12 75 0 296 162
m 12 90 0 296 162
m 12 135 0 296 162
m 12 143 0 296 162
m 12 175 0 296 162
m 12 218 0 296 162
b 12 2 296 162
m 12 22 2 296 162
m 12 31 2 296 162
m 12 36 2 296 162
m 12 56 2 296 162
m 12 74 2 296 162
m 12 75 2 296 162
m 12 90 2 296 162
m 12 115 2 296 162
m 12 135 2 296 162
m 12 143 2 296 162
m 12 175 2 296 162
m 12 218 2 296 162
b 14 0 137 302
m 14 55 0 137 302
b 14 1 137 302
b 17 0 18 347
m 17 61 0 18 347
m 17 104 0 18 347
m 17 114 0 18 347
m 17 146 0 18 347
m 17 180 0 18 347
b 17 1 18 347
m 17 61 1 18 347
m 17 104 1 18 347
m 17 114 1 18 347
m 17 146 1 18 347
m 17 180 1 18 347
b 17 2 18 347
b 17 3 18 347
m 17 114 3 9.666666666666666 184.66666666666666 0.05287674217741659
b 19 0 219 97
m 19 10 0 219 97
m 19 233 0 219 97
b 36 0 293 94
m 36 56 0 293 94
m 36 108 0 293 94
m 36 143 0 293 94
b 38 1 230 176
m 38 1 1 230 176
m 38 39 1 230 176
m 38 196 1 230 176
m 38 205 1 230 176
m 38 217 1 230 176
m 38 218 1 230 176
b 38 3 230 176
m 38 1 3 11.0 197.33333333333331 1.0
m 38 196 3 11.0 197.33333333333331 1.0
m 38 205 3 11.0 197.33333333333331 1.0
m 38 218 3 11.0 197.33333333333331 1.0
b 39 0 264 225
m 39 37 0 264 225
m 39 43 0 264 225
m 39 117 0 264 225
m 39 130 0 264 225
m 39 175 0 264 225
m 39 208 0 264 225
m 39 215 0 264 225
m 39 218 0 264 225
b 39 2 264 225
b 39 3 264 225
m 39 215 3 14.5 252.5 0.3544445342871393
m 39 117 3 14.5 252.5 0.3544445342871393
m 39 196 3 14.5 252.5 0.3544445342871393
b 40 0 146 323
m 40 48 0 146 323
m 40 55 0 146 323
b 40 1 146 323
m 40 48 1 146 323
m 40 55 1 146 323
b 42 0 227 33
m 42 10 0 227 33
m 42 183 0 227 33
m 42 214 0 227 33
m 42 233 0 227 33
b 42 1 227 33
m 42 10 1 227 33
m 42 19 1 227 33
m 42 50 1 227 33
m 42 153 1 227 33
m 42 183 1 227 33
m 42 214 1 227 33
m 42 225 1 227 33
m 42 233 1 227 33
b 42 2 227 33
m 42 10 2 227 33
m 42 19 2 227 33
m 42 50 2 227 33
m 42 183 2 227 33
m 42 214 2 227 33
m 42 233 2 227 33
b 42 3 227 33
m 42 50 3 12.333333333333332 211.0 0.27607086738929376
m 42 214 3 12.333333333333332 211.0 0.27607086738929376
m 42 183 3 12.333333333333332 211.0 0.27607086738929376
b 50 0 254 75
m 50 10 0 254 75
m 50 108 0 254 75
m 50 183 0 254 75
m 50 214 0 254 75
m 50 233 0 254 75
b 51 1 224 198
m 51 1 1 224 198
m 51 37 1 224 198
m 51 39 1 224 198
m 51 43 1 224 198
m 51 130 1 224 198
m 51 196 1 224 198
m 51 217 1 224 198
m 51 218 1 224 198
b 51 3 224 198
m 51 1 3 11.0 197.33333333333331 1.0
m 51 37 3 11.0 197.33333333333331 1.0
m 51 43 3 11.0 197.33333333333331 1.0
m 51 127 3 11.0 197.33333333333331 1.0
m 51 130 3 11.0 197.33333333333331 1.0
m 51 196 3 11.0 197.33333333333331 1.0
m 51 218 3 11.0 197.33333333333331 1.0
b 52 0 97 325
m 52 55 0 97 325
m 52 114 0 97 325
m 52 146 0 97 325
b 52 1 97 325
m 52 55 1 97 325
m 52 114 1 97 325
m 52 146 1 97 325
b 57 0 106 282
m 57 55 0 106 282
m 57 114 0 106 282
b 57 1 106 282
m 57 55 1 106 282
m 57 114 1 106 282
b 59 3 141 259
m 59 52 3 12.333333333333334 212.0 0.5123223743584236
m 59 55 3 12.333333333333334 212.0 0.5123223743584236
m 59 14 3 12.333333333333334 212.0 0.5123223743584236
m 59 57 3 12.333333333333334 212.0 0.5123223743584236
b 66 0 136 351
m 66 9 0 136 351
m 66 48 0 136 351
m 66 55 0 136 351
m 66 114 0 136 351
m 66 146 0 136 351
m 66 162 0 136 351
b 66 1 136 351
b 69 2 188 258
m 69 5 2 188 258
m 69 14 2 188 258
m 69 40 2 188 258
m 69 59 2 188 258
m 69 85 2 188 258
m 69 92 2 188 258
m 69 127 2 188 258
m 69 149 2 188 258
m 69 158 2 188 258
b 69 3 188 258
m 69 158 3 12.5 215.16666666666666 0.5566566282790021
m 69 92 3 12.5 215.16666666666666 0.5566566282790021
m 69 14 3 12.5 215.16666666666666 0.5566566282790021
m 69 127 3 12.5 215.16666666666666 0.5566566282790021
m 69 5 3 12.5 215.16666666666666 0.5566566282790021
b 83 1 141 154
b 85 0 178 331
m 85 9 0 178 331
m 85 33 0 178 331
m 85 48 0 178 331
m 85 76 0 178 331
m 85 133 0 178 331
b 85 1 178 331
b 86 1 171 138
m 86 196 1 171 138
m 86 217 1 171 138
b 86 3 171 138
m 86 196 3 9.666666666666666 183.33333333333334 1.0
b 92 0 208 324
m 92 33 0 208 324
m 92 71 0 208 324
m 92 76 0 208 324
m 92 97 0 208 324
m 92 133 0 208 324
m 92 140 0 208 324
m 92 184 0 208 324
b 92 1 208 324
m 92 33 1 208 324
m 92 71 1 208 324
m 92 76 1 208 324
m 92 97 1 208 324
m 92 133 1 208 324
m 92 140 1 208 324
m 92 184 1 208 324
b 107 0 45 318
m 107 55 0 45 318
m 107 114 0 45 318
m 107 146 0 45 318
b 107 1 45 318
m 107 55 1 45 318
m 107 114 1 45 318
m 107 146 1 45 318
b 107 2 45 318
b 112 1 144 54
b 112 2 144 54
b 115 0 284 110
m 115 56 0 284 110
m 115 108 0 284 110
m 115 143 0 284 110
b 125 0 100 289
m 125 55 0 100 289
m 125 114 0 100 289
b 125 1 100 289
m 125 55 1 100 289
m 125 114 1 100 289
b 125 3 100 289
m 125 40 3 13.0 226.66666666666666 0.6458504055641918
m 125 149 3 13.0 226.66666666666666 0.6458504055641918
m 125 156 3 13.0 226.66666666666666 0.6458504055641918
m 125 14 3 13.0 226.66666666666666 0.6458504055641918
m 125 5 3 13.0 226.66666666666666 0.6458504055641918
m 125 52 3 13.0 226.66666666666666 0.6458504055641918
m 125 85 3 13.0 226.66666666666666 0.6458504055641918
m 125 55 3 13.0 226.66666666666666 0.6458504055641918
m 125 66 3 13.0 226.66666666666666 0.6458504055641918
b 126 0 90 293
m 126 55 0 90 293
m 126 114 0 90 293
m 126 146 0 90 293
b 126 1 90 293
m 126 55 1 90 293
m 126 114 1 90 293
m 126 146 1 90 293
b 126 3 90 293
m 126 14 3 13.166666666666668 231.16666666666666 0.6662505437409056
m 126 5 3 13.166666666666668 231.16666666666666 0.6662505437409056
m 126 52 3 13.166666666666668 231.16666666666666 0.6662505437409056
m 126 55 3 13.166666666666668 231.16666666666666 0.6662505437409056
m 126 146 3 13.166666666666668 231.16666666666666 0.6662505437409056
m 126 57 3 13.166666666666668 231.16666666666666 0.6662505437409056
m 126 66 3 13.166666666666668 231.16666666666666 0.6662505437409056
m 126 107 3 13.166666666666668 231.16666666666666 0.6662505437409056
m 126 114 3 13.166666666666668 231.16666666666666 0.6662505437409056
b 127 0 228 252
m 127 37 0 228 252
m 127 43 0 228 252
m 127 130 0 228 252
m 127 133 0 228 252
m 127 140 0 228 252
b 127 1 228 252
m 127 1 1 228 252
m 127 37 1 228 252
m 127 39 1 228 252
m 127 43 1 228 252
m 127 130 1 228 252
m 127 133 1 228 252
m 127 140 1 228 252
b 142 2 128 213
b 149 0 154 283
b 149 1 154 283
b 153 0 226 95
m 153 233 0 226 95
b 153 2 226 95
m 153 19 2 226 95
m 153 36 2 226 95
m 153 50 2 226 95
m 153 115 2 226 95
m 153 233 2 226 95
b 156 0 97 334
m 156 55 0 97 334
m 156 114 0 97 334
m 156 146 0 97 334
b 156 1 97 334
m 156 55 1 97 334
m 156 114 1 97 334
m 156 146 1 97 334
b 158 0 169 325
m 158 33 0 169 325
m 158 76 0 169 325
m 158 133 0 169 325
m 158 140 0 169 325
b 158 1 169 325
m 158 33 1 169 325
m 158 76 1 169 325
m 158 133 1 169 325
m 158 140 1 169 325
b 173 0 210 73
m 173 10 0 210 73
m 173 183 0 210 73
m 173 233 0 210 73
b 173 1 210 73
b 173 2 210 73
b 173 3 210 73
m 173 10 3 12.166666666666666 207.83333333333334 0.26429596086036666
m 173 50 3 12.166666666666666 207.83333333333334 0.26429596086036666
b 182 0 230 227
m 182 37 0 230 227
m 182 43 0 230 227
m 182 130 0 230 227
m 182 218 0 230 227
b 182 1 230 227
b 182 2 230 227
b 182 3 230 227
m 182 1 3 11.166666666666666 200.16666666666666 1.0
m 182 37 3 11.166666666666666 200.16666666666666 1.0
m 182 43 3 11.166666666666666 200.16666666666666 1.0
m 182 127 3 11.166666666666666 200.16666666666666 1.0
m 182 130 3 11.166666666666666 200.16666666666666 1.0
m 182 196 3 11.166666666666666 200.16666666666666 1.0
m 182 218 3 11.166666666666666 200.16666666666666 1.0
b 193 0 229 17
m 193 10 0 229 17
m 193 108 0 229 17
m 193 183 0 229 17
m 193 214 0 229 17
m 193 233 0 229 17
b 193 1 229 17
m 193 10 1 229 17
m 193 19 1 229 17
m 193 50 1 229 17
m 193 108 1 229 17
m 193 183 1 229 17
m 193 214 1 229 17
m 193 225 1 229 17
m 193 233 1 229 17
b 193 2 229 17
b 201 0 105 270
m 201 55 0 105 270
b 201 1 105 270
m 201 55 1 105 270
b 204 0 202 193
m 204 37 0 202 193
m 204 130 0 202 193
m 204 218 0 202 193
b 204 1 202 193
m 204 1 1 202 193
m 204 37 1 202 193
m 204 39 1 202 193
m 204 130 1 202 193
m 204 196 1 202 193
m 204 217 1 202 193
m 204 218 1 202 193
b 204 2 202 193
b 204 3 202 193
m 204 1 3 11.0 197.33333333333331 1.0
m 204 37 3 11.0 197.33333333333331 1.0
m 204 127 3 11.0 197.33333333333331 1.0
m 204 130 3 11.0 197.33333333333331 1.0
m 204 196 3 11.0 197.33333333333331 1.0
m 204 218 3 11.0 197.33333333333331 1.0
b 205 0 266 149
m 205 31 0 266 149
m 205 56 0 266 149
m 205 90 0 266 149
m 205 135 0 266 149
m 205 143 0 266 149
m 205 175 0 266 149
m 205 218 0 266 149
b 205 2 266 149
m 205 31 2 266 149
m 205 36 2 266 149
m 205 56 2 266 149
m 205 90 2 266 149
m 205 115 2 266 149
m 205 135 2 266 149
m 205 143 2 266 149
m 205 175 2 266 149
m 205 218 2 266 149
b 213 0 181 34
m 213 183 0 181 34
m 213 233 0 181 34
b 213 1 181 34
m 213 19 1 181 34
m 213 183 1 181 34
m 213 225 1 181 34
m 213 233 1 181 34
b 213 2 181 34
b 213 3 181 34
m 213 183 3 11.000000000000002 194.0 0.06658133704120885
b 217 0 213 142
b 217 2 213 142
b 217 3 213 142
m 217 1 3 13.333333333333332 228.0 0.11545727853057293
b 224 1 229 205
m 224 1 1 229 205
m 224 37 1 229 205
m 224 39 1 229 205
m 224 130 1 229 205
m 224 196 1 229 205
m 224 217 1 229 205
m 224 218 1 229 205
b 225 2 212 77
b 235 3 100 72
b 1 1 232 223
b 1 3 232 223
b 5 2 154 299
b 5 3 154 299
m 5 201 3 10.857142857142856 184.57142857142856 1.0
b 9 0 144 411
m 9 4 0 144 411
m 9 41 0 144 411
m 9 119 0 144 411
m 9 128 0 144 411
m 9 223 0 144 411
b 10 0 272 63
b 10 1 272 63
m 10 36 1 272 63
b 10 2 272 63
m 10 108 2 272 63
b 10 3 272 63
m 10 36 3 11.571428571428571 187.28571428571428 0.24784312456887453
m 10 19 3 11.571428571428571 187.28571428571428 0.24784312456887453
b 14 2 148 299
m 14 52 2 148 299
m 14 55 2 148 299
m 14 57 2 148 299
m 14 66 2 148 299
m 14 125 2 148 299
m 14 126 2 148 299
m 14 156 2 148 299
m 14 201 2 148 299
b 14 3 148 299
m 14 201 3 10.714285714285714 181.85714285714286 1.0
b 19 1 208 102
b 19 2 208 102
b 22 0 376 190
m 22 16 0 376 190
m 22 18 0 376 190
m 22 35 0 376 190
m 22 58 0 376 190
m 22 64 0 376 190
m 22 101 0 376 190
m 22 118 0 376 190
m 22 124 0 376 190
m 22 136 0 376 190
m 22 194 0 376 190
m 22 220 0 376 190
b 22 2 376 190
m 22 16 2 376 190
m 22 18 2 376 190
m 22 35 2 376 190
m 22 58 2 376 190
m 22 64 2 376 190
m 22 101 2 376 190
m 22 118 2 376 190
m 22 124 2 376 190
m 22 136 2 376 190
m 22 194 2 376 190
m 22 220 2 376 190
b 31 0 342 211
m 31 18 0 342 211
m 31 58 0 342 211
m 31 101 0 342 211
m 31 124 0 342 211
m 31 136 0 342 211
m 31 150 0 342 211
m 31 194 0 342 211
b 31 2 342 211
m 31 18 2 342 211
m 31 58 2 342 211
m 31 101 2 342 211
m 31 124 2 342 211
m 31 136 2 342 211
m 31 150 2 342 211
m 31 194 2 342 211
m 31 215 2 342 211
b 33 0 251 361
m 33 106 0 251 361
m 33 165 0 251 361
m 33 178 0 251 361
m 33 190 0 251 361
m 33 239 0 251 361
b 33 1 251 361
b 36 2 304 89
m 36 108 2 304 89
b 37 0 243 219
b 37 1 243 219
m 37 117 1 243 219
m 37 135 1 243 219
m 37 175 1 243 219
b 37 2 243 219
m 37 117 2 243 219
m 37 140 2 243 219
b 37 3 243 219
m 37 175 3 9.857142857142858 170.42857142857142 0.3333333333333333
b 39 1 273 217
m 39 12 1 273 217
m 39 74 1 273 217
m 39 117 1 273 217
m 39 135 1 273 217
m 39 175 1 273 217
m 39 215 1 273 217
b 40 2 135 320
m 40 48 2 135 320
m 40 52 2 135 320
m 40 55 2 135 320
m 40 57 2 135 320
m 40 66 2 135 320
m 40 114 2 135 320
m 40 125 2 135 320
m 40 156 2 135 320
m 40 201 2 135 320
b 40 3 135 320
m 40 201 3 11.428571428571429 194.85714285714286 0.5
m 40 48 3 11.428571428571429 194.85714285714286 0.5
b 43 0 273 212
m 43 150 0 273 212
b 43 1 273 212
b 43 2 273 212
m 43 117 2 273 212
m 43 140 2 273 212
m 43 150 2 273 212
m 43 215 2 273 212
b 43 3 273 212
m 43 12 3 10.571428571428571 178.28571428571428 1.0
m 43 31 3 10.571428571428571 178.28571428571428 1.0
m 43 74 3 10.571428571428571 178.28571428571428 1.0
m 43 90 3 10.571428571428571 178.28571428571428 1.0
m 43 135 3 10.571428571428571 178.28571428571428 1.0
m 43 140 3 10.571428571428571 178.28571428571428 1.0
m 43 150 3 10.571428571428571 178.28571428571428 1.0
m 43 175 3 10.571428571428571 178.28571428571428 1.0
b 48 0 140 402
m 48 4 0 140 402
m 48 41 0 140 402
m 48 119 0 140 402
m 48 128 0 140 402
m 48 223 0 140 402
b 48 1 140 402
b 50 1 243 72
m 50 36 1 243 72
m 50 115 1 243 72
b 50 2 243 72
b 50 3 243 72
m 50 36 3 11.714285714285714 190.0 0.22608979367304577
m 50 115 3 11.714285714285714 190.0 0.22608979367304577
b 52 3 88 333
m 52 201 3 10.857142857142858 182.2857142857143 0.5
b 55 0 105 307
b 55 1 105 307
b 55 3 105 307
m 55 201 3 10.714285714285714 181.85714285714286 1.0
b 56 0 327 127
m 56 18 0 327 127
m 56 136 0 327 127
m 56 164 0 327 127
b 56 2 327 127
m 56 18 2 327 127
m 56 136 2 327 127
m 56 164 2 327 127
b 57 3 117 276
m 57 201 3 10.714285714285714 181.85714285714286 1.0
b 59 2 153 256
b 61 0 48 385
m 61 128 0 48 385
m 61 161 0 48 385
m 61 169 0 48 385
b 61 1 48 385
m 61 128 1 48 385
m 61 161 1 48 385
m 61 162 1 48 385
m 61 169 1 48 385
b 66 3 141 362
m 66 48 3 11.857142857142856 197.85714285714286 0.2
b 71 0 303 329
m 71 27 0 303 329
m 71 106 0 303 329
m 71 141 0 303 329
m 71 150 0 303 329
m 71 185 0 303 329
m 71 191 0 303 329
m 71 199 0 303 329
m 71 202 0 303 329
m 71 239 0 303 329
b 71 1 303 329
m 71 27 1 303 329
m 71 106 1 303 329
m 71 117 1 303 329
m 71 141 1 303 329
m 71 150 1 303 329
m 71 185 1 303 329
m 71 191 1 303 329
m 71 199 1 303 329
m 71 202 1 303 329
m 71 208 1 303 329
m 71 239 1 303 329
b 74 0 314 219
m 74 58 0 314 219
m 74 101 0 314 219
m 74 136 0 314 219
m 74 150 0 314 219
m 74 194 0 314 219
b 74 2 314 219
b 75 0 372 158
m 75 16 0 372 158
m 75 18 0 372 158
m 75 35 0 372 158
m 75 118 0 372 158
m 75 124 0 372 158
m 75 136 0 372 158
m 75 164 0 372 158
m 75 194 0 372 158
m 75 220 0 372 158
b 75 2 372 158
m 75 16 2 372 158
m 75 18 2 372 158
m 75 35 2 372 158
m 75 118 2 372 158
m 75 124 2 372 158
m 75 136 2 372 158
m 75 164 2 372 158
m 75 194 2 372 158
m 75 220 2 372 158
b 76 0 219 348
m 76 165 0 219 348
m 76 178 0 219 348
b 76 1 219 348
m 76 165 1 219 348
m 76 178 1 219 348
b 85 2 189 332
m 85 33 2 189 332
m 85 66 2 189 332
m 85 76 2 189 332
m 85 133 2 189 332
m 85 184 2 189 332
b 85 3 189 332
m 85 76 3 11.857142857142856 197.85714285714286 0.2
m 85 33 3 11.857142857142856 197.85714285714286 0.2
b 90 0 303 155
m 90 18 0 303 155
m 90 136 0 303 155
m 90 164 0 303 155
m 90 194 0 303 155
b 90 2 303 155
b 92 2 199 332
m 92 33 2 199 332
m 92 76 2 199 332
m 92 97 2 199 332
m 92 133 2 199 332
m 92 140 2 199 332
m 92 184 2 199 332
b 92 3 199 332
m 92 76 3 11.571428571428571 189.57142857142856 0.23308187808116682
m 92 33 3 11.571428571428571 189.57142857142856 0.23308187808116682
b 97 0 275 358
m 97 27 0 275 358
m 97 106 0 275 358
m 97 141 0 275 358
m 97 165 0 275 358
m 97 178 0 275 358
m 97 185 0 275 358
m 97 191 0 275 358
m 97 199 0 275 358
m 97 239 0 275 358
b 97 1 275 358
m 97 27 1 275 358
m 97 106 1 275 358
m 97 141 1 275 358
m 97 165 1 275 358
m 97 178 1 275 358
m 97 185 1 275 358
m 97 191 1 275 358
m 97 199 1 275 358
m 97 239 1 275 358
b 104 0 32 400
m 104 161 0 32 400
m 104 169 0 32 400
m 104 206 0 32 400
m 104 207 0 32 400
b 104 1 32 400
m 104 161 1 32 400
m 104 162 1 32 400
m 104 169 1 32 400
m 104 206 1 32 400
m 104 207 1 32 400
b 107 3 33 316
b 108 0 285 13
m 108 91 0 285 13
b 108 1 285 13
m 108 36 1 285 13
m 108 91 1 285 13
b 114 0 100 361
m 114 128 0 100 361
b 114 1 100 361
m 114 128 1 100 361
m 114 162 1 100 361
b 114 3 100 361
m 114 162 3 9.142857142857144 163.42857142857142 0.05646480682516987
b 115 2 280 122
b 117 0 289 272
m 117 58 0 289 272
m 117 101 0 289 272
m 117 141 0 289 272
m 117 150 0 289 272
m 117 191 0 289 272
m 117 199 0 289 272
b 117 3 289 272
m 117 74 3 14.142857142857142 237.0 0.31190276606016243
m 117 199 3 14.142857142857142 237.0 0.31190276606016243
m 117 101 3 14.142857142857142 237.0 0.31190276606016243
b 127 2 232 241
b 127 3 232 241
m 127 140 3 9.571428571428571 169.28571428571428 1.0
b 130 0 239 226
b 130 1 239 226
m 130 117 1 239 226
m 130 175 1 239 226
b 130 2 239 226
m 130 117 2 239 226
m 130 140 2 239 226
b 130 3 239 226
m 130 140 3 9.714285714285715 169.71428571428572 0.5
m 130 175 3 9.714285714285715 169.71428571428572 0.5
b 133 0 252 344
m 133 27 0 252 344
m 133 106 0 252 344
m 133 141 0 252 344
m 133 165 0 252 344
m 133 178 0 252 344
m 133 185 0 252 344
m 133 199 0 252 344
m 133 239 0 252 344
b 133 1 252 344
m 133 27 1 252 344
m 133 106 1 252 344
m 133 141 1 252 344
m 133 165 1 252 344
m 133 178 1 252 344
m 133 185 1 252 344
m 133 199 1 252 344
m 133 239 1 252 344
b 135 0 299 197
m 135 58 0 299 197
m 135 136 0 299 197
b 135 2 299 197
m 135 58 2 299 197
m 135 136 2 299 197
m 135 215 2 299 197
b 140 0 244 269
b 140 1 244 269
m 140 117 1 244 269
m 140 208 1 244 269
b 143 0 319 139
m 143 18 0 319 139
m 143 136 0 319 139
m 143 164 0 319 139
b 143 2 319 139
m 143 18 2 319 139
m 143 136 2 319 139
m 143 164 2 319 139
b 146 0 82 384
m 146 128 0 82 384
b 146 1 82 384
b 146 3 82 384
m 146 104 3 12.142857142857144 203.28571428571428 0.16666666666666666
m 146 162 3 12.142857142857144 203.28571428571428 0.16666666666666666
b 149 2 144 288
m 149 52 2 144 288
m 149 55 2 144 288
m 149 57 2 144 288
m 149 66 2 144 288
m 149 125 2 144 288
m 149 201 2 144 288
b 149 3 144 288
m 149 201 3 11.285714285714285 194.42857142857142 1.0
b 153 1 222 84
m 153 36 1 222 84
b 156 3 91 344
m 156 201 3 11.571428571428571 195.57142857142856 0.3333333333333333
b 158 2 158 323
m 158 66 2 158 323
m 158 76 2 158 323
m 158 156 2 158 323
b 158 3 158 323
m 158 76 3 11.0 185.0 0.5
b 162 0 104 423
m 162 4 0 104 423
m 162 41 0 104 423
m 162 128 0 104 423
m 162 131 0 104 423
m 162 154 0 104 423
m 162 169 0 104 423
m 162 206 0 104 423
m 162 223 0 104 423
b 175 0 307 186
m 175 58 0 307 186
m 175 136 0 307 186
m 175 194 0 307 186
b 175 2 307 186
m 175 58 2 307 186
m 175 136 2 307 186
m 175 194 2 307 186
m 175 215 2 307 186
b 180 0 55 392
m 180 128 0 55 392
m 180 169 0 55 392
m 180 206 0 55 392
b 180 1 55 392
b 183 0 213 1
b 183 1 213 1
b 183 2 213 1
b 183 3 213 1
m 183 193 3 11.142857142857142 183.14285714285714 0.25
m 183 108 3 11.142857142857142 183.14285714285714 0.25
b 184 0 227 365
m 184 27 0 227 365
m 184 106 0 227 365
m 184 141 0 227 365
m 184 165 0 227 365
m 184 178 0 227 365
m 184 185 0 227 365
m 184 190 0 227 365
m 184 199 0 227 365
m 184 239 0 227 365
b 184 1 227 365
m 184 27 1 227 365
m 184 106 1 227 365
m 184 141 1 227 365
m 184 165 1 227 365
m 184 178 1 227 365
m 184 185 1 227 365
m 184 190 1 227 365
m 184 199 1 227 365
m 184 239 1 227 365
b 196 1 243 183
m 196 12 1 243 183
b 196 3 243 183
m 196 12 3 9.571428571428571 169.28571428571428 1.0
b 205 1 267 137
m 205 12 1 267 137
m 205 36 1 267 137
m 205 56 1 267 137
m 205 90 1 267 137
m 205 115 1 267 137
m 205 135 1 267 137
m 205 143 1 267 137
m 205 175 1 267 137
b 205 3 267 137
m 205 12 3 10.857142857142858 183.42857142857142 1.0
m 205 19 3 10.857142857142858 183.42857142857142 1.0
m 205 36 3 10.857142857142858 183.42857142857142 1.0
m 205 56 3 10.857142857142858 183.42857142857142 1.0
m 205 90 3 10.857142857142858 183.42857142857142 1.0
m 205 115 3 10.857142857142858 183.42857142857142 1.0
m 205 135 3 10.857142857142858 183.42857142857142 1.0
m 205 143 3 10.857142857142858 183.42857142857142 1.0
m 205 153 3 10.857142857142858 183.42857142857142 1.0
m 205 175 3 10.857142857142858 183.42857142857142 1.0
b 208 0 297 302
m 208 27 0 297 302
m 208 58 0 297 302
m 208 101 0 297 302
m 208 141 0 297 302
m 208 150 0 297 302
m 208 185 0 297 302
m 208 191 0 297 302
m 208 199 0 297 302
b 214 0 266 39
b 214 1 266 39
b 214 2 266 39
m 214 108 2 266 39
b 214 3 266 39
m 214 108 3 11.285714285714285 184.42857142857144 0.026267893252570552
b 215 0 333 253
m 215 32 0 333 253
m 215 58 0 333 253
m 215 101 0 333 253
m 215 136 0 333 253
m 215 150 0 333 253
m 215 194 0 333 253
b 215 3 333 253
m 215 194 3 14.0 233.7142857142857 0.27756376249889436
m 215 135 3 14.0 233.7142857142857 0.27756376249889436
m 215 208 3 14.0 233.7142857142857 0.27756376249889436
m 215 58 3 14.0 233.7142857142857 0.27756376249889436
b 217 1 208 132
b 218 0 256 191
b 218 1 256 191
m 218 12 1 256 191
m 218 31 1 256 191
m 218 74 1 256 191
m 218 90 1 256 191
m 218 135 1 256 191
m 218 143 1 256 191
m 218 175 1 256 191
b 218 2 256 191
b 218 3 256 191
m 218 143 3 10.428571428571429 176.14285714285714 0.9279150285840314
m 218 74 3 10.428571428571429 176.14285714285714 0.9279150285840314
m 218 90 3 10.428571428571429 176.14285714285714 0.9279150285840314
m 218 135 3 10.428571428571429 176.14285714285714 0.9279150285840314
m 218 12 3 10.428571428571429 176.14285714285714 0.9279150285840314
m 218 175 3 10.428571428571429 176.14285714285714 0.9279150285840314
m 218 31 3 10.428571428571429 176.14285714285714 0.9279150285840314
b 225 1 209 65
b 233 0 230 24
b 233 1 230 24
b 233 2 230 24
m 233 108 2 230 24
b 4 0 132 430
m 4 79 0 132 430
m 4 99 0 132 430
b 12 1 313 178
m 12 75 1 313 178
m 12 136 1 313 178
m 12 164 1 313 178
b 12 3 313 178
m 12 136 3 9.75 158.0 0.08316952780325848
b 16 0 418 196
m 16 2 0 418 196
m 16 47 0 418 196
m 16 94 0 418 196
m 16 122 0 418 196
m 16 237 0 418 196
b 16 2 418 196
b 18 0 386 164
m 18 2 0 386 164
m 18 47 0 386 164
m 18 70 0 386 164
m 18 94 0 386 164
m 18 103 0 386 164
b 18 2 386 164
m 18 2 2 386 164
m 18 47 2 386 164
m 18 70 2 386 164
m 18 94 2 386 164
m 18 103 2 386 164
b 19 3 197 107
m 19 225 3 10.25 164.0 1.0
b 27 0 274 345
m 27 96 0 274 345
b 27 1 274 345
m 27 96 1 274 345
b 31 1 347 222
b 31 3 347 222
m 31 22 3 10.0 160.5 0.7351504826802953
m 31 75 3 10.0 160.5 0.7351504826802953
m 31 124 3 10.0 160.5 0.7351504826802953
m 31 18 3 10.0 160.5 0.7351504826802953
m 31 136 3 10.0 160.5 0.7351504826802953
b 32 0 409 274
m 32 116 0 409 274
m 32 155 0 409 274
m 32 192 0 409 274
m 32 197 0 409 274
m 32 198 0 409 274
m 32 229 0 409 274
m 32 236 0 409 274
b 33 2 262 357
b 33 3 262 357
m 33 165 3 11.999999999999998 194.25 0.32552507975895073
m 33 141 3 11.999999999999998 194.25 0.32552507975895073
m 33 190 3 11.999999999999998 194.25 0.32552507975895073
b 35 0 393 158
m 35 2 0 393 158
m 35 45 0 393 158
m 35 47 0 393 158
m 35 70 0 393 158
m 35 94 0 393 158
m 35 103 0 393 158
m 35 234 0 393 158
m 35 237 0 393 158
b 35 2 393 158
b 36 1 314 84
m 36 164 1 314 84
m 36 171 1 314 84
b 36 3 314 84
m 36 171 3 10.375 164.375 0.5
m 36 164 3 10.375 164.375 0.5
b 41 0 131 420
m 41 79 0 131 420
m 41 99 0 131 420
b 48 2 140 414
m 48 4 2 140 414
m 48 9 2 140 414
m 48 41 2 140 414
m 48 128 2 140 414
m 48 146 2 140 414
m 48 162 2 140 414
m 48 223 2 140 414
b 48 3 140 414
m 48 223 3 10.625 173.625 0.8088326919552868
m 48 9 3 10.625 173.625 0.8088326919552868
m 48 4 3 10.625 173.625 0.8088326919552868
m 48 41 3 10.625 173.625 0.8088326919552868
m 48 128 3 10.625 173.625 0.8088326919552868
b 52 2 80 341
m 52 61 2 80 341
m 52 128 2 80 341
m 52 146 2 80 341
b 55 2 102 296
b 56 1 328 116
m 56 18 1 328 116
m 56 75 1 328 116
m 56 136 1 328 116
m 56 164 1 328 116
m 56 171 1 328 116
b 56 3 328 116
m 56 75 3 10.125 163.625 0.09238819393344744
b 57 2 127 270
b 58 0 326 253
b 58 2 326 253
b 58 3 326 253
m 58 136 3 13.0 208.99999999999997 0.0662650975123232
b 64 0 446 182
m 64 2 0 446 182
m 64 30 0 446 182
m 64 45 0 446 182
m 64 47 0 446 182
m 64 94 0 446 182
m 64 122 0 446 182
m 64 168 0 446 182
m 64 237 0 446 182
b 64 2 446 182
b 66 2 146 373
b 74 1 303 223
m 74 58 1 303 223
m 74 101 1 303 223
m 74 136 1 303 223
b 74 3 303 223
b 76 2 220 336
m 76 27 2 220 336
m 76 165 2 220 336
m 76 178 2 220 336
b 76 3 220 336
m 76 97 3 11.124999999999998 177.625 0.24098793558742815
m 76 178 3 11.124999999999998 177.625 0.24098793558742815
b 90 1 294 146
m 90 75 1 294 146
m 90 136 1 294 146
m 90 164 1 294 146
b 90 3 294 146
m 90 75 3 9.625 157.125 0.3333333333333333
b 91 0 315 8
m 91 148 0 315 8
m 91 187 0 315 8
b 91 1 315 8
m 91 148 1 315 8
m 91 187 1 315 8
b 97 2 282 368
m 97 27 2 282 368
m 97 71 2 282 368
m 97 96 2 282 368
m 97 106 2 282 368
m 97 141 2 282 368
m 97 165 2 282 368
m 97 178 2 282 368
m 97 185 2 282 368
m 97 190 2 282 368
m 97 191 2 282 368
m 97 199 2 282 368
m 97 202 2 282 368
m 97 208 2 282 368
m 97 239 2 282 368
b 101 0 349 275
m 101 116 0 349 275
m 101 155 0 349 275
b 101 2 349 275
m 101 32 2 349 275
m 101 116 2 349 275
m 101 155 2 349 275
m 101 191 2 349 275
m 101 208 2 349 275
b 101 3 349 275
m 101 155 3 13.125 211.875 0.0243352707585402
b 104 3 21 396
m 104 169 3 11.375000000000002 182.375 0.17416514725931767
m 104 206 3 11.375000000000002 182.375 0.17416514725931767
b 106 0 310 359
m 106 96 0 310 359
m 106 236 0 310 359
b 106 1 310 359
m 106 96 1 310 359
m 106 236 1 310 359
b 108 2 289 1
m 108 91 2 289 1
b 108 3 289 1
m 108 91 3 10.0 160.75 0.011690199335548213
b 114 2 112 362
m 114 9 2 112 362
m 114 61 2 112 362
m 114 128 2 112 362
m 114 146 2 112 362
m 114 162 2 112 362
m 114 180 2 112 362
b 115 1 276 133
m 115 164 1 276 133
b 115 3 276 133
m 115 164 3 10.375 166.375 1.0
b 117 1 277 273
m 117 58 1 277 273
m 117 101 1 277 273
b 117 2 277 273
m 117 71 2 277 273
m 117 141 2 277 273
m 117 191 2 277 273
m 117 208 2 277 273
b 118 0 406 150
m 118 2 0 406 150
m 118 45 0 406 150
m 118 47 0 406 150
m 118 70 0 406 150
m 118 94 0 406 150
m 118 103 0 406 150
m 118 237 0 406 150
b 118 2 406 150
m 118 2 2 406 150
m 118 45 2 406 150
m 118 47 2 406 150
m 118 70 2 406 150
m 118 94 2 406 150
m 118 103 2 406 150
m 118 237 2 406 150
b 119 0 197 468
m 119 15 0 197 468
m 119 79 0 197 468
m 119 99 0 197 468
m 119 134 0 197 468
m 119 139 0 197 468
m 119 144 0 197 468
m 119 147 0 197 468
m 119 152 0 197 468
b 124 0 370 197
m 124 2 0 370 197
b 124 2 370 197
m 124 2 2 370 197
b 125 2 78 278
b 126 2 68 284
b 128 0 104 388
b 128 1 104 388
m 128 4 1 104 388
m 128 9 1 104 388
m 128 41 1 104 388
m 128 223 1 104 388
b 131 0 98 483
m 131 79 0 98 483
m 131 98 0 98 483
m 131 99 0 98 483
b 133 2 262 351
m 133 27 2 262 351
m 133 71 2 262 351
m 133 106 2 262 351
m 133 141 2 262 351
m 133 165 2 262 351
m 133 178 2 262 351
m 133 185 2 262 351
m 133 199 2 262 351
m 133 208 2 262 351
m 133 239 2 262 351
b 135 1 288 201
b 135 3 288 201
m 135 136 3 9.375 156.125 1.0
b 136 0 337 174
b 136 2 337 174
b 140 2 245 257
m 140 208 2 245 257
b 140 3 245 257
b 141 0 302 313
m 141 229 0 302 313
b 141 1 302 313
m 141 229 1 302 313
b 143 1 328 130
m 143 18 1 328 130
m 143 75 1 328 130
m 143 136 1 328 130
m 143 164 1 328 130
b 143 3 328 130
m 143 136 3 10.125 163.625 0.09238819393344744
b 150 0 342 247
m 150 155 0 342 247
b 150 1 342 247
m 150 58 1 342 247
m 150 101 1 342 247
m 150 155 1 342 247
m 150 194 1 342 247
b 150 2 342 247
b 150 3 342 247
m 150 155 3 9.875 159.125 0.4757337243654709
b 153 3 218 72
m 153 225 3 9.75 161.0 0.5
m 153 233 3 9.75 161.0 0.5
b 154 0 83 457
m 154 65 0 83 457
m 154 98 0 83 457
m 154 189 0 83 457
b 156 2 85 355
m 156 61 2 85 355
m 156 128 2 85 355
m 156 146 2 85 355
b 161 0 2 450
m 161 65 0 2 450
m 161 98 0 2 450
m 161 189 0 2 450
b 161 1 2 450
m 161 65 1 2 450
m 161 98 1 2 450
m 161 189 1 2 450
b 162 1 94 428
m 162 4 1 94 428
m 162 9 1 94 428
m 162 41 1 94 428
m 162 131 1 94 428
m 162 154 1 94 428
m 162 223 1 94 428
b 162 3 94 428
m 162 128 3 9.375000000000002 158.125 0.0839709625540102
b 164 0 337 133
m 164 70 0 337 133
m 164 171 0 337 133
m 164 234 0 337 133
b 164 2 337 133
b 165 0 227 408
m 165 134 0 227 408
m 165 144 0 227 408
b 165 1 227 408
m 165 134 1 227 408
m 165 144 1 227 408
b 169 0 81 458
m 169 98 0 81 458
m 169 189 0 81 458
b 169 1 81 458
m 169 41 1 81 458
m 169 98 1 81 458
m 169 131 1 81 458
m 169 154 1 81 458
m 169 189 1 81 458
m 169 223 1 81 458
b 175 1 303 175
m 175 75 1 303 175
m 175 136 1 303 175
m 175 164 1 303 175
b 175 3 303 175
m 175 136 3 9.125 151.125 0.42784250637806914
m 175 75 3 9.125 151.125 0.42784250637806914
b 178 0 275 370
m 178 96 0 275 370
m 178 144 0 275 370
b 178 1 275 370
m 178 96 1 275 370
m 178 144 1 275 370
b 184 2 216 367
m 184 27 2 216 367
m 184 106 2 216 367
m 184 165 2 216 367
m 184 178 2 216 367
m 184 190 2 216 367
m 184 239 2 216 367
b 185 0 295 344
m 185 96 0 295 344
b 185 1 295 344
m 185 96 1 295 344
b 190 0 236 409
m 190 134 0 236 409
m 190 144 0 236 409
b 190 1 236 409
m 190 134 1 236 409
m 190 144 1 236 409
b 191 0 322 307
m 191 116 0 322 307
m 191 177 0 322 307
m 191 229 0 322 307
m 191 236 0 322 307
b 191 1 322 307
m 191 58 1 322 307
m 191 101 1 322 307
m 191 116 1 322 307
m 191 177 1 322 307
m 191 229 1 322 307
m 191 236 1 322 307
b 193 3 250 6
m 193 233 3 10.0 160.75 0.011690199335548213
b 194 0 387 209
m 194 2 0 387 209
b 194 2 387 209
b 194 3 387 209
m 194 136 3 13.75 222.49999999999997 0.30899572303328365
m 194 75 3 13.75 222.49999999999997 0.30899572303328365
m 194 16 3 13.75 222.49999999999997 0.30899572303328365
m 194 2 3 13.75 222.49999999999997 0.30899572303328365
b 199 0 295 364
m 199 96 0 295 364
m 199 236 0 295 364
b 199 1 295 364
m 199 96 1 295 364
m 199 236 1 295 364
b 199 3 295 364
m 199 71 3 14.125 231.875 0.36225672715483087
m 199 133 3 14.125 231.875 0.36225672715483087
m 199 96 3 14.125 231.875 0.36225672715483087
m 199 27 3 14.125 231.875 0.36225672715483087
m 199 97 3 14.125 231.875 0.36225672715483087
b 201 2 120 251
b 201 3 120 251
b 202 0 319 403
m 202 77 0 319 403
m 202 78 0 319 403
m 202 84 0 319 403
m 202 93 0 319 403
m 202 96 0 319 403
m 202 110 0 319 403
m 202 113 0 319 403
m 202 177 0 319 403
m 202 186 0 319 403
m 202 195 0 319 403
m 202 212 0 319 403
m 202 236 0 319 403
b 202 1 319 403
m 202 77 1 319 403
m 202 78 1 319 403
m 202 84 1 319 403
m 202 93 1 319 403
m 202 96 1 319 403
m 202 110 1 319 403
m 202 113 1 319 403
m 202 177 1 319 403
m 202 186 1 319 403
m 202 195 1 319 403
m 202 212 1 319 403
m 202 236 1 319 403
b 206 0 66 440
m 206 65 0 66 440
m 206 98 0 66 440
m 206 189 0 66 440
b 206 1 66 440
m 206 41 1 66 440
m 206 65 1 66 440
m 206 98 1 66 440
m 206 131 1 66 440
m 206 154 1 66 440
m 206 189 1 66 440
b 207 0 10 442
m 207 65 0 10 442
m 207 98 0 10 442
m 207 189 0 10 442
b 207 1 10 442
m 207 65 1 10 442
m 207 98 1 10 442
m 207 189 1 10 442
b 208 1 292 313
m 208 58 1 292 313
m 208 101 1 292 313
b 208 3 292 313
m 208 71 3 13.375 214.62499999999997 0.22987192682655103
m 208 27 3 13.375 214.62499999999997 0.22987192682655103
m 208 141 3 13.375 214.62499999999997 0.22987192682655103
b 215 1 344 255
b 215 2 344 255
m 215 32 2 344 255
m 215 155 2 344 255
m 215 191 2 344 255
m 215 208 2 344 255
b 220 0 428 153
m 220 2 0 428 153
m 220 30 0 428 153
m 220 45 0 428 153
m 220 47 0 428 153
m 220 70 0 428 153
m 220 94 0 428 153
m 220 103 0 428 153
m 220 168 0 428 153
m 220 237 0 428 153
b 220 2 428 153
m 220 2 2 428 153
m 220 30 2 428 153
m 220 45 2 428 153
m 220 47 2 428 153
m 220 70 2 428 153
m 220 94 2 428 153
m 220 103 2 428 153
m 220 168 2 428 153
m 220 237 2 428 153
b 223 0 125 438
m 223 79 0 125 438
m 223 99 0 125 438
m 223 147 0 125 438
b 239 0 292 350
m 239 96 0 292 350
b 239 1 292 350
m 239 96 1 292 350
b 2 0 427 162
b 2 2 427 162
m 2 122 2 427 162
b 2 3 427 162
m 2 35 3 13.555555555555555 213.77777777777774 0.31736745362690155
m 2 64 3 13.555555555555555 213.77777777777774 0.31736745362690155
m 2 30 3 13.555555555555555 213.77777777777774 0.31736745362690155
m 2 168 3 13.555555555555555 213.77777777777774 0.31736745362690155
b 4 1 120 434
m 4 79 1 120 434
m 4 99 1 120 434
m 4 147 1 120 434
b 4 2 120 434
b 4 3 120 434
m 4 79 3 10.0 157.11111111111111 0.8420516215328642
m 4 131 3 10.0 157.11111111111111 0.8420516215328642
m 4 147 3 10.0 157.11111111111111 0.8420516215328642
m 4 99 3 10.0 157.11111111111111 0.8420516215328642
b 9 1 122 420
m 9 79 1 122 420
b 9 2 122 420
b 9 3 122 420
m 9 79 3 9.666666666666666 154.7777777777778 0.5
b 15 0 274 478
m 15 46 0 274 478
m 15 73 0 274 478
m 15 232 0 274 478
b 16 3 424 186
m 16 118 3 13.222222222222221 206.77777777777774 0.22073714493680793
m 16 122 3 13.222222222222221 206.77777777777774 0.22073714493680793
b 18 1 393 174
m 18 2 1 393 174
m 18 16 1 393 174
m 18 22 1 393 174
m 18 35 1 393 174
m 18 47 1 393 174
m 18 64 1 393 174
m 18 94 1 393 174
m 18 118 1 393 174
m 18 124 1 393 174
m 18 220 1 393 174
m 18 237 1 393 174
b 18 3 393 174
m 18 35 3 10.0 153.77777777777777 1.0
m 18 47 3 10.0 153.77777777777777 1.0
m 18 64 3 10.0 153.77777777777777 1.0
m 18 94 3 10.0 153.77777777777777 1.0
m 18 118 3 10.0 153.77777777777777 1.0
m 18 220 3 10.0 153.77777777777777 1.0
m 18 237 3 10.0 153.77777777777777 1.0
b 22 3 399 195
m 22 35 3 9.666666666666668 148.11111111111111 0.8706593756385489
m 22 220 3 9.666666666666668 148.11111111111111 0.8706593756385489
m 22 47 3 9.666666666666668 148.11111111111111 0.8706593756385489
m 22 64 3 9.666666666666668 148.11111111111111 0.8706593756385489
m 22 118 3 9.666666666666668 148.11111111111111 0.8706593756385489
m 22 237 3 9.666666666666668 148.11111111111111 0.8706593756385489
m 22 94 3 9.666666666666668 148.11111111111111 0.8706593756385489
b 27 2 263 348
b 27 3 263 348
m 27 202 3 13.222222222222221 210.11111111111111 0.16666666666666666
m 27 184 3 13.222222222222221 210.11111111111111 0.16666666666666666
b 30 0 487 141
m 30 151 0 487 141
b 30 2 487 141
m 30 122 2 487 141
m 30 151 2 487 141
b 32 2 421 274
m 32 121 2 421 274
m 32 132 2 421 274
m 32 192 2 421 274
m 32 197 2 421 274
m 32 198 2 421 274
b 41 1 127 409
m 41 79 1 127 409
m 41 99 1 127 409
b 41 2 127 409
m 41 79 2 127 409
m 41 99 2 127 409
m 41 131 2 127 409
m 41 154 2 127 409
m 41 169 2 127 409
m 41 206 2 127 409
b 41 3 127 409
m 41 99 3 9.88888888888889 156.11111111111111 0.6431786606679324
m 41 131 3 9.88888888888889 156.11111111111111 0.6431786606679324
m 41 154 3 9.88888888888889 156.11111111111111 0.6431786606679324
b 45 0 460 162
m 45 137 0 460 162
m 45 151 0 460 162
b 45 2 460 162
m 45 122 2 460 162
m 45 137 2 460 162
m 45 151 2 460 162
b 47 0 457 178
m 47 151 0 457 178
b 47 2 457 178
b 58 1 317 261
b 61 2 50 361
b 65 0 16 485
b 65 1 16 485
b 70 0 374 100
m 70 21 0 374 100
m 70 23 0 374 100
m 70 137 0 374 100
b 70 2 374 100
m 70 21 2 374 100
m 70 23 2 374 100
m 70 137 2 374 100
m 70 171 2 374 100
m 70 234 2 374 100
b 71 2 327 331
b 71 3 327 331
m 71 106 3 13.555555555555555 215.11111111111111 0.1810007120943398
m 71 202 3 13.555555555555555 215.11111111111111 0.1810007120943398
b 75 1 391 143
m 75 2 1 391 143
m 75 16 1 391 143
m 75 22 1 391 143
m 75 35 1 391 143
m 75 47 1 391 143
m 75 64 1 391 143
m 75 70 1 391 143
m 75 94 1 391 143
m 75 103 1 391 143
m 75 118 1 391 143
m 75 124 1 391 143
m 75 220 1 391 143
b 75 3 391 143
m 75 35 3 9.88888888888889 151.66666666666666 1.0
m 75 47 3 9.88888888888889 151.66666666666666 1.0
m 75 64 3 9.88888888888889 151.66666666666666 1.0
m 75 70 3 9.88888888888889 151.66666666666666 1.0
m 75 94 3 9.88888888888889 151.66666666666666 1.0
m 75 103 3 9.88888888888889 151.66666666666666 1.0
m 75 118 3 9.88888888888889 151.66666666666666 1.0
m 75 220 3 9.88888888888889 151.66666666666666 1.0
b 77 0 381 445
m 77 20 0 381 445
m 77 46 0 381 445
m 77 54 0 381 445
m 77 105 0 381 445
m 77 111 0 381 445
m 77 160 0 381 445
m 77 163 0 381 445
m 77 166 0 381 445
m 77 172 0 381 445
m 77 203 0 381 445
m 77 216 0 381 445
m 77 230 0 381 445
b 77 1 381 445
m 77 20 1 381 445
m 77 46 1 381 445
m 77 54 1 381 445
m 77 105 1 381 445
m 77 111 1 381 445
m 77 160 1 381 445
m 77 163 1 381 445
m 77 166 1 381 445
m 77 172 1 381 445
m 77 203 1 381 445
m 77 216 1 381 445
m 77 230 1 381 445
b 78 0 357 419
m 78 68 0 357 419
m 78 105 0 357 419
m 78 111 0 357 419
m 78 166 0 357 419
m 78 172 0 357 419
m 78 216 0 357 419
m 78 230 0 357 419
b 78 1 357 419
m 78 68 1 357 419
m 78 105 1 357 419
m 78 111 1 357 419
m 78 166 1 357 419
m 78 172 1 357 419
m 78 192 1 357 419
m 78 216 1 357 419
m 78 230 1 357 419
b 79 0 175 459
b 84 0 394 397
m 84 20 0 394 397
m 84 25 0 394 397
m 84 54 0 394 397
m 84 68 0 394 397
m 84 105 0 394 397
m 84 111 0 394 397
m 84 166 0 394 397
m 84 172 0 394 397
m 84 211 0 394 397
m 84 216 0 394 397
m 84 230 0 394 397
b 84 1 394 397
m 84 20 1 394 397
m 84 25 1 394 397
m 84 54 1 394 397
m 84 68 1 394 397
m 84 105 1 394 397
m 84 111 1 394 397
m 84 166 1 394 397
m 84 172 1 394 397
m 84 192 1 394 397
m 84 211 1 394 397
m 84 216 1 394 397
m 84 230 1 394 397
b 91 2 304 12
b 91 3 304 12
m 91 148 3 9.0 143.0 2.8864689717402863E-4
b 93 0 379 422
m 93 20 0 379 422
m 93 54 0 379 422
m 93 105 0 379 422
m 93 111 0 379 422
m 93 160 0 379 422
m 93 163 0 379 422
m 93 166 0 379 422
m 93 172 0 379 422
m 93 203 0 379 422
m 93 216 0 379 422
m 93 230 0 379 422
b 93 1 379 422
m 93 20 1 379 422
m 93 54 1 379 422
m 93 105 1 379 422
m 93 111 1 379 422
m 93 160 1 379 422
m 93 163 1 379 422
m 93 166 1 379 422
m 93 172 1 379 422
m 93 203 1 379 422
m 93 216 1 379 422
m 93 230 1 379 422
b 94 0 428 160
b 94 2 428 160
b 96 0 296 386
b 96 1 296 386
b 96 2 296 386
m 96 78 2 296 386
m 96 110 2 296 386
m 96 144 2 296 386
m 96 186 2 296 386
m 96 195 2 296 386
m 96 212 2 296 386
m 96 236 2 296 386
b 96 3 296 386
m 96 78 3 13.88888888888889 222.11111111111111 0.3135027666783345
m 96 144 3 13.88888888888889 222.11111111111111 0.3135027666783345
m 96 110 3 13.88888888888889 222.11111111111111 0.3135027666783345
m 96 185 3 13.88888888888889 222.11111111111111 0.3135027666783345
b 97 3 289 378
m 97 184 3 10.777777777777777 165.0 0.30916936948574736
b 98 0 13 475
b 98 1 13 475
b 99 0 128 493
b 101 1 343 285
b 103 0 406 98
m 103 11 0 406 98
m 103 21 0 406 98
m 103 23 0 406 98
m 103 109 0 406 98
m 103 137 0 406 98
b 103 2 406 98
b 106 2 322 356
m 106 78 2 322 356
m 106 177 2 322 356
m 106 229 2 322 356
m 106 236 2 322 356
b 110 0 380 412
m 110 20 0 380 412
m 110 25 0 380 412
m 110 54 0 380 412
m 110 68 0 380 412
m 110 105 0 380 412
m 110 111 0 380 412
m 110 166 0 380 412
m 110 172 0 380 412
m 110 211 0 380 412
m 110 216 0 380 412
m 110 230 0 380 412
b 110 1 380 412
b 113 0 385 456
m 113 20 0 385 456
m 113 46 0 385 456
m 113 105 0 385 456
m 113 111 0 385 456
m 113 160 0 385 456
m 113 163 0 385 456
m 113 216 0 385 456
m 113 230 0 385 456
m 113 238 0 385 456
b 113 1 385 456
m 113 20 1 385 456
m 113 46 1 385 456
m 113 105 1 385 456
m 113 111 1 385 456
m 113 160 1 385 456
m 113 163 1 385 456
m 113 216 1 385 456
m 113 230 1 385 456
m 113 238 1 385 456
b 116 0 408 327
m 116 25 0 408 327
m 116 68 0 408 327
m 116 132 0 408 327
m 116 166 0 408 327
m 116 211 0 408 327
b 116 1 408 327
m 116 25 1 408 327
m 116 32 1 408 327
m 116 68 1 408 327
m 116 132 1 408 327
m 116 166 1 408 327
m 116 192 1 408 327
m 116 198 1 408 327
m 116 211 1 408 327
b 116 2 408 327
b 122 0 468 201
b 124 3 358 196
m 124 35 3 9.222222222222223 143.66666666666666 0.04608116142486305
b 128 2 98 378
b 128 3 98 378
m 128 61 3 9.777777777777779 155.33333333333334 0.3095760514193289
b 131 1 87 477
m 131 99 1 87 477
b 133 3 272 357
m 133 184 3 13.11111111111111 208.88888888888889 0.2
m 133 185 3 13.11111111111111 208.88888888888889 0.2
b 134 0 232 494
m 134 73 0 232 494
m 134 232 0 232 494
b 134 1 232 494
m 134 15 1 232 494
m 134 73 1 232 494
m 134 79 1 232 494
m 134 119 1 232 494
m 134 139 1 232 494
m 134 147 1 232 494
m 134 152 1 232 494
m 134 232 1 232 494
b 136 1 330 164
m 136 35 1 330 164
m 136 124 1 330 164
b 136 3 330 164
m 136 35 3 8.888888888888888 140.8888888888889 0.0038849846882803157
b 139 0 223 484
m 139 73 0 223 484
m 139 232 0 223 484
b 141 2 302 301
m 141 229 2 302 301
b 141 3 302 301
m 141 229 3 11.444444444444443 178.11111111111111 0.07135788892440335
b 144 0 264 421
m 144 46 0 264 421
m 144 73 0 264 421
m 144 232 0 264 421
b 144 1 264 421
m 144 15 1 264 421
m 144 46 1 264 421
m 144 73 1 264 421
m 144 139 1 264 421
m 144 152 1 264 421
m 144 232 1 264 421
b 146 2 89 407
m 146 154 2 89 407
m 146 169 2 89 407
m 146 206 2 89 407
b 147 0 163 479
b 148 0 361 38
m 148 11 0 361 38
m 148 21 0 361 38
m 148 23 0 361 38
b 148 1 361 38
m 148 11 1 361 38
m 148 21 1 361 38
m 148 23 1 361 38
m 148 234 1 361 38
b 152 0 233 485
m 152 73 0 233 485
m 152 232 0 233 485
b 154 1 74 449
b 155 0 388 264
b 155 1 388 264
m 155 32 1 388 264
m 155 192 1 388 264
m 155 198 1 388 264
b 155 2 388 264
m 155 192 2 388 264
m 155 198 2 388 264
m 155 229 2 388 264
b 155 3 388 264
m 155 32 3 12.333333333333332 192.33333333333334 0.025216353993551086
b 162 2 83 433
m 162 131 2 83 433
m 162 154 2 83 433
m 162 169 2 83 433
m 162 206 2 83 433
b 164 1 329 142
m 164 35 1 329 142
m 164 70 1 329 142
m 164 118 1 329 142
b 164 3 329 142
m 164 35 3 9.555555555555555 147.11111111111111 0.6767278264371287
m 164 118 3 9.555555555555555 147.11111111111111 0.6767278264371287
m 164 70 3 9.555555555555555 147.11111111111111 0.6767278264371287
b 165 2 216 412
m 165 144 2 216 412
b 165 3 216 412
b 168 0 464 145
m 168 109 0 464 145
m 168 137 0 464 145
m 168 151 0 464 145
b 168 2 464 145
b 169 3 93 461
m 169 99 3 10.888888888888891 167.55555555555557 0.20545313961068276
m 169 65 3 10.888888888888891 167.55555555555557 0.20545313961068276
b 171 0 356 103
m 171 21 0 356 103
b 171 1 356 103
m 171 21 1 356 103
m 171 70 1 356 103
m 171 103 1 356 103
m 171 234 1 356 103
b 171 3 356 103
m 171 70 3 10.0 151.55555555555557 0.8637626262626262
m 171 103 3 10.0 151.55555555555557 0.8637626262626262
m 171 21 3 10.0 151.55555555555557 0.8637626262626262
m 171 148 3 10.0 151.55555555555557 0.8637626262626262
m 171 234 3 10.0 151.55555555555557 0.8637626262626262
b 177 0 359 342
m 177 25 0 359 342
m 177 68 0 359 342
m 177 105 0 359 342
m 177 166 0 359 342
m 177 172 0 359 342
m 177 211 0 359 342
b 177 1 359 342
m 177 25 1 359 342
m 177 68 1 359 342
m 177 105 1 359 342
m 177 166 1 359 342
m 177 172 1 359 342
m 177 192 1 359 342
m 177 211 1 359 342
b 178 2 284 361
m 178 144 2 284 361
b 178 3 284 361
m 178 144 3 10.555555555555554 161.88888888888889 0.25112336938856844
m 178 202 3 10.555555555555554 161.88888888888889 0.25112336938856844
b 180 2 31 396
b 185 2 287 336
b 186 0 343 428
m 186 20 0 343 428
m 186 46 0 343 428
m 186 105 0 343 428
m 186 111 0 343 428
m 186 160 0 343 428
m 186 163 0 343 428
m 186 172 0 343 428
m 186 216 0 343 428
m 186 230 0 343 428
b 186 1 343 428
m 186 20 1 343 428
m 186 46 1 343 428
m 186 105 1 343 428
m 186 111 1 343 428
m 186 160 1 343 428
m 186 163 1 343 428
m 186 172 1 343 428
m 186 216 1 343 428
m 186 230 1 343 428
b 187 0 406 21
m 187 11 0 406 21
m 187 21 0 406 21
m 187 23 0 406 21
b 187 1 406 21
m 187 11 1 406 21
m 187 21 1 406 21
m 187 23 1 406 21
m 187 234 1 406 21
b 189 0 46 472
b 189 1 46 472
b 190 2 230 399
m 190 144 2 230 399
b 190 3 230 399
b 191 2 327 296
b 192 0 375 344
m 192 25 0 375 344
m 192 68 0 375 344
m 192 105 0 375 344
m 192 132 0 375 344
m 192 166 0 375 344
m 192 172 0 375 344
m 192 211 0 375 344
b 194 1 398 214
m 194 2 1 398 214
m 194 16 1 398 214
m 194 22 1 398 214
m 194 32 1 398 214
m 194 35 1 398 214
m 194 64 1 398 214
m 194 94 1 398 214
m 194 118 1 398 214
m 194 124 1 398 214
m 194 237 1 398 214
b 195 0 332 443
m 195 20 0 332 443
m 195 46 0 332 443
m 195 105 0 332 443
m 195 111 0 332 443
m 195 160 0 332 443
m 195 163 0 332 443
m 195 216 0 332 443
m 195 230 0 332 443
b 195 1 332 443
m 195 20 1 332 443
m 195 46 1 332 443
m 195 105 1 332 443
m 195 111 1 332 443
m 195 160 1 332 443
m 195 163 1 332 443
m 195 216 1 332 443
m 195 230 1 332 443
b 197 0 473 321
m 197 219 0 473 321
b 198 0 465 310
m 198 219 0 465 310
b 199 2 288 374
m 199 236 2 288 374
b 202 2 310 411
m 202 77 2 310 411
m 202 78 2 310 411
m 202 84 2 310 411
m 202 93 2 310 411
m 202 110 2 310 411
m 202 177 2 310 411
m 202 186 2 310 411
m 202 195 2 310 411
m 202 212 2 310 411
m 202 230 2 310 411
m 202 236 2 310 411
b 206 3 57 432
m 206 154 3 11.111111111111112 171.11111111111111 0.23710904258461493
m 206 98 3 11.111111111111112 171.11111111111111 0.23710904258461493
m 206 161 3 11.111111111111112 171.11111111111111 0.23710904258461493
b 208 2 288 324
m 208 229 2 288 324
b 212 0 351 451
m 212 20 0 351 451
m 212 46 0 351 451
m 212 111 0 351 451
m 212 160 0 351 451
m 212 163 0 351 451
m 212 216 0 351 451
m 212 230 0 351 451
b 212 1 351 451
m 212 20 1 351 451
m 212 46 1 351 451
m 212 111 1 351 451
m 212 160 1 351 451
m 212 163 1 351 451
m 212 216 1 351 451
m 212 230 1 351 451
b 223 1 113 435
m 223 79 1 113 435
m 223 99 1 113 435
m 223 147 1 113 435
b 223 2 113 435
b 223 3 113 435
m 223 79 3 10.0 157.11111111111111 0.8420516215328642
m 223 131 3 10.0 157.11111111111111 0.8420516215328642
m 223 147 3 10.0 157.11111111111111 0.8420516215328642
m 223 154 3 10.0 157.11111111111111 0.8420516215328642
m 223 99 3 10.0 157.11111111111111 0.8420516215328642
b 225 3 204 42
b 229 0 354 330
m 229 25 0 354 330
m 229 68 0 354 330
b 229 1 354 330
m 229 25 1 354 330
m 229 68 1 354 330
m 229 192 1 354 330
b 233 3 208 14
b 234 0 399 65
m 234 11 0 399 65
m 234 21 0 399 65
m 234 23 0 399 65
m 234 137 0 399 65
b 236 0 344 353
m 236 25 0 344 353
m 236 68 0 344 353
m 236 105 0 344 353
m 236 172 0 344 353
b 236 1 344 353
m 236 25 1 344 353
m 236 68 1 344 353
m 236 105 1 344 353
m 236 172 1 344 353
m 236 192 1 344 353
b 237 0 446 173
b 237 2 446 173
m 237 122 2 446 173
b 239 2 290 338
b 2 1 423 151
m 2 30 1 423 151
m 2 45 1 423 151
m 2 122 1 423 151
m 2 137 1 423 151
m 2 168 1 423 151
b 11 0 436 16
m 11 167 0 436 16
b 11 1 436 16
m 11 167 1 436 16
b 15 1 285 473
b 16 1 431 176
m 16 45 1 431 176
m 16 122 1 431 176
m 16 168 1 431 176
b 20 0 422 458
m 20 170 0 422 458
m 20 200 0 422 458
b 20 1 422 458
m 20 170 1 422 458
m 20 200 1 422 458
b 21 0 418 98
m 21 29 0 418 98
b 21 1 418 98
m 21 29 1 418 98
m 21 109 1 418 98
m 21 137 1 418 98
b 21 2 418 98
b 21 3 418 98
m 21 187 3 9.7 141.30000000000004 0.8996752674587722
m 21 29 3 9.7 141.30000000000004 0.8996752674587722
m 21 109 3 9.7 141.30000000000004 0.8996752674587722
m 21 23 3 9.7 141.30000000000004 0.8996752674587722
m 21 137 3 9.7 141.30000000000004 0.8996752674587722
m 21 11 3 9.7 141.30000000000004 0.8996752674587722
b 22 1 411 198
m 22 45 1 411 198
m 22 122 1 411 198
b 23 0 427 35
m 23 29 0 427 35
m 23 167 0 427 35
b 23 1 427 35
m 23 29 1 427 35
m 23 109 1 427 35
m 23 137 1 427 35
m 23 167 1 427 35
b 23 2 427 35
m 23 11 2 427 35
m 23 29 2 427 35
m 23 109 2 427 35
m 23 167 2 427 35
m 23 187 2 427 35
b 25 0 438 340
m 25 120 0 438 340
b 25 1 438 340
m 25 120 1 438 340
m 25 197 1 438 340
b 30 3 485 129
m 30 45 3 12.7 194.89999999999998 0.2
m 30 137 3 12.7 194.89999999999998 0.2
b 32 1 433 273
m 32 219 1 433 273
b 32 3 433 273
m 32 219 3 12.333333333333332 192.33333333333334 -1.0
b 35 1 370 163
b 35 3 370 163
b 46 0 290 490
b 46 1 290 490
b 47 1 459 190
b 47 3 459 190
m 47 45 3 9.2 138.8 0.5
m 47 151 3 9.2 138.8 0.5
b 54 0 428 407
m 54 67 0 428 407
m 54 72 0 428 407
m 54 120 0 428 407
m 54 170 0 428 407
m 54 200 0 428 407
m 54 228 0 428 407
b 54 1 428 407
m 54 67 1 428 407
m 54 72 1 428 407
m 54 120 1 428 407
m 54 170 1 428 407
m 54 200 1 428 407
m 54 228 1 428 407
b 61 3 51 349
m 61 180 3 8.9 139.9 1.0
b 64 1 458 161
m 64 30 1 458 161
m 64 45 1 458 161
m 64 122 1 458 161
m 64 137 1 458 161
m 64 151 1 458 161
m 64 168 1 458 161
b 64 3 458 161
m 64 45 3 12.5 193.29999999999998 0.3333333333333333
b 65 3 8 476
m 65 189 3 10.0 151.20000000000002 0.5
m 65 207 3 10.0 151.20000000000002 0.5
b 68 0 388 376
b 68 1 388 376
b 70 1 362 101
m 70 137 1 362 101
b 70 3 362 101
m 70 137 3 9.0 136.6 1.0
b 73 0 251 472
b 73 1 251 472
b 77 2 390 452
m 77 20 2 390 452
m 77 54 2 390 452
m 77 105 2 390 452
m 77 111 2 390 452
m 77 113 2 390 452
m 77 160 2 390 452
m 77 163 2 390 452
m 77 170 2 390 452
m 77 172 2 390 452
m 77 200 2 390 452
m 77 203 2 390 452
m 77 216 2 390 452
m 77 238 2 390 452
b 78 2 350 429
b 78 3 350 429
m 78 105 3 14.1 225.5 0.39186422084176775
m 78 111 3 14.1 225.5 0.39186422084176775
m 78 236 3 14.1 225.5 0.39186422084176775
m 78 113 3 14.1 225.5 0.39186422084176775
m 78 172 3 14.1 225.5 0.39186422084176775
m 78 186 3 14.1 225.5 0.39186422084176775
b 79 1 175 447
b 79 2 175 447
m 79 119 2 175 447
m 79 134 2 175 447
m 79 139 2 175 447
m 79 147 2 175 447
m 79 152 2 175 447
b 79 3 175 447
m 79 119 3 9.5 143.9 0.874319778758086
m 79 134 3 9.5 143.9 0.874319778758086
m 79 152 3 9.5 143.9 0.874319778758086
m 79 139 3 9.5 143.9 0.874319778758086
b 84 2 405 403
b 93 2 385 412
b 94 1 417 157
b 94 3 417 157
m 94 45 3 9.3 139.3 0.3333333333333333
b 98 3 2 472
m 98 189 3 10.200000000000001 154.4 0.5
m 98 207 3 10.200000000000001 154.4 0.5
b 99 1 116 493
b 99 2 116 493
m 99 147 2 116 493
b 99 3 116 493
b 103 1 397 91
m 103 109 1 397 91
m 103 137 1 397 91
b 103 3 397 91
m 103 109 3 9.200000000000001 137.4 0.3333333333333333
b 105 0 407 379
b 105 1 407 379
b 106 3 333 353
m 106 177 3 12.899999999999999 198.5 0.1368184440401181
b 109 0 452 84
m 109 29 0 452 84
b 110 2 383 424
m 110 20 2 383 424
m 110 54 2 383 424
m 110 68 2 383 424
m 110 105 2 383 424
m 110 111 2 383 424
m 110 113 2 383 424
m 110 166 2 383 424
m 110 172 2 383 424
m 110 203 2 383 424
m 110 211 2 383 424
m 110 216 2 383 424
b 110 3 383 424
m 110 77 3 14.5 239.9 0.43196765492229494
m 110 192 3 14.5 239.9 0.43196765492229494
m 110 84 3 14.5 239.9 0.43196765492229494
m 110 166 3 14.5 239.9 0.43196765492229494
m 110 93 3 14.5 239.9 0.43196765492229494
m 110 211 3 14.5 239.9 0.43196765492229494
m 110 105 3 14.5 239.9 0.43196765492229494
m 110 203 3 14.5 239.9 0.43196765492229494
m 110 113 3 14.5 239.9 0.43196765492229494
b 111 0 364 473
m 111 200 0 364 473
b 111 1 364 473
b 118 1 401 127
b 118 3 401 127
m 118 137 3 12.1 186.49999999999997 0.5
m 118 45 3 12.1 186.49999999999997 0.5
b 119 1 210 488
b 121 2 458 273
m 121 219 2 458 273
b 122 2 473 190
b 122 3 473 190
m 122 45 3 12.0 186.19999999999996 1.0
b 124 1 346 195
b 131 2 76 472
b 131 3 76 472
m 131 189 3 9.1 141.5 1.0
b 132 0 426 334
m 132 120 0 426 334
m 132 121 0 426 334
b 132 1 426 334
m 132 120 1 426 334
m 132 121 1 426 334
m 132 197 1 426 334
b 132 2 426 334
b 137 0 450 109
m 137 29 0 450 109
b 137 2 450 109
m 137 29 2 450 109
m 137 109 2 450 109
b 139 1 226 472
b 144 2 267 410
m 144 15 2 267 410
m 144 46 2 267 410
m 144 73 2 267 410
m 144 139 2 267 410
m 144 152 2 267 410
m 144 232 2 267 410
b 144 3 267 410
m 144 152 3 13.2 204.8 0.10666628666259763
b 147 1 153 473
b 147 3 153 473
m 147 119 3 9.5 143.9 0.874319778758086
m 147 134 3 9.5 143.9 0.874319778758086
m 147 139 3 9.5 143.9 0.874319778758086
m 147 152 3 9.5 143.9 0.874319778758086
b 148 3 350 37
m 148 11 3 8.4 129.6 4.840528456873636E-4
b 151 0 481 135
m 151 29 0 481 135
b 151 2 481 135
m 151 29 2 481 135
m 151 109 2 481 135
b 152 1 222 481
b 154 2 65 441
b 154 3 65 441
m 154 189 3 9.200000000000001 141.4 0.4529676594611941
m 154 180 3 9.200000000000001 141.4 0.4529676594611941
b 160 0 314 486
b 160 1 314 486
b 161 3 8 474
m 161 189 3 10.300000000000002 154.9 0.3333333333333333
b 163 0 353 486
b 163 1 353 486
b 166 0 447 382
m 166 67 0 447 382
m 166 72 0 447 382
m 166 120 0 447 382
b 166 1 447 382
b 168 3 453 151
m 168 45 3 12.6 193.99999999999997 0.25
m 168 109 3 12.6 193.99999999999997 0.25
b 169 2 104 465
m 169 147 2 104 465
m 169 189 2 104 465
b 171 2 352 114
m 171 148 2 352 114
b 172 0 385 388
b 172 1 385 388
b 177 2 350 334
m 177 25 2 350 334
m 177 68 2 350 334
m 177 105 2 350 334
m 177 172 2 350 334
b 184 3 192 371
b 185 3 278 327
m 185 191 3 12.9 201.5 0.25
b 186 2 341 416
m 186 46 2 341 416
m 186 105 2 341 416
m 186 111 2 341 416
m 186 113 2 341 416
m 186 160 2 341 416
m 186 163 2 341 416
m 186 172 2 341 416
m 186 216 2 341 416
b 192 1 364 348
b 192 2 364 348
m 192 25 2 364 348
m 192 68 2 364 348
m 192 105 2 364 348
m 192 166 2 364 348
m 192 172 2 364 348
m 192 211 2 364 348
b 195 2 327 454
m 195 46 2 327 454
m 195 111 2 327 454
m 195 113 2 327 454
m 195 160 2 327 454
m 195 163 2 327 454
m 195 216 2 327 454
b 197 2 482 329
m 197 219 2 482 329
b 198 1 473 319
m 198 219 1 473 319
b 198 2 473 319
m 198 219 2 473 319
b 202 3 301 419
m 202 212 3 12.700000000000001 195.5 0.21250585070771347
m 202 236 3 12.700000000000001 195.5 0.21250585070771347
b 203 0 436 473
m 203 170 0 436 473
m 203 200 0 436 473
m 203 228 0 436 473
b 203 1 436 473
m 203 170 1 436 473
m 203 200 1 436 473
m 203 228 1 436 473
b 206 2 48 424
m 206 65 2 48 424
m 206 98 2 48 424
m 206 104 2 48 424
m 206 161 2 48 424
m 206 189 2 48 424
m 206 207 2 48 424
b 211 0 444 383
m 211 67 0 444 383
m 211 72 0 444 383
m 211 120 0 444 383
b 211 1 444 383
b 212 2 356 462
m 212 20 2 356 462
m 212 46 2 356 462
m 212 111 2 356 462
m 212 113 2 356 462
m 212 160 2 356 462
m 212 163 2 356 462
m 212 216 2 356 462
b 216 0 372 447
m 216 200 0 372 447
b 216 1 372 447
m 216 200 1 372 447
b 220 1 451 146
m 220 30 1 451 146
m 220 45 1 451 146
m 220 109 1 451 146
m 220 122 1 451 146
m 220 137 1 451 146
m 220 151 1 451 146
m 220 168 1 451 146
b 220 3 451 146
m 220 45 3 9.4 140.0 0.25
m 220 109 3 9.4 140.0 0.25
b 229 2 342 333
b 229 3 342 333
m 229 177 3 10.999999999999998 165.20000000000002 0.07402797138633832
b 230 0 356 425
b 230 1 356 425
b 230 2 356 425
m 230 20 2 356 425
m 230 105 2 356 425
m 230 111 2 356 425
m 230 113 2 356 425
m 230 160 2 356 425
m 230 163 2 356 425
m 230 172 2 356 425
m 230 216 2 356 425
b 232 0 227 479
b 232 1 227 479
b 234 1 398 53
m 234 137 1 398 53
b 234 2 398 53
b 234 3 398 53
m 234 23 3 9.5 138.90000000000003 0.563918596023859
m 234 11 3 9.5 138.90000000000003 0.563918596023859
b 236 2 334 360
b 237 1 436 165
m 237 30 1 436 165
m 237 45 1 436 165
m 237 122 1 436 165
m 237 137 1 436 165
m 237 151 1 436 165
m 237 168 1 436 165
b 237 3 436 165
m 237 45 3 9.3 139.3 0.3333333333333333
b 238 0 433 476
m 238 170 0 433 476
m 238 200 0 433 476
b 238 1 433 476
m 238 170 1 433 476
m 238 200 1 433 476
b 11 2 445 8
b 11 3 445 8
b 15 2 296 468
b 20 2 433 455
b 23 3 425 24
m 23 167 3 8.90909090909091 128.5454545454546 1.0
b 25 2 447 333
m 25 219 2 447 333
b 29 0 478 93
b 29 1 478 93
b 29 2 478 93
b 29 3 478 93
b 30 1 483 117
b 45 1 469 184
b 45 3 469 184
b 46 2 280 496
b 54 2 424 396
b 65 2 0 467
b 67 0 483 407
b 67 1 483 407
b 68 2 385 388
b 72 0 497 410
b 72 1 497 410
b 73 2 242 463
b 77 3 400 459
m 77 195 3 14.0 225.45454545454547 0.1111111111111111
m 77 54 3 14.0 225.45454545454547 0.1111111111111111
b 84 3 415 410
b 93 3 391 402
m 93 54 3 13.727272727272727 221.36363636363637 0.16666666666666666
m 93 20 3 13.727272727272727 221.36363636363637 0.16666666666666666
b 98 2 9 477
b 104 2 13 382
b 105 2 409 367
b 105 3 409 367
m 105 54 3 13.454545454545455 209.45454545454547 0.14285714285714285
b 109 1 440 87
b 109 2 440 87
b 109 3 440 87
b 111 2 353 479
b 111 3 353 479
m 111 163 3 13.545454545454545 210.8181818181818 0.02243304664403727
b 113 2 405 469
b 113 3 405 469
m 113 195 3 13.636363636363637 212.36363636363637 0.10657652278981283
b 119 2 216 498
b 119 3 216 498
m 119 232 3 8.818181818181818 131.1818181818182 0.5
m 119 73 3 8.818181818181818 131.1818181818182 0.5
b 120 0 455 342
m 120 219 0 455 342
b 120 1 455 342
m 120 219 1 455 342
b 121 0 455 262
m 121 219 0 455 262
b 121 1 455 262
m 121 219 1 455 262
b 122 1 478 179
b 134 2 213 497
b 134 3 213 497
m 134 73 3 9.0 132.27272727272728 0.690533629376736
m 134 232 3 9.0 132.27272727272728 0.690533629376736
b 137 1 454 120
b 137 3 454 120
b 139 2 229 461
b 139 3 229 461
m 139 73 3 9.0 132.27272727272728 0.690533629376736
m 139 46 3 9.0 132.27272727272728 0.690533629376736
m 139 232 3 9.0 132.27272727272728 0.690533629376736
b 147 2 143 466
b 148 2 338 35
b 151 1 482 147
b 151 3 482 147
b 152 2 210 477
b 152 3 210 477
m 152 73 3 9.0 132.27272727272728 0.690533629376736
m 152 232 3 9.0 132.27272727272728 0.690533629376736
b 160 2 302 484
b 161 2 11 485
b 163 2 353 474
b 166 2 459 379
b 166 3 459 379
m 166 197 3 14.181818181818182 229.0909090909091 0.09829374253889217
m 166 116 3 14.181818181818182 229.0909090909091 0.09829374253889217
b 167 0 492 9
b 167 1 492 9
b 167 2 492 9
b 168 1 443 156
b 170 0 419 478
b 170 1 419 478
b 170 2 419 478
b 172 2 376 380
b 172 3 376 380
m 172 116 3 13.454545454545455 209.45454545454547 0.14285714285714285
b 177 3 342 325
m 177 116 3 12.0 181.27272727272728 0.3333333333333333
b 180 3 7 399
b 186 3 338 404
m 186 195 3 13.272727272727273 207.27272727272728 0.2
m 186 216 3 13.272727272727273 207.27272727272728 0.2
b 187 2 430 26
b 187 3 430 26
b 189 2 63 455
b 189 3 63 455
b 191 3 337 274
m 191 239 3 11.818181818181818 183.27272727272728 1.0
b 192 3 352 351
m 192 68 3 13.454545454545455 218.9090909090909 0.3333333333333333
b 197 1 491 337
m 197 219 1 491 337
b 200 0 442 461
b 200 1 442 461
b 200 2 442 461
m 200 228 2 442 461
b 203 2 437 485
b 203 3 437 485
m 203 228 3 13.818181818181818 222.54545454545456 0.14285714285714285
b 207 2 16 406
b 207 3 16 406
b 211 2 452 392
m 211 67 2 452 392
m 211 72 2 452 392
m 211 120 2 452 392
m 211 228 2 452 392
b 211 3 452 392
m 211 54 3 14.181818181818182 229.0909090909091 0.09829374253889217
m 211 25 3 14.181818181818182 229.0909090909091 0.09829374253889217
b 212 3 361 473
m 212 163 3 12.363636363636365 185.0909090909091 0.24167028118484077
m 212 46 3 12.363636363636365 185.0909090909091 0.24167028118484077
b 216 2 362 440
b 228 0 484 416
b 228 1 484 416
b 232 2 215 476
b 236 3 324 368
m 236 239 3 13.090909090909092 205.8181818181818 0.3333333333333333
b 238 2 439 466
m 238 228 2 439 466
b 20 3 445 453
m 20 200 3 12.916666666666668 204.25 0.08850535751275826
b 25 3 457 325
m 25 219 3 14.181818181818182 229.0909090909091 -1.0
b 46 3 269 495
m 46 160 3 8.416666666666666 121.58333333333333 0.025351230238224314
b 54 3 420 384
m 54 238 3 13.416666666666668 210.75 0.08310887753109893
b 67 2 476 417
b 68 3 383 400
m 68 230 3 12.5 201.0 0.1728967551622418
b 72 2 496 422
b 73 3 234 454
m 73 160 3 8.25 120.58333333333333 0.5093730769808036
m 73 15 3 8.25 120.58333333333333 0.5093730769808036
b 116 3 440 344
m 116 219 3 14.181818181818182 229.0909090909091 -1.0
b 120 2 445 335
m 120 219 2 445 335
b 163 3 353 462
m 163 15 3 12.75 194.58333333333334 9.313487995584756E-4
b 167 3 482 15
b 195 3 315 475
m 195 15 3 13.083333333333334 207.41666666666666 0.3333333333333333
b 197 3 497 345
m 197 219 3 14.181818181818182 229.0909090909091 -1.0
b 216 3 353 432
b 228 2 481 404
b 228 3 481 404
m 228 67 3 13.0 205.33333333333334 0.04085142499776647
b 232 3 203 473
b 239 3 281 303
b 15 3 318 457
b 67 3 469 426
m 67 72 3 12.076923076923077 189.6153846153846 1.0
b 160 3 279 481
b 200 3 443 437
m 200 72 3 12.076923076923077 188.84615384615387 0.002102687259313474
b 230 3 353 389
b 238 3 452 445
m 238 72 3 12.538461538461538 194.84615384615387 0.5
m 238 170 3 12.538461538461538 194.84615384615387 0.5
b 72 3 496 446
b 170 3 383 484
