Key: 
t: node change direction (node id, x, y, new direction)
s: node start location (node id, x, y, start direction, buffer)
m: message transfer (sender id, target id, messageType, sender x, sender y
b: broadcast (node id, message type, x, y)
369 408 226 4
s 0 374 445 313 0
s 1 173 92 129 0
s 2 124 241 170 0
s 3 129 463 25 0
s 4 333 382 281 0
s 5 55 388 188 0
s 6 358 6 350 0
s 7 110 213 240 0
s 8 25 356 282 0
s 9 91 493 274 0
s 10 365 357 348 0
s 11 100 110 92 0
s 12 366 416 253 0
s 13 161 221 290 0
s 14 396 419 235 0
s 15 261 219 322 0
s 16 482 370 195 0
s 17 404 444 75 0
s 18 70 218 57 0
s 19 354 190 78 0
s 20 179 397 58 0
s 21 264 455 17 0
s 22 460 459 145 0
s 23 140 310 179 0
s 24 151 105 182 0
s 25 16 401 281 0
s 26 335 79 338 0
s 27 120 396 206 0
s 28 122 337 233 0
s 29 353 220 329 0
s 30 59 130 280 0
s 31 204 6 56 0
s 32 183 438 108 0
s 33 214 439 257 0
s 34 216 334 347 0
s 35 258 155 265 0
s 36 316 72 276 0
s 37 361 339 70 0
s 38 37 306 138 0
s 39 431 376 166 0
s 40 5 164 95 0
s 41 385 275 42 0
s 42 144 333 211 0
s 43 162 60 133 0
s 44 405 10 324 0
s 45 260 431 85 0
s 46 471 345 313 0
s 47 284 455 4 0
s 48 313 194 335 0
s 49 314 395 256 0
s 50 8 177 69 0
s 51 242 174 78 0
s 52 76 17 27 0
s 53 34 289 253 0
s 54 185 90 342 0
s 55 63 347 254 0
s 56 190 289 135 0
s 57 445 154 201 0
s 58 363 68 58 0
s 59 385 353 210 0
s 60 95 49 83 0
s 61 471 442 355 0
s 62 410 355 250 0
s 63 99 208 298 0
s 64 128 497 296 0
s 65 84 318 274 0
s 66 322 370 307 0
s 67 398 335 232 0
s 68 176 212 68 0
s 69 311 449 19 0
s 70 214 143 96 0
s 71 369 408 326 0
s 72 381 62 132 0
s 73 167 146 90 0
s 74 334 205 138 0
s 75 105 471 292 0
s 76 188 104 353 0
s 77 438 74 221 0
s 78 452 465 105 0
s 79 255 337 128 0
s 80 162 181 324 0
s 81 327 235 101 0
s 82 157 483 297 0
s 83 349 120 52 0
s 84 276 392 58 0
s 85 418 147 181 0
s 86 128 237 358 0
s 87 273 416 59 0
s 88 376 167 145 0
s 89 128 487 1 0
s 90 481 456 184 0
s 91 306 322 53 0
s 92 136 197 354 0
s 93 302 497 112 0
s 94 165 391 0 0
s 95 224 0 39 0
s 96 151 125 222 0
s 97 460 161 140 0
s 98 256 436 346 0
s 99 130 11 205 0
s 100 291 23 105 0
s 101 261 26 29 0
s 102 219 418 10 0
s 103 366 498 201 0
s 104 95 444 107 0
s 105 202 115 250 0
s 106 428 11 128 0
s 107 73 157 353 0
s 108 331 27 354 0
s 109 219 54 201 0
s 110 292 227 77 0
s 111 303 156 285 0
s 112 305 484 218 0
s 113 400 468 66 0
s 114 401 164 187 0
s 115 353 329 351 0
s 116 235 126 262 0
s 117 286 248 49 0
s 118 23 292 249 0
s 119 435 64 107 0
s 120 295 481 301 0
s 121 323 16 249 0
s 122 159 360 134 0
s 123 172 315 141 0
s 124 484 497 334 0
s 125 438 35 178 0
s 126 164 223 74 0
s 127 418 81 254 0
s 128 142 326 196 0
s 129 383 395 325 0
s 130 130 278 144 0
s 131 395 66 336 0
s 132 323 195 284 0
s 133 462 30 35 0
s 134 380 485 111 0
s 135 226 4 197 0
s 136 229 481 347 0
s 137 50 79 82 0
s 138 476 484 357 0
s 139 44 321 13 0
s 140 144 216 241 0
s 141 385 162 33 0
s 142 106 133 235 0
s 143 23 421 213 0
s 144 166 428 1 0
s 145 475 442 304 0
s 146 128 480 253 0
s 147 381 447 97 0
s 148 91 464 255 0
s 149 148 259 137 0
s 150 370 60 336 0
s 151 171 303 260 0
s 152 14 176 209 0
s 153 213 230 290 0
s 154 13 179 10 0
s 155 459 102 132 0
s 156 109 213 287 0
s 157 493 25 169 0
s 158 71 367 206 0
s 159 347 57 263 0
s 160 118 477 340 0
s 161 23 422 270 0
s 162 42 482 14 0
s 163 194 486 17 0
s 164 290 263 3 0
s 165 80 437 229 0
s 166 344 103 167 0
s 167 337 328 180 0
s 168 459 9 348 0
s 169 357 75 91 0
s 170 43 258 265 0
s 171 70 66 102 0
s 172 485 130 205 0
s 173 38 224 189 0
s 174 272 221 141 0
s 175 231 12 56 0
s 176 58 435 161 0
s 177 293 386 141 0
s 178 473 170 22 0
s 179 271 268 106 0
s 180 291 229 29 0
s 181 239 213 5 0
s 182 327 270 153 0
s 183 344 45 136 0
s 184 94 358 295 0
s 185 260 311 170 0
s 186 334 371 14 0
s 187 133 282 320 0
s 188 127 132 318 0
s 189 225 466 235 0
s 190 39 408 301 0
s 191 320 156 66 0
s 192 29 308 173 0
s 193 55 213 192 0
s 194 384 280 282 0
s 195 426 223 280 0
s 196 258 106 344 0
s 197 346 230 300 0
s 198 31 4 146 0
s 199 12 408 325 0
s 200 147 45 262 0
s 201 267 161 171 0
s 202 308 214 117 0
s 203 132 36 62 0
s 204 234 283 86 0
s 205 278 369 213 0
s 206 169 166 210 0
s 207 340 464 220 0
s 208 47 71 299 0
s 209 346 72 58 0
s 210 193 318 6 0
s 211 467 143 192 0
s 212 346 390 32 0
s 213 233 69 349 0
s 214 221 208 110 0
s 215 464 164 254 0
s 216 244 369 317 0
s 217 179 71 59 0
s 218 241 352 145 0
s 219 66 484 315 0
s 220 330 155 313 0
s 221 279 218 353 0
s 222 10 167 232 0
s 223 228 70 216 0
s 224 179 12 87 0
s 225 178 37 249 0
s 226 278 485 166 0
s 227 336 171 325 0
s 228 155 76 122 0
s 229 336 11 118 0
s 230 208 94 297 0
s 231 464 345 255 0
s 232 42 432 233 0
s 233 468 425 148 0
s 234 274 434 47 0
s 235 135 177 260 0
s 236 389 396 28 0
s 237 10 428 314 0
s 238 30 7 90 0
s 239 358 367 114 0
b 71 0 379 401
m 71 0 0 379 401
m 71 4 0 379 401
m 71 10 0 379 401
m 71 12 0 379 401
m 71 14 0 379 401
m 71 17 0 379 401
m 71 37 0 379 401
m 71 39 0 379 401
m 71 49 0 379 401
m 71 59 0 379 401
m 71 62 0 379 401
m 71 66 0 379 401
m 71 113 0 379 401
m 71 129 0 379 401
m 71 147 0 379 401
m 71 186 0 379 401
m 71 207 0 379 401
m 71 212 0 379 401
m 71 236 0 379 401
m 71 239 0 379 401
b 71 1 379 401
m 71 0 1 379 401
m 71 4 1 379 401
m 71 10 1 379 401
m 71 12 1 379 401
m 71 14 1 379 401
m 71 17 1 379 401
m 71 37 1 379 401
m 71 39 1 379 401
m 71 49 1 379 401
m 71 59 1 379 401
m 71 62 1 379 401
m 71 66 1 379 401
m 71 113 1 379 401
m 71 129 1 379 401
m 71 147 1 379 401
m 71 186 1 379 401
m 71 207 1 379 401
m 71 212 1 379 401
m 71 236 1 379 401
m 71 239 1 379 401
b 71 2 379 401
m 71 0 2 379 401
m 71 4 2 379 401
m 71 10 2 379 401
m 71 12 2 379 401
m 71 14 2 379 401
m 71 17 2 379 401
m 71 37 2 379 401
m 71 39 2 379 401
m 71 49 2 379 401
m 71 59 2 379 401
m 71 62 2 379 401
m 71 66 2 379 401
m 71 113 2 379 401
m 71 129 2 379 401
m 71 147 2 379 401
m 71 186 2 379 401
m 71 207 2 379 401
m 71 212 2 379 401
m 71 236 2 379 401
m 71 239 2 379 401
b 71 3 379 401
m 71 0 3 20.0 400.0 1.0
m 71 4 3 20.0 400.0 1.0
m 71 10 3 20.0 400.0 1.0
m 71 12 3 20.0 400.0 1.0
m 71 14 3 20.0 400.0 1.0
m 71 17 3 20.0 400.0 1.0
m 71 37 3 20.0 400.0 1.0
m 71 39 3 20.0 400.0 1.0
m 71 49 3 20.0 400.0 1.0
m 71 59 3 20.0 400.0 1.0
m 71 62 3 20.0 400.0 1.0
m 71 66 3 20.0 400.0 1.0
m 71 113 3 20.0 400.0 1.0
m 71 129 3 20.0 400.0 1.0
m 71 147 3 20.0 400.0 1.0
m 71 186 3 20.0 400.0 1.0
m 71 207 3 20.0 400.0 1.0
m 71 212 3 20.0 400.0 1.0
m 71 236 3 20.0 400.0 1.0
m 71 239 3 20.0 400.0 1.0
b 0 0 391 427
m 0 69 0 391 427
m 0 103 0 391 427
m 0 134 0 391 427
m 0 233 0 391 427
b 0 1 391 427
b 0 2 391 427
b 0 3 391 427
m 0 134 3 14.666666666666668 272.0 0.25
m 0 69 3 14.666666666666668 272.0 0.25
b 4 0 337 358
m 4 91 0 337 358
m 4 115 0 337 358
m 4 167 0 337 358
m 4 177 0 337 358
m 4 205 0 337 358
b 4 1 337 358
m 4 91 1 337 358
m 4 115 1 337 358
m 4 167 1 337 358
m 4 177 1 337 358
m 4 205 1 337 358
b 4 2 337 358
m 4 91 2 337 358
m 4 115 2 337 358
m 4 167 2 337 358
m 4 177 2 337 358
m 4 205 2 337 358
b 4 3 337 358
m 4 91 3 15.0 275.0 0.2
m 4 205 3 15.0 275.0 0.2
b 10 0 389 352
m 10 67 0 389 352
m 10 91 0 389 352
m 10 115 0 389 352
m 10 167 0 389 352
b 10 1 389 352
b 10 2 389 352
m 10 67 2 389 352
m 10 91 2 389 352
m 10 115 2 389 352
m 10 167 2 389 352
b 10 3 389 352
m 10 167 3 14.666666666666668 272.0 0.25
m 10 91 3 14.666666666666668 272.0 0.25
b 12 0 359 392
m 12 69 0 359 392
b 12 1 359 392
m 12 69 1 359 392
b 12 2 359 392
b 12 3 359 392
m 12 69 3 13.666666666666668 267.0 1.0
b 14 0 381 399
m 14 233 0 381 399
b 14 1 381 399
b 14 2 381 399
m 14 233 2 381 399
b 14 3 381 399
m 14 233 3 13.666666666666668 267.0 1.0
b 17 0 410 469
m 17 22 0 410 469
m 17 78 0 410 469
m 17 90 0 410 469
m 17 103 0 410 469
m 17 134 0 410 469
m 17 233 0 410 469
b 17 1 410 469
m 17 22 1 410 469
m 17 78 1 410 469
m 17 90 1 410 469
m 17 103 1 410 469
m 17 134 1 410 469
m 17 233 1 410 469
b 17 2 410 469
m 17 22 2 410 469
m 17 78 2 410 469
m 17 90 2 410 469
m 17 103 2 410 469
m 17 134 2 410 469
m 17 233 2 410 469
b 17 3 410 469
m 17 22 3 15.333333333333334 278.6666666666667 0.16666666666666666
m 17 103 3 15.333333333333334 278.6666666666667 0.16666666666666666
b 37 0 370 362
m 37 67 0 370 362
m 37 91 0 370 362
m 37 115 0 370 362
m 37 167 0 370 362
b 37 1 370 362
m 37 67 1 370 362
m 37 91 1 370 362
m 37 115 1 370 362
m 37 167 1 370 362
b 37 2 370 362
m 37 67 2 370 362
m 37 91 2 370 362
m 37 115 2 370 362
m 37 167 2 370 362
b 37 3 370 362
m 37 167 3 14.666666666666668 272.0 0.25
m 37 91 3 14.666666666666668 272.0 0.25
b 39 0 406 382
m 39 16 0 406 382
m 39 67 0 406 382
m 39 115 0 406 382
m 39 231 0 406 382
m 39 233 0 406 382
b 39 1 406 382
m 39 16 1 406 382
m 39 67 1 406 382
m 39 115 1 406 382
m 39 231 1 406 382
m 39 233 1 406 382
b 39 2 406 382
m 39 16 2 406 382
m 39 67 2 406 382
m 39 115 2 406 382
m 39 231 2 406 382
m 39 233 2 406 382
b 39 3 406 382
m 39 16 3 15.0 275.0 0.2
m 39 231 3 15.0 275.0 0.2
b 49 0 308 371
m 49 79 0 308 371
m 49 84 0 308 371
m 49 91 0 308 371
m 49 98 0 308 371
m 49 167 0 308 371
m 49 177 0 308 371
m 49 205 0 308 371
m 49 216 0 308 371
b 49 1 308 371
m 49 79 1 308 371
m 49 84 1 308 371
m 49 91 1 308 371
m 49 98 1 308 371
m 49 167 1 308 371
m 49 177 1 308 371
m 49 205 1 308 371
m 49 216 1 308 371
b 49 2 308 371
m 49 79 2 308 371
m 49 84 2 308 371
m 49 91 2 308 371
m 49 98 2 308 371
m 49 167 2 308 371
m 49 177 2 308 371
m 49 205 2 308 371
m 49 216 2 308 371
b 49 3 308 371
m 49 98 3 16.0 288.0 0.125
m 49 205 3 16.0 288.0 0.125
b 59 0 364 341
m 59 67 0 364 341
m 59 91 0 364 341
m 59 115 0 364 341
m 59 167 0 364 341
b 59 1 364 341
m 59 67 1 364 341
m 59 91 1 364 341
m 59 115 1 364 341
m 59 167 1 364 341
b 59 2 364 341
b 59 3 364 341
m 59 167 3 14.666666666666668 272.0 0.25
m 59 91 3 14.666666666666668 272.0 0.25
b 62 0 402 331
m 62 41 0 402 331
m 62 67 0 402 331
m 62 115 0 402 331
m 62 231 0 402 331
b 62 1 402 331
b 62 2 402 331
m 62 41 2 402 331
m 62 67 2 402 331
m 62 115 2 402 331
m 62 231 2 402 331
b 62 3 402 331
m 62 67 3 14.666666666666668 272.0 0.25
m 62 41 3 14.666666666666668 272.0 0.25
b 66 0 337 350
m 66 67 0 337 350
m 66 91 0 337 350
m 66 115 0 337 350
m 66 167 0 337 350
m 66 205 0 337 350
b 66 1 337 350
m 66 67 1 337 350
m 66 91 1 337 350
m 66 115 1 337 350
m 66 167 1 337 350
m 66 205 1 337 350
b 66 2 337 350
b 66 3 337 350
m 66 91 3 15.0 275.0 0.2
m 66 67 3 15.0 275.0 0.2
b 113 0 410 491
m 113 22 0 410 491
m 113 78 0 410 491
m 113 90 0 410 491
m 113 103 0 410 491
m 113 134 0 410 491
m 113 233 0 410 491
b 113 1 410 491
m 113 22 1 410 491
m 113 78 1 410 491
m 113 90 1 410 491
m 113 103 1 410 491
m 113 134 1 410 491
m 113 233 1 410 491
b 113 2 410 491
b 113 3 410 491
m 113 103 3 15.333333333333334 278.6666666666667 0.16666666666666666
m 113 233 3 15.333333333333334 278.6666666666667 0.16666666666666666
b 129 0 404 380
m 129 67 0 404 380
m 129 115 0 404 380
b 129 1 404 380
m 129 67 1 404 380
m 129 115 1 404 380
b 129 2 404 380
m 129 67 2 404 380
m 129 115 2 404 380
b 129 3 404 380
m 129 115 3 14.0 268.0 0.5
m 129 67 3 14.0 268.0 0.5
b 147 0 378 472
m 147 69 0 378 472
m 147 103 0 378 472
m 147 134 0 378 472
b 147 1 378 472
m 147 69 1 378 472
m 147 103 1 378 472
m 147 134 1 378 472
b 147 2 378 472
m 147 69 2 378 472
m 147 103 2 378 472
m 147 134 2 378 472
b 147 3 378 472
m 147 69 3 14.333333333333334 269.6666666666667 0.3333333333333333
b 186 0 359 377
m 186 84 0 359 377
m 186 91 0 359 377
m 186 115 0 359 377
m 186 167 0 359 377
b 186 1 359 377
m 186 84 1 359 377
m 186 91 1 359 377
m 186 115 1 359 377
m 186 167 1 359 377
b 186 2 359 377
b 186 3 359 377
m 186 91 3 14.666666666666668 272.0 0.25
m 186 84 3 14.666666666666668 272.0 0.25
b 207 0 320 448
m 207 21 0 320 448
m 207 47 0 320 448
m 207 69 0 320 448
m 207 84 0 320 448
m 207 87 0 320 448
m 207 93 0 320 448
m 207 98 0 320 448
m 207 103 0 320 448
m 207 112 0 320 448
m 207 120 0 320 448
m 207 134 0 320 448
m 207 234 0 320 448
b 207 1 320 448
m 207 21 1 320 448
m 207 47 1 320 448
m 207 69 1 320 448
m 207 84 1 320 448
m 207 87 1 320 448
m 207 93 1 320 448
m 207 98 1 320 448
m 207 103 1 320 448
m 207 112 1 320 448
m 207 120 1 320 448
m 207 134 1 320 448
m 207 234 1 320 448
b 207 2 320 448
m 207 21 2 320 448
m 207 47 2 320 448
m 207 69 2 320 448
m 207 84 2 320 448
m 207 87 2 320 448
m 207 93 2 320 448
m 207 98 2 320 448
m 207 103 2 320 448
m 207 112 2 320 448
m 207 120 2 320 448
m 207 134 2 320 448
m 207 234 2 320 448
b 207 3 320 448
m 207 112 3 17.333333333333336 314.6666666666667 0.4952766531713899
m 207 87 3 17.333333333333336 314.6666666666667 0.4952766531713899
m 207 47 3 17.333333333333336 314.6666666666667 0.4952766531713899
m 207 21 3 17.333333333333336 314.6666666666667 0.4952766531713899
m 207 69 3 17.333333333333336 314.6666666666667 0.4952766531713899
m 207 134 3 17.333333333333336 314.6666666666667 0.4952766531713899
b 212 0 367 403
m 212 69 0 367 403
b 212 1 367 403
b 212 2 367 403
m 212 69 2 367 403
b 212 3 367 403
m 212 69 3 13.666666666666668 267.0 1.0
b 236 0 411 408
m 236 233 0 411 408
b 236 1 411 408
b 236 2 411 408
b 236 3 411 408
m 236 233 3 13.666666666666668 267.0 1.0
b 239 0 348 390
m 239 115 0 348 390
b 239 1 348 390
m 239 115 1 348 390
b 239 2 348 390
m 239 115 2 348 390
b 239 3 348 390
m 239 115 3 13.666666666666668 267.0 1.0
b 16 0 446 360
m 16 46 0 446 360
m 16 145 0 446 360
b 16 1 446 360
m 16 46 1 446 360
m 16 145 1 446 360
b 16 2 446 360
m 16 46 2 446 360
m 16 145 2 446 360
b 16 3 446 360
m 16 46 3 11.75 207.25 0.5
m 16 145 3 11.75 207.25 0.5
b 21 0 299 466
m 21 45 0 299 466
m 21 102 0 299 466
m 21 136 0 299 466
m 21 226 0 299 466
b 21 1 299 466
m 21 45 1 299 466
m 21 102 1 299 466
m 21 136 1 299 466
m 21 226 1 299 466
b 21 2 299 466
b 21 3 299 466
m 21 93 3 15.000000000000002 252.0 0.3062719752122631
m 21 45 3 15.000000000000002 252.0 0.3062719752122631
m 21 120 3 15.000000000000002 252.0 0.3062719752122631
b 22 0 430 480
m 22 61 0 430 480
m 22 124 0 430 480
m 22 138 0 430 480
m 22 145 0 430 480
b 22 1 430 480
b 22 2 430 480
m 22 61 2 430 480
m 22 124 2 430 480
m 22 138 2 430 480
m 22 145 2 430 480
b 22 3 430 480
m 22 78 3 13.0 218.0 0.18029860434923722
m 22 61 3 13.0 218.0 0.18029860434923722
b 41 0 413 300
m 41 194 0 413 300
b 41 2 413 300
b 41 3 413 300
m 41 194 3 11.25 204.25 1.0
b 47 0 321 457
m 47 45 0 321 457
m 47 102 0 321 457
m 47 136 0 321 457
b 47 1 321 457
m 47 45 1 321 457
m 47 102 1 321 457
m 47 136 1 321 457
b 47 2 321 457
m 47 45 2 321 457
m 47 102 2 321 457
m 47 136 2 321 457
b 47 3 321 457
m 47 93 3 14.750000000000002 248.25 0.20700745379623545
m 47 45 3 14.750000000000002 248.25 0.20700745379623545
b 67 0 375 306
m 67 194 0 375 306
b 67 1 375 306
m 67 41 1 375 306
m 67 194 1 375 306
b 67 2 375 306
b 67 3 375 306
m 67 194 3 11.25 204.25 1.0
b 69 0 346 461
b 69 1 346 461
b 69 2 346 461
b 69 3 346 461
m 69 234 3 11.75 206.25 0.18551795097931134
b 78 0 445 496
m 78 61 0 445 496
m 78 124 0 445 496
m 78 138 0 445 496
b 78 1 445 496
m 78 61 1 445 496
m 78 124 1 445 496
m 78 138 1 445 496
b 78 2 445 496
m 78 61 2 445 496
m 78 124 2 445 496
m 78 138 2 445 496
b 79 0 232 366
m 79 33 0 232 366
m 79 34 0 232 366
m 79 94 0 232 366
m 79 102 0 232 366
m 79 185 0 232 366
m 79 204 0 232 366
m 79 210 0 232 366
m 79 218 0 232 366
b 79 1 232 366
m 79 33 1 232 366
m 79 34 1 232 366
m 79 94 1 232 366
m 79 102 1 232 366
m 79 185 1 232 366
m 79 204 1 232 366
m 79 210 1 232 366
m 79 218 1 232 366
b 79 2 232 366
m 79 33 2 232 366
m 79 34 2 232 366
m 79 94 2 232 366
m 79 102 2 232 366
m 79 185 2 232 366
m 79 204 2 232 366
m 79 210 2 232 366
m 79 218 2 232 366
b 84 0 295 423
m 84 45 0 295 423
m 84 102 0 295 423
m 84 136 0 295 423
b 84 1 295 423
m 84 45 1 295 423
m 84 102 1 295 423
m 84 136 1 295 423
b 84 2 295 423
b 84 3 295 423
m 84 136 3 12.75 216.25 0.37004542749742386
m 84 120 3 12.75 216.25 0.37004542749742386
m 84 93 3 12.75 216.25 0.37004542749742386
b 87 0 292 448
m 87 45 0 292 448
m 87 102 0 292 448
m 87 136 0 292 448
m 87 226 0 292 448
b 87 1 292 448
b 87 2 292 448
m 87 45 2 292 448
m 87 102 2 292 448
m 87 136 2 292 448
m 87 226 2 292 448
b 87 3 292 448
m 87 102 3 15.000000000000002 252.0 0.3062719752122631
m 87 136 3 15.000000000000002 252.0 0.3062719752122631
m 87 93 3 15.000000000000002 252.0 0.3062719752122631
b 90 0 444 453
m 90 61 0 444 453
m 90 124 0 444 453
m 90 138 0 444 453
m 90 145 0 444 453
b 90 1 444 453
m 90 61 1 444 453
m 90 124 1 444 453
m 90 138 1 444 453
m 90 145 1 444 453
b 90 2 444 453
m 90 61 2 444 453
m 90 124 2 444 453
m 90 138 2 444 453
m 90 145 2 444 453
b 91 0 328 351
m 91 182 0 328 351
b 91 1 328 351
m 91 182 1 328 351
b 91 2 328 351
m 91 182 2 328 351
b 91 3 328 351
m 91 216 3 11.75 207.25 0.5
m 91 182 3 11.75 207.25 0.5
b 93 0 303 463
m 93 45 0 303 463
m 93 136 0 303 463
m 93 226 0 303 463
b 93 1 303 463
m 93 45 1 303 463
m 93 136 1 303 463
m 93 226 1 303 463
b 93 2 303 463
m 93 45 2 303 463
m 93 136 2 303 463
m 93 226 2 303 463
b 98 0 292 427
m 98 45 0 292 427
m 98 102 0 292 427
m 98 136 0 292 427
b 98 1 292 427
m 98 45 1 292 427
m 98 102 1 292 427
m 98 136 1 292 427
b 98 2 292 427
b 98 3 292 427
m 98 136 3 13.75 228.25 0.1189075630252101
b 103 0 331 485
b 103 1 331 485
b 103 2 331 485
b 103 3 331 485
m 103 93 3 12.0 210.0 0.5
m 103 120 3 12.0 210.0 0.5
b 112 0 275 461
m 112 45 0 275 461
m 112 102 0 275 461
m 112 136 0 275 461
m 112 163 0 275 461
m 112 226 0 275 461
b 112 1 275 461
m 112 45 1 275 461
m 112 102 1 275 461
m 112 136 1 275 461
m 112 163 1 275 461
m 112 226 1 275 461
b 112 2 275 461
b 112 3 275 461
m 112 45 3 15.250000000000002 256.25 0.38217701507919993
m 112 163 3 15.250000000000002 256.25 0.38217701507919993
m 112 177 3 15.250000000000002 256.25 0.38217701507919993
m 112 226 3 15.250000000000002 256.25 0.38217701507919993
b 115 0 389 323
m 115 194 0 389 323
b 115 1 389 323
b 115 2 389 323
b 115 3 389 323
m 115 194 3 10.75 201.25 0.023255813953488413
b 120 0 315 449
m 120 45 0 315 449
m 120 136 0 315 449
b 120 1 315 449
m 120 45 1 315 449
m 120 136 1 315 449
b 120 2 315 449
b 134 0 383 478
b 134 1 383 478
b 134 2 383 478
b 134 3 383 478
m 134 78 3 11.25 204.25 1.0
b 167 0 300 328
m 167 34 0 300 328
m 167 81 0 300 328
m 167 117 0 300 328
m 167 164 0 300 328
m 167 179 0 300 328
m 167 182 0 300 328
b 167 1 300 328
m 167 34 1 300 328
m 167 81 1 300 328
m 167 117 1 300 328
m 167 164 1 300 328
m 167 179 1 300 328
m 167 182 1 300 328
b 167 2 300 328
m 167 34 2 300 328
m 167 81 2 300 328
m 167 117 2 300 328
m 167 164 2 300 328
m 167 179 2 300 328
m 167 182 2 300 328
b 167 3 300 328
m 167 117 3 12.75 216.25 0.37004542749742386
m 167 179 3 12.75 216.25 0.37004542749742386
m 167 34 3 12.75 216.25 0.37004542749742386
b 177 0 265 410
m 177 33 0 265 410
m 177 45 0 265 410
m 177 102 0 265 410
m 177 218 0 265 410
b 177 1 265 410
m 177 33 1 265 410
m 177 45 1 265 410
m 177 102 1 265 410
m 177 218 1 265 410
b 177 2 265 410
b 205 0 247 349
m 205 34 0 247 349
m 205 102 0 247 349
m 205 179 0 247 349
m 205 185 0 247 349
m 205 204 0 247 349
m 205 210 0 247 349
m 205 218 0 247 349
b 205 1 247 349
m 205 34 1 247 349
m 205 102 1 247 349
m 205 179 1 247 349
m 205 185 1 247 349
m 205 204 1 247 349
m 205 210 1 247 349
m 205 218 1 247 349
b 205 2 247 349
m 205 34 2 247 349
m 205 102 2 247 349
m 205 179 2 247 349
m 205 185 2 247 349
m 205 204 2 247 349
m 205 210 2 247 349
m 205 218 2 247 349
b 205 3 247 349
m 205 34 3 13.75 231.25 0.3087412587412588
m 205 102 3 13.75 231.25 0.3087412587412588
m 205 177 3 13.75 231.25 0.3087412587412588
m 205 179 3 13.75 231.25 0.3087412587412588
b 216 0 271 344
m 216 34 0 271 344
m 216 102 0 271 344
m 216 179 0 271 344
m 216 185 0 271 344
m 216 204 0 271 344
m 216 210 0 271 344
m 216 218 0 271 344
b 216 1 271 344
m 216 34 1 271 344
m 216 102 1 271 344
m 216 179 1 271 344
m 216 185 1 271 344
m 216 204 1 271 344
m 216 210 1 271 344
m 216 218 1 271 344
b 216 2 271 344
m 216 34 2 271 344
m 216 102 2 271 344
m 216 179 2 271 344
m 216 185 2 271 344
m 216 204 2 271 344
m 216 210 2 271 344
m 216 218 2 271 344
b 231 0 454 309
m 231 46 0 454 309
b 231 1 454 309
m 231 41 1 454 309
m 231 46 1 454 309
b 231 2 454 309
b 231 3 454 309
m 231 46 3 11.5 206.5 1.0
b 233 0 436 444
m 233 61 0 436 444
m 233 145 0 436 444
b 233 1 436 444
m 233 61 1 436 444
m 233 145 1 436 444
b 233 2 436 444
b 233 3 436 444
m 233 61 3 11.25 204.25 1.0
m 233 78 3 11.25 204.25 1.0
m 233 90 3 11.25 204.25 1.0
m 233 145 3 11.25 204.25 1.0
b 234 0 299 461
m 234 45 0 299 461
m 234 102 0 299 461
m 234 136 0 299 461
m 234 226 0 299 461
b 234 1 299 461
b 234 2 299 461
b 33 0 203 391
m 33 20 0 203 391
m 33 144 0 203 391
m 33 189 0 203 391
b 33 1 203 391
m 33 20 1 203 391
m 33 144 1 203 391
m 33 189 1 203 391
b 33 2 203 391
b 34 0 264 323
b 34 1 264 323
b 34 2 264 323
b 34 3 264 323
m 34 79 3 11.2 178.0 0.25669060274744515
m 34 204 3 11.2 178.0 0.25669060274744515
b 41 1 422 308
b 45 0 264 480
m 45 144 0 264 480
m 45 189 0 264 480
b 45 1 264 480
m 45 144 1 264 480
m 45 189 1 264 480
b 45 2 264 480
m 45 144 2 264 480
m 45 163 2 264 480
m 45 189 2 264 480
b 45 3 264 480
m 45 144 3 12.400000000000002 202.4 0.5
m 45 189 3 12.400000000000002 202.4 0.5
b 46 0 492 308
b 46 1 492 308
b 46 2 492 308
b 46 3 492 308
b 61 0 490 420
b 61 1 490 420
b 61 2 490 420
b 61 3 490 420
m 61 138 3 10.8 175.20000000000002 0.5
m 61 124 3 10.8 175.20000000000002 0.5
b 78 3 454 490
m 78 124 3 10.8 175.20000000000002 0.5
m 78 138 3 10.8 175.20000000000002 0.5
b 81 0 317 283
m 81 19 0 317 283
m 81 74 0 317 283
m 81 110 0 317 283
m 81 180 0 317 283
m 81 202 0 317 283
m 81 221 0 317 283
b 81 1 317 283
b 81 2 317 283
b 90 3 432 452
m 90 124 3 9.4 164.20000000000002 0.08014551868592212
b 93 3 304 451
b 94 0 214 391
m 94 20 0 214 391
m 94 144 0 214 391
m 94 189 0 214 391
b 94 1 214 391
b 94 2 214 391
m 94 20 2 214 391
m 94 144 2 214 391
m 94 189 2 214 391
b 102 0 268 427
m 102 20 0 268 427
m 102 144 0 268 427
m 102 189 0 268 427
b 102 1 268 427
b 102 2 268 427
b 102 3 268 427
m 102 218 3 13.400000000000002 211.4 0.2852013626831531
m 102 33 3 13.400000000000002 211.4 0.2852013626831531
b 117 0 318 285
m 117 19 0 318 285
m 117 74 0 318 285
m 117 110 0 318 285
m 117 180 0 318 285
m 117 181 0 318 285
m 117 202 0 318 285
m 117 221 0 318 285
b 117 1 318 285
m 117 19 1 318 285
m 117 74 1 318 285
m 117 110 1 318 285
m 117 180 1 318 285
m 117 181 1 318 285
m 117 202 1 318 285
m 117 221 1 318 285
b 117 2 318 285
m 117 19 2 318 285
m 117 74 2 318 285
m 117 110 2 318 285
m 117 180 2 318 285
m 117 181 2 318 285
m 117 202 2 318 285
m 117 221 2 318 285
b 117 3 318 285
m 117 81 3 12.0 189.2 0.47381069117582375
m 117 181 3 12.0 189.2 0.47381069117582375
m 117 110 3 12.0 189.2 0.47381069117582375
m 117 221 3 12.0 189.2 0.47381069117582375
m 117 164 3 12.0 189.2 0.47381069117582375
b 120 3 321 439
b 124 0 468 478
b 124 1 468 478
b 124 2 468 478
b 136 0 276 470
b 136 1 276 470
b 136 2 276 470
m 136 163 2 276 470
b 136 3 276 470
b 138 0 487 459
b 138 1 487 459
b 138 2 487 459
b 145 0 491 409
b 145 1 491 409
b 145 2 491 409
b 145 3 491 409
m 145 138 3 9.8 166.60000000000002 0.5191815856777494
m 145 124 3 9.8 166.60000000000002 0.5191815856777494
b 163 0 236 491
m 163 3 0 236 491
m 163 32 0 236 491
m 163 82 0 236 491
m 163 89 0 236 491
m 163 144 0 236 491
m 163 189 0 236 491
b 163 1 236 491
m 163 3 1 236 491
m 163 32 1 236 491
m 163 82 1 236 491
m 163 89 1 236 491
m 163 144 1 236 491
m 163 189 1 236 491
b 163 3 236 491
m 163 82 3 13.4 212.2 0.22618313620800173
m 163 189 3 13.4 212.2 0.22618313620800173
b 164 0 339 266
m 164 19 0 339 266
m 164 74 0 339 266
m 164 110 0 339 266
m 164 180 0 339 266
m 164 181 0 339 266
m 164 202 0 339 266
m 164 221 0 339 266
b 164 1 339 266
m 164 19 1 339 266
m 164 74 1 339 266
m 164 110 1 339 266
m 164 180 1 339 266
m 164 181 1 339 266
m 164 202 1 339 266
m 164 221 1 339 266
b 164 2 339 266
m 164 19 2 339 266
m 164 74 2 339 266
m 164 110 2 339 266
m 164 180 2 339 266
m 164 181 2 339 266
m 164 202 2 339 266
m 164 221 2 339 266
b 177 3 255 417
m 177 33 3 13.600000000000001 214.8 0.3043613692258541
m 177 79 3 13.600000000000001 214.8 0.3043613692258541
m 177 20 3 13.600000000000001 214.8 0.3043613692258541
b 179 0 257 315
m 179 110 0 257 315
m 179 174 0 257 315
m 179 202 0 257 315
b 179 1 257 315
m 179 110 1 257 315
m 179 174 1 257 315
m 179 202 1 257 315
b 179 2 257 315
b 179 3 257 315
m 179 202 3 11.6 182.8 0.3979171876469798
m 179 185 3 11.6 182.8 0.3979171876469798
m 179 110 3 11.6 182.8 0.3979171876469798
b 182 0 284 292
m 182 74 0 284 292
m 182 110 0 284 292
m 182 174 0 284 292
m 182 180 0 284 292
m 182 202 0 284 292
b 182 1 284 292
b 182 2 284 292
b 182 3 284 292
m 182 204 3 11.200000000000001 182.0 0.8981599886331344
m 182 81 3 11.200000000000001 182.0 0.8981599886331344
m 182 74 3 11.200000000000001 182.0 0.8981599886331344
m 182 110 3 11.200000000000001 182.0 0.8981599886331344
m 182 174 3 11.200000000000001 182.0 0.8981599886331344
m 182 202 3 11.200000000000001 182.0 0.8981599886331344
m 182 180 3 11.200000000000001 182.0 0.8981599886331344
m 182 210 3 11.200000000000001 182.0 0.8981599886331344
m 182 164 3 11.200000000000001 182.0 0.8981599886331344
b 185 0 212 319
m 185 174 0 212 319
b 185 1 212 319
m 185 174 1 212 319
b 185 2 212 319
m 185 174 2 212 319
b 194 0 394 232
m 194 19 0 394 232
m 194 29 0 394 232
m 194 88 0 394 232
m 194 97 0 394 232
m 194 141 0 394 232
m 194 195 0 394 232
m 194 197 0 394 232
b 194 1 394 232
b 194 3 394 232
m 194 19 3 10.4 173.20000000000002 1.0
m 194 29 3 10.4 173.20000000000002 1.0
m 194 88 3 10.4 173.20000000000002 1.0
m 194 97 3 10.4 173.20000000000002 1.0
m 194 141 3 10.4 173.20000000000002 1.0
m 194 195 3 10.4 173.20000000000002 1.0
m 194 197 3 10.4 173.20000000000002 1.0
b 204 0 237 332
b 204 1 237 332
b 204 2 237 332
b 210 0 242 324
b 210 1 242 324
b 210 2 242 324
b 216 3 280 335
m 216 185 3 10.4 170.8 0.8146075152469014
m 216 204 3 10.4 170.8 0.8146075152469014
m 216 79 3 10.4 170.8 0.8146075152469014
m 216 210 3 10.4 170.8 0.8146075152469014
m 216 218 3 10.4 170.8 0.8146075152469014
b 218 0 201 380
m 218 20 0 201 380
m 218 144 0 201 380
m 218 189 0 201 380
b 218 1 201 380
m 218 20 1 201 380
m 218 144 1 201 380
m 218 189 1 201 380
b 218 2 201 380
m 218 20 2 201 380
m 218 144 2 201 380
m 218 189 2 201 380
b 226 0 231 497
m 226 32 0 231 497
m 226 189 0 231 497
b 226 1 231 497
m 226 32 1 231 497
m 226 189 1 231 497
b 226 2 231 497
m 226 32 2 231 497
m 226 163 2 231 497
m 226 189 2 231 497
b 226 3 231 497
m 226 32 3 12.600000000000001 205.8 0.5
m 226 189 3 12.600000000000001 205.8 0.5
b 234 3 307 470
b 3 0 184 489
m 3 64 0 184 489
m 3 160 0 184 489
b 3 1 184 489
m 3 64 1 184 489
m 3 160 1 184 489
b 19 0 367 250
m 19 48 0 367 250
m 19 191 0 367 250
b 19 1 367 250
m 19 29 1 367 250
m 19 48 1 367 250
m 19 88 1 367 250
m 19 191 1 367 250
m 19 197 1 367 250
b 19 2 367 250
m 19 29 2 367 250
m 19 48 2 367 250
m 19 88 2 367 250
m 19 191 2 367 250
m 19 194 2 367 250
m 19 197 2 367 250
b 19 3 367 250
m 19 191 3 9.0 145.0 0.5
m 19 48 3 9.0 145.0 0.5
b 20 0 211 449
m 20 64 0 211 449
m 20 160 0 211 449
b 20 1 211 449
m 20 64 1 211 449
m 20 160 1 211 449
b 20 2 211 449
b 20 3 211 449
m 20 64 3 12.166666666666668 183.16666666666666 0.20391109309904146
m 20 89 3 12.166666666666668 183.16666666666666 0.20391109309904146
b 29 0 405 188
m 29 48 0 405 188
m 29 57 0 405 188
m 29 83 0 405 188
m 29 85 0 405 188
m 29 114 0 405 188
m 29 191 0 405 188
m 29 227 0 405 188
b 29 3 405 188
m 29 48 3 9.833333333333332 152.5 1.0
m 29 57 3 9.833333333333332 152.5 1.0
m 29 83 3 9.833333333333332 152.5 1.0
m 29 85 3 9.833333333333332 152.5 1.0
m 29 114 3 9.833333333333332 152.5 1.0
m 29 191 3 9.833333333333332 152.5 1.0
m 29 227 3 9.833333333333332 152.5 1.0
b 32 0 164 496
m 32 64 0 164 496
m 32 160 0 164 496
b 32 1 164 496
m 32 64 1 164 496
m 32 160 1 164 496
b 32 2 164 496
m 32 3 2 164 496
m 32 64 2 164 496
m 32 82 2 164 496
m 32 89 2 164 496
m 32 160 2 164 496
b 32 3 164 496
m 32 3 3 11.166666666666668 174.16666666666666 0.7620051914341337
m 32 64 3 11.166666666666668 174.16666666666666 0.7620051914341337
m 32 160 3 11.166666666666668 174.16666666666666 0.7620051914341337
m 32 89 3 11.166666666666668 174.16666666666666 0.7620051914341337
b 33 3 200 380
m 33 94 3 11.333333333333336 176.33333333333331 1.0
b 74 0 288 246
m 74 15 0 288 246
m 74 51 0 288 246
m 74 191 0 288 246
b 74 1 288 246
m 74 15 1 288 246
m 74 51 1 288 246
m 74 88 1 288 246
m 74 191 1 288 246
b 74 2 288 246
b 74 3 288 246
m 74 51 3 9.833333333333334 153.16666666666666 0.3333333333333333
b 79 3 218 385
m 79 94 3 9.5 148.5 1.0
b 81 3 315 295
b 82 0 184 429
m 82 64 0 184 429
m 82 75 0 184 429
m 82 122 0 184 429
m 82 146 0 184 429
m 82 160 0 184 429
b 82 1 184 429
m 82 64 1 184 429
m 82 75 1 184 429
m 82 122 1 184 429
m 82 146 1 184 429
m 82 160 1 184 429
b 82 3 184 429
m 82 3 3 12.333333333333332 185.0 0.2694173372940383
m 82 75 3 12.333333333333332 185.0 0.2694173372940383
b 88 0 326 202
m 88 15 0 326 202
m 88 48 0 326 202
m 88 83 0 326 202
m 88 85 0 326 202
m 88 114 0 326 202
m 88 132 0 326 202
m 88 169 0 326 202
m 88 191 0 326 202
b 88 3 326 202
m 88 15 3 10.0 155.0 1.0
m 88 48 3 10.0 155.0 1.0
m 88 83 3 10.0 155.0 1.0
m 88 85 3 10.0 155.0 1.0
m 88 114 3 10.0 155.0 1.0
m 88 132 3 10.0 155.0 1.0
m 88 169 3 10.0 155.0 1.0
m 88 191 3 10.0 155.0 1.0
b 89 0 189 488
m 89 64 0 189 488
m 89 160 0 189 488
b 89 1 189 488
m 89 64 1 189 488
m 89 160 1 189 488
b 97 0 413 200
m 97 48 0 413 200
m 97 57 0 413 200
m 97 83 0 413 200
m 97 155 0 413 200
b 97 3 413 200
m 97 83 3 9.333333333333332 147.0 0.35104422604422636
m 97 48 3 9.333333333333332 147.0 0.35104422604422636
b 110 0 306 286
b 110 1 306 286
b 110 2 306 286
b 110 3 306 286
b 124 3 457 474
b 138 3 482 448
b 141 0 436 195
m 141 57 0 436 195
m 141 83 0 436 195
m 141 155 0 436 195
m 141 178 0 436 195
m 141 211 0 436 195
b 141 3 436 195
m 141 57 3 9.5 148.5 0.6914263545842494
m 141 211 3 9.5 148.5 0.6914263545842494
m 141 178 3 9.5 148.5 0.6914263545842494
m 141 155 3 9.5 148.5 0.6914263545842494
b 144 0 227 429
m 144 64 0 227 429
m 144 160 0 227 429
b 144 1 227 429
b 144 2 227 429
b 144 3 227 429
m 144 64 3 11.16666666666667 172.83333333333331 0.8110290652003143
m 144 94 3 11.16666666666667 172.83333333333331 0.8110290652003143
m 144 3 3 11.16666666666667 172.83333333333331 0.8110290652003143
m 144 160 3 11.16666666666667 172.83333333333331 0.8110290652003143
m 144 89 3 11.16666666666667 172.83333333333331 0.8110290652003143
b 163 2 240 480
m 163 3 2 240 480
m 163 89 2 240 480
b 164 3 351 266
m 164 191 3 10.166666666666666 157.83333333333331 1.0
b 174 0 225 260
m 174 51 0 225 260
m 174 68 0 225 260
m 174 70 0 225 260
m 174 86 0 225 260
m 174 126 0 225 260
m 174 151 0 225 260
m 174 153 0 225 260
m 174 187 0 225 260
m 174 214 0 225 260
b 174 1 225 260
m 174 51 1 225 260
m 174 68 1 225 260
m 174 70 1 225 260
m 174 86 1 225 260
m 174 126 1 225 260
m 174 151 1 225 260
m 174 153 1 225 260
m 174 187 1 225 260
m 174 214 1 225 260
b 174 2 225 260
m 174 51 2 225 260
m 174 68 2 225 260
m 174 70 2 225 260
m 174 86 2 225 260
m 174 126 2 225 260
m 174 151 2 225 260
m 174 153 2 225 260
m 174 187 2 225 260
m 174 214 2 225 260
b 174 3 225 260
m 174 151 3 10.833333333333334 165.16666666666666 0.9572822476579133
m 174 70 3 10.833333333333334 165.16666666666666 0.9572822476579133
m 174 126 3 10.833333333333334 165.16666666666666 0.9572822476579133
m 174 187 3 10.833333333333334 165.16666666666666 0.9572822476579133
m 174 86 3 10.833333333333334 165.16666666666666 0.9572822476579133
m 174 68 3 10.833333333333334 165.16666666666666 0.9572822476579133
m 174 51 3 10.833333333333334 165.16666666666666 0.9572822476579133
m 174 214 3 10.833333333333334 165.16666666666666 0.9572822476579133
m 174 153 3 10.833333333333334 165.16666666666666 0.9572822476579133
b 180 0 344 259
m 180 15 0 344 259
m 180 191 0 344 259
b 180 1 344 259
m 180 15 1 344 259
m 180 88 1 344 259
m 180 191 1 344 259
b 180 2 344 259
m 180 15 2 344 259
m 180 88 2 344 259
m 180 191 2 344 259
b 180 3 344 259
m 180 191 3 9.666666666666668 152.33333333333331 0.5
m 180 15 3 9.666666666666668 152.33333333333331 0.5
b 181 0 300 218
m 181 15 0 300 218
m 181 51 0 300 218
m 181 153 0 300 218
m 181 191 0 300 218
b 181 1 300 218
m 181 15 1 300 218
m 181 51 1 300 218
m 181 88 1 300 218
m 181 153 1 300 218
m 181 191 1 300 218
b 181 2 300 218
b 181 3 300 218
m 181 15 3 10.666666666666666 160.33333333333331 0.25
m 181 153 3 10.666666666666666 160.33333333333331 0.25
b 185 3 200 321
m 185 214 3 10.0 153.0 0.5
m 185 94 3 10.0 153.0 0.5
b 189 0 190 416
m 189 64 0 190 416
m 189 160 0 190 416
b 189 1 190 416
m 189 64 1 190 416
m 189 160 1 190 416
b 189 2 190 416
m 189 3 2 190 416
m 189 64 2 190 416
m 189 82 2 190 416
m 189 89 2 190 416
m 189 160 2 190 416
b 189 3 190 416
m 189 89 3 11.16666666666667 172.83333333333331 0.8110290652003143
m 189 94 3 11.16666666666667 172.83333333333331 0.8110290652003143
m 189 64 3 11.16666666666667 172.83333333333331 0.8110290652003143
m 189 160 3 11.16666666666667 172.83333333333331 0.8110290652003143
m 189 3 3 11.16666666666667 172.83333333333331 0.8110290652003143
b 195 0 437 163
m 195 57 0 437 163
m 195 83 0 437 163
m 195 85 0 437 163
m 195 119 0 437 163
m 195 155 0 437 163
m 195 172 0 437 163
m 195 178 0 437 163
m 195 211 0 437 163
m 195 215 0 437 163
m 195 227 0 437 163
b 195 3 437 163
m 195 57 3 10.333333333333332 161.0 1.0
m 195 83 3 10.333333333333332 161.0 1.0
m 195 85 3 10.333333333333332 161.0 1.0
m 195 119 3 10.333333333333332 161.0 1.0
m 195 155 3 10.333333333333332 161.0 1.0
m 195 172 3 10.333333333333332 161.0 1.0
m 195 178 3 10.333333333333332 161.0 1.0
m 195 211 3 10.333333333333332 161.0 1.0
m 195 215 3 10.333333333333332 161.0 1.0
m 195 227 3 10.333333333333332 161.0 1.0
b 197 0 377 177
m 197 48 0 377 177
m 197 57 0 377 177
m 197 83 0 377 177
m 197 85 0 377 177
m 197 114 0 377 177
m 197 132 0 377 177
m 197 155 0 377 177
m 197 169 0 377 177
m 197 191 0 377 177
m 197 209 0 377 177
m 197 211 0 377 177
m 197 220 0 377 177
m 197 227 0 377 177
b 197 3 377 177
m 197 48 3 10.833333333333332 172.5 1.0
m 197 57 3 10.833333333333332 172.5 1.0
m 197 83 3 10.833333333333332 172.5 1.0
m 197 85 3 10.833333333333332 172.5 1.0
m 197 114 3 10.833333333333332 172.5 1.0
m 197 132 3 10.833333333333332 172.5 1.0
m 197 155 3 10.833333333333332 172.5 1.0
m 197 169 3 10.833333333333332 172.5 1.0
m 197 191 3 10.833333333333332 172.5 1.0
m 197 209 3 10.833333333333332 172.5 1.0
m 197 211 3 10.833333333333332 172.5 1.0
m 197 220 3 10.833333333333332 172.5 1.0
m 197 227 3 10.833333333333332 172.5 1.0
b 202 0 280 268
m 202 15 0 280 268
m 202 51 0 280 268
b 202 1 280 268
m 202 15 1 280 268
m 202 51 1 280 268
b 202 2 280 268
b 202 3 280 268
m 202 51 3 10.0 153.0 0.5
m 202 15 3 10.0 153.0 0.5
b 204 3 238 344
m 204 94 3 9.5 148.5 1.0
b 210 3 254 325
b 218 3 191 387
m 218 94 3 11.333333333333336 176.33333333333331 1.0
b 221 0 339 210
m 221 15 0 339 210
m 221 48 0 339 210
m 221 83 0 339 210
m 221 132 0 339 210
m 221 191 0 339 210
b 221 1 339 210
b 221 2 339 210
b 221 3 339 210
m 221 132 3 10.833333333333334 161.83333333333331 0.14259570931514826
b 3 2 195 494
b 3 3 195 494
b 15 0 318 174
b 15 1 318 174
m 15 114 1 318 174
m 15 132 1 318 174
m 15 169 1 318 174
b 15 2 318 174
b 15 3 318 174
b 29 1 415 182
m 29 57 1 415 182
m 29 58 1 415 182
m 29 83 1 415 182
m 29 85 1 415 182
m 29 97 1 415 182
m 29 141 1 415 182
m 29 155 1 415 182
m 29 195 1 415 182
m 29 209 1 415 182
m 29 211 1 415 182
m 29 227 1 415 182
b 29 2 415 182
m 29 57 2 415 182
m 29 58 2 415 182
m 29 83 2 415 182
m 29 85 2 415 182
m 29 97 2 415 182
m 29 141 2 415 182
m 29 155 2 415 182
m 29 195 2 415 182
m 29 209 2 415 182
m 29 211 2 415 182
m 29 227 2 415 182
b 48 0 379 163
m 48 58 0 379 163
m 48 72 0 379 163
b 48 1 379 163
m 48 57 1 379 163
m 48 58 1 379 163
m 48 72 1 379 163
m 48 83 1 379 163
m 48 85 1 379 163
m 48 97 1 379 163
m 48 114 1 379 163
m 48 132 1 379 163
m 48 155 1 379 163
m 48 169 1 379 163
m 48 195 1 379 163
m 48 209 1 379 163
m 48 211 1 379 163
m 48 227 1 379 163
b 48 2 379 163
m 48 57 2 379 163
m 48 58 2 379 163
m 48 72 2 379 163
m 48 83 2 379 163
m 48 85 2 379 163
m 48 97 2 379 163
m 48 114 2 379 163
m 48 132 2 379 163
m 48 155 2 379 163
m 48 169 2 379 163
m 48 195 2 379 163
m 48 209 2 379 163
m 48 211 2 379 163
m 48 227 2 379 163
b 48 3 379 163
m 48 58 3 8.0 124.85714285714286 0.5166754201680672
m 48 72 3 8.0 124.85714285714286 0.5166754201680672
b 51 0 258 245
m 51 92 0 258 245
b 51 1 258 245
m 51 92 1 258 245
b 51 2 258 245
m 51 92 2 258 245
b 51 3 258 245
m 51 92 3 8.571428571428571 131.42857142857142 1.0
b 57 0 377 128
m 57 58 0 377 128
m 57 72 0 377 128
m 57 106 0 377 128
b 57 3 377 128
m 57 58 3 8.857142857142856 132.0 0.3333333333333333
b 64 0 160 432
m 64 219 0 160 432
b 64 1 160 432
b 64 2 160 432
m 64 75 2 160 432
m 64 122 2 160 432
m 64 146 2 160 432
m 64 219 2 160 432
b 64 3 160 432
m 64 146 3 10.857142857142858 158.28571428571428 0.07947658178755086
b 68 0 204 280
m 68 73 0 204 280
b 68 1 204 280
m 68 73 1 204 280
b 68 2 204 280
b 68 3 204 280
m 68 73 3 9.428571428571429 141.71428571428572 1.0
b 70 0 206 216
m 70 13 0 206 216
m 70 73 0 206 216
m 70 92 0 206 216
m 70 201 0 206 216
b 70 1 206 216
m 70 13 1 206 216
m 70 73 1 206 216
m 70 92 1 206 216
m 70 201 1 206 216
b 70 2 206 216
m 70 13 2 206 216
m 70 73 2 206 216
m 70 92 2 206 216
m 70 201 2 206 216
b 70 3 206 216
m 70 13 3 9.857142857142858 143.85714285714286 0.25
m 70 201 3 9.857142857142858 143.85714285714286 0.25
b 75 0 132 403
m 75 9 0 132 403
m 75 123 0 132 403
m 75 148 0 132 403
m 75 219 0 132 403
b 75 1 132 403
b 75 3 132 403
m 75 122 3 11.428571428571429 163.71428571428572 0.2396691729678215
m 75 9 3 11.428571428571429 163.71428571428572 0.2396691729678215
b 82 2 190 418
m 82 75 2 190 418
b 83 0 394 178
m 83 58 0 394 178
b 83 3 394 178
m 83 58 3 8.57142857142857 130.85714285714286 1.0
b 85 0 345 146
m 85 58 0 345 146
m 85 72 0 345 146
m 85 111 0 345 146
m 85 196 0 345 146
b 85 3 345 146
m 85 111 3 8.999999999999998 133.0 0.33813603322949093
m 85 196 3 8.999999999999998 133.0 0.33813603322949093
b 86 0 201 234
m 86 13 0 201 234
m 86 73 0 201 234
m 86 92 0 201 234
m 86 201 0 201 234
b 86 1 201 234
m 86 13 1 201 234
m 86 73 1 201 234
m 86 92 1 201 234
m 86 201 1 201 234
b 86 2 201 234
b 86 3 201 234
m 86 73 3 9.857142857142858 143.85714285714286 0.25
m 86 13 3 9.857142857142858 143.85714285714286 0.25
b 88 1 316 208
m 88 83 1 316 208
m 88 114 1 316 208
m 88 132 1 316 208
m 88 169 1 316 208
b 88 2 316 208
b 89 2 201 488
b 89 3 201 488
b 94 3 238 391
b 114 0 329 155
m 114 58 0 329 155
m 114 72 0 329 155
m 114 111 0 329 155
m 114 166 0 329 155
m 114 196 0 329 155
b 114 3 329 155
m 114 72 3 9.14285714285714 134.2857142857143 0.6792202102803735
m 114 58 3 9.14285714285714 134.2857142857143 0.6792202102803735
m 114 111 3 9.14285714285714 134.2857142857143 0.6792202102803735
m 114 196 3 9.14285714285714 134.2857142857143 0.6792202102803735
b 119 0 413 134
m 119 58 0 413 134
m 119 106 0 413 134
b 119 3 413 134
m 119 58 3 9.142857142857142 138.57142857142858 0.5
m 119 106 3 9.142857142857142 138.57142857142858 0.5
b 122 0 108 413
m 122 9 0 108 413
m 122 27 0 108 413
m 122 123 0 108 413
m 122 148 0 108 413
m 122 190 0 108 413
m 122 199 0 108 413
m 122 219 0 108 413
m 122 237 0 108 413
b 122 1 108 413
m 122 9 1 108 413
m 122 27 1 108 413
m 122 123 1 108 413
m 122 148 1 108 413
m 122 190 1 108 413
m 122 199 1 108 413
m 122 219 1 108 413
m 122 237 1 108 413
b 126 0 185 293
m 126 184 0 185 293
b 126 1 185 293
b 126 2 185 293
m 126 184 2 185 293
b 126 3 185 293
m 126 184 3 9.428571428571429 141.71428571428572 1.0
b 132 0 340 124
m 132 58 0 340 124
m 132 72 0 340 124
m 132 111 0 340 124
m 132 196 0 340 124
b 132 3 340 124
m 132 72 3 9.142857142857142 135.14285714285714 0.09913793103448265
b 146 0 106 410
m 146 9 0 106 410
m 146 123 0 106 410
m 146 148 0 106 410
m 146 219 0 106 410
m 146 237 0 106 410
b 146 1 106 410
m 146 9 1 106 410
m 146 123 1 106 410
m 146 148 1 106 410
m 146 219 1 106 410
m 146 237 1 106 410
b 151 0 158 231
m 151 18 0 158 231
m 151 65 0 158 231
m 151 73 0 158 231
m 151 92 0 158 231
m 151 184 0 158 231
b 151 1 158 231
b 151 2 158 231
b 151 3 158 231
m 151 184 3 10.0 145.14285714285717 0.2799777360552095
m 151 73 3 10.0 145.14285714285717 0.2799777360552095
b 153 0 238 162
m 153 13 0 238 162
m 153 80 0 238 162
m 153 92 0 238 162
m 153 201 0 238 162
m 153 217 0 238 162
b 153 1 238 162
b 153 2 238 162
m 153 13 2 238 162
m 153 80 2 238 162
m 153 92 2 238 162
m 153 201 2 238 162
m 153 217 2 238 162
b 153 3 238 162
m 153 80 3 10.0 145.14285714285717 0.2799777360552095
m 153 13 3 10.0 145.14285714285717 0.2799777360552095
b 155 0 410 157
m 155 58 0 410 157
b 155 3 410 157
m 155 58 3 8.285714285714285 127.42857142857143 1.0
b 160 0 187 452
m 160 219 0 187 452
b 160 1 187 452
m 160 219 1 187 452
b 160 2 187 452
m 160 219 2 187 452
b 160 3 187 452
m 160 219 3 9.714285714285714 149.42857142857142 1.0
b 169 0 356 148
m 169 58 0 356 148
m 169 72 0 356 148
m 169 111 0 356 148
m 169 196 0 356 148
b 169 3 356 148
m 169 111 3 9.142857142857142 135.14285714285714 0.09913793103448265
b 172 0 419 99
m 172 26 0 419 99
m 172 44 0 419 99
m 172 58 0 419 99
m 172 106 0 419 99
m 172 131 0 419 99
m 172 150 0 419 99
m 172 157 0 419 99
b 172 3 419 99
m 172 150 3 9.857142857142856 145.0 0.6567177852287509
m 172 157 3 9.857142857142856 145.0 0.6567177852287509
m 172 44 3 9.857142857142856 145.0 0.6567177852287509
m 172 58 3 9.857142857142856 145.0 0.6567177852287509
m 172 26 3 9.857142857142856 145.0 0.6567177852287509
b 178 0 485 137
b 178 3 485 137
b 187 0 188 235
m 187 73 0 188 235
m 187 92 0 188 235
b 187 1 188 235
m 187 73 1 188 235
m 187 92 1 188 235
b 187 2 188 235
m 187 73 2 188 235
m 187 92 2 188 235
b 187 3 188 235
m 187 73 3 9.571428571428573 142.14285714285717 0.5
m 187 92 3 9.571428571428573 142.14285714285717 0.5
b 191 0 350 223
b 191 1 350 223
m 191 83 1 350 223
m 191 114 1 350 223
b 191 2 350 223
m 191 83 2 350 223
m 191 114 2 350 223
b 191 3 350 223
b 194 2 399 209
m 194 83 2 399 209
m 194 97 2 399 209
m 194 141 2 399 209
m 194 155 2 399 209
m 194 195 2 399 209
b 197 1 383 166
m 197 57 1 383 166
m 197 58 1 383 166
m 197 83 1 383 166
m 197 85 1 383 166
m 197 97 1 383 166
m 197 114 1 383 166
m 197 119 1 383 166
m 197 132 1 383 166
m 197 141 1 383 166
m 197 155 1 383 166
m 197 169 1 383 166
m 197 195 1 383 166
m 197 209 1 383 166
m 197 211 1 383 166
m 197 220 1 383 166
m 197 227 1 383 166
b 197 2 383 166
m 197 57 2 383 166
m 197 58 2 383 166
m 197 83 2 383 166
m 197 85 2 383 166
m 197 97 2 383 166
m 197 114 2 383 166
m 197 119 2 383 166
m 197 132 2 383 166
m 197 141 2 383 166
m 197 155 2 383 166
m 197 169 2 383 166
m 197 195 2 383 166
m 197 209 2 383 166
m 197 211 2 383 166
m 197 220 2 383 166
m 197 227 2 383 166
b 209 0 384 134
m 209 58 0 384 134
m 209 72 0 384 134
m 209 106 0 384 134
m 209 111 0 384 134
b 209 3 384 134
m 209 58 3 9.857142857142858 150.14285714285714 0.25
m 209 111 3 9.857142857142858 150.14285714285714 0.25
b 211 0 396 128
m 211 58 0 396 128
m 211 72 0 396 128
m 211 106 0 396 128
b 211 3 396 128
m 211 58 3 8.571428571428571 128.57142857142858 0.2802183547355829
b 214 0 196 277
m 214 73 0 196 277
b 214 1 196 277
m 214 73 1 196 277
b 214 2 196 277
m 214 73 2 196 277
b 214 3 196 277
m 214 73 3 9.428571428571429 141.71428571428572 1.0
b 215 0 443 93
m 215 58 0 443 93
m 215 106 0 443 93
m 215 131 0 443 93
m 215 133 0 443 93
b 215 3 443 93
m 215 106 3 9.428571428571427 140.28571428571428 0.25
m 215 131 3 9.428571428571427 140.28571428571428 0.25
b 220 0 379 102
m 220 26 0 379 102
m 220 44 0 379 102
m 220 58 0 379 102
m 220 72 0 379 102
m 220 106 0 379 102
m 220 111 0 379 102
m 220 125 0 379 102
m 220 196 0 379 102
b 220 3 379 102
m 220 26 3 10.428571428571429 157.0 0.4695487925434261
m 220 58 3 10.428571428571429 157.0 0.4695487925434261
m 220 125 3 10.428571428571429 157.0 0.4695487925434261
m 220 72 3 10.428571428571429 157.0 0.4695487925434261
b 227 0 396 129
m 227 58 0 396 129
m 227 72 0 396 129
m 227 106 0 396 129
b 227 3 396 129
m 227 58 3 8.857142857142856 132.0 0.3333333333333333
b 9 0 96 408
m 9 165 0 96 408
b 9 1 96 408
m 9 165 1 96 408
b 9 3 96 408
m 9 123 3 10.75 147.75 0.25011594218963984
m 9 27 3 10.75 147.75 0.25011594218963984
b 13 0 190 141
m 13 63 0 190 141
m 13 107 0 190 141
m 13 156 0 190 141
m 13 203 0 190 141
b 13 1 190 141
m 13 63 1 190 141
m 13 80 1 190 141
m 13 107 1 190 141
m 13 156 1 190 141
m 13 203 1 190 141
m 13 217 1 190 141
b 13 2 190 141
b 13 3 190 141
m 13 63 3 9.25 129.0 0.3095372558059125
m 13 203 3 9.25 129.0 0.3095372558059125
b 18 0 117 290
m 18 2 0 117 290
m 18 8 0 117 290
m 18 23 0 117 290
m 18 28 0 117 290
m 18 42 0 117 290
m 18 56 0 117 290
m 18 128 0 117 290
m 18 130 0 117 290
m 18 139 0 117 290
m 18 149 0 117 290
b 26 0 414 47
m 26 6 0 414 47
m 26 77 0 414 47
m 26 108 0 414 47
m 26 127 0 414 47
m 26 168 0 414 47
b 26 3 414 47
m 26 6 3 9.249999999999998 130.0 0.43802824860029316
m 26 168 3 9.249999999999998 130.0 0.43802824860029316
m 26 127 3 9.249999999999998 130.0 0.43802824860029316
b 27 0 44 358
m 27 5 0 44 358
m 27 23 0 44 358
m 27 25 0 44 358
m 27 38 0 44 358
m 27 42 0 44 358
m 27 128 0 44 358
m 27 130 0 44 358
m 27 139 0 44 358
m 27 143 0 44 358
m 27 149 0 44 358
m 27 158 0 44 358
m 27 161 0 44 358
m 27 165 0 44 358
m 27 232 0 44 358
b 27 1 44 358
b 44 0 389 64
m 44 6 0 389 64
m 44 77 0 389 64
m 44 108 0 389 64
m 44 127 0 389 64
b 44 3 389 64
m 44 6 3 9.124999999999998 128.875 0.21337289388731337
b 57 1 366 124
b 57 2 366 124
m 57 106 2 366 124
m 57 172 2 366 124
b 58 0 408 140
b 58 1 408 140
m 58 106 1 408 140
m 58 172 1 408 140
m 58 215 1 408 140
b 58 2 408 140
b 58 3 408 140
b 65 0 90 234
m 65 2 0 90 234
m 65 8 0 90 234
m 65 11 0 90 234
m 65 28 0 90 234
m 65 42 0 90 234
m 65 50 0 90 234
m 65 55 0 90 234
m 65 149 0 90 234
m 65 154 0 90 234
m 65 173 0 90 234
m 65 222 0 90 234
b 72 0 324 125
m 72 101 0 324 125
m 72 183 0 324 125
m 72 229 0 324 125
b 72 1 324 125
m 72 101 1 324 125
m 72 106 1 324 125
m 72 111 1 324 125
m 72 183 1 324 125
m 72 196 1 324 125
m 72 229 1 324 125
b 72 2 324 125
m 72 101 2 324 125
m 72 106 2 324 125
m 72 111 2 324 125
m 72 183 2 324 125
m 72 196 2 324 125
m 72 229 2 324 125
b 72 3 324 125
m 72 183 3 7.375 110.375 0.7040169187106279
m 72 101 3 7.375 110.375 0.7040169187106279
m 72 229 3 7.375 110.375 0.7040169187106279
b 73 0 167 231
m 73 107 0 167 231
b 73 1 167 231
m 73 107 1 167 231
b 73 2 167 231
m 73 107 2 167 231
b 73 3 167 231
m 73 107 3 8.375 124.125 1.0
b 75 2 137 392
b 80 0 230 131
m 80 35 0 230 131
m 80 76 0 230 131
m 80 188 0 230 131
m 80 203 0 230 131
m 80 224 0 230 131
b 80 2 230 131
b 80 3 230 131
m 80 35 3 9.625 133.12500000000003 0.37008012325773293
m 80 166 3 9.625 133.12500000000003 0.37008012325773293
m 80 188 3 9.625 133.12500000000003 0.37008012325773293
b 83 1 401 187
b 83 2 401 187
b 85 1 333 145
m 85 111 1 333 145
m 85 196 1 333 145
b 85 2 333 145
b 92 0 220 189
b 92 1 220 189
m 92 80 1 220 189
m 92 217 1 220 189
b 92 2 220 189
b 92 3 220 189
m 92 217 3 7.625 115.12499999999999 1.0
b 97 1 395 215
b 97 2 395 215
b 106 0 376 78
m 106 6 0 376 78
m 106 77 0 376 78
m 106 101 0 376 78
m 106 108 0 376 78
m 106 127 0 376 78
m 106 159 0 376 78
b 106 3 376 78
m 106 127 3 8.75 125.75000000000001 0.842573320719016
m 106 108 3 8.75 125.75000000000001 0.842573320719016
m 106 159 3 8.75 125.75000000000001 0.842573320719016
m 106 77 3 8.75 125.75000000000001 0.842573320719016
m 106 101 3 8.75 125.75000000000001 0.842573320719016
m 106 6 3 8.75 125.75000000000001 0.842573320719016
b 111 0 325 74
m 111 135 0 325 74
b 111 3 325 74
m 111 135 3 8.999999999999998 133.0 -1.0
b 114 1 317 154
m 114 111 1 317 154
m 114 166 1 317 154
m 114 183 1 317 154
m 114 196 1 317 154
b 114 2 317 154
m 114 111 2 317 154
m 114 166 2 317 154
m 114 183 2 317 154
m 114 196 2 317 154
b 119 1 410 145
m 119 172 1 410 145
m 119 178 1 410 145
m 119 215 1 410 145
b 119 2 410 145
b 122 2 100 421
b 122 3 100 421
m 122 237 3 10.375 144.375 0.014725034745960331
b 123 0 106 369
m 123 23 0 106 369
m 123 56 0 106 369
m 123 128 0 106 369
m 123 130 0 106 369
m 123 139 0 106 369
m 123 149 0 106 369
b 123 1 106 369
b 125 0 353 38
m 125 6 0 353 38
m 125 36 0 353 38
m 125 77 0 353 38
m 125 101 0 353 38
m 125 108 0 353 38
m 125 127 0 353 38
m 125 159 0 353 38
m 125 213 0 353 38
m 125 229 0 353 38
b 125 3 353 38
m 125 6 3 10.25 147.5 0.5414556370631035
m 125 229 3 10.25 147.5 0.5414556370631035
m 125 108 3 10.25 147.5 0.5414556370631035
m 125 127 3 10.25 147.5 0.5414556370631035
m 125 36 3 10.25 147.5 0.5414556370631035
b 131 0 472 31
m 131 108 0 472 31
m 131 127 0 472 31
m 131 168 0 472 31
b 131 3 472 31
m 131 127 3 8.749999999999998 124.75 0.26119775421085467
m 131 133 3 8.749999999999998 124.75 0.26119775421085467
b 132 1 343 113
m 132 106 1 343 113
m 132 111 1 343 113
m 132 196 1 343 113
b 132 2 343 113
b 133 0 481 93
b 141 1 456 208
b 141 2 456 208
b 146 2 103 399
m 146 9 2 103 399
m 146 123 2 103 399
m 146 148 2 103 399
m 146 199 2 103 399
m 146 237 2 103 399
b 146 3 103 399
m 146 123 3 10.0 140.5 0.10166764481282486
b 148 0 69 382
m 148 5 0 69 382
m 148 130 0 69 382
m 148 143 0 69 382
m 148 161 0 69 382
m 148 165 0 69 382
m 148 232 0 69 382
b 148 1 69 382
m 148 5 1 69 382
m 148 130 1 69 382
m 148 143 1 69 382
m 148 161 1 69 382
m 148 165 1 69 382
m 148 232 1 69 382
b 150 0 447 25
m 150 77 0 447 25
m 150 108 0 447 25
m 150 127 0 447 25
m 150 168 0 447 25
b 150 3 447 25
m 150 77 3 9.124999999999998 128.875 0.21337289388731337
b 155 1 402 166
m 155 172 1 402 166
m 155 215 1 402 166
b 155 2 402 166
m 155 172 2 402 166
m 155 215 2 402 166
b 157 0 410 41
m 157 6 0 410 41
m 157 77 0 410 41
m 157 108 0 410 41
m 157 127 0 410 41
m 157 168 0 410 41
b 157 3 410 41
m 157 77 3 9.249999999999998 130.0 0.43802824860029316
m 157 6 3 9.249999999999998 130.0 0.43802824860029316
m 157 108 3 9.249999999999998 130.0 0.43802824860029316
b 166 0 261 122
m 166 135 0 261 122
b 169 1 355 160
m 169 111 1 355 160
b 169 2 355 160
m 169 111 2 355 160
b 184 0 130 281
m 184 28 0 130 281
m 184 42 0 130 281
m 184 56 0 130 281
m 184 128 0 130 281
m 184 130 0 130 281
m 184 139 0 130 281
m 184 149 0 130 281
b 184 2 130 281
m 184 18 2 130 281
m 184 28 2 130 281
m 184 42 2 130 281
m 184 56 2 130 281
m 184 65 2 130 281
m 184 128 2 130 281
m 184 130 2 130 281
m 184 139 2 130 281
m 184 149 2 130 281
m 184 190 2 130 281
b 184 3 130 281
m 184 18 3 9.5 136.5 1.0
m 184 28 3 9.5 136.5 1.0
m 184 42 3 9.5 136.5 1.0
m 184 56 3 9.5 136.5 1.0
m 184 65 3 9.5 136.5 1.0
m 184 128 3 9.5 136.5 1.0
m 184 130 3 9.5 136.5 1.0
m 184 139 3 9.5 136.5 1.0
m 184 149 3 9.5 136.5 1.0
m 184 190 3 9.5 136.5 1.0
b 190 0 83 336
m 190 5 0 83 336
m 190 8 0 83 336
m 190 23 0 83 336
m 190 25 0 83 336
m 190 28 0 83 336
m 190 38 0 83 336
m 190 42 0 83 336
m 190 56 0 83 336
m 190 128 0 83 336
m 190 130 0 83 336
m 190 139 0 83 336
m 190 143 0 83 336
m 190 149 0 83 336
m 190 161 0 83 336
b 190 1 83 336
b 195 1 441 140
m 195 172 1 441 140
m 195 178 1 441 140
m 195 215 1 441 140
b 195 2 441 140
m 195 172 2 441 140
m 195 178 2 441 140
m 195 215 2 441 140
b 196 0 340 83
m 196 6 0 340 83
m 196 76 0 340 83
m 196 100 0 340 83
m 196 101 0 340 83
m 196 121 0 340 83
m 196 159 0 340 83
m 196 175 0 340 83
m 196 183 0 340 83
m 196 213 0 340 83
m 196 229 0 340 83
b 196 3 340 83
m 196 76 3 9.124999999999998 128.875 0.5474426860566544
m 196 175 3 9.124999999999998 128.875 0.5474426860566544
m 196 183 3 9.124999999999998 128.875 0.5474426860566544
m 196 159 3 9.124999999999998 128.875 0.5474426860566544
m 196 101 3 9.124999999999998 128.875 0.5474426860566544
m 196 6 3 9.124999999999998 128.875 0.5474426860566544
b 199 0 81 359
m 199 5 0 81 359
m 199 23 0 81 359
m 199 25 0 81 359
m 199 38 0 81 359
m 199 42 0 81 359
m 199 56 0 81 359
m 199 128 0 81 359
m 199 130 0 81 359
m 199 139 0 81 359
m 199 143 0 81 359
m 199 149 0 81 359
m 199 158 0 81 359
m 199 161 0 81 359
m 199 165 0 81 359
m 199 232 0 81 359
b 199 1 81 359
m 199 5 1 81 359
m 199 23 1 81 359
m 199 25 1 81 359
m 199 38 1 81 359
m 199 42 1 81 359
m 199 56 1 81 359
m 199 128 1 81 359
m 199 130 1 81 359
m 199 139 1 81 359
m 199 143 1 81 359
m 199 149 1 81 359
m 199 158 1 81 359
m 199 161 1 81 359
m 199 165 1 81 359
m 199 232 1 81 359
b 201 0 183 174
m 201 107 0 183 174
b 201 1 183 174
b 201 2 183 174
m 201 107 2 183 174
b 201 3 183 174
m 201 107 3 8.875 126.375 0.013048439893089903
b 209 1 391 144
m 209 106 1 391 144
m 209 172 1 391 144
m 209 215 1 391 144
b 209 2 391 144
b 211 1 384 126
m 211 44 1 384 126
m 211 106 1 384 126
m 211 172 1 384 126
m 211 215 1 384 126
b 211 2 384 126
b 217 0 223 144
m 217 35 0 223 144
m 217 76 0 223 144
m 217 107 0 223 144
m 217 203 0 223 144
m 217 224 0 223 144
b 217 2 223 144
m 217 35 2 223 144
m 217 76 2 223 144
m 217 107 2 223 144
m 217 166 2 223 144
m 217 203 2 223 144
m 217 224 2 223 144
b 219 0 126 424
m 219 162 0 126 424
b 219 1 126 424
m 219 162 1 126 424
b 219 2 126 424
b 219 3 126 424
m 219 162 3 8.625 130.875 1.0
b 220 1 387 93
m 220 6 1 387 93
m 220 26 1 387 93
m 220 44 1 387 93
m 220 106 1 387 93
m 220 111 1 387 93
m 220 125 1 387 93
m 220 157 1 387 93
m 220 172 1 387 93
m 220 196 1 387 93
m 220 215 1 387 93
b 220 2 387 93
b 227 1 406 122
m 227 44 1 406 122
m 227 106 1 406 122
m 227 172 1 406 122
m 227 215 1 406 122
b 227 2 406 122
m 227 44 2 406 122
m 227 106 2 406 122
m 227 172 2 406 122
m 227 215 2 406 122
b 237 0 69 367
m 237 5 0 69 367
m 237 23 0 69 367
m 237 25 0 69 367
m 237 38 0 69 367
m 237 128 0 69 367
m 237 130 0 69 367
m 237 139 0 69 367
m 237 143 0 69 367
m 237 161 0 69 367
m 237 165 0 69 367
m 237 232 0 69 367
b 237 1 69 367
m 237 5 1 69 367
m 237 23 1 69 367
m 237 25 1 69 367
m 237 38 1 69 367
m 237 128 1 69 367
m 237 130 1 69 367
m 237 139 1 69 367
m 237 143 1 69 367
m 237 161 1 69 367
m 237 165 1 69 367
m 237 232 1 69 367
b 2 0 29 258
m 2 53 0 29 258
m 2 118 0 29 258
m 2 192 0 29 258
m 2 193 0 29 258
b 5 0 22 345
b 5 1 22 345
b 6 0 346 50
b 6 1 346 50
m 6 36 1 346 50
m 6 77 1 346 50
m 6 108 1 346 50
m 6 127 1 346 50
m 6 159 1 346 50
m 6 213 1 346 50
b 6 3 346 50
m 6 213 3 8.333333333333332 115.66666666666667 1.0
b 8 0 45 261
m 8 53 0 45 261
m 8 118 0 45 261
m 8 192 0 45 261
m 8 193 0 45 261
b 9 2 97 396
m 9 27 2 97 396
m 9 143 2 97 396
b 11 0 97 207
m 11 1 0 97 207
m 11 7 0 97 207
m 11 40 0 97 207
m 11 43 0 97 207
m 11 60 0 97 207
m 11 137 0 97 207
m 11 140 0 97 207
m 11 170 0 97 207
m 11 171 0 97 207
m 11 206 0 97 207
m 11 228 0 97 207
b 18 2 123 300
b 18 3 123 300
b 23 0 43 311
m 23 118 0 43 311
b 23 1 43 311
m 23 2 1 43 311
m 23 8 1 43 311
m 23 28 1 43 311
m 23 50 1 43 311
m 23 55 1 43 311
m 23 118 1 43 311
b 25 0 34 306
m 25 118 0 34 306
m 25 192 0 34 306
b 25 1 34 306
m 25 2 1 34 306
m 25 8 1 34 306
m 25 28 1 34 306
m 25 50 1 34 306
m 25 55 1 34 306
m 25 118 1 34 306
m 25 192 1 34 306
b 26 1 425 43
m 26 77 1 425 43
m 26 108 1 425 43
m 26 127 1 425 43
m 26 131 1 425 43
m 26 150 1 425 43
m 26 168 1 425 43
b 27 3 33 353
m 27 5 3 10.777777777777779 144.7777777777778 0.36713637274556
m 27 199 3 10.777777777777779 144.7777777777778 0.36713637274556
m 27 25 3 10.777777777777779 144.7777777777778 0.36713637274556
m 27 23 3 10.777777777777779 144.7777777777778 0.36713637274556
m 27 38 3 10.777777777777779 144.7777777777778 0.36713637274556
b 28 0 63 259
m 28 118 0 63 259
m 28 192 0 63 259
b 28 2 63 259
m 28 2 2 63 259
m 28 8 2 63 259
m 28 23 2 63 259
m 28 25 2 63 259
m 28 38 2 63 259
m 28 50 2 63 259
m 28 55 2 63 259
m 28 118 2 63 259
m 28 192 2 63 259
m 28 222 2 63 259
b 28 3 63 259
m 28 2 3 9.555555555555555 132.44444444444443 1.0
m 28 8 3 9.555555555555555 132.44444444444443 1.0
m 28 23 3 9.555555555555555 132.44444444444443 1.0
m 28 25 3 9.555555555555555 132.44444444444443 1.0
m 28 38 3 9.555555555555555 132.44444444444443 1.0
m 28 50 3 9.555555555555555 132.44444444444443 1.0
m 28 55 3 9.555555555555555 132.44444444444443 1.0
m 28 118 3 9.555555555555555 132.44444444444443 1.0
m 28 192 3 9.555555555555555 132.44444444444443 1.0
m 28 222 3 9.555555555555555 132.44444444444443 1.0
b 35 0 249 58
m 35 135 0 249 58
b 35 2 249 58
m 35 135 2 249 58
b 35 3 249 58
m 35 135 3 9.625 133.12500000000003 -1.0
b 36 0 301 7
m 36 135 0 301 7
b 36 3 301 7
m 36 135 3 10.25 147.5 -1.0
b 38 0 43 317
m 38 118 0 43 317
b 38 1 43 317
m 38 2 1 43 317
m 38 8 1 43 317
m 38 28 1 43 317
m 38 50 1 43 317
m 38 55 1 43 317
m 38 118 1 43 317
b 42 0 61 283
m 42 118 0 61 283
b 42 1 61 283
m 42 2 1 61 283
m 42 8 1 61 283
m 42 18 1 61 283
m 42 28 1 61 283
m 42 50 1 61 283
m 42 55 1 61 283
m 42 65 1 61 283
m 42 118 1 61 283
b 42 2 61 283
b 42 3 61 283
m 42 2 3 9.555555555555555 132.44444444444443 1.0
m 42 8 3 9.555555555555555 132.44444444444443 1.0
m 42 23 3 9.555555555555555 132.44444444444443 1.0
m 42 25 3 9.555555555555555 132.44444444444443 1.0
m 42 38 3 9.555555555555555 132.44444444444443 1.0
m 42 50 3 9.555555555555555 132.44444444444443 1.0
m 42 55 3 9.555555555555555 132.44444444444443 1.0
m 42 118 3 9.555555555555555 132.44444444444443 1.0
m 42 161 3 9.555555555555555 132.44444444444443 1.0
m 42 199 3 9.555555555555555 132.44444444444443 1.0
b 44 1 385 75
b 44 2 385 75
b 50 0 43 267
m 50 53 0 43 267
m 50 118 0 43 267
m 50 192 0 43 267
m 50 193 0 43 267
b 55 0 37 254
m 55 53 0 37 254
m 55 118 0 37 254
m 55 192 0 37 254
m 55 193 0 37 254
b 56 0 121 357
b 56 1 121 357
b 56 2 121 357
b 56 3 121 357
m 56 199 3 8.666666666666666 121.77777777777777 0.5
m 56 148 3 8.666666666666666 121.77777777777777 0.5
b 63 0 145 123
m 63 1 0 145 123
m 63 7 0 145 123
m 63 43 0 145 123
m 63 60 0 145 123
m 63 95 0 145 123
m 63 140 0 145 123
m 63 206 0 145 123
m 63 228 0 145 123
m 63 235 0 145 123
b 63 1 145 123
b 63 3 145 123
m 63 60 3 9.444444444444443 128.11111111111111 0.48251914112712047
m 63 7 3 9.444444444444443 128.11111111111111 0.48251914112712047
m 63 95 3 9.444444444444443 128.11111111111111 0.48251914112712047
m 63 154 3 9.444444444444443 128.11111111111111 0.48251914112712047
m 63 140 3 9.444444444444443 128.11111111111111 0.48251914112712047
m 63 206 3 9.444444444444443 128.11111111111111 0.48251914112712047
b 65 2 91 222
m 65 2 2 91 222
m 65 8 2 91 222
m 65 11 2 91 222
m 65 50 2 91 222
m 65 55 2 91 222
m 65 137 2 91 222
m 65 154 2 91 222
m 65 173 2 91 222
m 65 193 2 91 222
m 65 222 2 91 222
b 65 3 91 222
m 65 2 3 9.555555555555555 132.44444444444443 1.0
m 65 8 3 9.555555555555555 132.44444444444443 1.0
m 65 11 3 9.555555555555555 132.44444444444443 1.0
m 65 50 3 9.555555555555555 132.44444444444443 1.0
m 65 55 3 9.555555555555555 132.44444444444443 1.0
m 65 137 3 9.555555555555555 132.44444444444443 1.0
m 65 154 3 9.555555555555555 132.44444444444443 1.0
m 65 173 3 9.555555555555555 132.44444444444443 1.0
m 65 193 3 9.555555555555555 132.44444444444443 1.0
m 65 222 3 9.555555555555555 132.44444444444443 1.0
b 76 0 284 93
m 76 135 0 284 93
b 76 2 284 93
b 76 3 284 93
m 76 135 3 9.124999999999998 128.875 -1.0
b 77 0 365 11
b 77 3 365 11
b 80 1 240 124
m 80 135 1 240 124
b 100 0 265 117
m 100 135 0 265 117
b 101 0 346 73
m 101 54 0 346 73
b 101 1 346 73
m 101 36 1 346 73
m 101 54 1 346 73
m 101 76 1 346 73
m 101 77 1 346 73
m 101 121 1 346 73
m 101 135 1 346 73
m 101 159 1 346 73
m 101 175 1 346 73
m 101 213 1 346 73
b 101 2 346 73
m 101 6 2 346 73
m 101 36 2 346 73
m 101 54 2 346 73
m 101 77 2 346 73
m 101 121 2 346 73
m 101 125 2 346 73
m 101 135 2 346 73
m 101 159 2 346 73
m 101 175 2 346 73
m 101 213 2 346 73
b 101 3 346 73
m 101 121 3 6.888888888888888 99.11111111111111 0.7332039652544171
m 101 213 3 6.888888888888888 99.11111111111111 0.7332039652544171
m 101 54 3 6.888888888888888 99.11111111111111 0.7332039652544171
b 106 1 369 88
m 106 77 1 369 88
m 106 108 1 369 88
m 106 159 1 369 88
m 106 213 1 369 88
b 106 2 369 88
b 107 0 169 145
m 107 1 0 169 145
m 107 43 0 169 145
m 107 60 0 169 145
m 107 140 0 169 145
m 107 228 0 169 145
b 107 1 169 145
m 107 1 1 169 145
m 107 43 1 169 145
m 107 60 1 169 145
m 107 140 1 169 145
m 107 224 1 169 145
m 107 228 1 169 145
b 107 2 169 145
m 107 1 2 169 145
m 107 43 2 169 145
m 107 60 2 169 145
m 107 63 2 169 145
m 107 140 2 169 145
m 107 156 2 169 145
m 107 228 2 169 145
b 107 3 169 145
m 107 1 3 8.222222222222223 115.77777777777777 1.0
m 107 43 3 8.222222222222223 115.77777777777777 1.0
m 107 60 3 8.222222222222223 115.77777777777777 1.0
m 107 140 3 8.222222222222223 115.77777777777777 1.0
m 107 156 3 8.222222222222223 115.77777777777777 1.0
m 107 224 3 8.222222222222223 115.77777777777777 1.0
m 107 228 3 8.222222222222223 115.77777777777777 1.0
b 108 0 427 17
b 108 3 427 17
b 111 1 328 63
m 111 135 1 328 63
b 111 2 328 63
m 111 135 2 328 63
b 121 0 266 63
m 121 135 0 266 63
b 123 2 96 376
b 123 3 96 376
m 123 143 3 9.88888888888889 132.33333333333334 0.01421556203866314
b 125 1 341 38
b 127 0 403 11
b 127 3 403 11
b 128 0 48 299
m 128 118 0 48 299
b 128 1 48 299
m 128 2 1 48 299
m 128 8 1 48 299
m 128 18 1 48 299
m 128 28 1 48 299
m 128 50 1 48 299
m 128 55 1 48 299
m 128 118 1 48 299
b 128 2 48 299
m 128 2 2 48 299
m 128 5 2 48 299
m 128 8 2 48 299
m 128 23 2 48 299
m 128 25 2 48 299
m 128 27 2 48 299
m 128 38 2 48 299
m 128 50 2 48 299
m 128 55 2 48 299
m 128 118 2 48 299
m 128 143 2 48 299
m 128 158 2 48 299
m 128 161 2 48 299
b 128 3 48 299
m 128 2 3 9.88888888888889 140.11111111111111 1.0
m 128 5 3 9.88888888888889 140.11111111111111 1.0
m 128 8 3 9.88888888888889 140.11111111111111 1.0
m 128 23 3 9.88888888888889 140.11111111111111 1.0
m 128 25 3 9.88888888888889 140.11111111111111 1.0
m 128 38 3 9.88888888888889 140.11111111111111 1.0
m 128 50 3 9.88888888888889 140.11111111111111 1.0
m 128 55 3 9.88888888888889 140.11111111111111 1.0
m 128 118 3 9.88888888888889 140.11111111111111 1.0
m 128 143 3 9.88888888888889 140.11111111111111 1.0
m 128 158 3 9.88888888888889 140.11111111111111 1.0
m 128 161 3 9.88888888888889 140.11111111111111 1.0
m 128 199 3 9.88888888888889 140.11111111111111 1.0
b 130 0 52 335
b 130 1 52 335
m 130 8 1 52 335
m 130 18 1 52 335
m 130 28 1 52 335
m 130 50 1 52 335
m 130 55 1 52 335
b 130 2 52 335
m 130 5 2 52 335
m 130 8 2 52 335
m 130 23 2 52 335
m 130 25 2 52 335
m 130 27 2 52 335
m 130 38 2 52 335
m 130 50 2 52 335
m 130 55 2 52 335
m 130 143 2 52 335
m 130 158 2 52 335
m 130 161 2 52 335
m 130 232 2 52 335
b 130 3 52 335
m 130 5 3 9.88888888888889 140.11111111111111 1.0
m 130 8 3 9.88888888888889 140.11111111111111 1.0
m 130 23 3 9.88888888888889 140.11111111111111 1.0
m 130 25 3 9.88888888888889 140.11111111111111 1.0
m 130 38 3 9.88888888888889 140.11111111111111 1.0
m 130 50 3 9.88888888888889 140.11111111111111 1.0
m 130 55 3 9.88888888888889 140.11111111111111 1.0
m 130 143 3 9.88888888888889 140.11111111111111 1.0
m 130 148 3 9.88888888888889 140.11111111111111 1.0
m 130 158 3 9.88888888888889 140.11111111111111 1.0
m 130 161 3 9.88888888888889 140.11111111111111 1.0
m 130 199 3 9.88888888888889 140.11111111111111 1.0
m 130 232 3 9.88888888888889 140.11111111111111 1.0
b 133 3 476 104
b 139 0 139 343
b 139 1 139 343
b 139 2 139 343
b 139 3 139 343
m 139 199 3 8.555555555555555 121.44444444444444 1.0
b 143 0 51 356
b 143 1 51 356
b 148 2 66 370
m 148 5 2 66 370
m 148 23 2 66 370
m 148 27 2 66 370
m 148 38 2 66 370
m 148 143 2 66 370
m 148 161 2 66 370
m 148 165 2 66 370
m 148 232 2 66 370
b 149 0 77 325
b 149 1 77 325
m 149 8 1 77 325
m 149 18 1 77 325
m 149 28 1 77 325
m 149 55 1 77 325
m 149 184 1 77 325
b 149 2 77 325
m 149 8 2 77 325
m 149 23 2 77 325
m 149 25 2 77 325
m 149 27 2 77 325
m 149 38 2 77 325
m 149 55 2 77 325
m 149 161 2 77 325
b 149 3 77 325
m 149 25 3 9.333333333333334 128.44444444444443 0.8067116610423699
m 149 55 3 9.333333333333334 128.44444444444443 0.8067116610423699
m 149 161 3 9.333333333333334 128.44444444444443 0.8067116610423699
m 149 148 3 9.333333333333334 128.44444444444443 0.8067116610423699
m 149 38 3 9.333333333333334 128.44444444444443 0.8067116610423699
m 149 23 3 9.333333333333334 128.44444444444443 0.8067116610423699
m 149 199 3 9.333333333333334 128.44444444444443 0.8067116610423699
b 154 0 109 196
m 154 1 0 109 196
m 154 7 0 109 196
m 154 40 0 109 196
m 154 43 0 109 196
m 154 60 0 109 196
m 154 137 0 109 196
m 154 140 0 109 196
m 154 170 0 109 196
m 154 171 0 109 196
m 154 193 0 109 196
m 154 206 0 109 196
m 154 228 0 109 196
b 156 0 138 120
m 156 1 0 138 120
m 156 7 0 138 120
m 156 43 0 138 120
m 156 60 0 138 120
m 156 95 0 138 120
m 156 140 0 138 120
m 156 206 0 138 120
m 156 228 0 138 120
m 156 235 0 138 120
b 156 1 138 120
m 156 1 1 138 120
m 156 7 1 138 120
m 156 43 1 138 120
m 156 60 1 138 120
m 156 95 1 138 120
m 156 140 1 138 120
m 156 206 1 138 120
m 156 224 1 138 120
m 156 228 1 138 120
m 156 235 1 138 120
b 157 1 398 43
m 157 77 1 398 43
m 157 108 1 398 43
m 157 127 1 398 43
m 157 131 1 398 43
m 157 150 1 398 43
m 157 168 1 398 43
b 158 0 18 327
m 158 118 0 18 327
b 158 1 18 327
m 158 55 1 18 327
m 158 118 1 18 327
b 159 0 327 39
m 159 135 0 327 39
b 159 3 327 39
m 159 135 3 8.75 125.75000000000001 -1.0
b 161 0 23 325
b 161 1 23 325
m 161 8 1 23 325
m 161 55 1 23 325
b 162 0 112 472
m 162 104 0 112 472
b 162 1 112 472
b 162 3 112 472
m 162 104 3 7.777777777777778 116.44444444444444 1.0
b 165 0 16 364
m 165 176 0 16 364
b 165 1 16 364
m 165 176 1 16 364
b 166 1 249 125
m 166 135 1 249 125
b 166 2 249 125
b 166 3 249 125
m 166 135 3 9.625 133.12500000000003 -1.0
b 168 0 457 40
b 168 3 457 40
b 172 1 397 89
b 172 2 397 89
m 172 26 2 397 89
m 172 157 2 397 89
b 173 0 56 201
m 173 7 0 56 201
m 173 40 0 56 201
m 173 53 0 56 201
m 173 118 0 56 201
m 173 137 0 56 201
m 173 170 0 56 201
m 173 171 0 56 201
m 173 192 0 56 201
m 173 193 0 56 201
b 175 0 285 92
m 175 135 0 285 92
b 175 3 285 92
m 175 135 3 9.124999999999998 128.875 -1.0
b 178 1 479 114
m 178 133 1 479 114
b 178 2 479 114
m 178 133 2 479 114
b 183 0 274 113
m 183 135 0 274 113
b 183 1 274 113
m 183 135 1 274 113
b 183 2 274 113
m 183 135 2 274 113
b 183 3 274 113
m 183 135 3 7.375 110.375 -1.0
b 188 0 199 67
m 188 52 0 199 67
m 188 95 0 199 67
m 188 99 0 199 67
m 188 105 0 199 67
m 188 109 0 199 67
m 188 116 0 199 67
m 188 200 0 199 67
m 188 223 0 199 67
m 188 225 0 199 67
b 188 3 199 67
m 188 109 3 9.666666666666666 129.44444444444446 0.48999493521908205
m 188 223 3 9.666666666666666 129.44444444444446 0.48999493521908205
m 188 225 3 9.666666666666666 129.44444444444446 0.48999493521908205
m 188 99 3 9.666666666666666 129.44444444444446 0.48999493521908205
m 188 105 3 9.666666666666666 129.44444444444446 0.48999493521908205
b 190 2 89 325
m 190 5 2 89 325
m 190 23 2 89 325
m 190 25 2 89 325
m 190 27 2 89 325
m 190 38 2 89 325
m 190 143 2 89 325
m 190 161 2 89 325
b 190 3 89 325
m 190 161 3 9.333333333333334 128.44444444444443 0.8067116610423699
m 190 25 3 9.333333333333334 128.44444444444443 0.8067116610423699
m 190 148 3 9.333333333333334 128.44444444444443 0.8067116610423699
m 190 143 3 9.333333333333334 128.44444444444443 0.8067116610423699
m 190 38 3 9.333333333333334 128.44444444444443 0.8067116610423699
m 190 23 3 9.333333333333334 128.44444444444443 0.8067116610423699
m 190 199 3 9.333333333333334 128.44444444444443 0.8067116610423699
b 196 1 351 79
m 196 76 1 351 79
m 196 77 1 351 79
m 196 159 1 351 79
m 196 175 1 351 79
m 196 213 1 351 79
b 196 2 351 79
b 199 2 91 352
m 199 5 2 91 352
m 199 23 2 91 352
m 199 25 2 91 352
m 199 27 2 91 352
m 199 38 2 91 352
m 199 143 2 91 352
m 199 161 2 91 352
m 199 165 2 91 352
m 199 232 2 91 352
b 203 0 178 121
m 203 52 0 178 121
m 203 95 0 178 121
m 203 235 0 178 121
b 203 1 178 121
m 203 52 1 178 121
m 203 95 1 178 121
m 203 188 1 178 121
m 203 224 1 178 121
m 203 235 1 178 121
b 203 2 178 121
m 203 52 2 178 121
m 203 63 2 178 121
m 203 95 2 178 121
m 203 156 2 178 121
m 203 188 2 178 121
m 203 235 2 178 121
b 203 3 178 121
m 203 52 3 8.777777777777777 117.44444444444444 0.3230750629029444
m 203 156 3 8.777777777777777 117.44444444444444 0.3230750629029444
b 213 0 328 50
m 213 135 0 328 50
b 215 1 437 70
m 215 108 1 437 70
m 215 131 1 437 70
m 215 133 1 437 70
m 215 150 1 437 70
m 215 168 1 437 70
b 215 2 437 70
m 215 26 2 437 70
m 215 108 2 437 70
m 215 131 2 437 70
m 215 133 2 437 70
m 215 150 2 437 70
m 215 157 2 437 70
m 215 168 2 437 70
b 217 1 229 154
b 217 3 229 154
m 217 224 3 6.888888888888888 102.44444444444443 1.0
b 222 0 35 228
m 222 40 0 35 228
m 222 53 0 35 228
m 222 118 0 35 228
m 222 170 0 35 228
m 222 171 0 35 228
m 222 192 0 35 228
m 222 193 0 35 228
b 224 0 184 109
m 224 31 0 184 109
m 224 52 0 184 109
m 224 95 0 184 109
m 224 105 0 184 109
m 224 116 0 184 109
m 224 200 0 184 109
b 224 2 184 109
b 229 0 291 96
m 229 135 0 291 96
b 229 1 291 96
m 229 135 1 291 96
b 229 2 291 96
b 229 3 291 96
m 229 135 3 7.375 110.375 -1.0
b 232 0 28 378
b 232 1 28 378
b 237 2 78 358
m 237 5 2 78 358
m 237 23 2 78 358
m 237 27 2 78 358
m 237 38 2 78 358
m 237 143 2 78 358
m 237 158 2 78 358
m 237 161 2 78 358
m 237 165 2 78 358
m 237 232 2 78 358
b 237 3 78 358
m 237 38 3 10.333333333333332 139.44444444444446 0.025176565937789434
b 1 0 105 176
b 1 1 105 176
m 1 11 1 105 176
m 1 137 1 105 176
m 1 154 1 105 176
m 1 171 1 105 176
m 1 173 1 105 176
b 1 2 105 176
m 1 7 2 105 176
m 1 171 2 105 176
m 1 206 2 105 176
b 1 3 105 176
m 1 171 3 7.500000000000001 104.3 1.0
b 2 1 17 260
m 2 53 1 17 260
m 2 173 1 17 260
m 2 193 1 17 260
m 2 222 1 17 260
b 2 2 17 260
m 2 53 2 17 260
b 2 3 17 260
m 2 53 3 8.7 119.29999999999997 1.0
b 5 2 28 335
b 5 3 28 335
m 5 165 3 9.799999999999999 130.4 1.0
b 6 2 338 59
m 6 127 2 338 59
b 7 0 56 119
m 7 24 0 56 119
m 7 96 0 56 119
m 7 152 0 56 119
m 7 238 0 56 119
b 7 1 56 119
b 7 3 56 119
m 7 24 3 9.299999999999999 121.7 0.3268508021686927
m 7 235 3 9.299999999999999 121.7 0.3268508021686927
m 7 96 3 9.299999999999999 121.7 0.3268508021686927
b 8 1 48 249
m 8 11 1 48 249
m 8 173 1 48 249
m 8 193 1 48 249
m 8 222 1 48 249
b 8 2 48 249
b 8 3 48 249
b 11 2 97 219
m 11 40 2 97 219
m 11 171 2 97 219
b 11 3 97 219
m 11 171 3 8.799999999999999 119.59999999999998 0.5
m 11 40 3 8.799999999999999 119.59999999999998 0.5
b 18 1 130 310
b 23 2 31 311
b 23 3 31 311
m 23 165 3 9.799999999999999 130.4 1.0
b 25 2 36 294
b 25 3 36 294
b 26 2 436 38
m 26 127 2 436 38
b 27 2 22 348
b 28 1 56 250
b 31 0 265 97
m 31 135 0 265 97
b 36 1 289 11
m 36 135 1 289 11
b 36 2 289 11
m 36 135 2 289 11
b 38 2 53 311
b 38 3 53 311
m 38 165 3 9.799999999999999 130.4 1.0
b 40 0 39 164
m 40 238 0 39 164
b 43 0 87 139
m 43 24 0 87 139
b 43 1 87 139
m 43 24 1 87 139
m 43 40 1 87 139
m 43 137 1 87 139
m 43 154 1 87 139
m 43 170 1 87 139
m 43 171 1 87 139
b 43 2 87 139
m 43 7 2 87 139
m 43 24 2 87 139
m 43 40 2 87 139
m 43 170 2 87 139
m 43 171 2 87 139
m 43 206 2 87 139
b 43 3 87 139
m 43 24 3 7.900000000000001 106.7 0.6615127105345748
m 43 170 3 7.900000000000001 106.7 0.6615127105345748
m 43 235 3 7.900000000000001 106.7 0.6615127105345748
m 43 171 3 7.900000000000001 106.7 0.6615127105345748
b 50 1 47 279
m 50 173 1 47 279
m 50 193 1 47 279
m 50 222 1 47 279
b 50 2 47 279
b 50 3 47 279
b 52 0 173 66
b 52 1 173 66
m 52 99 1 173 66
m 52 105 1 173 66
m 52 109 1 173 66
m 52 200 1 173 66
m 52 223 1 173 66
b 52 2 173 66
m 52 99 2 173 66
m 52 105 2 173 66
m 52 109 2 173 66
m 52 200 2 173 66
m 52 223 2 173 66
b 52 3 173 66
m 52 200 3 8.099999999999998 106.10000000000001 0.5
m 52 235 3 8.099999999999998 106.10000000000001 0.5
b 53 0 2 185
b 54 0 289 56
m 54 135 0 289 56
b 54 1 289 56
m 54 135 1 289 56
b 54 2 289 56
m 54 135 2 289 56
b 54 3 289 56
m 54 135 3 6.888888888888888 99.11111111111111 -1.0
b 55 1 33 243
m 55 53 1 33 243
m 55 173 1 33 243
m 55 193 1 33 243
m 55 222 1 33 243
b 55 2 33 243
m 55 53 2 33 243
b 55 3 33 243
m 55 53 3 8.7 119.29999999999997 1.0
b 60 0 108 157
m 60 24 0 108 157
b 60 1 108 157
m 60 11 1 108 157
m 60 24 1 108 157
m 60 137 1 108 157
m 60 154 1 108 157
m 60 170 1 108 157
m 60 171 1 108 157
m 60 173 1 108 157
b 60 2 108 157
b 60 3 108 157
m 60 170 3 8.899999999999999 116.89999999999999 0.25
m 60 24 3 8.899999999999999 116.89999999999999 0.25
b 63 2 150 112
b 65 1 92 210
m 65 11 1 92 210
m 65 137 1 92 210
m 65 154 1 92 210
m 65 171 1 92 210
m 65 173 1 92 210
m 65 193 1 92 210
m 65 222 1 92 210
b 76 1 296 91
m 76 135 1 296 91
b 77 1 356 3
b 77 2 356 3
m 77 127 2 356 3
b 95 0 176 99
b 95 1 176 99
b 95 2 176 99
b 95 3 176 99
m 95 200 3 8.699999999999998 115.7 0.5
m 95 235 3 8.699999999999998 115.7 0.5
b 99 0 192 6
b 99 3 192 6
m 99 116 3 8.899999999999999 116.9 0.5
m 99 200 3 8.899999999999999 116.9 0.5
b 104 0 31 477
b 104 3 31 477
m 104 176 3 7.1 104.89999999999999 1.0
b 105 0 165 13
b 105 3 165 13
m 105 200 3 8.899999999999999 116.9 0.5
m 105 116 3 8.899999999999999 116.9 0.5
b 108 1 439 15
b 108 2 439 15
m 108 127 2 439 15
b 109 0 117 15
m 109 30 0 117 15
m 109 208 0 117 15
b 109 3 117 15
m 109 30 3 9.0 117.4 0.3333333333333333
b 116 0 220 18
m 116 230 0 220 18
b 118 0 17 278
b 118 1 17 278
m 118 53 1 17 278
m 118 193 1 17 278
m 118 222 1 17 278
b 118 2 17 278
m 118 53 2 17 278
b 118 3 17 278
m 118 53 3 8.7 119.29999999999997 1.0
b 121 1 259 73
m 121 135 1 259 73
b 121 2 259 73
m 121 135 2 259 73
b 121 3 259 73
m 121 135 3 6.888888888888888 99.11111111111111 -1.0
b 125 2 329 39
m 125 135 2 329 39
b 127 1 411 20
b 131 1 494 21
b 131 2 494 21
b 133 1 471 115
b 133 2 471 115
b 137 0 66 187
b 137 2 66 187
b 137 3 66 187
m 137 170 3 8.9 120.09999999999998 0.3333333333333333
b 140 0 91 120
m 140 24 0 91 120
m 140 96 0 91 120
m 140 238 0 91 120
b 140 1 91 120
m 140 24 1 91 120
m 140 96 1 91 120
m 140 137 1 91 120
m 140 154 1 91 120
m 140 170 1 91 120
m 140 171 1 91 120
m 140 238 1 91 120
b 140 2 91 120
b 140 3 91 120
m 140 24 3 9.099999999999998 118.89999999999999 0.11553589880612035
b 143 2 59 348
b 143 3 59 348
m 143 165 3 9.0 119.19999999999999 1.0
b 148 3 63 358
m 148 165 3 7.8999999999999995 109.69999999999999 0.012658227848101333
b 150 1 469 15
b 150 2 469 15
m 150 127 2 469 15
b 154 2 121 198
m 154 171 2 121 198
b 154 3 121 198
m 154 171 3 8.599999999999998 115.39999999999999 1.0
b 156 2 141 109
b 156 3 141 109
m 156 235 3 7.500000000000001 104.3 1.0
b 157 2 386 46
m 157 127 2 386 46
b 158 2 29 323
b 158 3 29 323
m 158 165 3 9.0 126.19999999999999 1.0
b 159 1 323 50
m 159 135 1 323 50
b 159 2 323 50
m 159 135 2 323 50
b 161 2 23 313
b 161 3 23 313
m 161 165 3 8.7 119.29999999999997 1.0
b 165 2 8 355
m 165 176 2 8 355
b 168 1 448 49
b 168 2 448 49
b 170 0 34 149
m 170 24 0 34 149
m 170 152 0 34 149
m 170 238 0 34 149
b 171 0 47 172
m 171 24 0 47 172
m 171 152 0 47 172
m 171 238 0 47 172
b 173 2 68 197
b 173 3 68 197
m 173 53 3 9.0 120.79999999999997 0.25
m 173 170 3 9.0 120.79999999999997 0.25
b 175 1 292 102
m 175 135 1 292 102
b 175 2 292 102
m 175 135 2 292 102
b 176 0 37 423
b 176 1 37 423
m 176 104 1 37 423
b 184 1 140 259
b 188 1 208 59
b 188 2 208 59
m 188 99 2 208 59
m 188 105 2 208 59
m 188 116 2 208 59
m 188 200 2 208 59
m 188 223 2 208 59
m 188 225 2 208 59
b 192 0 1 231
b 192 1 1 231
m 192 53 1 1 231
m 192 173 1 1 231
m 192 193 1 1 231
m 192 222 1 1 231
b 192 2 1 231
b 192 3 1 231
m 192 53 3 8.7 119.29999999999997 1.0
b 193 0 52 210
b 193 2 52 210
m 193 40 2 52 210
m 193 53 2 52 210
m 193 170 2 52 210
m 193 171 2 52 210
b 193 3 52 210
m 193 170 3 9.0 120.79999999999997 0.25
m 193 53 3 9.0 120.79999999999997 0.25
b 199 3 101 345
b 200 0 195 36
m 200 230 0 195 36
b 206 0 75 111
m 206 24 0 75 111
m 206 96 0 75 111
m 206 142 0 75 111
m 206 152 0 75 111
m 206 238 0 75 111
b 206 1 75 111
m 206 24 1 75 111
m 206 96 1 75 111
m 206 137 1 75 111
m 206 142 1 75 111
m 206 152 1 75 111
m 206 170 1 75 111
m 206 171 1 75 111
m 206 238 1 75 111
b 206 3 75 111
m 206 24 3 9.299999999999999 121.7 0.3268508021686927
m 206 142 3 9.299999999999999 121.7 0.3268508021686927
m 206 171 3 9.299999999999999 121.7 0.3268508021686927
b 213 1 340 48
m 213 135 1 340 48
b 213 2 340 48
m 213 135 2 340 48
b 213 3 340 48
m 213 135 3 8.333333333333332 115.66666666666667 -1.0
b 222 2 40 239
m 222 40 2 40 239
m 222 53 2 40 239
m 222 170 2 40 239
m 222 171 2 40 239
b 222 3 40 239
m 222 53 3 9.0 120.79999999999997 0.25
m 222 40 3 9.0 120.79999999999997 0.25
b 223 0 140 6
m 223 208 0 140 6
b 223 3 140 6
m 223 200 3 8.899999999999999 116.9 0.5
m 223 208 3 8.899999999999999 116.9 0.5
b 224 1 185 121
b 224 3 185 121
b 225 0 233 5
m 225 230 0 233 5
b 225 3 233 5
m 225 116 3 9.0 117.4 0.3333333333333333
b 228 0 98 169
b 228 1 98 169
b 228 2 98 169
m 228 7 2 98 169
m 228 40 2 98 169
m 228 170 2 98 169
m 228 171 2 98 169
m 228 206 2 98 169
b 228 3 98 169
m 228 170 3 7.700000000000001 105.10000000000001 0.3333333333333333
b 232 2 40 379
b 232 3 40 379
m 232 165 3 9.1 126.5 0.5
m 232 176 3 9.1 126.5 0.5
b 235 0 116 70
m 235 24 0 116 70
m 235 30 0 116 70
m 235 96 0 116 70
m 235 142 0 116 70
b 235 1 116 70
m 235 24 1 116 70
m 235 30 1 116 70
m 235 96 1 116 70
m 235 142 1 116 70
b 235 2 116 70
m 235 7 2 116 70
m 235 24 2 116 70
m 235 30 2 116 70
m 235 96 2 116 70
m 235 142 2 116 70
m 235 206 2 116 70
b 7 2 50 109
b 11 1 96 231
b 24 0 30 101
m 24 198 0 30 101
b 24 1 30 101
m 24 198 1 30 101
b 24 2 30 101
m 24 152 2 30 101
m 24 198 2 30 101
m 24 238 2 30 101
b 24 3 30 101
m 24 198 3 8.727272727272727 111.45454545454545 0.3333333333333333
b 30 0 80 11
m 30 198 0 80 11
b 30 1 80 11
m 30 198 1 80 11
m 30 208 1 80 11
b 30 2 80 11
b 30 3 80 11
m 30 198 3 8.272727272727273 106.81818181818183 1.0
b 40 1 46 154
b 40 2 46 154
m 40 238 2 46 154
b 40 3 46 154
m 40 238 3 8.09090909090909 108.8181818181818 0.011235955056179803
b 53 1 4 174
b 53 2 4 174
b 53 3 4 174
m 53 238 3 8.0 108.54545454545453 1.0
b 96 0 61 44
m 96 198 0 61 44
b 96 1 61 44
b 96 2 61 44
b 96 3 61 44
m 96 152 3 8.636363636363635 111.0 0.5
m 96 198 3 8.636363636363635 111.0 0.5
b 99 1 204 6
m 99 116 1 204 6
m 99 225 1 204 6
m 99 230 1 204 6
b 99 2 204 6
b 104 1 20 473
b 105 1 161 2
m 105 116 1 161 2
m 105 225 1 161 2
b 105 2 161 2
b 109 1 106 11
m 109 208 1 106 11
b 109 2 106 11
b 116 2 218 6
m 116 230 2 218 6
b 116 3 218 6
m 116 230 3 8.181818181818182 106.36363636363636 0.011111111111111183
b 127 2 419 29
b 137 1 67 199
b 142 0 36 34
m 142 198 0 36 34
b 142 1 36 34
m 142 198 1 36 34
m 142 208 1 36 34
b 142 2 36 34
m 142 152 2 36 34
m 142 198 2 36 34
m 142 208 2 36 34
b 142 3 36 34
m 142 198 3 8.636363636363635 111.0 0.5
m 142 152 3 8.636363636363635 111.0 0.5
b 152 0 38 71
m 152 198 0 38 71
b 152 1 38 71
b 154 1 132 200
b 165 3 1 346
b 170 1 33 138
b 170 2 33 138
m 170 152 2 33 138
m 170 238 2 33 138
b 170 3 33 138
m 170 238 3 7.363636363636365 97.36363636363636 0.5
m 170 152 3 7.363636363636365 97.36363636363636 0.5
b 171 1 45 184
b 171 2 45 184
b 171 3 45 184
m 171 238 3 6.90909090909091 94.9090909090909 1.0
b 173 1 79 194
b 176 2 45 414
m 176 104 2 45 414
b 176 3 45 414
b 193 1 64 212
b 200 1 205 43
m 200 35 1 205 43
m 200 116 1 205 43
m 200 225 1 205 43
b 200 2 205 43
b 200 3 205 43
b 206 2 64 105
b 208 0 70 36
m 208 198 0 70 36
b 208 3 70 36
m 208 152 3 8.272727272727272 106.63636363636363 0.5100834350834351
m 208 198 3 8.272727272727272 106.63636363636363 0.5100834350834351
b 222 1 45 250
b 223 1 135 1
m 223 208 1 135 1
b 223 2 135 1
b 225 2 245 5
b 230 0 271 2
b 235 3 114 58
b 238 0 30 128
b 238 1 30 128
b 35 1 246 23
b 104 2 9 468
b 116 1 211 3
b 152 2 43 59
b 152 3 43 59
b 198 0 28 55
b 198 1 28 55
b 198 2 28 55
b 198 3 28 55
b 208 1 65 47
b 208 2 65 47
b 225 1 257 6
b 230 1 283 3
b 230 2 283 3
b 230 3 283 3
b 238 2 30 140
b 238 3 30 140
