Key: 
t: node change direction (node id, x, y, new direction)
s: node start location (node id, x, y, start direction, buffer)
m: message transfer (sender id, target id, messageType, sender x, sender y
b: broadcast (node id, message type, x, y)
349 467 117 67
s 0 286 230 329 15
s 1 109 109 243 17
s 2 0 402 46 18
s 3 101 265 221 15
s 4 255 282 353 16
s 5 107 108 45 12
s 6 390 159 21 13
s 7 122 340 28 19
s 8 120 257 152 20
s 9 237 290 114 19
s 10 473 469 182 11
s 11 295 396 311 9
s 12 75 94 229 11
s 13 295 83 17 14
s 14 320 392 163 4
s 15 353 273 175 11
s 16 1 483 189 9
s 17 395 382 20 6
s 18 63 197 114 5
s 19 53 376 270 8
s 20 227 64 180 22
s 21 493 204 214 5
s 22 129 165 207 10
s 23 259 390 306 22
s 24 149 355 250 11
s 25 126 442 62 1
s 26 146 154 227 1
s 27 305 326 241 16
s 28 449 121 64 21
s 29 419 487 195 14
s 30 95 142 96 3
s 31 92 121 179 14
s 32 379 398 72 1
s 33 431 384 22 19
s 34 209 59 347 16
s 35 436 377 299 4
s 36 285 207 233 21
s 37 103 2 228 11
s 38 193 357 89 6
s 39 1 270 351 7
s 40 174 101 226 20
s 41 190 13 105 1
s 42 136 461 67 0
s 43 309 337 212 8
s 44 145 78 91 13
s 45 329 87 111 20
s 46 401 493 291 5
s 47 245 186 283 16
s 48 0 91 176 13
s 49 137 373 302 3
s 50 395 428 349 5
s 51 199 138 279 14
s 52 183 417 294 4
s 53 59 316 65 18
s 54 400 189 159 3
s 55 30 34 341 10
s 56 69 383 340 11
s 57 45 323 48 7
s 58 118 67 194 7
s 59 345 235 308 14
s 60 272 93 347 14
s 61 63 170 185 9
s 62 179 265 120 14
s 63 219 396 267 15
s 64 369 152 311 4
s 65 377 310 231 5
s 66 171 348 76 20
s 67 402 251 270 9
s 68 443 77 85 16
s 69 73 464 164 22
s 70 243 406 174 15
s 71 261 50 154 3
s 72 388 73 339 9
s 73 312 10 327 13
s 74 426 297 77 4
s 75 228 259 276 19
s 76 299 119 300 4
s 77 438 243 55 15
s 78 175 434 35 17
s 79 342 403 111 5
s 80 128 394 26 11
s 81 173 53 93 3
s 82 98 290 13 4
s 83 52 257 244 17
s 84 38 431 266 10
s 85 352 454 159 18
s 86 489 442 209 5
s 87 379 170 104 16
s 88 71 69 53 14
s 89 378 251 241 5
s 90 126 267 231 11
s 91 220 497 178 6
s 92 332 239 138 1
s 93 358 335 82 7
s 94 299 204 73 20
s 95 79 41 187 9
s 96 444 358 37 5
s 97 218 297 206 0
s 98 172 321 307 11
s 99 296 437 117 19
s 100 448 201 27 4
s 101 486 100 342 17
s 102 475 351 212 3
s 103 445 163 213 17
s 104 202 454 92 5
s 105 331 101 66 7
s 106 496 265 244 17
s 107 460 258 17 22
s 108 123 292 352 17
s 109 454 103 64 3
s 110 60 490 61 15
s 111 208 430 243 22
s 112 320 321 107 5
s 113 411 494 195 22
s 114 27 363 66 3
s 115 258 447 85 22
s 116 311 409 250 18
s 117 43 304 94 1
s 118 373 23 300 6
s 119 309 171 276 7
s 120 63 33 245 21
s 121 292 189 279 7
s 122 130 82 8 0
s 123 377 148 94 22
s 124 68 59 123 0
s 125 332 485 181 14
s 126 331 56 51 1
s 127 166 467 187 16
s 128 80 53 146 20
s 129 177 13 259 17
s 130 149 302 191 12
s 131 243 26 32 3
s 132 451 117 173 4
s 133 147 269 3 21
s 134 148 439 315 16
s 135 91 434 248 4
s 136 237 1 83 19
s 137 413 23 260 14
s 138 454 84 88 6
s 139 379 99 155 8
s 140 438 267 15 2
s 141 163 156 325 3
s 142 200 62 39 19
s 143 349 467 312 13
s 144 280 81 132 18
s 145 327 283 207 17
s 146 360 196 13 8
s 147 71 35 178 18
s 148 3 375 229 19
s 149 265 379 312 10
s 150 476 198 144 18
s 151 477 24 335 20
s 152 9 487 92 12
s 153 278 163 180 12
s 154 363 238 359 9
s 155 22 107 173 5
s 156 98 153 56 16
s 157 361 28 186 0
s 158 139 270 318 16
s 159 93 189 204 19
s 160 288 197 262 20
s 161 191 179 238 15
s 162 320 320 352 13
s 163 289 77 175 10
s 164 416 100 41 4
s 165 478 12 57 6
s 166 368 85 28 12
s 167 77 355 4 6
s 168 322 221 42 21
s 169 466 0 155 16
s 170 274 372 154 12
s 171 444 423 176 20
s 172 464 349 98 11
s 173 122 50 211 13
s 174 267 158 219 4
s 175 96 9 108 7
s 176 292 475 203 21
s 177 295 382 58 20
s 178 296 315 253 14
s 179 4 450 83 6
s 180 48 144 324 9
s 181 459 15 36 8
s 182 248 420 197 11
s 183 103 208 171 16
s 184 19 82 138 20
s 185 18 398 94 2
s 186 300 396 67 10
s 187 300 446 336 11
s 188 446 325 184 0
s 189 45 61 98 12
s 190 434 191 242 22
s 191 36 485 68 9
s 192 483 36 33 21
s 193 308 490 15 12
s 194 445 177 110 6
s 195 105 171 267 17
s 196 140 304 193 21
s 197 430 116 154 9
s 198 234 442 222 2
s 199 103 22 255 5
s 200 149 270 64 8
s 201 64 449 97 4
s 202 333 245 232 14
s 203 440 80 225 10
s 204 121 149 143 11
s 205 102 432 171 10
s 206 388 3 280 1
s 207 117 67 345 12
s 208 155 318 2 6
s 209 40 104 202 12
s 210 371 347 225 22
s 211 100 342 257 12
s 212 387 19 173 4
s 213 340 497 241 6
s 214 379 472 67 17
s 215 18 204 254 15
s 216 63 361 88 17
s 217 362 83 7 2
s 218 258 302 332 11
s 219 103 285 223 16
s 220 402 311 243 1
s 221 210 271 203 18
s 222 271 235 48 10
s 223 312 189 357 17
s 224 488 97 131 22
s 225 202 157 270 9
s 226 197 138 66 7
s 227 335 85 34 21
s 228 384 12 84 14
s 229 10 300 141 2
s 230 110 113 104 5
s 231 295 206 331 22
s 232 55 479 349 19
s 233 490 302 237 1
s 234 69 30 244 12
s 235 348 90 167 16
s 236 439 366 192 20
s 237 143 412 141 17
s 238 196 281 142 18
s 239 47 20 310 16
b 143 0 358 457
m 143 32 0 358 457
m 143 46 0 358 457
m 143 50 0 358 457
m 143 79 0 358 457
m 143 85 0 358 457
m 143 99 0 358 457
m 143 116 0 358 457
m 143 125 0 358 457
m 143 176 0 358 457
m 143 187 0 358 457
m 143 193 0 358 457
m 143 213 0 358 457
m 143 214 0 358 457
b 143 1 358 457
m 143 32 1 358 457
m 143 46 1 358 457
m 143 50 1 358 457
m 143 79 1 358 457
m 143 85 1 358 457
m 143 99 1 358 457
m 143 116 1 358 457
m 143 125 1 358 457
m 143 176 1 358 457
m 143 187 1 358 457
m 143 193 1 358 457
m 143 213 1 358 457
m 143 214 1 358 457
b 143 2 358 457
m 143 32 2 358 457
m 143 46 2 358 457
m 143 50 2 358 457
m 143 79 2 358 457
m 143 85 2 358 457
m 143 99 2 358 457
m 143 116 2 358 457
m 143 125 2 358 457
m 143 176 2 358 457
m 143 187 2 358 457
m 143 193 2 358 457
m 143 213 2 358 457
m 143 214 2 358 457
b 143 3 358 457
m 143 32 3 15.0 225.0 1.0
m 143 46 3 15.0 225.0 1.0
m 143 50 3 15.0 225.0 1.0
m 143 79 3 15.0 225.0 1.0
m 143 85 3 15.0 225.0 1.0
m 143 99 3 15.0 225.0 1.0
m 143 116 3 15.0 225.0 1.0
m 143 125 3 15.0 225.0 1.0
m 143 176 3 15.0 225.0 1.0
m 143 187 3 15.0 225.0 1.0
m 143 193 3 15.0 225.0 1.0
m 143 213 3 15.0 225.0 1.0
m 143 214 3 15.0 225.0 1.0
b 32 0 387 422
m 32 17 0 387 422
m 32 33 0 387 422
m 32 93 0 387 422
m 32 171 0 387 422
m 32 236 0 387 422
b 32 1 387 422
m 32 17 1 387 422
m 32 33 1 387 422
m 32 93 1 387 422
m 32 171 1 387 422
m 32 236 1 387 422
b 32 2 387 422
b 32 3 387 422
m 32 33 3 12.0 162.0 0.16666666666666666
m 32 236 3 12.0 162.0 0.16666666666666666
b 46 0 412 465
m 46 10 0 412 465
m 46 29 0 412 465
m 46 113 0 412 465
m 46 171 0 412 465
b 46 1 412 465
m 46 10 1 412 465
m 46 29 1 412 465
m 46 113 1 412 465
m 46 171 1 412 465
b 46 2 412 465
m 46 10 2 412 465
m 46 29 2 412 465
m 46 113 2 412 465
m 46 171 2 412 465
b 46 3 412 465
m 46 171 3 11.333333333333334 155.33333333333334 0.25
m 46 113 3 11.333333333333334 155.33333333333334 0.25
b 50 0 424 422
m 50 17 0 424 422
m 50 29 0 424 422
m 50 33 0 424 422
m 50 35 0 424 422
m 50 86 0 424 422
m 50 113 0 424 422
m 50 171 0 424 422
m 50 236 0 424 422
b 50 1 424 422
m 50 17 1 424 422
m 50 29 1 424 422
m 50 33 1 424 422
m 50 35 1 424 422
m 50 86 1 424 422
m 50 113 1 424 422
m 50 171 1 424 422
m 50 236 1 424 422
b 50 2 424 422
b 50 3 424 422
m 50 236 3 13.666666666666666 190.33333333333334 0.740893253088375
m 50 17 3 13.666666666666666 190.33333333333334 0.740893253088375
m 50 33 3 13.666666666666666 190.33333333333334 0.740893253088375
m 50 113 3 13.666666666666666 190.33333333333334 0.740893253088375
m 50 86 3 13.666666666666666 190.33333333333334 0.740893253088375
m 50 35 3 13.666666666666666 190.33333333333334 0.740893253088375
b 79 0 331 431
m 79 11 0 331 431
m 79 14 0 331 431
m 79 93 0 331 431
m 79 177 0 331 431
m 79 186 0 331 431
b 79 1 331 431
m 79 11 1 331 431
m 79 14 1 331 431
m 79 93 1 331 431
m 79 177 1 331 431
m 79 186 1 331 431
b 79 2 331 431
b 79 3 331 431
m 79 11 3 11.666666666666666 158.33333333333334 0.2
m 79 177 3 11.666666666666666 158.33333333333334 0.2
b 213 0 325 470
b 213 1 325 470
b 213 2 325 470
b 213 3 325 470
b 187 0 332 432
m 187 11 0 332 432
m 187 14 0 332 432
m 187 115 0 332 432
m 187 177 0 332 432
m 187 186 0 332 432
b 187 1 332 432
m 187 11 1 332 432
m 187 14 1 332 432
m 187 115 1 332 432
m 187 177 1 332 432
m 187 186 1 332 432
b 187 2 332 432
m 187 11 2 332 432
m 187 14 2 332 432
m 187 115 2 332 432
m 187 177 2 332 432
m 187 186 2 332 432
b 187 3 332 432
m 187 11 3 11.666666666666666 158.33333333333334 0.2
m 187 177 3 11.666666666666666 158.33333333333334 0.2
b 193 0 343 495
m 193 113 0 343 495
b 193 1 343 495
m 193 113 1 343 495
b 193 2 343 495
m 193 113 2 343 495
b 193 3 343 495
m 193 113 3 10.666666666666666 151.33333333333334 0.5
b 125 0 293 484
m 125 115 0 293 484
m 125 186 0 293 484
b 125 1 293 484
m 125 115 1 293 484
m 125 186 1 293 484
b 125 2 293 484
m 125 115 2 293 484
m 125 186 2 293 484
b 125 3 293 484
m 125 115 3 10.666666666666666 151.33333333333334 0.5
m 125 186 3 10.666666666666666 151.33333333333334 0.5
b 214 0 402 494
b 214 1 402 494
b 214 2 402 494
b 214 3 402 494
m 214 29 3 10.666666666666666 151.33333333333334 0.5
m 214 10 3 10.666666666666666 151.33333333333334 0.5
b 85 0 312 470
m 85 115 0 312 470
b 85 1 312 470
b 85 2 312 470
b 85 3 312 470
m 85 115 3 11.333333333333334 155.33333333333334 0.25
b 116 0 296 368
m 116 23 0 296 368
m 116 43 0 296 368
m 116 112 0 296 368
m 116 149 0 296 368
m 116 170 0 296 368
m 116 210 0 296 368
b 116 1 296 368
m 116 23 1 296 368
m 116 43 1 296 368
m 116 112 1 296 368
m 116 149 1 296 368
m 116 170 1 296 368
m 116 210 1 296 368
b 116 2 296 368
b 116 3 296 368
m 116 93 3 13.0 177.0 0.4981684981684982
m 116 170 3 13.0 177.0 0.4981684981684982
m 116 43 3 13.0 177.0 0.4981684981684982
m 116 23 3 13.0 177.0 0.4981684981684982
m 116 14 3 13.0 177.0 0.4981684981684982
b 17 0 437 397
m 17 74 0 437 397
m 17 96 0 437 397
m 17 172 0 437 397
m 17 188 0 437 397
b 17 1 437 397
m 17 74 1 437 397
m 17 96 1 437 397
m 17 172 1 437 397
m 17 188 1 437 397
b 99 0 276 477
m 99 115 0 276 477
b 99 1 276 477
b 99 2 276 477
b 99 3 276 477
m 99 115 3 11.0 153.0 0.3333333333333333
b 93 0 364 380
m 93 112 0 364 380
m 93 162 0 364 380
m 93 188 0 364 380
m 93 210 0 364 380
b 93 1 364 380
m 93 112 1 364 380
m 93 162 1 364 380
m 93 188 1 364 380
m 93 210 1 364 380
b 14 0 276 405
m 14 23 0 276 405
m 14 112 0 276 405
m 14 149 0 276 405
m 14 170 0 276 405
b 14 1 276 405
b 35 0 459 337
m 35 74 0 459 337
m 35 96 0 459 337
m 35 102 0 459 337
m 35 140 0 459 337
m 35 172 0 459 337
m 35 188 0 459 337
b 35 1 459 337
m 35 74 1 459 337
m 35 96 1 459 337
m 35 102 1 459 337
m 35 140 1 459 337
m 35 172 1 459 337
m 35 188 1 459 337
b 35 3 459 337
m 35 74 3 12.0 155.0 0.4085064394330716
m 35 140 3 12.0 155.0 0.4085064394330716
m 35 188 3 12.0 155.0 0.4085064394330716
b 176 0 250 457
m 176 78 0 250 457
m 176 104 0 250 457
m 176 115 0 250 457
m 176 182 0 250 457
m 176 198 0 250 457
b 176 1 250 457
m 176 78 1 250 457
m 176 104 1 250 457
m 176 115 1 250 457
m 176 182 1 250 457
m 176 198 1 250 457
b 176 2 250 457
b 176 3 250 457
m 176 182 3 12.666666666666666 171.33333333333334 0.3223684210526312
m 176 198 3 12.666666666666666 171.33333333333334 0.3223684210526312
b 86 0 447 420
m 86 96 0 447 420
m 86 172 0 447 420
b 86 1 447 420
b 86 3 447 420
m 86 10 3 11.0 145.0 0.3333333333333333
b 17 3 441 399
m 17 74 3 11.75 151.75 0.2298127339299954
m 17 10 3 11.75 151.75 0.2298127339299954
b 11 0 329 357
m 11 23 0 329 357
m 11 43 0 329 357
m 11 112 0 329 357
m 11 149 0 329 357
m 11 210 0 329 357
b 11 1 329 357
m 11 23 1 329 357
m 11 43 1 329 357
m 11 112 1 329 357
m 11 149 1 329 357
m 11 210 1 329 357
b 11 3 329 357
m 11 93 3 10.75 134.75 0.28530655391120513
m 11 43 3 10.75 134.75 0.28530655391120513
b 14 2 270 407
b 186 0 320 443
m 186 112 0 320 443
b 186 1 320 443
b 10 0 420 467
b 10 1 420 467
b 10 2 420 467
b 29 0 364 473
b 29 1 364 473
b 29 2 364 473
b 188 0 390 321
m 188 102 0 390 321
m 188 220 0 390 321
b 188 1 390 321
m 188 102 1 390 321
m 188 220 1 390 321
b 11 2 333 353
m 11 23 2 333 353
m 11 43 2 333 353
m 11 93 2 333 353
m 11 112 2 333 353
m 11 149 2 333 353
m 11 210 2 333 353
m 11 236 2 333 353
b 33 0 484 405
b 33 1 484 405
b 33 3 484 405
m 33 96 3 9.75 123.75 0.02153846153846154
b 171 0 386 427
b 171 1 386 427
b 186 2 323 449
b 188 3 388 321
b 236 0 383 354
b 236 1 383 354
b 236 3 383 354
m 236 210 3 9.75 123.75 0.02153846153846154
b 14 3 264 409
m 14 112 3 10.25 133.75 0.5
m 14 149 3 10.25 133.75 0.5
b 74 0 439 355
b 74 1 439 355
b 112 0 302 378
b 112 1 302 378
b 140 0 496 282
m 140 77 0 496 282
m 140 100 0 496 282
m 140 107 0 496 282
m 140 150 0 496 282
m 140 233 0 496 282
b 140 1 496 282
m 140 77 1 496 282
m 140 100 1 496 282
m 140 107 1 496 282
m 140 150 1 496 282
m 140 233 1 496 282
b 140 3 496 282
m 140 150 3 11.0 133.8 0.4343205144995988
m 140 102 3 11.0 133.8 0.4343205144995988
m 140 100 3 11.0 133.8 0.4343205144995988
b 198 0 190 402
m 198 7 0 190 402
m 198 38 0 190 402
m 198 52 0 190 402
m 198 63 0 190 402
m 198 66 0 190 402
m 198 70 0 190 402
m 198 80 0 190 402
m 198 111 0 190 402
m 198 134 0 190 402
b 198 1 190 402
m 198 7 1 190 402
m 198 38 1 190 402
m 198 52 1 190 402
m 198 63 1 190 402
m 198 66 1 190 402
m 198 70 1 190 402
m 198 80 1 190 402
m 198 111 1 190 402
m 198 134 1 190 402
b 198 3 190 402
m 198 7 3 12.0 153.5 0.40196723426212544
m 198 66 3 12.0 153.5 0.40196723426212544
m 198 78 3 12.0 153.5 0.40196723426212544
m 198 70 3 12.0 153.5 0.40196723426212544
m 198 63 3 12.0 153.5 0.40196723426212544
b 96 0 493 395
b 96 1 493 395
b 102 0 423 318
m 102 77 0 423 318
m 102 233 0 423 318
b 102 1 423 318
m 102 77 1 423 318
m 102 233 1 423 318
b 186 3 324 452
m 186 112 3 8.25 113.75 0.030303030303030498
b 74 3 439 357
m 74 102 3 10.6 129.0 0.2809472179576385
b 93 3 367 397
m 93 112 3 10.25 133.75 0.5
b 171 2 382 427
m 171 17 2 382 427
m 171 86 2 382 427
m 171 93 2 382 427
m 171 172 2 382 427
b 171 3 382 427
m 171 172 3 8.75 116.75 1.0
b 177 0 328 434
b 177 1 328 434
b 177 3 328 434
m 177 112 3 9.0 119.0 1.0
b 43 0 256 304
m 43 4 0 256 304
m 43 9 0 256 304
m 43 15 0 256 304
m 43 27 0 256 304
m 43 63 0 256 304
m 43 92 0 256 304
m 43 94 0 256 304
m 43 98 0 256 304
m 43 145 0 256 304
m 43 178 0 256 304
m 43 208 0 256 304
m 43 218 0 256 304
m 43 222 0 256 304
b 43 1 256 304
m 43 4 1 256 304
m 43 9 1 256 304
m 43 15 1 256 304
m 43 27 1 256 304
m 43 63 1 256 304
m 43 92 1 256 304
m 43 94 1 256 304
m 43 98 1 256 304
m 43 145 1 256 304
m 43 178 1 256 304
m 43 208 1 256 304
m 43 218 1 256 304
m 43 222 1 256 304
b 43 3 256 304
m 43 27 3 13.75 196.75 0.7007082348545765
m 43 94 3 13.75 196.75 0.7007082348545765
m 43 63 3 13.75 196.75 0.7007082348545765
m 43 210 3 13.75 196.75 0.7007082348545765
m 43 218 3 13.75 196.75 0.7007082348545765
m 43 92 3 13.75 196.75 0.7007082348545765
m 43 9 3 13.75 196.75 0.7007082348545765
m 43 98 3 13.75 196.75 0.7007082348545765
m 43 4 3 13.75 196.75 0.7007082348545765
m 43 222 3 13.75 196.75 0.7007082348545765
m 43 149 3 13.75 196.75 0.7007082348545765
b 104 0 192 482
m 104 25 0 192 482
m 104 42 0 192 482
m 104 91 0 192 482
b 104 1 192 482
m 104 25 1 192 482
m 104 42 1 192 482
m 104 91 1 192 482
b 113 0 349 477
b 113 1 349 477
b 113 2 349 477
b 113 3 349 477
b 10 3 408 467
m 10 172 3 8.25 113.75 0.030303030303030498
b 149 0 309 331
m 149 4 0 309 331
m 149 15 0 309 331
m 149 27 0 309 331
m 149 92 0 309 331
m 149 218 0 309 331
m 149 222 0 309 331
b 149 1 309 331
m 149 4 1 309 331
m 149 15 1 309 331
m 149 27 1 309 331
m 149 92 1 309 331
m 149 218 1 309 331
m 149 222 1 309 331
b 170 0 214 402
m 170 7 0 214 402
m 170 9 0 214 402
m 170 38 0 214 402
m 170 52 0 214 402
m 170 63 0 214 402
m 170 66 0 214 402
m 170 70 0 214 402
m 170 80 0 214 402
m 170 111 0 214 402
m 170 134 0 214 402
b 170 1 214 402
m 170 7 1 214 402
m 170 9 1 214 402
m 170 38 1 214 402
m 170 52 1 214 402
m 170 63 1 214 402
m 170 66 1 214 402
m 170 70 1 214 402
m 170 80 1 214 402
m 170 111 1 214 402
m 170 134 1 214 402
b 170 3 214 402
m 170 52 3 12.5 163.0 0.6073347790420962
m 170 38 3 12.5 163.0 0.6073347790420962
m 170 7 3 12.5 163.0 0.6073347790420962
m 170 66 3 12.5 163.0 0.6073347790420962
m 170 63 3 12.5 163.0 0.6073347790420962
m 170 70 3 12.5 163.0 0.6073347790420962
m 170 78 3 12.5 163.0 0.6073347790420962
b 172 0 455 416
b 172 1 455 416
b 29 3 353 470
b 177 2 331 440
b 182 0 182 400
m 182 7 0 182 400
m 182 9 0 182 400
m 182 38 0 182 400
m 182 52 0 182 400
m 182 66 0 182 400
m 182 70 0 182 400
m 182 80 0 182 400
m 182 111 0 182 400
m 182 134 0 182 400
b 182 1 182 400
b 182 3 182 400
m 182 9 3 12.5 164.5 0.43610939112487057
m 182 111 3 12.5 164.5 0.43610939112487057
m 182 38 3 12.5 164.5 0.43610939112487057
m 182 66 3 12.5 164.5 0.43610939112487057
m 182 7 3 12.5 164.5 0.43610939112487057
b 220 0 371 250
m 220 0 0 371 250
m 220 4 0 371 250
m 220 54 0 371 250
m 220 59 0 371 250
m 220 65 0 371 250
m 220 67 0 371 250
m 220 87 0 371 250
m 220 89 0 371 250
m 220 94 0 371 250
m 220 123 0 371 250
m 220 146 0 371 250
m 220 150 0 371 250
m 220 154 0 371 250
m 220 168 0 371 250
m 220 194 0 371 250
m 220 218 0 371 250
m 220 222 0 371 250
m 220 223 0 371 250
b 220 1 371 250
m 220 0 1 371 250
m 220 4 1 371 250
m 220 54 1 371 250
m 220 59 1 371 250
m 220 65 1 371 250
m 220 67 1 371 250
m 220 87 1 371 250
m 220 89 1 371 250
m 220 94 1 371 250
m 220 123 1 371 250
m 220 146 1 371 250
m 220 150 1 371 250
m 220 154 1 371 250
m 220 168 1 371 250
m 220 194 1 371 250
m 220 218 1 371 250
m 220 222 1 371 250
m 220 223 1 371 250
b 115 0 272 483
b 115 1 272 483
b 115 2 272 483
m 115 78 2 272 483
b 162 0 390 310
m 162 168 0 390 310
b 162 1 390 310
m 162 168 1 390 310
b 115 3 273 480
b 233 0 450 241
m 233 6 0 450 241
m 233 106 0 450 241
m 233 146 0 450 241
m 233 154 0 450 241
m 233 194 0 450 241
b 233 1 450 241
m 233 6 1 450 241
m 233 106 1 450 241
m 233 146 1 450 241
m 233 154 1 450 241
m 233 194 1 450 241
b 96 3 494 396
b 112 2 298 391
b 42 0 139 466
m 42 110 0 139 466
m 42 127 0 139 466
m 42 232 0 139 466
m 42 237 0 139 466
b 42 1 139 466
m 42 110 1 139 466
m 42 127 1 139 466
m 42 232 1 139 466
m 42 237 1 139 466
b 78 0 236 477
b 78 1 236 477
b 102 3 411 311
m 102 162 3 9.833333333333332 114.16666666666667 0.14626216299447498
b 25 0 164 490
m 25 127 0 164 490
m 25 232 0 164 490
b 25 1 164 490
b 52 0 214 347
m 52 49 0 214 347
m 52 62 0 214 347
m 52 82 0 214 347
m 52 200 0 214 347
b 52 1 214 347
m 52 49 1 214 347
m 52 62 1 214 347
m 52 82 1 214 347
m 52 200 1 214 347
b 92 0 275 290
m 92 65 0 275 290
b 92 1 275 290
m 92 65 1 275 290
b 92 3 275 290
m 92 15 3 12.2 164.6 0.16666666666666666
m 92 65 3 12.2 164.6 0.16666666666666666
b 93 2 369 411
b 100 0 489 244
m 100 6 0 489 244
m 100 28 0 489 244
m 100 106 0 489 244
m 100 109 0 489 244
m 100 154 0 489 244
m 100 194 0 489 244
b 100 1 489 244
m 100 6 1 489 244
m 100 28 1 489 244
m 100 106 1 489 244
m 100 109 1 489 244
m 100 154 1 489 244
m 100 194 1 489 244
b 100 3 489 244
m 100 77 3 10.666666666666666 125.0 0.544298175091282
m 100 109 3 10.666666666666666 125.0 0.544298175091282
m 100 106 3 10.666666666666666 125.0 0.544298175091282
m 100 194 3 10.666666666666666 125.0 0.544298175091282
m 100 107 3 10.666666666666666 125.0 0.544298175091282
b 112 3 298 393
b 23 0 304 328
b 23 1 304 328
b 23 3 304 328
m 23 15 3 10.0 133.0 1.0
b 43 2 244 296
m 43 4 2 244 296
m 43 15 2 244 296
m 43 27 2 244 296
m 43 52 2 244 296
m 43 63 2 244 296
m 43 92 2 244 296
m 43 94 2 244 296
m 43 98 2 244 296
m 43 108 2 244 296
m 43 133 2 244 296
m 43 145 2 244 296
m 43 178 2 244 296
m 43 208 2 244 296
m 43 222 2 244 296
b 210 0 317 292
m 210 65 0 317 292
m 210 168 0 317 292
b 210 1 317 292
m 210 65 1 317 292
m 210 168 1 317 292
b 38 0 194 435
b 38 1 194 435
b 86 2 419 404
b 149 2 318 320
m 149 4 2 318 320
m 149 15 2 318 320
m 149 27 2 318 320
m 149 92 2 318 320
m 149 94 2 318 320
m 149 188 2 318 320
m 149 218 2 318 320
m 149 222 2 318 320
b 17 2 471 410
m 17 33 2 471 410
m 17 74 2 471 410
m 17 96 2 471 410
b 91 0 172 471
m 91 232 0 172 471
b 91 1 172 471
m 91 232 1 172 471
b 149 3 320 319
m 149 15 3 8.6 107.8 0.5213256755484417
b 208 0 236 321
m 208 49 0 236 321
m 208 82 0 236 321
m 208 108 0 236 321
m 208 133 0 236 321
m 208 200 0 236 321
b 208 1 236 321
b 52 3 217 341
m 52 82 3 11.6 143.20000000000002 0.4278008713240586
m 52 49 3 11.6 143.20000000000002 0.4278008713240586
m 52 134 3 11.6 143.20000000000002 0.4278008713240586
m 52 62 3 11.6 143.20000000000002 0.4278008713240586
b 80 0 202 430
b 80 1 202 430
b 54 0 321 219
m 54 105 0 321 219
m 54 202 0 321 219
m 54 231 0 321 219
b 54 1 321 219
m 54 105 1 321 219
m 54 202 1 321 219
m 54 231 1 321 219
b 38 3 194 442
m 38 80 3 11.4 140.20000000000002 0.31908350517488215
m 38 25 3 11.4 140.20000000000002 0.31908350517488215
b 172 2 453 434
b 172 3 453 434
b 222 0 327 299
b 222 1 327 299
b 222 3 327 299
m 222 220 3 12.4 167.20000000000002 0.14285714285714285
b 15 0 268 281
m 15 133 0 268 281
b 15 1 268 281
m 15 133 1 268 281
b 65 0 323 243
b 65 1 323 243
b 89 0 337 176
m 89 45 0 337 176
m 89 105 0 337 176
m 89 197 0 337 176
m 89 202 0 337 176
m 89 231 0 337 176
b 89 1 337 176
m 89 45 1 337 176
m 89 105 1 337 176
m 89 197 1 337 176
m 89 202 1 337 176
m 89 231 1 337 176
b 98 0 224 253
m 98 49 0 224 253
m 98 82 0 224 253
m 98 97 0 224 253
m 98 108 0 224 253
m 98 133 0 224 253
m 98 158 0 224 253
m 98 226 0 224 253
b 98 1 224 253
m 98 49 1 224 253
m 98 82 1 224 253
m 98 97 1 224 253
m 98 108 1 224 253
m 98 133 1 224 253
m 98 158 1 224 253
m 98 226 1 224 253
b 98 3 224 253
m 98 108 3 13.2 181.6 0.42443959647260127
m 98 15 3 13.2 181.6 0.42443959647260127
m 98 133 3 13.2 181.6 0.42443959647260127
m 98 97 3 13.2 181.6 0.42443959647260127
m 98 145 3 13.2 181.6 0.42443959647260127
b 218 0 334 262
b 218 1 334 262
b 218 3 334 262
m 218 15 3 12.8 173.6 0.22559231422686063
m 218 65 3 12.8 173.6 0.22559231422686063
m 218 145 3 12.8 173.6 0.22559231422686063
b 63 0 215 309
m 63 108 0 215 309
m 63 133 0 215 309
m 63 167 0 215 309
b 63 1 215 309
m 63 108 1 215 309
m 63 133 1 215 309
m 63 167 1 215 309
b 63 3 215 309
m 63 82 3 11.4 139.0 0.3799804330906369
m 63 167 3 11.4 139.0 0.3799804330906369
m 63 108 3 11.4 139.0 0.3799804330906369
b 70 0 157 416
m 70 56 0 157 416
m 70 167 0 157 416
b 70 1 157 416
m 70 56 1 157 416
m 70 167 1 157 416
b 70 3 157 416
m 70 42 3 11.4 139.0 0.3799804330906369
m 70 134 3 11.4 139.0 0.3799804330906369
m 70 56 3 11.4 139.0 0.3799804330906369
m 70 167 3 11.4 139.0 0.3799804330906369
b 77 0 488 315
b 77 1 488 315
b 194 0 415 259
b 194 1 415 259
b 134 0 210 377
m 134 56 0 210 377
m 134 167 0 210 377
b 134 1 210 377
m 134 56 1 210 377
m 134 167 1 210 377
b 78 3 248 485
m 78 80 3 10.4 126.0 0.25
m 78 25 3 10.4 126.0 0.25
b 146 0 446 216
m 146 21 0 446 216
m 146 68 0 446 216
m 146 138 0 446 216
m 146 164 0 446 216
m 146 224 0 446 216
b 146 1 446 216
m 146 21 1 446 216
m 146 68 1 446 216
m 146 138 1 446 216
m 146 164 1 446 216
m 146 224 1 446 216
b 178 0 270 230
m 178 133 0 270 230
m 178 226 0 270 230
b 178 1 270 230
m 178 133 1 270 230
m 178 226 1 270 230
b 236 2 352 348
m 236 102 2 352 348
m 236 162 2 352 348
m 236 188 2 352 348
b 67 0 402 161
m 67 21 0 402 161
m 67 68 0 402 161
m 67 103 0 402 161
m 67 105 0 402 161
m 67 126 0 402 161
m 67 132 0 402 161
m 67 138 0 402 161
m 67 166 0 402 161
m 67 190 0 402 161
m 67 197 0 402 161
m 67 224 0 402 161
m 67 227 0 402 161
m 67 231 0 402 161
b 67 1 402 161
m 67 21 1 402 161
m 67 68 1 402 161
m 67 103 1 402 161
m 67 105 1 402 161
m 67 126 1 402 161
m 67 132 1 402 161
m 67 138 1 402 161
m 67 166 1 402 161
m 67 190 1 402 161
m 67 197 1 402 161
m 67 224 1 402 161
m 67 227 1 402 161
m 67 231 1 402 161
b 92 2 265 299
m 92 65 2 265 299
m 92 218 2 265 299
b 150 0 403 251
b 150 1 403 251
b 150 3 403 251
m 150 123 3 10.833333333333332 128.16666666666666 0.5736817900867164
m 150 67 3 10.833333333333332 128.16666666666666 0.5736817900867164
m 150 223 3 10.833333333333332 128.16666666666666 0.5736817900867164
m 150 146 3 10.833333333333332 128.16666666666666 0.5736817900867164
m 150 154 3 10.833333333333332 128.16666666666666 0.5736817900867164
m 150 168 3 10.833333333333332 128.16666666666666 0.5736817900867164
b 154 0 453 237
b 154 1 453 237
b 4 0 345 271
b 4 1 345 271
b 4 3 345 271
m 4 87 3 12.2 164.6 0.16666666666666666
m 4 54 3 12.2 164.6 0.16666666666666666
b 7 0 203 383
m 7 56 0 203 383
m 7 167 0 203 383
b 7 1 203 383
m 7 56 1 203 383
m 7 167 1 203 383
b 7 3 203 383
m 7 82 3 11.4 139.0 0.3799804330906369
m 7 80 3 11.4 139.0 0.3799804330906369
m 7 56 3 11.4 139.0 0.3799804330906369
m 7 134 3 11.4 139.0 0.3799804330906369
b 23 2 312 317
b 27 0 260 246
m 27 108 0 260 246
m 27 133 0 260 246
m 27 226 0 260 246
b 27 1 260 246
m 27 108 1 260 246
m 27 133 1 260 246
m 27 226 1 260 246
b 27 3 260 246
m 27 133 3 12.4 167.20000000000002 0.14285714285714285
b 49 0 186 296
m 49 56 0 186 296
m 49 97 0 186 296
m 49 108 0 186 296
m 49 133 0 186 296
m 49 167 0 186 296
m 49 238 0 186 296
b 49 1 186 296
m 49 56 1 186 296
m 49 97 1 186 296
m 49 108 1 186 296
m 49 133 1 186 296
m 49 167 1 186 296
m 49 238 1 186 296
b 109 0 494 185
m 109 21 0 494 185
m 109 68 0 494 185
m 109 138 0 494 185
m 109 164 0 494 185
m 109 224 0 494 185
b 109 1 494 185
m 109 21 1 494 185
m 109 68 1 494 185
m 109 138 1 494 185
m 109 164 1 494 185
m 109 224 1 494 185
b 109 3 494 185
m 109 21 3 10.714285714285714 124.42857142857142 0.6476412550564
m 109 224 3 10.714285714285714 124.42857142857142 0.6476412550564
m 109 233 3 10.714285714285714 124.42857142857142 0.6476412550564
m 109 146 3 10.714285714285714 124.42857142857142 0.6476412550564
m 109 68 3 10.714285714285714 124.42857142857142 0.6476412550564
m 109 138 3 10.714285714285714 124.42857142857142 0.6476412550564
b 188 2 355 319
m 188 102 2 355 319
m 188 162 2 355 319
m 188 168 2 355 319
b 210 2 307 282
b 66 0 194 437
b 66 1 194 437
b 66 3 194 437
m 66 80 3 11.2 135.6 0.33064392136806325
b 82 0 188 311
m 82 56 0 188 311
m 82 97 0 188 311
m 82 108 0 188 311
m 82 133 0 188 311
m 82 167 0 188 311
m 82 238 0 188 311
b 82 1 188 311
m 82 56 1 188 311
m 82 97 1 188 311
m 82 108 1 188 311
m 82 133 1 188 311
m 82 167 1 188 311
m 82 238 1 188 311
b 145 0 245 242
m 145 75 0 245 242
m 145 108 0 245 242
m 145 133 0 245 242
m 145 202 0 245 242
m 145 226 0 245 242
b 145 1 245 242
m 145 75 1 245 242
m 145 108 1 245 242
m 145 133 1 245 242
m 145 202 1 245 242
m 145 226 1 245 242
b 210 3 306 282
m 210 168 3 9.0 106.2 0.03312955465587045
b 52 2 221 332
b 65 3 318 238
m 65 54 3 11.666666666666666 150.66666666666666 0.22735908011498562
m 65 0 3 11.666666666666666 150.66666666666666 0.22735908011498562
m 65 87 3 11.666666666666666 150.66666666666666 0.22735908011498562
b 9 0 199 376
m 9 56 0 199 376
m 9 167 0 199 376
b 9 1 199 376
m 9 56 1 199 376
m 9 167 1 199 376
b 9 3 199 376
m 9 62 3 12.8 173.6 0.22559231422686063
m 9 82 3 12.8 173.6 0.22559231422686063
m 9 80 3 12.8 173.6 0.22559231422686063
b 107 0 475 318
b 107 1 475 318
b 111 0 166 346
m 111 56 0 166 346
m 111 167 0 166 346
m 111 238 0 166 346
b 111 1 166 346
m 111 56 1 166 346
m 111 167 1 166 346
m 111 238 1 166 346
b 194 3 412 266
m 194 123 3 10.285714285714285 116.28571428571428 0.4998656710021977
m 194 87 3 10.285714285714285 116.28571428571428 0.4998656710021977
m 194 154 3 10.285714285714285 116.28571428571428 0.4998656710021977
b 59 0 404 160
m 59 21 0 404 160
m 59 68 0 404 160
m 59 103 0 404 160
m 59 126 0 404 160
m 59 132 0 404 160
m 59 138 0 404 160
m 59 166 0 404 160
m 59 190 0 404 160
m 59 197 0 404 160
m 59 224 0 404 160
m 59 227 0 404 160
m 59 228 0 404 160
b 59 1 404 160
m 59 21 1 404 160
m 59 68 1 404 160
m 59 103 1 404 160
m 59 126 1 404 160
m 59 132 1 404 160
m 59 138 1 404 160
m 59 166 1 404 160
m 59 190 1 404 160
m 59 197 1 404 160
m 59 224 1 404 160
m 59 227 1 404 160
m 59 228 1 404 160
b 94 0 327 295
b 94 1 327 295
b 94 3 327 295
m 94 87 3 12.2 164.6 0.16666666666666666
m 94 54 3 12.2 164.6 0.16666666666666666
b 208 2 250 322
m 208 7 2 250 322
m 208 9 2 250 322
m 208 49 2 250 322
m 208 82 2 250 322
m 208 134 2 250 322
m 208 200 2 250 322
b 0 0 368 181
m 0 45 0 368 181
m 0 132 0 368 181
m 0 197 0 368 181
m 0 227 0 368 181
b 0 1 368 181
b 74 2 447 390
b 200 0 192 357
m 200 56 0 192 357
m 200 167 0 192 357
b 200 1 192 357
b 87 0 355 264
b 87 1 355 264
b 96 2 475 383
b 6 0 481 194
m 6 21 0 481 194
m 6 68 0 481 194
m 6 138 0 481 194
m 6 164 0 481 194
m 6 224 0 481 194
b 6 1 481 194
m 6 21 1 481 194
m 6 68 1 481 194
m 6 138 1 481 194
m 6 164 1 481 194
m 6 224 1 481 194
b 25 3 179 473
m 25 91 3 10.166666666666666 119.50000000000003 0.10666440764577309
b 49 3 189 290
m 49 56 3 10.666666666666666 125.33333333333336 0.3151076326773968
b 97 0 130 254
m 97 24 0 130 254
m 97 30 0 130 254
m 97 39 0 130 254
m 97 156 0 130 254
m 97 211 0 130 254
m 97 221 0 130 254
b 97 1 130 254
m 97 24 1 130 254
m 97 30 1 130 254
m 97 39 1 130 254
m 97 156 1 130 254
m 97 211 1 130 254
m 97 221 1 130 254
b 97 3 130 254
m 97 24 3 12.0 157.33333333333334 0.11017058409364046
b 220 3 358 224
m 220 223 3 11.833333333333334 152.83333333333334 0.1796619510343716
m 220 89 3 11.833333333333334 152.83333333333334 0.1796619510343716
b 223 0 410 184
m 223 21 0 410 184
m 223 68 0 410 184
m 223 103 0 410 184
m 223 126 0 410 184
m 223 132 0 410 184
m 223 138 0 410 184
m 223 166 0 410 184
m 223 190 0 410 184
m 223 224 0 410 184
m 223 227 0 410 184
b 223 1 410 184
m 223 21 1 410 184
m 223 68 1 410 184
m 223 103 1 410 184
m 223 126 1 410 184
m 223 132 1 410 184
m 223 138 1 410 184
m 223 166 1 410 184
m 223 190 1 410 184
m 223 224 1 410 184
m 223 227 1 410 184
b 15 3 255 282
m 15 208 3 10.666666666666666 138.66666666666666 0.013123359580052507
b 42 3 130 444
m 42 127 3 11.333333333333334 136.0 0.45442801010682743
m 42 201 3 11.333333333333334 136.0 0.45442801010682743
m 42 91 3 11.333333333333334 136.0 0.45442801010682743
m 42 53 3 11.333333333333334 136.0 0.45442801010682743
b 78 2 256 490
b 82 3 195 313
m 82 200 3 10.166666666666666 120.83333333333336 0.3333333333333333
b 222 2 337 309
m 222 65 2 337 309
m 222 87 2 337 309
m 222 168 2 337 309
b 15 2 254 282
m 15 65 2 254 282
m 15 226 2 254 282
b 98 2 232 241
b 162 3 419 306
m 162 168 3 8.714285714285714 98.42857142857143 0.008687021046233426
b 62 0 128 353
m 62 2 0 128 353
m 62 57 0 128 353
b 62 1 128 353
b 106 0 451 173
m 106 192 0 451 173
b 106 1 451 173
m 106 192 1 451 173
b 110 0 117 423
m 110 2 0 117 423
m 110 53 0 117 423
m 110 57 0 117 423
m 110 114 0 117 423
m 110 152 0 117 423
m 110 201 0 117 423
m 110 216 0 117 423
b 110 1 117 423
m 110 2 1 117 423
m 110 53 1 117 423
m 110 57 1 117 423
m 110 114 1 117 423
m 110 152 1 117 423
m 110 201 1 117 423
m 110 216 1 117 423
b 168 0 397 289
b 168 1 397 289
b 218 2 348 254
m 218 54 2 348 254
m 218 87 2 348 254
m 218 123 2 348 254
m 218 150 2 348 254
m 218 220 2 348 254
b 77 3 498 328
b 105 0 373 196
b 105 1 373 196
b 111 3 161 338
m 111 200 3 10.6 133.4 0.3333333333333333
b 123 0 370 250
b 123 1 370 250
b 126 0 396 136
m 126 13 0 396 136
m 126 60 0 396 136
m 126 64 0 396 136
m 126 206 0 396 136
m 126 217 0 396 136
m 126 228 0 396 136
b 126 1 396 136
m 126 13 1 396 136
m 126 60 1 396 136
m 126 64 1 396 136
m 126 206 1 396 136
m 126 217 1 396 136
m 126 228 1 396 136
b 127 0 64 454
m 127 16 0 64 454
m 127 53 0 64 454
m 127 57 0 64 454
m 127 114 0 64 454
m 127 117 0 64 454
m 127 152 0 64 454
m 127 179 0 64 454
m 127 185 0 64 454
m 127 191 0 64 454
m 127 201 0 64 454
m 127 205 0 64 454
m 127 216 0 64 454
b 127 1 64 454
m 127 16 1 64 454
m 127 53 1 64 454
m 127 57 1 64 454
m 127 114 1 64 454
m 127 117 1 64 454
m 127 152 1 64 454
m 127 179 1 64 454
m 127 185 1 64 454
m 127 191 1 64 454
m 127 201 1 64 454
m 127 205 1 64 454
m 127 216 1 64 454
b 178 2 266 216
m 178 54 2 266 216
m 178 202 2 266 216
m 178 226 2 266 216
b 63 2 214 292
m 63 49 2 214 292
m 63 82 2 214 292
m 63 111 2 214 292
m 63 167 2 214 292
m 63 200 2 214 292
b 102 2 387 295
b 233 3 434 215
m 233 6 3 9.75 109.99999999999999 0.3333333333333333
b 237 0 63 478
m 237 16 0 63 478
m 237 69 0 63 478
m 237 114 0 63 478
m 237 152 0 63 478
m 237 179 0 63 478
m 237 185 0 63 478
m 237 191 0 63 478
m 237 201 0 63 478
m 237 205 0 63 478
m 237 216 0 63 478
b 237 1 63 478
b 4 2 359 270
b 27 2 254 234
m 27 54 2 254 234
m 27 158 2 254 234
m 27 226 2 254 234
b 106 3 449 170
m 106 6 3 10.142857142857142 114.14285714285714 0.4191585420959184
m 106 164 3 10.142857142857142 114.14285714285714 0.4191585420959184
m 106 28 3 10.142857142857142 114.14285714285714 0.4191585420959184
b 164 0 495 169
m 164 192 0 495 169
m 164 217 0 495 169
b 164 1 495 169
m 164 192 1 495 169
m 164 217 1 495 169
b 167 0 182 362
m 167 57 0 182 362
b 167 1 182 362
m 167 57 1 182 362
b 167 3 182 362
m 167 200 3 10.0 117.33333333333333 0.3333333333333333
b 226 0 240 234
m 226 144 0 240 234
b 226 1 240 234
b 21 0 405 145
m 21 13 0 405 145
m 21 64 0 405 145
m 21 192 0 405 145
m 21 206 0 405 145
m 21 217 0 405 145
m 21 228 0 405 145
b 21 1 405 145
m 21 13 1 405 145
m 21 64 1 405 145
m 21 192 1 405 145
m 21 206 1 405 145
m 21 217 1 405 145
m 21 228 1 405 145
b 54 3 301 227
m 54 105 3 11.333333333333332 145.33333333333331 0.19811861752575047
m 54 89 3 11.333333333333332 145.33333333333331 0.19811861752575047
b 108 2 228 277
m 108 49 2 228 277
m 108 82 2 228 277
m 108 226 2 228 277
b 132 0 345 130
m 132 13 0 345 130
m 132 60 0 345 130
m 132 119 0 345 130
m 132 121 0 345 130
m 132 131 0 345 130
m 132 139 0 345 130
m 132 206 0 345 130
b 132 1 345 130
m 132 13 1 345 130
m 132 60 1 345 130
m 132 119 1 345 130
m 132 121 1 345 130
m 132 131 1 345 130
m 132 139 1 345 130
m 132 206 1 345 130
b 145 2 232 235
b 232 0 159 459
m 232 201 0 159 459
b 232 1 159 459
b 65 2 309 227
m 65 45 2 309 227
m 65 54 2 309 227
m 65 87 2 309 227
m 65 89 2 309 227
m 65 105 2 309 227
m 65 123 2 309 227
m 65 220 2 309 227
b 138 0 458 191
m 138 192 0 458 191
b 138 1 458 191
m 138 192 1 458 191
b 197 0 334 163
m 197 121 0 334 163
m 197 139 0 334 163
b 197 1 334 163
m 197 121 1 334 163
m 197 139 1 334 163
b 21 3 403 144
m 21 105 3 11.375 140.875 0.817672118960002
m 21 103 3 11.375 140.875 0.817672118960002
m 21 166 3 11.375 140.875 0.817672118960002
m 21 190 3 11.375 140.875 0.817672118960002
m 21 206 3 11.375 140.875 0.817672118960002
m 21 59 3 11.375 140.875 0.817672118960002
m 21 13 3 11.375 140.875 0.817672118960002
m 21 126 3 11.375 140.875 0.817672118960002
m 21 64 3 11.375 140.875 0.817672118960002
m 21 227 3 11.375 140.875 0.817672118960002
m 21 217 3 11.375 140.875 0.817672118960002
m 21 228 3 11.375 140.875 0.817672118960002
b 80 3 225 441
m 80 91 3 10.0 118.33333333333336 0.3333333333333333
b 28 0 497 219
b 28 1 497 219
b 62 3 125 360
m 62 200 3 10.666666666666666 125.33333333333336 0.3151076326773968
m 62 53 3 10.666666666666666 125.33333333333336 0.3151076326773968
b 94 2 331 308
m 94 87 2 331 308
b 138 3 458 193
m 138 6 3 10.25 114.99999999999999 0.3153243970666413
m 138 59 3 10.25 114.99999999999999 0.3153243970666413
m 138 192 3 10.25 114.99999999999999 0.3153243970666413
b 49 2 196 280
m 49 56 2 196 280
m 49 111 2 196 280
m 49 156 2 196 280
m 49 167 2 196 280
b 56 0 173 345
m 56 2 0 173 345
m 56 57 0 173 345
b 56 1 173 345
m 56 2 1 173 345
m 56 57 1 173 345
b 56 3 173 345
m 56 200 3 10.166666666666666 118.5 0.25
m 56 2 3 10.166666666666666 118.5 0.25
b 107 3 469 332
b 108 0 232 277
b 133 2 256 275
m 133 226 2 256 275
b 146 3 467 220
m 146 164 3 9.714285714285715 111.14285714285715 0.3333333333333333
b 202 0 265 158
m 202 36 0 265 158
m 202 136 0 265 158
m 202 139 0 265 158
m 202 142 0 265 158
m 202 144 0 265 158
m 202 160 0 265 158
m 202 235 0 265 158
b 202 1 265 158
m 202 36 1 265 158
m 202 136 1 265 158
m 202 139 1 265 158
m 202 142 1 265 158
m 202 144 1 265 158
m 202 160 1 265 158
m 202 235 1 265 158
b 33 2 466 432
b 67 3 402 140
m 67 190 3 11.142857142857144 134.0 0.6981299523010405
m 67 206 3 11.142857142857144 134.0 0.6981299523010405
m 67 59 3 11.142857142857144 134.0 0.6981299523010405
m 67 13 3 11.142857142857144 134.0 0.6981299523010405
m 67 126 3 11.142857142857144 134.0 0.6981299523010405
m 67 227 3 11.142857142857144 134.0 0.6981299523010405
m 67 105 3 11.142857142857144 134.0 0.6981299523010405
m 67 228 3 11.142857142857144 134.0 0.6981299523010405
b 82 2 206 315
m 82 56 2 206 315
m 82 111 2 206 315
m 82 167 2 206 315
b 134 3 226 361
b 154 3 474 236
m 154 28 3 9.571428571428573 110.42857142857143 0.5
m 154 6 3 9.571428571428573 110.42857142857143 0.5
b 30 0 83 254
m 30 19 0 83 254
m 30 130 0 83 254
m 30 148 0 83 254
m 30 196 0 83 254
m 30 204 0 83 254
m 30 229 0 83 254
m 30 230 0 83 254
b 30 1 83 254
m 30 19 1 83 254
m 30 130 1 83 254
m 30 148 1 83 254
m 30 196 1 83 254
m 30 204 1 83 254
m 30 229 1 83 254
m 30 230 1 83 254
b 133 0 260 275
b 158 0 223 194
m 158 5 0 223 194
m 158 81 0 223 194
m 158 144 0 223 194
m 158 153 0 223 194
b 158 1 223 194
m 158 5 1 223 194
m 158 81 1 223 194
m 158 144 1 223 194
m 158 153 1 223 194
b 162 2 433 304
b 166 0 469 138
b 166 1 469 138
b 89 3 323 150
m 89 202 3 11.571428571428571 145.28571428571428 0.20251257270257303
m 89 132 3 11.571428571428571 145.28571428571428 0.20251257270257303
b 108 1 237 276
b 108 3 237 276
m 108 226 3 11.333333333333334 152.0 0.5
m 108 178 3 11.333333333333334 152.0 0.5
b 145 3 224 231
m 145 178 3 11.5 152.83333333333334 0.3333333333333333
b 200 2 200 374
m 200 56 2 200 374
m 200 62 2 200 374
m 200 170 2 200 374
m 200 182 2 200 374
m 200 198 2 200 374
b 201 3 88 442
m 201 237 3 11.285714285714285 133.85714285714286 0.4601802633993187
m 201 110 3 11.285714285714285 133.85714285714286 0.4601802633993187
m 201 57 3 11.285714285714285 133.85714285714286 0.4601802633993187
m 201 114 3 11.285714285714285 133.85714285714286 0.4601802633993187
m 201 16 3 11.285714285714285 133.85714285714286 0.4601802633993187
m 201 152 3 11.285714285714285 133.85714285714286 0.4601802633993187
b 220 2 350 209
m 220 0 2 350 209
m 220 45 2 350 209
m 220 89 2 350 209
m 220 105 2 350 209
m 220 197 2 350 209
m 220 231 2 350 209
b 91 3 179 437
m 91 104 3 9.142857142857142 103.71428571428575 0.07653631943434312
b 117 0 35 420
m 117 135 0 35 420
b 117 1 35 420
m 117 69 1 35 420
m 117 135 1 35 420
b 206 0 400 114
m 206 131 0 400 114
m 206 169 0 400 114
b 206 1 400 114
m 206 131 1 400 114
m 206 169 1 400 114
b 39 0 117 251
m 39 19 0 117 251
m 39 229 0 117 251
m 39 230 0 117 251
b 39 1 117 251
m 39 19 1 117 251
m 39 229 1 117 251
m 39 230 1 117 251
b 54 2 290 231
m 54 45 2 290 231
m 54 89 2 290 231
b 68 0 453 194
b 68 1 453 194
b 114 0 74 470
b 114 1 74 470
m 114 69 1 74 470
b 185 0 22 486
b 185 1 22 486
m 185 69 1 22 486
b 208 3 272 322
b 217 0 478 98
m 217 72 0 478 98
b 217 1 478 98
m 217 72 1 478 98
b 45 0 286 197
m 45 142 0 286 197
b 45 1 286 197
m 45 142 1 286 197
b 201 0 89 439
b 201 1 89 439
m 201 69 1 89 439
b 231 0 398 149
b 231 1 398 149
b 64 0 447 62
m 64 101 0 447 62
m 64 151 0 447 62
m 64 165 0 447 62
m 64 169 0 447 62
b 64 1 447 62
b 68 3 453 196
m 68 192 3 9.625 109.37499999999999 0.5
m 68 231 3 9.625 109.37499999999999 0.5
b 87 3 350 285
b 103 0 346 98
m 103 137 0 346 98
m 103 169 0 346 98
b 103 1 346 98
m 103 137 1 346 98
m 103 169 1 346 98
b 133 1 265 275
b 133 3 265 275
m 133 226 3 11.333333333333334 152.0 0.5
m 133 178 3 11.333333333333334 152.0 0.5
b 200 3 202 377
b 223 3 431 182
m 223 231 3 9.428571428571429 110.0 1.0
b 226 2 246 247
b 0 3 389 169
m 0 132 3 10.428571428571429 130.42857142857142 0.3333333333333333
b 24 0 107 241
m 24 19 0 107 241
m 24 44 0 107 241
m 24 229 0 107 241
m 24 230 0 107 241
b 24 1 107 241
b 24 3 107 241
m 24 39 3 11.714285714285715 149.14285714285714 0.15630960069459315
m 24 229 3 11.714285714285715 149.14285714285714 0.15630960069459315
b 57 0 126 413
b 57 1 126 413
b 126 3 407 150
b 131 0 346 90
m 131 34 0 346 90
m 131 47 0 346 90
m 131 118 0 346 90
m 131 137 0 346 90
m 131 169 0 346 90
b 131 1 346 90
m 131 34 1 346 90
m 131 47 1 346 90
m 131 118 1 346 90
m 131 137 1 346 90
m 131 169 1 346 90
b 164 3 495 162
b 179 0 31 430
b 179 1 31 430
m 179 69 1 31 430
b 206 3 401 119
m 206 131 3 10.666666666666666 128.0 0.2
m 206 169 3 10.666666666666666 128.0 0.2
b 228 0 397 132
m 228 169 0 397 132
b 228 1 397 132
m 228 169 1 397 132
b 238 0 101 355
m 238 135 0 101 355
m 238 229 0 101 355
b 238 1 101 355
m 238 135 1 101 355
m 238 229 1 101 355
b 167 2 199 363
b 211 0 73 223
m 211 3 0 73 223
m 211 19 0 73 223
m 211 90 0 73 223
m 211 148 0 73 223
m 211 183 0 73 223
m 211 196 0 73 223
m 211 204 0 73 223
m 211 230 0 73 223
b 211 1 73 223
m 211 3 1 73 223
m 211 19 1 73 223
m 211 90 1 73 223
m 211 148 1 73 223
m 211 183 1 73 223
m 211 196 1 73 223
m 211 204 1 73 223
m 211 230 1 73 223
b 217 3 483 98
b 75 0 240 137
m 75 122 0 240 137
m 75 141 0 240 137
b 75 1 240 137
m 75 122 1 240 137
m 75 141 1 240 137
b 134 2 235 352
b 168 3 413 304
b 224 0 407 190
b 224 1 407 190
b 227 0 437 154
b 227 1 437 154
b 16 0 35 403
b 16 1 35 403
m 16 69 1 35 403
b 64 3 450 59
b 89 2 318 142
m 89 0 2 318 142
m 89 132 2 318 142
m 89 139 2 318 142
m 89 142 2 318 142
m 89 197 2 318 142
m 89 231 2 318 142
b 123 3 369 271
b 168 2 414 304
b 190 0 376 81
m 190 137 0 376 81
m 190 169 0 376 81
b 190 1 376 81
m 190 137 1 376 81
m 190 169 1 376 81
b 191 0 59 457
b 191 1 59 457
b 105 3 382 216
m 105 231 3 10.0 125.14285714285712 0.5
m 105 197 3 10.0 125.14285714285712 0.5
b 119 0 322 47
m 119 34 0 322 47
m 119 47 0 322 47
m 119 76 0 322 47
m 119 118 0 322 47
m 119 137 0 322 47
m 119 169 0 322 47
m 119 203 0 322 47
m 119 212 0 322 47
b 119 1 322 47
m 119 34 1 322 47
m 119 47 1 322 47
m 119 76 1 322 47
m 119 118 1 322 47
m 119 137 1 322 47
m 119 169 1 322 47
m 119 203 1 322 47
m 119 212 1 322 47
b 121 0 311 66
m 121 34 0 311 66
m 121 47 0 311 66
m 121 73 0 311 66
m 121 118 0 311 66
m 121 122 0 311 66
m 121 137 0 311 66
m 121 141 0 311 66
m 121 212 0 311 66
b 121 1 311 66
m 121 34 1 311 66
m 121 47 1 311 66
m 121 73 1 311 66
m 121 118 1 311 66
m 121 122 1 311 66
m 121 137 1 311 66
m 121 141 1 311 66
m 121 212 1 311 66
b 205 0 23 452
b 205 1 23 452
m 205 69 1 23 452
b 224 3 406 191
m 224 231 3 9.5 108.99999999999999 1.0
b 7 2 233 400
m 7 25 2 233 400
m 7 66 2 233 400
m 7 80 2 233 400
m 7 91 2 233 400
m 7 104 2 233 400
m 7 170 2 233 400
b 9 2 186 405
m 9 25 2 186 405
m 9 66 2 186 405
m 9 70 2 186 405
m 9 80 2 186 405
m 9 91 2 186 405
m 9 104 2 186 405
m 9 170 2 186 405
m 9 182 2 186 405
m 9 198 2 186 405
m 9 232 2 186 405
b 105 2 382 217
b 139 0 265 152
m 139 47 0 265 152
m 139 122 0 265 152
m 139 141 0 265 152
b 139 1 265 152
m 139 47 1 265 152
m 139 122 1 265 152
m 139 141 1 265 152
b 152 0 78 407
b 152 1 78 407
b 156 0 168 258
m 156 44 0 168 258
b 156 1 168 258
m 156 44 1 168 258
b 87 2 348 293
m 87 194 2 348 293
b 127 3 40 452
m 127 179 3 10.714285714285714 123.57142857142857 0.22505006214814302
m 127 117 3 10.714285714285714 123.57142857142857 0.22505006214814302
b 229 0 115 316
m 229 84 0 115 316
b 229 1 115 316
m 229 84 1 115 316
b 221 0 93 221
m 221 44 0 93 221
b 221 1 93 221
m 221 44 1 93 221
b 6 3 490 210
b 13 0 418 120
b 13 1 418 120
b 53 3 114 433
m 53 191 3 10.428571428571427 120.14285714285714 0.2
m 53 117 3 10.428571428571427 120.14285714285714 0.2
b 60 0 398 64
m 60 34 0 398 64
m 60 101 0 398 64
m 60 137 0 398 64
m 60 151 0 398 64
b 60 1 398 64
m 60 34 1 398 64
m 60 101 1 398 64
m 60 137 1 398 64
m 60 151 1 398 64
b 81 0 166 182
m 81 41 0 166 182
m 81 44 0 166 182
m 81 71 0 166 182
m 81 88 0 166 182
b 81 1 166 182
m 81 41 1 166 182
m 81 44 1 166 182
m 81 71 1 166 182
m 81 88 1 166 182
b 198 2 139 356
b 202 2 253 143
b 114 3 80 482
m 114 179 3 10.75 123.25 0.22356316910863921
m 114 117 3 10.75 123.25 0.22356316910863921
b 230 0 78 239
m 230 44 0 78 239
m 230 90 0 78 239
m 230 183 0 78 239
m 230 189 0 78 239
m 230 215 0 78 239
m 230 219 0 78 239
b 230 1 78 239
m 230 44 1 78 239
m 230 90 1 78 239
m 230 183 1 78 239
m 230 189 1 78 239
m 230 215 1 78 239
m 230 219 1 78 239
b 132 3 321 133
b 216 0 67 492
b 216 1 67 492
b 2 0 124 355
b 2 1 124 355
b 53 0 115 436
b 53 1 115 436
b 135 0 42 312
m 135 8 0 42 312
m 135 18 0 42 312
m 135 84 0 42 312
b 135 1 42 312
m 135 8 1 42 312
m 135 18 1 42 312
m 135 84 1 42 312
b 150 2 369 275
m 150 194 2 369 275
b 166 3 484 147
b 19 0 53 243
m 19 183 0 53 243
b 19 1 53 243
m 19 183 1 53 243
b 56 2 194 337
m 56 2 2 194 337
b 104 3 159 420
m 104 232 3 8.125 90.87500000000003 1.0
b 158 2 238 181
m 158 5 2 238 181
m 158 75 2 238 181
m 158 81 2 238 181
m 158 136 2 238 181
m 158 139 2 238 181
m 158 144 2 238 181
m 158 235 2 238 181
b 13 3 423 122
m 13 60 3 10.222222222222221 125.33333333333334 1.0
b 57 3 135 422
m 57 232 3 10.125 117.625 0.5
m 57 238 3 10.125 117.625 0.5
b 59 3 428 130
b 226 3 252 260
m 226 45 3 10.0 130.85714285714286 0.5131347325660122
m 226 158 3 10.0 130.85714285714286 0.5131347325660122
b 228 3 398 145
m 228 60 3 10.222222222222221 125.33333333333334 1.0
b 122 0 264 101
m 122 37 0 264 101
m 122 73 0 264 101
b 122 1 264 101
m 122 37 1 264 101
m 122 73 1 264 101
b 144 0 190 182
m 144 41 0 190 182
m 144 88 0 190 182
b 192 0 468 158
b 192 1 468 158
b 229 3 123 317
m 229 135 3 10.625 131.625 0.3333333333333333
b 16 3 39 391
m 16 191 3 10.375 119.125 0.25
m 16 205 3 10.375 119.125 0.25
b 123 2 368 283
b 131 3 359 98
m 131 34 3 10.299999999999999 120.10000000000001 0.26155591980834697
m 131 119 3 10.299999999999999 120.10000000000001 0.26155591980834697
b 197 2 308 176
b 204 0 12 231
m 204 124 0 12 231
m 204 159 0 12 231
m 204 189 0 12 231
m 204 219 0 12 231
b 204 1 12 231
m 204 124 1 12 231
m 204 159 1 12 231
m 204 189 1 12 231
m 204 219 1 12 231
b 103 3 330 88
m 103 118 3 11.222222222222221 136.33333333333334 0.3542005957111186
m 103 34 3 11.222222222222221 136.33333333333334 0.3542005957111186
m 103 119 3 11.222222222222221 136.33333333333334 0.3542005957111186
m 103 60 3 11.222222222222221 136.33333333333334 0.3542005957111186
b 130 0 14 276
m 130 8 0 14 276
m 130 18 0 14 276
m 130 84 0 14 276
b 130 1 14 276
m 130 8 1 14 276
m 130 18 1 14 276
m 130 84 1 14 276
b 165 0 418 15
m 165 181 0 418 15
b 5 0 205 205
m 5 88 0 205 205
b 5 1 205 205
m 5 88 1 205 205
b 28 3 493 247
b 69 0 63 473
b 72 0 496 11
m 72 181 0 496 11
b 72 1 496 11
m 72 181 1 496 11
b 111 2 146 307
m 111 2 2 146 307
m 111 39 2 146 307
m 111 229 2 146 307
m 111 238 2 146 307
b 141 0 276 77
m 141 207 0 276 77
b 141 1 276 77
m 141 207 1 276 77
b 153 0 140 163
m 153 41 0 140 163
m 153 48 0 140 163
m 153 71 0 140 163
m 153 88 0 140 163
m 153 129 0 140 163
m 153 199 0 140 163
b 153 1 140 163
m 153 41 1 140 163
m 153 48 1 140 163
m 153 71 1 140 163
m 153 88 1 140 163
m 153 129 1 140 163
m 153 199 1 140 163
b 156 2 175 268
b 182 2 116 380
m 182 2 2 116 380
m 182 42 2 116 380
m 182 53 2 116 380
m 182 57 2 116 380
m 182 110 2 116 380
m 182 152 2 116 380
m 182 201 2 116 380
m 182 238 2 116 380
b 235 0 213 121
m 235 41 0 213 121
m 235 163 0 213 121
m 235 174 0 213 121
b 235 1 213 121
m 235 41 1 213 121
m 235 163 1 213 121
m 235 174 1 213 121
b 25 2 206 443
b 45 2 279 216
b 118 0 290 61
m 118 207 0 290 61
b 118 1 290 61
b 152 3 85 397
b 170 2 149 433
b 2 3 132 352
m 2 238 3 8.857142857142856 101.71428571428571 1.0
b 39 3 140 248
m 39 44 3 11.0 135.0 0.0622953779369996
b 117 3 33 444
m 117 185 3 9.875 110.125 0.07052422032466445
b 132 2 312 134
b 144 1 186 185
b 62 2 109 387
m 62 2 2 109 387
m 62 42 2 109 387
m 62 53 2 109 387
m 62 57 2 109 387
m 62 110 2 109 387
m 62 152 2 109 387
m 62 201 2 109 387
m 62 238 2 109 387
b 76 0 371 3
b 76 1 371 3
b 136 0 254 141
b 136 1 254 141
b 142 0 309 151
b 142 1 309 151
b 178 3 255 180
m 178 45 3 10.857142857142856 139.42857142857142 0.8807370915440259
m 178 5 3 10.857142857142856 139.42857142857142 0.8807370915440259
m 178 136 3 10.857142857142856 139.42857142857142 0.8807370915440259
m 178 144 3 10.857142857142856 139.42857142857142 0.8807370915440259
m 178 139 3 10.857142857142856 139.42857142857142 0.8807370915440259
m 178 158 3 10.857142857142856 139.42857142857142 0.8807370915440259
m 178 142 3 10.857142857142856 139.42857142857142 0.8807370915440259
b 202 3 246 134
m 202 75 3 11.625 145.125 0.23731156937665035
m 202 45 3 11.625 145.125 0.23731156937665035
m 202 122 3 11.625 145.125 0.23731156937665035
b 212 0 247 36
m 212 207 0 247 36
b 212 1 247 36
m 212 207 1 247 36
b 227 3 452 164
b 0 2 407 157
m 0 13 2 407 157
m 0 21 2 407 157
m 0 59 2 407 157
m 0 67 2 407 157
m 0 68 2 407 157
m 0 106 2 407 157
m 0 126 2 407 157
m 0 206 2 407 157
m 0 223 2 407 157
m 0 224 2 407 157
m 0 227 2 407 157
m 0 228 2 407 157
m 0 233 2 407 157
b 41 0 153 150
m 41 48 0 153 150
m 41 129 0 153 150
m 41 163 0 153 150
m 41 174 0 153 150
m 41 180 0 153 150
m 41 199 0 153 150
m 41 239 0 153 150
b 41 1 153 150
b 110 3 140 390
m 110 238 3 10.125 117.625 0.5
m 110 232 3 10.125 117.625 0.5
b 160 0 268 57
m 160 207 0 268 57
b 160 1 268 57
b 190 3 367 66
b 192 3 466 165
b 36 0 199 92
m 36 37 0 199 92
m 36 163 0 199 92
m 36 174 0 199 92
b 36 1 199 92
b 104 2 155 411
b 71 0 131 113
m 71 20 0 131 113
m 71 48 0 131 113
m 71 120 0 131 113
m 71 129 0 131 113
m 71 155 0 131 113
m 71 161 0 131 113
m 71 163 0 131 113
m 71 174 0 131 113
m 71 180 0 131 113
m 71 199 0 131 113
m 71 234 0 131 113
m 71 239 0 131 113
b 71 1 131 113
m 71 20 1 131 113
m 71 48 1 131 113
m 71 120 1 131 113
m 71 129 1 131 113
m 71 155 1 131 113
m 71 161 1 131 113
m 71 163 1 131 113
m 71 174 1 131 113
m 71 180 1 131 113
m 71 199 1 131 113
m 71 234 1 131 113
m 71 239 1 131 113
b 91 2 185 409
m 91 57 2 185 409
m 91 110 2 185 409
b 139 2 249 160
m 139 73 2 249 160
m 139 75 2 249 160
m 139 122 2 249 160
m 139 136 2 249 160
m 139 144 2 249 160
m 139 235 2 249 160
b 148 0 55 244
b 148 1 55 244
b 169 0 359 98
b 169 1 359 98
b 237 3 30 497
m 237 185 3 10.375 119.125 0.25
m 237 69 3 10.375 119.125 0.25
b 90 0 35 155
m 90 22 0 35 155
m 90 61 0 35 155
m 90 83 0 35 155
m 90 124 0 35 155
m 90 128 0 35 155
m 90 159 0 35 155
m 90 175 0 35 155
m 90 234 0 35 155
b 90 1 35 155
m 90 22 1 35 155
m 90 61 1 35 155
m 90 83 1 35 155
m 90 124 1 35 155
m 90 128 1 35 155
m 90 159 1 35 155
m 90 175 1 35 155
m 90 234 1 35 155
b 137 0 308 68
m 137 207 0 308 68
b 137 1 308 68
m 137 207 1 308 68
b 179 3 38 407
m 179 69 3 9.75 109.25 0.3333333333333333
b 194 2 395 314
b 44 0 143 224
b 196 0 3 269
b 196 1 3 269
b 197 3 299 180
m 197 136 3 9.125 110.62499999999999 0.6779858821396603
m 197 142 3 9.125 110.62499999999999 0.6779858821396603
m 197 139 3 9.125 110.62499999999999 0.6779858821396603
b 203 0 388 21
b 203 1 388 21
m 203 165 1 388 21
b 81 2 165 201
b 101 0 394 12
b 124 0 21 174
m 124 83 0 21 174
m 124 175 0 21 174
b 124 1 21 174
m 124 83 1 21 174
m 124 175 1 21 174
b 3 0 10 189
m 3 83 0 10 189
m 3 175 0 10 189
b 3 1 10 189
m 3 83 1 10 189
m 3 175 1 10 189
b 18 0 3 333
b 18 1 3 333
b 34 0 354 26
b 34 1 354 26
b 47 0 278 40
m 47 207 0 278 40
b 47 1 278 40
m 47 207 1 278 40
b 80 2 262 459
m 80 38 2 262 459
b 84 0 28 282
b 84 1 28 282
b 169 3 356 101
m 169 137 3 9.9 116.10000000000001 0.07493112947658402
b 231 2 425 134
m 231 13 2 425 134
m 231 21 2 425 134
m 231 59 2 425 134
m 231 67 2 425 134
m 231 106 2 425 134
m 231 126 2 425 134
m 231 131 2 425 134
m 231 169 2 425 134
m 231 192 2 425 134
m 231 206 2 425 134
m 231 223 2 425 134
m 231 224 2 425 134
m 231 227 2 425 134
m 231 228 2 425 134
m 231 233 2 425 134
b 42 2 111 397
m 42 191 2 111 397
b 69 1 75 470
b 73 0 232 95
b 73 1 232 95
b 183 0 26 185
m 183 83 0 26 185
m 183 175 0 26 185
b 183 1 26 185
m 183 83 1 26 185
m 183 175 1 26 185
b 191 3 85 450
m 191 69 3 9.499999999999998 106.25 0.07732319078947368
b 44 1 143 229
b 135 3 35 294
m 135 230 3 10.444444444444445 126.0 0.5587206689721196
m 135 30 3 10.444444444444445 126.0 0.5587206689721196
m 135 8 3 10.444444444444445 126.0 0.5587206689721196
m 135 84 3 10.444444444444445 126.0 0.5587206689721196
m 135 130 3 10.444444444444445 126.0 0.5587206689721196
b 151 0 393 54
b 229 2 140 318
b 70 2 91 422
m 70 16 2 91 422
m 70 69 2 91 422
m 70 117 2 91 422
m 70 179 2 91 422
m 70 191 2 91 422
b 122 3 282 103
m 122 121 3 11.555555555555557 142.44444444444446 0.21927592739664212
m 122 47 3 11.555555555555557 142.44444444444446 0.21927592739664212
b 231 3 429 132
b 174 0 147 61
m 174 55 0 147 61
m 174 120 0 147 61
m 174 155 0 147 61
m 174 161 0 147 61
m 174 225 0 147 61
b 174 1 147 61
m 174 55 1 147 61
m 174 120 1 147 61
m 174 155 1 147 61
m 174 161 1 147 61
m 174 180 1 147 61
m 174 225 1 147 61
m 174 239 1 147 61
b 185 3 46 459
m 185 216 3 9.0 98.33333333333333 0.0031396207810555515
b 189 0 23 213
m 189 175 0 23 213
b 189 1 23 213
m 189 175 1 23 213
b 201 2 106 407
b 88 0 164 193
b 88 1 164 193
b 118 3 277 70
m 118 207 3 11.222222222222221 136.33333333333334 -1.0
b 119 3 326 17
m 119 207 3 10.299999999999999 120.10000000000001 -1.0
b 126 2 429 177
b 142 2 320 160
b 199 0 120 131
m 199 61 0 120 131
m 199 128 0 120 131
b 199 1 120 131
m 199 61 1 120 131
m 199 128 1 120 131
b 206 2 404 153
b 233 2 406 172
m 233 109 2 406 172
m 233 192 2 406 172
b 122 2 285 104
m 122 37 2 285 104
m 122 47 2 285 104
m 122 103 2 285 104
m 122 118 2 285 104
m 122 121 2 285 104
m 122 137 2 285 104
m 122 141 2 285 104
m 122 160 2 285 104
b 5 2 218 219
m 5 88 2 218 219
b 39 2 156 245
m 39 24 2 156 245
m 39 44 2 156 245
m 39 88 2 156 245
m 39 97 2 156 245
b 57 2 151 440
m 57 191 2 151 440
b 181 0 473 61
b 215 0 91 172
b 215 1 91 172
b 232 2 209 449
m 232 38 2 209 449
b 37 0 246 54
m 37 207 0 246 54
b 37 1 246 54
b 66 2 210 496
b 101 1 386 5
m 101 165 1 386 5
b 181 1 473 62
b 205 3 55 458
m 205 216 3 9.333333333333332 106.0 1.0
b 219 0 19 188
b 219 1 19 188
b 21 2 361 115
m 21 103 2 361 115
m 21 131 2 361 115
m 21 169 2 361 115
m 21 190 2 361 115
b 60 3 428 57
m 60 76 3 9.799999999999999 116.39999999999999 1.0
m 60 101 3 9.799999999999999 116.39999999999999 1.0
m 60 151 3 9.799999999999999 116.39999999999999 1.0
m 60 165 3 9.799999999999999 116.39999999999999 1.0
m 60 181 3 9.799999999999999 116.39999999999999 1.0
m 60 203 3 9.799999999999999 116.39999999999999 1.0
b 163 0 129 91
b 163 1 129 91
b 139 3 233 167
m 139 235 3 9.749999999999998 122.49999999999999 0.5
m 139 73 3 9.749999999999998 122.49999999999999 0.5
b 151 1 384 58
b 155 0 126 49
m 155 26 0 126 49
m 155 40 0 126 49
m 155 147 0 126 49
m 155 195 0 126 49
b 155 1 126 49
m 155 26 1 126 49
m 155 40 1 126 49
m 155 147 1 126 49
m 155 195 1 126 49
b 235 2 191 126
b 152 2 99 378
m 152 16 2 99 378
m 152 179 2 99 378
b 158 3 259 162
m 158 235 3 8.875 114.625 0.014454499508901845
b 2 2 153 344
b 48 0 162 111
b 48 1 162 111
b 67 2 402 88
m 67 60 2 402 88
m 67 151 2 402 88
m 67 165 2 402 88
m 67 190 2 402 88
b 144 2 171 203
b 180 0 180 49
m 180 55 0 180 49
m 180 157 0 180 49
m 180 225 0 180 49
b 8 0 15 346
b 8 1 15 346
b 34 3 369 22
m 34 76 3 9.909090909090907 112.45454545454545 0.22688198200918552
m 34 121 3 9.909090909090907 112.45454545454545 0.22688198200918552
b 75 2 245 96
b 131 2 382 113
b 136 2 257 164
b 175 0 46 165
b 175 1 46 165
b 232 3 216 448
b 238 3 67 382
b 5 3 224 224
m 5 156 3 9.874999999999998 123.12499999999999 0.3333333333333333
b 44 3 143 243
m 44 81 3 10.333333333333334 122.77777777777777 0.05242924211804922
b 110 2 153 371
b 165 1 407 41
b 180 1 182 47
m 180 157 1 182 47
b 30 3 78 307
b 45 3 269 242
b 61 0 93 119
b 61 1 93 119
b 117 2 31 470
m 117 114 2 31 470
m 117 127 2 31 470
m 117 185 2 31 470
m 117 205 2 31 470
m 117 216 2 31 470
m 117 237 2 31 470
b 22 0 6 121
m 22 31 0 6 121
b 22 1 6 121
b 38 2 203 474
b 129 0 112 142
b 129 1 112 142
b 159 0 59 180
b 159 1 59 180
b 13 2 456 132
m 13 60 2 456 132
m 13 164 2 456 132
m 13 166 2 456 132
m 13 181 2 456 132
m 13 217 2 456 132
b 53 2 130 468
b 59 2 449 103
m 59 60 2 449 103
m 59 164 2 449 103
m 59 166 2 449 103
m 59 181 2 449 103
m 59 217 2 449 103
b 228 2 401 179
b 230 3 69 276
m 230 148 3 10.0 117.0 0.30692030594593456
m 230 19 3 10.0 117.0 0.30692030594593456
b 234 0 82 132
b 234 1 82 132
b 238 2 64 384
m 238 8 2 64 384
b 73 2 219 109
m 73 36 2 219 109
m 73 48 2 219 109
m 73 180 2 219 109
m 73 212 2 219 109
b 97 2 66 223
b 68 2 458 247
b 109 2 430 185
m 109 6 2 430 185
m 109 35 2 430 185
m 109 138 2 430 185
m 109 146 2 430 185
m 109 154 2 430 185
m 109 166 2 430 185
b 239 0 138 126
b 106 2 421 111
b 141 2 303 58
m 141 207 2 303 58
b 144 3 165 208
m 144 81 3 9.999999999999998 123.99999999999999 0.06576170283528707
b 161 0 101 34
m 161 26 0 101 34
m 161 40 0 101 34
m 161 95 0 101 34
m 161 147 0 101 34
m 161 184 0 101 34
m 161 195 0 101 34
m 161 209 0 101 34
b 161 1 101 34
m 161 26 1 101 34
m 161 40 1 101 34
m 161 95 1 101 34
m 161 147 1 101 34
m 161 184 1 101 34
m 161 195 1 101 34
m 161 209 1 101 34
b 179 2 45 382
b 191 2 105 445
b 223 2 483 180
m 223 6 2 483 180
m 223 138 2 483 180
m 223 146 2 483 180
m 223 154 2 483 180
m 223 164 2 483 180
m 223 166 2 483 180
m 223 217 2 483 180
b 75 3 245 88
m 75 37 3 11.111111111111112 134.44444444444446 0.08140205838810627
b 121 3 319 19
m 121 207 3 11.555555555555557 142.44444444444446 -1.0
b 136 3 258 172
b 142 3 333 171
b 239 1 139 127
b 84 3 26 258
m 84 221 3 10.200000000000001 119.80000000000001 0.5069884441357305
m 84 148 3 10.200000000000001 119.80000000000001 0.5069884441357305
m 84 189 3 10.200000000000001 119.80000000000001 0.5069884441357305
m 84 196 3 10.200000000000001 119.80000000000001 0.5069884441357305
b 16 2 52 356
m 16 8 2 52 356
m 16 18 2 52 356
m 16 30 2 52 356
b 26 0 27 27
m 26 1 0 27 27
m 26 12 0 27 27
m 26 31 0 27 27
m 26 58 0 27 27
m 26 95 0 27 27
m 26 173 0 27 27
m 26 184 0 27 27
m 26 209 0 27 27
b 26 1 27 27
m 26 1 1 27 27
m 26 12 1 27 27
m 26 31 1 27 27
m 26 58 1 27 27
m 26 95 1 27 27
m 26 173 1 27 27
m 26 184 1 27 27
m 26 209 1 27 27
b 83 0 22 99
m 83 1 0 22 99
m 83 31 0 22 99
b 83 1 22 99
m 83 1 1 22 99
m 83 31 1 22 99
b 118 2 261 80
b 121 2 319 16
b 130 3 4 297
m 130 18 3 9.8 115.0 0.25
b 137 3 284 85
m 137 37 3 9.272727272727273 106.36363636363636 0.07672409767941353
b 157 0 187 10
m 157 51 0 187 10
b 225 0 195 18
m 225 51 0 195 18
b 225 1 195 18
b 227 2 480 183
m 227 6 2 480 183
m 227 138 2 480 183
m 227 146 2 480 183
m 227 154 2 480 183
m 227 166 2 480 183
m 227 217 2 480 183
b 55 0 200 8
m 55 51 0 200 8
b 55 1 200 8
m 55 51 1 200 8
m 55 157 1 200 8
b 76 3 401 21
b 224 2 372 230
b 120 0 180 52
b 120 1 180 52
b 128 0 80 96
m 128 1 0 80 96
m 128 31 0 80 96
m 128 95 0 80 96
b 128 1 80 96
b 157 1 185 9
b 169 2 335 120
b 20 0 49 64
m 20 1 0 49 64
m 20 12 0 49 64
m 20 31 0 49 64
m 20 95 0 49 64
m 20 173 0 49 64
m 20 184 0 49 64
m 20 209 0 49 64
b 20 1 49 64
m 20 1 1 49 64
m 20 12 1 49 64
m 20 31 1 49 64
m 20 95 1 49 64
m 20 173 1 49 64
m 20 184 1 49 64
m 20 209 1 49 64
b 69 3 103 465
b 165 3 402 53
b 37 2 266 61
b 24 2 87 186
b 81 3 164 233
m 81 88 3 9.5 110.9 0.5
m 81 41 3 9.5 110.9 0.5
b 181 3 466 83
m 181 72 3 9.0 105.9090909090909 1.0
b 185 2 64 439
b 47 3 285 9
m 47 207 3 11.555555555555557 142.44444444444446 -1.0
b 114 2 103 470
b 165 2 401 56
m 165 34 2 401 56
m 165 76 2 401 56
m 165 101 2 401 56
m 165 203 2 401 56
b 44 2 142 260
b 137 2 278 89
b 192 2 456 204
b 203 3 417 41
b 217 2 498 144
b 8 3 24 362
m 8 18 3 9.5 113.5 1.0
b 88 2 181 215
m 88 41 2 181 215
b 216 3 43 460
b 47 2 286 6
b 164 2 480 101
b 103 2 290 62
m 103 207 2 290 62
b 212 2 204 42
b 35 2 443 246
m 35 28 2 443 246
m 35 77 2 443 246
b 73 3 207 121
m 73 48 3 9.111111111111109 110.66666666666664 0.759031420691147
m 73 36 3 9.111111111111109 110.66666666666664 0.759031420691147
m 73 120 3 9.111111111111109 110.66666666666664 0.759031420691147
b 69 2 111 463
b 19 3 53 188
m 19 124 3 10.181818181818183 119.45454545454545 0.45991946379982424
m 19 3 3 10.181818181818183 119.45454545454545 0.45991946379982424
m 19 159 3 10.181818181818183 119.45454545454545 0.45991946379982424
m 19 215 3 10.181818181818183 119.45454545454545 0.45991946379982424
m 19 175 3 10.181818181818183 119.45454545454545 0.45991946379982424
m 19 129 3 10.181818181818183 119.45454545454545 0.45991946379982424
b 138 2 460 272
m 138 28 2 460 272
m 138 77 2 460 272
b 160 2 261 11
m 160 207 2 261 11
b 181 2 463 91
b 205 2 85 463
b 30 2 75 330
m 30 230 2 75 330
b 60 2 456 51
m 60 34 2 456 51
m 60 64 2 456 51
m 60 72 2 456 51
m 60 76 2 456 51
m 60 203 2 456 51
b 101 3 361 15
m 101 207 3 9.799999999999999 116.39999999999999 -1.0
b 235 3 164 132
m 235 129 3 9.666666666666664 117.88888888888887 0.892431463499588
m 235 48 3 9.666666666666664 117.88888888888887 0.892431463499588
m 235 41 3 9.666666666666664 117.88888888888887 0.892431463499588
m 235 61 3 9.666666666666664 117.88888888888887 0.892431463499588
m 235 36 3 9.666666666666664 117.88888888888887 0.892431463499588
m 235 199 3 9.666666666666664 117.88888888888887 0.892431463499588
m 235 163 3 9.666666666666664 117.88888888888887 0.892431463499588
m 235 239 3 9.666666666666664 117.88888888888887 0.892431463499588
b 146 2 464 195
b 180 2 202 33
b 195 0 101 19
b 195 1 101 19
b 18 2 9 303
b 147 0 119 31
b 147 1 119 31
b 154 2 451 208
b 18 3 10 303
b 95 0 67 59
b 95 1 67 59
b 151 3 357 73
m 151 141 3 9.0 105.9090909090909 1.0
b 166 2 466 124
b 31 0 50 34
b 40 0 24 4
b 40 1 24 4
b 41 3 140 199
m 41 234 3 9.363636363636363 106.63636363636363 0.8783415675686027
m 41 153 3 9.363636363636363 106.63636363636363 0.8783415675686027
m 41 239 3 9.363636363636363 106.63636363636363 0.8783415675686027
m 41 199 3 9.363636363636363 106.63636363636363 0.8783415675686027
m 41 129 3 9.363636363636363 106.63636363636363 0.8783415675686027
m 41 215 3 9.363636363636363 106.63636363636363 0.8783415675686027
m 41 71 3 9.363636363636363 106.63636363636363 0.8783415675686027
b 58 0 15 13
b 58 1 15 13
b 156 3 206 313
b 190 2 343 20
m 190 207 2 343 20
b 48 2 193 115
b 127 2 26 444
b 6 2 446 259
b 37 3 281 67
m 37 207 3 11.111111111111112 134.44444444444446 -1.0
b 151 2 354 75
b 209 0 48 39
b 209 1 48 39
b 216 2 37 450
b 237 2 10 485
b 41 2 139 202
m 41 129 2 139 202
m 41 153 2 139 202
m 41 159 2 139 202
m 41 199 2 139 202
m 41 215 2 139 202
m 41 234 2 139 202
m 41 239 2 139 202
b 12 0 79 42
b 12 1 79 42
b 76 2 419 32
b 189 3 17 256
m 189 219 3 9.727272727272728 111.18181818181817 0.22659018286374605
m 189 124 3 9.727272727272728 111.18181818181817 0.22659018286374605
b 148 3 77 193
m 148 71 3 9.818181818181818 112.18181818181817 0.3895465669183993
m 148 183 3 9.818181818181818 112.18181818181817 0.3895465669183993
m 148 199 3 9.818181818181818 112.18181818181817 0.3895465669183993
m 148 204 3 9.818181818181818 112.18181818181817 0.3895465669183993
b 173 0 26 2
b 173 1 26 2
b 8 2 32 377
m 8 130 2 32 377
b 31 1 53 28
b 124 3 68 198
m 124 183 3 10.083333333333334 116.25 0.3182246442365729
m 124 22 3 10.083333333333334 116.25 0.3182246442365729
b 51 0 282 11
m 51 207 0 282 11
b 72 3 445 15
b 36 2 164 45
m 36 55 2 164 45
m 36 120 2 164 45
m 36 147 2 164 45
m 36 155 2 164 45
m 36 157 2 164 45
m 36 174 2 164 45
m 36 225 2 164 45
b 51 1 283 11
m 51 207 1 283 11
b 1 0 20 75
b 1 1 20 75
b 184 0 71 51
b 184 1 71 51
b 203 2 434 53
b 221 3 24 192
m 221 22 3 9.90909090909091 113.36363636363636 0.4509937479446771
m 221 234 3 9.90909090909091 113.36363636363636 0.4509937479446771
m 221 183 3 9.90909090909091 113.36363636363636 0.4509937479446771
m 221 153 3 9.90909090909091 113.36363636363636 0.4509937479446771
b 64 2 494 7
b 88 3 195 234
b 196 3 33 217
m 196 204 3 9.454545454545455 109.27272727272727 0.5
m 196 219 3 9.454545454545455 109.27272727272727 0.5
b 199 3 129 181
m 199 211 3 8.899999999999997 106.49999999999999 0.5
b 230 2 60 313
m 230 130 2 60 313
m 230 135 2 60 313
m 230 189 2 60 313
m 230 204 2 60 313
b 141 3 332 37
m 141 207 3 9.0 105.9090909090909 -1.0
b 175 3 33 206
m 175 211 3 9.75 111.58333333333333 0.2
m 175 204 3 9.75 111.58333333333333 0.2
b 71 3 74 141
m 71 183 3 9.083333333333334 100.75 0.6189987245450458
m 71 211 3 9.083333333333334 100.75 0.6189987245450458
m 71 128 3 9.083333333333334 100.75 0.6189987245450458
b 34 2 413 12
b 61 3 133 100
b 72 2 436 17
b 101 2 345 28
m 101 207 2 345 28
b 48 3 210 117
b 163 3 78 95
m 163 12 3 9.799999999999997 118.19999999999997 1.0
m 163 95 3 9.799999999999997 118.19999999999997 1.0
m 163 128 3 9.799999999999997 118.19999999999997 1.0
m 163 174 3 9.799999999999997 118.19999999999997 1.0
m 163 184 3 9.799999999999997 118.19999999999997 1.0
m 163 195 3 9.799999999999997 118.19999999999997 1.0
m 163 211 3 9.799999999999997 118.19999999999997 1.0
b 77 2 415 260
b 199 2 130 188
b 157 2 148 6
m 157 195 2 148 6
b 3 3 50 242
b 215 3 146 190
b 129 3 92 187
m 129 211 3 9.416666666666668 109.58333333333333 1.0
b 153 3 61 163
m 153 211 3 8.666666666666668 97.83333333333333 1.0
b 234 3 93 180
b 239 3 162 166
b 174 2 97 21
b 28 2 476 326
m 28 100 2 476 326
b 36 3 154 32
m 36 128 3 9.2 109.59999999999998 1.0
m 36 147 3 9.2 109.59999999999998 1.0
m 36 155 3 9.2 109.59999999999998 1.0
m 36 157 3 9.2 109.59999999999998 1.0
m 36 174 3 9.2 109.59999999999998 1.0
m 36 180 3 9.2 109.59999999999998 1.0
m 36 195 3 9.2 109.59999999999998 1.0
m 36 212 3 9.2 109.59999999999998 1.0
m 36 225 3 9.2 109.59999999999998 1.0
b 120 3 219 67
m 120 155 3 8.7 102.09999999999998 0.9332121313755679
m 120 212 3 8.7 102.09999999999998 0.9332121313755679
m 120 225 3 8.7 102.09999999999998 0.9332121313755679
m 120 180 3 8.7 102.09999999999998 0.9332121313755679
b 155 2 178 23
m 155 195 2 178 23
b 159 3 105 205
b 153 2 58 163
b 234 2 93 183
b 22 3 18 175
m 22 90 3 9.384615384615385 107.38461538461539 1.0
b 135 2 8 228
b 204 3 72 234
b 215 2 153 193
b 225 2 178 63
b 55 2 248 12
b 130 2 9 346
b 239 2 166 172
m 239 61 2 166 172
b 129 2 88 195
b 219 3 86 183
b 159 2 112 209
m 159 3 2 112 209
m 159 19 2 112 209
m 159 71 2 112 209
m 159 124 2 112 209
m 159 148 2 112 209
m 159 175 2 112 209
m 159 196 2 112 209
m 159 219 2 112 209
b 174 3 90 15
m 174 147 3 9.545454545454543 111.90909090909089 0.47650676506765066
b 183 3 66 120
b 204 2 79 233
m 204 3 2 79 233
m 204 84 2 79 233
m 204 124 2 79 233
m 204 148 2 79 233
m 204 175 2 79 233
m 204 196 2 79 233
m 204 219 2 79 233
b 189 2 13 289
b 211 3 49 117
m 211 83 3 8.454545454545451 98.27272727272725 0.7578111228626829
m 211 90 3 8.454545454545451 98.27272727272725 0.7578111228626829
m 211 1 3 8.454545454545451 98.27272727272725 0.7578111228626829
b 157 3 131 4
m 157 161 3 8.454545454545455 99.7272727272727 1.0
b 95 3 86 94
m 95 83 3 9.27272727272727 108.90909090909089 0.25
b 147 2 160 29
m 147 12 2 160 29
b 12 3 113 56
m 12 58 3 9.363636363636362 109.7272727272727 0.2
m 12 31 3 9.363636363636362 109.7272727272727 0.2
b 100 2 420 387
b 120 2 234 72
b 212 3 154 48
b 155 3 193 16
m 155 55 3 8.454545454545455 99.7272727272727 1.0
b 124 2 103 216
b 128 3 142 88
b 180 3 243 3
m 180 55 3 8.545454545454545 99.99999999999997 0.5
m 180 160 3 8.545454545454545 99.99999999999997 0.5
b 195 3 113 68
b 225 3 172 79
b 71 2 43 156
m 71 1 2 43 156
m 71 22 2 43 156
m 71 90 2 43 156
m 71 163 2 43 156
m 71 183 2 43 156
m 71 211 2 43 156
m 71 221 2 43 156
b 184 3 102 76
b 195 2 114 71
b 61 2 164 85
m 61 95 2 164 85
m 61 128 2 164 85
m 61 184 2 164 85
b 90 3 18 154
m 90 209 3 8.785714285714285 99.78571428571428 1.0
b 175 2 20 243
b 19 2 53 129
b 147 3 177 28
b 84 2 21 180
m 84 22 2 21 180
m 84 90 2 21 180
m 84 221 2 21 180
b 58 3 61 52
m 58 20 3 8.999999999999996 102.66666666666664 0.20580381105743425
m 58 209 3 8.999999999999996 102.66666666666664 0.20580381105743425
b 3 2 74 273
b 12 2 132 65
m 12 58 2 132 65
m 12 95 2 132 65
m 12 128 2 132 65
m 12 184 2 132 65
b 219 2 116 181
b 55 3 282 15
m 55 51 3 7.833333333333333 91.49999999999997 1.0
b 148 2 100 139
b 161 3 38 23
m 161 20 3 8.083333333333334 92.74999999999997 1.0
m 161 26 3 8.083333333333334 92.74999999999997 1.0
m 161 40 3 8.083333333333334 92.74999999999997 1.0
m 161 173 3 8.083333333333334 92.74999999999997 1.0
b 1 3 10 121
b 83 3 54 20
m 83 40 3 8.08333333333333 91.41666666666664 0.7802364363611445
m 83 26 3 8.08333333333333 91.41666666666664 0.7802364363611445
m 83 173 3 8.08333333333333 91.41666666666664 0.7802364363611445
m 83 20 3 8.08333333333333 91.41666666666664 0.7802364363611445
b 31 3 42 9
m 31 40 3 8.916666666666664 101.91666666666664 0.15672998780983344
b 196 2 60 170
b 22 2 28 216
b 163 2 26 100
b 90 2 25 172
b 95 2 102 124
b 211 2 40 82
b 209 3 14 105
b 183 2 89 83
b 1 2 21 127
m 1 209 2 21 127
b 26 3 35 49
b 160 3 327 30
m 160 207 3 8.545454545454545 99.99999999999997 -1.0
b 221 2 15 222
b 58 2 77 66
m 58 20 2 77 66
m 58 26 2 77 66
m 58 31 2 77 66
m 58 40 2 77 66
m 58 83 2 77 66
m 58 161 2 77 66
m 58 173 2 77 66
m 58 209 2 77 66
b 128 2 179 83
b 184 2 129 97
b 173 3 46 38
b 51 3 364 24
m 51 207 3 7.833333333333333 91.49999999999997 -1.0
b 20 3 56 40
b 26 2 45 62
b 40 3 60 48
b 209 2 2 128
b 173 2 58 49
b 31 2 4 21
b 161 2 0 43
b 83 2 84 5
b 40 2 73 57
b 20 2 76 32
