Key: 
t: node change direction (node id, x, y, new direction)
s: node start location (node id, x, y, start direction, buffer)
m: message transfer (sender id, target id, messageType, sender x, sender y
b: broadcast (node id, message type, x, y)
113 187 345 340
s 0 91 246 307 0
s 1 161 342 22 0
s 2 229 26 316 0
s 3 127 463 138 0
s 4 53 144 277 0
s 5 231 426 177 0
s 6 371 32 156 0
s 7 152 289 349 0
s 8 318 101 181 0
s 9 94 84 117 0
s 10 190 82 142 0
s 11 150 451 108 0
s 12 307 405 74 0
s 13 316 167 147 0
s 14 431 184 99 0
s 15 116 346 326 0
s 16 349 362 113 0
s 17 456 427 12 0
s 18 281 302 72 0
s 19 251 498 47 0
s 20 70 396 78 0
s 21 296 152 355 0
s 22 124 352 219 0
s 23 244 382 267 0
s 24 465 151 97 0
s 25 77 483 255 0
s 26 74 54 203 0
s 27 201 22 217 0
s 28 362 346 219 0
s 29 418 369 246 0
s 30 174 245 12 0
s 31 246 212 42 0
s 32 473 394 151 0
s 33 445 321 300 0
s 34 396 137 106 0
s 35 83 270 23 0
s 36 182 359 179 0
s 37 21 184 162 0
s 38 348 388 273 0
s 39 392 479 175 0
s 40 98 175 276 0
s 41 401 164 352 0
s 42 172 279 244 0
s 43 361 272 0 0
s 44 182 195 293 0
s 45 113 282 356 0
s 46 257 325 12 0
s 47 272 286 313 0
s 48 468 123 145 0
s 49 375 273 97 0
s 50 288 118 276 0
s 51 113 187 335 0
s 52 33 75 205 0
s 53 432 216 106 0
s 54 153 345 325 0
s 55 415 51 37 0
s 56 425 110 113 0
s 57 316 401 260 0
s 58 457 13 36 0
s 59 98 219 91 0
s 60 240 381 68 0
s 61 179 16 176 0
s 62 256 109 237 0
s 63 11 294 265 0
s 64 437 199 195 0
s 65 71 326 160 0
s 66 172 132 229 0
s 67 467 367 66 0
s 68 282 245 91 0
s 69 276 427 166 0
s 70 272 221 24 0
s 71 93 217 26 0
s 72 92 394 99 0
s 73 133 88 184 0
s 74 487 403 135 0
s 75 40 447 296 0
s 76 82 128 212 0
s 77 103 459 295 0
s 78 396 366 117 0
s 79 171 41 93 0
s 80 212 368 273 0
s 81 257 186 236 0
s 82 465 45 326 0
s 83 206 396 123 0
s 84 454 145 295 0
s 85 283 83 162 0
s 86 199 308 351 0
s 87 440 207 240 0
s 88 306 473 103 0
s 89 102 128 248 0
s 90 272 495 42 0
s 91 120 53 169 0
s 92 257 492 136 0
s 93 245 0 212 0
s 94 450 127 88 0
s 95 294 164 272 0
s 96 156 457 86 0
s 97 170 317 314 0
s 98 13 218 293 0
s 99 5 165 40 0
s 100 156 469 111 0
s 101 394 63 347 0
s 102 28 230 311 0
s 103 22 87 228 0
s 104 3 443 273 0
s 105 437 433 255 0
s 106 38 451 224 0
s 107 478 66 156 0
s 108 495 210 189 0
s 109 330 45 212 0
s 110 210 269 288 0
s 111 156 18 344 0
s 112 384 352 167 0
s 113 194 32 333 0
s 114 71 122 117 0
s 115 463 41 275 0
s 116 396 368 341 0
s 117 223 59 149 0
s 118 252 256 12 0
s 119 111 0 34 0
s 120 319 61 44 0
s 121 255 282 354 0
s 122 123 249 277 0
s 123 362 54 180 0
s 124 367 113 255 0
s 125 43 92 163 0
s 126 295 250 123 0
s 127 341 462 312 0
s 128 168 238 112 0
s 129 286 310 18 0
s 130 310 300 178 0
s 131 286 114 74 0
s 132 271 433 181 0
s 133 473 202 299 0
s 134 264 156 280 0
s 135 382 177 279 0
s 136 104 393 157 0
s 137 173 299 268 0
s 138 277 91 213 0
s 139 281 200 172 0
s 140 184 360 18 0
s 141 474 91 340 0
s 142 36 266 300 0
s 143 268 285 252 0
s 144 257 334 181 0
s 145 431 110 84 0
s 146 95 419 33 0
s 147 93 276 128 0
s 148 262 357 101 0
s 149 83 355 314 0
s 150 311 332 177 0
s 151 442 470 29 0
s 152 242 328 265 0
s 153 313 279 1 0
s 154 98 290 197 0
s 155 158 71 298 0
s 156 376 225 265 0
s 157 149 364 35 0
s 158 190 50 255 0
s 159 396 23 96 0
s 160 373 383 18 0
s 161 385 417 168 0
s 162 266 173 76 0
s 163 109 382 168 0
s 164 392 41 295 0
s 165 345 340 101 0
s 166 160 488 322 0
s 167 412 141 321 0
s 168 15 228 153 0
s 169 465 137 295 0
s 170 363 380 240 0
s 171 240 354 49 0
s 172 113 208 17 0
s 173 415 320 181 0
s 174 238 95 9 0
s 175 380 423 119 0
s 176 137 141 122 0
s 177 446 266 34 0
s 178 204 281 249 0
s 179 473 234 192 0
s 180 495 396 144 0
s 181 238 331 313 0
s 182 212 77 87 0
s 183 331 184 352 0
s 184 266 451 116 0
s 185 154 214 303 0
s 186 499 182 98 0
s 187 5 289 333 0
s 188 414 206 302 0
s 189 418 215 245 0
s 190 7 20 165 0
s 191 403 293 167 0
s 192 155 123 258 0
s 193 7 21 333 0
s 194 401 329 68 0
s 195 437 156 131 0
s 196 347 73 308 0
s 197 236 172 121 0
s 198 327 290 221 0
s 199 119 397 188 0
s 200 111 497 309 0
s 201 373 195 208 0
s 202 451 113 264 0
s 203 323 57 9 0
s 204 486 1 284 0
s 205 423 218 249 0
s 206 381 359 319 0
s 207 460 499 11 0
s 208 46 343 302 0
s 209 152 119 85 0
s 210 305 208 23 0
s 211 177 389 357 0
s 212 406 391 87 0
s 213 334 373 338 0
s 214 94 320 223 0
s 215 356 489 43 0
s 216 456 41 351 0
s 217 221 383 163 0
s 218 187 444 165 0
s 219 122 380 19 0
s 220 52 310 191 0
s 221 237 22 130 0
s 222 333 496 292 0
s 223 323 358 47 0
s 224 129 317 265 0
s 225 24 68 87 0
s 226 183 401 272 0
s 227 491 72 218 0
s 228 415 201 76 0
s 229 48 24 311 0
s 230 324 161 89 0
s 231 127 442 119 0
s 232 49 84 167 0
s 233 193 96 327 0
s 234 102 293 141 0
s 235 297 67 238 0
s 236 418 150 226 0
s 237 470 252 54 0
s 238 41 16 207 0
s 239 450 164 143 0
b 51 0 115 186
m 51 0 0 115 186
m 51 40 0 115 186
m 51 44 0 115 186
m 51 59 0 115 186
m 51 71 0 115 186
m 51 76 0 115 186
m 51 89 0 115 186
m 51 122 0 115 186
m 51 128 0 115 186
m 51 172 0 115 186
m 51 176 0 115 186
m 51 185 0 115 186
b 51 1 115 186
m 51 0 1 115 186
m 51 40 1 115 186
m 51 44 1 115 186
m 51 59 1 115 186
m 51 71 1 115 186
m 51 76 1 115 186
m 51 89 1 115 186
m 51 122 1 115 186
m 51 128 1 115 186
m 51 172 1 115 186
m 51 176 1 115 186
m 51 185 1 115 186
b 51 2 115 186
m 51 0 2 115 186
m 51 40 2 115 186
m 51 44 2 115 186
m 51 59 2 115 186
m 51 71 2 115 186
m 51 76 2 115 186
m 51 89 2 115 186
m 51 122 2 115 186
m 51 128 2 115 186
m 51 172 2 115 186
m 51 176 2 115 186
m 51 185 2 115 186
b 51 3 115 186
m 51 0 3 12.0 144.0 1.0
m 51 40 3 12.0 144.0 1.0
m 51 44 3 12.0 144.0 1.0
m 51 59 3 12.0 144.0 1.0
m 51 71 3 12.0 144.0 1.0
m 51 76 3 12.0 144.0 1.0
m 51 89 3 12.0 144.0 1.0
m 51 122 3 12.0 144.0 1.0
m 51 128 3 12.0 144.0 1.0
m 51 172 3 12.0 144.0 1.0
m 51 176 3 12.0 144.0 1.0
m 51 185 3 12.0 144.0 1.0
b 0 0 93 244
m 0 35 0 93 244
m 0 45 0 93 244
m 0 102 0 93 244
m 0 142 0 93 244
m 0 147 0 93 244
m 0 154 0 93 244
m 0 214 0 93 244
m 0 234 0 93 244
b 0 1 93 244
m 0 35 1 93 244
m 0 45 1 93 244
m 0 102 1 93 244
m 0 142 1 93 244
m 0 147 1 93 244
m 0 154 1 93 244
m 0 214 1 93 244
m 0 234 1 93 244
b 0 2 93 244
m 0 35 2 93 244
m 0 45 2 93 244
m 0 102 2 93 244
m 0 142 2 93 244
m 0 147 2 93 244
m 0 154 2 93 244
m 0 214 2 93 244
m 0 234 2 93 244
b 0 3 93 244
m 0 35 3 10.666666666666666 117.33333333333333 0.6363636363636365
m 0 214 3 10.666666666666666 117.33333333333333 0.6363636363636365
m 0 102 3 10.666666666666666 117.33333333333333 0.6363636363636365
m 0 142 3 10.666666666666666 117.33333333333333 0.6363636363636365
m 0 234 3 10.666666666666666 117.33333333333333 0.6363636363636365
m 0 154 3 10.666666666666666 117.33333333333333 0.6363636363636365
b 40 0 98 172
m 40 4 0 98 172
m 40 114 0 98 172
m 40 209 0 98 172
b 40 1 98 172
b 40 2 98 172
m 40 4 2 98 172
m 40 114 2 98 172
m 40 209 2 98 172
b 40 3 98 172
m 40 4 3 9.0 99.0 0.3333333333333333
b 44 0 183 193
m 44 30 0 183 193
m 44 31 0 183 193
m 44 66 0 183 193
m 44 81 0 183 193
m 44 197 0 183 193
b 44 1 183 193
m 44 30 1 183 193
m 44 31 1 183 193
m 44 66 1 183 193
m 44 81 1 183 193
m 44 197 1 183 193
b 44 2 183 193
m 44 30 2 183 193
m 44 31 2 183 193
m 44 66 2 183 193
m 44 81 2 183 193
m 44 197 2 183 193
b 44 3 183 193
m 44 30 3 9.666666666666666 104.33333333333333 0.2
m 44 81 3 9.666666666666666 104.33333333333333 0.2
b 59 0 98 222
b 59 1 98 222
b 59 2 98 222
b 59 3 98 222
m 59 147 3 8.666666666666666 97.33333333333333 0.5
m 59 45 3 8.666666666666666 97.33333333333333 0.5
b 71 0 96 218
b 71 1 96 218
b 71 2 96 218
b 71 3 96 218
b 76 0 80 127
m 76 9 0 80 127
m 76 26 0 80 127
m 76 52 0 80 127
m 76 73 0 80 127
m 76 103 0 80 127
m 76 125 0 80 127
m 76 232 0 80 127
b 76 1 80 127
m 76 4 1 80 127
m 76 9 1 80 127
m 76 26 1 80 127
m 76 52 1 80 127
m 76 73 1 80 127
m 76 103 1 80 127
m 76 114 1 80 127
m 76 125 1 80 127
m 76 209 1 80 127
m 76 232 1 80 127
b 76 2 80 127
m 76 9 2 80 127
m 76 26 2 80 127
m 76 52 2 80 127
m 76 73 2 80 127
m 76 103 2 80 127
m 76 125 2 80 127
m 76 232 2 80 127
b 76 3 80 127
m 76 26 3 11.0 123.0 0.7658402203856749
m 76 209 3 11.0 123.0 0.7658402203856749
m 76 103 3 11.0 123.0 0.7658402203856749
m 76 52 3 11.0 123.0 0.7658402203856749
m 76 73 3 11.0 123.0 0.7658402203856749
m 76 232 3 11.0 123.0 0.7658402203856749
m 76 125 3 11.0 123.0 0.7658402203856749
b 89 0 101 125
m 89 91 0 101 125
m 89 192 0 101 125
b 89 1 101 125
m 89 91 1 101 125
m 89 192 1 101 125
b 89 2 101 125
m 89 91 2 101 125
m 89 192 2 101 125
b 89 3 101 125
m 89 91 3 9.666666666666666 104.33333333333333 0.2
m 89 66 3 9.666666666666666 104.33333333333333 0.2
b 122 0 123 246
m 122 7 0 123 246
m 122 42 0 123 246
m 122 137 0 123 246
m 122 224 0 123 246
b 122 1 123 246
m 122 7 1 123 246
m 122 42 1 123 246
m 122 137 1 123 246
m 122 224 1 123 246
b 122 2 123 246
b 122 3 123 246
m 122 7 3 9.333333333333334 101.33333333333333 0.25
m 122 137 3 9.333333333333334 101.33333333333333 0.25
b 128 0 167 241
m 128 110 0 167 241
m 128 178 0 167 241
b 128 1 167 241
m 128 110 1 167 241
m 128 178 1 167 241
b 128 2 167 241
b 128 3 167 241
m 128 42 3 9.0 99.0 0.3333333333333333
b 172 0 116 209
b 172 1 116 209
b 172 2 116 209
b 172 3 116 209
b 176 0 135 144
b 176 1 135 144
b 176 2 135 144
b 176 3 135 144
m 176 9 3 9.0 99.0 0.3333333333333333
b 185 0 155 212
b 185 1 155 212
b 185 2 155 212
b 185 3 155 212
b 4 0 54 140
m 4 37 0 54 140
m 4 99 0 54 140
m 4 225 0 54 140
b 4 1 54 140
m 4 37 1 54 140
m 4 99 1 54 140
m 4 225 1 54 140
b 4 2 54 140
b 4 3 54 140
m 4 99 3 7.75 78.25 0.43924731182795695
m 4 37 3 7.75 78.25 0.43924731182795695
b 7 0 156 288
m 7 1 0 156 288
m 7 15 0 156 288
m 7 22 0 156 288
m 7 36 0 156 288
m 7 54 0 156 288
m 7 86 0 156 288
m 7 97 0 156 288
b 7 1 156 288
m 7 1 1 156 288
m 7 15 1 156 288
m 7 22 1 156 288
m 7 36 1 156 288
m 7 54 1 156 288
m 7 86 1 156 288
m 7 97 1 156 288
b 7 3 156 288
m 7 54 3 9.5 101.0 0.40228832951945076
m 7 1 3 9.5 101.0 0.40228832951945076
m 7 86 3 9.5 101.0 0.40228832951945076
m 7 36 3 9.5 101.0 0.40228832951945076
m 7 97 3 9.5 101.0 0.40228832951945076
b 9 0 92 87
m 9 155 0 92 87
b 9 1 92 87
m 9 155 1 92 87
b 9 2 92 87
m 9 155 2 92 87
m 9 225 2 92 87
b 9 3 92 87
m 9 114 3 7.75 78.25 0.43924731182795695
m 9 155 3 7.75 78.25 0.43924731182795695
b 26 0 70 52
m 26 119 0 70 52
m 26 190 0 70 52
m 26 193 0 70 52
m 26 229 0 70 52
m 26 238 0 70 52
b 26 1 70 52
b 26 2 70 52
m 26 119 2 70 52
m 26 190 2 70 52
m 26 193 2 70 52
m 26 229 2 70 52
m 26 238 2 70 52
b 26 3 70 52
m 26 225 3 9.75 101.25 0.4728642569551659
m 26 119 3 9.75 101.25 0.4728642569551659
m 26 229 3 9.75 101.25 0.4728642569551659
b 30 0 178 245
b 30 1 178 245
b 30 2 178 245
m 30 7 2 178 245
m 30 42 2 178 245
m 30 86 2 178 245
m 30 97 2 178 245
m 30 110 2 178 245
m 30 137 2 178 245
m 30 178 2 178 245
b 30 3 178 245
m 30 110 3 7.75 79.25 0.5
m 30 178 3 7.75 79.25 0.5
b 31 0 249 215
m 31 47 0 249 215
m 31 68 0 249 215
m 31 70 0 249 215
m 31 95 0 249 215
m 31 118 0 249 215
m 31 121 0 249 215
m 31 126 0 249 215
m 31 134 0 249 215
m 31 139 0 249 215
m 31 143 0 249 215
m 31 162 0 249 215
m 31 210 0 249 215
b 31 1 249 215
m 31 47 1 249 215
m 31 68 1 249 215
m 31 70 1 249 215
m 31 95 1 249 215
m 31 118 1 249 215
m 31 121 1 249 215
m 31 126 1 249 215
m 31 134 1 249 215
m 31 139 1 249 215
m 31 143 1 249 215
m 31 162 1 249 215
m 31 210 1 249 215
b 31 2 249 215
m 31 47 2 249 215
m 31 68 2 249 215
m 31 70 2 249 215
m 31 95 2 249 215
m 31 118 2 249 215
m 31 121 2 249 215
m 31 126 2 249 215
m 31 134 2 249 215
m 31 139 2 249 215
m 31 143 2 249 215
m 31 162 2 249 215
m 31 210 2 249 215
b 35 0 86 272
m 35 65 0 86 272
m 35 220 0 86 272
b 35 1 86 272
m 35 65 1 86 272
m 35 220 1 86 272
b 35 2 86 272
m 35 65 2 86 272
m 35 220 2 86 272
m 35 224 2 86 272
b 35 3 86 272
m 35 224 3 8.75 90.25 0.3333333333333333
b 42 0 170 276
b 42 1 170 276
b 42 3 170 276
b 45 0 117 282
b 45 1 117 282
b 45 2 117 282
b 45 3 117 282
m 45 15 3 7.5 77.0 0.7735588972431078
m 45 220 3 7.5 77.0 0.7735588972431078
m 45 65 3 7.5 77.0 0.7735588972431078
m 45 22 3 7.5 77.0 0.7735588972431078
b 52 0 29 73
b 52 1 29 73
m 52 190 1 29 73
m 52 193 1 29 73
m 52 229 1 29 73
m 52 238 1 29 73
b 52 2 29 73
b 52 3 29 73
m 52 238 3 9.0 94.5 0.3333333333333333
b 66 0 169 129
m 66 10 0 169 129
m 66 182 0 169 129
m 66 233 0 169 129
b 66 1 169 129
m 66 10 1 169 129
m 66 182 1 169 129
m 66 233 1 169 129
b 66 2 169 129
m 66 10 2 169 129
m 66 182 2 169 129
m 66 233 2 169 129
b 66 3 169 129
m 66 192 3 8.25 82.25 0.17102005975245416
b 73 0 129 87
m 73 79 0 129 87
m 73 158 0 129 87
b 73 1 129 87
b 73 2 129 87
m 73 79 2 129 87
m 73 158 2 129 87
b 73 3 129 87
m 73 10 3 9.25 96.25 0.25
m 73 158 3 9.25 96.25 0.25
b 81 0 255 183
m 81 13 0 255 183
m 81 21 0 255 183
m 81 131 0 255 183
m 81 230 0 255 183
b 81 1 255 183
m 81 13 1 255 183
m 81 21 1 255 183
m 81 131 1 255 183
m 81 230 1 255 183
b 81 2 255 183
b 81 3 255 183
m 81 31 3 10.75 127.25 0.3209559683683496
m 81 118 3 10.75 127.25 0.3209559683683496
m 81 70 3 10.75 127.25 0.3209559683683496
m 81 131 3 10.75 127.25 0.3209559683683496
m 81 95 3 10.75 127.25 0.3209559683683496
b 91 0 116 54
m 91 61 0 116 54
m 91 111 0 116 54
b 91 1 116 54
m 91 61 1 116 54
m 91 79 1 116 54
m 91 111 1 116 54
m 91 119 1 116 54
m 91 158 1 116 54
b 91 2 116 54
m 91 61 2 116 54
m 91 111 2 116 54
b 91 3 116 54
m 91 79 3 8.0 80.5 0.09153462441314551
b 102 0 31 227
m 102 63 0 31 227
m 102 98 0 31 227
m 102 168 0 31 227
m 102 187 0 31 227
b 102 1 31 227
b 102 2 31 227
m 102 37 2 31 227
m 102 63 2 31 227
m 102 98 2 31 227
m 102 99 2 31 227
m 102 168 2 31 227
m 102 187 2 31 227
b 102 3 31 227
m 102 63 3 9.0 92.0 0.09898989898989907
b 103 0 20 84
b 103 1 20 84
b 103 2 20 84
b 103 3 20 84
m 103 190 3 8.75 93.25 0.5
m 103 193 3 8.75 93.25 0.5
b 110 0 211 265
m 110 152 0 211 265
m 110 181 0 211 265
b 110 1 211 265
m 110 152 1 211 265
m 110 181 1 211 265
b 114 0 69 126
b 114 1 69 126
b 114 2 69 126
b 125 0 39 93
b 125 1 39 93
b 125 2 39 93
b 125 3 39 93
b 137 0 173 295
m 137 140 0 173 295
m 137 157 0 173 295
b 137 1 173 295
m 137 140 1 173 295
m 137 157 1 173 295
b 137 3 173 295
m 137 140 3 7.75 78.25 0.19237961664329117
b 142 0 38 262
b 142 1 38 262
m 142 63 1 38 262
m 142 98 1 38 262
m 142 168 1 38 262
m 142 187 1 38 262
b 142 2 38 262
b 142 3 38 262
m 142 98 3 8.75 90.25 0.3333333333333333
b 147 0 91 280
m 147 149 0 91 280
m 147 208 0 91 280
b 147 1 91 280
b 147 2 91 280
b 147 3 91 280
m 147 149 3 7.0 74.0 0.5322234156820622
m 147 208 3 7.0 74.0 0.5322234156820622
b 154 0 95 289
b 154 1 95 289
m 154 149 1 95 289
m 154 208 1 95 289
b 154 2 95 289
m 154 15 2 95 289
m 154 22 2 95 289
m 154 149 2 95 289
m 154 208 2 95 289
b 154 3 95 289
b 178 0 202 277
b 178 1 202 277
b 192 0 154 119
b 192 1 154 119
b 192 2 154 119
b 197 0 234 175
m 197 62 0 234 175
b 197 1 234 175
b 197 2 234 175
m 197 21 2 234 175
m 197 62 2 234 175
b 209 0 152 123
b 209 1 152 123
b 209 2 152 123
b 209 3 152 123
m 209 233 3 8.75 93.25 0.5
m 209 182 3 8.75 93.25 0.5
b 214 0 91 317
m 214 163 0 91 317
m 214 219 0 91 317
b 214 1 91 317
m 214 163 1 91 317
m 214 219 1 91 317
b 214 2 91 317
b 214 3 91 317
m 214 163 3 8.5 89.0 0.5
m 214 219 3 8.5 89.0 0.5
b 224 0 128 313
b 224 1 128 313
b 232 0 45 84
b 232 1 45 84
b 232 2 45 84
b 232 3 45 84
b 234 0 99 296
b 234 1 99 296
b 234 2 99 296
m 234 54 2 99 296
b 234 3 99 296
b 1 0 166 344
m 1 80 0 166 344
m 1 83 0 166 344
m 1 199 0 166 344
m 1 211 0 166 344
m 1 217 0 166 344
m 1 226 0 166 344
b 1 1 166 344
m 1 80 1 166 344
m 1 83 1 166 344
m 1 199 1 166 344
m 1 211 1 166 344
m 1 217 1 166 344
m 1 226 1 166 344
b 1 3 166 344
m 1 83 3 9.0 90.6 0.2635862643065254
m 1 217 3 9.0 90.6 0.2635862643065254
b 7 2 157 288
m 7 1 2 157 288
m 7 36 2 157 288
b 10 0 186 85
m 10 27 0 186 85
m 10 113 0 186 85
m 10 117 0 186 85
m 10 174 0 186 85
b 10 1 186 85
m 10 27 1 186 85
m 10 62 1 186 85
m 10 113 1 186 85
m 10 117 1 186 85
m 10 174 1 186 85
b 10 2 186 85
m 10 27 2 186 85
m 10 113 2 186 85
m 10 117 2 186 85
m 10 174 2 186 85
b 10 3 186 85
m 10 62 3 8.8 86.8 0.36537169726824903
m 10 113 3 8.8 86.8 0.36537169726824903
m 10 27 3 8.8 86.8 0.36537169726824903
b 13 0 312 170
m 13 8 0 312 170
m 13 50 0 312 170
m 13 135 0 312 170
m 13 183 0 312 170
m 13 201 0 312 170
b 13 1 312 170
m 13 8 1 312 170
m 13 50 1 312 170
m 13 135 1 312 170
m 13 183 1 312 170
m 13 201 1 312 170
b 15 0 120 344
m 15 72 0 120 344
m 15 136 0 120 344
b 15 1 120 344
b 15 2 120 344
m 15 72 2 120 344
m 15 136 2 120 344
m 15 140 2 120 344
m 15 157 2 120 344
m 15 163 2 120 344
m 15 199 2 120 344
m 15 219 2 120 344
b 15 3 120 344
m 15 157 3 6.8 64.8 0.8351031514461142
m 15 136 3 6.8 64.8 0.8351031514461142
m 15 199 3 6.8 64.8 0.8351031514461142
m 15 72 3 6.8 64.8 0.8351031514461142
b 21 0 301 152
m 21 85 0 301 152
m 21 138 0 301 152
b 21 1 301 152
m 21 85 1 301 152
m 21 138 1 301 152
b 21 2 301 152
m 21 8 2 301 152
m 21 13 2 301 152
m 21 50 2 301 152
m 21 85 2 301 152
m 21 131 2 301 152
m 21 138 2 301 152
m 21 183 2 301 152
m 21 230 2 301 152
b 22 0 120 348
m 22 20 0 120 348
b 22 1 120 348
m 22 20 1 120 348
m 22 72 1 120 348
m 22 136 1 120 348
b 22 2 120 348
m 22 20 2 120 348
m 22 211 2 120 348
b 22 3 120 348
m 22 20 3 6.4 62.4 0.08626016480049059
b 31 3 250 216
m 31 143 3 10.6 121.8 0.20694629545195134
m 31 134 3 10.6 121.8 0.20694629545195134
m 31 210 3 10.6 121.8 0.20694629545195134
b 36 0 177 360
m 36 23 0 177 360
m 36 60 0 177 360
m 36 171 0 177 360
b 36 1 177 360
b 36 3 177 360
m 36 80 3 9.2 93.6 0.32561077847241365
m 36 23 3 9.2 93.6 0.32561077847241365
m 36 171 3 9.2 93.6 0.32561077847241365
b 37 0 16 185
b 37 1 16 185
b 37 2 16 185
b 37 3 16 185
m 37 168 3 6.4 62.800000000000004 1.0
b 42 2 170 275
b 47 0 275 283
m 47 18 0 275 283
m 47 46 0 275 283
m 47 129 0 275 283
m 47 130 0 275 283
m 47 144 0 275 283
m 47 150 0 275 283
m 47 153 0 275 283
m 47 198 0 275 283
b 47 1 275 283
b 47 2 275 283
b 54 0 157 342
b 54 1 157 342
b 54 2 157 342
m 54 80 2 157 342
m 54 83 2 157 342
m 54 217 2 157 342
m 54 226 2 157 342
b 54 3 157 342
m 54 211 3 8.0 81.6 0.5
m 54 226 3 8.0 81.6 0.5
b 61 0 174 17
m 61 2 0 174 17
m 61 93 0 174 17
m 61 221 0 174 17
b 61 1 174 17
b 61 2 174 17
m 61 2 2 174 17
m 61 93 2 174 17
m 61 221 2 174 17
b 62 0 253 105
m 62 235 0 253 105
b 62 2 253 105
b 63 0 11 289
b 63 1 11 289
b 63 2 11 289
b 63 3 11 289
m 63 187 3 7.4 73.8 1.0
b 65 0 66 328
b 65 1 66 328
b 65 2 66 328
b 65 3 66 328
b 68 0 282 250
b 68 1 282 250
b 68 2 282 250
m 68 18 2 282 250
m 68 129 2 282 250
m 68 130 2 282 250
m 68 153 2 282 250
m 68 198 2 282 250
b 70 0 277 223
b 70 1 277 223
m 70 153 1 277 223
b 70 2 277 223
b 70 3 277 223
m 70 13 3 11.0 130.6 0.26623608555731176
m 70 68 3 11.0 130.6 0.26623608555731176
m 70 21 3 11.0 130.6 0.26623608555731176
m 70 121 3 11.0 130.6 0.26623608555731176
b 79 0 171 46
b 79 1 171 46
b 79 2 171 46
b 79 3 171 46
m 79 61 3 7.4 69.4 0.13229440404464685
b 86 0 204 307
b 86 1 204 307
m 86 46 1 204 307
m 86 144 1 204 307
m 86 171 1 204 307
b 86 2 204 307
b 86 3 204 307
m 86 152 3 8.4 84.0 0.25
m 86 144 3 8.4 84.0 0.25
b 95 0 295 159
b 95 1 295 159
b 95 2 295 159
b 95 3 295 159
m 95 8 3 10.2 114.6 0.11143516675046015
b 97 0 174 314
b 97 1 174 314
b 97 2 174 314
m 97 152 2 174 314
m 97 181 2 174 314
b 97 3 174 314
m 97 181 3 7.8 81.0 1.0
b 98 0 15 213
b 98 1 15 213
b 98 2 15 213
b 98 3 15 213
b 99 0 9 169
b 99 1 9 169
b 99 2 9 169
b 99 3 9 169
b 110 2 212 264
b 110 3 212 264
m 110 47 3 6.4 63.6 0.03125000000000011
b 111 0 161 16
b 111 1 161 16
m 111 2 1 161 16
m 111 221 1 161 16
b 111 2 161 16
b 114 3 68 127
b 118 0 257 257
b 118 1 257 257
m 118 18 1 257 257
m 118 129 1 257 257
m 118 130 1 257 257
m 118 198 1 257 257
b 118 2 257 257
b 118 3 257 257
m 118 198 3 10.2 114.6 0.11143516675046015
b 119 0 112 5
b 119 1 112 5
b 119 2 112 5
b 119 3 112 5
m 119 111 3 8.0 81.2 1.0
b 121 0 260 282
b 121 1 260 282
m 121 150 1 260 282
b 121 2 260 282
m 121 46 2 260 282
m 121 144 2 260 282
m 121 150 2 260 282
b 126 0 293 255
b 126 1 293 255
b 126 2 293 255
b 131 0 288 119
m 131 120 0 288 119
m 131 203 0 288 119
b 131 1 288 119
m 131 120 1 288 119
m 131 203 1 288 119
m 131 235 1 288 119
b 131 3 288 119
m 131 50 3 10.4 118.0 0.16526977755660865
m 131 203 3 10.4 118.0 0.16526977755660865
b 134 0 265 151
b 134 1 265 151
b 134 2 265 151
b 137 2 173 294
b 139 0 276 200
b 139 1 276 200
b 139 2 276 200
b 140 0 189 362
m 140 5 0 189 362
m 140 148 0 189 362
b 140 1 189 362
m 140 5 1 189 362
m 140 23 1 189 362
m 140 60 1 189 362
m 140 148 1 189 362
b 140 3 189 362
m 140 60 3 6.8 64.4 0.20562226860246635
b 143 0 266 280
b 143 1 266 280
b 143 2 266 280
b 149 0 86 351
m 149 146 0 86 351
b 149 1 86 351
m 149 146 1 86 351
b 149 2 86 351
m 149 146 2 86 351
b 149 3 86 351
m 149 146 3 5.8 59.400000000000006 0.03670506315048689
b 152 0 242 323
b 152 1 242 323
b 155 0 160 66
b 155 1 160 66
b 155 2 160 66
b 155 3 160 66
m 155 117 3 6.4 62.800000000000004 1.0
b 157 0 153 367
b 157 1 153 367
b 158 0 189 45
b 158 1 189 45
b 158 2 189 45
b 158 3 189 45
m 158 174 3 8.200000000000001 80.2 0.2666105971404542
m 158 93 3 8.200000000000001 80.2 0.2666105971404542
b 162 0 267 178
b 162 1 267 178
b 162 2 267 178
b 163 0 104 383
m 163 77 0 104 383
m 163 231 0 104 383
b 163 1 104 383
m 163 77 1 104 383
m 163 231 1 104 383
b 163 3 104 383
m 163 231 3 7.2 72.0 0.5248447204968945
m 163 77 3 7.2 72.0 0.5248447204968945
b 168 0 10 230
b 168 1 10 230
b 168 2 10 230
b 178 2 202 276
b 178 3 202 276
b 181 0 242 327
b 181 1 242 327
b 182 0 213 82
b 182 1 213 82
b 182 2 213 82
b 182 3 213 82
m 182 138 3 7.8 77.8 0.7676756182673342
m 182 2 3 7.8 77.8 0.7676756182673342
m 182 221 3 7.8 77.8 0.7676756182673342
m 182 85 3 7.8 77.8 0.7676756182673342
b 187 0 9 286
b 187 1 9 286
b 187 2 9 286
b 190 0 2 21
b 190 1 2 21
b 190 2 2 21
b 190 3 2 21
b 192 3 154 118
b 193 0 11 18
b 193 1 11 18
b 193 2 11 18
b 193 3 11 18
b 208 0 49 339
b 208 1 49 339
b 208 2 49 339
b 208 3 49 339
b 210 0 310 210
m 210 156 0 310 210
b 210 1 310 210
m 210 156 1 310 210
b 210 2 310 210
m 210 156 2 310 210
m 210 201 2 310 210
b 219 0 126 382
b 219 1 126 382
b 219 3 126 382
b 220 0 47 309
b 220 1 47 309
b 220 2 47 309
b 220 3 47 309
b 224 2 128 312
b 224 3 128 312
b 225 0 24 73
b 225 1 24 73
b 225 2 24 73
b 225 3 24 73
b 229 0 51 20
b 229 1 51 20
b 229 2 51 20
b 229 3 51 20
b 230 0 324 166
m 230 34 0 324 166
m 230 124 0 324 166
b 230 1 324 166
m 230 34 1 324 166
m 230 124 1 324 166
b 233 0 198 93
b 233 1 198 93
b 233 2 198 93
b 233 3 198 93
b 238 0 36 13
b 238 1 36 13
b 238 2 36 13
b 238 3 36 13
b 1 2 167 345
b 2 0 234 22
b 2 1 234 22
b 2 2 234 22
m 2 235 2 234 22
b 2 3 234 22
m 2 235 3 6.666666666666667 65.0 1.0
b 5 0 225 426
m 5 69 0 225 426
m 5 132 0 225 426
m 5 184 0 225 426
m 5 218 0 225 426
b 5 1 225 426
m 5 69 1 225 426
m 5 132 1 225 426
m 5 184 1 225 426
m 5 218 1 225 426
b 8 0 312 101
m 8 109 0 312 101
m 8 123 0 312 101
m 8 196 0 312 101
b 8 1 312 101
b 8 2 312 101
m 8 109 2 312 101
m 8 120 2 312 101
m 8 123 2 312 101
m 8 124 2 312 101
m 8 196 2 312 101
m 8 203 2 312 101
b 8 3 312 101
m 8 120 3 9.5 101.5 0.08228989325270923
b 13 2 311 170
b 13 3 311 170
m 13 162 3 10.166666666666666 114.83333333333333 0.028289135029884893
b 18 0 282 307
m 18 165 0 282 307
b 18 1 282 307
b 18 2 282 307
m 18 165 2 282 307
b 20 0 71 402
m 20 75 0 71 402
m 20 106 0 71 402
b 20 1 71 402
m 20 75 1 71 402
m 20 106 1 71 402
b 20 2 71 402
m 20 75 2 71 402
m 20 77 2 71 402
m 20 106 2 71 402
m 20 231 2 71 402
b 20 3 71 402
m 20 75 3 5.666666666666666 52.666666666666664 0.09075439187412958
b 21 3 302 152
m 21 183 3 9.833333333333332 111.5 0.25
m 21 139 3 9.833333333333332 111.5 0.25
b 23 0 243 376
m 23 12 0 243 376
m 23 57 0 243 376
b 23 1 243 376
m 23 12 1 243 376
m 23 57 1 243 376
b 23 3 243 376
m 23 12 3 8.833333333333334 86.16666666666667 0.29609903905592977
m 23 132 3 8.833333333333334 86.16666666666667 0.29609903905592977
m 23 69 3 8.833333333333334 86.16666666666667 0.29609903905592977
b 27 0 196 18
b 27 1 196 18
b 27 2 196 18
b 27 3 196 18
b 34 0 394 143
m 34 14 0 394 143
m 34 24 0 394 143
m 34 41 0 394 143
m 34 48 0 394 143
m 34 56 0 394 143
m 34 64 0 394 143
m 34 84 0 394 143
m 34 87 0 394 143
m 34 94 0 394 143
m 34 145 0 394 143
m 34 167 0 394 143
m 34 169 0 394 143
m 34 188 0 394 143
m 34 189 0 394 143
m 34 195 0 394 143
m 34 202 0 394 143
m 34 205 0 394 143
m 34 228 0 394 143
m 34 236 0 394 143
m 34 239 0 394 143
b 34 1 394 143
m 34 14 1 394 143
m 34 24 1 394 143
m 34 41 1 394 143
m 34 48 1 394 143
m 34 56 1 394 143
m 34 64 1 394 143
m 34 84 1 394 143
m 34 87 1 394 143
m 34 94 1 394 143
m 34 145 1 394 143
m 34 167 1 394 143
m 34 169 1 394 143
m 34 188 1 394 143
m 34 189 1 394 143
m 34 195 1 394 143
m 34 202 1 394 143
m 34 205 1 394 143
m 34 228 1 394 143
m 34 236 1 394 143
m 34 239 1 394 143
b 36 2 176 360
m 36 23 2 176 360
m 36 60 2 176 360
m 36 171 2 176 360
b 46 0 263 326
m 46 223 0 263 326
b 46 1 263 326
m 46 223 1 263 326
b 46 2 263 326
b 47 3 276 282
m 47 18 3 6.5 61.166666666666664 0.058299072722149854
b 50 0 289 112
b 50 1 289 112
b 50 2 289 112
b 50 3 289 112
m 50 230 3 8.833333333333332 98.5 1.0
b 60 0 243 387
b 60 1 243 387
b 60 3 243 387
m 60 57 3 6.5 57.83333333333333 0.2962190886576556
m 60 184 3 6.5 57.83333333333333 0.2962190886576556
b 61 3 173 17
b 62 1 252 104
b 62 3 252 104
b 68 3 282 251
m 68 126 3 9.833333333333332 111.5 0.25
m 68 129 3 9.833333333333332 111.5 0.25
b 72 0 91 400
m 72 3 0 91 400
b 72 1 91 400
b 72 2 91 400
m 72 3 2 91 400
b 72 3 91 400
m 72 3 3 6.0 54.666666666666664 0.08191050067823961
b 77 0 106 454
m 77 11 0 106 454
m 77 25 0 106 454
m 77 96 0 106 454
m 77 100 0 106 454
m 77 166 0 106 454
m 77 200 0 106 454
b 77 1 106 454
b 77 3 106 454
m 77 166 3 7.166666666666667 68.16666666666667 0.907870934015669
m 77 100 3 7.166666666666667 68.16666666666667 0.907870934015669
m 77 96 3 7.166666666666667 68.16666666666667 0.907870934015669
m 77 25 3 7.166666666666667 68.16666666666667 0.907870934015669
m 77 11 3 7.166666666666667 68.16666666666667 0.907870934015669
m 77 200 3 7.166666666666667 68.16666666666667 0.907870934015669
m 77 106 3 7.166666666666667 68.16666666666667 0.907870934015669
b 80 0 213 362
b 80 1 213 362
b 80 2 213 362
m 80 5 2 213 362
m 80 148 2 213 362
b 80 3 213 362
m 80 5 3 8.166666666666668 79.5 0.3333333333333333
b 83 0 202 401
b 83 1 202 401
b 83 2 202 401
m 83 69 2 202 401
m 83 132 2 202 401
m 83 218 2 202 401
b 83 3 202 401
m 83 218 3 7.833333333333333 76.16666666666667 0.5
m 83 148 3 7.833333333333333 76.16666666666667 0.5
b 85 0 277 85
b 85 1 277 85
m 85 109 1 277 85
b 85 2 277 85
b 85 3 277 85
m 85 109 3 6.666666666666667 65.0 1.0
b 93 0 244 6
b 93 2 244 6
b 93 3 244 6
b 111 3 162 16
b 113 0 200 29
b 113 1 200 29
m 113 93 1 200 29
b 113 2 200 29
b 113 3 200 29
b 117 0 218 62
b 117 1 218 62
b 117 2 218 62
b 117 3 218 62
b 120 0 323 65
m 120 6 0 323 65
b 120 1 323 65
m 120 6 1 323 65
m 120 123 1 323 65
m 120 196 1 323 65
b 121 3 261 282
m 121 46 3 9.833333333333332 111.5 0.25
m 121 150 3 9.833333333333332 111.5 0.25
b 124 0 366 108
m 124 101 0 366 108
b 124 1 366 108
m 124 101 1 366 108
b 129 0 292 312
m 129 165 0 292 312
b 129 1 292 312
m 129 165 1 292 312
b 129 2 292 312
b 130 0 304 301
m 130 165 0 304 301
b 130 1 304 301
m 130 165 1 304 301
b 130 2 304 301
m 130 165 2 304 301
b 131 2 288 120
b 134 3 265 150
m 134 197 3 9.0 101.66666666666667 1.0
b 135 0 383 171
m 135 53 0 383 171
b 135 1 383 171
m 135 53 1 383 171
b 136 0 98 395
b 136 1 98 395
b 136 2 98 395
b 136 3 98 395
b 138 0 272 87
b 138 1 272 87
b 138 2 272 87
b 138 3 272 87
b 140 2 190 362
b 143 3 266 279
m 143 130 3 9.166666666666668 102.16666666666667 0.5
m 143 153 3 9.166666666666668 102.16666666666667 0.5
b 144 0 251 334
b 144 1 251 334
b 144 2 251 334
b 144 3 251 334
b 146 0 100 422
b 146 1 100 422
m 146 3 1 100 422
m 146 11 1 100 422
m 146 25 1 100 422
m 146 96 1 100 422
m 146 100 1 100 422
m 146 200 1 100 422
b 146 2 100 422
m 146 11 2 100 422
m 146 25 2 100 422
m 146 96 2 100 422
m 146 100 2 100 422
m 146 200 2 100 422
b 146 3 100 422
b 148 0 261 362
b 148 1 261 362
b 150 0 305 332
m 150 165 0 305 332
b 150 1 305 332
b 150 2 305 332
b 152 2 241 322
b 152 3 241 322
b 153 0 319 279
m 153 165 0 319 279
b 153 1 319 279
m 153 165 1 319 279
b 153 2 319 279
m 153 165 2 319 279
b 156 0 375 219
m 156 43 0 375 219
m 156 49 0 375 219
b 156 1 375 219
m 156 43 1 375 219
m 156 49 1 375 219
b 156 2 375 219
m 156 14 2 375 219
m 156 41 2 375 219
m 156 43 2 375 219
m 156 49 2 375 219
m 156 53 2 375 219
m 156 64 2 375 219
m 156 87 2 375 219
m 156 135 2 375 219
m 156 188 2 375 219
m 156 189 2 375 219
m 156 205 2 375 219
m 156 228 2 375 219
b 157 2 154 368
b 157 3 154 368
b 163 2 103 383
b 168 3 10 231
b 171 0 244 358
b 171 1 244 358
b 171 3 244 358
b 174 0 244 96
b 174 1 244 96
b 174 2 244 96
b 174 3 244 96
b 181 2 242 326
b 181 3 242 326
b 183 0 337 183
b 183 1 337 183
b 183 2 337 183
m 183 34 2 337 183
b 187 3 10 286
b 198 0 322 286
m 198 165 0 322 286
b 198 1 322 286
m 198 165 1 322 286
b 198 2 322 286
m 198 165 2 322 286
b 198 3 322 286
m 198 165 3 10.2 114.6 -1.0
b 199 0 113 396
b 199 1 113 396
b 199 2 113 396
b 199 3 113 396
b 201 0 368 192
b 201 1 368 192
b 201 2 368 192
m 201 167 2 368 192
m 201 195 2 368 192
m 201 236 2 368 192
b 203 0 329 58
m 203 159 0 329 58
m 203 164 0 329 58
b 203 1 329 58
m 203 159 1 329 58
m 203 164 1 329 58
b 203 3 329 58
m 203 101 3 9.833333333333332 106.5 0.12864018600349397
b 210 3 311 211
m 210 201 3 9.166666666666668 102.16666666666667 0.5
m 210 156 3 9.166666666666668 102.16666666666667 0.5
b 211 0 183 389
b 211 1 183 389
b 211 2 183 389
b 211 3 183 389
b 217 0 215 385
b 217 1 215 385
b 217 2 215 385
b 217 3 215 385
b 219 2 127 382
b 221 0 233 27
b 221 1 233 27
b 221 2 233 27
b 221 3 233 27
b 226 0 183 395
b 226 1 183 395
b 226 2 183 395
b 226 3 183 395
b 230 2 324 167
b 231 0 124 447
b 231 1 124 447
m 231 166 1 124 447
b 231 3 124 447
b 235 0 293 62
b 235 1 293 62
b 3 0 122 468
b 3 1 122 468
b 3 2 122 468
b 3 3 122 468
b 5 2 224 426
m 5 184 2 224 426
b 5 3 224 426
b 6 0 365 35
m 6 55 0 365 35
b 6 1 365 35
m 6 55 1 365 35
b 11 0 148 458
b 11 1 148 458
b 11 2 148 458
b 11 3 148 458
b 12 0 308 412
m 12 165 0 308 412
b 12 1 308 412
m 12 165 1 308 412
b 12 3 308 412
m 12 165 3 8.833333333333334 86.16666666666667 -1.0
b 14 0 430 191
m 14 108 0 430 191
m 14 133 0 430 191
m 14 179 0 430 191
m 14 186 0 430 191
b 14 1 430 191
m 14 108 1 430 191
m 14 133 1 430 191
m 14 179 1 430 191
m 14 186 1 430 191
b 14 2 430 191
m 14 24 2 430 191
m 14 48 2 430 191
m 14 84 2 430 191
m 14 94 2 430 191
m 14 108 2 430 191
m 14 133 2 430 191
m 14 145 2 430 191
m 14 169 2 430 191
m 14 179 2 430 191
m 14 186 2 430 191
m 14 239 2 430 191
b 18 3 283 308
m 18 165 3 6.5 61.166666666666664 -1.0
b 23 2 243 375
m 23 12 2 243 375
m 23 57 2 243 375
b 24 0 464 158
m 24 141 0 464 158
b 24 1 464 158
m 24 141 1 464 158
b 25 0 75 476
b 25 1 75 476
b 25 2 75 476
b 25 3 75 476
b 34 2 394 144
m 34 56 2 394 144
m 34 202 2 394 144
b 41 0 408 163
b 41 1 408 163
b 41 2 408 163
b 43 0 368 272
m 43 28 0 368 272
m 43 173 0 368 272
m 43 191 0 368 272
m 43 194 0 368 272
b 43 1 368 272
b 43 2 368 272
m 43 28 2 368 272
m 43 173 2 368 272
m 43 191 2 368 272
m 43 194 2 368 272
b 46 3 264 327
m 46 223 3 8.57142857142857 95.71428571428571 1.0
b 48 0 462 127
m 48 107 0 462 127
m 48 227 0 462 127
b 48 1 462 127
b 49 0 374 279
m 49 165 0 374 279
b 49 1 374 279
m 49 165 1 374 279
b 49 2 374 279
m 49 165 2 374 279
b 53 0 430 223
m 53 177 0 430 223
m 53 237 0 430 223
b 53 1 430 223
m 53 177 1 430 223
m 53 237 1 430 223
b 53 2 430 223
m 53 177 2 430 223
m 53 237 2 430 223
b 56 0 422 117
b 56 1 422 117
m 56 107 1 422 117
b 57 0 314 394
m 57 165 0 314 394
b 57 1 314 394
m 57 165 1 314 394
b 57 3 314 394
m 57 165 3 6.5 57.83333333333333 -1.0
b 60 2 243 388
b 64 0 430 197
b 64 1 430 197
b 64 2 430 197
b 69 0 270 429
m 69 19 0 270 429
m 69 88 0 270 429
m 69 90 0 270 429
m 69 92 0 270 429
b 69 1 270 429
m 69 19 1 270 429
m 69 88 1 270 429
m 69 90 1 270 429
m 69 92 1 270 429
b 69 2 270 429
b 69 3 270 429
m 69 92 3 8.142857142857142 76.14285714285715 0.09792718899811757
b 75 0 43 440
m 75 104 0 43 440
b 75 1 43 440
m 75 104 1 43 440
b 75 2 43 440
m 75 104 2 43 440
b 75 3 43 440
m 75 104 3 5.0 45.28571428571429 0.0051859652499502435
b 77 2 106 453
b 84 0 457 139
b 84 1 457 139
b 87 0 436 201
b 87 1 436 201
b 87 2 436 201
b 93 1 244 7
b 94 0 450 134
b 94 1 450 134
b 96 0 156 464
b 96 1 156 464
b 96 2 156 464
b 96 3 156 464
b 100 0 154 475
b 100 1 154 475
b 100 2 154 475
m 100 166 2 154 475
b 100 3 154 475
b 101 0 401 61
m 101 82 0 401 61
m 101 115 0 401 61
m 101 216 0 401 61
b 101 1 401 61
m 101 82 1 401 61
m 101 115 1 401 61
m 101 216 1 401 61
b 101 3 401 61
m 101 115 3 10.428571428571427 119.28571428571429 0.1889831887010706
m 101 202 3 10.428571428571427 119.28571428571429 0.1889831887010706
m 101 216 3 10.428571428571427 119.28571428571429 0.1889831887010706
b 106 0 33 447
b 106 1 33 447
b 106 2 33 447
b 106 3 33 447
b 109 0 324 41
b 109 1 324 41
b 109 2 324 41
b 109 3 324 41
m 109 6 3 6.428571428571429 59.285714285714285 1.0
m 109 123 3 6.428571428571429 59.285714285714285 1.0
m 109 159 3 6.428571428571429 59.285714285714285 1.0
m 109 164 3 6.428571428571429 59.285714285714285 1.0
m 109 196 3 6.428571428571429 59.285714285714285 1.0
b 120 2 324 66
b 120 3 324 66
m 120 124 3 8.285714285714285 87.14285714285714 1.0
b 123 0 355 54
b 123 1 355 54
b 123 2 355 54
m 123 6 2 355 54
m 123 55 2 355 54
m 123 101 2 355 54
m 123 159 2 355 54
m 123 164 2 355 54
b 124 2 365 107
b 126 3 292 256
b 129 3 292 312
m 129 165 3 9.833333333333332 111.5 -1.0
b 130 3 303 301
m 130 165 3 9.166666666666668 102.16666666666667 -1.0
b 132 0 264 433
b 132 1 264 433
b 132 2 264 433
m 132 19 2 264 433
m 132 88 2 264 433
m 132 90 2 264 433
m 132 92 2 264 433
b 132 3 264 433
m 132 90 3 8.0 75.14285714285715 0.3333333333333333
b 135 2 383 170
b 139 3 274 200
b 145 0 432 117
b 145 1 432 117
m 145 227 1 432 117
b 148 2 261 363
b 148 3 261 363
b 150 3 304 332
m 150 165 3 9.833333333333332 111.5 -1.0
b 153 3 320 279
m 153 165 3 9.166666666666668 102.16666666666667 -1.0
b 156 3 375 218
m 156 87 3 9.571428571428573 108.14285714285714 0.9154095115818756
m 156 64 3 9.571428571428573 108.14285714285714 0.9154095115818756
m 156 135 3 9.571428571428573 108.14285714285714 0.9154095115818756
m 156 43 3 9.571428571428573 108.14285714285714 0.9154095115818756
m 156 188 3 9.571428571428573 108.14285714285714 0.9154095115818756
m 156 14 3 9.571428571428573 108.14285714285714 0.9154095115818756
m 156 189 3 9.571428571428573 108.14285714285714 0.9154095115818756
m 156 49 3 9.571428571428573 108.14285714285714 0.9154095115818756
m 156 205 3 9.571428571428573 108.14285714285714 0.9154095115818756
m 156 41 3 9.571428571428573 108.14285714285714 0.9154095115818756
m 156 228 3 9.571428571428573 108.14285714285714 0.9154095115818756
b 159 0 396 30
m 159 58 0 396 30
b 159 1 396 30
m 159 58 1 396 30
b 162 3 268 180
b 164 0 395 34
b 164 1 395 34
b 166 0 165 483
b 166 1 165 483
b 166 3 165 483
b 167 0 417 137
b 167 1 417 137
b 167 2 417 137
b 169 0 468 131
b 169 1 468 131
b 171 2 245 359
b 183 3 338 183
m 183 34 3 8.57142857142857 95.71428571428571 1.0
b 184 0 262 457
b 184 1 262 457
b 184 3 262 457
m 184 19 3 5.857142857142857 50.14285714285714 0.5
m 184 88 3 5.857142857142857 50.14285714285714 0.5
b 188 0 418 200
b 188 1 418 200
b 188 2 418 200
b 189 0 415 208
b 189 1 415 208
b 189 2 415 208
b 195 0 432 162
b 195 1 432 162
b 195 2 432 162
b 196 0 352 67
b 196 1 352 67
b 196 2 352 67
b 197 3 233 178
b 200 0 116 491
b 200 1 116 491
b 200 2 116 491
b 200 3 116 491
b 201 3 367 191
m 201 167 3 8.42857142857143 89.85714285714286 0.7619373063604885
m 201 195 3 8.42857142857143 89.85714285714286 0.7619373063604885
m 201 236 3 8.42857142857143 89.85714285714286 0.7619373063604885
m 201 53 3 8.42857142857143 89.85714285714286 0.7619373063604885
b 202 0 450 106
b 202 1 450 106
b 203 2 330 58
b 205 0 421 212
b 205 1 421 212
b 205 2 421 212
b 218 0 180 446
b 218 1 180 446
b 218 2 180 446
b 218 3 180 446
b 223 0 328 364
m 223 165 0 328 364
b 223 1 328 364
m 223 165 1 328 364
b 228 0 417 208
b 228 1 417 208
b 228 2 417 208
b 230 3 324 168
b 231 2 124 448
b 235 2 293 61
b 235 3 293 61
b 236 0 413 145
b 236 1 413 145
b 236 2 413 145
b 239 0 445 168
b 239 1 445 168
b 6 2 364 36
b 6 3 364 36
m 6 55 3 5.75 52.0 1.0
b 12 2 309 413
m 12 165 2 309 413
b 14 3 430 192
m 14 169 3 9.750000000000002 109.75 0.8362725587715646
m 14 48 3 9.750000000000002 109.75 0.8362725587715646
m 14 186 3 9.750000000000002 109.75 0.8362725587715646
m 14 84 3 9.750000000000002 109.75 0.8362725587715646
m 14 94 3 9.750000000000002 109.75 0.8362725587715646
m 14 108 3 9.750000000000002 109.75 0.8362725587715646
m 14 179 3 9.750000000000002 109.75 0.8362725587715646
m 14 133 3 9.750000000000002 109.75 0.8362725587715646
m 14 24 3 9.750000000000002 109.75 0.8362725587715646
m 14 239 3 9.750000000000002 109.75 0.8362725587715646
b 19 0 258 496
b 19 1 258 496
b 19 2 258 496
b 19 3 258 496
b 24 2 464 159
b 28 0 356 341
m 28 165 0 356 341
b 28 2 356 341
m 28 165 2 356 341
b 34 3 394 145
m 34 56 3 7.749999999999998 84.25 1.0
m 34 145 3 7.749999999999998 84.25 1.0
b 41 3 409 163
b 43 3 369 272
m 43 173 3 8.875000000000002 96.625 0.25
m 43 28 3 8.875000000000002 96.625 0.25
b 48 2 462 128
b 49 3 374 280
m 49 165 3 9.571428571428573 108.14285714285714 -1.0
b 53 3 430 224
m 53 177 3 7.625000000000002 79.125 0.04479148272076046
b 55 0 421 55
b 55 1 421 55
b 55 2 421 55
m 55 58 2 421 55
m 55 82 2 421 55
m 55 107 2 421 55
m 55 115 2 421 55
m 55 141 2 421 55
m 55 216 2 421 55
m 55 227 2 421 55
b 56 2 422 118
b 57 2 314 393
b 58 0 463 18
m 58 204 0 463 18
b 58 1 463 18
m 58 204 1 463 18
b 64 3 429 197
b 82 0 472 40
b 82 1 472 40
b 84 2 458 138
b 87 3 436 200
m 87 237 3 8.500000000000002 94.75 1.0
b 88 0 304 481
m 88 127 0 304 481
m 88 215 0 304 481
m 88 222 0 304 481
b 88 1 304 481
b 88 2 304 481
m 88 127 2 304 481
m 88 215 2 304 481
m 88 222 2 304 481
b 88 3 304 481
m 88 215 3 5.5 45.0 0.6833822091886609
m 88 222 3 5.5 45.0 0.6833822091886609
m 88 127 3 5.5 45.0 0.6833822091886609
b 90 0 275 498
b 90 1 275 498
m 90 222 1 275 498
b 90 2 275 498
b 90 3 275 498
b 92 0 251 498
b 92 1 251 498
b 92 2 251 498
b 92 3 251 498
b 94 2 450 135
b 101 2 402 61
b 104 0 4 435
b 104 1 4 435
b 104 2 4 435
b 104 3 4 435
b 107 0 471 69
b 107 1 471 69
b 108 0 487 208
b 108 1 487 208
b 108 2 487 208
b 115 0 464 33
b 115 1 464 33
b 115 3 464 33
m 115 141 3 9.874999999999998 108.875 0.16666666666666666
m 115 227 3 9.874999999999998 108.875 0.16666666666666666
b 123 3 354 54
b 124 3 365 106
b 133 0 477 195
b 133 1 477 195
b 133 2 477 195
b 135 3 383 169
b 141 0 481 88
b 141 1 481 88
b 145 2 432 118
b 159 2 396 31
b 159 3 396 31
m 159 58 3 5.75 52.0 1.0
b 164 2 396 34
b 164 3 396 34
b 166 2 166 483
b 167 3 418 136
b 169 2 468 130
b 173 0 407 320
m 173 165 0 407 320
b 173 2 407 320
m 173 165 2 407 320
b 177 0 452 271
m 177 33 0 452 271
b 177 1 452 271
m 177 33 1 452 271
m 177 173 1 452 271
m 177 191 1 452 271
b 177 2 452 271
m 177 33 2 452 271
b 179 0 466 232
b 179 1 466 232
b 179 2 466 232
b 184 2 262 458
b 186 0 498 190
b 186 1 498 190
b 186 2 498 190
b 188 3 419 199
b 189 3 415 208
b 191 0 396 295
m 191 165 0 396 295
b 191 2 396 295
b 194 0 404 336
m 194 165 0 404 336
b 194 2 404 336
b 195 3 432 162
b 196 3 352 66
b 202 2 450 105
b 202 3 450 105
m 202 107 3 9.374999999999998 104.875 0.5
m 202 82 3 9.374999999999998 104.875 0.5
b 205 3 421 211
b 216 0 463 40
b 216 1 463 40
b 216 3 463 40
m 216 204 3 9.249999999999998 104.5 1.0
b 223 3 329 364
m 223 165 3 8.57142857142857 95.71428571428571 -1.0
b 227 0 485 67
b 227 1 485 67
b 228 3 417 209
b 236 3 412 144
b 237 0 475 258
b 237 1 475 258
b 237 2 475 258
b 239 2 444 169
b 24 3 464 160
b 28 3 355 340
m 28 165 3 8.875000000000002 96.625 -1.0
b 33 0 449 313
m 33 29 0 449 313
m 33 67 0 449 313
m 33 116 0 449 313
m 33 206 0 449 313
b 33 1 449 313
m 33 29 1 449 313
m 33 67 1 449 313
m 33 116 1 449 313
m 33 194 1 449 313
m 33 206 1 449 313
b 33 2 449 313
m 33 29 2 449 313
m 33 67 2 449 313
m 33 116 2 449 313
m 33 206 2 449 313
b 48 3 461 128
b 55 3 422 56
b 56 3 421 118
b 58 2 464 18
m 58 204 2 464 18
b 58 3 464 18
b 82 2 473 40
b 82 3 473 40
b 84 3 458 137
b 94 3 450 136
b 107 2 470 70
b 107 3 470 70
b 108 3 486 208
b 115 2 464 32
b 127 0 347 455
m 127 39 0 347 455
m 127 161 0 347 455
m 127 175 0 347 455
b 127 2 347 455
b 127 3 347 455
m 127 161 3 5.222222222222222 41.0 0.7148549691593749
m 127 175 3 5.222222222222222 41.0 0.7148549691593749
m 127 39 3 5.222222222222222 41.0 0.7148549691593749
b 133 3 477 194
b 141 2 482 88
b 141 3 482 88
b 145 3 432 119
b 169 3 469 129
b 173 1 406 320
b 173 3 406 320
m 173 165 3 8.875000000000002 96.625 -1.0
b 177 3 453 271
m 177 33 3 7.000000000000002 70.77777777777777 0.046061792836772704
b 179 3 465 232
b 186 3 498 191
b 191 1 395 295
m 191 165 1 395 295
b 204 0 483 8
b 204 1 483 8
b 204 3 483 8
b 215 0 362 496
b 215 2 362 496
m 215 39 2 362 496
m 215 175 2 362 496
b 215 3 362 496
b 216 2 464 40
b 222 0 336 488
b 222 1 336 488
m 222 39 1 336 488
m 222 127 1 336 488
m 222 175 1 336 488
m 222 215 1 336 488
b 222 2 336 488
b 222 3 336 488
b 227 2 484 67
b 227 3 484 67
b 237 3 476 259
b 239 3 443 170
b 29 0 414 359
m 29 165 0 414 359
b 29 1 414 359
m 29 165 1 414 359
b 29 2 414 359
m 29 165 2 414 359
b 33 3 450 312
m 33 116 3 6.900000000000001 67.3 0.07737208892200208
b 39 0 382 480
m 39 151 0 382 480
b 39 1 382 480
m 39 151 1 382 480
m 39 161 1 382 480
b 39 2 382 480
m 39 151 2 382 480
m 39 161 2 382 480
b 39 3 382 480
m 39 151 3 4.8 37.0 1.0
b 67 0 471 377
m 67 17 0 471 377
m 67 32 0 471 377
m 67 74 0 471 377
m 67 105 0 471 377
m 67 180 0 471 377
m 67 212 0 471 377
b 67 1 471 377
m 67 17 1 471 377
m 67 32 1 471 377
m 67 74 1 471 377
m 67 105 1 471 377
m 67 180 1 471 377
m 67 212 1 471 377
b 67 2 471 377
m 67 17 2 471 377
m 67 32 2 471 377
m 67 74 2 471 377
m 67 105 2 471 377
m 67 180 2 471 377
m 67 212 2 471 377
b 116 0 406 365
m 116 165 0 406 365
b 116 1 406 365
m 116 165 1 406 365
b 116 2 406 365
m 116 165 2 406 365
b 127 1 348 454
b 161 0 376 419
m 161 16 0 376 419
m 161 38 0 376 419
m 161 78 0 376 419
m 161 112 0 376 419
m 161 160 0 376 419
m 161 170 0 376 419
m 161 213 0 376 419
b 161 3 376 419
m 161 16 3 5.800000000000001 49.0 1.0
m 161 29 3 5.800000000000001 49.0 1.0
m 161 38 3 5.800000000000001 49.0 1.0
m 161 78 3 5.800000000000001 49.0 1.0
m 161 105 3 5.800000000000001 49.0 1.0
m 161 112 3 5.800000000000001 49.0 1.0
m 161 160 3 5.800000000000001 49.0 1.0
m 161 170 3 5.800000000000001 49.0 1.0
m 161 206 3 5.800000000000001 49.0 1.0
m 161 212 3 5.800000000000001 49.0 1.0
m 161 213 3 5.800000000000001 49.0 1.0
b 175 0 375 432
b 175 1 375 432
m 175 16 1 375 432
m 175 38 1 375 432
m 175 78 1 375 432
m 175 160 1 375 432
m 175 170 1 375 432
m 175 213 1 375 432
b 175 2 375 432
b 175 3 375 432
b 194 1 404 338
m 194 165 1 404 338
b 204 2 483 9
b 206 0 389 353
m 206 165 0 389 353
b 206 1 389 353
m 206 165 1 389 353
b 206 2 389 353
b 215 1 363 496
b 16 0 345 372
m 16 165 0 345 372
b 16 1 345 372
m 16 165 1 345 372
b 16 3 345 372
m 16 165 3 5.800000000000001 49.0 -1.0
b 17 0 466 429
m 17 207 0 466 429
b 17 1 466 429
m 17 207 1 466 429
b 17 2 466 429
b 29 3 413 359
m 29 165 3 5.800000000000001 49.0 -1.0
b 32 0 464 399
b 32 1 464 399
b 32 2 464 399
b 38 0 349 377
m 38 165 0 349 377
b 38 1 349 377
m 38 165 1 349 377
b 38 3 349 377
m 38 165 3 5.800000000000001 49.0 -1.0
b 74 0 479 411
b 74 1 479 411
b 74 2 479 411
b 78 0 391 376
m 78 165 0 391 376
b 78 1 391 376
m 78 165 1 391 376
b 78 3 391 376
m 78 165 3 5.800000000000001 49.0 -1.0
b 105 0 434 422
b 105 1 434 422
b 105 2 434 422
m 105 78 2 434 422
m 105 160 2 434 422
m 105 207 2 434 422
b 105 3 434 422
m 105 17 3 5.818181818181818 47.81818181818182 0.2231626157407407
m 105 207 3 5.818181818181818 47.81818181818182 0.2231626157407407
b 112 0 373 354
m 112 165 0 373 354
b 112 3 373 354
m 112 165 3 5.800000000000001 49.0 -1.0
b 116 3 407 365
m 116 165 3 6.900000000000001 67.3 -1.0
b 151 0 451 475
b 151 1 451 475
b 151 2 451 475
b 151 3 451 475
m 151 74 3 4.454545454545454 33.72727272727273 1.0
b 160 0 384 387
m 160 165 0 384 387
b 160 1 384 387
m 160 165 1 384 387
b 160 3 384 387
m 160 165 3 5.800000000000001 49.0 -1.0
b 161 1 375 419
b 161 2 375 419
m 161 16 2 375 419
m 161 38 2 375 419
m 161 112 2 375 419
m 161 170 2 375 419
m 161 213 2 375 419
m 161 223 2 375 419
b 170 0 358 370
m 170 165 0 358 370
b 170 1 358 370
b 170 3 358 370
m 170 165 3 5.800000000000001 49.0 -1.0
b 180 0 487 402
b 180 1 487 402
b 180 2 487 402
b 206 3 390 352
m 206 165 3 5.800000000000001 49.0 -1.0
b 212 0 406 402
b 212 1 406 402
m 212 112 1 406 402
b 212 2 406 402
b 212 3 406 402
m 212 32 3 5.545454545454546 45.36363636363637 0.3333333333333333
b 213 0 345 369
m 213 165 0 345 369
b 213 1 345 369
m 213 165 1 345 369
b 213 3 345 369
m 213 165 3 5.800000000000001 49.0 -1.0
b 16 2 344 373
m 16 165 2 344 373
b 17 3 467 429
m 17 180 3 5.5 44.16666666666667 0.5
m 17 67 3 5.5 44.16666666666667 0.5
b 32 3 463 400
b 38 2 349 376
m 38 165 2 349 376
b 74 3 478 412
b 78 2 391 377
m 78 165 2 391 377
b 112 1 372 354
m 112 165 1 372 354
b 112 2 372 354
b 160 2 385 387
m 160 165 2 385 387
b 170 2 357 369
b 207 0 459 486
b 207 1 459 486
b 207 2 459 486
b 207 3 459 486
b 213 2 346 368
m 213 165 2 346 368
b 223 2 331 367
b 67 3 473 379
b 180 3 485 403
