Key: 
t: node change direction (node id, x, y, new direction)
s: node start location (node id, x, y, start direction, buffer)
m: message transfer (sender id, target id, messageType, sender x, sender y
b: broadcast (node id, message type, x, y)
338 352 313 192
s 0 129 306 275 0
s 1 66 177 237 0
s 2 346 228 6 0
s 3 297 325 152 0
s 4 197 257 144 0
s 5 19 148 260 0
s 6 147 326 128 0
s 7 128 474 272 0
s 8 151 394 218 0
s 9 186 334 7 0
s 10 179 364 191 0
s 11 291 300 124 0
s 12 155 205 304 0
s 13 124 24 199 0
s 14 344 364 149 0
s 15 413 325 300 0
s 16 459 124 153 0
s 17 258 399 139 0
s 18 78 402 210 0
s 19 329 0 96 0
s 20 256 453 95 0
s 21 51 140 265 0
s 22 69 285 307 0
s 23 9 281 167 0
s 24 293 23 145 0
s 25 272 49 290 0
s 26 316 95 355 0
s 27 239 401 140 0
s 28 47 57 347 0
s 29 396 428 25 0
s 30 21 38 188 0
s 31 132 157 217 0
s 32 152 219 142 0
s 33 319 423 323 0
s 34 41 88 133 0
s 35 49 31 335 0
s 36 441 84 181 0
s 37 498 317 294 0
s 38 306 360 197 0
s 39 95 36 194 0
s 40 329 486 116 0
s 41 494 147 5 0
s 42 325 420 260 0
s 43 27 166 56 0
s 44 392 160 274 0
s 45 61 287 322 0
s 46 38 372 135 0
s 47 256 328 57 0
s 48 339 65 223 0
s 49 490 2 57 0
s 50 461 95 244 0
s 51 18 133 167 0
s 52 150 412 237 0
s 53 313 192 218 0
s 54 181 323 120 0
s 55 308 381 110 0
s 56 5 156 306 0
s 57 248 404 165 0
s 58 402 28 247 0
s 59 340 17 35 0
s 60 133 23 50 0
s 61 396 347 326 0
s 62 340 101 259 0
s 63 3 292 176 0
s 64 39 126 136 0
s 65 168 494 169 0
s 66 358 307 145 0
s 67 149 259 213 0
s 68 83 251 332 0
s 69 303 470 310 0
s 70 322 258 250 0
s 71 39 168 23 0
s 72 102 75 141 0
s 73 499 246 53 0
s 74 189 324 358 0
s 75 294 185 179 0
s 76 320 363 23 0
s 77 286 229 290 0
s 78 428 420 242 0
s 79 434 241 114 0
s 80 462 42 300 0
s 81 159 159 64 0
s 82 356 468 314 0
s 83 335 199 357 0
s 84 479 93 238 0
s 85 303 235 72 0
s 86 34 93 54 0
s 87 370 330 344 0
s 88 469 261 105 0
s 89 357 183 138 0
s 90 318 189 39 0
s 91 482 442 34 0
s 92 313 326 253 0
s 93 191 479 273 0
s 94 184 464 113 0
s 95 84 316 2 0
s 96 215 490 264 0
s 97 16 182 194 0
s 98 391 364 90 0
s 99 375 383 219 0
s 100 207 360 214 0
s 101 371 304 195 0
s 102 0 474 104 0
s 103 41 370 343 0
s 104 354 70 212 0
s 105 120 357 279 0
s 106 209 27 221 0
s 107 221 409 350 0
s 108 204 207 63 0
s 109 19 161 231 0
s 110 380 9 245 0
s 111 205 330 182 0
s 112 190 491 296 0
s 113 226 170 249 0
s 114 43 159 357 0
s 115 460 124 211 0
s 116 467 23 297 0
s 117 270 495 236 0
s 118 44 225 92 0
s 119 409 249 71 0
s 120 276 373 224 0
s 121 31 436 280 0
s 122 382 328 220 0
s 123 217 175 177 0
s 124 219 401 313 0
s 125 139 242 193 0
s 126 141 126 145 0
s 127 378 242 305 0
s 128 359 386 223 0
s 129 470 387 60 0
s 130 264 135 159 0
s 131 466 63 80 0
s 132 332 335 107 0
s 133 462 62 102 0
s 134 230 139 135 0
s 135 155 398 323 0
s 136 184 275 129 0
s 137 491 115 314 0
s 138 28 13 161 0
s 139 418 5 0 0
s 140 354 362 265 0
s 141 305 13 163 0
s 142 103 59 353 0
s 143 249 153 214 0
s 144 233 249 2 0
s 145 232 456 340 0
s 146 226 73 269 0
s 147 301 63 304 0
s 148 406 439 239 0
s 149 387 49 334 0
s 150 16 368 155 0
s 151 481 124 345 0
s 152 158 158 45 0
s 153 494 468 137 0
s 154 89 299 262 0
s 155 298 352 63 0
s 156 481 296 297 0
s 157 221 309 319 0
s 158 22 51 97 0
s 159 128 57 267 0
s 160 245 480 205 0
s 161 493 304 31 0
s 162 71 39 49 0
s 163 62 291 317 0
s 164 327 92 146 0
s 165 263 306 231 0
s 166 251 144 94 0
s 167 55 142 251 0
s 168 404 266 294 0
s 169 20 409 159 0
s 170 96 342 337 0
s 171 321 457 322 0
s 172 193 353 278 0
s 173 18 262 228 0
s 174 72 403 317 0
s 175 213 93 290 0
s 176 292 333 51 0
s 177 260 69 104 0
s 178 281 328 345 0
s 179 246 260 117 0
s 180 378 264 248 0
s 181 164 421 45 0
s 182 222 87 355 0
s 183 443 496 62 0
s 184 288 103 72 0
s 185 136 499 154 0
s 186 19 409 261 0
s 187 339 259 173 0
s 188 113 63 107 0
s 189 368 350 187 0
s 190 99 474 314 0
s 191 181 73 112 0
s 192 198 120 241 0
s 193 185 250 36 0
s 194 440 292 256 0
s 195 269 60 34 0
s 196 450 344 116 0
s 197 120 319 253 0
s 198 43 358 14 0
s 199 298 119 143 0
s 200 156 392 321 0
s 201 73 364 278 0
s 202 379 318 270 0
s 203 168 389 12 0
s 204 451 265 77 0
s 205 6 488 130 0
s 206 68 411 123 0
s 207 394 7 281 0
s 208 338 352 11 0
s 209 24 324 15 0
s 210 131 334 90 0
s 211 43 34 305 0
s 212 108 230 227 0
s 213 495 280 282 0
s 214 103 391 259 0
s 215 29 269 96 0
s 216 209 329 322 0
s 217 2 458 318 0
s 218 363 406 144 0
s 219 100 475 154 0
s 220 19 280 272 0
s 221 406 401 124 0
s 222 459 333 91 0
s 223 479 393 153 0
s 224 182 61 204 0
s 225 180 102 307 0
s 226 215 295 163 0
s 227 355 164 22 0
s 228 12 24 16 0
s 229 391 121 161 0
s 230 342 468 191 0
s 231 225 105 102 0
s 232 150 408 338 0
s 233 282 439 206 0
s 234 208 278 255 0
s 235 93 26 221 0
s 236 490 79 63 0
s 237 346 54 342 0
s 238 357 232 216 0
s 239 30 15 292 0
b 208 0 351 355
m 208 3 0 351 355
m 208 11 0 351 355
m 208 14 0 351 355
m 208 38 0 351 355
m 208 55 0 351 355
m 208 61 0 351 355
m 208 66 0 351 355
m 208 76 0 351 355
m 208 87 0 351 355
m 208 92 0 351 355
m 208 98 0 351 355
m 208 99 0 351 355
m 208 101 0 351 355
m 208 120 0 351 355
m 208 122 0 351 355
m 208 128 0 351 355
m 208 132 0 351 355
m 208 140 0 351 355
m 208 155 0 351 355
m 208 176 0 351 355
m 208 178 0 351 355
m 208 189 0 351 355
m 208 202 0 351 355
m 208 218 0 351 355
b 208 1 351 355
m 208 3 1 351 355
m 208 11 1 351 355
m 208 14 1 351 355
m 208 38 1 351 355
m 208 55 1 351 355
m 208 61 1 351 355
m 208 66 1 351 355
m 208 76 1 351 355
m 208 87 1 351 355
m 208 92 1 351 355
m 208 98 1 351 355
m 208 99 1 351 355
m 208 101 1 351 355
m 208 120 1 351 355
m 208 122 1 351 355
m 208 128 1 351 355
m 208 132 1 351 355
m 208 140 1 351 355
m 208 155 1 351 355
m 208 176 1 351 355
m 208 178 1 351 355
m 208 189 1 351 355
m 208 202 1 351 355
m 208 218 1 351 355
b 208 2 351 355
m 208 3 2 351 355
m 208 11 2 351 355
m 208 14 2 351 355
m 208 38 2 351 355
m 208 55 2 351 355
m 208 61 2 351 355
m 208 66 2 351 355
m 208 76 2 351 355
m 208 87 2 351 355
m 208 92 2 351 355
m 208 98 2 351 355
m 208 99 2 351 355
m 208 101 2 351 355
m 208 120 2 351 355
m 208 122 2 351 355
m 208 128 2 351 355
m 208 132 2 351 355
m 208 140 2 351 355
m 208 155 2 351 355
m 208 176 2 351 355
m 208 178 2 351 355
m 208 189 2 351 355
m 208 202 2 351 355
m 208 218 2 351 355
b 208 3 351 355
m 208 3 3 24.0 576.0 1.0
m 208 11 3 24.0 576.0 1.0
m 208 14 3 24.0 576.0 1.0
m 208 38 3 24.0 576.0 1.0
m 208 55 3 24.0 576.0 1.0
m 208 61 3 24.0 576.0 1.0
m 208 66 3 24.0 576.0 1.0
m 208 76 3 24.0 576.0 1.0
m 208 87 3 24.0 576.0 1.0
m 208 92 3 24.0 576.0 1.0
m 208 98 3 24.0 576.0 1.0
m 208 99 3 24.0 576.0 1.0
m 208 101 3 24.0 576.0 1.0
m 208 120 3 24.0 576.0 1.0
m 208 122 3 24.0 576.0 1.0
m 208 128 3 24.0 576.0 1.0
m 208 132 3 24.0 576.0 1.0
m 208 140 3 24.0 576.0 1.0
m 208 155 3 24.0 576.0 1.0
m 208 176 3 24.0 576.0 1.0
m 208 178 3 24.0 576.0 1.0
m 208 189 3 24.0 576.0 1.0
m 208 202 3 24.0 576.0 1.0
m 208 218 3 24.0 576.0 1.0
b 3 0 275 337
m 3 47 0 275 337
m 3 165 0 275 337
m 3 216 0 275 337
b 3 1 275 337
m 3 47 1 275 337
m 3 165 1 275 337
m 3 216 1 275 337
b 3 2 275 337
m 3 47 2 275 337
m 3 165 2 275 337
m 3 216 2 275 337
b 3 3 275 337
m 3 47 3 17.0 387.0 0.3333333333333333
b 11 0 277 321
m 11 47 0 277 321
m 11 85 0 277 321
m 11 144 0 277 321
m 11 157 0 277 321
m 11 165 0 277 321
m 11 179 0 277 321
m 11 187 0 277 321
m 11 216 0 277 321
b 11 1 277 321
b 11 2 277 321
b 11 3 277 321
m 11 47 3 18.666666666666668 405.3333333333333 0.125
m 11 144 3 18.666666666666668 405.3333333333333 0.125
b 14 0 323 377
m 14 33 0 323 377
m 14 42 0 323 377
b 14 1 323 377
m 14 33 1 323 377
m 14 42 1 323 377
b 14 2 323 377
b 14 3 323 377
m 14 42 3 16.666666666666668 385.3333333333333 0.5
m 14 33 3 16.666666666666668 385.3333333333333 0.5
b 38 0 282 353
m 38 17 0 282 353
m 38 33 0 282 353
m 38 42 0 282 353
m 38 47 0 282 353
m 38 124 0 282 353
b 38 1 282 353
b 38 2 282 353
m 38 17 2 282 353
m 38 33 2 282 353
m 38 42 2 282 353
m 38 47 2 282 353
m 38 124 2 282 353
b 38 3 282 353
m 38 17 3 17.666666666666668 392.3333333333333 0.2
m 38 47 3 17.666666666666668 392.3333333333333 0.2
b 55 0 299 404
m 55 17 0 299 404
m 55 33 0 299 404
m 55 42 0 299 404
m 55 47 0 299 404
m 55 57 0 299 404
m 55 107 0 299 404
m 55 124 0 299 404
m 55 233 0 299 404
b 55 1 299 404
m 55 17 1 299 404
m 55 33 1 299 404
m 55 42 1 299 404
m 55 47 1 299 404
m 55 57 1 299 404
m 55 107 1 299 404
m 55 124 1 299 404
m 55 233 1 299 404
b 55 2 299 404
m 55 17 2 299 404
m 55 33 2 299 404
m 55 42 2 299 404
m 55 47 2 299 404
m 55 57 2 299 404
m 55 107 2 299 404
m 55 124 2 299 404
m 55 233 2 299 404
b 55 3 299 404
m 55 33 3 18.666666666666668 405.3333333333333 0.125
m 55 17 3 18.666666666666668 405.3333333333333 0.125
b 61 0 417 333
m 61 15 0 417 333
m 61 194 0 417 333
m 61 196 0 417 333
m 61 221 0 417 333
m 61 222 0 417 333
b 61 1 417 333
m 61 15 1 417 333
m 61 194 1 417 333
m 61 196 1 417 333
m 61 221 1 417 333
m 61 222 1 417 333
b 61 2 417 333
m 61 15 2 417 333
m 61 194 2 417 333
m 61 196 2 417 333
m 61 221 2 417 333
m 61 222 2 417 333
b 61 3 417 333
m 61 15 3 17.666666666666668 392.3333333333333 0.2
m 61 221 3 17.666666666666668 392.3333333333333 0.2
b 66 0 338 322
m 66 15 0 338 322
m 66 180 0 338 322
m 66 187 0 338 322
b 66 1 338 322
m 66 15 1 338 322
m 66 180 1 338 322
m 66 187 1 338 322
b 66 2 338 322
m 66 15 2 338 322
m 66 180 2 338 322
m 66 187 2 338 322
b 66 3 338 322
m 66 15 3 17.0 387.0 0.3333333333333333
b 76 0 343 372
m 76 33 0 343 372
m 76 42 0 343 372
m 76 47 0 343 372
b 76 1 343 372
m 76 33 1 343 372
m 76 42 1 343 372
m 76 47 1 343 372
b 76 2 343 372
m 76 33 2 343 372
m 76 42 2 343 372
m 76 47 2 343 372
b 76 3 343 372
m 76 47 3 17.0 387.0 0.3333333333333333
b 87 0 394 323
m 87 15 0 394 323
m 87 119 0 394 323
m 87 194 0 394 323
m 87 196 0 394 323
b 87 1 394 323
m 87 15 1 394 323
m 87 119 1 394 323
m 87 194 1 394 323
m 87 196 1 394 323
b 87 2 394 323
m 87 15 2 394 323
m 87 119 2 394 323
m 87 194 2 394 323
m 87 196 2 394 323
b 87 3 394 323
m 87 15 3 17.333333333333332 389.3333333333333 0.25
m 87 194 3 17.333333333333332 389.3333333333333 0.25
b 92 0 306 302
m 92 47 0 306 302
m 92 85 0 306 302
m 92 165 0 306 302
m 92 187 0 306 302
b 92 1 306 302
b 92 2 306 302
b 92 3 306 302
m 92 85 3 17.333333333333332 389.3333333333333 0.25
m 92 47 3 17.333333333333332 389.3333333333333 0.25
b 98 0 391 389
m 98 29 0 391 389
m 98 33 0 391 389
m 98 78 0 391 389
m 98 148 0 391 389
m 98 196 0 391 389
m 98 221 0 391 389
m 98 222 0 391 389
b 98 1 391 389
m 98 29 1 391 389
m 98 33 1 391 389
m 98 78 1 391 389
m 98 148 1 391 389
m 98 196 1 391 389
m 98 221 1 391 389
m 98 222 1 391 389
b 98 2 391 389
b 98 3 391 389
m 98 78 3 18.333333333333332 400.3333333333333 0.14285714285714285
b 99 0 356 367
m 99 33 0 356 367
m 99 42 0 356 367
m 99 78 0 356 367
m 99 148 0 356 367
m 99 221 0 356 367
b 99 1 356 367
m 99 33 1 356 367
m 99 42 1 356 367
m 99 78 1 356 367
m 99 148 1 356 367
m 99 221 1 356 367
b 99 2 356 367
b 99 3 356 367
m 99 33 3 17.666666666666668 392.3333333333333 0.2
m 99 78 3 17.666666666666668 392.3333333333333 0.2
b 101 0 347 298
m 101 15 0 347 298
m 101 119 0 347 298
m 101 180 0 347 298
m 101 187 0 347 298
b 101 1 347 298
m 101 15 1 347 298
m 101 119 1 347 298
m 101 180 1 347 298
m 101 187 1 347 298
b 101 2 347 298
m 101 15 2 347 298
m 101 119 2 347 298
m 101 180 2 347 298
m 101 187 2 347 298
b 101 3 347 298
m 101 180 3 17.333333333333332 389.3333333333333 0.25
m 101 119 3 17.333333333333332 389.3333333333333 0.25
b 120 0 258 355
m 120 9 0 258 355
m 120 17 0 258 355
m 120 27 0 258 355
m 120 47 0 258 355
m 120 57 0 258 355
m 120 74 0 258 355
m 120 100 0 258 355
m 120 107 0 258 355
m 120 124 0 258 355
m 120 157 0 258 355
m 120 165 0 258 355
m 120 216 0 258 355
m 120 233 0 258 355
b 120 1 258 355
m 120 9 1 258 355
m 120 17 1 258 355
m 120 27 1 258 355
m 120 47 1 258 355
m 120 57 1 258 355
m 120 74 1 258 355
m 120 100 1 258 355
m 120 107 1 258 355
m 120 124 1 258 355
m 120 157 1 258 355
m 120 165 1 258 355
m 120 216 1 258 355
m 120 233 1 258 355
b 120 2 258 355
b 120 3 258 355
m 120 233 3 20.333333333333332 440.3333333333333 0.3420143648226326
m 120 100 3 20.333333333333332 440.3333333333333 0.3420143648226326
m 120 165 3 20.333333333333332 440.3333333333333 0.3420143648226326
m 120 157 3 20.333333333333332 440.3333333333333 0.3420143648226326
m 120 57 3 20.333333333333332 440.3333333333333 0.3420143648226326
b 122 0 363 312
m 122 15 0 363 312
m 122 119 0 363 312
m 122 180 0 363 312
b 122 1 363 312
m 122 15 1 363 312
m 122 119 1 363 312
m 122 180 1 363 312
b 122 2 363 312
b 122 3 363 312
m 122 15 3 17.0 387.0 0.3333333333333333
b 128 0 341 369
m 128 33 0 341 369
m 128 42 0 341 369
m 128 221 0 341 369
b 128 1 341 369
m 128 33 1 341 369
m 128 42 1 341 369
m 128 221 1 341 369
b 128 2 341 369
b 128 3 341 369
m 128 221 3 17.0 387.0 0.3333333333333333
b 132 0 325 359
m 132 33 0 325 359
m 132 42 0 325 359
m 132 47 0 325 359
b 132 1 325 359
m 132 33 1 325 359
m 132 42 1 325 359
m 132 47 1 325 359
b 132 2 325 359
m 132 33 2 325 359
m 132 42 2 325 359
m 132 47 2 325 359
b 132 3 325 359
m 132 47 3 17.0 387.0 0.3333333333333333
b 140 0 352 337
m 140 33 0 352 337
m 140 42 0 352 337
b 140 1 352 337
b 140 2 352 337
b 140 3 352 337
m 140 42 3 16.666666666666668 385.3333333333333 0.5
m 140 33 3 16.666666666666668 385.3333333333333 0.5
b 155 0 309 374
m 155 33 0 309 374
m 155 42 0 309 374
m 155 47 0 309 374
b 155 1 309 374
m 155 33 1 309 374
m 155 42 1 309 374
m 155 47 1 309 374
b 155 2 309 374
m 155 33 2 309 374
m 155 42 2 309 374
m 155 47 2 309 374
b 155 3 309 374
m 155 47 3 17.0 387.0 0.3333333333333333
b 176 0 308 352
m 176 42 0 308 352
m 176 47 0 308 352
b 176 1 308 352
m 176 42 1 308 352
m 176 47 1 308 352
b 176 2 308 352
m 176 42 2 308 352
m 176 47 2 308 352
b 176 3 308 352
m 176 47 3 16.666666666666668 385.3333333333333 0.5
m 176 42 3 16.666666666666668 385.3333333333333 0.5
b 178 0 305 321
m 178 47 0 305 321
m 178 165 0 305 321
m 178 187 0 305 321
b 178 1 305 321
b 178 2 305 321
m 178 47 2 305 321
m 178 165 2 305 321
m 178 187 2 305 321
b 178 3 305 321
m 178 47 3 17.0 387.0 0.3333333333333333
b 189 0 343 347
b 189 1 343 347
b 189 2 343 347
b 189 3 343 347
b 202 0 379 293
m 202 15 0 379 293
m 202 79 0 379 293
m 202 119 0 379 293
m 202 168 0 379 293
m 202 180 0 379 293
m 202 194 0 379 293
b 202 1 379 293
m 202 15 1 379 293
m 202 79 1 379 293
m 202 119 1 379 293
m 202 168 1 379 293
m 202 180 1 379 293
m 202 194 1 379 293
b 202 2 379 293
m 202 15 2 379 293
m 202 79 2 379 293
m 202 119 2 379 293
m 202 168 2 379 293
m 202 180 2 379 293
m 202 194 2 379 293
b 202 3 379 293
m 202 168 3 18.0 396.0 0.16666666666666666
m 202 194 3 18.0 396.0 0.16666666666666666
b 218 0 343 420
m 218 29 0 343 420
m 218 33 0 343 420
m 218 42 0 343 420
m 218 78 0 343 420
m 218 82 0 343 420
m 218 148 0 343 420
m 218 171 0 343 420
m 218 221 0 343 420
b 218 1 343 420
m 218 29 1 343 420
m 218 33 1 343 420
m 218 42 1 343 420
m 218 78 1 343 420
m 218 82 1 343 420
m 218 148 1 343 420
m 218 171 1 343 420
m 218 221 1 343 420
b 218 2 343 420
b 218 3 343 420
m 218 33 3 18.666666666666668 405.3333333333333 0.125
m 218 29 3 18.666666666666668 405.3333333333333 0.125
b 9 0 223 339
m 9 54 0 223 339
m 9 111 0 223 339
m 9 135 0 223 339
m 9 172 0 223 339
m 9 200 0 223 339
m 9 203 0 223 339
m 9 226 0 223 339
m 9 232 0 223 339
b 9 1 223 339
m 9 54 1 223 339
m 9 111 1 223 339
m 9 135 1 223 339
m 9 172 1 223 339
m 9 179 1 223 339
m 9 200 1 223 339
m 9 203 1 223 339
m 9 226 1 223 339
m 9 232 1 223 339
b 15 0 431 293
m 15 37 0 431 293
m 15 73 0 431 293
m 15 88 0 431 293
m 15 156 0 431 293
m 15 161 0 431 293
m 15 204 0 431 293
m 15 213 0 431 293
b 15 1 431 293
m 15 37 1 431 293
m 15 73 1 431 293
m 15 88 1 431 293
m 15 156 1 431 293
m 15 161 1 431 293
m 15 204 1 431 293
m 15 213 1 431 293
b 15 2 431 293
m 15 37 2 431 293
m 15 73 2 431 293
m 15 88 2 431 293
m 15 156 2 431 293
m 15 161 2 431 293
m 15 204 2 431 293
m 15 213 2 431 293
b 15 3 431 293
m 15 79 3 15.5 314.5 0.29893365986811055
m 15 222 3 15.5 314.5 0.29893365986811055
m 15 88 3 15.5 314.5 0.29893365986811055
b 17 0 230 424
m 17 20 0 230 424
m 17 93 0 230 424
m 17 96 0 230 424
m 17 112 0 230 424
m 17 117 0 230 424
m 17 145 0 230 424
m 17 160 0 230 424
m 17 181 0 230 424
m 17 200 0 230 424
m 17 203 0 230 424
b 17 1 230 424
m 17 20 1 230 424
m 17 93 1 230 424
m 17 96 1 230 424
m 17 112 1 230 424
m 17 117 1 230 424
m 17 145 1 230 424
m 17 160 1 230 424
m 17 181 1 230 424
m 17 200 1 230 424
m 17 203 1 230 424
b 17 2 230 424
b 17 3 230 424
m 17 27 3 16.5 336.5 0.32965516097188696
m 17 20 3 16.5 336.5 0.32965516097188696
m 17 93 3 16.5 336.5 0.32965516097188696
m 17 200 3 16.5 336.5 0.32965516097188696
m 17 124 3 16.5 336.5 0.32965516097188696
b 27 0 211 425
m 27 20 0 211 425
m 27 93 0 211 425
m 27 96 0 211 425
m 27 112 0 211 425
m 27 117 0 211 425
m 27 135 0 211 425
m 27 145 0 211 425
m 27 160 0 211 425
m 27 181 0 211 425
m 27 200 0 211 425
m 27 203 0 211 425
m 27 232 0 211 425
b 27 1 211 425
m 27 20 1 211 425
m 27 93 1 211 425
m 27 96 1 211 425
m 27 112 1 211 425
m 27 117 1 211 425
m 27 135 1 211 425
m 27 145 1 211 425
m 27 160 1 211 425
m 27 181 1 211 425
m 27 200 1 211 425
m 27 203 1 211 425
m 27 232 1 211 425
b 29 0 429 443
m 29 129 0 429 443
m 29 153 0 429 443
m 29 183 0 429 443
m 29 223 0 429 443
b 29 1 429 443
m 29 129 1 429 443
m 29 153 1 429 443
m 29 183 1 429 443
m 29 223 1 429 443
b 29 3 429 443
m 29 196 3 15.75 316.25 0.11841817186644774
b 33 0 348 401
m 33 69 0 348 401
m 33 230 0 348 401
b 33 1 348 401
m 33 69 1 348 401
m 33 230 1 348 401
b 33 2 348 401
b 33 3 348 401
m 33 82 3 13.75 295.25 0.8148939667927009
m 33 148 3 13.75 295.25 0.8148939667927009
m 33 69 3 13.75 295.25 0.8148939667927009
m 33 171 3 13.75 295.25 0.8148939667927009
m 33 230 3 13.75 295.25 0.8148939667927009
b 42 0 319 383
m 42 69 0 319 383
m 42 230 0 319 383
b 42 1 319 383
b 42 2 319 383
m 42 69 2 319 383
m 42 171 2 319 383
m 42 230 2 319 383
b 42 3 319 383
m 42 69 3 13.5 293.0 0.766006965374054
m 42 230 3 13.5 293.0 0.766006965374054
m 42 107 3 13.5 293.0 0.766006965374054
m 42 171 3 13.5 293.0 0.766006965374054
b 47 0 276 359
b 47 1 276 359
b 47 2 276 359
m 47 9 2 276 359
m 47 74 2 276 359
b 47 3 276 359
m 47 74 3 14.0 296.5 0.4812419562419562
m 47 107 3 14.0 296.5 0.4812419562419562
m 47 9 3 14.0 296.5 0.4812419562419562
b 57 0 212 414
m 57 93 0 212 414
m 57 96 0 212 414
m 57 112 0 212 414
m 57 117 0 212 414
m 57 135 0 212 414
m 57 145 0 212 414
m 57 160 0 212 414
m 57 181 0 212 414
m 57 200 0 212 414
m 57 203 0 212 414
m 57 232 0 212 414
b 57 1 212 414
m 57 93 1 212 414
m 57 96 1 212 414
m 57 112 1 212 414
m 57 117 1 212 414
m 57 135 1 212 414
m 57 145 1 212 414
m 57 160 1 212 414
m 57 181 1 212 414
m 57 200 1 212 414
m 57 203 1 212 414
m 57 232 1 212 414
b 57 2 212 414
m 57 27 2 212 414
m 57 93 2 212 414
m 57 96 2 212 414
m 57 112 2 212 414
m 57 117 2 212 414
m 57 135 2 212 414
m 57 145 2 212 414
m 57 160 2 212 414
m 57 181 2 212 414
m 57 200 2 212 414
m 57 203 2 212 414
m 57 232 2 212 414
b 57 3 212 414
m 57 27 3 18.75 379.25 0.3884161232500503
m 57 117 3 18.75 379.25 0.3884161232500503
m 57 145 3 18.75 379.25 0.3884161232500503
m 57 200 3 18.75 379.25 0.3884161232500503
m 57 124 3 18.75 379.25 0.3884161232500503
m 57 160 3 18.75 379.25 0.3884161232500503
b 74 0 226 323
m 74 4 0 226 323
m 74 54 0 226 323
m 74 111 0 226 323
m 74 172 0 226 323
m 74 193 0 226 323
m 74 200 0 226 323
m 74 226 0 226 323
b 74 1 226 323
m 74 4 1 226 323
m 74 54 1 226 323
m 74 111 1 226 323
m 74 172 1 226 323
m 74 179 1 226 323
m 74 193 1 226 323
m 74 200 1 226 323
m 74 226 1 226 323
b 78 0 410 387
m 78 129 0 410 387
m 78 223 0 410 387
b 78 1 410 387
m 78 129 1 410 387
m 78 223 1 410 387
b 78 3 410 387
m 78 148 3 15.25 309.25 0.13150720763801185
b 79 0 419 274
m 79 2 0 419 274
m 79 73 0 419 274
m 79 88 0 419 274
m 79 127 0 419 274
m 79 156 0 419 274
m 79 161 0 419 274
m 79 204 0 419 274
m 79 213 0 419 274
b 79 1 419 274
b 79 2 419 274
b 82 0 382 441
m 82 69 0 382 441
b 82 1 382 441
m 82 69 1 382 441
b 85 0 314 271
m 85 70 0 314 271
m 85 77 0 314 271
m 85 90 0 314 271
m 85 238 0 314 271
b 85 3 314 271
m 85 77 3 14.25 298.25 0.3142740363453437
m 85 90 3 14.25 298.25 0.3142740363453437
b 100 0 177 340
m 100 6 0 177 340
m 100 8 0 177 340
m 100 10 0 177 340
m 100 52 0 177 340
m 100 54 0 177 340
m 100 111 0 177 340
m 100 135 0 177 340
m 100 136 0 177 340
m 100 172 0 177 340
m 100 200 0 177 340
m 100 203 0 177 340
m 100 210 0 177 340
m 100 226 0 177 340
m 100 232 0 177 340
b 100 1 177 340
m 100 6 1 177 340
m 100 8 1 177 340
m 100 10 1 177 340
m 100 52 1 177 340
m 100 54 1 177 340
m 100 111 1 177 340
m 100 135 1 177 340
m 100 136 1 177 340
m 100 172 1 177 340
m 100 200 1 177 340
m 100 203 1 177 340
m 100 210 1 177 340
m 100 226 1 177 340
m 100 232 1 177 340
b 100 3 177 340
m 100 124 3 19.75 411.25 0.4469791712418269
m 100 54 3 19.75 411.25 0.4469791712418269
m 100 216 3 19.75 411.25 0.4469791712418269
m 100 74 3 19.75 411.25 0.4469791712418269
m 100 203 3 19.75 411.25 0.4469791712418269
m 100 111 3 19.75 411.25 0.4469791712418269
m 100 8 3 19.75 411.25 0.4469791712418269
m 100 135 3 19.75 411.25 0.4469791712418269
m 100 52 3 19.75 411.25 0.4469791712418269
b 107 0 258 402
m 107 96 0 258 402
m 107 145 0 258 402
m 107 160 0 258 402
m 107 203 0 258 402
m 107 232 0 258 402
b 107 1 258 402
m 107 96 1 258 402
m 107 145 1 258 402
m 107 160 1 258 402
m 107 203 1 258 402
m 107 232 1 258 402
b 107 2 258 402
m 107 27 2 258 402
m 107 96 2 258 402
m 107 145 2 258 402
m 107 160 2 258 402
m 107 203 2 258 402
m 107 232 2 258 402
b 119 0 421 284
m 119 2 0 421 284
m 119 73 0 421 284
m 119 88 0 421 284
m 119 127 0 421 284
m 119 204 0 421 284
b 119 1 421 284
b 119 2 421 284
b 119 3 421 284
m 119 79 3 14.5 301.0 0.34655790384377705
m 119 127 3 14.5 301.0 0.34655790384377705
m 119 88 3 14.5 301.0 0.34655790384377705
b 124 0 245 374
m 124 172 0 245 374
m 124 200 0 245 374
m 124 203 0 245 374
m 124 232 0 245 374
b 124 1 245 374
m 124 172 1 245 374
m 124 200 1 245 374
m 124 203 1 245 374
m 124 232 1 245 374
b 124 2 245 374
b 144 0 270 250
m 144 70 0 270 250
m 144 75 0 270 250
m 144 77 0 270 250
m 144 108 0 270 250
m 144 193 0 270 250
m 144 234 0 270 250
b 144 3 270 250
m 144 234 3 16.25 324.25 0.14833185971117005
m 144 75 3 16.25 324.25 0.14833185971117005
b 148 0 387 407
m 148 223 0 387 407
b 148 1 387 407
m 148 223 1 387 407
b 157 0 249 284
m 157 4 0 249 284
m 157 108 0 249 284
m 157 111 0 249 284
m 157 172 0 249 284
m 157 193 0 249 284
m 157 226 0 249 284
m 157 234 0 249 284
b 157 1 249 284
m 157 4 1 249 284
m 157 108 1 249 284
m 157 111 1 249 284
m 157 144 1 249 284
m 157 172 1 249 284
m 157 179 1 249 284
m 157 193 1 249 284
m 157 226 1 249 284
m 157 234 1 249 284
b 157 3 249 284
m 157 226 3 18.0 360.5 0.3116864315783297
m 157 234 3 18.0 360.5 0.3116864315783297
m 157 172 3 18.0 360.5 0.3116864315783297
m 157 108 3 18.0 360.5 0.3116864315783297
b 165 0 240 277
m 165 4 0 240 277
m 165 108 0 240 277
m 165 193 0 240 277
m 165 226 0 240 277
m 165 234 0 240 277
b 165 1 240 277
b 165 2 240 277
m 165 4 2 240 277
m 165 9 2 240 277
m 165 74 2 240 277
m 165 85 2 240 277
m 165 108 2 240 277
m 165 144 2 240 277
m 165 157 2 240 277
m 165 179 2 240 277
m 165 193 2 240 277
m 165 226 2 240 277
m 165 234 2 240 277
b 165 3 240 277
m 165 9 3 17.75 355.25 0.27474695202301025
m 165 108 3 17.75 355.25 0.27474695202301025
m 165 4 3 17.75 355.25 0.27474695202301025
b 168 0 419 232
m 168 2 0 419 232
m 168 83 0 419 232
m 168 88 0 419 232
m 168 127 0 419 232
b 168 1 419 232
m 168 2 1 419 232
m 168 83 1 419 232
m 168 88 1 419 232
m 168 127 1 419 232
b 168 2 419 232
m 168 2 2 419 232
m 168 83 2 419 232
m 168 88 2 419 232
m 168 127 2 419 232
b 168 3 419 232
m 168 88 3 14.75 303.25 0.1470540758676352
b 171 0 350 434
m 171 40 0 350 434
m 171 69 0 350 434
m 171 230 0 350 434
b 171 1 350 434
b 179 0 229 293
m 179 4 0 229 293
m 179 108 0 229 293
m 179 111 0 229 293
m 179 136 0 229 293
m 179 172 0 229 293
m 179 193 0 229 293
m 179 226 0 229 293
m 179 234 0 229 293
b 180 0 364 230
m 180 2 0 364 230
m 180 70 0 364 230
m 180 83 0 364 230
m 180 89 0 364 230
m 180 90 0 364 230
m 180 127 0 364 230
m 180 227 0 364 230
m 180 238 0 364 230
b 180 1 364 230
m 180 2 1 364 230
m 180 70 1 364 230
m 180 83 1 364 230
m 180 85 1 364 230
m 180 89 1 364 230
m 180 90 1 364 230
m 180 127 1 364 230
m 180 227 1 364 230
m 180 238 1 364 230
b 180 2 364 230
b 180 3 364 230
m 180 2 3 15.25 312.25 0.39917151419002295
m 180 187 3 15.25 312.25 0.39917151419002295
m 180 227 3 15.25 312.25 0.39917151419002295
m 180 70 3 15.25 312.25 0.39917151419002295
b 187 0 302 264
m 187 70 0 302 264
m 187 77 0 302 264
m 187 90 0 302 264
m 187 238 0 302 264
b 187 1 302 264
m 187 70 1 302 264
m 187 77 1 302 264
m 187 85 1 302 264
m 187 90 1 302 264
m 187 144 1 302 264
m 187 238 1 302 264
b 187 2 302 264
m 187 70 2 302 264
m 187 77 2 302 264
m 187 85 2 302 264
m 187 90 2 302 264
m 187 144 2 302 264
m 187 238 2 302 264
b 194 0 431 256
m 194 2 0 431 256
m 194 73 0 431 256
m 194 88 0 431 256
m 194 127 0 431 256
m 194 156 0 431 256
m 194 204 0 431 256
m 194 213 0 431 256
b 194 1 431 256
m 194 2 1 431 256
m 194 73 1 431 256
m 194 88 1 431 256
m 194 127 1 431 256
m 194 156 1 431 256
m 194 204 1 431 256
m 194 213 1 431 256
b 194 2 431 256
m 194 2 2 431 256
m 194 73 2 431 256
m 194 88 2 431 256
m 194 127 2 431 256
m 194 156 2 431 256
m 194 204 2 431 256
m 194 213 2 431 256
b 194 3 431 256
m 194 127 3 15.0 308.0 0.3862305854241338
m 194 204 3 15.0 308.0 0.3862305854241338
m 194 73 3 15.0 308.0 0.3862305854241338
m 194 2 3 15.0 308.0 0.3862305854241338
b 196 0 434 378
m 196 37 0 434 378
m 196 129 0 434 378
m 196 223 0 434 378
b 196 1 434 378
m 196 37 1 434 378
m 196 129 1 434 378
m 196 223 1 434 378
b 196 2 434 378
b 216 0 238 307
m 216 4 0 238 307
m 216 54 0 238 307
m 216 111 0 238 307
m 216 172 0 238 307
m 216 193 0 238 307
m 216 226 0 238 307
b 216 1 238 307
m 216 4 1 238 307
m 216 54 1 238 307
m 216 111 1 238 307
m 216 144 1 238 307
m 216 172 1 238 307
m 216 179 1 238 307
m 216 193 1 238 307
m 216 226 1 238 307
b 216 2 238 307
m 216 4 2 238 307
m 216 9 2 238 307
m 216 54 2 238 307
m 216 74 2 238 307
m 216 100 2 238 307
m 216 111 2 238 307
m 216 144 2 238 307
m 216 157 2 238 307
m 216 172 2 238 307
m 216 179 2 238 307
m 216 193 2 238 307
m 216 226 2 238 307
b 221 0 385 432
m 221 223 0 385 432
b 221 1 385 432
m 221 223 1 385 432
b 221 2 385 432
b 221 3 385 432
m 221 82 3 14.5 300.5 0.21398944655785979
m 221 196 3 14.5 300.5 0.21398944655785979
b 222 0 459 370
m 222 37 0 459 370
m 222 129 0 459 370
m 222 161 0 459 370
m 222 204 0 459 370
m 222 223 0 459 370
b 222 1 459 370
m 222 37 1 459 370
m 222 129 1 459 370
m 222 161 1 459 370
m 222 204 1 459 370
m 222 223 1 459 370
b 222 2 459 370
b 233 0 249 423
m 233 20 0 249 423
m 233 69 0 249 423
m 233 96 0 249 423
m 233 117 0 249 423
m 233 145 0 249 423
m 233 160 0 249 423
m 233 203 0 249 423
m 233 230 0 249 423
b 233 1 249 423
m 233 20 1 249 423
m 233 69 1 249 423
m 233 96 1 249 423
m 233 117 1 249 423
m 233 145 1 249 423
m 233 160 1 249 423
m 233 203 1 249 423
m 233 230 1 249 423
b 233 2 249 423
m 233 20 2 249 423
m 233 27 2 249 423
m 233 69 2 249 423
m 233 96 2 249 423
m 233 117 2 249 423
m 233 145 2 249 423
m 233 160 2 249 423
m 233 203 2 249 423
m 233 230 2 249 423
b 233 3 249 423
m 233 20 3 18.0 360.5 0.3116864315783297
m 233 96 3 18.0 360.5 0.3116864315783297
m 233 69 3 18.0 360.5 0.3116864315783297
m 233 107 3 18.0 360.5 0.3116864315783297
b 2 0 395 233
b 2 1 395 233
b 2 2 395 233
b 2 3 395 233
m 2 83 3 12.6 250.60000000000002 0.5
m 2 89 3 12.6 250.60000000000002 0.5
b 4 0 157 286
m 4 0 0 157 286
m 4 32 0 157 286
m 4 67 0 157 286
m 4 68 0 157 286
m 4 170 0 157 286
m 4 197 0 157 286
b 4 1 157 286
m 4 0 1 157 286
m 4 32 1 157 286
m 4 67 1 157 286
m 4 68 1 157 286
m 4 170 1 157 286
m 4 197 1 157 286
b 4 2 157 286
m 4 0 2 157 286
m 4 32 2 157 286
m 4 67 2 157 286
m 4 68 2 157 286
m 4 136 2 157 286
m 4 170 2 157 286
m 4 197 2 157 286
b 4 3 157 286
m 4 67 3 16.0 300.4 0.264113227398416
m 4 179 3 16.0 300.4 0.264113227398416
m 4 193 3 16.0 300.4 0.264113227398416
b 6 0 117 365
m 6 95 0 117 365
m 6 103 0 117 365
m 6 105 0 117 365
m 6 170 0 117 365
m 6 174 0 117 365
m 6 198 0 117 365
m 6 201 0 117 365
m 6 209 0 117 365
m 6 214 0 117 365
b 6 1 117 365
m 6 95 1 117 365
m 6 103 1 117 365
m 6 105 1 117 365
m 6 170 1 117 365
m 6 174 1 117 365
m 6 198 1 117 365
m 6 201 1 117 365
m 6 209 1 117 365
m 6 214 1 117 365
b 8 0 113 364
m 8 95 0 113 364
m 8 103 0 113 364
m 8 105 0 113 364
m 8 170 0 113 364
m 8 174 0 113 364
m 8 198 0 113 364
m 8 201 0 113 364
m 8 209 0 113 364
m 8 214 0 113 364
b 8 1 113 364
m 8 95 1 113 364
m 8 103 1 113 364
m 8 105 1 113 364
m 8 170 1 113 364
m 8 174 1 113 364
m 8 198 1 113 364
m 8 201 1 113 364
m 8 209 1 113 364
m 8 214 1 113 364
b 8 3 113 364
m 8 6 3 18.400000000000002 362.8 0.30957599041549905
m 8 232 3 18.400000000000002 362.8 0.30957599041549905
m 8 201 3 18.400000000000002 362.8 0.30957599041549905
m 8 105 3 18.400000000000002 362.8 0.30957599041549905
m 8 95 3 18.400000000000002 362.8 0.30957599041549905
b 9 2 235 340
b 9 3 235 340
m 9 179 3 11.6 238.0 0.5
m 9 232 3 11.6 238.0 0.5
b 10 0 131 355
m 10 95 0 131 355
m 10 103 0 131 355
m 10 105 0 131 355
m 10 170 0 131 355
m 10 174 0 131 355
m 10 198 0 131 355
m 10 201 0 131 355
m 10 214 0 131 355
b 10 1 131 355
m 10 95 1 131 355
m 10 103 1 131 355
m 10 105 1 131 355
m 10 170 1 131 355
m 10 174 1 131 355
m 10 198 1 131 355
m 10 201 1 131 355
m 10 214 1 131 355
b 20 0 249 497
b 20 1 249 497
b 20 2 249 497
b 20 3 249 497
m 20 112 3 13.399999999999999 269.4 1.0
b 27 2 202 433
m 27 185 2 202 433
b 27 3 202 433
m 27 112 3 14.0 272.4 0.25
m 27 185 3 14.0 272.4 0.25
b 37 0 461 345
b 37 1 461 345
b 37 2 461 345
b 40 0 336 465
b 52 0 124 371
m 52 95 0 124 371
m 52 103 0 124 371
m 52 105 0 124 371
m 52 170 0 124 371
m 52 174 0 124 371
m 52 198 0 124 371
m 52 201 0 124 371
m 52 214 0 124 371
b 52 1 124 371
m 52 95 1 124 371
m 52 103 1 124 371
m 52 105 1 124 371
m 52 170 1 124 371
m 52 174 1 124 371
m 52 198 1 124 371
m 52 201 1 124 371
m 52 214 1 124 371
b 52 3 124 371
m 52 6 3 18.2 357.8 0.26284091596770554
m 52 232 3 18.2 357.8 0.26284091596770554
m 52 201 3 18.2 357.8 0.26284091596770554
m 52 105 3 18.2 357.8 0.26284091596770554
b 54 0 157 366
m 54 95 0 157 366
m 54 105 0 157 366
m 54 170 0 157 366
m 54 214 0 157 366
b 54 1 157 366
b 54 2 157 366
b 54 3 157 366
m 54 105 3 17.6 345.2 0.05452959064000358
b 69 0 335 433
b 69 1 335 433
m 69 40 1 335 433
b 69 2 335 433
m 69 40 2 335 433
m 69 82 2 335 433
b 69 3 335 433
m 69 40 3 11.2 236.39999999999998 1.0
b 70 0 305 212
m 70 53 0 305 212
b 70 1 305 212
m 70 53 1 305 212
b 70 2 305 212
b 70 3 305 212
m 70 53 3 15.25 312.25 -1.0
b 73 0 461 278
b 73 1 461 278
b 73 2 461 278
b 73 3 461 278
m 73 161 3 12.8 249.6 0.040863986853748126
b 74 2 238 322
b 74 3 238 322
m 74 179 3 11.6 238.0 0.5
m 74 193 3 11.6 238.0 0.5
b 75 0 245 186
m 75 53 0 245 186
b 75 3 245 186
m 75 53 3 16.25 324.25 -1.0
b 77 0 302 183
m 77 53 0 302 183
b 77 1 302 183
m 77 53 1 302 183
b 77 2 302 183
b 77 3 302 183
m 77 53 3 14.25 298.25 -1.0
b 79 3 414 285
m 79 161 3 12.8 252.4 0.5
m 79 213 3 12.8 252.4 0.5
b 82 3 390 433
m 82 223 3 11.2 236.39999999999998 1.0
b 83 0 384 196
m 83 229 0 384 196
b 83 1 384 196
m 83 229 1 384 196
b 83 2 384 196
m 83 89 2 384 196
m 83 227 2 384 196
m 83 229 2 384 196
b 85 1 318 282
b 85 2 318 282
b 88 0 456 308
b 88 1 456 308
b 88 2 456 308
b 88 3 456 308
m 88 161 3 13.200000000000001 254.79999999999998 0.25
m 88 37 3 13.200000000000001 254.79999999999998 0.25
b 89 0 320 216
b 89 1 320 216
b 90 0 356 220
b 90 1 356 220
b 90 2 356 220
m 90 89 2 356 220
m 90 227 2 356 220
b 90 3 356 220
m 90 238 3 12.0 240.4 0.1283193431850193
b 93 0 194 430
m 93 7 0 194 430
m 93 65 0 194 430
m 93 94 0 194 430
m 93 185 0 194 430
m 93 190 0 194 430
b 93 1 194 430
m 93 7 1 194 430
m 93 65 1 194 430
m 93 94 1 194 430
m 93 185 1 194 430
m 93 190 1 194 430
b 93 2 194 430
m 93 7 2 194 430
m 93 65 2 194 430
m 93 94 2 194 430
m 93 185 2 194 430
m 93 190 2 194 430
b 93 3 194 430
m 93 112 3 14.799999999999999 282.0 0.16063032410785966
m 93 7 3 14.799999999999999 282.0 0.16063032410785966
b 96 0 210 441
m 96 94 0 210 441
m 96 185 0 210 441
b 96 1 210 441
m 96 94 1 210 441
m 96 185 1 210 441
b 96 2 210 441
b 96 3 210 441
m 96 112 3 15.200000000000001 291.59999999999997 0.25
m 96 94 3 15.200000000000001 291.59999999999997 0.25
b 100 2 167 333
m 100 6 2 167 333
m 100 8 2 167 333
m 100 10 2 167 333
m 100 52 2 167 333
m 100 95 2 167 333
m 100 105 2 167 333
m 100 136 2 167 333
m 100 170 2 167 333
m 100 210 2 167 333
b 107 3 270 400
m 107 232 3 11.0 234.6 1.0
b 108 0 226 250
m 108 81 0 226 250
m 108 152 0 226 250
m 108 166 0 226 250
b 108 1 226 250
m 108 75 1 226 250
m 108 81 1 226 250
m 108 152 1 226 250
m 108 166 1 226 250
b 108 2 226 250
m 108 75 2 226 250
m 108 81 2 226 250
m 108 152 2 226 250
m 108 166 2 226 250
b 108 3 226 250
m 108 81 3 15.4 293.4 0.2
m 108 179 3 15.4 293.4 0.2
b 111 0 156 328
m 111 95 0 156 328
m 111 105 0 156 328
m 111 170 0 156 328
b 111 1 156 328
m 111 95 1 156 328
m 111 105 1 156 328
m 111 170 1 156 328
b 111 2 156 328
m 111 6 2 156 328
m 111 8 2 156 328
m 111 10 2 156 328
m 111 52 2 156 328
m 111 95 2 156 328
m 111 105 2 156 328
m 111 136 2 156 328
m 111 170 2 156 328
b 111 3 156 328
m 111 6 3 17.6 345.2 0.05452959064000358
b 112 0 212 447
m 112 94 0 212 447
m 112 185 0 212 447
b 112 1 212 447
m 112 94 1 212 447
m 112 185 1 212 447
b 112 2 212 447
m 112 94 2 212 447
m 112 185 2 212 447
b 117 0 243 454
b 117 1 243 454
b 117 2 243 454
b 117 3 243 454
m 117 112 3 15.4 304.2 0.5
m 117 181 3 15.4 304.2 0.5
b 124 3 253 365
m 124 232 3 13.399999999999999 269.4 1.0
b 127 0 406 202
m 127 16 0 406 202
b 127 1 406 202
m 127 16 1 406 202
b 127 2 406 202
m 127 16 2 406 202
m 127 89 2 406 202
m 127 227 2 406 202
b 127 3 406 202
m 127 238 3 12.4 244.0 0.20172467752027995
b 129 0 494 429
m 129 91 0 494 429
b 129 1 494 429
m 129 91 1 494 429
b 135 0 194 369
b 135 1 194 369
b 135 2 194 369
m 135 6 2 194 369
m 135 8 2 194 369
m 135 10 2 194 369
m 135 52 2 194 369
m 135 210 2 194 369
b 135 3 194 369
m 135 210 3 16.6 332.2 0.25
m 135 10 3 16.6 332.2 0.25
b 136 0 153 313
m 136 0 0 153 313
m 136 95 0 153 313
m 136 105 0 153 313
m 136 170 0 153 313
m 136 197 0 153 313
b 136 1 153 313
m 136 0 1 153 313
m 136 95 1 153 313
m 136 105 1 153 313
m 136 170 1 153 313
m 136 197 1 153 313
b 144 1 282 251
b 144 2 282 251
b 145 0 278 439
b 145 1 278 439
m 145 40 1 278 439
b 145 2 278 439
b 145 3 278 439
m 145 40 3 15.4 304.2 0.5
m 145 112 3 15.4 304.2 0.5
b 148 3 381 397
m 148 223 3 11.2 236.39999999999998 1.0
b 153 0 464 495
m 153 91 0 464 495
b 153 1 464 495
m 153 91 1 464 495
b 156 0 489 268
b 156 1 489 268
b 156 2 489 268
b 157 2 258 277
b 160 0 200 459
m 160 94 0 200 459
m 160 185 0 200 459
b 160 1 200 459
m 160 94 1 200 459
m 160 185 1 200 459
b 160 2 200 459
b 160 3 200 459
m 160 94 3 15.8 306.59999999999997 0.25
m 160 185 3 15.8 306.59999999999997 0.25
b 161 0 458 297
b 161 1 458 297
b 161 2 458 297
b 171 2 360 426
b 171 3 360 426
m 171 40 3 11.2 236.39999999999998 1.0
b 172 0 199 304
b 172 1 199 304
b 172 2 199 304
m 172 136 2 199 304
b 172 3 199 304
m 172 179 3 15.0 290.2 0.3333333333333333
b 179 1 223 304
b 179 2 223 304
b 181 0 198 455
m 181 7 0 198 455
m 181 65 0 198 455
m 181 94 0 198 455
m 181 185 0 198 455
m 181 190 0 198 455
b 181 1 198 455
m 181 7 1 198 455
m 181 65 1 198 455
m 181 94 1 198 455
m 181 185 1 198 455
m 181 190 1 198 455
b 181 2 198 455
m 181 7 2 198 455
m 181 65 2 198 455
m 181 94 2 198 455
m 181 185 2 198 455
m 181 190 2 198 455
b 183 0 488 483
m 183 91 0 488 483
b 183 1 488 483
m 183 91 1 488 483
b 187 3 290 265
m 187 89 3 12.6 250.60000000000002 0.5
m 187 238 3 12.6 250.60000000000002 0.5
b 193 0 224 278
b 193 1 224 278
b 193 2 224 278
b 196 3 429 388
m 196 129 3 13.2 254.8 0.3333333333333333
b 200 0 195 361
b 200 1 195 361
b 200 2 195 361
m 200 10 2 195 361
m 200 52 2 195 361
m 200 210 2 195 361
b 200 3 195 361
m 200 210 3 13.799999999999999 271.0 0.3333333333333333
b 203 0 216 399
b 203 1 216 399
b 203 2 216 399
b 203 3 216 399
m 203 181 3 16.400000000000002 330.8 0.3333333333333333
b 204 0 462 313
b 204 1 462 313
b 204 2 462 313
b 204 3 462 313
m 204 161 3 12.8 249.6 0.040863986853748126
b 210 0 131 383
m 210 7 0 131 383
m 210 95 0 131 383
m 210 103 0 131 383
m 210 105 0 131 383
m 210 170 0 131 383
m 210 174 0 131 383
m 210 190 0 131 383
m 210 198 0 131 383
m 210 201 0 131 383
m 210 214 0 131 383
b 210 1 131 383
m 210 7 1 131 383
m 210 95 1 131 383
m 210 103 1 131 383
m 210 105 1 131 383
m 210 170 1 131 383
m 210 174 1 131 383
m 210 190 1 131 383
m 210 198 1 131 383
m 210 201 1 131 383
m 210 214 1 131 383
b 213 0 478 287
b 213 1 478 287
b 213 2 478 287
b 216 3 247 299
m 216 179 3 16.2 329.8 0.5
m 216 193 3 16.2 329.8 0.5
b 222 3 458 382
m 222 37 3 13.0 253.4 0.3333333333333333
b 223 0 436 415
b 223 1 436 415
b 226 0 168 309
m 226 0 0 168 309
m 226 170 0 168 309
b 226 1 168 309
m 226 0 1 168 309
m 226 170 1 168 309
b 226 2 168 309
b 226 3 168 309
m 226 136 3 15.4 293.4 0.2
m 226 0 3 15.4 293.4 0.2
b 227 0 400 182
m 227 16 0 400 182
m 227 44 0 400 182
m 227 229 0 400 182
b 227 1 400 182
m 227 16 1 400 182
m 227 44 1 400 182
m 227 229 1 400 182
b 227 3 400 182
m 227 89 3 13.399999999999999 257.0 0.239439719898018
m 227 238 3 13.399999999999999 257.0 0.239439719898018
b 230 0 294 459
b 230 1 294 459
b 230 2 294 459
b 230 3 294 459
m 230 40 3 11.2 236.39999999999998 1.0
b 232 0 195 389
b 232 1 195 389
b 232 2 195 389
b 234 0 196 231
m 234 0 0 196 231
m 234 12 0 196 231
m 234 81 0 196 231
m 234 123 0 196 231
m 234 152 0 196 231
b 234 1 196 231
m 234 0 1 196 231
m 234 12 1 196 231
m 234 81 1 196 231
m 234 123 1 196 231
m 234 152 1 196 231
b 234 2 196 231
m 234 0 2 196 231
m 234 12 2 196 231
m 234 81 2 196 231
m 234 123 2 196 231
m 234 152 2 196 231
b 234 3 196 231
m 234 81 3 14.4 269.2 0.11862334803606356
b 238 0 318 203
m 238 53 0 318 203
b 238 1 318 203
m 238 53 1 318 203
b 238 2 318 203
m 238 53 2 318 203
b 0 0 135 245
m 0 22 0 135 245
m 0 45 0 135 245
m 0 125 0 135 245
m 0 154 0 135 245
m 0 163 0 135 245
b 0 1 135 245
m 0 22 1 135 245
m 0 45 1 135 245
m 0 125 1 135 245
m 0 154 1 135 245
m 0 163 1 135 245
b 0 2 135 245
b 0 3 135 245
m 0 154 3 14.333333333333334 258.0 0.2953637090327738
m 0 197 3 14.333333333333334 258.0 0.2953637090327738
m 0 32 3 14.333333333333334 258.0 0.2953637090327738
b 6 2 109 374
m 6 103 2 109 374
m 6 174 2 109 374
m 6 198 2 109 374
m 6 201 2 109 374
m 6 209 2 109 374
m 6 214 2 109 374
b 6 3 109 374
m 6 190 3 16.500000000000004 310.5 0.0718454257135749
b 7 0 131 413
b 7 1 131 413
b 7 2 131 413
b 7 3 131 413
m 7 190 3 13.0 237.66666666666666 0.013737308541083714
b 8 2 103 356
b 10 2 119 352
m 10 103 2 119 352
m 10 174 2 119 352
m 10 198 2 119 352
m 10 201 2 119 352
m 10 209 2 119 352
m 10 214 2 119 352
b 10 3 119 352
m 10 170 3 14.833333333333334 282.8333333333333 0.3416143318950171
m 10 209 3 14.833333333333334 282.8333333333333 0.3416143318950171
m 10 214 3 14.833333333333334 282.8333333333333 0.3416143318950171
b 12 0 189 154
m 12 113 0 189 154
m 12 130 0 189 154
m 12 134 0 189 154
m 12 143 0 189 154
m 12 191 0 189 154
m 12 231 0 189 154
b 12 1 189 154
b 12 2 189 154
b 16 0 405 152
m 16 115 0 405 152
m 16 133 0 405 152
b 16 1 405 152
m 16 115 1 405 152
m 16 133 1 405 152
b 16 2 405 152
b 32 0 104 256
m 32 22 0 104 256
m 32 43 0 104 256
m 32 45 0 104 256
m 32 63 0 104 256
m 32 71 0 104 256
m 32 118 0 104 256
m 32 125 0 104 256
m 32 154 0 104 256
m 32 163 0 104 256
m 32 212 0 104 256
b 32 1 104 256
m 32 22 1 104 256
m 32 43 1 104 256
m 32 45 1 104 256
m 32 63 1 104 256
m 32 71 1 104 256
m 32 118 1 104 256
m 32 125 1 104 256
m 32 154 1 104 256
m 32 163 1 104 256
m 32 212 1 104 256
b 32 2 104 256
m 32 22 2 104 256
m 32 43 2 104 256
m 32 45 2 104 256
m 32 63 2 104 256
m 32 71 2 104 256
m 32 118 2 104 256
m 32 125 2 104 256
m 32 154 2 104 256
m 32 163 2 104 256
m 32 212 2 104 256
b 37 3 452 352
b 40 1 340 454
b 40 2 340 454
b 40 3 340 454
b 44 0 396 100
m 44 26 0 396 100
m 44 36 0 396 100
m 44 59 0 396 100
m 44 110 0 396 100
m 44 115 0 396 100
m 44 133 0 396 100
m 44 237 0 396 100
b 44 1 396 100
m 44 26 1 396 100
m 44 36 1 396 100
m 44 59 1 396 100
m 44 110 1 396 100
m 44 115 1 396 100
m 44 133 1 396 100
m 44 237 1 396 100
b 52 2 117 361
m 52 103 2 117 361
m 52 174 2 117 361
m 52 198 2 117 361
m 52 201 2 117 361
m 52 209 2 117 361
m 52 214 2 117 361
b 65 0 125 467
b 65 1 125 467
b 65 2 125 467
b 67 0 98 225
m 67 22 0 98 225
m 67 43 0 98 225
m 67 45 0 98 225
m 67 71 0 98 225
m 67 125 0 98 225
m 67 154 0 98 225
m 67 163 0 98 225
m 67 212 0 98 225
b 67 1 98 225
m 67 22 1 98 225
m 67 43 1 98 225
m 67 45 1 98 225
m 67 71 1 98 225
m 67 125 1 98 225
m 67 154 1 98 225
m 67 163 1 98 225
m 67 212 1 98 225
b 67 2 98 225
m 67 22 2 98 225
m 67 43 2 98 225
m 67 45 2 98 225
m 67 71 2 98 225
m 67 125 2 98 225
m 67 154 2 98 225
m 67 163 2 98 225
m 67 212 2 98 225
b 67 3 98 225
m 67 22 3 15.166666666666668 270.5 0.3235594942260744
m 67 212 3 15.166666666666668 270.5 0.3235594942260744
m 67 68 3 15.166666666666668 270.5 0.3235594942260744
m 67 43 3 15.166666666666668 270.5 0.3235594942260744
b 68 0 137 222
m 68 22 0 137 222
m 68 45 0 137 222
m 68 71 0 137 222
m 68 125 0 137 222
m 68 154 0 137 222
m 68 163 0 137 222
m 68 212 0 137 222
b 68 1 137 222
b 68 2 137 222
m 68 22 2 137 222
m 68 45 2 137 222
m 68 71 2 137 222
m 68 125 2 137 222
m 68 154 2 137 222
m 68 163 2 137 222
m 68 212 2 137 222
b 75 1 233 186
m 75 53 1 233 186
b 75 2 233 186
m 75 53 2 233 186
b 81 0 185 214
m 81 130 0 185 214
m 81 134 0 185 214
m 81 231 0 185 214
b 81 1 185 214
m 81 130 1 185 214
m 81 134 1 185 214
m 81 231 1 185 214
b 81 2 185 214
b 81 3 185 214
m 81 123 3 14.0 252.66666666666666 0.265090784515245
m 81 130 3 14.0 252.66666666666666 0.265090784515245
b 82 2 399 424
b 83 3 396 196
m 83 16 3 10.666666666666666 209.0 0.015625
b 89 2 311 224
m 89 184 2 311 224
b 89 3 311 224
m 89 184 3 10.666666666666666 209.0 0.015625
b 91 0 492 494
b 91 1 492 494
b 94 0 150 485
b 94 1 150 485
b 94 2 150 485
b 94 3 150 485
m 94 65 3 13.0 243.66666666666663 0.012115477383205342
b 95 0 145 319
m 95 45 0 145 319
b 95 1 145 319
m 95 45 1 145 319
b 95 2 145 319
b 95 3 145 319
m 95 198 3 16.666666666666668 313.0 0.14128494489409793
m 95 209 3 16.666666666666668 313.0 0.14128494489409793
b 103 0 99 352
m 103 18 0 99 352
m 103 121 0 99 352
m 103 150 0 99 352
m 103 215 0 99 352
b 103 1 99 352
m 103 18 1 99 352
m 103 121 1 99 352
m 103 150 1 99 352
m 103 215 1 99 352
b 105 0 130 297
m 105 45 0 130 297
m 105 163 0 130 297
b 105 1 130 297
m 105 45 1 130 297
m 105 163 1 130 297
b 105 2 130 297
b 105 3 130 297
m 105 174 3 17.000000000000004 319.0 0.23718719593602328
m 105 209 3 17.000000000000004 319.0 0.23718719593602328
m 105 103 3 17.000000000000004 319.0 0.23718719593602328
b 112 3 217 437
b 123 0 156 179
m 123 126 0 156 179
m 123 130 0 156 179
m 123 134 0 156 179
m 123 143 0 156 179
m 123 231 0 156 179
b 123 1 156 179
m 123 126 1 156 179
m 123 130 1 156 179
m 123 134 1 156 179
m 123 143 1 156 179
m 123 231 1 156 179
b 123 2 156 179
m 123 126 2 156 179
m 123 130 2 156 179
m 123 134 2 156 179
m 123 143 2 156 179
m 123 231 2 156 179
b 129 3 496 439
m 129 91 3 11.5 213.83333333333334 0.34624244169306073
m 129 183 3 11.5 213.83333333333334 0.34624244169306073
b 136 2 145 323
m 136 174 2 145 323
m 136 201 2 145 323
m 136 214 2 145 323
b 136 3 145 323
m 136 170 3 13.5 247.16666666666666 0.16029398703259617
b 152 0 201 201
m 152 130 0 201 201
m 152 134 0 201 201
m 152 231 0 201 201
b 152 1 201 201
m 152 130 1 201 201
m 152 134 1 201 201
m 152 231 1 201 201
b 152 2 201 201
b 161 3 446 294
m 161 156 3 10.833333333333332 208.16666666666666 1.0
b 166 0 247 205
m 166 53 0 247 205
b 166 1 247 205
m 166 53 1 247 205
b 166 2 247 205
b 170 0 152 318
b 170 1 152 318
b 170 2 152 318
b 174 0 116 361
m 174 18 0 116 361
m 174 121 0 116 361
b 174 1 116 361
m 174 18 1 116 361
m 174 121 1 116 361
b 179 3 218 315
b 181 3 207 464
m 181 190 3 13.166666666666668 254.16666666666666 0.5119832392440128
m 181 65 3 13.166666666666668 254.16666666666666 0.5119832392440128
b 185 0 173 449
b 185 1 173 449
b 185 2 173 449
b 185 3 173 449
m 185 190 3 12.0 227.66666666666666 0.01313639490884072
b 190 0 141 430
b 190 1 141 430
b 190 2 141 430
b 193 3 234 285
b 197 0 102 260
m 197 22 0 102 260
m 197 45 0 102 260
m 197 63 0 102 260
m 197 118 0 102 260
m 197 125 0 102 260
m 197 154 0 102 260
m 197 163 0 102 260
b 197 1 102 260
m 197 22 1 102 260
m 197 45 1 102 260
m 197 63 1 102 260
m 197 118 1 102 260
m 197 125 1 102 260
m 197 154 1 102 260
m 197 163 1 102 260
b 197 2 102 260
b 198 0 102 373
m 198 18 0 102 373
m 198 121 0 102 373
b 198 1 102 373
m 198 18 1 102 373
m 198 121 1 102 373
b 201 0 82 303
m 201 45 0 82 303
m 201 63 0 82 303
m 201 118 0 82 303
m 201 150 0 82 303
m 201 163 0 82 303
m 201 215 0 82 303
b 201 1 82 303
m 201 45 1 82 303
m 201 63 1 82 303
m 201 118 1 82 303
m 201 150 1 82 303
m 201 163 1 82 303
m 201 215 1 82 303
b 201 3 82 303
m 201 45 3 17.500000000000004 330.5 0.3233314989990847
m 201 103 3 17.500000000000004 330.5 0.3233314989990847
m 201 198 3 17.500000000000004 330.5 0.3233314989990847
m 201 118 3 17.500000000000004 330.5 0.3233314989990847
m 201 170 3 17.500000000000004 330.5 0.3233314989990847
b 209 0 83 340
m 209 18 0 83 340
m 209 121 0 83 340
m 209 150 0 83 340
m 209 186 0 83 340
m 209 215 0 83 340
b 209 1 83 340
m 209 18 1 83 340
m 209 121 1 83 340
m 209 150 1 83 340
m 209 186 1 83 340
m 209 215 1 83 340
b 210 2 131 395
b 210 3 131 395
m 210 103 3 14.666666666666668 281.0 0.3089728079271805
m 210 190 3 14.666666666666668 281.0 0.3089728079271805
b 213 3 470 296
m 213 156 3 10.833333333333332 210.5 0.01538461538461533
b 214 0 91 331
m 214 121 0 91 331
b 214 1 91 331
b 223 3 425 421
b 227 2 411 186
b 229 0 333 141
m 229 53 0 333 141
b 229 1 333 141
m 229 53 1 333 141
b 229 2 333 141
m 229 53 2 333 141
b 232 3 206 385
b 238 3 308 196
m 238 53 3 12.0 240.4 -1.0
b 16 3 394 158
m 16 133 3 9.428571428571429 179.71428571428572 0.023661510058568883
b 18 0 15 365
m 18 46 0 15 365
m 18 102 0 15 365
m 18 169 0 15 365
m 18 217 0 15 365
b 18 1 15 365
m 18 46 1 15 365
m 18 102 1 15 365
m 18 169 1 15 365
m 18 217 1 15 365
b 22 0 113 226
b 22 1 113 226
b 22 2 113 226
b 22 3 113 226
m 22 63 3 13.714285714285714 235.42857142857144 0.2
m 22 125 3 13.714285714285714 235.42857142857144 0.2
b 26 0 388 88
m 26 62 0 388 88
m 26 195 0 388 88
m 26 207 0 388 88
b 26 1 388 88
m 26 62 1 388 88
m 26 195 1 388 88
m 26 207 1 388 88
b 32 3 95 264
m 32 63 3 12.857142857142858 223.42857142857142 0.25
m 32 71 3 12.857142857142858 223.42857142857142 0.25
b 36 0 368 83
m 36 50 0 368 83
m 36 58 0 368 83
m 36 62 0 368 83
m 36 207 0 368 83
b 36 1 368 83
m 36 50 1 368 83
m 36 58 1 368 83
m 36 62 1 368 83
m 36 207 1 368 83
b 43 0 67 227
m 43 23 0 67 227
m 43 64 0 67 227
m 43 109 0 67 227
m 43 173 0 67 227
m 43 220 0 67 227
b 43 1 67 227
b 43 2 67 227
b 43 3 67 227
m 43 109 3 14.428571428571429 246.14285714285714 0.307604012148393
m 43 126 3 14.428571428571429 246.14285714285714 0.307604012148393
m 43 220 3 14.428571428571429 246.14285714285714 0.307604012148393
m 43 163 3 14.428571428571429 246.14285714285714 0.307604012148393
b 45 0 118 242
b 45 1 118 242
b 45 2 118 242
b 45 3 118 242
m 45 63 3 15.428571428571432 284.57142857142856 0.3333333333333333
b 59 0 400 59
m 59 50 0 400 59
m 59 58 0 400 59
m 59 62 0 400 59
m 59 84 0 400 59
m 59 147 0 400 59
m 59 149 0 400 59
m 59 207 0 400 59
b 59 1 400 59
m 59 50 1 400 59
m 59 58 1 400 59
m 59 62 1 400 59
m 59 84 1 400 59
m 59 147 1 400 59
m 59 149 1 400 59
m 59 207 1 400 59
b 63 0 66 266
m 63 23 0 66 266
m 63 173 0 66 266
m 63 220 0 66 266
b 63 1 66 266
m 63 23 1 66 266
m 63 173 1 66 266
m 63 220 1 66 266
b 63 2 66 266
m 63 23 2 66 266
m 63 173 2 66 266
m 63 220 2 66 266
b 65 3 119 457
b 68 3 148 216
m 68 114 3 13.857142857142858 237.0 0.07972137475948318
b 71 0 106 197
m 71 31 0 106 197
m 71 86 0 106 197
m 71 114 0 106 197
m 71 188 0 106 197
b 71 1 106 197
b 71 2 106 197
m 71 31 2 106 197
m 71 86 2 106 197
m 71 114 2 106 197
m 71 188 2 106 197
b 91 3 497 493
m 91 153 3 10.0 183.42857142857142 1.0
b 103 2 110 349
m 103 121 2 110 349
m 103 150 2 110 349
b 103 3 110 349
m 103 121 3 14.857142857142861 274.0 0.5
m 103 150 3 14.857142857142861 274.0 0.5
b 110 0 385 63
m 110 50 0 385 63
m 110 58 0 385 63
m 110 62 0 385 63
m 110 84 0 385 63
m 110 116 0 385 63
m 110 147 0 385 63
m 110 149 0 385 63
m 110 207 0 385 63
b 110 1 385 63
m 110 50 1 385 63
m 110 58 1 385 63
m 110 62 1 385 63
m 110 84 1 385 63
m 110 116 1 385 63
m 110 147 1 385 63
m 110 149 1 385 63
m 110 207 1 385 63
b 113 0 200 102
m 113 53 0 200 102
b 115 0 398 86
m 115 50 0 398 86
m 115 207 0 398 86
b 115 1 398 86
m 115 50 1 398 86
m 115 207 1 398 86
b 118 0 42 298
m 118 23 0 42 298
m 118 220 0 42 298
b 118 1 42 298
m 118 23 1 42 298
m 118 220 1 42 298
b 118 2 42 298
b 118 3 42 298
m 118 63 3 15.857142857142861 288.42857142857144 0.16666666666666666
m 118 23 3 15.857142857142861 288.42857142857144 0.16666666666666666
b 121 0 43 364
m 121 46 0 43 364
m 121 102 0 43 364
m 121 169 0 43 364
m 121 217 0 43 364
b 121 1 43 364
m 121 46 1 43 364
m 121 102 1 43 364
m 121 169 1 43 364
m 121 217 1 43 364
b 123 3 144 179
m 123 71 3 13.142857142857142 225.71428571428572 0.3101150087251757
m 123 12 3 13.142857142857142 225.71428571428572 0.3101150087251757
m 123 114 3 13.142857142857142 225.71428571428572 0.3101150087251757
b 125 0 68 225
m 125 23 0 68 225
m 125 173 0 68 225
m 125 220 0 68 225
b 125 1 68 225
m 125 23 1 68 225
m 125 173 1 68 225
m 125 220 1 68 225
b 125 2 68 225
m 125 23 2 68 225
m 125 173 2 68 225
m 125 220 2 68 225
b 126 0 81 168
m 126 31 0 81 168
m 126 72 0 81 168
m 126 86 0 81 168
m 126 109 0 81 168
m 126 114 0 81 168
m 126 188 0 81 168
b 126 1 81 168
m 126 31 1 81 168
m 126 72 1 81 168
m 126 86 1 81 168
m 126 109 1 81 168
m 126 114 1 81 168
m 126 188 1 81 168
b 126 2 81 168
m 126 31 2 81 168
m 126 72 2 81 168
m 126 86 2 81 168
m 126 109 2 81 168
m 126 114 2 81 168
m 126 188 2 81 168
b 130 0 195 161
m 130 53 0 195 161
b 130 1 195 161
m 130 53 1 195 161
b 130 2 195 161
b 130 3 195 161
m 130 53 3 14.0 252.66666666666666 -1.0
b 133 0 447 133
m 133 41 0 447 133
m 133 131 0 447 133
m 133 137 0 447 133
m 133 151 0 447 133
b 133 1 447 133
m 133 41 1 447 133
m 133 131 1 447 133
m 133 137 1 447 133
m 133 151 1 447 133
b 134 0 178 191
b 134 1 178 191
m 134 191 1 178 191
b 134 2 178 191
m 134 191 2 178 191
b 143 0 188 113
m 143 24 0 188 113
m 143 60 0 188 113
m 143 177 0 188 113
m 143 192 0 188 113
m 143 199 0 188 113
b 143 1 188 113
m 143 24 1 188 113
m 143 60 1 188 113
m 143 113 1 188 113
m 143 177 1 188 113
m 143 191 1 188 113
m 143 192 1 188 113
m 143 199 1 188 113
b 143 2 188 113
m 143 24 2 188 113
m 143 60 2 188 113
m 143 113 2 188 113
m 143 177 2 188 113
m 143 191 2 188 113
m 143 192 2 188 113
m 143 199 2 188 113
b 150 0 37 334
m 150 46 0 37 334
m 150 169 0 37 334
b 150 1 37 334
m 150 46 1 37 334
m 150 169 1 37 334
b 154 0 79 226
m 154 23 0 79 226
m 154 173 0 79 226
m 154 220 0 79 226
b 154 1 79 226
b 154 2 79 226
m 154 23 2 79 226
m 154 173 2 79 226
m 154 220 2 79 226
b 154 3 79 226
m 154 23 3 13.285714285714286 228.14285714285714 0.229469338597975
m 154 71 3 13.285714285714286 228.14285714285714 0.229469338597975
b 156 3 469 281
b 163 0 115 241
b 163 1 115 241
b 163 2 115 241
b 170 3 163 314
b 174 2 125 353
b 174 3 125 353
b 183 3 487 474
m 183 153 3 10.0 183.42857142857142 1.0
b 184 2 310 173
b 184 3 310 173
m 184 53 3 10.666666666666666 209.0 -1.0
b 186 0 7 337
m 186 46 0 7 337
m 186 169 0 7 337
b 186 1 7 337
b 190 3 150 421
b 191 0 154 141
m 191 60 0 154 141
m 191 114 0 154 141
m 191 162 0 154 141
m 191 188 0 154 141
m 191 192 0 154 141
b 197 3 98 249
m 197 125 3 12.714285714285715 222.42857142857142 0.3333333333333333
b 198 2 114 376
b 198 3 114 376
m 198 217 3 14.571428571428573 268.85714285714283 0.5
m 198 121 3 14.571428571428573 268.85714285714283 0.5
b 201 2 83 291
m 201 150 2 83 291
m 201 215 2 83 291
b 209 2 94 343
b 209 3 94 343
m 209 121 3 13.285714285714285 244.7142857142857 0.18918723411759433
b 212 0 58 176
m 212 23 0 58 176
m 212 64 0 58 176
m 212 86 0 58 176
m 212 109 0 58 176
m 212 114 0 58 176
m 212 173 0 58 176
m 212 220 0 58 176
b 212 1 58 176
b 212 2 58 176
m 212 23 2 58 176
m 212 64 2 58 176
m 212 86 2 58 176
m 212 109 2 58 176
m 212 114 2 58 176
m 212 173 2 58 176
m 212 220 2 58 176
b 212 3 58 176
m 212 125 3 14.428571428571429 246.14285714285714 0.307604012148393
m 212 220 3 14.428571428571429 246.14285714285714 0.307604012148393
m 212 86 3 14.428571428571429 246.14285714285714 0.307604012148393
m 212 64 3 14.428571428571429 246.14285714285714 0.307604012148393
b 214 2 89 319
b 214 3 89 319
m 214 215 3 13.142857142857142 243.7142857142857 0.019812966199297267
b 215 0 22 341
m 215 169 0 22 341
b 215 1 22 341
b 231 0 210 176
m 231 53 0 210 176
b 231 1 210 176
m 231 53 1 210 176
b 231 2 210 176
b 237 0 415 31
m 237 50 0 415 31
m 237 58 0 415 31
m 237 84 0 415 31
m 237 116 0 415 31
m 237 147 0 415 31
m 237 149 0 415 31
m 237 207 0 415 31
b 237 1 415 31
m 237 50 1 415 31
m 237 58 1 415 31
m 237 84 1 415 31
m 237 116 1 415 31
m 237 147 1 415 31
m 237 149 1 415 31
m 237 207 1 415 31
b 12 3 203 134
m 12 53 3 13.142857142857142 225.71428571428572 -1.0
b 23 0 32 213
b 23 1 32 213
m 23 64 1 32 213
b 23 2 32 213
b 23 3 32 213
m 23 173 3 14.000000000000004 252.5 1.0
b 24 0 223 72
m 24 53 0 223 72
b 24 1 223 72
m 24 53 1 223 72
b 24 2 223 72
b 31 0 64 106
m 31 1 0 64 106
m 31 21 0 64 106
m 31 34 0 64 106
m 31 51 0 64 106
m 31 56 0 64 106
m 31 97 0 64 106
m 31 158 0 64 106
m 31 167 0 64 106
m 31 228 0 64 106
b 31 1 64 106
m 31 1 1 64 106
m 31 21 1 64 106
m 31 34 1 64 106
m 31 51 1 64 106
m 31 56 1 64 106
m 31 97 1 64 106
m 31 158 1 64 106
m 31 162 1 64 106
m 31 167 1 64 106
m 31 228 1 64 106
b 31 2 64 106
m 31 1 2 64 106
m 31 21 2 64 106
m 31 34 2 64 106
m 31 51 2 64 106
m 31 56 2 64 106
m 31 97 2 64 106
m 31 158 2 64 106
m 31 162 2 64 106
m 31 167 2 64 106
m 31 228 2 64 106
b 41 0 466 74
m 41 49 0 466 74
m 41 236 0 466 74
b 41 1 466 74
m 41 49 1 466 74
m 41 236 1 466 74
b 46 0 31 417
m 46 205 0 31 417
m 46 206 0 31 417
b 46 1 31 417
m 46 205 1 31 417
m 46 206 1 31 417
b 50 0 424 18
m 50 80 0 424 18
m 50 139 0 424 18
m 50 236 0 424 18
b 50 1 424 18
b 58 0 347 34
m 58 25 0 347 34
m 58 48 0 347 34
m 58 104 0 347 34
b 58 1 347 34
m 58 25 1 347 34
m 58 48 1 347 34
m 58 104 1 347 34
b 60 0 187 88
m 60 28 0 187 88
m 60 106 0 187 88
m 60 141 0 187 88
m 60 142 0 187 88
m 60 225 0 187 88
b 60 1 187 88
b 60 2 187 88
m 60 28 2 187 88
m 60 106 2 187 88
m 60 141 2 187 88
m 60 142 2 187 88
m 60 162 2 187 88
m 60 225 2 187 88
b 62 0 323 18
m 62 19 0 323 18
m 62 25 0 323 18
m 62 48 0 323 18
m 62 104 0 323 18
m 62 182 0 323 18
b 62 1 323 18
m 62 19 1 323 18
m 62 25 1 323 18
m 62 48 1 323 18
m 62 104 1 323 18
m 62 182 1 323 18
b 63 3 77 261
m 63 173 3 12.125 206.125 1.0
b 64 0 18 189
m 64 1 0 18 189
m 64 34 0 18 189
m 64 97 0 18 189
m 64 158 0 18 189
b 64 2 18 189
m 64 1 2 18 189
m 64 34 2 18 189
m 64 97 2 18 189
m 64 158 2 18 189
b 64 3 18 189
m 64 97 3 13.375 219.875 0.12233217936299337
b 71 3 117 201
m 71 134 3 11.5 196.0 0.010205887558256077
b 72 0 36 128
m 72 1 0 36 128
m 72 5 0 36 128
m 72 21 0 36 128
m 72 34 0 36 128
m 72 51 0 36 128
m 72 56 0 36 128
m 72 97 0 36 128
m 72 158 0 36 128
m 72 167 0 36 128
b 72 1 36 128
m 72 1 1 36 128
m 72 5 1 36 128
m 72 21 1 36 128
m 72 34 1 36 128
m 72 51 1 36 128
m 72 56 1 36 128
m 72 64 1 36 128
m 72 97 1 36 128
m 72 158 1 36 128
m 72 167 1 36 128
b 72 2 36 128
b 84 0 434 20
m 84 49 0 434 20
m 84 80 0 434 20
m 84 139 0 434 20
m 84 236 0 434 20
b 84 1 434 20
m 84 49 1 434 20
m 84 80 1 434 20
m 84 139 1 434 20
m 84 236 1 434 20
b 86 0 84 161
m 86 1 0 84 161
m 86 56 0 84 161
m 86 97 0 84 161
m 86 158 0 84 161
b 86 1 84 161
m 86 1 1 84 161
m 86 56 1 84 161
m 86 64 1 84 161
m 86 97 1 84 161
m 86 158 1 84 161
b 86 2 84 161
m 86 1 2 84 161
m 86 56 2 84 161
m 86 97 2 84 161
m 86 158 2 84 161
b 86 3 84 161
m 86 56 3 13.5 221.5 0.19361438869024897
m 86 158 3 13.5 221.5 0.19361438869024897
b 102 0 64 417
m 102 205 0 64 417
m 102 206 0 64 417
b 102 1 64 417
m 102 205 1 64 417
m 102 206 1 64 417
b 109 0 44 173
m 109 1 0 44 173
m 109 34 0 44 173
m 109 97 0 44 173
m 109 158 0 44 173
b 109 1 44 173
b 109 2 44 173
m 109 1 2 44 173
m 109 34 2 44 173
m 109 97 2 44 173
m 109 158 2 44 173
b 109 3 44 173
m 109 34 3 13.5 221.5 0.19361438869024897
m 109 97 3 13.5 221.5 0.19361438869024897
b 113 1 196 91
b 113 2 196 91
m 113 53 2 196 91
b 114 0 128 155
b 114 1 128 155
m 114 162 1 128 155
b 114 2 128 155
m 114 162 2 128 155
b 114 3 128 155
m 114 134 3 12.75 210.5 0.0673017248722711
b 116 0 422 18
m 116 80 0 422 18
m 116 139 0 422 18
m 116 236 0 422 18
b 116 1 422 18
m 116 80 1 422 18
m 116 139 1 422 18
m 116 236 1 422 18
b 121 2 45 353
m 121 18 2 45 353
m 121 46 2 45 353
m 121 102 2 45 353
m 121 169 2 45 353
m 121 186 2 45 353
m 121 217 2 45 353
b 121 3 45 353
m 121 102 3 13.625000000000004 242.875 0.8070703903381446
m 121 46 3 13.625000000000004 242.875 0.8070703903381446
m 121 186 3 13.625000000000004 242.875 0.8070703903381446
m 121 169 3 13.625000000000004 242.875 0.8070703903381446
m 121 18 3 13.625000000000004 242.875 0.8070703903381446
b 125 3 56 223
m 125 173 3 12.125 206.125 1.0
b 126 3 71 175
m 126 173 3 13.125 217.375 0.25
m 126 72 3 13.125 217.375 0.25
b 131 0 481 147
m 131 49 0 481 147
b 131 1 481 147
m 131 49 1 481 147
b 133 3 445 145
m 133 131 3 8.5 157.75 0.024318903967124664
b 137 0 462 43
m 137 49 0 462 43
m 137 80 0 462 43
m 137 139 0 462 43
m 137 236 0 462 43
b 137 1 462 43
b 147 0 337 10
m 147 25 0 337 10
m 147 48 0 337 10
m 147 104 0 337 10
b 147 1 337 10
m 147 25 1 337 10
m 147 48 1 337 10
m 147 104 1 337 10
b 149 0 463 12
m 149 49 0 463 12
m 149 80 0 463 12
m 149 139 0 463 12
m 149 236 0 463 12
b 149 1 463 12
b 150 2 45 325
b 150 3 45 325
m 150 169 3 13.375000000000004 240.875 0.6749408374463759
m 150 18 3 13.375000000000004 240.875 0.6749408374463759
m 150 186 3 13.375000000000004 240.875 0.6749408374463759
b 151 0 462 63
m 151 49 0 462 63
m 151 80 0 462 63
m 151 139 0 462 63
m 151 236 0 462 63
b 151 1 462 63
b 153 3 488 467
b 162 0 127 104
m 162 28 0 127 104
m 162 142 0 127 104
m 162 224 0 127 104
m 162 228 0 127 104
b 163 3 124 233
b 169 0 28 358
b 169 1 28 358
b 173 0 38 196
b 173 1 38 196
m 173 64 1 38 196
b 173 2 38 196
b 177 0 239 152
m 177 53 0 239 152
b 177 1 239 152
m 177 53 1 239 152
b 177 2 239 152
b 188 0 89 144
b 188 1 89 144
b 188 2 89 144
m 188 162 2 89 144
b 191 1 149 152
m 191 162 1 149 152
b 191 2 149 152
b 192 0 157 45
m 192 28 0 157 45
m 192 35 0 157 45
m 192 106 0 157 45
m 192 142 0 157 45
m 192 159 0 157 45
m 192 224 0 157 45
b 192 1 157 45
m 192 28 1 157 45
m 192 35 1 157 45
m 192 106 1 157 45
m 192 142 1 157 45
m 192 159 1 157 45
m 192 162 1 157 45
m 192 224 1 157 45
b 192 2 157 45
b 195 0 340 107
m 195 164 0 340 107
m 195 182 0 340 107
b 195 1 340 107
m 195 164 1 340 107
m 195 182 1 340 107
b 199 0 230 170
m 199 53 0 230 170
b 199 1 230 170
b 199 2 230 170
b 207 0 449 57
m 207 49 0 449 57
m 207 80 0 449 57
m 207 236 0 449 57
b 207 1 449 57
m 207 49 1 449 57
m 207 80 1 449 57
m 207 236 1 449 57
b 215 2 20 353
m 215 18 2 20 353
m 215 46 2 20 353
m 215 169 2 20 353
m 215 186 2 20 353
m 215 217 2 20 353
b 215 3 20 353
m 215 46 3 12.0 215.24999999999997 0.02527948510302996
b 217 0 65 401
m 217 205 0 65 401
m 217 206 0 65 401
b 217 1 65 401
m 217 205 1 65 401
m 217 206 1 65 401
b 217 3 65 401
m 217 46 3 13.500000000000002 239.74999999999997 0.8399396587598835
m 217 18 3 13.500000000000002 239.74999999999997 0.8399396587598835
m 217 102 3 13.500000000000002 239.74999999999997 0.8399396587598835
m 217 206 3 13.500000000000002 239.74999999999997 0.8399396587598835
m 217 169 3 13.500000000000002 239.74999999999997 0.8399396587598835
m 217 205 3 13.500000000000002 239.74999999999997 0.8399396587598835
b 220 0 22 195
b 220 1 22 195
m 220 64 1 22 195
b 220 2 22 195
b 220 3 22 195
m 220 173 3 12.75 215.5 1.0
b 1 0 13 95
b 1 1 13 95
b 1 2 13 95
m 1 5 2 13 95
b 5 0 3 53
m 5 13 0 3 53
m 5 39 0 3 53
m 5 239 0 3 53
b 5 1 3 53
m 5 13 1 3 53
m 5 39 1 3 53
m 5 239 1 3 53
b 18 2 3 350
b 18 3 3 350
b 19 0 259 69
m 19 53 0 259 69
b 19 1 259 69
m 19 53 1 259 69
b 21 0 43 43
m 21 13 0 43 43
m 21 30 0 43 43
m 21 39 0 43 43
m 21 138 0 43 43
m 21 211 0 43 43
m 21 235 0 43 43
m 21 239 0 43 43
b 21 1 43 43
m 21 13 1 43 43
m 21 30 1 43 43
m 21 39 1 43 43
m 21 138 1 43 43
m 21 211 1 43 43
m 21 235 1 43 43
m 21 239 1 43 43
b 21 2 43 43
m 21 5 2 43 43
m 21 13 2 43 43
m 21 30 2 43 43
m 21 39 2 43 43
m 21 138 2 43 43
m 21 211 2 43 43
m 21 224 2 43 43
m 21 235 2 43 43
m 21 239 2 43 43
b 25 0 303 43
m 25 175 0 303 43
b 25 1 303 43
m 25 175 1 303 43
m 25 225 1 303 43
b 28 0 141 35
m 28 211 0 141 35
m 28 235 0 141 35
b 28 1 141 35
m 28 211 1 141 35
m 28 235 1 141 35
b 28 2 141 35
b 34 0 13 95
b 34 1 13 95
b 34 2 13 95
m 34 5 2 13 95
b 34 3 13 95
m 34 1 3 12.666666666666666 200.88888888888889 0.16937584648263238
m 34 21 3 12.666666666666666 200.88888888888889 0.16937584648263238
b 35 0 117 26
m 35 13 0 117 26
m 35 30 0 117 26
m 35 138 0 117 26
m 35 211 0 117 26
m 35 235 0 117 26
b 35 1 117 26
m 35 13 1 117 26
m 35 30 1 117 26
m 35 138 1 117 26
m 35 211 1 117 26
m 35 235 1 117 26
b 46 2 43 420
m 46 205 2 43 420
m 46 206 2 43 420
m 46 219 2 43 420
b 46 3 43 420
m 46 219 3 12.222222222222225 216.0 1.0
b 48 0 269 3
m 48 146 0 269 3
m 48 175 0 269 3
b 48 1 269 3
m 48 141 1 269 3
m 48 146 1 269 3
m 48 175 1 269 3
m 48 225 1 269 3
b 49 0 484 95
b 49 1 484 95
b 51 0 37 66
m 51 13 0 37 66
m 51 235 0 37 66
m 51 239 0 37 66
b 51 1 37 66
m 51 13 1 37 66
m 51 235 1 37 66
m 51 239 1 37 66
b 51 2 37 66
b 56 0 63 78
m 56 138 0 63 78
m 56 211 0 63 78
m 56 235 0 63 78
b 56 1 63 78
m 56 138 1 63 78
m 56 211 1 63 78
m 56 235 1 63 78
b 56 2 63 78
m 56 5 2 63 78
m 56 138 2 63 78
m 56 211 2 63 78
m 56 235 2 63 78
b 56 3 63 78
m 56 21 3 13.11111111111111 208.0 0.2564751684798508
m 56 1 3 13.11111111111111 208.0 0.2564751684798508
m 56 31 3 13.11111111111111 208.0 0.2564751684798508
b 64 1 24 199
b 72 3 27 136
m 72 1 3 12.11111111111111 195.0 0.2574057022222721
m 72 5 3 12.11111111111111 195.0 0.2574057022222721
b 80 0 466 10
b 80 1 466 10
b 97 0 39 107
b 97 1 39 107
b 97 2 39 107
b 97 3 39 107
m 97 5 3 12.555555555555555 199.44444444444446 0.12672412190563825
b 102 2 73 409
b 102 3 73 409
b 104 0 271 19
m 104 175 0 271 19
b 104 1 271 19
b 106 0 181 57
m 106 146 0 181 57
m 106 175 0 181 57
b 106 1 181 57
m 106 141 1 181 57
m 106 146 1 181 57
m 106 175 1 181 57
m 106 225 1 181 57
b 106 2 181 57
b 131 3 483 159
m 131 49 3 7.666666666666666 140.33333333333334 7.048957671630207E-4
b 134 3 161 208
m 134 152 3 10.555555555555555 175.22222222222223 0.01379592605435808
b 139 0 491 19
b 139 1 491 19
b 141 0 212 41
m 141 146 0 212 41
m 141 175 0 212 41
b 141 2 212 41
m 141 19 2 212 41
m 141 48 2 212 41
m 141 104 2 212 41
m 141 146 2 212 41
m 141 175 2 212 41
b 142 0 200 47
m 142 146 0 200 47
m 142 175 0 200 47
b 142 1 200 47
m 142 141 1 200 47
m 142 146 1 200 47
m 142 175 1 200 47
m 142 225 1 200 47
b 142 2 200 47
b 158 0 10 148
b 158 1 10 148
b 158 2 10 148
b 158 3 10 148
m 158 1 3 12.444444444444445 198.66666666666666 0.05814831174756733
b 159 0 90 20
m 159 13 0 90 20
m 159 30 0 90 20
m 159 138 0 90 20
m 159 211 0 90 20
m 159 235 0 90 20
b 159 1 90 20
m 159 13 1 90 20
m 159 30 1 90 20
m 159 138 1 90 20
m 159 211 1 90 20
m 159 235 1 90 20
b 162 1 135 113
b 162 2 135 113
b 164 0 246 147
m 164 53 0 246 147
b 164 1 246 147
m 164 53 1 246 147
b 167 0 23 50
m 167 13 0 23 50
m 167 30 0 23 50
m 167 39 0 23 50
m 167 138 0 23 50
m 167 235 0 23 50
m 167 239 0 23 50
b 167 1 23 50
m 167 13 1 23 50
m 167 30 1 23 50
m 167 39 1 23 50
m 167 138 1 23 50
m 167 235 1 23 50
m 167 239 1 23 50
b 167 2 23 50
b 169 2 33 347
b 169 3 33 347
b 173 3 45 187
b 182 0 319 79
b 182 1 319 79
b 186 2 4 313
b 186 3 4 313
b 205 0 34 421
m 205 219 0 34 421
b 205 1 34 421
m 205 219 1 34 421
b 205 3 34 421
m 205 219 3 12.111111111111112 213.2222222222222 1.0
b 206 0 15 492
m 206 219 0 15 492
b 206 1 15 492
m 206 219 1 15 492
b 206 3 15 492
m 206 219 3 12.111111111111112 213.2222222222222 1.0
b 217 2 74 393
b 224 0 94 21
m 224 13 0 94 21
m 224 30 0 94 21
m 224 138 0 94 21
m 224 211 0 94 21
m 224 235 0 94 21
b 224 1 94 21
b 225 0 238 25
m 225 146 0 238 25
m 225 175 0 238 25
b 225 2 238 25
m 225 19 2 238 25
m 225 25 2 238 25
m 225 48 2 238 25
m 225 104 2 238 25
m 225 146 2 238 25
m 225 175 2 238 25
b 228 0 105 51
m 228 13 0 105 51
m 228 30 0 105 51
m 228 138 0 105 51
m 228 211 0 105 51
m 228 235 0 105 51
b 228 1 105 51
b 228 2 105 51
m 228 13 2 105 51
m 228 30 2 105 51
m 228 35 2 105 51
m 228 138 2 105 51
m 228 159 2 105 51
m 228 211 2 105 51
m 228 224 2 105 51
m 228 235 2 105 51
b 236 0 474 21
b 236 1 474 21
b 1 3 7 85
m 1 51 3 11.6 181.20000000000002 0.5
m 1 167 3 11.6 181.20000000000002 0.5
b 5 2 1 41
b 5 3 1 41
m 5 30 3 11.5 179.1 0.34919637528373787
m 5 239 3 11.5 179.1 0.34919637528373787
m 5 39 3 11.5 179.1 0.34919637528373787
b 13 0 23 18
b 13 1 23 18
b 13 2 23 18
b 19 2 250 77
m 19 53 2 250 77
b 21 3 42 31
m 21 228 3 12.6 195.20000000000002 0.2561587090743831
m 21 211 3 12.6 195.20000000000002 0.2561587090743831
m 21 235 3 12.6 195.20000000000002 0.2561587090743831
m 21 239 3 12.6 195.20000000000002 0.2561587090743831
b 25 2 306 54
b 30 0 33 12
b 30 1 33 12
b 30 2 33 12
b 31 3 45 91
m 31 51 3 12.200000000000001 188.79999999999998 0.25
m 31 228 3 12.200000000000001 188.79999999999998 0.25
b 35 2 118 38
b 39 0 10 19
b 39 1 10 19
b 39 2 10 19
b 48 2 268 15
b 49 3 481 107
m 49 137 3 7.300000000000001 127.89999999999999 0.0012415496503378827
b 104 2 261 12
m 104 58 2 261 12
m 104 62 2 261 12
m 104 147 2 261 12
b 138 0 80 20
b 138 1 80 20
b 138 2 80 20
b 141 1 200 45
b 146 0 194 20
b 146 1 194 20
b 146 2 194 20
b 152 3 235 235
m 152 166 3 9.8 158.6 0.014164106184537185
b 159 2 79 26
b 175 0 249 11
b 175 1 249 11
b 175 2 249 11
b 205 2 38 410
b 206 2 7 498
b 211 0 118 45
b 211 1 118 45
b 211 2 118 45
b 219 0 1 482
b 219 1 1 482
b 219 2 1 482
b 219 3 1 482
b 224 2 83 16
b 225 1 245 15
b 235 0 98 62
b 235 1 98 62
b 235 2 98 62
b 239 0 1 3
b 239 1 1 3
b 239 2 1 3
b 30 3 23 18
m 30 13 3 10.818181818181818 164.27272727272728 0.18858046965093367
b 39 3 19 26
m 39 13 3 10.818181818181818 164.27272727272728 0.18858046965093367
b 51 3 48 45
m 51 138 3 10.909090909090908 166.18181818181822 0.756623427672956
m 51 224 3 10.909090909090908 166.18181818181822 0.756623427672956
m 51 159 3 10.909090909090908 166.18181818181822 0.756623427672956
m 51 13 3 10.909090909090908 166.18181818181822 0.756623427672956
b 58 2 319 56
b 62 2 303 7
b 137 3 444 12
m 137 59 3 7.909090909090909 134.0909090909091 0.002140535227852047
b 147 2 316 39
b 166 3 242 265
m 166 231 3 9.0 144.27272727272728 1.0
b 167 3 15 27
m 167 13 3 10.909090909090908 166.18181818181822 0.756623427672956
m 167 138 3 10.909090909090908 166.18181818181822 0.756623427672956
m 167 224 3 10.909090909090908 166.18181818181822 0.756623427672956
m 167 159 3 10.909090909090908 166.18181818181822 0.756623427672956
b 211 3 127 53
m 211 159 3 12.090909090909092 181.90909090909093 0.08673141642345894
b 228 3 128 58
m 228 224 3 12.181818181818182 183.27272727272728 0.13993859280530316
m 228 159 3 12.181818181818182 183.27272727272728 0.13993859280530316
b 235 3 104 72
m 235 35 3 12.0 180.72727272727275 0.015252704174696917
b 239 3 1 1
m 239 13 3 10.545454545454547 162.9090909090909 1.0
b 13 3 2 29
b 35 3 121 62
m 35 28 3 11.416666666666666 167.75000000000003 0.012680130032370106
b 59 3 449 93
m 59 26 3 8.0 129.66666666666669 0.001106979883583988
b 138 3 104 19
m 138 192 3 10.166666666666664 152.6666666666667 0.0230644220667377
b 159 3 58 38
m 159 192 3 10.083333333333332 152.4166666666667 1.0
b 224 3 61 7
m 224 192 3 10.083333333333332 152.4166666666667 1.0
b 231 3 197 235
m 231 164 3 8.5 133.0 1.0
m 231 177 3 8.5 133.0 1.0
m 231 199 3 8.5 133.0 1.0
b 26 3 460 82
m 26 41 3 8.076923076923077 125.92307692307693 0.0011519522952928012
b 28 3 188 24
m 28 113 3 11.076923076923077 158.61538461538464 0.016550389751960565
b 164 3 207 173
m 164 60 3 8.076923076923077 123.46153846153847 1.0
m 164 162 3 8.076923076923077 123.46153846153847 1.0
m 164 229 3 8.076923076923077 123.46153846153847 1.0
b 177 3 225 210
m 177 229 3 8.0 123.07692307692308 0.5268767377201111
m 177 60 3 8.0 123.07692307692308 0.5268767377201111
b 192 3 136 8
m 192 141 3 9.615384615384613 141.61538461538464 0.031068936488982086
b 199 3 182 206
m 199 191 3 8.0 123.07692307692308 0.5268767377201111
m 199 162 3 8.0 123.07692307692308 0.5268767377201111
b 41 3 438 7
m 41 237 3 8.142857142857142 122.71428571428574 0.0011930312592378996
b 60 3 233 144
m 60 19 3 7.714285714285714 115.28571428571428 1.0
m 60 24 3 7.714285714285714 115.28571428571428 1.0
m 60 106 3 7.714285714285714 115.28571428571428 1.0
b 113 3 170 24
m 113 53 3 11.076923076923077 158.61538461538464 -1.0
b 141 3 154 59
m 141 53 3 9.615384615384613 141.61538461538464 -1.0
b 162 3 174 158
m 162 53 3 8.076923076923077 123.46153846153847 -1.0
b 191 3 122 219
m 191 188 3 7.5 114.35714285714286 0.010035747385144938
b 229 3 242 172
m 229 19 3 7.571428571428571 114.71428571428571 1.0
b 19 3 207 119
m 19 53 3 7.714285714285714 115.28571428571428 -1.0
b 24 3 154 120
m 24 53 3 7.714285714285714 115.28571428571428 -1.0
b 106 3 184 129
m 106 53 3 7.714285714285714 115.28571428571428 -1.0
b 188 3 64 224
b 237 3 491 1
m 237 149 3 7.866666666666666 115.60000000000001 0.25
m 237 84 3 7.866666666666666 115.60000000000001 0.25
b 84 3 447 68
m 84 44 3 7.875 112.37500000000001 0.3788798522709414
m 84 139 3 7.875 112.37500000000001 0.3788798522709414
m 84 80 3 7.875 112.37500000000001 0.3788798522709414
m 84 151 3 7.875 112.37500000000001 0.3788798522709414
b 149 3 475 62
m 149 50 3 7.6875 109.93750000000001 0.3057554535941399
m 149 207 3 7.6875 109.93750000000001 0.3057554535941399
b 44 3 430 18
m 44 236 3 7.529411764705882 106.00000000000001 0.5
m 44 182 3 7.529411764705882 106.00000000000001 0.5
b 50 3 418 89
m 50 182 3 7.352941176470588 103.70588235294119 0.5
m 50 236 3 7.352941176470588 103.70588235294119 0.5
b 80 3 370 5
m 80 116 3 7.529411764705882 106.00000000000001 0.5
m 80 182 3 7.529411764705882 106.00000000000001 0.5
b 139 3 447 105
m 139 236 3 7.529411764705882 106.00000000000001 0.5
m 139 182 3 7.529411764705882 106.00000000000001 0.5
b 151 3 435 33
m 151 236 3 7.529411764705882 106.00000000000001 0.5
m 151 182 3 7.529411764705882 106.00000000000001 0.5
b 207 3 473 81
m 207 236 3 7.294117647058823 103.5294117647059 1.0
b 116 3 307 51
m 116 175 3 7.444444444444444 102.11111111111113 0.8379429019775674
m 116 147 3 7.444444444444444 102.11111111111113 0.8379429019775674
m 116 115 3 7.444444444444444 102.11111111111113 0.8379429019775674
m 116 225 3 7.444444444444444 102.11111111111113 0.8379429019775674
m 116 142 3 7.444444444444444 102.11111111111113 0.8379429019775674
m 116 104 3 7.444444444444444 102.11111111111113 0.8379429019775674
b 182 3 426 69
b 236 3 431 78
b 104 3 295 67
m 104 48 3 7.2105263157894735 97.21052631578948 0.03092644204893101
b 115 3 274 12
m 115 62 3 7.105263157894736 96.78947368421053 1.0
b 142 3 319 32
b 147 3 259 116
m 147 48 3 7.2105263157894735 97.21052631578948 0.03092644204893101
b 175 3 266 117
m 175 48 3 7.2105263157894735 97.21052631578948 0.03092644204893101
b 225 3 287 84
m 225 48 3 7.2105263157894735 97.21052631578948 0.03092644204893101
b 48 3 258 135
m 48 58 3 6.949999999999999 92.55 0.016077221950162448
b 62 3 200 40
m 62 53 3 7.105263157894736 96.78947368421053 -1.0
b 58 3 225 130
m 58 36 3 6.666666666666666 88.19047619047619 2.2967459928803057E-4
b 36 3 188 79
