Key: 
t: node change direction (node id, x, y, new direction)
s: node start location (node id, x, y, start direction, buffer)
m: message transfer (sender id, target id, messageType, sender x, sender y
b: broadcast (node id, message type, x, y)
97 417 424 64
s 0 167 8 128 2
s 1 72 239 349 10
s 2 57 5 4 8
s 3 52 47 60 3
s 4 96 469 330 8
s 5 71 166 198 9
s 6 92 202 201 5
s 7 475 150 10 3
s 8 28 414 57 4
s 9 93 65 316 0
s 10 234 493 46 3
s 11 309 69 303 10
s 12 467 179 288 3
s 13 39 164 213 3
s 14 293 358 103 7
s 15 378 194 10 1
s 16 242 8 84 7
s 17 371 81 295 7
s 18 428 54 107 2
s 19 175 412 90 10
s 20 284 140 276 3
s 21 45 267 91 0
s 22 336 486 0 3
s 23 274 253 178 6
s 24 123 426 232 2
s 25 454 233 318 2
s 26 68 25 73 6
s 27 380 269 327 3
s 28 135 234 140 0
s 29 41 179 235 4
s 30 313 311 217 4
s 31 456 278 198 5
s 32 52 102 171 7
s 33 54 396 146 8
s 34 340 63 102 4
s 35 298 444 31 8
s 36 115 403 76 6
s 37 135 433 213 2
s 38 191 234 95 3
s 39 47 129 261 7
s 40 330 332 16 2
s 41 92 391 183 3
s 42 206 184 70 5
s 43 444 393 340 5
s 44 252 207 210 10
s 45 258 384 292 0
s 46 417 226 111 2
s 47 86 58 210 5
s 48 398 420 319 7
s 49 357 227 308 7
s 50 458 51 352 6
s 51 91 311 184 2
s 52 414 433 21 10
s 53 198 118 208 3
s 54 172 79 184 8
s 55 390 442 286 9
s 56 449 389 244 3
s 57 339 244 83 2
s 58 314 274 313 1
s 59 353 457 123 4
s 60 263 304 56 5
s 61 163 27 67 4
s 62 353 348 230 10
s 63 102 39 147 1
s 64 23 348 5 4
s 65 442 458 311 10
s 66 216 103 118 10
s 67 211 59 199 10
s 68 434 434 162 4
s 69 100 407 215 10
s 70 498 417 295 4
s 71 468 161 10 3
s 72 337 240 288 4
s 73 389 38 336 4
s 74 92 12 133 4
s 75 78 267 343 1
s 76 228 334 65 10
s 77 162 77 70 1
s 78 487 265 129 7
s 79 499 290 332 5
s 80 206 326 306 9
s 81 258 463 272 5
s 82 482 313 67 4
s 83 135 215 322 6
s 84 267 366 337 3
s 85 340 125 7 5
s 86 474 119 305 3
s 87 310 277 259 8
s 88 59 377 240 9
s 89 224 47 88 7
s 90 49 58 150 8
s 91 272 424 52 4
s 92 143 194 57 3
s 93 362 29 23 0
s 94 138 313 165 2
s 95 46 400 17 8
s 96 153 165 240 5
s 97 204 123 178 5
s 98 126 93 60 10
s 99 132 366 76 8
s 100 255 384 269 5
s 101 154 14 140 10
s 102 466 299 274 10
s 103 433 178 231 0
s 104 228 498 112 9
s 105 207 318 232 5
s 106 58 291 129 9
s 107 338 157 190 0
s 108 128 445 267 2
s 109 202 136 275 8
s 110 386 384 37 7
s 111 112 457 7 10
s 112 472 123 28 5
s 113 348 480 227 7
s 114 251 85 212 6
s 115 129 453 154 7
s 116 145 227 274 7
s 117 357 212 138 0
s 118 231 370 277 4
s 119 50 427 170 6
s 120 282 498 220 10
s 121 97 417 84 9
s 122 443 54 338 4
s 123 276 268 178 3
s 124 244 204 77 6
s 125 193 330 29 9
s 126 98 430 14 10
s 127 437 319 89 1
s 128 443 6 203 8
s 129 432 268 37 5
s 130 331 446 312 6
s 131 217 42 55 7
s 132 255 311 347 4
s 133 174 309 37 0
s 134 328 160 6 1
s 135 103 207 102 6
s 136 453 362 288 9
s 137 248 424 216 2
s 138 355 150 76 1
s 139 45 416 227 3
s 140 190 125 226 9
s 141 25 95 27 1
s 142 425 372 211 9
s 143 120 411 131 0
s 144 371 36 303 1
s 145 437 58 133 6
s 146 2 234 331 9
s 147 52 310 135 10
s 148 392 285 134 2
s 149 299 212 240 8
s 150 387 322 282 6
s 151 381 164 153 8
s 152 174 194 144 7
s 153 221 432 55 3
s 154 177 320 139 2
s 155 188 493 341 5
s 156 126 213 254 6
s 157 277 13 279 3
s 158 24 196 65 0
s 159 54 309 41 9
s 160 236 232 14 8
s 161 437 296 191 8
s 162 272 162 114 1
s 163 402 4 358 9
s 164 263 279 158 2
s 165 454 75 160 1
s 166 472 290 317 9
s 167 467 417 334 9
s 168 176 143 344 1
s 169 73 298 70 5
s 170 213 451 12 8
s 171 478 354 260 10
s 172 371 205 45 3
s 173 495 263 142 0
s 174 245 462 180 9
s 175 67 361 208 4
s 176 424 64 162 9
s 177 15 460 62 2
s 178 378 457 312 9
s 179 76 123 241 8
s 180 147 121 311 2
s 181 169 41 289 3
s 182 279 39 266 2
s 183 259 473 57 5
s 184 25 468 228 8
s 185 73 399 193 7
s 186 408 280 51 4
s 187 334 136 277 4
s 188 226 299 299 0
s 189 379 300 204 10
s 190 43 0 143 2
s 191 20 80 35 2
s 192 258 120 17 9
s 193 463 94 64 0
s 194 58 87 314 1
s 195 9 66 3 7
s 196 65 250 245 3
s 197 62 53 95 6
s 198 446 390 222 4
s 199 333 294 63 3
s 200 348 497 8 2
s 201 89 130 324 3
s 202 357 331 243 8
s 203 249 423 347 6
s 204 182 445 220 6
s 205 328 482 140 7
s 206 355 14 38 10
s 207 110 85 38 6
s 208 103 45 310 5
s 209 42 467 263 9
s 210 479 98 172 10
s 211 227 3 0 1
s 212 204 89 292 10
s 213 346 477 277 9
s 214 196 118 148 2
s 215 374 287 179 1
s 216 497 230 272 2
s 217 401 416 346 7
s 218 341 330 337 5
s 219 488 15 107 4
s 220 247 479 12 5
s 221 106 376 180 9
s 222 209 374 134 1
s 223 129 309 6 2
s 224 282 494 164 7
s 225 32 119 312 10
s 226 74 305 9 10
s 227 467 219 85 8
s 228 339 115 64 10
s 229 325 292 97 3
s 230 82 105 297 8
s 231 444 435 273 1
s 232 405 333 296 0
s 233 183 469 65 7
s 234 149 374 272 7
s 235 307 31 135 9
s 236 153 332 215 3
s 237 356 14 358 2
s 238 287 324 226 4
s 239 422 255 158 9
b 121 0 98 430
m 121 4 0 98 430
m 121 8 0 98 430
m 121 24 0 98 430
m 121 33 0 98 430
m 121 36 0 98 430
m 121 37 0 98 430
m 121 41 0 98 430
m 121 69 0 98 430
m 121 88 0 98 430
m 121 95 0 98 430
m 121 99 0 98 430
m 121 108 0 98 430
m 121 111 0 98 430
m 121 115 0 98 430
m 121 119 0 98 430
m 121 126 0 98 430
m 121 139 0 98 430
m 121 143 0 98 430
m 121 175 0 98 430
m 121 185 0 98 430
m 121 209 0 98 430
m 121 221 0 98 430
m 121 234 0 98 430
b 121 1 98 430
m 121 4 1 98 430
m 121 8 1 98 430
m 121 24 1 98 430
m 121 33 1 98 430
m 121 36 1 98 430
m 121 37 1 98 430
m 121 41 1 98 430
m 121 69 1 98 430
m 121 88 1 98 430
m 121 95 1 98 430
m 121 99 1 98 430
m 121 108 1 98 430
m 121 111 1 98 430
m 121 115 1 98 430
m 121 119 1 98 430
m 121 126 1 98 430
m 121 139 1 98 430
m 121 143 1 98 430
m 121 175 1 98 430
m 121 185 1 98 430
m 121 209 1 98 430
m 121 221 1 98 430
m 121 234 1 98 430
b 121 2 98 430
m 121 4 2 98 430
m 121 8 2 98 430
m 121 24 2 98 430
m 121 33 2 98 430
m 121 36 2 98 430
m 121 37 2 98 430
m 121 41 2 98 430
m 121 69 2 98 430
m 121 88 2 98 430
m 121 95 2 98 430
m 121 99 2 98 430
m 121 108 2 98 430
m 121 111 2 98 430
m 121 115 2 98 430
m 121 119 2 98 430
m 121 126 2 98 430
m 121 139 2 98 430
m 121 143 2 98 430
m 121 175 2 98 430
m 121 185 2 98 430
m 121 209 2 98 430
m 121 221 2 98 430
m 121 234 2 98 430
b 121 3 98 430
m 121 4 3 23.0 529.0 1.0
m 121 8 3 23.0 529.0 1.0
m 121 24 3 23.0 529.0 1.0
m 121 33 3 23.0 529.0 1.0
m 121 36 3 23.0 529.0 1.0
m 121 37 3 23.0 529.0 1.0
m 121 41 3 23.0 529.0 1.0
m 121 69 3 23.0 529.0 1.0
m 121 88 3 23.0 529.0 1.0
m 121 95 3 23.0 529.0 1.0
m 121 99 3 23.0 529.0 1.0
m 121 108 3 23.0 529.0 1.0
m 121 111 3 23.0 529.0 1.0
m 121 115 3 23.0 529.0 1.0
m 121 119 3 23.0 529.0 1.0
m 121 126 3 23.0 529.0 1.0
m 121 139 3 23.0 529.0 1.0
m 121 143 3 23.0 529.0 1.0
m 121 175 3 23.0 529.0 1.0
m 121 185 3 23.0 529.0 1.0
m 121 209 3 23.0 529.0 1.0
m 121 221 3 23.0 529.0 1.0
m 121 234 3 23.0 529.0 1.0
b 143 0 104 429
m 143 19 0 104 429
m 143 204 0 104 429
b 143 1 104 429
b 143 2 104 429
b 143 3 104 429
m 143 204 3 16.0 354.0 0.5
m 143 19 3 16.0 354.0 0.5
b 24 0 106 404
m 24 19 0 106 404
m 24 204 0 106 404
b 24 1 106 404
m 24 19 1 106 404
m 24 204 1 106 404
b 24 2 106 404
b 24 3 106 404
m 24 204 3 16.0 354.0 0.5
m 24 19 3 16.0 354.0 0.5
b 37 0 113 419
m 37 19 0 113 419
m 37 204 0 113 419
b 37 1 113 419
m 37 19 1 113 419
m 37 204 1 113 419
b 37 2 113 419
b 37 3 113 419
m 37 204 3 16.0 354.0 0.5
m 37 19 3 16.0 354.0 0.5
b 108 0 126 418
m 108 19 0 126 418
m 108 204 0 126 418
b 108 1 126 418
m 108 19 1 126 418
m 108 204 1 126 418
b 108 2 126 418
b 108 3 126 418
m 108 204 3 16.0 354.0 0.5
m 108 19 3 16.0 354.0 0.5
b 41 0 64 389
m 41 64 0 64 389
b 41 1 64 389
m 41 64 1 64 389
b 41 2 64 389
b 41 3 64 389
m 41 64 3 16.0 354.0 0.5
b 139 0 26 396
m 139 64 0 26 396
m 139 177 0 26 396
m 139 184 0 26 396
b 139 1 26 396
m 139 64 1 26 396
m 139 177 1 26 396
m 139 184 1 26 396
b 139 2 26 396
b 139 3 26 396
m 139 64 3 16.333333333333336 355.6666666666667 0.3333333333333333
b 8 0 44 439
m 8 177 0 44 439
m 8 184 0 44 439
b 8 1 44 439
b 8 2 44 439
b 8 3 44 439
m 8 184 3 16.0 354.0 0.5
m 8 177 3 16.0 354.0 0.5
b 175 0 41 347
m 175 51 0 41 347
m 175 64 0 41 347
m 175 106 0 41 347
m 175 147 0 41 347
m 175 159 0 41 347
m 175 169 0 41 347
m 175 226 0 41 347
b 175 1 41 347
b 175 2 41 347
b 175 3 41 347
m 175 64 3 18.0 374.0 0.125
m 175 226 3 18.0 374.0 0.125
b 36 0 123 433
m 36 19 0 123 433
m 36 204 0 123 433
b 36 1 123 433
m 36 19 1 123 433
m 36 204 1 123 433
b 36 2 123 433
m 36 19 2 123 433
m 36 204 2 123 433
b 36 3 123 433
m 36 204 3 16.0 354.0 0.5
m 36 19 3 16.0 354.0 0.5
b 119 0 19 432
m 119 177 0 19 432
m 119 184 0 19 432
b 119 1 19 432
m 119 177 1 19 432
m 119 184 1 19 432
b 119 2 19 432
m 119 177 2 19 432
m 119 184 2 19 432
b 119 3 19 432
m 119 184 3 16.0 354.0 0.5
m 119 177 3 16.0 354.0 0.5
b 115 0 101 467
m 115 19 0 101 467
b 115 1 101 467
b 115 2 101 467
m 115 19 2 101 467
b 115 3 101 467
m 115 19 3 16.0 354.0 0.5
b 185 0 42 392
m 185 64 0 42 392
m 185 147 0 42 392
m 185 159 0 42 392
b 185 1 42 392
m 185 64 1 42 392
m 185 147 1 42 392
m 185 159 1 42 392
b 185 2 42 392
m 185 64 2 42 392
m 185 147 2 42 392
m 185 159 2 42 392
b 185 3 42 392
m 185 64 3 16.666666666666668 358.0 0.25
m 185 159 3 16.666666666666668 358.0 0.25
b 234 0 151 342
m 234 94 0 151 342
m 234 125 0 151 342
m 234 133 0 151 342
m 234 154 0 151 342
m 234 222 0 151 342
m 234 223 0 151 342
m 234 236 0 151 342
b 234 1 151 342
b 234 2 151 342
b 234 3 151 342
b 4 0 125 453
m 4 19 0 125 453
b 4 1 125 453
m 4 19 1 125 453
b 4 2 125 453
b 4 3 125 453
m 4 19 3 16.0 354.0 0.5
b 33 0 26 414
m 33 177 0 26 414
m 33 184 0 26 414
b 33 1 26 414
m 33 177 1 26 414
m 33 184 1 26 414
b 33 2 26 414
b 33 3 26 414
m 33 177 3 16.333333333333336 355.6666666666667 0.3333333333333333
b 95 0 78 410
m 95 64 0 78 410
b 95 1 78 410
b 95 2 78 410
m 95 64 2 78 410
b 95 3 78 410
m 95 64 3 16.0 354.0 0.5
b 99 0 140 398
m 99 19 0 140 398
m 99 94 0 140 398
m 99 154 0 140 398
m 99 204 0 140 398
m 99 222 0 140 398
m 99 236 0 140 398
b 99 1 140 398
m 99 19 1 140 398
m 99 94 1 140 398
m 99 154 1 140 398
m 99 204 1 140 398
m 99 222 1 140 398
m 99 236 1 140 398
b 99 2 140 398
m 99 19 2 140 398
m 99 94 2 140 398
m 99 154 2 140 398
m 99 204 2 140 398
m 99 222 2 140 398
m 99 236 2 140 398
b 99 3 140 398
m 99 154 3 17.333333333333336 364.6666666666667 0.16666666666666666
m 99 19 3 17.333333333333336 364.6666666666667 0.16666666666666666
b 88 0 42 348
m 88 51 0 42 348
m 88 64 0 42 348
m 88 106 0 42 348
m 88 147 0 42 348
m 88 159 0 42 348
m 88 169 0 42 348
m 88 226 0 42 348
b 88 1 42 348
b 88 2 42 348
b 88 3 42 348
m 88 64 3 18.0 374.0 0.125
m 88 226 3 18.0 374.0 0.125
b 209 0 38 434
m 209 177 0 38 434
m 209 184 0 38 434
b 209 1 38 434
b 209 2 38 434
b 209 3 38 434
m 209 184 3 16.0 354.0 0.5
m 209 177 3 16.0 354.0 0.5
b 221 0 72 376
m 221 51 0 72 376
m 221 64 0 72 376
m 221 94 0 72 376
m 221 147 0 72 376
m 221 159 0 72 376
m 221 169 0 72 376
m 221 226 0 72 376
b 221 1 72 376
m 221 51 1 72 376
m 221 64 1 72 376
m 221 94 1 72 376
m 221 147 1 72 376
m 221 159 1 72 376
m 221 169 1 72 376
m 221 226 1 72 376
b 221 2 72 376
m 221 51 2 72 376
m 221 64 2 72 376
m 221 94 2 72 376
m 221 147 2 72 376
m 221 159 2 72 376
m 221 169 2 72 376
m 221 226 2 72 376
b 221 3 72 376
m 221 64 3 17.666666666666668 369.0 0.14285714285714285
b 69 0 71 387
m 69 64 0 71 387
m 69 169 0 71 387
b 69 1 71 387
m 69 64 1 71 387
m 69 169 1 71 387
b 69 2 71 387
b 69 3 71 387
m 69 64 3 16.333333333333336 355.6666666666667 0.3333333333333333
b 111 0 146 462
m 111 19 0 146 462
m 111 204 0 146 462
m 111 233 0 146 462
b 111 1 146 462
m 111 19 1 146 462
m 111 204 1 146 462
m 111 233 1 146 462
b 111 2 146 462
m 111 19 2 146 462
m 111 204 2 146 462
m 111 233 2 146 462
b 111 3 146 462
m 111 19 3 16.333333333333336 355.6666666666667 0.3333333333333333
b 126 0 132 438
m 126 19 0 132 438
m 126 204 0 132 438
b 126 1 132 438
m 126 19 1 132 438
m 126 204 1 132 438
b 126 2 132 438
m 126 19 2 132 438
m 126 204 2 132 438
b 126 3 132 438
m 126 204 3 16.0 354.0 0.5
m 126 19 3 16.0 354.0 0.5
b 177 0 35 498
b 177 1 35 498
b 51 0 48 308
m 51 21 0 48 308
m 51 94 0 48 308
m 51 236 0 48 308
b 177 3 35 498
b 204 0 149 418
m 204 137 0 149 418
m 204 174 0 149 418
m 204 222 0 149 418
b 204 3 149 418
m 204 174 3 12.75 267.75 0.6844181459566075
m 204 222 3 12.75 267.75 0.6844181459566075
m 204 137 3 12.75 267.75 0.6844181459566075
b 64 0 67 352
m 64 21 0 67 352
b 64 1 67 352
m 64 21 1 67 352
m 64 51 1 67 352
m 64 94 1 67 352
m 64 106 1 67 352
m 64 169 1 67 352
m 64 226 1 67 352
b 64 3 67 352
m 64 94 3 13.5 274.5 0.8474687705456936
m 64 21 3 13.5 274.5 0.8474687705456936
m 64 106 3 13.5 274.5 0.8474687705456936
m 64 51 3 13.5 274.5 0.8474687705456936
m 64 169 3 13.5 274.5 0.8474687705456936
m 64 147 3 13.5 274.5 0.8474687705456936
b 133 0 209 335
m 133 38 0 209 335
m 133 45 0 209 335
m 133 76 0 209 335
m 133 80 0 209 335
m 133 100 0 209 335
m 133 105 0 209 335
m 133 118 0 209 335
m 133 123 0 209 335
m 133 164 0 209 335
m 133 188 0 209 335
m 133 238 0 209 335
b 177 2 35 498
b 204 1 148 416
b 222 0 178 407
m 222 76 0 178 407
m 222 137 0 178 407
m 222 174 0 178 407
b 94 0 94 325
m 94 28 0 94 325
b 154 0 143 350
m 154 105 0 143 350
b 169 0 88 342
m 169 21 0 88 342
b 222 1 177 407
m 222 76 1 177 407
m 222 137 1 177 407
m 222 174 1 177 407
b 222 2 177 407
b 223 0 175 314
m 223 38 0 175 314
m 223 80 0 175 314
m 223 105 0 175 314
m 223 164 0 175 314
b 19 0 175 459
m 19 137 0 175 459
m 19 153 0 175 459
m 19 155 0 175 459
m 19 174 0 175 459
b 19 3 175 459
m 19 155 3 14.0 281.5 0.8869399830938293
m 19 137 3 14.0 281.5 0.8869399830938293
m 19 174 3 14.0 281.5 0.8869399830938293
m 19 222 3 14.0 281.5 0.8869399830938293
m 19 153 3 14.0 281.5 0.8869399830938293
m 19 233 3 14.0 281.5 0.8869399830938293
b 94 1 93 325
b 94 2 93 325
m 94 28 2 93 325
b 154 1 142 351
m 154 125 1 142 351
m 154 133 1 142 351
m 154 223 1 142 351
b 154 2 142 351
b 154 3 142 351
m 154 133 3 15.000000000000002 289.5 0.21917786308381318
m 154 222 3 15.000000000000002 289.5 0.21917786308381318
b 236 0 115 305
m 236 28 0 115 305
m 236 75 0 115 305
b 51 1 43 308
m 51 21 1 43 308
m 51 28 1 43 308
m 51 106 1 43 308
b 51 2 43 308
b 64 2 71 352
m 64 21 2 71 352
m 64 106 2 71 352
b 184 0 3 430
b 184 1 3 430
b 236 1 114 305
b 236 2 114 305
m 236 28 2 114 305
m 236 75 2 114 305
m 236 135 2 114 305
m 236 223 2 114 305
b 19 1 175 461
b 184 3 4 429
b 204 2 145 414
m 204 137 2 145 414
m 204 174 2 145 414
b 106 0 26 330
m 106 21 0 26 330
b 159 0 92 342
m 159 21 0 92 342
b 147 0 16 346
m 147 21 0 16 346
b 169 1 90 346
m 169 21 1 90 346
b 169 2 90 346
m 169 21 2 90 346
b 184 2 4 427
b 226 0 125 313
m 226 21 0 125 313
m 226 28 0 125 313
m 226 75 0 125 313
m 226 135 0 125 313
b 226 3 125 313
m 226 51 3 16.0 305.5 0.15851474719101122
m 226 135 3 16.0 305.5 0.15851474719101122
b 19 2 175 465
m 19 137 2 175 465
m 19 155 2 175 465
m 19 174 2 175 465
b 125 0 239 356
m 125 45 0 239 356
m 125 60 0 239 356
m 125 76 0 239 356
m 125 80 0 239 356
m 125 100 0 239 356
m 125 118 0 239 356
m 125 137 0 239 356
m 125 164 0 239 356
m 125 238 0 239 356
b 159 1 94 344
m 159 21 1 94 344
m 159 106 1 94 344
b 159 2 94 344
b 159 3 94 344
m 159 51 3 14.25 280.75 0.369546914160401
m 159 94 3 14.25 280.75 0.369546914160401
m 159 21 3 14.25 280.75 0.369546914160401
b 147 1 14 348
m 147 21 1 14 348
m 147 106 1 14 348
b 147 2 14 348
m 147 21 2 14 348
m 147 106 2 14 348
b 233 0 185 481
m 233 10 0 185 481
m 233 153 0 185 481
m 233 155 0 185 481
m 233 224 0 185 481
b 233 1 185 481
m 233 10 1 185 481
m 233 153 1 185 481
m 233 155 1 185 481
m 233 174 1 185 481
m 233 224 1 185 481
b 233 2 185 481
m 233 10 2 185 481
m 233 153 2 185 481
m 233 155 2 185 481
m 233 174 2 185 481
m 233 224 2 185 481
b 21 0 44 322
b 21 1 44 323
b 21 3 44 323
b 45 0 279 332
m 45 14 0 279 332
m 45 30 0 279 332
m 45 60 0 279 332
m 45 62 0 279 332
m 45 84 0 279 332
m 45 132 0 279 332
m 45 229 0 279 332
b 188 0 253 250
m 188 23 0 253 250
m 188 30 0 253 250
m 188 42 0 253 250
m 188 87 0 253 250
m 188 124 0 253 250
m 188 160 0 253 250
m 188 162 0 253 250
b 222 3 170 415
b 226 1 130 313
b 226 2 130 313
b 137 0 202 390
m 137 14 0 202 390
m 137 81 0 202 390
b 137 3 202 390
m 137 14 3 11.6 224.0 1.0
m 137 76 3 11.6 224.0 1.0
m 137 81 3 11.6 224.0 1.0
m 137 125 3 11.6 224.0 1.0
b 28 0 90 271
m 28 1 0 90 271
m 28 75 0 90 271
m 28 135 0 90 271
m 28 158 0 90 271
b 51 3 33 307
b 94 3 82 328
m 94 135 3 11.4 221.4 0.0799789039353468
b 164 0 209 300
m 164 23 0 209 300
m 164 30 0 209 300
m 164 42 0 209 300
m 164 124 0 209 300
b 28 2 89 272
m 28 1 2 89 272
m 28 21 2 89 272
m 28 75 2 89 272
m 28 135 2 89 272
m 28 158 2 89 272
b 38 0 186 293
m 38 23 0 186 293
m 38 42 0 186 293
m 38 92 0 186 293
m 38 124 0 186 293
b 123 0 217 270
m 123 23 0 217 270
m 123 30 0 217 270
m 123 42 0 217 270
m 123 92 0 217 270
m 123 124 0 217 270
m 123 160 0 217 270
m 123 162 0 217 270
b 133 1 221 344
b 133 3 221 344
m 133 76 3 14.400000000000002 260.4 0.30195177373234494
m 133 105 3 14.400000000000002 260.4 0.30195177373234494
m 133 100 3 14.400000000000002 260.4 0.30195177373234494
m 133 123 3 14.400000000000002 260.4 0.30195177373234494
b 21 2 44 327
b 28 1 89 272
b 75 0 136 250
m 75 1 0 136 250
m 75 92 0 136 250
m 75 135 0 136 250
m 75 152 0 136 250
b 118 0 238 310
m 118 23 0 238 310
m 118 30 0 238 310
m 118 60 0 238 310
m 118 124 0 238 310
m 118 132 0 238 310
b 137 1 200 389
m 137 14 1 200 389
m 137 81 1 200 389
b 238 0 245 281
m 238 23 0 245 281
m 238 30 0 245 281
m 238 42 0 245 281
m 238 60 0 245 281
m 238 62 0 245 281
m 238 124 0 245 281
m 238 132 0 245 281
m 238 160 0 245 281
m 238 215 0 245 281
b 75 2 137 250
m 75 1 2 137 250
m 75 92 2 137 250
m 75 105 2 137 250
m 75 152 2 137 250
b 100 0 254 323
m 100 30 0 254 323
m 100 60 0 254 323
m 100 62 0 254 323
m 100 84 0 254 323
m 100 132 0 254 323
m 100 229 0 254 323
b 105 0 169 270
m 105 23 0 169 270
m 105 42 0 169 270
m 105 92 0 169 270
m 105 152 0 169 270
b 169 3 94 356
m 169 236 3 11.0 219.79999999999998 1.0
b 223 1 189 315
b 153 0 257 482
m 153 10 0 257 482
m 153 14 0 257 482
m 153 81 0 257 482
m 153 91 0 257 482
m 153 104 0 257 482
m 153 113 0 257 482
m 153 120 0 257 482
m 153 170 0 257 482
m 153 183 0 257 482
m 153 220 0 257 482
m 153 224 0 257 482
b 153 3 257 482
m 153 10 3 13.399999999999999 249.39999999999998 1.0
m 153 14 3 13.399999999999999 249.39999999999998 1.0
m 153 81 3 13.399999999999999 249.39999999999998 1.0
m 153 91 3 13.399999999999999 249.39999999999998 1.0
m 153 104 3 13.399999999999999 249.39999999999998 1.0
m 153 113 3 13.399999999999999 249.39999999999998 1.0
m 153 120 3 13.399999999999999 249.39999999999998 1.0
m 153 170 3 13.399999999999999 249.39999999999998 1.0
m 153 183 3 13.399999999999999 249.39999999999998 1.0
m 153 220 3 13.399999999999999 249.39999999999998 1.0
m 153 224 3 13.399999999999999 249.39999999999998 1.0
b 223 2 190 315
b 137 2 197 387
b 155 0 248 472
m 155 10 0 248 472
m 155 81 0 248 472
m 155 91 0 248 472
m 155 104 0 248 472
m 155 120 0 248 472
m 155 170 0 248 472
m 155 183 0 248 472
m 155 220 0 248 472
m 155 224 0 248 472
b 155 3 248 472
m 155 10 3 13.0 241.39999999999998 1.0
m 155 81 3 13.0 241.39999999999998 1.0
m 155 91 3 13.0 241.39999999999998 1.0
m 155 104 3 13.0 241.39999999999998 1.0
m 155 120 3 13.0 241.39999999999998 1.0
m 155 170 3 13.0 241.39999999999998 1.0
m 155 183 3 13.0 241.39999999999998 1.0
m 155 220 3 13.0 241.39999999999998 1.0
m 155 224 3 13.0 241.39999999999998 1.0
b 174 0 181 462
m 174 10 0 181 462
m 174 120 0 181 462
m 174 224 0 181 462
b 174 3 181 462
m 174 10 3 11.2 219.2 0.9875176105945337
m 174 224 3 11.2 219.2 0.9875176105945337
m 174 120 3 11.2 219.2 0.9875176105945337
b 80 0 244 274
m 80 23 0 244 274
m 80 30 0 244 274
m 80 42 0 244 274
m 80 124 0 244 274
m 80 160 0 244 274
m 80 162 0 244 274
b 106 1 17 341
b 106 3 17 341
b 76 0 256 393
m 76 14 0 256 393
m 76 81 0 256 393
m 76 203 0 256 393
b 135 2 89 271
b 147 3 6 356
b 233 3 178 471
b 174 1 178 462
m 174 120 1 178 462
b 76 1 257 395
m 76 14 1 257 395
m 76 45 1 257 395
m 76 81 1 257 395
m 76 203 1 257 395
m 76 229 1 257 395
b 125 1 253 363
m 125 45 1 253 363
m 125 60 1 253 363
m 125 81 1 253 363
m 125 100 1 253 363
m 125 118 1 253 363
m 125 164 1 253 363
m 125 238 1 253 363
b 10 0 254 439
m 10 91 0 254 439
m 10 104 0 254 439
m 10 113 0 254 439
m 10 120 0 254 439
m 10 170 0 254 439
m 10 183 0 254 439
m 10 203 0 254 439
m 10 220 0 254 439
b 10 1 254 439
b 10 2 254 439
m 10 14 2 254 439
m 10 76 2 254 439
m 10 81 2 254 439
m 10 91 2 254 439
m 10 104 2 254 439
m 10 113 2 254 439
m 10 120 2 254 439
m 10 170 2 254 439
m 10 183 2 254 439
m 10 203 2 254 439
m 10 220 2 254 439
b 106 2 14 344
b 135 0 88 274
m 135 152 0 88 274
b 135 3 88 274
m 135 28 3 14.200000000000001 254.20000000000002 0.10550242897977015
b 153 1 261 488
m 153 14 1 261 488
m 153 81 1 261 488
m 153 91 1 261 488
m 153 104 1 261 488
m 153 113 1 261 488
m 153 120 1 261 488
m 153 170 1 261 488
m 153 183 1 261 488
m 153 220 1 261 488
b 153 2 261 488
m 153 14 2 261 488
m 153 81 2 261 488
m 153 91 2 261 488
m 153 104 2 261 488
m 153 113 2 261 488
m 153 120 2 261 488
m 153 170 2 261 488
m 153 183 2 261 488
m 153 220 2 261 488
b 162 0 244 225
m 162 117 0 244 225
m 162 149 0 244 225
b 60 0 302 362
m 60 57 0 302 362
m 60 148 0 302 362
m 60 199 0 302 362
m 60 203 0 302 362
m 60 215 0 302 362
b 155 2 254 471
b 158 0 53 259
m 158 146 0 53 259
m 158 196 0 53 259
b 174 2 175 462
b 84 0 333 338
m 84 40 0 333 338
m 84 57 0 333 338
m 84 142 0 333 338
m 84 148 0 333 338
m 84 189 0 333 338
m 84 199 0 333 338
m 84 202 0 333 338
m 84 215 0 333 338
b 155 1 255 470
m 155 91 1 255 470
m 155 104 1 255 470
m 155 120 1 255 470
m 155 170 1 255 470
m 155 183 1 255 470
m 155 220 1 255 470
b 158 2 54 260
m 158 146 2 54 260
m 158 196 2 54 260
b 229 0 316 363
m 229 40 0 316 363
m 229 57 0 316 363
m 229 130 0 316 363
m 229 142 0 316 363
m 229 148 0 316 363
m 229 199 0 316 363
m 229 203 0 316 363
m 229 215 0 316 363
b 30 0 256 267
m 30 117 0 256 267
m 30 189 0 256 267
m 30 202 0 256 267
b 132 0 326 295
m 132 57 0 326 295
m 132 117 0 326 295
m 132 142 0 326 295
m 132 148 0 326 295
m 132 161 0 326 295
m 132 189 0 326 295
m 132 199 0 326 295
m 132 202 0 326 295
m 132 239 0 326 295
b 42 0 231 253
b 215 0 301 288
m 215 57 0 301 288
m 215 117 0 301 288
m 215 148 0 301 288
m 215 161 0 301 288
m 215 189 0 301 288
m 215 202 0 301 288
m 215 239 0 301 288
b 224 0 216 472
b 224 1 216 472
m 224 104 1 216 472
m 224 120 1 216 472
m 224 170 1 216 472
m 224 183 1 216 472
b 224 2 216 472
b 23 0 200 255
b 81 0 260 389
m 81 203 0 260 389
b 81 3 260 389
b 92 0 184 256
m 92 44 0 184 256
m 92 83 0 184 256
b 123 3 202 271
m 123 23 3 14.166666666666668 245.16666666666666 0.33786340704488477
m 123 188 3 14.166666666666668 245.16666666666666 0.33786340704488477
m 123 124 3 14.166666666666668 245.16666666666666 0.33786340704488477
m 123 162 3 14.166666666666668 245.16666666666666 0.33786340704488477
m 123 30 3 14.166666666666668 245.16666666666666 0.33786340704488477
b 124 0 260 276
m 124 117 0 260 276
m 124 189 0 260 276
m 124 202 0 260 276
b 14 0 276 431
m 14 203 0 276 431
b 14 3 275 432
m 14 203 3 10.0 187.33333333333331 0.5
b 87 0 295 202
m 87 58 0 295 202
m 87 107 0 295 202
m 87 117 0 295 202
m 87 149 0 295 202
m 87 151 0 295 202
m 87 189 0 295 202
m 87 202 0 295 202
b 92 2 185 258
b 100 3 254 308
m 100 38 3 14.333333333333336 249.66666666666666 0.35515850958506007
m 100 164 3 14.333333333333336 249.66666666666666 0.35515850958506007
m 100 62 3 14.333333333333336 249.66666666666666 0.35515850958506007
m 100 223 3 14.333333333333336 249.66666666666666 0.35515850958506007
m 100 215 3 14.333333333333336 249.66666666666666 0.35515850958506007
b 105 3 160 258
m 105 42 3 13.500000000000002 230.5 0.22508636285811295
m 105 164 3 13.500000000000002 230.5 0.22508636285811295
m 105 38 3 13.500000000000002 230.5 0.22508636285811295
b 160 0 310 250
m 160 58 0 310 250
m 160 117 0 310 250
m 160 151 0 310 250
m 160 189 0 310 250
m 160 202 0 310 250
m 160 239 0 310 250
b 236 3 91 289
m 236 28 3 9.833333333333332 185.83333333333331 1.0
m 236 75 3 9.833333333333332 185.83333333333331 1.0
m 236 158 3 9.833333333333332 185.83333333333331 1.0
b 10 3 256 431
m 10 203 3 11.333333333333332 208.0 1.0
b 81 1 260 386
m 81 113 1 260 386
m 81 120 1 260 386
m 81 170 1 260 386
m 81 203 1 260 386
m 81 229 1 260 386
b 62 0 303 288
m 62 57 0 303 288
m 62 117 0 303 288
m 62 142 0 303 288
m 62 148 0 303 288
m 62 161 0 303 288
m 62 189 0 303 288
m 62 202 0 303 288
m 62 239 0 303 288
b 91 0 320 485
m 91 35 0 320 485
m 91 59 0 320 485
m 91 68 0 320 485
m 91 205 0 320 485
b 91 3 320 485
m 91 68 3 12.0 212.0 0.2
m 91 59 3 12.0 212.0 0.2
b 105 2 159 257
m 105 23 2 159 257
m 105 38 2 159 257
m 105 42 2 159 257
m 105 123 2 159 257
m 105 164 2 159 257
b 125 3 261 368
m 125 223 3 10.5 190.83333333333331 0.6868382506800588
m 125 60 3 10.5 190.83333333333331 0.6868382506800588
m 125 45 3 10.5 190.83333333333331 0.6868382506800588
m 125 229 3 10.5 190.83333333333331 0.6868382506800588
b 14 1 275 435
m 14 91 1 275 435
m 14 104 1 275 435
m 14 113 1 275 435
m 14 170 1 275 435
m 14 183 1 275 435
m 14 203 1 275 435
b 76 3 262 405
b 152 0 110 240
b 183 0 239 468
b 183 3 239 468
b 220 0 325 496
m 220 35 0 325 496
m 220 59 0 325 496
m 220 68 0 325 496
m 220 205 0 325 496
b 220 3 325 496
m 220 59 3 11.833333333333332 210.5 0.25
m 220 35 3 11.833333333333332 210.5 0.25
b 1 0 151 223
m 1 44 0 151 223
m 1 83 0 151 223
m 1 116 0 151 223
m 1 214 0 151 223
b 45 1 288 310
m 45 30 1 288 310
m 45 62 1 288 310
m 45 80 1 288 310
m 45 84 1 288 310
m 45 124 1 288 310
m 45 132 1 288 310
m 45 148 1 288 310
m 45 160 1 288 310
m 45 189 1 288 310
m 45 215 1 288 310
b 152 2 109 241
b 1 2 152 223
m 1 44 2 152 223
m 1 83 2 152 223
m 1 116 2 152 223
m 1 214 2 152 223
b 28 3 72 286
b 113 0 293 421
m 113 59 0 293 421
m 113 68 0 293 421
m 113 205 0 293 421
m 113 213 0 293 421
b 113 3 293 421
m 113 213 3 12.333333333333332 216.0 0.5265787579346901
m 113 59 3 12.333333333333332 216.0 0.5265787579346901
m 113 203 3 12.333333333333332 216.0 0.5265787579346901
b 117 0 297 266
m 117 58 0 297 266
m 117 151 0 297 266
m 117 161 0 297 266
m 117 189 0 297 266
m 117 202 0 297 266
m 117 239 0 297 266
b 224 3 209 469
b 164 1 187 309
m 164 23 1 187 309
m 164 30 1 187 309
m 164 38 1 187 309
m 164 42 1 187 309
m 164 80 1 187 309
m 164 92 1 187 309
m 164 105 1 187 309
m 164 123 1 187 309
m 164 124 1 187 309
b 170 0 293 468
m 170 59 0 293 468
m 170 205 0 293 468
b 170 3 293 468
m 170 59 3 11.666666666666666 209.33333333333334 0.3333333333333333
b 104 0 303 466
m 104 59 0 303 466
m 104 205 0 303 466
b 104 3 303 466
m 104 59 3 12.0 212.0 0.2
b 229 1 315 375
m 229 57 1 315 375
m 229 84 1 315 375
m 229 130 1 315 375
m 229 132 1 315 375
m 229 142 1 315 375
m 229 148 1 315 375
m 229 199 1 315 375
m 229 213 1 315 375
b 57 0 349 327
m 57 46 0 349 327
m 57 56 0 349 327
m 57 198 0 349 327
m 57 218 0 349 327
b 118 1 241 286
m 118 23 1 241 286
m 118 30 1 241 286
m 118 38 1 241 286
m 118 42 1 241 286
m 118 62 1 241 286
m 118 80 1 241 286
m 118 92 1 241 286
m 118 123 1 241 286
m 118 124 1 241 286
m 118 162 1 241 286
m 118 188 1 241 286
m 118 215 1 241 286
b 120 0 218 444
b 120 3 218 444
b 148 0 334 345
m 148 198 0 334 345
m 148 213 0 334 345
b 203 0 330 404
m 203 59 0 330 404
m 203 68 0 330 404
m 203 213 0 330 404
b 238 1 229 264
m 238 23 1 229 264
m 238 30 1 229 264
m 238 38 1 229 264
m 238 42 1 229 264
m 238 62 1 229 264
m 238 80 1 229 264
m 238 92 1 229 264
m 238 117 1 229 264
m 238 123 1 229 264
m 238 124 1 229 264
m 238 160 1 229 264
m 238 162 1 229 264
m 238 188 1 229 264
m 238 215 1 229 264
b 40 0 412 356
m 40 46 0 412 356
m 40 48 0 412 356
m 40 55 0 412 356
m 40 56 0 412 356
m 40 70 0 412 356
m 40 78 0 412 356
m 40 79 0 412 356
m 40 173 0 412 356
m 40 178 0 412 356
m 40 186 0 412 356
m 40 198 0 412 356
m 40 213 0 412 356
m 40 218 0 412 356
m 40 231 0 412 356
b 60 1 310 374
m 60 57 1 310 374
m 60 84 1 310 374
m 60 132 1 310 374
m 60 142 1 310 374
m 60 148 1 310 374
m 60 199 1 310 374
m 60 213 1 310 374
b 91 1 324 491
m 91 35 1 324 491
m 91 59 1 324 491
m 91 68 1 324 491
m 91 205 1 324 491
b 91 2 324 491
b 100 1 254 299
m 100 30 1 254 299
m 100 38 1 254 299
m 100 42 1 254 299
m 100 62 1 254 299
m 100 80 1 254 299
m 100 117 1 254 299
m 100 123 1 254 299
m 100 124 1 254 299
m 100 189 1 254 299
m 100 215 1 254 299
b 196 0 29 173
m 196 5 0 29 173
m 196 6 0 29 173
m 196 13 0 29 173
m 196 29 0 29 173
m 196 197 0 29 173
b 199 0 372 370
m 199 55 0 372 370
m 199 56 0 372 370
m 199 70 0 372 370
m 199 178 0 372 370
m 199 198 0 372 370
m 199 213 0 372 370
m 199 218 0 372 370
b 81 2 261 377
m 81 60 2 261 377
m 81 125 2 261 377
m 81 133 2 261 377
m 81 229 2 261 377
b 183 1 233 463
b 183 2 233 463
b 188 3 268 224
m 188 160 3 13.857142857142856 230.71428571428572 0.3244423070514065
m 188 202 3 13.857142857142856 230.71428571428572 0.3244423070514065
m 188 238 3 13.857142857142856 230.71428571428572 0.3244423070514065
m 188 189 3 13.857142857142856 230.71428571428572 0.3244423070514065
b 196 2 28 173
b 203 1 332 404
b 220 1 331 497
b 220 2 331 497
m 220 35 2 331 497
m 220 59 2 331 497
m 220 68 2 331 497
m 220 205 2 331 497
b 162 3 237 241
m 162 160 3 13.142857142857142 217.14285714285714 0.07844052561450493
b 203 2 333 404
m 203 59 2 333 404
m 203 60 2 333 404
m 203 68 2 333 404
m 203 130 2 333 404
m 203 148 2 333 404
m 203 213 2 333 404
m 203 229 2 333 404
b 14 2 273 444
b 107 0 251 141
m 107 16 0 251 141
m 107 34 0 251 141
m 107 77 0 251 141
m 107 89 0 251 141
m 107 131 0 251 141
m 107 168 0 251 141
m 107 192 0 251 141
m 107 235 0 251 141
b 113 1 288 416
m 113 59 1 288 416
m 113 68 1 288 416
m 113 213 1 288 416
b 113 2 288 416
m 113 59 2 288 416
m 113 60 2 288 416
m 113 68 2 288 416
m 113 213 2 288 416
m 113 229 2 288 416
b 158 3 61 275
b 58 0 374 209
m 58 31 0 374 209
m 58 49 0 374 209
m 58 72 0 374 209
m 58 134 0 374 209
m 58 138 0 374 209
m 58 150 0 374 209
m 58 228 0 374 209
b 75 3 164 241
m 75 1 3 8.857142857142856 160.57142857142856 0.7239736070381231
m 75 152 3 8.857142857142856 160.57142857142856 0.7239736070381231
m 75 92 3 8.857142857142856 160.57142857142856 0.7239736070381231
b 120 1 214 440
b 130 0 390 380
m 130 55 0 390 380
m 130 70 0 390 380
m 130 127 0 390 380
m 130 178 0 390 380
m 130 198 0 390 380
m 130 200 0 390 380
m 130 213 0 390 380
m 130 231 0 390 380
b 149 0 255 135
m 149 16 0 255 135
m 149 34 0 255 135
m 149 77 0 255 135
m 149 89 0 255 135
m 149 131 0 255 135
m 149 168 0 255 135
m 149 192 0 255 135
m 149 235 0 255 135
b 170 1 300 469
m 170 59 1 300 469
m 170 68 1 300 469
m 170 205 1 300 469
b 170 2 300 469
b 215 3 285 289
m 215 84 3 14.142857142857146 238.14285714285714 0.3413551154261174
m 215 238 3 14.142857142857146 238.14285714285714 0.3413551154261174
m 215 161 3 14.142857142857146 238.14285714285714 0.3413551154261174
m 215 132 3 14.142857142857146 238.14285714285714 0.3413551154261174
b 30 3 242 257
m 30 80 3 13.285714285714285 219.28571428571428 0.1536522556992302
m 30 160 3 13.285714285714285 219.28571428571428 0.1536522556992302
b 45 3 291 301
m 45 80 3 10.857142857142858 187.71428571428572 1.0
m 45 84 3 10.857142857142858 187.71428571428572 1.0
m 45 117 3 10.857142857142858 187.71428571428572 1.0
m 45 118 3 10.857142857142858 187.71428571428572 1.0
m 45 132 3 10.857142857142858 187.71428571428572 1.0
m 45 142 3 10.857142857142858 187.71428571428572 1.0
m 45 148 3 10.857142857142858 187.71428571428572 1.0
m 45 160 3 10.857142857142858 187.71428571428572 1.0
m 45 189 3 10.857142857142858 187.71428571428572 1.0
m 45 202 3 10.857142857142858 187.71428571428572 1.0
m 45 238 3 10.857142857142858 187.71428571428572 1.0
b 104 1 310 463
b 104 2 310 463
b 164 3 179 312
m 164 92 3 12.714285714285717 215.28571428571428 0.3333333333333333
b 223 3 218 318
m 223 80 3 12.85714285714286 216.28571428571428 0.25
m 223 238 3 12.85714285714286 216.28571428571428 0.25
b 38 3 183 325
m 38 92 3 12.714285714285717 215.28571428571428 0.3333333333333333
b 76 2 267 416
m 76 125 2 267 416
m 76 133 2 267 416
m 76 229 2 267 416
b 120 2 213 439
b 146 0 82 190
m 146 6 0 82 190
m 146 141 0 82 190
m 146 156 0 82 190
m 146 191 0 82 190
m 146 197 0 82 190
b 202 0 316 249
m 202 31 0 316 249
m 202 138 0 316 249
b 23 3 182 256
m 23 80 3 12.857142857142856 213.71428571428572 0.2
m 23 118 3 12.857142857142856 213.71428571428572 0.2
b 83 0 207 159
m 83 66 0 207 159
m 83 77 0 207 159
m 83 89 0 207 159
m 83 98 0 207 159
m 83 207 0 207 159
b 124 3 264 293
m 124 160 3 13.285714285714285 219.28571428571428 0.1536522556992302
m 124 202 3 13.285714285714285 219.28571428571428 0.1536522556992302
b 142 0 346 325
m 142 46 0 346 325
m 142 55 0 346 325
m 142 198 0 346 325
m 142 218 0 346 325
b 146 2 83 190
b 161 0 347 279
m 161 31 0 347 279
m 161 46 0 347 279
m 161 56 0 347 279
m 161 79 0 347 279
m 161 138 0 347 279
m 161 198 0 347 279
m 161 218 0 347 279
b 164 2 178 313
m 164 100 2 178 313
m 164 118 2 178 313
m 164 133 2 178 313
m 164 238 2 178 313
b 38 2 183 327
m 38 100 2 183 327
m 38 118 2 183 327
m 38 133 2 183 327
b 42 3 238 272
m 42 117 3 12.42857142857143 202.71428571428572 0.12858501104003117
b 123 2 183 271
b 189 0 294 262
b 215 1 281 289
b 229 3 313 385
m 229 142 3 9.857142857142858 168.71428571428572 0.8365925040028104
m 229 84 3 9.857142857142858 168.71428571428572 0.8365925040028104
m 229 148 3 9.857142857142858 168.71428571428572 0.8365925040028104
m 229 57 3 9.857142857142858 168.71428571428572 0.8365925040028104
b 239 0 336 290
m 239 31 0 336 290
m 239 46 0 336 290
m 239 56 0 336 290
m 239 79 0 336 290
m 239 138 0 336 290
m 239 198 0 336 290
m 239 218 0 336 290
b 59 0 336 455
m 59 200 0 336 455
b 59 3 336 455
m 59 205 3 10.571428571428573 182.2857142857143 0.5
m 59 200 3 10.571428571428573 182.2857142857143 0.5
b 68 0 344 463
m 68 200 0 344 463
b 68 3 344 463
b 148 1 327 352
m 148 57 1 327 352
m 148 130 1 327 352
m 148 142 1 327 352
m 148 161 1 327 352
m 148 198 1 327 352
m 148 199 1 327 352
m 148 213 1 327 352
m 148 239 1 327 352
b 203 3 340 402
m 203 148 3 9.142857142857142 162.85714285714286 0.7629816729323308
m 203 130 3 9.142857142857142 162.85714285714286 0.7629816729323308
m 203 199 3 9.142857142857142 162.85714285714286 0.7629816729323308
b 214 0 116 168
m 214 3 0 116 168
m 214 26 0 116 168
m 214 66 0 116 168
m 214 96 0 116 168
m 214 97 0 116 168
m 214 98 0 116 168
m 214 141 0 116 168
m 214 156 0 116 168
m 214 191 0 116 168
m 214 207 0 116 168
b 42 2 238 273
m 42 30 2 238 273
m 42 45 2 238 273
m 42 62 2 238 273
m 42 80 2 238 273
m 42 100 2 238 273
m 42 117 2 238 273
m 42 118 2 238 273
m 42 124 2 238 273
m 42 162 2 238 273
m 42 188 2 238 273
m 42 189 2 238 273
m 42 215 2 238 273
m 42 238 2 238 273
b 60 3 316 383
m 60 84 3 9.714285714285714 167.14285714285717 0.7255788555012264
m 60 142 3 9.714285714285714 167.14285714285717 0.7255788555012264
m 60 199 3 9.714285714285714 167.14285714285717 0.7255788555012264
m 60 148 3 9.714285714285714 167.14285714285717 0.7255788555012264
b 84 1 355 329
m 84 40 1 355 329
m 84 46 1 355 329
m 84 55 1 355 329
m 84 161 1 355 329
m 84 198 1 355 329
m 84 239 1 355 329
b 214 2 115 169
b 23 2 178 256
m 23 30 2 178 256
m 23 80 2 178 256
m 23 118 2 178 256
m 23 162 2 178 256
m 23 238 2 178 256
b 30 1 237 253
b 44 0 169 159
m 44 66 0 169 159
m 44 77 0 169 159
m 44 97 0 169 159
m 44 98 0 169 159
m 44 207 0 169 159
b 117 1 286 276
m 117 151 1 286 276
m 117 161 1 286 276
m 117 202 1 286 276
m 117 239 1 286 276
b 132 1 349 290
m 132 31 1 349 290
m 132 46 1 349 290
m 132 161 1 349 290
m 132 198 1 349 290
m 132 202 1 349 290
m 132 239 1 349 290
b 151 0 296 208
m 151 34 0 296 208
b 188 1 273 215
m 188 87 1 273 215
m 188 151 1 273 215
m 188 202 1 273 215
b 38 1 183 331
b 57 1 351 340
b 92 1 196 276
m 92 75 1 196 276
b 123 1 179 272
b 162 1 233 251
m 162 87 1 233 251
b 173 0 419 322
m 173 129 0 419 322
m 173 171 0 419 322
m 173 172 0 419 322
m 173 227 0 419 322
m 173 232 0 419 322
b 205 0 376 476
m 205 200 0 376 476
b 35 0 382 494
m 35 22 0 382 494
m 35 200 0 382 494
b 46 0 382 318
m 46 31 0 382 318
m 46 138 0 382 318
m 46 172 0 382 318
b 62 3 290 273
m 62 84 3 13.714285714285717 228.28571428571428 0.23649775423732744
b 124 1 266 299
b 133 2 252 368
b 199 1 378 382
m 199 40 1 378 382
m 199 55 1 378 382
m 199 70 1 378 382
m 199 78 1 378 382
m 199 127 1 378 382
m 199 178 1 378 382
m 199 198 1 378 382
m 199 200 1 378 382
b 231 0 449 338
m 231 43 0 449 338
m 231 82 0 449 338
m 231 127 0 449 338
m 231 129 0 449 338
m 231 217 0 449 338
m 231 227 0 449 338
b 35 3 383 495
m 35 200 3 10.571428571428571 181.7142857142857 0.17857034887236245
b 42 1 240 277
b 56 0 405 300
m 56 31 0 405 300
m 56 150 0 405 300
m 56 171 0 405 300
m 56 172 0 405 300
m 56 227 0 405 300
m 56 232 0 405 300
b 83 2 213 154
b 105 1 146 240
m 105 1 1 146 240
m 105 75 1 146 240
m 105 152 1 146 240
b 116 0 152 128
m 116 0 0 152 128
m 116 3 0 152 128
m 116 26 0 152 128
m 116 53 0 152 128
m 116 61 0 152 128
m 116 66 0 152 128
m 116 96 0 152 128
m 116 97 0 152 128
m 116 98 0 152 128
m 116 141 0 152 128
m 116 156 0 152 128
m 116 191 0 152 128
m 116 201 0 152 128
m 116 207 0 152 128
b 13 0 48 114
m 13 3 0 48 114
m 13 26 0 48 114
m 13 32 0 48 114
m 13 54 0 48 114
m 13 63 0 48 114
m 13 74 0 48 114
m 13 90 0 48 114
m 13 101 0 48 114
m 13 141 0 48 114
m 13 156 0 48 114
m 13 179 0 48 114
m 13 190 0 48 114
m 13 191 0 48 114
b 23 1 174 256
m 23 1 1 174 256
m 23 75 1 174 256
b 116 2 152 127
m 116 0 2 152 127
m 116 3 2 152 127
m 116 26 2 152 127
m 116 53 2 152 127
m 116 61 2 152 127
m 116 66 2 152 127
m 116 77 2 152 127
m 116 96 2 152 127
m 116 97 2 152 127
m 116 98 2 152 127
m 116 141 2 152 127
m 116 156 2 152 127
m 116 191 2 152 127
m 116 201 2 152 127
m 116 207 2 152 127
b 160 1 333 256
m 160 31 1 333 256
m 160 87 1 333 256
m 160 138 1 333 256
m 160 151 1 333 256
m 160 161 1 333 256
m 160 202 1 333 256
m 160 239 1 333 256
b 198 0 371 323
b 29 0 32 118
m 29 32 0 32 118
m 29 63 0 32 118
m 29 74 0 32 118
m 29 90 0 32 118
m 29 190 0 32 118
m 29 191 0 32 118
b 59 1 338 448
m 59 200 1 338 448
b 68 1 337 465
m 68 200 1 337 465
b 70 0 404 380
m 70 43 0 404 380
m 70 82 0 404 380
m 70 110 0 404 380
m 70 217 0 404 380
b 77 0 197 172
m 77 61 0 197 172
m 77 66 0 197 172
m 77 98 0 197 172
m 77 207 0 197 172
b 80 1 265 245
b 130 1 398 371
m 130 40 1 398 371
m 130 46 1 398 371
m 130 55 1 398 371
m 130 70 1 398 371
m 130 78 1 398 371
m 130 173 1 398 371
m 130 178 1 398 371
m 130 198 1 398 371
m 130 200 1 398 371
m 130 231 1 398 371
b 148 2 322 357
m 148 45 2 322 357
m 148 57 2 322 357
m 148 84 2 322 357
m 148 132 2 322 357
m 148 142 2 322 357
m 148 198 2 322 357
m 148 199 2 322 357
m 148 239 2 322 357
b 168 0 273 115
m 168 176 0 273 115
b 186 0 472 359
m 186 43 0 472 359
m 186 65 0 472 359
m 186 82 0 472 359
m 186 129 0 472 359
m 186 217 0 472 359
m 186 227 0 472 359
b 218 0 434 291
m 218 129 0 434 291
m 218 136 0 434 291
m 218 171 0 434 291
m 218 172 0 434 291
m 218 227 0 434 291
m 218 232 0 434 291
b 229 2 312 392
m 229 57 2 312 392
m 229 84 2 312 392
m 229 142 2 312 392
b 6 0 4 167
m 6 90 0 4 167
b 59 2 338 447
b 62 1 288 270
b 68 2 337 465
b 79 0 396 299
m 79 171 0 396 299
m 79 172 0 396 299
m 79 227 0 396 299
m 79 232 0 396 299
b 117 3 282 280
m 117 239 3 9.75 164.75 0.5
m 117 151 3 9.75 164.75 0.5
b 127 0 439 421
m 127 43 0 439 421
m 127 65 0 439 421
m 127 82 0 439 421
m 127 110 0 439 421
m 127 167 0 439 421
m 127 217 0 439 421
b 134 0 429 171
m 134 7 0 429 171
m 134 15 0 429 171
m 134 18 0 429 171
m 134 25 0 429 171
m 134 27 0 429 171
m 134 71 0 429 171
m 134 85 0 429 171
m 134 102 0 429 171
m 134 112 0 429 171
m 134 145 0 429 171
m 134 193 0 429 171
m 134 210 0 429 171
m 134 216 0 429 171
b 138 0 380 249
m 138 172 0 380 249
m 138 232 0 380 249
b 189 1 286 259
m 189 151 1 286 259
m 189 161 1 286 259
m 189 202 1 286 259
m 189 239 1 286 259
b 213 0 358 376
b 213 3 358 376
m 213 55 3 11.714285714285714 194.28571428571428 0.6182980740459543
m 213 70 3 11.714285714285714 194.28571428571428 0.6182980740459543
m 213 40 3 11.714285714285714 194.28571428571428 0.6182980740459543
m 213 200 3 11.714285714285714 194.28571428571428 0.6182980740459543
m 213 198 3 11.714285714285714 194.28571428571428 0.6182980740459543
b 238 3 216 251
b 44 2 163 155
b 60 2 320 389
b 197 0 53 155
m 197 3 0 53 155
m 197 26 0 53 155
m 197 63 0 53 155
m 197 74 0 53 155
m 197 90 0 53 155
m 197 97 0 53 155
m 197 190 0 53 155
b 200 0 409 420
m 200 22 0 409 420
m 200 110 0 409 420
b 34 0 318 165
m 34 145 0 318 165
m 34 165 0 318 165
b 48 0 476 352
m 48 43 0 476 352
m 48 65 0 476 352
m 48 82 0 476 352
m 48 129 0 476 352
m 48 217 0 476 352
m 48 227 0 476 352
b 78 0 422 346
m 78 43 0 422 346
m 78 82 0 422 346
m 78 129 0 422 346
m 78 172 0 422 346
m 78 227 0 422 346
b 84 3 363 325
m 84 40 3 13.750000000000004 223.5 0.29416150409465175
m 84 199 3 13.750000000000004 223.5 0.29416150409465175
m 84 55 3 13.750000000000004 223.5 0.29416150409465175
m 84 130 3 13.750000000000004 223.5 0.29416150409465175
b 92 3 200 282
b 141 0 118 142
m 141 0 0 118 142
m 141 3 0 118 142
m 141 26 0 118 142
m 141 53 0 118 142
m 141 54 0 118 142
m 141 96 0 118 142
m 141 97 0 118 142
m 141 101 0 118 142
m 141 190 0 118 142
b 142 1 336 319
m 142 46 1 336 319
m 142 161 1 336 319
m 142 198 1 336 319
m 142 239 1 336 319
b 148 3 320 360
m 148 57 3 10.25 168.75 0.16666666666666666
b 205 1 383 474
m 205 200 1 383 474
b 213 1 358 374
m 213 40 1 358 374
m 213 55 1 358 374
m 213 70 1 358 374
m 213 198 1 358 374
m 213 200 1 358 374
b 35 1 388 498
m 35 22 1 388 498
m 35 200 1 388 498
b 72 0 369 140
m 72 176 0 369 140
b 130 2 401 368
m 130 40 2 401 368
m 130 46 2 401 368
m 130 55 2 401 368
m 130 57 2 401 368
m 130 70 2 401 368
m 130 78 2 401 368
m 130 82 2 401 368
m 130 84 2 401 368
m 130 142 2 401 368
m 130 173 2 401 368
m 130 178 2 401 368
m 130 198 2 401 368
m 130 199 2 401 368
m 130 200 2 401 368
m 130 231 2 401 368
b 132 3 358 288
m 132 31 3 13.250000000000004 214.5 0.07477001306918583
b 191 0 106 141
m 191 0 0 106 141
m 191 3 0 106 141
m 191 26 0 106 141
m 191 53 0 106 141
m 191 54 0 106 141
m 191 96 0 106 141
m 191 97 0 106 141
m 191 101 0 106 141
m 191 190 0 106 141
m 191 195 0 106 141
b 205 2 384 473
m 205 200 2 384 473
b 5 0 11 174
m 5 63 0 11 174
m 5 90 0 11 174
b 31 0 356 245
b 35 2 389 499
m 35 22 2 389 499
m 35 200 2 389 499
b 55 0 419 340
m 55 43 0 419 340
m 55 82 0 419 340
m 55 227 0 419 340
b 118 3 244 265
b 160 3 339 258
m 160 31 3 12.749999999999998 205.0 0.2
b 178 0 449 378
m 178 43 0 449 378
m 178 65 0 449 378
m 178 82 0 449 378
m 178 110 0 449 378
m 178 217 0 449 378
b 202 3 309 236
m 202 87 3 12.749999999999998 205.0 0.2
b 16 0 254 114
m 16 61 0 254 114
b 45 2 298 285
b 57 3 352 350
m 57 40 3 9.75 157.75 1.0
m 57 46 3 9.75 157.75 1.0
m 57 55 3 9.75 157.75 1.0
m 57 70 3 9.75 157.75 1.0
m 57 173 3 9.75 157.75 1.0
m 57 198 3 9.75 157.75 1.0
m 57 239 3 9.75 157.75 1.0
b 89 0 228 154
m 89 61 0 228 154
b 117 2 278 283
b 125 2 287 382
b 131 0 278 129
m 131 176 0 278 129
b 150 0 410 217
m 150 15 0 410 217
m 150 25 0 410 217
m 150 27 0 410 217
m 150 71 0 410 217
m 150 102 0 410 217
m 150 112 0 410 217
m 150 171 0 410 217
m 150 172 0 410 217
m 150 232 0 410 217
b 188 2 278 206
m 188 87 2 278 206
m 188 151 2 278 206
m 188 202 2 278 206
b 49 0 424 142
m 49 7 0 424 142
m 49 18 0 424 142
m 49 25 0 424 142
m 49 71 0 424 142
m 49 85 0 424 142
m 49 86 0 424 142
m 49 112 0 424 142
m 49 145 0 424 142
m 49 193 0 424 142
m 49 210 0 424 142
m 49 216 0 424 142
m 49 219 0 424 142
b 118 2 244 263
b 152 3 86 258
m 152 146 3 7.874999999999999 140.625 1.0
b 162 2 228 261
b 189 3 280 256
m 189 151 3 12.374999999999998 202.375 0.5
m 189 239 3 12.374999999999998 202.375 0.5
b 200 3 412 415
m 200 70 3 10.125000000000002 165.62500000000003 0.8649282354218572
m 200 82 3 10.125000000000002 165.62500000000003 0.8649282354218572
m 200 22 3 10.125000000000002 165.62500000000003 0.8649282354218572
m 200 127 3 10.125000000000002 165.62500000000003 0.8649282354218572
m 200 110 3 10.125000000000002 165.62500000000003 0.8649282354218572
m 200 178 3 10.125000000000002 165.62500000000003 0.8649282354218572
b 213 2 359 370
m 213 40 2 359 370
m 213 55 2 359 370
m 213 57 2 359 370
m 213 70 2 359 370
m 213 84 2 359 370
m 213 198 2 359 370
m 213 199 2 359 370
m 213 200 2 359 370
b 215 2 266 289
b 238 2 212 247
b 3 0 107 142
m 3 0 0 107 142
m 3 53 0 107 142
m 3 54 0 107 142
m 3 101 0 107 142
m 3 190 0 107 142
m 3 195 0 107 142
b 40 1 435 362
m 40 43 1 435 362
m 40 48 1 435 362
m 40 56 1 435 362
m 40 70 1 435 362
m 40 78 1 435 362
m 40 79 1 435 362
m 40 82 1 435 362
m 40 173 1 435 362
m 40 178 1 435 362
m 40 186 1 435 362
m 40 218 1 435 362
m 40 227 1 435 362
m 40 231 1 435 362
b 46 1 378 328
b 100 2 253 275
b 156 0 96 108
m 156 0 0 96 108
m 156 53 0 96 108
m 156 54 0 96 108
m 156 101 0 96 108
m 156 190 0 96 108
m 156 195 0 96 108
b 161 3 330 275
b 192 0 362 152
m 192 176 0 362 152
b 199 3 383 391
m 199 40 3 9.25 155.0 1.0
m 199 55 3 9.25 155.0 1.0
m 199 70 3 9.25 155.0 1.0
m 199 78 3 9.25 155.0 1.0
m 199 82 3 9.25 155.0 1.0
m 199 127 3 9.25 155.0 1.0
m 199 173 3 9.25 155.0 1.0
m 199 178 3 9.25 155.0 1.0
m 199 198 3 9.25 155.0 1.0
b 232 0 452 235
m 232 15 0 452 235
m 232 25 0 452 235
m 232 27 0 452 235
m 232 71 0 452 235
m 232 102 0 452 235
m 232 136 0 452 235
m 232 166 0 452 235
b 235 0 230 108
m 235 61 0 230 108
m 235 180 0 230 108
m 235 181 0 230 108
b 75 1 184 235
b 198 1 364 316
m 198 56 1 364 316
m 198 79 1 364 316
m 198 173 1 364 316
b 207 0 197 152
b 1 3 181 218
m 1 66 3 8.25 142.5 0.9321113710543476
m 1 44 3 8.25 142.5 0.9321113710543476
m 1 77 3 8.25 142.5 0.9321113710543476
m 1 98 3 8.25 142.5 0.9321113710543476
b 30 2 225 244
m 30 151 2 225 244
b 80 3 271 237
m 80 151 3 11.875 192.375 0.5
m 80 87 3 11.875 192.375 0.5
b 96 0 98 69
m 96 67 0 98 69
m 96 140 0 98 69
m 96 195 0 98 69
m 96 225 0 98 69
m 96 230 0 98 69
b 97 0 94 126
m 97 195 0 94 126
b 127 1 439 430
b 142 3 330 315
m 142 198 3 10.125 167.375 0.2
b 228 0 388 214
m 228 18 0 388 214
m 228 71 0 388 214
m 228 112 0 388 214
b 26 0 101 132
m 26 195 0 101 132
b 130 3 406 363
m 130 40 3 9.875 170.625 1.0
m 130 43 3 9.875 170.625 1.0
m 130 46 3 9.875 170.625 1.0
m 130 55 3 9.875 170.625 1.0
m 130 70 3 9.875 170.625 1.0
m 130 78 3 9.875 170.625 1.0
m 130 79 3 9.875 170.625 1.0
m 130 82 3 9.875 170.625 1.0
m 130 173 3 9.875 170.625 1.0
m 130 178 3 9.875 170.625 1.0
m 130 198 3 9.875 170.625 1.0
m 130 231 3 9.875 170.625 1.0
b 172 0 450 285
m 172 27 0 450 285
m 172 136 0 450 285
b 200 1 414 412
m 200 82 1 414 412
b 0 0 97 97
m 0 140 0 97 97
m 0 195 0 97 97
m 0 225 0 97 97
b 22 0 449 486
m 22 52 0 449 486
m 22 167 0 449 486
b 31 1 349 243
m 31 56 1 349 243
m 31 58 1 349 243
m 31 79 1 349 243
m 31 150 1 349 243
m 31 228 1 349 243
b 63 0 7 100
b 77 2 201 183
m 77 89 2 201 183
m 77 107 2 201 183
m 77 149 2 201 183
b 124 2 269 314
b 138 1 382 260
m 138 56 1 382 260
m 138 58 1 382 260
m 138 79 1 382 260
m 138 150 1 382 260
m 138 172 1 382 260
m 138 218 1 382 260
m 138 228 1 382 260
m 138 232 1 382 260
b 141 2 126 146
b 173 1 406 332
b 205 3 391 471
b 0 2 97 98
m 0 13 2 97 98
m 0 54 2 97 98
m 0 101 2 97 98
m 0 140 2 97 98
m 0 190 2 97 98
m 0 195 2 97 98
m 0 225 2 97 98
b 53 0 97 65
m 53 67 0 97 65
m 53 114 0 97 65
m 53 140 0 97 65
m 53 194 0 97 65
m 53 195 0 97 65
m 53 208 0 97 65
m 53 225 0 97 65
m 53 230 0 97 65
b 66 0 162 204
b 70 1 392 375
m 70 43 1 392 375
m 70 82 1 392 375
m 70 186 1 392 375
b 82 0 435 386
b 98 0 183 191
b 129 0 486 289
b 161 1 325 274
m 161 79 1 325 274
b 190 0 61 113
m 190 195 0 61 113
m 190 225 0 61 113
b 191 2 113 146
m 191 13 2 113 146
m 191 29 2 113 146
m 191 101 2 113 146
m 191 190 2 113 146
m 191 195 2 113 146
m 191 197 2 113 146
b 193 0 475 143
m 193 86 0 475 143
m 193 166 0 475 143
m 193 219 0 475 143
b 201 0 182 63
m 201 2 0 182 63
m 201 9 0 182 63
m 201 67 0 182 63
m 201 109 0 182 63
m 201 114 0 182 63
m 201 140 0 182 63
m 201 157 0 182 63
m 201 180 0 182 63
m 201 181 0 182 63
m 201 194 0 182 63
m 201 195 0 182 63
m 201 230 0 182 63
b 231 1 450 322
b 3 2 110 147
m 3 13 2 110 147
m 3 29 2 110 147
m 3 54 2 110 147
m 3 101 2 110 147
m 3 190 2 110 147
m 3 195 2 110 147
m 3 197 2 110 147
b 15 0 491 214
m 15 166 0 491 214
b 43 0 451 341
b 53 2 96 64
m 53 13 2 96 64
m 53 54 2 96 64
m 53 67 2 96 64
m 53 101 2 96 64
m 53 114 2 96 64
m 53 140 2 96 64
m 53 190 2 96 64
m 53 194 2 96 64
m 53 195 2 96 64
m 53 208 2 96 64
m 53 225 2 96 64
m 53 230 2 96 64
b 57 2 353 358
b 61 0 208 132
m 61 181 0 208 132
b 201 2 182 62
b 239 1 316 298
b 18 0 394 165
m 18 86 0 394 165
m 18 219 0 394 165
b 25 0 444 184
m 25 166 0 444 184
m 25 219 0 444 184
b 40 3 441 364
m 40 79 3 12.25 202.0 0.9293428223240305
m 40 46 3 12.25 202.0 0.9293428223240305
m 40 217 3 12.25 202.0 0.9293428223240305
m 40 48 3 12.25 202.0 0.9293428223240305
m 40 173 3 12.25 202.0 0.9293428223240305
m 40 227 3 12.25 202.0 0.9293428223240305
m 40 231 3 12.25 202.0 0.9293428223240305
m 40 186 3 12.25 202.0 0.9293428223240305
m 40 65 3 12.25 202.0 0.9293428223240305
m 40 78 3 12.25 202.0 0.9293428223240305
m 40 82 3 12.25 202.0 0.9293428223240305
m 40 43 3 12.25 202.0 0.9293428223240305
m 40 178 3 12.25 202.0 0.9293428223240305
b 55 1 422 330
m 55 43 1 422 330
m 55 48 1 422 330
m 55 56 1 422 330
m 55 79 1 422 330
m 55 82 1 422 330
m 55 172 1 422 330
m 55 218 1 422 330
m 55 227 1 422 330
b 61 2 209 133
b 74 0 13 96
b 80 2 274 232
m 80 87 2 274 232
m 80 151 2 274 232
m 80 202 2 274 232
b 84 2 374 321
m 84 46 2 374 321
m 84 55 2 374 321
m 84 56 2 374 321
m 84 78 2 374 321
m 84 79 2 374 321
m 84 138 2 374 321
m 84 160 2 374 321
m 84 161 2 374 321
m 84 173 2 374 321
b 87 1 288 163
m 87 34 1 288 163
m 87 89 1 288 163
m 87 107 1 288 163
m 87 131 1 288 163
m 87 149 1 288 163
b 151 1 278 217
m 151 34 1 278 217
b 199 2 386 398
m 199 127 2 386 398
b 202 1 304 227
m 202 34 1 304 227
b 216 0 444 151
m 216 86 0 444 151
m 216 166 0 444 151
m 216 219 0 444 151
b 7 0 407 143
m 7 86 0 407 143
m 7 103 0 407 143
m 7 206 0 407 143
m 7 219 0 407 143
b 27 0 478 206
m 27 166 0 478 206
b 62 2 278 258
m 62 31 2 278 258
m 62 151 2 278 258
m 62 160 2 278 258
m 62 161 2 278 258
m 62 202 2 278 258
b 71 0 431 219
m 71 166 0 431 219
b 78 1 413 356
b 96 2 95 64
m 96 13 2 95 64
m 96 54 2 95 64
m 96 67 2 95 64
m 96 101 2 95 64
m 96 140 2 95 64
m 96 190 2 95 64
m 96 195 2 95 64
m 96 208 2 95 64
m 96 225 2 95 64
m 96 230 2 95 64
b 97 2 88 127
m 97 13 2 88 127
m 97 29 2 88 127
m 97 54 2 88 127
m 97 90 2 88 127
m 97 101 2 88 127
m 97 190 2 88 127
m 97 195 2 88 127
m 97 197 2 88 127
b 132 2 369 285
m 132 31 2 369 285
m 132 56 2 369 285
m 132 79 2 369 285
m 132 138 2 369 285
m 132 160 2 369 285
m 132 161 2 369 285
b 165 0 344 115
m 165 176 0 344 115
b 173 2 403 335
b 189 2 272 253
m 189 31 2 272 253
m 189 151 2 272 253
m 189 160 2 272 253
m 189 161 2 272 253
m 189 202 2 272 253
b 198 2 359 312
b 217 0 486 382
b 227 0 477 336
b 26 2 103 137
m 26 13 2 103 137
m 26 29 2 103 137
m 26 54 2 103 137
m 26 90 2 103 137
m 26 101 2 103 137
m 26 190 2 103 137
m 26 195 2 103 137
m 26 197 2 103 137
b 70 3 389 374
m 70 78 3 11.0 174.5 0.4503750375750869
m 70 43 3 11.0 174.5 0.4503750375750869
m 70 82 3 11.0 174.5 0.4503750375750869
b 152 1 78 263
m 152 135 1 78 263
m 152 158 1 78 263
b 156 2 94 99
m 156 13 2 94 99
m 156 29 2 94 99
m 156 54 2 94 99
m 156 90 2 94 99
m 156 101 2 94 99
m 156 190 2 94 99
m 156 195 2 94 99
m 156 197 2 94 99
b 198 3 358 311
m 198 78 3 10.75 172.0 0.046444925749930685
b 207 2 203 157
b 231 2 450 318
m 231 43 2 450 318
m 231 48 2 450 318
m 231 56 2 450 318
m 231 65 2 450 318
m 231 79 2 450 318
m 231 129 2 450 318
m 231 172 2 450 318
m 231 186 2 450 318
m 231 217 2 450 318
m 231 218 2 450 318
m 231 227 2 450 318
b 32 0 34 53
m 32 39 0 34 53
m 32 47 0 34 53
b 40 2 444 365
b 46 2 375 337
b 85 0 458 140
m 85 166 0 458 140
m 85 206 0 458 140
b 112 0 423 183
m 112 166 0 423 183
b 171 0 458 237
m 171 166 0 458 237
b 173 3 401 336
m 173 43 3 10.0 156.22222222222223 1.0
m 173 56 3 10.0 156.22222222222223 1.0
m 173 78 3 10.0 156.22222222222223 1.0
m 173 79 3 10.0 156.22222222222223 1.0
m 173 172 3 10.0 156.22222222222223 1.0
m 173 178 3 10.0 156.22222222222223 1.0
m 173 218 3 10.0 156.22222222222223 1.0
m 173 227 3 10.0 156.22222222222223 1.0
m 173 231 3 10.0 156.22222222222223 1.0
b 178 1 458 368
b 200 2 418 406
m 200 127 2 418 406
b 22 1 456 486
m 22 52 1 456 486
m 22 110 1 456 486
m 22 167 1 456 486
b 54 0 53 71
m 54 140 0 53 71
m 54 208 0 53 71
m 54 225 0 53 71
b 90 0 35 140
b 110 0 482 456
m 110 52 0 482 456
b 145 0 355 145
m 145 103 0 355 145
b 179 0 18 18
m 179 39 0 18 18
m 179 47 0 18 18
m 179 208 0 18 18
b 1 1 191 216
m 1 44 1 191 216
m 1 66 1 191 216
m 1 77 1 191 216
m 1 98 1 191 216
m 1 207 1 191 216
b 22 2 457 486
b 46 3 374 339
m 46 231 3 9.11111111111111 142.0 0.25
m 46 138 3 9.11111111111111 142.0 0.25
b 70 2 386 373
m 70 43 2 386 373
m 70 127 2 386 373
b 82 2 429 390
m 82 43 2 429 390
m 82 48 2 429 390
m 82 65 2 429 390
m 82 110 2 429 390
m 82 127 2 429 390
m 82 186 2 429 390
m 82 217 2 429 390
m 82 227 2 429 390
b 127 3 439 440
m 127 52 3 9.555555555555557 150.00000000000003 0.5710220896502278
b 31 3 340 240
b 66 2 158 211
b 98 2 187 198
m 98 89 2 187 198
m 98 107 2 187 198
b 101 0 60 92
b 136 0 491 246
b 142 2 320 309
m 142 31 2 320 309
m 142 160 2 320 309
m 142 161 2 320 309
b 151 3 273 219
m 151 34 3 8.777777777777777 146.55555555555557 0.012658227848101
b 239 2 309 301
m 239 31 2 309 301
m 239 79 2 309 301
m 239 160 2 309 301
m 239 161 2 309 301
b 22 3 459 486
m 22 167 3 9.222222222222223 147.6666666666667 0.5
m 22 52 3 9.222222222222223 147.6666666666667 0.5
b 55 3 424 324
m 55 43 3 11.5 182.5 0.7646753155806547
m 55 48 3 11.5 182.5 0.7646753155806547
m 55 227 3 11.5 182.5 0.7646753155806547
m 55 79 3 11.5 182.5 0.7646753155806547
m 55 56 3 11.5 182.5 0.7646753155806547
m 55 218 3 11.5 182.5 0.7646753155806547
b 65 0 464 379
m 65 52 0 464 379
b 86 0 427 118
m 86 50 0 427 118
m 86 93 0 427 118
m 86 206 0 427 118
b 167 0 494 489
m 167 52 0 494 489
b 180 0 227 28
m 180 2 0 227 28
m 180 9 0 227 28
m 180 109 0 227 28
m 180 114 0 227 28
m 180 157 0 227 28
m 180 212 0 227 28
b 239 3 308 301
b 56 1 394 278
m 56 171 1 394 278
m 56 172 1 394 278
b 77 3 205 194
m 77 61 3 7.888888888888888 129.44444444444446 1.0
m 77 83 3 7.888888888888888 129.44444444444446 1.0
m 77 89 3 7.888888888888888 129.44444444444446 1.0
m 77 107 3 7.888888888888888 129.44444444444446 1.0
m 77 207 3 7.888888888888888 129.44444444444446 1.0
b 78 2 409 362
m 78 43 2 409 362
m 78 56 2 409 362
m 78 79 2 409 362
m 78 227 2 409 362
b 82 3 426 391
m 82 65 3 9.555555555555557 150.00000000000003 0.5710220896502278
m 82 227 3 9.555555555555557 150.00000000000003 0.5710220896502278
b 102 0 475 175
b 181 0 201 80
m 181 109 0 201 80
m 181 157 0 201 80
b 195 0 133 72
m 195 9 0 133 72
m 195 114 0 133 72
m 195 208 0 133 72
b 210 0 357 115
m 210 176 0 357 115
b 219 0 452 134
m 219 12 0 452 134
m 219 50 0 452 134
m 219 93 0 452 134
m 219 122 0 452 134
m 219 206 0 452 134
b 82 1 425 391
m 82 65 1 425 391
m 82 217 1 425 391
b 107 2 214 135
m 107 16 2 214 135
m 107 131 2 214 135
m 107 181 2 214 135
m 107 235 2 214 135
b 186 1 487 378
b 231 3 451 311
m 231 56 3 9.777777777777779 160.66666666666666 0.42001861539186613
m 231 129 3 9.777777777777779 160.66666666666666 0.42001861539186613
m 231 48 3 9.777777777777779 160.66666666666666 0.42001861539186613
m 231 172 3 9.777777777777779 160.66666666666666 0.42001861539186613
b 232 1 459 220
m 232 15 1 459 220
m 232 25 1 459 220
m 232 27 1 459 220
m 232 71 1 459 220
m 232 102 1 459 220
m 232 129 1 459 220
m 232 134 1 459 220
m 232 136 1 459 220
m 232 166 1 459 220
m 232 171 1 459 220
b 9 0 163 33
b 43 1 442 334
m 43 65 1 442 334
m 43 129 1 442 334
m 43 217 1 442 334
b 55 2 425 321
m 55 43 2 425 321
m 55 56 2 425 321
m 55 79 2 425 321
m 55 172 2 425 321
m 55 218 2 425 321
m 55 227 2 425 321
b 58 1 399 182
b 79 1 372 301
b 87 3 286 153
m 87 176 3 12.749999999999998 205.0 -1.0
b 178 2 462 363
b 218 1 457 281
m 218 71 1 457 281
m 218 129 1 457 281
m 218 136 1 457 281
m 218 171 1 457 281
b 87 2 286 152
b 110 3 488 461
m 110 52 3 9.222222222222223 147.6666666666667 0.5
m 110 167 3 9.222222222222223 147.6666666666667 0.5
b 151 2 268 222
b 194 0 143 7
b 202 2 299 217
m 202 31 2 299 217
m 202 34 2 299 217
b 48 1 494 336
m 48 65 1 494 336
m 48 129 1 494 336
m 48 217 1 494 336
b 78 3 407 365
b 107 1 212 134
m 107 16 1 212 134
m 107 61 1 212 134
m 107 77 1 212 134
m 107 83 1 212 134
m 107 98 1 212 134
m 107 181 1 212 134
m 107 207 1 212 134
m 107 235 1 212 134
b 172 1 462 296
m 172 129 1 462 296
m 172 136 1 462 296
m 172 171 1 462 296
b 190 2 63 127
m 190 32 2 63 127
m 190 63 2 63 127
m 190 74 2 63 127
b 194 2 143 8
m 194 2 2 143 8
m 194 9 2 143 8
m 194 109 2 143 8
m 194 157 2 143 8
b 13 2 74 101
m 13 74 2 74 101
b 43 3 439 333
m 43 172 3 9.111111111111112 152.66666666666666 0.3333333333333333
b 79 3 369 301
m 79 218 3 9.111111111111112 152.66666666666666 0.3333333333333333
b 103 0 352 77
m 103 176 0 352 77
b 127 2 439 448
m 127 52 2 439 448
m 127 65 2 439 448
m 127 110 2 439 448
m 127 167 2 439 448
b 138 2 386 275
b 146 3 115 172
m 146 3 3 7.8888888888888875 132.11111111111111 1.0
m 146 26 3 7.8888888888888875 132.11111111111111 1.0
m 146 97 3 7.8888888888888875 132.11111111111111 1.0
m 146 141 3 7.8888888888888875 132.11111111111111 1.0
m 146 190 3 7.8888888888888875 132.11111111111111 1.0
m 146 191 3 7.8888888888888875 132.11111111111111 1.0
m 146 197 3 7.8888888888888875 132.11111111111111 1.0
m 146 214 3 7.8888888888888875 132.11111111111111 1.0
b 157 0 165 21
b 178 3 464 361
b 227 1 478 348
m 227 65 1 478 348
m 227 129 1 478 348
m 227 217 1 478 348
b 29 2 61 115
b 158 1 79 313
b 166 0 470 176
b 56 2 391 271
b 150 1 415 194
b 208 0 70 11
b 230 0 147 10
b 34 1 312 192
m 34 145 1 312 192
m 34 165 1 312 192
m 34 192 1 312 192
b 89 2 229 179
m 89 16 2 229 179
m 89 131 2 229 179
m 89 235 2 229 179
b 114 0 139 15
b 140 0 98 30
b 186 3 491 383
b 197 2 51 184
m 197 5 2 51 184
m 197 6 2 51 184
b 208 2 69 11
b 44 3 137 140
m 44 0 3 8.666666666666666 142.66666666666669 1.0
m 44 3 3 8.666666666666666 142.66666666666669 1.0
m 44 26 3 8.666666666666666 142.66666666666669 1.0
m 44 61 3 8.666666666666666 142.66666666666669 1.0
m 44 97 3 8.666666666666666 142.66666666666669 1.0
m 44 116 3 8.666666666666666 142.66666666666669 1.0
m 44 141 3 8.666666666666666 142.66666666666669 1.0
m 44 156 3 8.666666666666666 142.66666666666669 1.0
m 44 191 3 8.666666666666666 142.66666666666669 1.0
m 44 214 3 8.666666666666666 142.66666666666669 1.0
b 66 3 153 220
m 66 141 3 7.888888888888888 129.44444444444446 1.0
m 66 191 3 7.888888888888888 129.44444444444446 1.0
m 66 207 3 7.888888888888888 129.44444444444446 1.0
b 67 0 85 16
b 79 2 365 301
b 98 3 192 208
m 98 61 3 8.0 130.66666666666669 1.0
m 98 83 3 8.0 130.66666666666669 1.0
m 98 89 3 8.0 130.66666666666669 1.0
m 98 107 3 8.0 130.66666666666669 1.0
m 98 141 3 8.0 130.66666666666669 1.0
m 98 207 3 8.0 130.66666666666669 1.0
b 114 2 139 14
b 149 2 233 97
b 172 2 465 299
b 195 2 142 73
b 225 0 121 20
b 2 0 191 14
b 31 2 329 237
m 31 34 2 329 237
m 31 228 2 329 237
b 54 2 39 70
m 54 32 2 39 70
m 54 47 2 39 70
m 54 63 2 39 70
m 54 74 2 39 70
m 54 179 2 39 70
b 56 3 390 269
m 56 228 3 9.2 141.0 0.5
m 56 71 3 9.2 141.0 0.5
b 77 1 208 203
m 77 61 1 208 203
m 77 83 1 208 203
b 109 0 214 2
m 109 212 0 214 2
b 138 3 387 280
b 172 3 466 300
m 172 129 3 9.4 142.2 0.25
m 172 232 3 9.4 142.2 0.25
b 186 2 493 385
m 186 52 2 493 385
b 43 2 434 329
b 48 3 497 333
m 48 129 3 11.0 179.66666666666666 1.0
b 52 0 472 430
b 89 1 229 182
m 89 16 1 229 182
m 89 61 1 229 182
m 89 83 1 229 182
m 89 235 1 229 182
b 93 0 487 82
m 93 12 0 487 82
m 93 73 0 487 82
m 93 122 0 487 82
m 93 144 0 487 82
m 93 163 0 487 82
m 93 237 0 487 82
b 129 2 478 269
m 129 15 2 478 269
m 129 136 2 478 269
m 129 171 2 478 269
m 129 232 2 478 269
b 131 1 294 152
m 131 176 1 294 152
b 140 2 96 28
m 140 9 2 96 28
m 140 157 2 96 28
b 217 3 472 371
b 218 2 465 277
m 218 71 2 465 277
m 218 136 2 465 277
m 218 171 2 465 277
m 218 232 2 465 277
b 228 1 398 236
m 228 18 1 398 236
m 228 71 1 398 236
m 228 112 1 398 236
b 230 2 150 12
b 47 0 38 9
b 101 2 50 101
b 107 3 204 133
m 107 16 3 7.699999999999999 120.1 1.0
m 107 131 3 7.699999999999999 120.1 1.0
m 107 149 3 7.699999999999999 120.1 1.0
m 107 181 3 7.699999999999999 120.1 1.0
m 107 235 3 7.699999999999999 120.1 1.0
b 135 1 75 340
b 149 1 231 95
b 160 2 368 265
m 160 228 2 368 265
b 161 2 304 270
b 218 3 466 277
m 218 129 3 9.5 143.1 0.2
m 218 71 3 9.5 143.1 0.2
b 225 2 123 18
m 225 2 2 123 18
m 225 9 2 123 18
m 225 157 2 123 18
b 227 3 479 355
m 227 129 3 11.0 179.66666666666666 1.0
b 48 2 495 334
b 67 2 81 15
m 67 9 2 81 15
m 67 32 2 81 15
m 67 39 2 81 15
m 67 47 2 81 15
b 90 2 44 154
b 217 2 470 369
b 15 1 497 200
b 34 3 311 198
m 34 131 3 8.299999999999999 133.50000000000003 0.02227525864995255
b 39 0 28 8
b 65 3 450 373
b 134 1 465 175
m 134 18 1 465 175
m 134 49 1 465 175
m 134 85 1 465 175
m 134 86 1 465 175
m 134 112 1 465 175
m 134 193 1 465 175
m 134 216 1 465 175
m 134 219 1 465 175
b 227 2 479 357
b 12 0 466 98
m 12 144 0 466 98
m 12 163 0 466 98
b 25 1 421 181
m 25 7 1 421 181
m 25 18 1 421 181
m 25 49 1 421 181
m 25 85 1 421 181
m 25 86 1 421 181
m 25 112 1 421 181
m 25 192 1 421 181
m 25 193 1 421 181
m 25 216 1 421 181
m 25 219 1 421 181
b 110 1 497 468
b 206 0 465 100
m 206 17 0 465 100
m 206 144 0 465 100
b 207 1 220 170
b 9 2 165 47
b 27 1 498 193
m 27 85 1 498 193
m 27 219 1 498 193
b 61 3 218 155
m 61 16 3 7.6 119.0 1.0
m 61 149 3 7.6 119.0 1.0
m 61 181 3 7.6 119.0 1.0
m 61 235 3 7.6 119.0 1.0
b 65 2 448 372
m 65 52 2 448 372
b 71 1 413 233
m 71 18 1 413 233
m 71 112 1 413 233
b 110 2 498 468
m 110 52 2 498 468
m 110 167 2 498 468
b 122 0 476 107
m 122 144 0 476 107
m 122 163 0 476 107
b 181 2 205 95
m 181 180 2 205 95
b 50 0 405 79
m 50 11 0 405 79
m 50 17 0 405 79
b 63 2 21 108
b 167 1 498 495
b 52 1 468 425
b 83 3 247 128
m 83 176 3 7.888888888888888 129.44444444444446 -1.0
b 129 1 476 263
b 129 3 476 263
m 129 136 3 9.200000000000001 146.2 0.25
m 129 15 3 9.200000000000001 146.2 0.25
b 141 3 152 159
b 207 3 222 172
m 207 16 3 7.3999999999999995 117.4 0.3921307047449645
m 207 149 3 7.3999999999999995 117.4 0.3921307047449645
b 34 2 310 203
m 34 145 2 310 203
b 44 1 128 135
m 44 0 1 128 135
m 44 3 1 128 135
m 44 13 1 128 135
m 44 26 1 128 135
m 44 97 1 128 135
m 44 116 1 128 135
m 44 141 1 128 135
m 44 146 1 128 135
m 44 156 1 128 135
m 44 191 1 128 135
m 44 195 1 128 135
m 44 214 1 128 135
b 52 3 467 424
b 66 1 149 229
m 66 3 1 149 229
m 66 141 1 149 229
m 66 146 1 149 229
m 66 191 1 149 229
b 89 3 229 190
m 89 16 3 7.3999999999999995 117.4 0.3921307047449645
m 89 131 3 7.3999999999999995 117.4 0.3921307047449645
b 98 1 197 217
m 98 141 1 197 217
b 157 2 151 23
m 157 180 2 151 23
b 181 1 205 98
m 181 116 1 205 98
m 181 201 1 205 98
b 190 3 65 142
m 190 0 3 8.2 131.0 1.0
m 190 6 3 8.2 131.0 1.0
m 190 13 3 8.2 131.0 1.0
m 190 29 3 8.2 131.0 1.0
m 190 54 3 8.2 131.0 1.0
m 190 63 3 8.2 131.0 1.0
m 190 74 3 8.2 131.0 1.0
m 190 90 3 8.2 131.0 1.0
m 190 101 3 8.2 131.0 1.0
m 190 156 3 8.2 131.0 1.0
m 190 196 3 8.2 131.0 1.0
b 191 3 137 162
m 191 0 3 7.299999999999999 119.30000000000001 0.5
m 191 116 3 7.299999999999999 119.30000000000001 0.5
b 214 3 75 194
m 214 6 3 7.399999999999999 119.80000000000001 0.3333333333333333
b 3 3 124 172
m 3 0 3 7.299999999999999 119.30000000000001 0.5
m 3 29 3 7.299999999999999 119.30000000000001 0.5
b 16 2 257 151
b 61 1 219 159
m 61 141 1 219 159
b 74 2 11 106
b 131 2 299 160
m 131 176 2 299 160
b 167 3 497 498
b 217 1 464 365
b 165 1 317 125
b 212 0 275 35
m 212 176 0 275 35
b 83 1 250 125
m 83 176 1 250 125
b 97 3 59 128
m 97 6 3 8.099999999999998 128.9 1.0
m 97 13 3 8.099999999999998 128.9 1.0
m 97 29 3 8.099999999999998 128.9 1.0
m 97 54 3 8.099999999999998 128.9 1.0
m 97 63 3 8.099999999999998 128.9 1.0
m 97 74 3 8.099999999999998 128.9 1.0
m 97 90 3 8.099999999999998 128.9 1.0
m 97 101 3 8.099999999999998 128.9 1.0
m 97 196 3 8.099999999999998 128.9 1.0
b 136 1 498 223
b 166 1 466 160
m 166 49 1 466 160
m 166 85 1 466 160
m 166 112 1 466 160
m 166 193 1 466 160
m 166 216 1 466 160
m 166 219 1 466 160
b 171 1 453 211
m 171 112 1 453 211
b 232 3 469 201
m 232 85 3 9.727272727272727 144.63636363636365 0.42448442223242355
m 232 25 3 9.727272727272727 144.63636363636365 0.42448442223242355
m 232 150 3 9.727272727272727 144.63636363636365 0.42448442223242355
m 232 219 3 9.727272727272727 144.63636363636365 0.42448442223242355
m 232 102 3 9.727272727272727 144.63636363636365 0.42448442223242355
m 232 166 3 9.727272727272727 144.63636363636365 0.42448442223242355
b 235 2 204 134
b 0 3 77 124
m 0 96 3 8.7 136.50000000000003 0.7332303997255103
m 0 53 3 8.7 136.50000000000003 0.7332303997255103
m 0 54 3 8.7 136.50000000000003 0.7332303997255103
m 0 63 3 8.7 136.50000000000003 0.7332303997255103
m 0 90 3 8.7 136.50000000000003 0.7332303997255103
m 0 101 3 8.7 136.50000000000003 0.7332303997255103
b 16 1 258 154
b 26 3 111 165
m 26 13 3 7.399999999999999 119.80000000000001 0.3333333333333333
b 32 2 48 29
b 65 1 442 370
b 102 1 477 152
m 102 12 1 477 152
m 102 49 1 477 152
m 102 85 1 477 152
m 102 86 1 477 152
m 102 122 1 477 152
m 102 193 1 477 152
m 102 206 1 477 152
m 102 216 1 477 152
m 102 219 1 477 152
b 197 3 49 199
b 232 2 469 201
b 2 2 205 15
m 2 180 2 205 15
b 15 2 496 190
b 109 2 206 10
b 144 0 489 47
m 144 17 0 489 47
b 6 2 48 183
b 18 1 384 197
m 18 7 1 384 197
m 18 86 1 384 197
m 18 216 1 384 197
m 18 219 1 384 197
b 71 3 406 238
m 71 58 3 8.909090909090908 131.45454545454547 0.8399760511184747
m 71 150 3 8.909090909090908 131.45454545454547 0.8399760511184747
m 71 25 3 8.909090909090908 131.45454545454547 0.8399760511184747
m 71 171 3 8.909090909090908 131.45454545454547 0.8399760511184747
m 71 112 3 8.909090909090908 131.45454545454547 0.8399760511184747
m 71 18 3 8.909090909090908 131.45454545454547 0.8399760511184747
b 235 1 202 136
b 237 0 492 8
b 71 2 405 239
b 145 1 334 167
m 145 210 1 334 167
b 167 2 496 497
b 193 1 450 117
m 193 12 1 450 117
m 193 93 1 450 117
m 193 122 1 450 117
m 193 206 1 450 117
b 47 2 53 10
b 52 2 462 417
b 73 0 498 2
b 156 3 85 67
m 156 13 3 9.1 145.30000000000004 1.0
m 156 29 3 9.1 145.30000000000004 1.0
m 156 32 3 9.1 145.30000000000004 1.0
m 156 53 3 9.1 145.30000000000004 1.0
m 156 54 3 9.1 145.30000000000004 1.0
m 156 63 3 9.1 145.30000000000004 1.0
m 156 96 3 9.1 145.30000000000004 1.0
m 156 101 3 9.1 145.30000000000004 1.0
m 156 140 3 9.1 145.30000000000004 1.0
m 156 195 3 9.1 145.30000000000004 1.0
m 156 208 3 9.1 145.30000000000004 1.0
b 181 3 207 106
m 181 201 3 7.2727272727272725 110.0 0.0647241992882559
b 112 1 394 200
b 116 3 155 75
m 116 201 3 8.5 133.30000000000004 0.3721058572682805
m 116 13 3 8.5 133.30000000000004 0.3721058572682805
b 216 1 410 137
m 216 12 1 410 137
m 216 72 1 410 137
m 216 206 1 410 137
b 5 2 24 218
b 86 1 400 131
m 86 17 1 400 131
m 86 50 1 400 131
m 86 72 1 400 131
m 86 210 1 400 131
b 192 1 404 165
m 192 72 1 404 165
m 192 210 1 404 165
b 7 1 370 138
m 7 50 1 370 138
m 7 72 1 370 138
m 7 210 1 370 138
b 179 2 2 13
b 180 2 248 5
m 180 20 2 248 5
m 180 212 2 248 5
b 219 1 443 163
m 219 12 1 443 163
m 219 122 1 443 163
m 219 206 1 443 163
b 15 3 496 183
m 15 219 3 9.000000000000002 137.36363636363637 0.3631739712031683
m 15 171 3 9.000000000000002 137.36363636363637 0.3631739712031683
m 15 166 3 9.000000000000002 137.36363636363637 0.3631739712031683
b 16 3 259 162
m 16 176 3 7.699999999999999 120.1 -1.0
b 85 1 494 144
m 85 12 1 494 144
m 85 93 1 494 144
m 85 122 1 494 144
m 85 206 1 494 144
b 131 3 306 169
m 131 176 3 7.699999999999999 120.1 -1.0
b 39 2 30 25
b 63 3 36 110
b 136 2 490 222
m 136 27 2 490 222
m 136 134 2 490 222
m 136 166 2 490 222
b 141 1 164 165
b 149 3 221 77
m 149 176 3 7.699999999999999 120.1 -1.0
b 163 0 482 57
b 228 2 407 255
b 228 3 407 255
m 228 171 3 8.818181818181818 130.45454545454547 0.807430815199537
m 228 112 3 8.818181818181818 130.45454545454547 0.807430815199537
m 228 18 3 8.818181818181818 130.45454545454547 0.807430815199537
b 0 1 70 131
m 0 6 1 70 131
m 0 29 1 70 131
m 0 53 1 70 131
m 0 54 1 70 131
m 0 63 1 70 131
m 0 74 1 70 131
m 0 90 1 70 131
m 0 101 1 70 131
m 0 190 1 70 131
m 0 196 1 70 131
b 49 1 454 103
m 49 12 1 454 103
m 49 17 1 454 103
m 49 50 1 454 103
m 49 72 1 454 103
m 49 93 1 454 103
m 49 122 1 454 103
m 49 206 1 454 103
b 171 2 451 200
b 191 1 148 170
b 214 1 63 202
m 214 5 1 63 202
m 214 6 1 63 202
m 214 90 1 63 202
m 214 190 1 63 202
m 214 197 1 63 202
b 235 3 196 142
b 3 1 131 184
m 3 190 1 131 184
b 13 1 100 88
b 13 3 100 88
m 13 195 3 7.636363636363636 119.45454545454545 0.5
b 17 0 410 70
m 17 211 0 410 70
b 196 3 5 108
b 201 1 217 37
b 29 3 90 112
b 74 3 25 101
b 6 3 58 187
m 6 5 3 7.545454545454545 119.18181818181819 1.0
b 25 3 400 178
m 25 58 3 9.75 140.91666666666669 0.3136976747767645
m 25 134 3 9.75 140.91666666666669 0.3136976747767645
m 25 86 3 9.75 140.91666666666669 0.3136976747767645
m 25 193 3 9.75 140.91666666666669 0.3136976747767645
b 97 1 45 128
m 97 6 1 45 128
m 97 29 1 45 128
m 97 54 1 45 128
m 97 63 1 45 128
m 97 74 1 45 128
m 97 90 1 45 128
m 97 101 1 45 128
m 97 190 1 45 128
m 97 196 1 45 128
m 97 197 1 45 128
b 26 1 115 179
m 26 6 1 115 179
m 26 29 1 115 179
m 26 90 1 115 179
m 26 190 1 115 179
m 26 197 1 115 179
b 145 2 327 175
m 145 7 2 327 175
m 145 18 2 327 175
m 145 112 2 327 175
m 145 165 2 327 175
m 145 182 2 327 175
m 145 192 2 327 175
m 145 210 2 327 175
b 156 1 82 58
m 156 29 1 82 58
m 156 32 1 82 58
m 156 39 1 82 58
m 156 47 1 82 58
m 156 53 1 82 58
m 156 54 1 82 58
m 156 63 1 82 58
m 156 67 1 82 58
m 156 96 1 82 58
m 156 101 1 82 58
m 156 140 1 82 58
m 156 194 1 82 58
m 156 208 1 82 58
b 12 1 446 110
m 12 17 1 446 110
m 12 144 1 446 110
m 12 163 1 446 110
b 53 3 55 42
m 53 140 3 8.636363636363637 129.90909090909093 0.6779391748092187
m 53 67 3 8.636363636363637 129.90909090909093 0.6779391748092187
m 53 47 3 8.636363636363637 129.90909090909093 0.6779391748092187
m 53 208 3 8.636363636363637 129.90909090909093 0.6779391748092187
b 58 3 424 156
m 58 7 3 8.916666666666666 127.25000000000001 1.0
m 58 12 3 8.916666666666666 127.25000000000001 1.0
m 58 49 3 8.916666666666666 127.25000000000001 1.0
m 58 86 3 8.916666666666666 127.25000000000001 1.0
m 58 122 3 8.916666666666666 127.25000000000001 1.0
m 58 134 3 8.916666666666666 127.25000000000001 1.0
m 58 192 3 8.916666666666666 127.25000000000001 1.0
m 58 193 3 8.916666666666666 127.25000000000001 1.0
m 58 216 3 8.916666666666666 127.25000000000001 1.0
b 93 1 488 77
m 93 144 1 488 77
m 93 163 1 488 77
b 116 1 156 65
m 116 9 1 156 65
m 116 157 1 156 65
m 116 194 1 156 65
m 116 225 1 156 65
m 116 230 1 156 65
b 195 1 171 74
m 195 9 1 171 74
m 195 157 1 171 74
m 195 194 1 171 74
m 195 230 1 171 74
b 219 3 440 170
m 219 27 3 9.833333333333332 142.66666666666669 0.36035180190064403
m 219 12 3 9.833333333333332 142.66666666666669 0.36035180190064403
m 219 86 3 9.833333333333332 142.66666666666669 0.36035180190064403
b 11 0 405 64
m 11 211 0 405 64
b 18 3 380 210
m 18 86 3 8.583333333333332 122.58333333333334 0.7066823953675375
m 18 145 3 8.583333333333332 122.58333333333334 0.7066823953675375
m 18 192 3 8.583333333333332 122.58333333333334 0.7066823953675375
b 54 3 10 68
m 54 39 3 7.8181818181818175 120.54545454545455 0.25
m 54 47 3 7.8181818181818175 120.54545454545455 0.25
b 85 3 496 147
m 85 49 3 9.583333333333332 137.91666666666669 0.1829479108534533
m 85 93 3 9.583333333333332 137.91666666666669 0.1829479108534533
b 90 3 59 176
m 90 5 3 7.545454545454545 119.18181818181819 1.0
b 122 1 470 129
m 122 144 1 470 129
m 122 163 1 470 129
b 136 3 483 223
m 136 27 3 8.545454545454547 133.27272727272728 0.009923901226898624
b 96 3 71 23
m 96 225 3 8.545454545454545 128.54545454545456 0.5652644821378051
m 96 157 3 8.545454545454545 128.54545454545456 0.5652644821378051
m 96 114 3 8.545454545454545 128.54545454545456 0.5652644821378051
m 96 47 3 8.545454545454545 128.54545454545456 0.5652644821378051
b 146 1 146 155
m 146 29 1 146 155
m 146 190 1 146 155
b 150 3 421 162
m 150 86 3 9.583333333333332 137.91666666666669 0.1829479108534533
m 150 7 3 9.583333333333332 137.91666666666669 0.1829479108534533
b 101 3 27 120
b 112 3 382 207
m 112 7 3 8.583333333333332 122.58333333333334 0.7066823953675375
m 112 145 3 8.583333333333332 122.58333333333334 0.7066823953675375
m 112 216 3 8.583333333333332 122.58333333333334 0.7066823953675375
m 112 192 3 8.583333333333332 122.58333333333334 0.7066823953675375
b 201 3 224 32
m 201 2 3 7.25 104.91666666666666 0.10299327444177676
b 166 3 460 140
m 166 27 3 9.75 140.91666666666669 0.3136976747767645
m 166 216 3 9.75 140.91666666666669 0.3136976747767645
m 166 192 3 9.75 140.91666666666669 0.3136976747767645
b 72 1 389 80
m 72 11 1 389 80
m 72 103 1 389 80
m 72 168 1 389 80
m 72 182 1 389 80
b 102 3 478 131
m 102 192 3 9.75 140.91666666666669 0.3136976747767645
m 102 93 3 9.75 140.91666666666669 0.3136976747767645
m 102 134 3 9.75 140.91666666666669 0.3136976747767645
m 102 193 3 9.75 140.91666666666669 0.3136976747767645
b 208 3 33 16
m 208 39 3 8.636363636363637 133.5454545454546 0.25
m 208 47 3 8.636363636363637 133.5454545454546 0.25
b 20 2 276 18
m 20 103 2 276 18
m 20 128 2 276 18
m 20 187 2 276 18
b 134 2 496 178
m 134 58 2 496 178
m 134 85 2 496 178
m 134 102 2 496 178
m 134 122 2 496 178
m 134 150 2 496 178
m 134 206 2 496 178
m 134 219 2 496 178
b 206 1 489 118
m 206 144 1 489 118
m 206 163 1 489 118
b 32 3 60 9
m 32 179 3 8.727272727272728 134.3636363636364 0.2
m 32 47 3 8.727272727272728 134.3636363636364 0.2
b 63 1 50 112
b 195 3 179 75
m 195 9 3 8.727272727272728 134.3636363636364 0.2
m 195 157 3 8.727272727272728 134.3636363636364 0.2
b 27 2 473 206
m 27 85 2 473 206
m 27 102 2 473 206
m 27 150 2 473 206
m 27 219 2 473 206
b 50 1 377 89
b 171 3 449 186
b 190 1 69 170
b 211 0 398 3
m 211 187 0 398 3
b 17 1 410 84
m 17 11 1 410 84
b 53 1 46 37
b 140 3 71 1
m 140 157 3 8.90909090909091 136.5454545454546 0.22233210464802666
m 140 47 3 8.90909090909091 136.5454545454546 0.22233210464802666
b 193 3 435 101
m 193 206 3 9.923076923076923 141.15384615384616 0.37041465190869427
m 193 93 3 9.923076923076923 141.15384615384616 0.37041465190869427
m 193 216 3 9.923076923076923 141.15384615384616 0.37041465190869427
m 193 72 3 9.923076923076923 141.15384615384616 0.37041465190869427
m 193 163 3 9.923076923076923 141.15384615384616 0.37041465190869427
b 196 1 15 99
b 210 1 309 122
m 210 176 1 309 122
b 29 1 104 111
b 74 1 38 97
b 134 3 497 178
m 134 27 3 9.153846153846153 130.38461538461542 0.5
m 134 206 3 9.153846153846153 130.38461538461542 0.5
b 6 1 71 192
b 9 1 168 81
m 9 109 1 168 81
b 165 2 290 135
m 165 176 2 290 135
b 194 1 147 54
m 194 109 1 147 54
m 194 114 1 147 54
b 18 2 377 221
m 18 25 2 377 221
m 18 150 2 377 221
m 18 219 2 377 221
b 86 3 380 141
m 86 50 3 9.538461538461538 133.84615384615387 0.19327108101500537
m 86 210 3 9.538461538461538 133.84615384615387 0.19327108101500537
b 93 3 480 67
m 93 144 3 9.23076923076923 129.23076923076925 0.08173257316050375
b 144 1 485 42
m 144 73 1 485 42
m 144 237 1 485 42
b 182 2 325 128
m 182 50 2 325 128
m 182 72 2 325 128
m 182 86 2 325 128
m 182 128 2 325 128
m 182 168 2 325 128
b 197 1 47 227
b 7 2 348 136
b 212 2 297 56
b 216 3 388 128
m 216 11 3 8.615384615384615 119.3846153846154 0.25613682092555345
m 216 72 3 8.615384615384615 119.3846153846154 0.25613682092555345
b 7 3 347 136
m 7 168 3 8.692307692307692 120.23076923076925 0.5496385391998002
m 7 50 3 8.692307692307692 120.23076923076925 0.5496385391998002
m 7 182 3 8.692307692307692 120.23076923076925 0.5496385391998002
m 7 72 3 8.692307692307692 120.23076923076925 0.5496385391998002
b 12 3 433 117
m 12 206 3 8.692307692307692 120.23076923076925 0.5496385391998002
m 12 72 3 8.692307692307692 120.23076923076925 0.5496385391998002
m 12 163 3 8.692307692307692 120.23076923076925 0.5496385391998002
b 27 3 468 209
b 54 1 2 63
b 90 1 66 187
b 157 1 118 29
m 157 109 1 118 29
m 157 114 1 118 29
b 166 2 457 131
m 166 12 2 457 131
m 166 49 2 457 131
m 166 58 2 457 131
m 166 85 2 457 131
m 166 93 2 457 131
m 166 102 2 457 131
m 166 122 2 457 131
m 166 150 2 457 131
m 166 193 2 457 131
m 166 206 2 457 131
m 166 216 2 457 131
m 166 219 2 457 131
b 5 1 32 242
b 47 1 80 10
m 47 114 1 80 10
b 96 1 64 11
b 112 2 372 213
m 112 25 2 372 213
m 112 86 2 372 213
m 112 150 2 372 213
m 112 219 2 372 213
b 122 3 466 143
m 122 206 3 8.384615384615383 117.76923076923079 0.5
m 122 163 3 8.384615384615383 117.76923076923079 0.5
b 208 1 23 18
m 208 179 1 23 18
b 47 3 81 10
b 101 1 17 129
b 157 3 116 30
m 157 194 3 8.166666666666666 119.16666666666669 0.17306636579738652
b 32 1 65 1
m 32 114 1 65 1
m 32 179 1 65 1
b 39 1 34 49
m 39 179 1 34 49
b 103 1 320 38
m 103 20 1 320 38
m 103 128 1 320 38
m 103 187 1 320 38
m 103 212 1 320 38
b 5 3 33 245
b 49 3 469 84
m 49 144 3 8.692307692307692 120.23076923076925 0.5496385391998002
m 49 11 3 8.692307692307692 120.23076923076925 0.5496385391998002
m 49 163 3 8.692307692307692 120.23076923076925 0.5496385391998002
b 103 2 319 37
m 103 50 2 319 37
m 103 168 2 319 37
b 145 3 313 190
m 145 210 3 8.153846153846152 113.84615384615385 0.2638752688097943
b 168 1 350 93
m 168 128 1 350 93
m 168 212 1 350 93
b 9 3 168 89
m 9 194 3 8.250000000000002 123.9166666666667 0.07536435264365804
b 39 3 35 51
b 58 2 438 141
m 58 12 2 438 141
m 58 17 2 438 141
m 58 25 2 438 141
m 58 49 2 438 141
m 58 86 2 438 141
m 58 193 2 438 141
m 58 216 2 438 141
b 114 3 121 23
m 114 230 3 8.083333333333332 118.58333333333336 0.3333333333333333
b 140 1 66 8
m 140 114 1 66 8
b 182 1 327 134
b 192 2 432 173
b 230 1 188 40
m 230 2 1 188 40
m 230 109 1 188 40
m 230 114 1 188 40
b 67 1 41 2
m 67 179 1 41 2
b 163 1 474 83
m 163 73 1 474 83
m 163 237 1 474 83
b 192 3 433 174
b 210 2 298 123
b 67 3 42 2
b 225 1 163 5
m 225 109 1 163 5
m 225 114 1 163 5
b 122 2 464 150
m 122 12 2 464 150
m 122 49 2 464 150
m 122 93 2 464 150
m 122 163 2 464 150
m 122 193 2 464 150
b 187 2 308 23
b 219 2 434 192
m 219 12 2 434 192
m 219 25 2 434 192
m 219 216 2 434 192
b 2 3 243 18
m 2 109 3 7.0 98.07692307692307 0.03190655390950291
b 85 2 484 167
b 225 3 165 6
m 225 109 3 8.083333333333332 118.58333333333336 0.3333333333333333
b 150 2 426 139
m 150 12 2 426 139
m 150 17 2 426 139
m 150 49 2 426 139
m 150 193 2 426 139
m 150 216 2 426 139
b 187 0 307 24
m 187 20 0 307 24
m 187 128 0 307 24
b 72 3 395 61
m 72 17 3 9.357142857142856 131.35714285714286 0.5
m 72 211 3 9.357142857142856 131.35714285714286 0.5
b 144 3 475 33
m 144 73 3 8.714285714285714 120.2857142857143 0.5
m 144 237 3 8.714285714285714 120.2857142857143 0.5
b 168 2 356 92
m 168 17 2 356 92
b 25 2 371 174
b 93 2 470 57
m 93 11 2 470 57
m 93 17 2 470 57
m 93 73 2 470 57
m 93 144 2 470 57
m 93 163 2 470 57
m 93 237 2 470 57
b 128 2 273 78
m 128 176 2 273 78
b 193 2 423 89
b 237 1 452 1
m 237 211 1 452 1
b 11 1 422 85
b 86 2 367 147
m 86 17 2 367 147
b 168 3 358 91
m 168 17 3 8.357142857142858 112.78571428571429 0.2964160305919774
b 179 3 17 11
b 72 2 396 58
m 72 11 2 396 58
m 72 17 2 396 58
m 72 211 2 396 58
b 73 1 459 4
m 73 211 1 459 4
b 102 2 480 108
m 102 17 2 480 108
m 102 163 2 480 108
b 182 3 330 143
m 182 165 3 8.214285714285714 111.92857142857144 0.5
b 206 2 491 120
b 216 2 374 123
b 12 2 420 124
m 12 11 2 420 124
m 12 17 2 420 124
m 12 163 2 420 124
b 114 1 123 32
b 194 3 148 72
m 194 109 3 7.6923076923076925 110.30769230769232 0.0064133301920112845
b 50 2 356 97
b 50 3 356 97
m 50 17 3 9.071428571428571 124.92857142857144 0.3333333333333333
b 163 3 471 93
m 163 17 3 9.285714285714285 131.14285714285717 1.0
b 109 1 176 46
b 206 3 489 118
b 20 1 255 33
m 20 180 1 255 33
b 49 2 478 72
m 49 11 2 478 72
m 49 144 2 478 72
m 49 163 2 478 72
b 187 1 299 28
b 210 3 284 125
m 210 176 3 9.538461538461538 133.84615384615387 -1.0
b 11 3 427 92
m 11 17 3 8.071428571428571 110.92857142857144 1.0
b 179 1 23 17
b 128 1 263 82
m 128 176 1 263 82
b 17 2 411 113
b 211 3 428 3
b 2 1 259 19
m 2 180 1 259 19
b 20 0 250 38
b 144 2 464 25
b 211 1 429 3
b 212 1 316 74
b 230 3 204 51
m 230 180 3 7.615384615384615 109.76923076923079 0.1760287642640584
b 237 3 452 12
b 237 2 452 13
b 73 3 446 5
b 165 3 262 145
m 165 176 3 8.214285714285714 111.92857142857144 -1.0
b 211 2 431 3
b 73 2 445 5
b 109 3 169 55
m 109 180 3 6.571428571428571 91.14285714285712 1.0
b 163 2 468 105
b 17 3 411 119
b 128 0 257 85
m 128 176 0 257 85
b 180 1 232 46
b 11 2 435 102
b 180 3 229 52
m 180 20 3 7.357142857142857 103.07142857142858 0.2666967558234511
