Key: 
t: node change direction (node id, x, y, new direction)
s: node start location (node id, x, y, start direction, buffer)
m: message transfer (sender id, target id, messageType, sender x, sender y
b: broadcast (node id, message type, x, y)
271 36 417 43
s 0 263 67 77 0
s 1 52 33 34 0
s 2 272 7 185 0
s 3 422 287 240 0
s 4 491 74 60 0
s 5 420 420 291 0
s 6 452 214 9 0
s 7 484 194 197 0
s 8 411 178 27 0
s 9 475 462 314 0
s 10 3 104 103 0
s 11 149 163 270 0
s 12 201 101 153 0
s 13 344 377 170 0
s 14 6 119 298 0
s 15 86 136 21 0
s 16 405 31 96 0
s 17 170 477 247 0
s 18 90 113 112 0
s 19 48 3 105 0
s 20 117 347 335 0
s 21 264 179 154 0
s 22 69 474 254 0
s 23 438 423 260 0
s 24 388 469 331 0
s 25 437 146 339 0
s 26 362 36 291 0
s 27 75 344 189 0
s 28 411 492 181 0
s 29 384 242 174 0
s 30 212 203 137 0
s 31 352 298 323 0
s 32 215 239 183 0
s 33 264 414 335 0
s 34 475 151 61 0
s 35 162 333 299 0
s 36 33 459 295 0
s 37 422 369 158 0
s 38 9 366 98 0
s 39 409 258 5 0
s 40 310 188 228 0
s 41 306 404 61 0
s 42 116 86 162 0
s 43 429 226 172 0
s 44 350 229 325 0
s 45 272 112 142 0
s 46 298 424 62 0
s 47 422 113 91 0
s 48 472 356 141 0
s 49 422 285 78 0
s 50 108 125 257 0
s 51 389 90 193 0
s 52 182 119 90 0
s 53 104 251 157 0
s 54 309 447 82 0
s 55 133 296 278 0
s 56 336 117 337 0
s 57 25 109 123 0
s 58 125 189 344 0
s 59 166 85 228 0
s 60 1 236 165 0
s 61 193 342 349 0
s 62 429 258 292 0
s 63 248 380 80 0
s 64 273 160 30 0
s 65 134 70 71 0
s 66 358 55 347 0
s 67 407 368 127 0
s 68 146 461 346 0
s 69 427 356 297 0
s 70 7 157 121 0
s 71 43 398 234 0
s 72 166 218 24 0
s 73 116 323 147 0
s 74 90 20 16 0
s 75 160 249 43 0
s 76 43 440 113 0
s 77 80 107 9 0
s 78 214 470 112 0
s 79 373 157 86 0
s 80 109 95 262 0
s 81 265 98 248 0
s 82 249 312 237 0
s 83 137 377 257 0
s 84 57 176 61 0
s 85 16 270 55 0
s 86 102 314 132 0
s 87 71 395 349 0
s 88 211 131 308 0
s 89 476 470 279 0
s 90 172 203 6 0
s 91 401 356 108 0
s 92 198 448 165 0
s 93 158 403 340 0
s 94 148 76 109 0
s 95 334 236 138 0
s 96 309 416 209 0
s 97 371 283 35 0
s 98 396 387 3 0
s 99 133 306 28 0
s 100 67 415 309 0
s 101 169 44 274 0
s 102 159 236 343 0
s 103 324 18 60 0
s 104 8 143 337 0
s 105 418 334 252 0
s 106 442 318 256 0
s 107 270 19 355 0
s 108 14 362 29 0
s 109 400 49 99 0
s 110 79 298 183 0
s 111 320 219 62 0
s 112 118 156 147 0
s 113 140 64 4 0
s 114 172 327 218 0
s 115 428 480 267 0
s 116 137 209 296 0
s 117 311 475 279 0
s 118 331 205 101 0
s 119 419 301 266 0
s 120 145 346 107 0
s 121 195 120 166 0
s 122 436 458 319 0
s 123 142 149 85 0
s 124 347 487 125 0
s 125 173 442 162 0
s 126 468 242 172 0
s 127 356 434 288 0
s 128 154 177 192 0
s 129 191 274 225 0
s 130 333 98 101 0
s 131 88 33 26 0
s 132 388 152 81 0
s 133 1 19 235 0
s 134 39 61 130 0
s 135 200 198 307 0
s 136 429 265 286 0
s 137 258 324 240 0
s 138 52 85 138 0
s 139 77 182 13 0
s 140 272 186 297 0
s 141 291 315 180 0
s 142 175 79 141 0
s 143 247 445 92 0
s 144 479 45 268 0
s 145 484 201 44 0
s 146 373 122 129 0
s 147 222 386 78 0
s 148 270 110 67 0
s 149 236 82 272 0
s 150 58 142 67 0
s 151 104 180 164 0
s 152 66 177 134 0
s 153 3 170 111 0
s 154 42 433 258 0
s 155 335 474 247 0
s 156 187 120 253 0
s 157 259 245 102 0
s 158 32 444 321 0
s 159 51 411 164 0
s 160 65 496 91 0
s 161 85 91 186 0
s 162 345 234 106 0
s 163 191 236 74 0
s 164 288 192 324 0
s 165 302 432 282 0
s 166 261 347 292 0
s 167 417 43 295 0
s 168 82 398 119 0
s 169 255 369 127 0
s 170 351 211 198 0
s 171 470 96 176 0
s 172 362 141 341 0
s 173 426 161 117 0
s 174 447 341 9 0
s 175 307 44 342 0
s 176 372 222 241 0
s 177 59 337 159 0
s 178 402 319 195 0
s 179 275 345 202 0
s 180 51 233 15 0
s 181 433 498 295 0
s 182 269 52 304 0
s 183 170 194 347 0
s 184 255 264 205 0
s 185 239 426 84 0
s 186 55 356 7 0
s 187 260 288 90 0
s 188 168 64 317 0
s 189 319 111 34 0
s 190 293 267 132 0
s 191 288 403 134 0
s 192 311 240 346 0
s 193 202 113 319 0
s 194 317 368 353 0
s 195 49 356 314 0
s 196 381 62 207 0
s 197 3 281 145 0
s 198 270 144 331 0
s 199 432 152 305 0
s 200 296 76 292 0
s 201 278 278 58 0
s 202 135 85 84 0
s 203 210 324 99 0
s 204 251 94 2 0
s 205 401 23 76 0
s 206 330 332 268 0
s 207 18 294 14 0
s 208 330 96 226 0
s 209 404 187 342 0
s 210 210 209 271 0
s 211 210 389 335 0
s 212 235 266 338 0
s 213 35 158 117 0
s 214 228 408 138 0
s 215 245 27 343 0
s 216 28 243 345 0
s 217 494 487 276 0
s 218 360 489 95 0
s 219 390 35 311 0
s 220 397 142 54 0
s 221 2 222 22 0
s 222 407 113 285 0
s 223 313 11 276 0
s 224 382 140 237 0
s 225 364 188 327 0
s 226 258 162 65 0
s 227 108 174 68 0
s 228 196 240 163 0
s 229 242 302 87 0
s 230 271 36 1 0
s 231 448 211 207 0
s 232 323 385 14 0
s 233 231 253 103 0
s 234 4 439 52 0
s 235 354 238 24 0
s 236 332 275 294 0
s 237 172 450 275 0
s 238 204 494 20 0
s 239 78 170 339 0
b 230 0 273 36
m 230 0 0 273 36
m 230 2 0 273 36
m 230 81 0 273 36
m 230 103 0 273 36
m 230 107 0 273 36
m 230 149 0 273 36
m 230 175 0 273 36
m 230 182 0 273 36
m 230 200 0 273 36
m 230 204 0 273 36
m 230 215 0 273 36
m 230 223 0 273 36
b 230 1 273 36
m 230 0 1 273 36
m 230 2 1 273 36
m 230 81 1 273 36
m 230 103 1 273 36
m 230 107 1 273 36
m 230 149 1 273 36
m 230 175 1 273 36
m 230 182 1 273 36
m 230 200 1 273 36
m 230 204 1 273 36
m 230 215 1 273 36
m 230 223 1 273 36
b 230 2 273 36
m 230 0 2 273 36
m 230 2 2 273 36
m 230 81 2 273 36
m 230 103 2 273 36
m 230 107 2 273 36
m 230 149 2 273 36
m 230 175 2 273 36
m 230 182 2 273 36
m 230 200 2 273 36
m 230 204 2 273 36
m 230 215 2 273 36
m 230 223 2 273 36
b 230 3 273 36
m 230 0 3 12.0 144.0 1.0
m 230 2 3 12.0 144.0 1.0
m 230 81 3 12.0 144.0 1.0
m 230 103 3 12.0 144.0 1.0
m 230 107 3 12.0 144.0 1.0
m 230 149 3 12.0 144.0 1.0
m 230 175 3 12.0 144.0 1.0
m 230 182 3 12.0 144.0 1.0
m 230 200 3 12.0 144.0 1.0
m 230 204 3 12.0 144.0 1.0
m 230 215 3 12.0 144.0 1.0
m 230 223 3 12.0 144.0 1.0
b 0 0 264 70
m 0 12 0 264 70
m 0 45 0 264 70
m 0 148 0 264 70
m 0 189 0 264 70
m 0 193 0 264 70
m 0 198 0 264 70
m 0 208 0 264 70
b 0 1 264 70
m 0 12 1 264 70
m 0 45 1 264 70
m 0 148 1 264 70
m 0 189 1 264 70
m 0 193 1 264 70
m 0 198 1 264 70
m 0 208 1 264 70
b 0 2 264 70
b 0 3 264 70
m 0 12 3 13.666666666666668 192.33333333333331 1.0
m 0 45 3 13.666666666666668 192.33333333333331 1.0
m 0 148 3 13.666666666666668 192.33333333333331 1.0
m 0 189 3 13.666666666666668 192.33333333333331 1.0
m 0 193 3 13.666666666666668 192.33333333333331 1.0
m 0 198 3 13.666666666666668 192.33333333333331 1.0
m 0 208 3 13.666666666666668 192.33333333333331 1.0
b 2 0 269 7
b 2 1 269 7
b 2 2 269 7
b 2 3 269 7
b 81 0 264 95
m 81 64 0 264 95
m 81 88 0 264 95
m 81 130 0 264 95
m 81 226 0 264 95
b 81 1 264 95
m 81 64 1 264 95
m 81 88 1 264 95
m 81 130 1 264 95
m 81 226 1 264 95
b 81 2 264 95
m 81 12 2 264 95
m 81 45 2 264 95
m 81 64 2 264 95
m 81 88 2 264 95
m 81 130 2 264 95
m 81 148 2 264 95
m 81 189 2 264 95
m 81 193 2 264 95
m 81 198 2 264 95
m 81 208 2 264 95
m 81 226 2 264 95
b 81 3 264 95
m 81 64 3 14.333333333333332 216.33333333333331 1.0
m 81 88 3 14.333333333333332 216.33333333333331 1.0
m 81 130 3 14.333333333333332 216.33333333333331 1.0
m 81 226 3 14.333333333333332 216.33333333333331 1.0
b 103 0 325 21
m 103 26 0 325 21
m 103 66 0 325 21
m 103 196 0 325 21
m 103 219 0 325 21
b 103 1 325 21
m 103 26 1 325 21
m 103 66 1 325 21
m 103 196 1 325 21
m 103 219 1 325 21
b 103 2 325 21
m 103 26 2 325 21
m 103 66 2 325 21
m 103 196 2 325 21
m 103 219 2 325 21
b 103 3 325 21
m 103 26 3 12.0 144.0 1.0
m 103 66 3 12.0 144.0 1.0
m 103 196 3 12.0 144.0 1.0
m 103 219 3 12.0 144.0 1.0
b 107 0 273 19
b 107 1 273 19
b 107 2 273 19
b 107 3 273 19
b 149 0 236 79
m 149 52 0 236 79
m 149 59 0 236 79
m 149 121 0 236 79
m 149 142 0 236 79
m 149 156 0 236 79
m 149 188 0 236 79
b 149 1 236 79
m 149 52 1 236 79
m 149 59 1 236 79
m 149 121 1 236 79
m 149 142 1 236 79
m 149 156 1 236 79
m 149 188 1 236 79
b 149 2 236 79
m 149 52 2 236 79
m 149 59 2 236 79
m 149 121 2 236 79
m 149 142 2 236 79
m 149 156 2 236 79
m 149 188 2 236 79
b 149 3 236 79
m 149 52 3 14.666666666666668 229.33333333333334 1.0
m 149 59 3 14.666666666666668 229.33333333333334 1.0
m 149 121 3 14.666666666666668 229.33333333333334 1.0
m 149 142 3 14.666666666666668 229.33333333333334 1.0
m 149 156 3 14.666666666666668 229.33333333333334 1.0
m 149 188 3 14.666666666666668 229.33333333333334 1.0
b 175 0 310 43
b 175 1 310 43
b 175 2 310 43
b 175 3 310 43
b 182 0 271 50
b 182 1 271 50
b 182 2 271 50
b 182 3 271 50
b 200 0 297 73
m 200 56 0 297 73
b 200 1 297 73
m 200 56 1 297 73
b 200 2 297 73
b 200 3 297 73
m 200 56 3 14.666666666666668 229.33333333333334 1.0
b 204 0 254 94
b 204 1 254 94
b 204 2 254 94
b 204 3 254 94
b 215 0 248 26
b 215 1 248 26
b 215 2 248 26
b 215 3 248 26
b 223 0 313 8
b 223 1 313 8
b 223 2 313 8
b 223 3 313 8
b 12 0 197 103
m 12 11 0 197 103
m 12 65 0 197 103
m 12 94 0 197 103
m 12 101 0 197 103
m 12 113 0 197 103
m 12 123 0 197 103
m 12 202 0 197 103
b 12 1 197 103
m 12 11 1 197 103
m 12 65 1 197 103
m 12 94 1 197 103
m 12 101 1 197 103
m 12 113 1 197 103
m 12 123 1 197 103
m 12 202 1 197 103
b 12 2 197 103
m 12 11 2 197 103
m 12 65 2 197 103
m 12 94 2 197 103
m 12 101 2 197 103
m 12 113 2 197 103
m 12 123 2 197 103
m 12 202 2 197 103
b 12 3 197 103
m 12 11 3 15.25 244.25 1.0
m 12 65 3 15.25 244.25 1.0
m 12 94 3 15.25 244.25 1.0
m 12 101 3 15.25 244.25 1.0
m 12 113 3 15.25 244.25 1.0
m 12 123 3 15.25 244.25 1.0
m 12 202 3 15.25 244.25 1.0
b 26 0 363 32
m 26 167 0 363 32
b 26 1 363 32
m 26 167 1 363 32
b 26 2 363 32
b 26 3 363 32
m 26 167 3 12.0 144.0 -1.0
b 45 0 269 114
m 45 21 0 269 114
m 45 140 0 269 114
b 45 1 269 114
m 45 21 1 269 114
m 45 140 1 269 114
b 45 2 269 114
m 45 21 2 269 114
m 45 56 2 269 114
m 45 140 2 269 114
b 45 3 269 114
m 45 21 3 15.0 234.5 0.9984845509295626
m 45 140 3 15.0 234.5 0.9984845509295626
b 52 0 182 123
m 52 50 0 182 123
m 52 128 0 182 123
m 52 135 0 182 123
m 52 183 0 182 123
b 52 1 182 123
m 52 50 1 182 123
m 52 128 1 182 123
m 52 135 1 182 123
m 52 183 1 182 123
b 52 2 182 123
b 52 3 182 123
m 52 128 3 15.75 262.25 0.8744117021331799
m 52 50 3 15.75 262.25 0.8744117021331799
m 52 135 3 15.75 262.25 0.8744117021331799
m 52 183 3 15.75 262.25 0.8744117021331799
b 56 0 340 116
m 56 51 0 340 116
m 56 79 0 340 116
m 56 132 0 340 116
m 56 146 0 340 116
m 56 172 0 340 116
m 56 220 0 340 116
m 56 222 0 340 116
m 56 224 0 340 116
m 56 225 0 340 116
b 56 1 340 116
m 56 51 1 340 116
m 56 79 1 340 116
m 56 132 1 340 116
m 56 146 1 340 116
m 56 172 1 340 116
m 56 220 1 340 116
m 56 222 1 340 116
m 56 224 1 340 116
m 56 225 1 340 116
b 56 3 340 116
m 56 220 3 15.5 253.0 0.8367951201050778
m 56 132 3 15.5 253.0 0.8367951201050778
m 56 79 3 15.5 253.0 0.8367951201050778
m 56 146 3 15.5 253.0 0.8367951201050778
m 56 51 3 15.5 253.0 0.8367951201050778
m 56 172 3 15.5 253.0 0.8367951201050778
m 56 225 3 15.5 253.0 0.8367951201050778
m 56 224 3 15.5 253.0 0.8367951201050778
b 59 0 163 82
m 59 42 0 163 82
m 59 80 0 163 82
b 59 1 163 82
m 59 42 1 163 82
m 59 80 1 163 82
b 59 2 163 82
b 59 3 163 82
m 59 42 3 15.5 253.0 0.8367951201050778
m 59 80 3 15.5 253.0 0.8367951201050778
b 64 0 277 162
m 64 40 0 277 162
m 64 118 0 277 162
m 64 164 0 277 162
b 64 1 277 162
m 64 40 1 277 162
m 64 118 1 277 162
m 64 164 1 277 162
b 64 2 277 162
b 64 3 277 162
m 64 118 3 14.0 204.5 0.5888505059297138
m 64 164 3 14.0 204.5 0.5888505059297138
b 66 0 362 54
m 66 167 0 362 54
b 66 1 362 54
b 66 2 362 54
m 66 167 2 362 54
b 66 3 362 54
m 66 167 3 12.0 144.0 -1.0
b 88 0 214 128
b 88 1 214 128
b 88 2 214 128
b 88 3 214 128
b 121 0 191 121
b 121 1 191 121
b 121 2 191 121
m 121 128 2 191 121
m 121 135 2 191 121
m 121 183 2 191 121
b 121 3 191 121
b 130 0 332 102
b 130 1 332 102
b 130 2 332 102
m 130 51 2 332 102
m 130 79 2 332 102
m 130 146 2 332 102
m 130 172 2 332 102
m 130 224 2 332 102
b 130 3 332 102
b 142 0 172 81
b 142 1 172 81
b 142 2 172 81
m 142 42 2 172 81
m 142 80 2 172 81
b 142 3 172 81
b 148 0 272 114
b 148 1 272 114
b 148 2 272 114
b 148 3 272 114
b 156 0 186 117
b 156 1 186 117
b 156 2 186 117
b 156 3 186 117
b 188 0 171 61
b 188 1 171 61
b 188 2 171 61
b 188 3 171 61
b 189 0 322 114
b 189 1 322 114
b 189 2 322 114
b 189 3 322 114
m 189 40 3 15.0 234.5 0.9984845509295626
b 193 0 205 110
b 193 1 205 110
b 193 2 205 110
b 193 3 205 110
b 196 0 377 60
m 196 167 0 377 60
b 196 1 377 60
m 196 167 1 377 60
b 196 2 377 60
b 196 3 377 60
m 196 167 3 12.0 144.0 -1.0
b 198 0 273 142
b 198 1 273 142
b 198 2 273 142
m 198 40 2 273 142
m 198 164 2 273 142
b 198 3 273 142
b 208 0 327 93
b 208 1 327 93
b 208 2 327 93
b 208 3 327 93
b 219 0 393 32
m 219 167 0 393 32
b 219 1 393 32
m 219 167 1 393 32
b 219 2 393 32
m 219 167 2 393 32
b 219 3 393 32
m 219 167 3 12.0 144.0 -1.0
b 226 0 260 166
m 226 30 0 260 166
m 226 210 0 260 166
b 226 1 260 166
m 226 30 1 260 166
m 226 210 1 260 166
b 226 2 260 166
m 226 30 2 260 166
m 226 210 2 260 166
b 226 3 260 166
m 226 210 3 14.25 211.25 0.6687097281156684
m 226 30 3 14.25 211.25 0.6687097281156684
b 11 0 149 158
m 11 15 0 149 158
m 11 18 0 149 158
m 11 58 0 149 158
m 11 72 0 149 158
m 11 90 0 149 158
m 11 112 0 149 158
m 11 116 0 149 158
m 11 139 0 149 158
m 11 151 0 149 158
m 11 227 0 149 158
m 11 239 0 149 158
b 11 1 149 158
m 11 15 1 149 158
m 11 18 1 149 158
m 11 58 1 149 158
m 11 72 1 149 158
m 11 90 1 149 158
m 11 112 1 149 158
m 11 116 1 149 158
m 11 139 1 149 158
m 11 151 1 149 158
m 11 227 1 149 158
m 11 239 1 149 158
b 11 2 149 158
m 11 15 2 149 158
m 11 18 2 149 158
m 11 50 2 149 158
m 11 58 2 149 158
m 11 72 2 149 158
m 11 90 2 149 158
m 11 112 2 149 158
m 11 116 2 149 158
m 11 139 2 149 158
m 11 151 2 149 158
m 11 227 2 149 158
m 11 239 2 149 158
b 11 3 149 158
m 11 15 3 16.799999999999997 301.2 1.0
m 11 18 3 16.799999999999997 301.2 1.0
m 11 58 3 16.799999999999997 301.2 1.0
m 11 72 3 16.799999999999997 301.2 1.0
m 11 90 3 16.799999999999997 301.2 1.0
m 11 112 3 16.799999999999997 301.2 1.0
m 11 116 3 16.799999999999997 301.2 1.0
m 11 139 3 16.799999999999997 301.2 1.0
m 11 151 3 16.799999999999997 301.2 1.0
m 11 227 3 16.799999999999997 301.2 1.0
m 11 239 3 16.799999999999997 301.2 1.0
b 21 0 259 181
m 21 157 0 259 181
b 21 1 259 181
m 21 157 1 259 181
b 21 2 259 181
m 21 157 2 259 181
b 21 3 259 181
m 21 157 3 14.6 221.39999999999998 0.5844120051265245
b 30 0 209 206
m 30 32 0 209 206
m 30 75 0 209 206
m 30 102 0 209 206
m 30 129 0 209 206
m 30 163 0 209 206
m 30 184 0 209 206
m 30 212 0 209 206
m 30 228 0 209 206
m 30 233 0 209 206
b 30 1 209 206
m 30 32 1 209 206
m 30 75 1 209 206
m 30 102 1 209 206
m 30 129 1 209 206
m 30 163 1 209 206
m 30 184 1 209 206
m 30 212 1 209 206
m 30 228 1 209 206
m 30 233 1 209 206
b 30 2 209 206
m 30 32 2 209 206
m 30 75 2 209 206
m 30 102 2 209 206
m 30 129 2 209 206
m 30 163 2 209 206
m 30 184 2 209 206
m 30 212 2 209 206
m 30 228 2 209 206
m 30 233 2 209 206
b 30 3 209 206
m 30 32 3 15.4 249.0 0.823805948397595
m 30 184 3 15.4 249.0 0.823805948397595
m 30 129 3 15.4 249.0 0.823805948397595
m 30 212 3 15.4 249.0 0.823805948397595
m 30 75 3 15.4 249.0 0.823805948397595
m 30 233 3 15.4 249.0 0.823805948397595
m 30 102 3 15.4 249.0 0.823805948397595
m 30 228 3 15.4 249.0 0.823805948397595
b 40 0 307 184
m 40 44 0 307 184
m 40 95 0 307 184
m 40 111 0 307 184
m 40 162 0 307 184
m 40 170 0 307 184
m 40 176 0 307 184
m 40 192 0 307 184
b 40 1 307 184
m 40 44 1 307 184
m 40 95 1 307 184
m 40 111 1 307 184
m 40 162 1 307 184
m 40 170 1 307 184
m 40 176 1 307 184
m 40 192 1 307 184
b 40 2 307 184
b 40 3 307 184
m 40 44 3 15.4 245.39999999999998 0.8580054123600583
m 40 111 3 15.4 245.39999999999998 0.8580054123600583
m 40 176 3 15.4 245.39999999999998 0.8580054123600583
m 40 170 3 15.4 245.39999999999998 0.8580054123600583
m 40 162 3 15.4 245.39999999999998 0.8580054123600583
m 40 192 3 15.4 245.39999999999998 0.8580054123600583
m 40 95 3 15.4 245.39999999999998 0.8580054123600583
b 42 0 111 87
m 42 74 0 111 87
m 42 77 0 111 87
m 42 131 0 111 87
m 42 138 0 111 87
m 42 161 0 111 87
b 42 1 111 87
m 42 74 1 111 87
m 42 77 1 111 87
m 42 131 1 111 87
m 42 138 1 111 87
m 42 161 1 111 87
b 42 2 111 87
b 42 3 111 87
m 42 74 3 16.0 267.2 0.816183535041437
m 42 138 3 16.0 267.2 0.816183535041437
m 42 131 3 16.0 267.2 0.816183535041437
m 42 161 3 16.0 267.2 0.816183535041437
m 42 77 3 16.0 267.2 0.816183535041437
b 50 0 107 120
m 50 150 0 107 120
b 50 1 107 120
m 50 150 1 107 120
b 50 3 107 120
m 50 150 3 17.0 306.6 0.9268454838660242
b 51 0 384 89
m 51 167 0 384 89
b 51 1 384 89
m 51 167 1 384 89
b 51 2 384 89
m 51 167 2 384 89
b 51 3 384 89
m 51 167 3 15.5 253.0 -1.0
b 56 2 341 115
m 56 132 2 341 115
m 56 220 2 341 115
m 56 222 2 341 115
m 56 225 2 341 115
b 65 0 136 75
b 65 1 136 75
b 65 2 136 75
b 65 3 136 75
b 79 0 374 162
m 79 8 0 374 162
m 79 25 0 374 162
m 79 47 0 374 162
m 79 173 0 374 162
m 79 199 0 374 162
m 79 209 0 374 162
b 79 1 374 162
b 79 2 374 162
m 79 8 2 374 162
m 79 25 2 374 162
m 79 44 2 374 162
m 79 47 2 374 162
m 79 118 2 374 162
m 79 170 2 374 162
m 79 173 2 374 162
m 79 176 2 374 162
m 79 199 2 374 162
m 79 209 2 374 162
b 79 3 374 162
m 79 25 3 16.8 299.2 0.9224994131990935
m 79 47 3 16.8 299.2 0.9224994131990935
m 79 222 3 16.8 299.2 0.9224994131990935
m 79 199 3 16.8 299.2 0.9224994131990935
m 79 173 3 16.8 299.2 0.9224994131990935
m 79 209 3 16.8 299.2 0.9224994131990935
m 79 8 3 16.8 299.2 0.9224994131990935
b 80 0 108 90
b 80 1 108 90
b 80 2 108 90
m 80 74 2 108 90
m 80 77 2 108 90
m 80 131 2 108 90
m 80 138 2 108 90
m 80 150 2 108 90
m 80 161 2 108 90
b 80 3 108 90
b 94 0 146 81
b 94 1 146 81
b 94 2 146 81
b 94 3 146 81
b 101 0 169 39
b 101 1 169 39
b 101 2 169 39
b 101 3 169 39
b 113 0 145 65
b 113 1 145 65
b 113 2 145 65
b 113 3 145 65
b 118 0 330 210
m 118 29 0 330 210
m 118 190 0 330 210
m 118 235 0 330 210
m 118 236 0 330 210
b 118 1 330 210
b 118 3 330 210
m 118 190 3 14.6 221.39999999999998 0.7089629523827927
m 118 236 3 14.6 221.39999999999998 0.7089629523827927
m 118 235 3 14.6 221.39999999999998 0.7089629523827927
b 123 0 142 154
b 123 1 142 154
b 123 2 142 154
b 123 3 142 154
b 128 0 149 176
b 128 1 149 176
b 128 2 149 176
b 128 3 149 176
b 132 0 389 157
b 132 1 389 157
m 132 8 1 389 157
m 132 25 1 389 157
m 132 47 1 389 157
m 132 173 1 389 157
m 132 199 1 389 157
m 132 209 1 389 157
b 132 3 389 157
b 135 0 203 194
b 135 1 203 194
b 135 2 203 194
b 135 3 203 194
m 135 163 3 17.0 306.6 0.9268454838660242
b 140 0 274 181
b 140 1 274 181
b 140 2 274 181
b 140 3 274 181
b 146 0 370 126
b 146 1 370 126
b 146 2 370 126
b 146 3 370 126
b 164 0 292 189
b 164 1 292 189
b 164 2 292 189
m 164 95 2 292 189
m 164 111 2 292 189
m 164 162 2 292 189
m 164 192 2 292 189
b 164 3 292 189
b 172 0 367 139
b 172 1 367 139
b 172 2 367 139
b 172 3 367 139
b 183 0 174 193
b 183 1 174 193
b 183 2 174 193
b 183 3 174 193
b 202 0 136 90
b 202 1 136 90
b 202 2 136 90
b 202 3 136 90
b 210 0 210 204
b 210 1 210 204
b 210 2 210 204
b 210 3 210 204
b 220 0 400 146
b 220 1 400 146
b 220 3 400 146
b 222 0 408 108
m 222 167 0 408 108
b 222 1 408 108
m 222 167 1 408 108
b 224 0 379 135
b 224 1 379 135
b 224 2 379 135
b 224 3 379 135
b 225 0 368 185
m 225 43 0 368 185
b 225 1 368 185
m 225 29 1 368 185
m 225 43 1 368 185
m 225 235 1 368 185
b 225 3 368 185
m 225 29 3 16.8 299.2 0.9224994131990935
m 225 43 3 16.8 299.2 0.9224994131990935
b 8 0 416 181
m 8 6 0 416 181
m 8 7 0 416 181
m 8 34 0 416 181
m 8 62 0 416 181
m 8 231 0 416 181
b 8 1 416 181
b 8 2 416 181
m 8 6 2 416 181
m 8 7 2 416 181
m 8 29 2 416 181
m 8 34 2 416 181
m 8 43 2 416 181
m 8 62 2 416 181
m 8 231 2 416 181
b 8 3 416 181
m 8 62 3 17.5 322.83333333333337 0.8418849359469183
m 8 34 3 17.5 322.83333333333337 0.8418849359469183
m 8 7 3 17.5 322.83333333333337 0.8418849359469183
m 8 231 3 17.5 322.83333333333337 0.8418849359469183
m 8 6 3 17.5 322.83333333333337 0.8418849359469183
b 15 0 91 139
m 15 57 0 91 139
m 15 84 0 91 139
m 15 152 0 91 139
m 15 213 0 91 139
b 15 1 91 139
m 15 57 1 91 139
m 15 84 1 91 139
m 15 152 1 91 139
m 15 213 1 91 139
b 15 2 91 139
m 15 57 2 91 139
m 15 84 2 91 139
m 15 152 2 91 139
m 15 213 2 91 139
b 15 3 91 139
m 15 57 3 17.666666666666664 331.6666666666667 0.9023601189829995
m 15 213 3 17.666666666666664 331.6666666666667 0.9023601189829995
m 15 152 3 17.666666666666664 331.6666666666667 0.9023601189829995
m 15 84 3 17.666666666666664 331.6666666666667 0.9023601189829995
b 18 0 88 119
m 18 134 0 88 119
b 18 1 88 119
m 18 134 1 88 119
b 18 2 88 119
m 18 134 2 88 119
b 18 3 88 119
m 18 134 3 17.833333333333332 339.1666666666667 0.9356047162743011
b 25 0 443 144
m 25 171 0 443 144
b 25 1 443 144
m 25 6 1 443 144
m 25 7 1 443 144
m 25 34 1 443 144
m 25 171 1 443 144
m 25 231 1 443 144
b 25 2 443 144
b 25 3 443 144
m 25 171 3 16.5 286.83333333333337 0.5262631213352331
b 29 0 378 242
m 29 3 0 378 242
m 29 31 0 378 242
m 29 39 0 378 242
m 29 49 0 378 242
m 29 97 0 378 242
m 29 119 0 378 242
m 29 136 0 378 242
b 29 1 378 242
m 29 3 1 378 242
m 29 31 1 378 242
m 29 39 1 378 242
m 29 49 1 378 242
m 29 62 1 378 242
m 29 97 1 378 242
m 29 119 1 378 242
m 29 136 1 378 242
m 29 236 1 378 242
b 29 3 378 242
m 29 3 3 17.833333333333332 337.5 0.9040405687674441
m 29 39 3 17.833333333333332 337.5 0.9040405687674441
m 29 49 3 17.833333333333332 337.5 0.9040405687674441
m 29 97 3 17.833333333333332 337.5 0.9040405687674441
m 29 119 3 17.833333333333332 337.5 0.9040405687674441
m 29 136 3 17.833333333333332 337.5 0.9040405687674441
m 29 31 3 17.833333333333332 337.5 0.9040405687674441
b 32 0 209 238
b 32 1 209 238
b 32 2 209 238
b 32 3 209 238
b 43 0 423 227
m 43 126 0 423 227
m 43 145 0 423 227
b 43 1 423 227
m 43 126 1 423 227
m 43 145 1 423 227
b 43 3 423 227
m 43 126 3 17.166666666666668 309.5 0.7628870282810785
m 43 145 3 17.166666666666668 309.5 0.7628870282810785
b 44 0 355 226
b 44 1 355 226
b 44 2 355 226
b 44 3 355 226
b 47 0 422 119
m 47 109 0 422 119
b 47 1 422 119
m 47 109 1 422 119
b 47 2 422 119
b 47 3 422 119
m 47 109 3 16.666666666666668 292.0 0.5984094281342618
b 50 2 107 119
b 58 0 130 187
m 58 53 0 130 187
b 58 1 130 187
m 58 53 1 130 187
b 58 2 130 187
m 58 53 2 130 187
b 58 3 130 187
m 58 53 3 17.333333333333332 317.6666666666667 0.8229389808503733
b 72 0 172 220
b 72 1 172 220
b 72 2 172 220
b 72 3 172 220
b 74 0 96 21
m 74 1 0 96 21
m 74 19 0 96 21
b 74 1 96 21
m 74 1 1 96 21
m 74 19 1 96 21
b 74 2 96 21
m 74 1 2 96 21
m 74 19 2 96 21
b 74 3 96 21
m 74 1 3 14.833333333333334 236.16666666666666 0.08095830384079541
b 75 0 165 253
m 75 35 0 165 253
m 75 55 0 165 253
m 75 99 0 165 253
m 75 114 0 165 253
b 75 1 165 253
m 75 35 1 165 253
m 75 55 1 165 253
m 75 99 1 165 253
m 75 114 1 165 253
b 75 2 165 253
m 75 35 2 165 253
m 75 55 2 165 253
m 75 99 2 165 253
m 75 114 2 165 253
b 75 3 165 253
m 75 55 3 16.0 267.6666666666667 0.7484147610012444
m 75 35 3 16.0 267.6666666666667 0.7484147610012444
m 75 114 3 16.0 267.6666666666667 0.7484147610012444
b 77 0 86 108
b 77 1 86 108
b 77 2 86 108
b 77 3 86 108
b 90 0 178 203
b 90 1 178 203
b 90 2 178 203
b 90 3 178 203
b 95 0 330 240
m 95 201 0 330 240
b 95 1 330 240
m 95 190 1 330 240
m 95 201 1 330 240
b 95 2 330 240
m 95 31 2 330 240
m 95 97 2 330 240
m 95 190 2 330 240
m 95 201 2 330 240
m 95 235 2 330 240
m 95 236 2 330 240
b 95 3 330 240
m 95 201 3 15.833333333333334 258.5 0.8844441085041569
b 102 0 165 234
b 102 1 165 234
b 102 2 165 234
b 102 3 165 234
b 111 0 323 225
b 111 1 323 225
b 111 2 323 225
b 111 3 323 225
b 112 0 113 160
b 112 1 113 160
b 112 2 113 160
b 112 3 113 160
b 116 0 139 203
b 116 1 139 203
b 116 2 139 203
b 116 3 139 203
b 118 2 330 211
b 129 0 187 270
m 129 61 0 187 270
m 129 82 0 187 270
m 129 203 0 187 270
m 129 229 0 187 270
b 129 1 187 270
m 129 61 1 187 270
m 129 82 1 187 270
m 129 203 1 187 270
m 129 229 1 187 270
b 129 2 187 270
m 129 61 2 187 270
m 129 82 2 187 270
m 129 203 2 187 270
m 129 229 2 187 270
b 129 3 187 270
m 129 99 3 16.333333333333336 281.0 0.809488567969289
m 129 82 3 16.333333333333336 281.0 0.809488567969289
m 129 203 3 16.333333333333336 281.0 0.809488567969289
m 129 61 3 16.333333333333336 281.0 0.809488567969289
m 129 229 3 16.333333333333336 281.0 0.809488567969289
b 131 0 94 36
b 131 1 94 36
b 131 2 94 36
b 131 3 94 36
m 131 19 3 15.5 250.83333333333331 0.5394956267879911
b 132 2 389 158
b 138 0 48 89
m 138 10 0 48 89
m 138 14 0 48 89
m 138 104 0 48 89
b 138 1 48 89
m 138 10 1 48 89
m 138 14 1 48 89
m 138 104 1 48 89
b 138 2 48 89
m 138 10 2 48 89
m 138 14 2 48 89
m 138 104 2 48 89
b 138 3 48 89
m 138 104 3 15.833333333333334 260.16666666666663 0.6696918606662494
m 138 14 3 15.833333333333334 260.16666666666663 0.6696918606662494
m 138 10 3 15.833333333333334 260.16666666666663 0.6696918606662494
b 139 0 83 183
m 139 180 0 83 183
b 139 1 83 183
b 139 2 83 183
m 139 180 2 83 183
b 139 3 83 183
m 139 180 3 17.0 305.0 0.7212707867957313
b 150 0 61 147
m 150 70 0 61 147
m 150 153 0 61 147
b 150 1 61 147
m 150 70 1 61 147
m 150 153 1 61 147
b 150 2 61 147
m 150 70 2 61 147
m 150 153 2 61 147
b 150 3 61 147
m 150 70 3 17.5 322.1666666666667 0.811763998438355
m 150 153 3 17.5 322.1666666666667 0.811763998438355
b 151 0 98 182
b 151 1 98 182
m 151 180 1 98 182
b 151 2 98 182
b 151 3 98 182
b 157 0 258 251
m 157 137 0 258 251
m 157 141 0 258 251
m 157 187 0 258 251
b 157 1 258 251
m 157 137 1 258 251
m 157 141 1 258 251
m 157 187 1 258 251
b 157 2 258 251
m 157 137 2 258 251
m 157 141 2 258 251
m 157 187 2 258 251
b 157 3 258 251
m 157 141 3 15.833333333333332 265.1666666666667 0.7848957244460156
m 157 187 3 15.833333333333332 265.1666666666667 0.7848957244460156
m 157 137 3 15.833333333333332 265.1666666666667 0.7848957244460156
b 161 0 79 90
b 161 1 79 90
b 161 2 79 90
b 161 3 79 90
b 162 0 343 240
b 162 1 343 240
b 162 2 343 240
b 162 3 343 240
b 163 0 192 241
b 163 1 192 241
b 163 2 192 241
b 163 3 192 241
b 170 0 346 209
b 170 1 346 209
b 170 2 346 209
b 170 3 346 209
b 173 0 423 167
b 173 1 423 167
b 173 2 423 167
b 173 3 423 167
b 176 0 369 216
b 176 1 369 216
b 176 2 369 216
m 176 39 2 369 216
b 176 3 369 216
b 184 0 250 262
b 184 1 250 262
b 184 2 250 262
b 184 3 250 262
b 190 0 289 272
m 190 166 0 289 272
m 190 179 0 289 272
m 190 206 0 289 272
b 190 3 289 272
m 190 166 3 15.5 251.16666666666669 0.7710644855955585
m 190 206 3 15.5 251.16666666666669 0.7710644855955585
m 190 179 3 15.5 251.16666666666669 0.7710644855955585
b 192 0 317 239
b 192 1 317 239
b 192 2 317 239
b 192 3 317 239
b 199 0 435 147
b 199 1 435 147
b 199 2 435 147
b 199 3 435 147
b 209 0 410 185
b 209 1 410 185
b 209 2 410 185
b 209 3 410 185
b 212 0 240 264
b 212 1 240 264
b 212 2 240 264
b 212 3 240 264
b 220 2 401 147
b 222 2 408 107
m 222 167 2 408 107
b 222 3 408 107
m 222 167 3 16.8 299.2 -1.0
b 225 2 369 184
b 227 0 110 180
b 227 1 110 180
b 227 2 110 180
b 227 3 110 180
b 228 0 190 242
b 228 1 190 242
b 228 2 190 242
b 228 3 190 242
b 233 0 230 259
b 233 1 230 259
b 233 2 230 259
b 233 3 230 259
b 235 0 359 241
b 235 1 359 241
b 235 3 359 241
b 236 0 335 270
b 236 3 335 270
b 239 0 84 167
b 239 1 84 167
b 239 2 84 167
b 239 3 84 167
b 1 0 58 37
m 1 133 0 58 37
b 1 1 58 37
m 1 133 1 58 37
b 1 2 58 37
m 1 133 2 58 37
b 1 3 58 37
m 1 133 3 14.0 214.0 0.08440704397859176
b 3 0 418 281
m 3 69 0 418 281
m 3 105 0 418 281
m 3 106 0 418 281
m 3 174 0 418 281
m 3 178 0 418 281
b 3 1 418 281
b 3 3 418 281
m 3 69 3 17.571428571428573 325.85714285714283 0.5361099408933806
m 3 106 3 17.571428571428573 325.85714285714283 0.5361099408933806
m 3 174 3 17.571428571428573 325.85714285714283 0.5361099408933806
b 6 0 458 215
b 6 1 458 215
b 6 2 458 215
m 6 126 2 458 215
m 6 136 2 458 215
m 6 145 2 458 215
b 6 3 458 215
b 7 0 477 192
b 7 1 477 192
b 7 2 477 192
b 7 3 477 192
b 10 0 2 111
b 10 1 2 111
b 10 2 2 111
b 10 3 2 111
b 14 0 9 113
b 14 1 9 113
b 14 2 9 113
b 14 3 9 113
b 19 0 46 10
b 19 1 46 10
b 19 2 46 10
b 19 3 46 10
b 29 2 377 242
m 29 3 2 377 242
m 29 49 2 377 242
m 29 119 2 377 242
b 31 0 357 293
b 31 1 357 293
b 31 2 357 293
m 31 105 2 357 293
m 31 178 2 357 293
m 31 206 2 357 293
b 31 3 357 293
m 31 178 3 17.571428571428573 325.85714285714283 0.5361099408933806
m 31 105 3 17.571428571428573 325.85714285714283 0.5361099408933806
b 34 0 478 157
b 34 1 478 157
b 34 2 478 157
m 34 171 2 478 157
b 34 3 478 157
b 35 0 165 327
m 35 20 0 165 327
m 35 73 0 165 327
m 35 83 0 165 327
m 35 86 0 165 327
m 35 93 0 165 327
m 35 120 0 165 327
b 35 1 165 327
m 35 20 1 165 327
m 35 73 1 165 327
m 35 83 1 165 327
m 35 86 1 165 327
m 35 93 1 165 327
m 35 120 1 165 327
b 35 2 165 327
b 35 3 165 327
m 35 93 3 15.571428571428571 253.57142857142856 0.43392225074364754
m 35 86 3 15.571428571428571 253.57142857142856 0.43392225074364754
m 35 73 3 15.571428571428571 253.57142857142856 0.43392225074364754
b 39 0 416 258
b 39 1 416 258
b 39 2 416 258
m 39 106 2 416 258
b 39 3 416 258
b 43 2 422 227
b 49 0 423 292
m 49 91 0 423 292
b 49 1 423 292
m 49 69 1 423 292
m 49 91 1 423 292
m 49 105 1 423 292
m 49 106 1 423 292
m 49 174 1 423 292
m 49 178 1 423 292
b 49 3 423 292
m 49 91 3 17.571428571428573 325.85714285714283 0.5361099408933806
b 53 0 98 254
m 53 110 0 98 254
m 53 216 0 98 254
b 53 1 98 254
m 53 110 1 98 254
m 53 216 1 98 254
b 53 2 98 254
m 53 73 2 98 254
m 53 86 2 98 254
m 53 110 2 98 254
m 53 216 2 98 254
b 53 3 98 254
m 53 110 3 16.857142857142858 300.2857142857143 0.5050824402278162
m 53 216 3 16.857142857142858 300.2857142857143 0.5050824402278162
b 55 0 133 289
b 55 1 133 289
b 55 2 133 289
m 55 20 2 133 289
m 55 120 2 133 289
b 55 3 133 289
m 55 20 3 15.571428571428571 253.57142857142856 0.43392225074364754
b 57 0 22 115
b 57 1 22 115
b 57 2 22 115
b 57 3 22 115
b 61 0 199 341
m 61 63 0 199 341
m 61 147 0 199 341
m 61 169 0 199 341
m 61 211 0 199 341
b 61 1 199 341
m 61 63 1 199 341
m 61 147 1 199 341
m 61 166 1 199 341
m 61 169 1 199 341
m 61 179 1 199 341
m 61 211 1 199 341
b 61 2 199 341
m 61 63 2 199 341
m 61 83 2 199 341
m 61 93 2 199 341
m 61 147 2 199 341
m 61 166 2 199 341
m 61 169 2 199 341
m 61 179 2 199 341
m 61 211 2 199 341
b 61 3 199 341
m 61 63 3 16.42857142857143 282.14285714285717 0.6208823780812845
m 61 147 3 16.42857142857143 282.14285714285717 0.6208823780812845
m 61 83 3 16.42857142857143 282.14285714285717 0.6208823780812845
m 61 169 3 16.42857142857143 282.14285714285717 0.6208823780812845
b 62 0 431 252
b 62 1 431 252
b 62 2 431 252
b 62 3 431 252
b 70 0 4 163
m 70 221 0 4 163
b 70 1 4 163
m 70 221 1 4 163
b 70 2 4 163
m 70 221 2 4 163
b 70 3 4 163
m 70 221 3 16.428571428571427 290.42857142857144 0.0681940453449785
b 82 0 245 306
b 82 1 245 306
b 82 2 245 306
b 82 3 245 306
b 84 0 60 182
b 84 1 60 182
b 84 2 60 182
b 84 3 60 182
b 97 0 377 287
b 97 1 377 287
b 97 2 377 287
b 97 3 377 287
b 99 0 139 310
b 99 1 139 310
b 99 2 139 310
b 99 3 139 310
m 99 120 3 16.0 268.8571428571429 0.43475602166675503
b 104 0 15 140
b 104 1 15 140
b 104 2 15 140
b 104 3 15 140
b 109 0 399 56
m 109 167 0 399 56
b 109 1 399 56
b 109 3 399 56
m 109 167 3 16.666666666666668 292.0 -1.0
b 114 0 166 322
b 114 1 166 322
b 114 2 166 322
b 114 3 166 322
b 119 0 418 294
b 119 1 418 294
b 119 3 418 294
b 126 0 461 243
b 126 1 461 243
b 126 3 461 243
b 134 0 35 66
b 134 1 35 66
b 134 2 35 66
b 134 3 35 66
b 136 0 431 258
b 136 1 431 258
b 136 3 431 258
b 137 0 254 317
b 137 1 254 317
b 137 2 254 317
b 137 3 254 317
b 141 0 284 315
m 141 194 0 284 315
b 141 1 284 315
m 141 194 1 284 315
m 141 206 1 284 315
b 141 2 284 315
m 141 194 2 284 315
b 141 3 284 315
m 141 194 3 15.714285714285714 259.42857142857144 0.43602986189590165
b 145 0 489 206
b 145 1 489 206
b 145 3 489 206
b 152 0 61 182
b 152 1 61 182
b 152 2 61 182
b 152 3 61 182
b 153 0 0 177
m 153 60 0 0 177
b 153 1 0 177
m 153 60 1 0 177
b 153 2 0 177
b 153 3 0 177
m 153 60 3 16.714285714285715 296.7142857142857 0.32167528098359577
b 166 0 263 340
m 166 33 0 263 340
m 166 191 0 263 340
b 166 3 263 340
m 166 33 3 15.857142857142858 261.57142857142856 0.668982308857882
m 166 211 3 15.857142857142858 261.57142857142856 0.668982308857882
m 166 191 3 15.857142857142858 261.57142857142856 0.668982308857882
b 171 0 463 97
m 171 167 0 463 97
b 171 1 463 97
m 171 167 1 463 97
b 171 3 463 97
m 171 167 3 16.5 286.83333333333337 -1.0
b 179 0 268 343
b 179 3 268 343
b 180 0 58 235
m 180 85 0 58 235
m 180 207 0 58 235
b 180 1 58 235
m 180 85 1 58 235
m 180 207 1 58 235
b 180 2 58 235
m 180 60 2 58 235
m 180 85 2 58 235
m 180 207 2 58 235
b 180 3 58 235
m 180 85 3 16.285714285714285 282.0 0.40057418148249757
b 187 0 260 295
b 187 1 260 295
b 187 2 260 295
b 187 3 260 295
b 190 1 289 272
b 190 2 289 272
b 201 0 282 284
b 201 1 282 284
b 201 2 282 284
b 201 3 282 284
b 203 0 209 330
b 203 1 209 330
b 203 2 209 330
b 203 3 209 330
b 206 0 330 325
m 206 13 0 330 325
m 206 232 0 330 325
b 206 3 330 325
m 206 13 3 15.0 235.85714285714286 0.2976339036133997
b 213 0 31 164
b 213 1 31 164
b 213 2 31 164
b 213 3 31 164
b 229 0 242 309
b 229 1 242 309
b 229 2 242 309
b 229 3 242 309
b 231 0 441 208
b 231 1 441 208
b 231 2 441 208
b 231 3 441 208
b 235 2 360 241
b 236 1 335 269
b 236 2 335 269
b 3 2 418 280
m 3 69 2 418 280
m 3 174 2 418 280
b 13 0 336 379
m 13 41 0 336 379
m 13 46 0 336 379
m 13 67 0 336 379
m 13 96 0 336 379
m 13 98 0 336 379
m 13 127 0 336 379
m 13 165 0 336 379
b 13 3 336 379
m 13 98 3 14.75 227.5 0.3261281765961236
m 13 67 3 14.75 227.5 0.3261281765961236
m 13 46 3 14.75 227.5 0.3261281765961236
b 20 0 125 343
m 20 27 0 125 343
m 20 87 0 125 343
m 20 177 0 125 343
m 20 186 0 125 343
m 20 195 0 125 343
b 20 1 125 343
m 20 27 1 125 343
m 20 87 1 125 343
m 20 177 1 125 343
m 20 186 1 125 343
m 20 195 1 125 343
b 20 2 125 343
m 20 27 2 125 343
m 20 87 2 125 343
m 20 177 2 125 343
m 20 186 2 125 343
m 20 195 2 125 343
b 20 3 125 343
m 20 27 3 15.5 250.0 0.49560139528551356
m 20 177 3 15.5 250.0 0.49560139528551356
m 20 195 3 15.5 250.0 0.49560139528551356
b 33 0 272 411
m 33 54 0 272 411
m 33 117 0 272 411
m 33 143 0 272 411
m 33 185 0 272 411
m 33 214 0 272 411
b 33 3 272 411
m 33 232 3 16.25 274.0 0.6892205826229818
m 33 54 3 16.25 274.0 0.6892205826229818
m 33 214 3 16.25 274.0 0.6892205826229818
m 33 143 3 16.25 274.0 0.6892205826229818
m 33 185 3 16.25 274.0 0.6892205826229818
m 33 96 3 16.25 274.0 0.6892205826229818
m 33 41 3 16.25 274.0 0.6892205826229818
b 49 2 423 293
m 49 91 2 423 293
b 60 0 2 243
m 60 197 0 2 243
b 60 1 2 243
m 60 197 1 2 243
b 60 2 2 243
b 60 3 2 243
m 60 197 3 15.5 265.75 0.11188751461993603
b 63 0 249 388
b 63 1 249 388
m 63 33 1 249 388
m 63 41 1 249 388
m 63 46 1 249 388
m 63 96 1 249 388
m 63 143 1 249 388
m 63 165 1 249 388
m 63 185 1 249 388
m 63 191 1 249 388
m 63 214 1 249 388
b 63 2 249 388
b 63 3 249 388
m 63 165 3 16.5 283.0 0.621742185871068
b 69 0 431 348
m 69 5 0 431 348
m 69 23 0 431 348
m 69 37 0 431 348
m 69 48 0 431 348
b 69 1 431 348
m 69 5 1 431 348
m 69 23 1 431 348
m 69 37 1 431 348
m 69 48 1 431 348
m 69 67 1 431 348
m 69 98 1 431 348
b 69 3 431 348
m 69 37 3 17.125 309.625 0.4757414169511796
m 69 5 3 17.125 309.625 0.4757414169511796
b 73 0 109 327
b 73 1 109 327
b 73 2 109 327
b 73 3 109 327
m 73 186 3 15.5 250.0 0.49560139528551356
b 83 0 136 369
m 83 168 0 136 369
b 83 1 136 369
m 83 168 1 136 369
b 83 2 136 369
m 83 168 2 136 369
b 83 3 136 369
m 83 87 3 16.0 268.0 0.45112188916110685
b 85 0 20 277
b 85 1 20 277
b 85 2 20 277
m 85 197 2 20 277
b 85 3 20 277
m 85 207 3 15.25 254.75 0.22278364181128646
b 86 0 97 320
b 86 1 97 320
b 86 2 97 320
b 86 3 97 320
b 91 0 399 364
b 91 1 399 364
m 91 13 1 399 364
m 91 232 1 399 364
b 91 3 399 364
m 91 23 3 17.375 317.125 0.5450605365821479
m 91 48 3 17.375 317.125 0.5450605365821479
b 93 0 165 400
m 93 17 0 165 400
m 93 68 0 165 400
m 93 92 0 165 400
m 93 125 0 165 400
m 93 237 0 165 400
b 93 1 165 400
m 93 17 1 165 400
m 93 68 1 165 400
m 93 92 1 165 400
m 93 125 1 165 400
m 93 237 1 165 400
b 93 2 165 400
m 93 17 2 165 400
m 93 68 2 165 400
m 93 92 2 165 400
m 93 125 2 165 400
m 93 214 2 165 400
m 93 237 2 165 400
b 93 3 165 400
m 93 68 3 15.25 243.0 0.4438580651757856
m 93 125 3 15.25 243.0 0.4438580651757856
m 93 17 3 15.25 243.0 0.4438580651757856
b 105 0 415 326
b 105 1 415 326
b 105 2 415 326
b 105 3 415 326
b 106 0 440 310
b 106 1 440 310
b 106 2 440 310
b 106 3 440 310
b 110 0 71 297
b 110 1 71 297
b 110 2 71 297
b 110 3 71 297
b 119 2 418 293
b 120 0 143 354
b 120 1 143 354
b 120 2 143 354
b 120 3 143 354
b 126 2 460 244
b 133 0 2 23
b 133 1 2 23
b 133 2 2 23
b 133 3 2 23
b 136 2 431 257
b 145 2 489 207
b 147 0 224 394
b 147 1 224 394
b 147 2 224 394
b 147 3 224 394
m 147 92 3 16.25 275.0 0.5490110060279547
m 147 237 3 16.25 275.0 0.5490110060279547
b 166 1 264 339
b 166 2 264 339
b 169 0 251 375
b 169 1 251 375
b 169 2 251 375
m 169 33 2 251 375
m 169 41 2 251 375
m 169 96 2 251 375
m 169 165 2 251 375
m 169 185 2 251 375
m 169 191 2 251 375
b 169 3 251 375
b 171 2 462 97
m 171 167 2 462 97
b 174 0 455 343
b 174 1 455 343
b 174 3 455 343
b 178 0 395 317
b 178 1 395 317
b 178 2 395 317
b 178 3 395 317
b 179 1 267 342
b 179 2 267 342
b 191 0 282 408
b 191 3 282 408
m 191 117 3 16.25 274.0 0.6892205826229818
b 194 0 325 367
b 194 1 325 367
m 194 127 1 325 367
b 194 2 325 367
m 194 13 2 325 367
m 194 46 2 325 367
m 194 127 2 325 367
m 194 232 2 325 367
b 194 3 325 367
m 194 127 3 15.5 251.5 0.4134181491318498
b 206 1 330 324
b 206 2 330 324
b 207 0 26 296
m 207 108 0 26 296
b 207 1 26 296
m 207 108 1 26 296
b 207 2 26 296
b 211 0 217 386
b 211 1 217 386
b 211 2 217 386
m 211 143 2 217 386
b 211 3 217 386
b 216 0 35 241
b 216 1 35 241
b 216 2 35 241
b 216 3 35 241
b 221 0 9 225
b 221 1 9 225
b 221 2 9 225
b 221 3 9 225
b 232 0 331 387
b 5 0 423 412
m 5 9 0 423 412
m 5 24 0 423 412
m 5 89 0 423 412
m 5 115 0 423 412
m 5 122 0 423 412
b 5 1 423 412
m 5 9 1 423 412
m 5 24 1 423 412
m 5 89 1 423 412
m 5 115 1 423 412
m 5 122 1 423 412
b 5 3 423 412
m 5 89 3 16.666666666666664 294.0 0.45235283036739166
m 5 115 3 16.666666666666664 294.0 0.45235283036739166
m 5 24 3 16.666666666666664 294.0 0.45235283036739166
b 13 1 335 379
b 13 2 335 379
b 17 0 167 469
m 17 78 0 167 469
m 17 238 0 167 469
b 17 1 167 469
m 17 78 1 167 469
m 17 238 1 167 469
b 17 2 167 469
b 17 3 167 469
m 17 78 3 14.333333333333334 221.44444444444446 0.09016766492930177
b 23 0 436 414
b 23 1 436 414
b 23 3 436 414
m 23 122 3 16.88888888888889 300.6666666666667 0.43674339051417255
b 27 0 66 343
m 27 38 0 66 343
m 27 71 0 66 343
m 27 100 0 66 343
m 27 159 0 66 343
b 27 1 66 343
b 27 2 66 343
m 27 38 2 66 343
m 27 71 2 66 343
m 27 100 2 66 343
m 27 108 2 66 343
m 27 159 2 66 343
b 27 3 66 343
m 27 38 3 15.555555555555557 250.66666666666669 0.5270293622306865
m 27 100 3 15.555555555555557 250.66666666666669 0.5270293622306865
m 27 159 3 15.555555555555557 250.66666666666669 0.5270293622306865
m 27 168 3 15.555555555555557 250.66666666666669 0.5270293622306865
b 33 1 273 411
m 33 54 1 273 411
m 33 117 1 273 411
b 33 2 273 411
b 37 0 413 373
b 37 1 413 373
b 37 3 413 373
b 41 0 310 411
m 41 155 0 310 411
b 41 1 310 411
m 41 155 1 310 411
b 41 2 310 411
m 41 54 2 310 411
m 41 117 2 310 411
m 41 155 2 310 411
b 41 3 310 411
m 41 155 3 16.11111111111111 268.55555555555554 0.5160275651507645
b 46 0 303 432
m 46 124 0 303 432
b 46 1 303 432
m 46 124 1 303 432
b 46 2 303 432
m 46 124 2 303 432
b 46 3 303 432
m 46 124 3 14.88888888888889 230.66666666666669 0.3860131248379852
b 48 0 465 362
b 48 1 465 362
b 48 3 465 362
b 54 0 310 456
m 54 218 0 310 456
b 54 3 310 456
m 54 218 3 16.0 265.3333333333333 0.4594764092654977
b 67 0 402 375
b 67 1 402 375
b 67 3 402 375
b 68 0 155 459
b 68 1 155 459
b 68 2 155 459
m 68 78 2 155 459
m 68 238 2 155 459
b 68 3 155 459
m 68 238 3 14.333333333333334 221.44444444444446 0.09016766492930177
b 69 2 431 348
m 69 5 2 431 348
m 69 23 2 431 348
m 69 37 2 431 348
m 69 48 2 431 348
m 69 67 2 431 348
m 69 98 2 431 348
b 87 0 80 393
m 87 22 0 80 393
m 87 36 0 80 393
m 87 76 0 80 393
m 87 154 0 80 393
m 87 158 0 80 393
b 87 1 80 393
m 87 22 1 80 393
m 87 36 1 80 393
m 87 38 1 80 393
m 87 71 1 80 393
m 87 76 1 80 393
m 87 100 1 80 393
m 87 154 1 80 393
m 87 158 1 80 393
m 87 159 1 80 393
b 87 2 80 393
b 87 3 80 393
m 87 71 3 16.444444444444443 282.6666666666667 0.6008378451692717
m 87 36 3 16.444444444444443 282.6666666666667 0.6008378451692717
m 87 76 3 16.444444444444443 282.6666666666667 0.6008378451692717
m 87 22 3 16.444444444444443 282.6666666666667 0.6008378451692717
m 87 108 3 16.444444444444443 282.6666666666667 0.6008378451692717
b 91 2 399 364
b 92 0 189 451
b 92 1 189 451
b 92 2 189 451
b 92 3 189 451
b 96 0 301 412
b 96 1 301 412
b 96 2 301 412
b 96 3 301 412
b 98 0 405 387
b 98 1 405 387
b 98 3 405 387
b 108 0 22 366
b 108 1 22 366
b 117 0 313 466
b 117 3 313 466
b 125 0 164 445
b 125 1 164 445
b 125 2 164 445
b 125 3 164 445
b 127 0 358 426
b 127 1 358 426
b 127 2 358 426
b 127 3 358 426
b 143 0 247 454
b 143 1 247 454
b 143 2 247 454
b 143 3 247 454
b 165 0 304 424
b 165 1 304 424
b 165 2 304 424
b 165 3 304 424
b 168 0 77 406
b 168 1 77 406
b 168 2 77 406
m 168 22 2 77 406
m 168 36 2 77 406
m 168 76 2 77 406
m 168 154 2 77 406
m 168 158 2 77 406
b 174 2 456 343
b 177 0 50 341
b 177 1 50 341
b 177 2 50 341
b 177 3 50 341
b 185 0 240 435
b 185 1 240 435
b 185 2 240 435
b 185 3 240 435
b 186 0 64 357
b 186 1 64 357
b 186 2 64 357
b 186 3 64 357
m 186 154 3 15.666666666666668 254.33333333333334 0.5508721839589271
b 191 1 281 409
b 191 2 281 409
b 195 0 55 350
b 195 1 55 350
b 195 2 55 350
b 195 3 55 350
b 197 0 3 287
b 197 1 3 287
b 197 2 3 287
b 197 3 3 287
b 207 3 27 296
b 214 0 222 414
b 214 1 222 414
b 214 2 222 414
b 214 3 222 414
b 232 1 332 388
b 232 2 332 388
b 232 3 332 388
b 237 0 172 441
b 237 1 172 441
b 237 2 172 441
b 237 3 172 441
b 5 2 423 411
m 5 9 2 423 411
m 5 24 2 423 411
m 5 89 2 423 411
m 5 115 2 423 411
m 5 122 2 423 411
b 9 0 482 455
m 9 181 0 482 455
m 9 217 0 482 455
b 9 1 482 455
m 9 181 1 482 455
m 9 217 1 482 455
b 22 0 67 464
m 22 160 0 67 464
m 22 234 0 67 464
b 22 1 67 464
b 22 2 67 464
m 22 160 2 67 464
m 22 234 2 67 464
b 22 3 67 464
m 22 234 3 15.8 264.4 0.03377419471588247
b 23 2 436 413
b 24 0 396 464
m 24 28 0 396 464
b 24 1 396 464
m 24 28 1 396 464
m 24 218 1 396 464
b 24 3 396 464
m 24 28 3 15.999999999999996 274.6 0.33352186223377
b 36 0 38 450
b 36 1 38 450
m 36 160 1 38 450
m 36 234 1 38 450
b 36 2 38 450
b 36 3 38 450
m 36 158 3 15.9 266.5 0.13813665530139438
b 37 2 412 373
b 38 0 8 376
b 38 1 8 376
b 38 2 8 376
b 38 3 8 376
b 48 2 464 362
b 54 1 310 457
b 54 2 310 457
b 67 2 401 376
b 71 0 38 390
b 71 1 38 390
b 71 2 38 390
b 71 3 38 390
b 76 0 39 449
b 76 1 39 449
b 76 2 39 449
b 76 3 39 449
m 76 160 3 15.9 266.5 0.13813665530139438
b 78 0 210 479
b 78 1 210 479
b 78 2 210 479
b 78 3 210 479
b 89 0 477 460
b 89 1 477 460
b 89 3 477 460
m 89 9 3 15.699999999999996 269.5 0.0885720424792383
b 98 2 406 387
b 100 0 73 407
b 100 1 73 407
b 100 2 73 407
b 100 3 73 407
b 108 2 23 367
b 108 3 23 367
b 115 0 427 470
b 115 1 427 470
b 115 3 427 470
m 115 181 3 15.999999999999996 274.6 0.33352186223377
b 117 1 313 465
b 117 2 313 465
m 117 218 2 313 465
b 122 0 444 452
b 122 1 444 452
b 122 3 444 452
m 122 217 3 16.2 280.6 0.3219952788457417
b 124 0 342 495
b 124 1 342 495
b 124 2 342 495
m 124 28 2 342 495
b 124 3 342 495
b 154 0 40 423
b 154 1 40 423
b 154 2 40 423
b 154 3 40 423
b 155 0 331 465
b 155 1 331 465
b 155 2 331 465
b 155 3 331 465
b 158 0 40 438
b 158 1 40 438
b 158 2 40 438
b 159 0 42 414
b 159 1 42 414
b 159 2 42 414
b 159 3 42 414
b 168 3 77 407
b 218 0 360 499
b 218 3 360 499
b 238 0 213 497
b 238 1 213 497
b 238 2 213 497
b 238 3 213 497
b 9 2 483 454
m 9 181 2 483 454
m 9 217 2 483 454
b 9 3 483 454
b 24 2 397 464
b 28 0 400 492
b 28 1 400 492
b 28 2 400 492
b 28 3 400 492
b 89 2 477 459
b 115 2 427 469
b 122 2 444 451
b 158 3 41 437
b 160 0 70 492
b 160 1 70 492
b 160 2 70 492
b 160 3 70 492
b 181 0 437 488
b 181 1 437 488
b 181 3 437 488
b 217 0 495 476
b 217 1 495 476
b 217 3 495 476
b 218 1 359 497
b 218 2 359 497
b 234 0 11 448
b 234 1 11 448
b 234 2 11 448
b 234 3 11 448
b 181 2 438 487
b 217 2 495 475
