Key: 
t: node change direction (node id, x, y, new direction)
s: node start location (node id, x, y, start direction, buffer)
m: message transfer (sender id, target id, messageType, sender x, sender y
b: broadcast (node id, message type, x, y)
350 80 68 134
s 0 199 24 30 0
s 1 269 477 3 0
s 2 466 341 193 0
s 3 317 177 82 0
s 4 279 28 104 0
s 5 367 482 185 0
s 6 487 278 333 0
s 7 39 204 242 0
s 8 164 256 85 0
s 9 436 65 50 0
s 10 188 308 206 0
s 11 413 4 255 0
s 12 372 176 13 0
s 13 184 258 195 0
s 14 306 264 246 0
s 15 168 499 150 0
s 16 140 209 349 0
s 17 253 57 97 0
s 18 236 453 25 0
s 19 66 469 310 0
s 20 106 413 176 0
s 21 436 72 123 0
s 22 328 78 349 0
s 23 272 64 157 0
s 24 149 116 166 0
s 25 396 397 18 0
s 26 129 17 353 0
s 27 259 365 64 0
s 28 47 197 358 0
s 29 79 83 353 0
s 30 261 289 175 0
s 31 120 345 320 0
s 32 445 407 243 0
s 33 3 151 94 0
s 34 68 134 2 0
s 35 11 0 238 0
s 36 294 355 107 0
s 37 39 48 192 0
s 38 174 255 337 0
s 39 102 483 264 0
s 40 376 308 316 0
s 41 178 135 223 0
s 42 87 226 219 0
s 43 90 55 18 0
s 44 250 47 302 0
s 45 494 330 151 0
s 46 120 490 201 0
s 47 305 330 207 0
s 48 37 376 332 0
s 49 288 316 230 0
s 50 487 242 312 0
s 51 6 398 318 0
s 52 263 341 148 0
s 53 432 353 18 0
s 54 127 189 165 0
s 55 239 100 111 0
s 56 142 371 99 0
s 57 46 117 309 0
s 58 30 421 119 0
s 59 65 2 307 0
s 60 113 402 274 0
s 61 49 192 345 0
s 62 105 187 265 0
s 63 75 362 312 0
s 64 157 22 117 0
s 65 29 359 28 0
s 66 458 408 134 0
s 67 400 233 43 0
s 68 471 366 335 0
s 69 195 80 142 0
s 70 287 216 12 0
s 71 359 230 308 0
s 72 389 324 207 0
s 73 370 204 175 0
s 74 54 153 274 0
s 75 28 409 23 0
s 76 61 140 70 0
s 77 163 286 26 0
s 78 496 474 354 0
s 79 313 173 294 0
s 80 323 177 64 0
s 81 14 96 254 0
s 82 91 187 281 0
s 83 66 153 168 0
s 84 403 476 335 0
s 85 289 394 128 0
s 86 126 136 219 0
s 87 432 65 93 0
s 88 132 265 28 0
s 89 49 300 178 0
s 90 99 431 336 0
s 91 428 179 104 0
s 92 111 292 255 0
s 93 412 173 56 0
s 94 361 61 113 0
s 95 243 160 269 0
s 96 426 212 106 0
s 97 223 302 62 0
s 98 69 392 76 0
s 99 390 295 49 0
s 100 376 330 42 0
s 101 398 338 187 0
s 102 276 77 157 0
s 103 191 336 6 0
s 104 399 185 254 0
s 105 429 416 250 0
s 106 270 169 99 0
s 107 65 4 212 0
s 108 364 398 271 0
s 109 50 128 45 0
s 110 89 351 314 0
s 111 250 65 185 0
s 112 198 225 159 0
s 113 19 97 329 0
s 114 41 341 44 0
s 115 464 238 59 0
s 116 403 22 283 0
s 117 328 257 261 0
s 118 472 472 326 0
s 119 494 197 177 0
s 120 419 220 74 0
s 121 455 71 155 0
s 122 497 436 226 0
s 123 412 364 174 0
s 124 438 496 4 0
s 125 470 411 38 0
s 126 432 3 152 0
s 127 466 256 159 0
s 128 306 60 131 0
s 129 447 26 50 0
s 130 242 290 220 0
s 131 237 233 144 0
s 132 379 429 190 0
s 133 199 101 256 0
s 134 405 392 84 0
s 135 328 92 84 0
s 136 310 125 330 0
s 137 304 232 280 0
s 138 297 250 103 0
s 139 278 177 75 0
s 140 84 8 152 0
s 141 323 291 62 0
s 142 352 228 263 0
s 143 382 349 306 0
s 144 325 411 339 0
s 145 400 71 71 0
s 146 78 279 33 0
s 147 361 466 95 0
s 148 324 327 143 0
s 149 193 361 321 0
s 150 232 499 216 0
s 151 203 323 106 0
s 152 23 191 235 0
s 153 259 95 71 0
s 154 377 167 246 0
s 155 41 370 261 0
s 156 250 267 200 0
s 157 70 75 210 0
s 158 388 79 172 0
s 159 215 429 198 0
s 160 340 251 97 0
s 161 383 363 266 0
s 162 438 156 6 0
s 163 9 111 89 0
s 164 446 13 130 0
s 165 96 373 324 0
s 166 491 355 249 0
s 167 195 105 103 0
s 168 289 373 106 0
s 169 74 407 162 0
s 170 334 429 197 0
s 171 219 90 274 0
s 172 330 438 233 0
s 173 205 384 87 0
s 174 307 471 235 0
s 175 307 115 231 0
s 176 416 340 346 0
s 177 155 325 128 0
s 178 473 30 216 0
s 179 379 409 236 0
s 180 264 209 187 0
s 181 388 256 52 0
s 182 185 343 129 0
s 183 378 332 160 0
s 184 307 374 345 0
s 185 64 118 13 0
s 186 202 404 205 0
s 187 111 344 270 0
s 188 350 80 245 0
s 189 406 432 270 0
s 190 296 188 239 0
s 191 281 219 146 0
s 192 210 67 211 0
s 193 474 6 180 0
s 194 91 388 114 0
s 195 169 33 306 0
s 196 50 476 14 0
s 197 133 223 303 0
s 198 259 450 324 0
s 199 392 322 320 0
s 200 451 427 77 0
s 201 190 91 206 0
s 202 93 74 116 0
s 203 281 278 227 0
s 204 349 100 322 0
s 205 349 61 166 0
s 206 430 130 245 0
s 207 217 259 314 0
s 208 443 372 158 0
s 209 198 358 340 0
s 210 435 142 65 0
s 211 248 484 162 0
s 212 334 395 223 0
s 213 423 22 103 0
s 214 251 157 79 0
s 215 420 272 283 0
s 216 214 42 283 0
s 217 378 129 152 0
s 218 183 326 86 0
s 219 110 377 271 0
s 220 193 354 75 0
s 221 461 271 314 0
s 222 176 41 64 0
s 223 98 55 147 0
s 224 12 496 1 0
s 225 9 202 114 0
s 226 69 352 288 0
s 227 282 277 141 0
s 228 219 268 226 0
s 229 110 249 225 0
s 230 334 202 197 0
s 231 287 194 101 0
s 232 162 447 21 0
s 233 324 62 238 0
s 234 297 288 110 0
s 235 188 319 157 0
s 236 89 134 267 0
s 237 332 11 229 0
s 238 178 479 173 0
s 239 273 180 330 0
b 188 0 345 68
m 188 22 0 345 68
m 188 94 0 345 68
m 188 128 0 345 68
m 188 135 0 345 68
m 188 136 0 345 68
m 188 145 0 345 68
m 188 158 0 345 68
m 188 175 0 345 68
m 188 204 0 345 68
m 188 205 0 345 68
m 188 217 0 345 68
m 188 233 0 345 68
b 188 1 345 68
m 188 22 1 345 68
m 188 94 1 345 68
m 188 128 1 345 68
m 188 135 1 345 68
m 188 136 1 345 68
m 188 145 1 345 68
m 188 158 1 345 68
m 188 175 1 345 68
m 188 204 1 345 68
m 188 205 1 345 68
m 188 217 1 345 68
m 188 233 1 345 68
b 188 2 345 68
m 188 22 2 345 68
m 188 94 2 345 68
m 188 128 2 345 68
m 188 135 2 345 68
m 188 136 2 345 68
m 188 145 2 345 68
m 188 158 2 345 68
m 188 175 2 345 68
m 188 204 2 345 68
m 188 205 2 345 68
m 188 217 2 345 68
m 188 233 2 345 68
b 188 3 345 68
m 188 22 3 13.0 169.0 1.0
m 188 94 3 13.0 169.0 1.0
m 188 128 3 13.0 169.0 1.0
m 188 135 3 13.0 169.0 1.0
m 188 136 3 13.0 169.0 1.0
m 188 145 3 13.0 169.0 1.0
m 188 158 3 13.0 169.0 1.0
m 188 175 3 13.0 169.0 1.0
m 188 204 3 13.0 169.0 1.0
m 188 205 3 13.0 169.0 1.0
m 188 217 3 13.0 169.0 1.0
m 188 233 3 13.0 169.0 1.0
b 22 0 353 73
m 22 4 0 353 73
b 22 1 353 73
m 22 4 1 353 73
b 22 2 353 73
m 22 4 2 353 73
b 22 3 353 73
m 22 4 3 9.0 113.0 1.0
b 94 0 352 84
m 94 21 0 352 84
m 94 213 0 352 84
b 94 1 352 84
m 94 21 1 352 84
m 94 213 1 352 84
b 94 2 352 84
m 94 21 2 352 84
m 94 213 2 352 84
b 94 3 352 84
m 94 21 3 9.333333333333332 114.0 0.5
m 94 213 3 9.333333333333332 114.0 0.5
b 128 0 289 79
m 128 4 0 289 79
m 128 17 0 289 79
m 128 23 0 289 79
m 128 44 0 289 79
m 128 102 0 289 79
m 128 153 0 289 79
m 128 237 0 289 79
b 128 1 289 79
m 128 4 1 289 79
m 128 17 1 289 79
m 128 23 1 289 79
m 128 44 1 289 79
m 128 102 1 289 79
m 128 153 1 289 79
m 128 237 1 289 79
b 128 2 289 79
m 128 4 2 289 79
m 128 17 2 289 79
m 128 23 2 289 79
m 128 44 2 289 79
m 128 102 2 289 79
m 128 153 2 289 79
m 128 237 2 289 79
b 128 3 289 79
m 128 4 3 11.333333333333332 134.0 0.5343137254901957
m 128 237 3 11.333333333333332 134.0 0.5343137254901957
m 128 44 3 11.333333333333332 134.0 0.5343137254901957
m 128 153 3 11.333333333333332 134.0 0.5343137254901957
b 135 0 330 117
m 135 79 0 330 117
m 135 102 0 330 117
m 135 153 0 330 117
m 135 154 0 330 117
b 135 1 330 117
m 135 79 1 330 117
m 135 102 1 330 117
m 135 153 1 330 117
m 135 154 1 330 117
b 135 2 330 117
b 135 3 330 117
m 135 79 3 10.0 118.0 0.25
m 135 102 3 10.0 118.0 0.25
b 136 0 331 113
m 136 79 0 331 113
m 136 102 0 331 113
m 136 153 0 331 113
m 136 190 0 331 113
m 136 239 0 331 113
b 136 1 331 113
m 136 79 1 331 113
m 136 102 1 331 113
m 136 153 1 331 113
m 136 190 1 331 113
m 136 239 1 331 113
b 136 2 331 113
b 136 3 331 113
m 136 79 3 11.333333333333332 134.0 0.5343137254901957
m 136 102 3 11.333333333333332 134.0 0.5343137254901957
m 136 190 3 11.333333333333332 134.0 0.5343137254901957
b 145 0 408 95
m 145 9 0 408 95
m 145 21 0 408 95
m 145 87 0 408 95
m 145 121 0 408 95
m 145 206 0 408 95
m 145 213 0 408 95
b 145 1 408 95
m 145 9 1 408 95
m 145 21 1 408 95
m 145 87 1 408 95
m 145 121 1 408 95
m 145 206 1 408 95
m 145 213 1 408 95
b 145 2 408 95
m 145 9 2 408 95
m 145 21 2 408 95
m 145 87 2 408 95
m 145 121 2 408 95
m 145 206 2 408 95
m 145 213 2 408 95
b 145 3 408 95
m 145 21 3 11.333333333333332 134.0 0.5343137254901957
m 145 9 3 11.333333333333332 134.0 0.5343137254901957
m 145 87 3 11.333333333333332 134.0 0.5343137254901957
m 145 121 3 11.333333333333332 134.0 0.5343137254901957
b 158 0 363 83
m 158 21 0 363 83
m 158 87 0 363 83
m 158 121 0 363 83
m 158 154 0 363 83
m 158 206 0 363 83
m 158 213 0 363 83
b 158 1 363 83
b 158 2 363 83
b 158 3 363 83
m 158 21 3 11.0 129.0 0.3398268398268398
m 158 121 3 11.0 129.0 0.3398268398268398
b 175 0 291 95
m 175 4 0 291 95
m 175 17 0 291 95
m 175 23 0 291 95
m 175 55 0 291 95
m 175 79 0 291 95
m 175 95 0 291 95
m 175 102 0 291 95
m 175 153 0 291 95
b 175 1 291 95
m 175 4 1 291 95
m 175 17 1 291 95
m 175 23 1 291 95
m 175 55 1 291 95
m 175 79 1 291 95
m 175 95 1 291 95
m 175 102 1 291 95
m 175 153 1 291 95
b 175 2 291 95
m 175 4 2 291 95
m 175 17 2 291 95
m 175 23 2 291 95
m 175 55 2 291 95
m 175 79 2 291 95
m 175 95 2 291 95
m 175 102 2 291 95
m 175 153 2 291 95
b 175 3 291 95
m 175 55 3 12.333333333333332 153.0 0.8767403767403767
m 175 79 3 12.333333333333332 153.0 0.8767403767403767
m 175 95 3 12.333333333333332 153.0 0.8767403767403767
m 175 23 3 12.333333333333332 153.0 0.8767403767403767
m 175 17 3 12.333333333333332 153.0 0.8767403767403767
m 175 4 3 12.333333333333332 153.0 0.8767403767403767
m 175 102 3 12.333333333333332 153.0 0.8767403767403767
m 175 153 3 12.333333333333332 153.0 0.8767403767403767
b 204 0 368 85
m 204 21 0 368 85
m 204 154 0 368 85
b 204 1 368 85
b 204 2 368 85
m 204 21 2 368 85
m 204 154 2 368 85
b 204 3 368 85
m 204 21 3 10.0 118.0 0.25
b 205 0 325 67
m 205 4 0 325 67
m 205 102 0 325 67
m 205 237 0 325 67
b 205 1 325 67
b 205 2 325 67
m 205 4 2 325 67
m 205 102 2 325 67
m 205 237 2 325 67
b 205 3 325 67
m 205 4 3 9.666666666666666 115.66666666666667 0.3333333333333333
b 217 0 356 140
m 217 3 0 356 140
m 217 12 0 356 140
m 217 73 0 356 140
m 217 79 0 356 140
m 217 80 0 356 140
m 217 93 0 356 140
m 217 104 0 356 140
m 217 154 0 356 140
m 217 206 0 356 140
b 217 1 356 140
m 217 3 1 356 140
m 217 12 1 356 140
m 217 73 1 356 140
m 217 79 1 356 140
m 217 80 1 356 140
m 217 93 1 356 140
m 217 104 1 356 140
m 217 154 1 356 140
m 217 206 1 356 140
b 217 2 356 140
b 217 3 356 140
m 217 73 3 11.666666666666666 139.66666666666669 0.679365079365079
m 217 93 3 11.666666666666666 139.66666666666669 0.679365079365079
m 217 79 3 11.666666666666666 139.66666666666669 0.679365079365079
m 217 206 3 11.666666666666666 139.66666666666669 0.679365079365079
m 217 80 3 11.666666666666666 139.66666666666669 0.679365079365079
m 217 104 3 11.666666666666666 139.66666666666669 0.679365079365079
m 217 12 3 11.666666666666666 139.66666666666669 0.679365079365079
b 233 0 310 41
m 233 4 0 310 41
m 233 23 0 310 41
m 233 44 0 310 41
m 233 102 0 310 41
m 233 237 0 310 41
b 233 1 310 41
m 233 4 1 310 41
m 233 23 1 310 41
m 233 44 1 310 41
m 233 102 1 310 41
m 233 237 1 310 41
b 233 2 310 41
m 233 4 2 310 41
m 233 23 2 310 41
m 233 44 2 310 41
m 233 102 2 310 41
m 233 237 2 310 41
b 233 3 310 41
m 233 4 3 10.666666666666666 124.66666666666667 0.07031250000000022
b 3 0 322 214
m 3 14 0 322 214
m 3 70 0 322 214
m 3 71 0 322 214
m 3 106 0 322 214
m 3 117 0 322 214
m 3 137 0 322 214
m 3 139 0 322 214
m 3 142 0 322 214
m 3 230 0 322 214
m 3 231 0 322 214
b 3 1 322 214
m 3 14 1 322 214
m 3 70 1 322 214
m 3 71 1 322 214
m 3 106 1 322 214
m 3 117 1 322 214
m 3 137 1 322 214
m 3 139 1 322 214
m 3 142 1 322 214
m 3 230 1 322 214
m 3 231 1 322 214
b 4 0 270 64
m 4 0 0 270 64
m 4 111 0 270 64
m 4 171 0 270 64
m 4 216 0 270 64
b 4 1 270 64
m 4 0 1 270 64
m 4 111 1 270 64
m 4 171 1 270 64
m 4 216 1 270 64
b 4 2 270 64
m 4 0 2 270 64
m 4 111 2 270 64
m 4 171 2 270 64
m 4 216 2 270 64
b 4 3 270 64
m 4 0 3 7.75 88.75 1.0
m 4 111 3 7.75 88.75 1.0
m 4 171 3 7.75 88.75 1.0
m 4 216 3 7.75 88.75 1.0
b 9 0 460 94
m 9 11 0 460 94
m 9 129 0 460 94
m 9 162 0 460 94
m 9 164 0 460 94
m 9 178 0 460 94
b 9 1 460 94
m 9 11 1 460 94
m 9 129 1 460 94
m 9 162 1 460 94
m 9 164 1 460 94
m 9 178 1 460 94
b 9 2 460 94
m 9 11 2 460 94
m 9 129 2 460 94
m 9 162 2 460 94
m 9 164 2 460 94
m 9 178 2 460 94
b 9 3 460 94
m 9 129 3 9.75 106.75 0.2828229173497715
m 9 11 3 9.75 106.75 0.2828229173497715
b 12 0 408 185
m 12 67 0 408 185
m 12 71 0 408 185
m 12 91 0 408 185
m 12 96 0 408 185
m 12 119 0 408 185
m 12 120 0 408 185
m 12 142 0 408 185
m 12 162 0 408 185
m 12 210 0 408 185
m 12 215 0 408 185
b 12 1 408 185
m 12 67 1 408 185
m 12 71 1 408 185
m 12 91 1 408 185
m 12 96 1 408 185
m 12 119 1 408 185
m 12 120 1 408 185
m 12 142 1 408 185
m 12 162 1 408 185
m 12 210 1 408 185
m 12 215 1 408 185
b 12 3 408 185
m 12 71 3 11.5 135.0 0.814654895225547
m 12 67 3 11.5 135.0 0.814654895225547
m 12 120 3 11.5 135.0 0.814654895225547
m 12 162 3 11.5 135.0 0.814654895225547
m 12 154 3 11.5 135.0 0.814654895225547
m 12 96 3 11.5 135.0 0.814654895225547
m 12 142 3 11.5 135.0 0.814654895225547
m 12 215 3 11.5 135.0 0.814654895225547
m 12 119 3 11.5 135.0 0.814654895225547
b 17 0 249 94
m 17 0 0 249 94
m 17 111 0 249 94
m 17 133 0 249 94
m 17 171 0 249 94
m 17 192 0 249 94
m 17 216 0 249 94
m 17 222 0 249 94
b 17 1 249 94
m 17 0 1 249 94
m 17 111 1 249 94
m 17 133 1 249 94
m 17 171 1 249 94
m 17 192 1 249 94
m 17 216 1 249 94
m 17 222 1 249 94
b 17 2 249 94
m 17 0 2 249 94
m 17 111 2 249 94
m 17 133 2 249 94
m 17 171 2 249 94
m 17 192 2 249 94
m 17 216 2 249 94
m 17 222 2 249 94
b 17 3 249 94
m 17 192 3 11.0 127.0 0.4796250673027925
m 17 133 3 11.0 127.0 0.4796250673027925
m 17 222 3 11.0 127.0 0.4796250673027925
m 17 111 3 11.0 127.0 0.4796250673027925
b 21 0 416 103
m 21 164 0 416 103
b 21 1 416 103
m 21 164 1 416 103
b 21 2 416 103
m 21 164 2 416 103
b 21 3 416 103
m 21 164 3 7.749999999999999 87.75 0.6931717005684542
b 23 0 238 78
m 23 0 0 238 78
m 23 111 0 238 78
m 23 133 0 238 78
m 23 171 0 238 78
m 23 216 0 238 78
m 23 222 0 238 78
b 23 1 238 78
m 23 0 1 238 78
m 23 111 1 238 78
m 23 133 1 238 78
m 23 171 1 238 78
m 23 216 1 238 78
m 23 222 1 238 78
b 23 2 238 78
b 23 3 238 78
m 23 133 3 11.0 127.0 0.4796250673027925
m 23 222 3 11.0 127.0 0.4796250673027925
m 23 111 3 11.0 127.0 0.4796250673027925
b 44 0 270 15
m 44 0 0 270 15
m 44 111 0 270 15
m 44 171 0 270 15
m 44 216 0 270 15
b 44 1 270 15
m 44 0 1 270 15
m 44 111 1 270 15
m 44 171 1 270 15
m 44 216 1 270 15
b 44 2 270 15
m 44 0 2 270 15
m 44 111 2 270 15
m 44 171 2 270 15
m 44 216 2 270 15
b 44 3 270 15
m 44 0 3 9.5 104.5 0.0813086104006822
b 55 0 226 134
m 55 69 0 226 134
m 55 111 0 226 134
m 55 133 0 226 134
m 55 167 0 226 134
m 55 171 0 226 134
m 55 214 0 226 134
m 55 222 0 226 134
b 55 1 226 134
b 55 2 226 134
m 55 69 2 226 134
m 55 111 2 226 134
m 55 133 2 226 134
m 55 167 2 226 134
m 55 171 2 226 134
m 55 214 2 226 134
m 55 222 2 226 134
b 55 3 226 134
m 55 111 3 11.25 130.75 0.6307429090012029
m 55 171 3 11.25 130.75 0.6307429090012029
m 55 133 3 11.25 130.75 0.6307429090012029
m 55 222 3 11.25 130.75 0.6307429090012029
m 55 167 3 11.25 130.75 0.6307429090012029
m 55 69 3 11.25 130.75 0.6307429090012029
b 73 0 333 207
m 73 14 0 333 207
m 73 70 0 333 207
m 73 71 0 333 207
m 73 117 0 333 207
m 73 137 0 333 207
m 73 139 0 333 207
m 73 142 0 333 207
m 73 230 0 333 207
m 73 231 0 333 207
b 73 1 333 207
m 73 14 1 333 207
m 73 70 1 333 207
m 73 71 1 333 207
m 73 117 1 333 207
m 73 137 1 333 207
m 73 139 1 333 207
m 73 142 1 333 207
m 73 230 1 333 207
m 73 231 1 333 207
b 73 3 333 207
m 73 3 3 12.0 147.0 0.8764585241147738
m 73 154 3 12.0 147.0 0.8764585241147738
m 73 231 3 12.0 147.0 0.8764585241147738
m 73 239 3 12.0 147.0 0.8764585241147738
m 73 71 3 12.0 147.0 0.8764585241147738
m 73 14 3 12.0 147.0 0.8764585241147738
m 73 139 3 12.0 147.0 0.8764585241147738
m 73 230 3 12.0 147.0 0.8764585241147738
m 73 137 3 12.0 147.0 0.8764585241147738
m 73 142 3 12.0 147.0 0.8764585241147738
m 73 70 3 12.0 147.0 0.8764585241147738
b 79 0 328 140
m 79 106 0 328 140
m 79 137 0 328 140
m 79 139 0 328 140
m 79 142 0 328 140
m 79 230 0 328 140
b 79 1 328 140
m 79 106 1 328 140
m 79 137 1 328 140
m 79 139 1 328 140
m 79 142 1 328 140
m 79 230 1 328 140
b 79 2 328 140
b 79 3 328 140
m 79 3 3 9.75 108.75 0.39553656220322886
m 79 142 3 9.75 108.75 0.39553656220322886
m 79 106 3 9.75 108.75 0.39553656220322886
m 79 154 3 9.75 108.75 0.39553656220322886
b 80 0 339 210
m 80 14 0 339 210
m 80 70 0 339 210
m 80 71 0 339 210
m 80 117 0 339 210
m 80 137 0 339 210
m 80 139 0 339 210
m 80 142 0 339 210
m 80 230 0 339 210
m 80 231 0 339 210
b 80 1 339 210
m 80 14 1 339 210
m 80 70 1 339 210
m 80 71 1 339 210
m 80 117 1 339 210
m 80 137 1 339 210
m 80 139 1 339 210
m 80 142 1 339 210
m 80 230 1 339 210
m 80 231 1 339 210
b 80 3 339 210
m 80 3 3 12.0 147.0 0.8764585241147738
m 80 154 3 12.0 147.0 0.8764585241147738
m 80 231 3 12.0 147.0 0.8764585241147738
m 80 239 3 12.0 147.0 0.8764585241147738
m 80 139 3 12.0 147.0 0.8764585241147738
m 80 14 3 12.0 147.0 0.8764585241147738
m 80 230 3 12.0 147.0 0.8764585241147738
m 80 71 3 12.0 147.0 0.8764585241147738
m 80 137 3 12.0 147.0 0.8764585241147738
m 80 142 3 12.0 147.0 0.8764585241147738
m 80 70 3 12.0 147.0 0.8764585241147738
b 87 0 430 102
m 87 11 0 430 102
m 87 129 0 430 102
m 87 164 0 430 102
b 87 1 430 102
m 87 11 1 430 102
m 87 129 1 430 102
m 87 164 1 430 102
b 87 2 430 102
m 87 11 2 430 102
m 87 129 2 430 102
m 87 164 2 430 102
b 87 3 430 102
m 87 11 3 9.25 102.75 0.3333333333333333
b 93 0 432 204
m 93 67 0 432 204
m 93 71 0 432 204
m 93 91 0 432 204
m 93 96 0 432 204
m 93 119 0 432 204
m 93 120 0 432 204
m 93 162 0 432 204
m 93 210 0 432 204
m 93 215 0 432 204
b 93 1 432 204
m 93 67 1 432 204
m 93 71 1 432 204
m 93 91 1 432 204
m 93 96 1 432 204
m 93 119 1 432 204
m 93 120 1 432 204
m 93 162 1 432 204
m 93 210 1 432 204
m 93 215 1 432 204
b 93 3 432 204
m 93 91 3 11.5 135.0 0.814654895225547
m 93 162 3 11.5 135.0 0.814654895225547
m 93 96 3 11.5 135.0 0.814654895225547
m 93 67 3 11.5 135.0 0.814654895225547
m 93 119 3 11.5 135.0 0.814654895225547
m 93 120 3 11.5 135.0 0.814654895225547
m 93 210 3 11.5 135.0 0.814654895225547
m 93 71 3 11.5 135.0 0.814654895225547
b 95 0 243 123
m 95 106 0 243 123
m 95 111 0 243 123
m 95 167 0 243 123
m 95 180 0 243 123
m 95 214 0 243 123
b 95 1 243 123
b 95 2 243 123
b 95 3 243 123
m 95 106 3 11.0 127.0 0.4796250673027925
m 95 180 3 11.0 127.0 0.4796250673027925
m 95 239 3 11.0 127.0 0.4796250673027925
b 102 0 242 92
m 102 0 0 242 92
m 102 111 0 242 92
m 102 133 0 242 92
m 102 171 0 242 92
m 102 222 0 242 92
b 102 1 242 92
m 102 0 1 242 92
m 102 111 1 242 92
m 102 133 1 242 92
m 102 171 1 242 92
m 102 222 1 242 92
b 102 2 242 92
b 102 3 242 92
m 102 133 3 9.0 97.5 0.3482510288065844
m 102 222 3 9.0 97.5 0.3482510288065844
m 102 111 3 9.0 97.5 0.3482510288065844
b 104 0 389 149
m 104 71 0 389 149
m 104 91 0 389 149
m 104 142 0 389 149
m 104 210 0 389 149
b 104 1 389 149
m 104 71 1 389 149
m 104 91 1 389 149
m 104 142 1 389 149
m 104 210 1 389 149
b 104 3 389 149
m 104 91 3 10.25 113.75000000000001 0.42084906116918297
m 104 210 3 10.25 113.75000000000001 0.42084906116918297
b 121 0 422 86
m 121 11 0 422 86
m 121 126 0 422 86
m 121 129 0 422 86
m 121 164 0 422 86
m 121 178 0 422 86
b 121 1 422 86
m 121 11 1 422 86
m 121 126 1 422 86
m 121 129 1 422 86
m 121 164 1 422 86
m 121 178 1 422 86
b 121 2 422 86
b 121 3 422 86
m 121 126 3 9.75 106.75 0.2828229173497715
m 121 129 3 9.75 106.75 0.2828229173497715
b 153 0 271 130
m 153 106 0 271 130
m 153 214 0 271 130
b 153 1 271 130
m 153 106 1 271 130
m 153 214 1 271 130
b 153 2 271 130
m 153 106 2 271 130
m 153 190 2 271 130
m 153 214 2 271 130
m 153 239 2 271 130
b 153 3 271 130
m 153 214 3 9.75 106.75 0.2828229173497715
b 154 0 362 133
m 154 71 0 362 133
m 154 142 0 362 133
b 154 1 362 133
m 154 71 1 362 133
m 154 142 1 362 133
b 154 2 362 133
b 190 0 277 157
m 190 70 0 277 157
m 190 106 0 277 157
m 190 137 0 277 157
m 190 139 0 277 157
m 190 180 0 277 157
m 190 214 0 277 157
m 190 230 0 277 157
m 190 231 0 277 157
b 190 1 277 157
m 190 70 1 277 157
m 190 106 1 277 157
m 190 137 1 277 157
m 190 139 1 277 157
m 190 180 1 277 157
m 190 214 1 277 157
m 190 230 1 277 157
m 190 231 1 277 157
b 190 3 277 157
m 190 139 3 11.25 130.75 0.6872630826595018
m 190 70 3 11.25 130.75 0.6872630826595018
m 190 180 3 11.25 130.75 0.6872630826595018
m 190 231 3 11.25 130.75 0.6872630826595018
m 190 214 3 11.25 130.75 0.6872630826595018
m 190 106 3 11.25 130.75 0.6872630826595018
m 190 230 3 11.25 130.75 0.6872630826595018
b 206 0 415 96
m 206 162 0 415 96
m 206 210 0 415 96
b 206 1 415 96
m 206 162 1 415 96
m 206 210 1 415 96
b 206 2 415 96
b 206 3 415 96
m 206 162 3 9.75 108.75000000000001 0.25
m 206 210 3 9.75 108.75000000000001 0.25
b 213 0 414 58
m 213 11 0 414 58
m 213 116 0 414 58
m 213 126 0 414 58
m 213 129 0 414 58
m 213 164 0 414 58
m 213 178 0 414 58
m 213 193 0 414 58
b 213 1 414 58
b 213 2 414 58
b 213 3 414 58
m 213 129 3 8.75 97.75 0.8704276615104641
m 213 178 3 8.75 97.75 0.8704276615104641
m 213 193 3 8.75 97.75 0.8704276615104641
m 213 116 3 8.75 97.75 0.8704276615104641
m 213 126 3 8.75 97.75 0.8704276615104641
m 213 164 3 8.75 97.75 0.8704276615104641
m 213 11 3 8.75 97.75 0.8704276615104641
b 237 0 342 11
b 237 1 342 11
b 237 2 342 11
b 237 3 342 11
b 239 0 305 161
m 239 70 0 305 161
m 239 106 0 305 161
m 239 117 0 305 161
m 239 137 0 305 161
m 239 139 0 305 161
m 239 180 0 305 161
m 239 214 0 305 161
m 239 230 0 305 161
m 239 231 0 305 161
b 239 1 305 161
m 239 70 1 305 161
m 239 106 1 305 161
m 239 117 1 305 161
m 239 137 1 305 161
m 239 139 1 305 161
m 239 180 1 305 161
m 239 214 1 305 161
m 239 230 1 305 161
m 239 231 1 305 161
b 0 0 242 49
m 0 26 0 242 49
m 0 195 0 242 49
b 0 1 242 49
m 0 26 1 242 49
m 0 195 1 242 49
b 0 2 242 49
b 0 3 242 49
m 0 195 3 6.6000000000000005 71.8 0.10961466517022056
b 3 3 324 226
m 3 117 3 9.799999999999999 117.8 1.0
b 11 0 440 36
b 11 1 440 36
m 11 116 1 440 36
m 11 193 1 440 36
b 11 2 440 36
b 11 3 440 36
b 14 0 286 219
m 14 49 0 286 219
m 14 138 0 286 219
m 14 160 0 286 219
m 14 191 0 286 219
m 14 203 0 286 219
m 14 207 0 286 219
b 14 1 286 219
m 14 49 1 286 219
m 14 138 1 286 219
m 14 160 1 286 219
m 14 191 1 286 219
m 14 203 1 286 219
m 14 207 1 286 219
b 14 3 286 219
m 14 117 3 11.0 127.39999999999999 0.2218843917326061
m 14 49 3 11.0 127.39999999999999 0.2218843917326061
b 67 0 436 267
m 67 2 0 436 267
m 67 6 0 436 267
m 67 40 0 436 267
m 67 99 0 436 267
m 67 115 0 436 267
m 67 127 0 436 267
m 67 143 0 436 267
m 67 181 0 436 267
m 67 199 0 436 267
m 67 221 0 436 267
b 67 1 436 267
m 67 2 1 436 267
m 67 6 1 436 267
m 67 40 1 436 267
m 67 99 1 436 267
m 67 115 1 436 267
m 67 127 1 436 267
m 67 143 1 436 267
m 67 181 1 436 267
m 67 199 1 436 267
m 67 221 1 436 267
b 67 3 436 267
m 67 99 3 11.2 128.0 0.7591038182173966
m 67 221 3 11.2 128.0 0.7591038182173966
m 67 115 3 11.2 128.0 0.7591038182173966
m 67 143 3 11.2 128.0 0.7591038182173966
m 67 127 3 11.2 128.0 0.7591038182173966
m 67 6 3 11.2 128.0 0.7591038182173966
m 67 181 3 11.2 128.0 0.7591038182173966
m 67 2 3 11.2 128.0 0.7591038182173966
b 69 0 156 110
m 69 34 0 156 110
b 69 2 156 110
b 69 3 156 110
m 69 34 3 11.25 130.75 -1.0
b 70 0 335 226
b 70 1 335 226
b 70 3 335 226
m 70 117 3 10.4 120.8 0.25
b 71 0 389 192
b 71 1 389 192
b 71 3 389 192
b 91 0 417 227
m 91 6 0 417 227
m 91 127 0 417 227
b 91 1 417 227
m 91 6 1 417 227
m 91 127 1 417 227
b 91 3 417 227
b 96 0 412 259
m 96 6 0 412 259
m 96 40 0 412 259
m 96 115 0 412 259
m 96 127 0 412 259
m 96 143 0 412 259
m 96 181 0 412 259
m 96 199 0 412 259
b 96 1 412 259
m 96 6 1 412 259
m 96 40 1 412 259
m 96 115 1 412 259
m 96 127 1 412 259
m 96 143 1 412 259
m 96 181 1 412 259
m 96 199 1 412 259
b 96 3 412 259
m 96 40 3 10.799999999999999 120.8 0.5669388514925277
m 96 6 3 10.799999999999999 120.8 0.5669388514925277
m 96 127 3 10.799999999999999 120.8 0.5669388514925277
m 96 143 3 10.799999999999999 120.8 0.5669388514925277
b 106 0 262 217
m 106 38 0 262 217
m 106 156 0 262 217
m 106 191 0 262 217
m 106 203 0 262 217
m 106 207 0 262 217
b 106 1 262 217
m 106 38 1 262 217
m 106 156 1 262 217
m 106 191 1 262 217
m 106 203 1 262 217
m 106 207 1 262 217
b 106 2 262 217
m 106 3 2 262 217
m 106 14 2 262 217
m 106 38 2 262 217
m 106 70 2 262 217
m 106 73 2 262 217
m 106 117 2 262 217
m 106 137 2 262 217
m 106 139 2 262 217
m 106 156 2 262 217
m 106 180 2 262 217
m 106 191 2 262 217
m 106 203 2 262 217
m 106 207 2 262 217
m 106 230 2 262 217
m 106 231 2 262 217
b 106 3 262 217
m 106 191 3 9.0 94.2 0.23792123514345737
m 106 38 3 9.0 94.2 0.23792123514345737
b 111 0 201 61
m 111 26 0 201 61
m 111 64 0 201 61
m 111 201 0 201 61
b 111 1 201 61
m 111 26 1 201 61
m 111 64 1 201 61
m 111 69 1 201 61
m 111 201 1 201 61
b 111 2 201 61
m 111 26 2 201 61
m 111 64 2 201 61
m 111 201 2 201 61
b 111 3 201 61
m 111 26 3 7.0 74.2 1.0
m 111 64 3 7.0 74.2 1.0
m 111 201 3 7.0 74.2 1.0
b 116 0 407 28
b 116 3 407 28
b 117 0 320 208
m 117 203 0 320 208
b 117 1 320 208
m 117 203 1 320 208
b 119 0 445 200
m 119 6 0 445 200
m 119 50 0 445 200
m 119 221 0 445 200
b 119 1 445 200
m 119 6 1 445 200
m 119 50 1 445 200
m 119 221 1 445 200
b 119 3 445 200
m 119 221 3 10.0 111.2 0.25
b 120 0 432 267
m 120 6 0 432 267
m 120 40 0 432 267
m 120 99 0 432 267
m 120 115 0 432 267
m 120 127 0 432 267
m 120 143 0 432 267
m 120 181 0 432 267
m 120 199 0 432 267
m 120 221 0 432 267
b 120 1 432 267
m 120 6 1 432 267
m 120 40 1 432 267
m 120 99 1 432 267
m 120 115 1 432 267
m 120 127 1 432 267
m 120 143 1 432 267
m 120 181 1 432 267
m 120 199 1 432 267
m 120 221 1 432 267
b 120 3 432 267
m 120 40 3 11.0 124.2 0.6751777683146862
m 120 6 3 11.0 124.2 0.6751777683146862
m 120 127 3 11.0 124.2 0.6751777683146862
m 120 221 3 11.0 124.2 0.6751777683146862
m 120 143 3 11.0 124.2 0.6751777683146862
m 120 99 3 11.0 124.2 0.6751777683146862
m 120 181 3 11.0 124.2 0.6751777683146862
b 126 0 389 26
b 126 1 389 26
m 126 116 1 389 26
m 126 193 1 389 26
b 126 3 389 26
b 129 0 479 63
b 129 1 479 63
b 129 2 479 63
b 129 3 479 63
b 133 0 187 53
m 133 26 0 187 53
m 133 43 0 187 53
m 133 64 0 187 53
m 133 195 0 187 53
m 133 201 0 187 53
b 133 1 187 53
m 133 26 1 187 53
m 133 43 1 187 53
m 133 64 1 187 53
m 133 69 1 187 53
m 133 195 1 187 53
m 133 201 1 187 53
b 133 2 187 53
b 133 3 187 53
m 133 26 3 10.200000000000001 111.39999999999999 0.5080004516090768
m 133 64 3 10.200000000000001 111.39999999999999 0.5080004516090768
b 137 0 312 184
b 137 1 312 184
b 137 3 312 184
m 137 117 3 9.799999999999999 117.8 1.0
b 139 0 290 225
m 139 191 0 290 225
m 139 203 0 290 225
m 139 207 0 290 225
b 139 1 290 225
m 139 191 1 290 225
m 139 203 1 290 225
m 139 207 1 290 225
b 139 3 290 225
m 139 117 3 10.6 122.6 0.2
b 142 0 346 179
b 142 1 346 179
b 142 3 346 179
m 142 117 3 9.399999999999999 108.2 1.0
b 154 3 357 122
b 162 0 487 161
m 162 50 0 487 161
b 162 1 487 161
m 162 50 1 487 161
b 162 2 487 161
m 162 50 2 487 161
m 162 93 2 487 161
m 162 119 2 487 161
m 162 210 2 487 161
b 162 3 487 161
m 162 50 3 9.399999999999999 108.2 1.0
b 164 0 414 51
b 164 1 414 51
m 164 116 1 414 51
m 164 193 1 414 51
b 164 2 414 51
m 164 116 2 414 51
m 164 126 2 414 51
m 164 193 2 414 51
b 164 3 414 51
b 167 0 184 153
m 167 34 0 184 153
b 167 2 184 153
m 167 34 2 184 153
b 167 3 184 153
m 167 34 3 11.25 130.75 -1.0
b 171 0 222 42
m 171 26 0 222 42
m 171 195 0 222 42
m 171 201 0 222 42
b 171 1 222 42
m 171 26 1 222 42
m 171 195 1 222 42
m 171 201 1 222 42
b 171 2 222 42
m 171 26 2 222 42
m 171 195 2 222 42
m 171 201 2 222 42
b 171 3 222 42
m 171 201 3 6.8 72.8 0.7618010167029774
m 171 195 3 6.8 72.8 0.7618010167029774
m 171 26 3 6.8 72.8 0.7618010167029774
b 178 0 433 1
b 178 1 433 1
b 178 2 433 1
m 178 116 2 433 1
m 178 126 2 433 1
m 178 193 2 433 1
b 178 3 433 1
b 180 0 215 203
m 180 16 0 215 203
m 180 38 0 215 203
m 180 130 0 215 203
m 180 131 0 215 203
m 180 156 0 215 203
m 180 191 0 215 203
m 180 197 0 215 203
m 180 203 0 215 203
m 180 207 0 215 203
m 180 228 0 215 203
b 180 1 215 203
m 180 16 1 215 203
m 180 38 1 215 203
m 180 130 1 215 203
m 180 131 1 215 203
m 180 156 1 215 203
m 180 167 1 215 203
m 180 191 1 215 203
m 180 197 1 215 203
m 180 203 1 215 203
m 180 207 1 215 203
m 180 228 1 215 203
b 180 3 215 203
m 180 16 3 11.0 125.8 0.657191589084798
m 180 131 3 11.0 125.8 0.657191589084798
m 180 197 3 11.0 125.8 0.657191589084798
m 180 130 3 11.0 125.8 0.657191589084798
m 180 191 3 11.0 125.8 0.657191589084798
m 180 203 3 11.0 125.8 0.657191589084798
m 180 156 3 11.0 125.8 0.657191589084798
b 190 2 271 146
m 190 137 2 271 146
m 190 139 2 271 146
m 190 180 2 271 146
m 190 230 2 271 146
b 192 0 168 41
m 192 26 0 168 41
m 192 29 0 168 41
m 192 41 0 168 41
m 192 43 0 168 41
m 192 64 0 168 41
m 192 195 0 168 41
m 192 201 0 168 41
b 192 1 168 41
m 192 26 1 168 41
m 192 29 1 168 41
m 192 41 1 168 41
m 192 43 1 168 41
m 192 64 1 168 41
m 192 69 1 168 41
m 192 195 1 168 41
m 192 201 1 168 41
b 192 2 168 41
b 192 3 168 41
m 192 26 3 10.200000000000001 111.39999999999999 0.5080004516090768
m 192 41 3 10.200000000000001 111.39999999999999 0.5080004516090768
m 192 29 3 10.200000000000001 111.39999999999999 0.5080004516090768
m 192 43 3 10.200000000000001 111.39999999999999 0.5080004516090768
b 193 0 425 6
b 193 3 425 6
b 210 0 455 187
m 210 50 0 455 187
b 210 1 455 187
b 210 3 455 187
m 210 50 3 9.399999999999999 108.2 1.0
b 214 0 260 205
m 214 38 0 260 205
m 214 156 0 260 205
m 214 191 0 260 205
m 214 203 0 260 205
m 214 207 0 260 205
b 214 1 260 205
m 214 38 1 260 205
m 214 156 1 260 205
m 214 191 1 260 205
m 214 203 1 260 205
m 214 207 1 260 205
b 214 2 260 205
m 214 14 2 260 205
m 214 38 2 260 205
m 214 117 2 260 205
m 214 137 2 260 205
m 214 139 2 260 205
m 214 156 2 260 205
m 214 180 2 260 205
m 214 191 2 260 205
m 214 203 2 260 205
m 214 207 2 260 205
m 214 230 2 260 205
m 214 231 2 260 205
b 214 3 260 205
m 214 191 3 9.0 92.60000000000001 0.3455914628669745
m 214 38 3 9.0 92.60000000000001 0.3455914628669745
m 214 203 3 9.0 92.60000000000001 0.3455914628669745
b 215 0 431 224
m 215 6 0 431 224
m 215 40 0 431 224
m 215 50 0 431 224
m 215 115 0 431 224
m 215 127 0 431 224
m 215 181 0 431 224
m 215 199 0 431 224
m 215 221 0 431 224
b 215 1 431 224
b 215 3 431 224
m 215 6 3 10.799999999999999 120.8 0.5669388514925277
m 215 115 3 10.799999999999999 120.8 0.5669388514925277
m 215 181 3 10.799999999999999 120.8 0.5669388514925277
m 215 199 3 10.799999999999999 120.8 0.5669388514925277
m 215 221 3 10.799999999999999 120.8 0.5669388514925277
b 216 0 217 2
m 216 26 0 217 2
m 216 195 0 217 2
b 216 1 217 2
b 216 2 217 2
b 216 3 217 2
m 216 195 3 6.6000000000000005 71.8 0.10961466517022056
b 222 0 198 85
m 222 26 0 198 85
m 222 41 0 198 85
m 222 43 0 198 85
m 222 201 0 198 85
b 222 1 198 85
m 222 26 1 198 85
m 222 41 1 198 85
m 222 43 1 198 85
m 222 69 1 198 85
m 222 167 1 198 85
m 222 201 1 198 85
b 222 2 198 85
m 222 26 2 198 85
m 222 41 2 198 85
m 222 43 2 198 85
m 222 201 2 198 85
b 222 3 198 85
m 222 26 3 10.0 108.8 0.43499788431640046
b 230 0 287 188
m 230 191 0 287 188
m 230 203 0 287 188
m 230 207 0 287 188
b 230 1 287 188
m 230 191 1 287 188
m 230 203 1 287 188
m 230 207 1 287 188
b 230 3 287 188
m 230 117 3 10.4 120.8 0.25
m 230 191 3 10.4 120.8 0.25
b 231 0 277 243
m 231 49 0 277 243
m 231 138 0 277 243
m 231 156 0 277 243
m 231 191 0 277 243
m 231 203 0 277 243
m 231 207 0 277 243
b 231 1 277 243
b 231 3 277 243
m 231 156 3 11.4 133.79999999999998 0.5446685721009551
m 231 138 3 11.4 133.79999999999998 0.5446685721009551
m 231 191 3 11.4 133.79999999999998 0.5446685721009551
m 231 49 3 11.4 133.79999999999998 0.5446685721009551
b 239 2 315 155
b 239 3 315 155
m 239 117 3 9.799999999999999 117.8 1.0
b 2 0 406 328
m 2 32 0 406 328
m 2 45 0 406 328
m 2 68 0 406 328
m 2 100 0 406 328
m 2 101 0 406 328
m 2 105 0 406 328
m 2 108 0 406 328
m 2 123 0 406 328
m 2 141 0 406 328
m 2 161 0 406 328
m 2 166 0 406 328
m 2 176 0 406 328
m 2 184 0 406 328
m 2 189 0 406 328
b 2 1 406 328
m 2 32 1 406 328
m 2 45 1 406 328
m 2 68 1 406 328
m 2 100 1 406 328
m 2 101 1 406 328
m 2 105 1 406 328
m 2 108 1 406 328
m 2 123 1 406 328
m 2 141 1 406 328
m 2 161 1 406 328
m 2 166 1 406 328
m 2 176 1 406 328
m 2 184 1 406 328
m 2 189 1 406 328
b 2 3 406 328
m 2 32 3 12.0 149.33333333333334 0.9975513836429906
m 2 166 3 12.0 149.33333333333334 0.9975513836429906
m 2 123 3 12.0 149.33333333333334 0.9975513836429906
m 2 176 3 12.0 149.33333333333334 0.9975513836429906
m 2 101 3 12.0 149.33333333333334 0.9975513836429906
m 2 68 3 12.0 149.33333333333334 0.9975513836429906
m 2 141 3 12.0 149.33333333333334 0.9975513836429906
m 2 184 3 12.0 149.33333333333334 0.9975513836429906
m 2 45 3 12.0 149.33333333333334 0.9975513836429906
m 2 100 3 12.0 149.33333333333334 0.9975513836429906
m 2 189 3 12.0 149.33333333333334 0.9975513836429906
m 2 108 3 12.0 149.33333333333334 0.9975513836429906
m 2 161 3 12.0 149.33333333333334 0.9975513836429906
m 2 105 3 12.0 149.33333333333334 0.9975513836429906
b 3 2 325 238
m 3 80 2 325 238
m 3 142 2 325 238
b 6 0 468 236
m 6 166 0 468 236
b 6 1 468 236
m 6 166 1 468 236
b 6 3 468 236
m 6 166 3 9.5 106.83333333333334 1.0
b 14 2 282 208
b 16 0 200 197
m 16 13 0 200 197
m 16 112 0 200 197
b 16 1 200 197
m 16 13 1 200 197
m 16 112 1 200 197
b 16 3 200 197
m 16 112 3 9.833333333333332 107.5 0.25
b 26 0 190 10
b 26 1 190 10
b 26 2 190 10
b 26 3 190 10
b 29 0 140 75
m 29 34 0 140 75
b 29 1 140 75
b 29 3 140 75
m 29 34 3 10.200000000000001 111.39999999999999 -1.0
b 38 0 230 232
m 38 30 0 230 232
m 38 112 0 230 232
b 38 1 230 232
m 38 30 1 230 232
m 38 112 1 230 232
b 38 2 230 232
b 38 3 230 232
b 40 0 419 266
m 40 72 0 419 266
m 40 161 0 419 266
m 40 166 0 419 266
b 40 1 419 266
b 40 3 419 266
m 40 161 3 9.499999999999998 102.16666666666667 0.3333333333333333
b 41 0 133 94
m 41 34 0 133 94
b 41 1 133 94
m 41 34 1 133 94
b 41 2 133 94
m 41 34 2 133 94
b 41 3 133 94
m 41 34 3 10.200000000000001 111.39999999999999 -1.0
b 43 0 148 74
m 43 57 0 148 74
m 43 86 0 148 74
m 43 185 0 148 74
m 43 236 0 148 74
b 43 1 148 74
m 43 57 1 148 74
m 43 86 1 148 74
m 43 185 1 148 74
m 43 236 1 148 74
b 43 2 148 74
b 43 3 148 74
m 43 57 3 9.500000000000002 98.83333333333333 0.4542801347999899
m 43 185 3 9.500000000000002 98.83333333333333 0.4542801347999899
b 49 0 249 269
m 49 30 0 249 269
m 49 47 0 249 269
m 49 77 0 249 269
m 49 97 0 249 269
m 49 103 0 249 269
m 49 149 0 249 269
m 49 227 0 249 269
m 49 234 0 249 269
b 49 1 249 269
m 49 30 1 249 269
m 49 47 1 249 269
m 49 77 1 249 269
m 49 97 1 249 269
m 49 103 1 249 269
m 49 149 1 249 269
m 49 227 1 249 269
m 49 234 1 249 269
b 49 3 249 269
m 49 207 3 10.833333333333332 122.83333333333334 0.2920216784452284
m 49 47 3 10.833333333333332 122.83333333333334 0.2920216784452284
b 50 0 480 189
b 50 1 480 189
b 50 2 480 189
b 50 3 480 189
b 64 0 129 76
m 64 57 0 129 76
m 64 86 0 129 76
m 64 107 0 129 76
m 64 113 0 129 76
m 64 185 0 129 76
m 64 236 0 129 76
b 64 1 129 76
b 64 2 129 76
b 64 3 129 76
m 64 57 3 7.0 70.0 1.0
m 64 86 3 7.0 70.0 1.0
m 64 107 3 7.0 70.0 1.0
m 64 113 3 7.0 70.0 1.0
m 64 185 3 7.0 70.0 1.0
m 64 236 3 7.0 70.0 1.0
b 69 1 147 117
m 69 34 1 147 117
b 70 2 347 228
b 73 2 309 210
m 73 71 2 309 210
m 73 80 2 309 210
m 73 142 2 309 210
b 93 2 446 224
b 99 0 430 341
m 99 32 0 430 341
m 99 45 0 430 341
m 99 53 0 430 341
m 99 68 0 430 341
m 99 100 0 430 341
m 99 105 0 430 341
m 99 108 0 430 341
m 99 161 0 430 341
m 99 166 0 430 341
m 99 176 0 430 341
m 99 184 0 430 341
m 99 189 0 430 341
b 99 1 430 341
m 99 32 1 430 341
m 99 45 1 430 341
m 99 53 1 430 341
m 99 68 1 430 341
m 99 100 1 430 341
m 99 105 1 430 341
m 99 108 1 430 341
m 99 161 1 430 341
m 99 166 1 430 341
m 99 176 1 430 341
m 99 184 1 430 341
m 99 189 1 430 341
b 99 3 430 341
m 99 32 3 11.833333333333334 144.16666666666669 0.9755233452710798
m 99 53 3 11.833333333333334 144.16666666666669 0.9755233452710798
m 99 184 3 11.833333333333334 144.16666666666669 0.9755233452710798
m 99 161 3 11.833333333333334 144.16666666666669 0.9755233452710798
m 99 108 3 11.833333333333334 144.16666666666669 0.9755233452710798
m 99 166 3 11.833333333333334 144.16666666666669 0.9755233452710798
m 99 176 3 11.833333333333334 144.16666666666669 0.9755233452710798
m 99 68 3 11.833333333333334 144.16666666666669 0.9755233452710798
m 99 189 3 11.833333333333334 144.16666666666669 0.9755233452710798
m 99 100 3 11.833333333333334 144.16666666666669 0.9755233452710798
m 99 105 3 11.833333333333334 144.16666666666669 0.9755233452710798
m 99 45 3 11.833333333333334 144.16666666666669 0.9755233452710798
b 115 0 496 291
m 115 68 0 496 291
m 115 166 0 496 291
m 115 176 0 496 291
b 115 1 496 291
m 115 68 1 496 291
m 115 166 1 496 291
m 115 176 1 496 291
b 115 3 496 291
m 115 166 3 9.833333333333334 108.16666666666667 0.3333333333333333
b 116 1 407 40
b 116 2 407 40
b 117 2 318 196
b 117 3 318 196
m 117 207 3 8.333333333333332 98.33333333333334 1.0
b 119 2 433 201
m 119 6 2 433 201
m 119 12 2 433 201
m 119 67 2 433 201
m 119 71 2 433 201
m 119 91 2 433 201
m 119 96 2 433 201
m 119 120 2 433 201
m 119 215 2 433 201
m 119 221 2 433 201
b 126 2 378 32
b 127 0 409 278
m 127 161 0 409 278
m 127 166 0 409 278
b 127 1 409 278
b 127 3 409 278
m 127 161 3 9.833333333333334 108.16666666666667 0.3333333333333333
b 130 0 195 251
m 130 8 0 195 251
m 130 10 0 195 251
m 130 13 0 195 251
m 130 30 0 195 251
m 130 31 0 195 251
m 130 77 0 195 251
m 130 88 0 195 251
m 130 112 0 195 251
m 130 227 0 195 251
b 130 1 195 251
m 130 8 1 195 251
m 130 10 1 195 251
m 130 13 1 195 251
m 130 30 1 195 251
m 130 31 1 195 251
m 130 77 1 195 251
m 130 88 1 195 251
m 130 112 1 195 251
m 130 227 1 195 251
b 130 3 195 251
m 130 227 3 11.0 125.0 0.6617713214129151
m 130 31 3 11.0 125.0 0.6617713214129151
m 130 207 3 11.0 125.0 0.6617713214129151
m 130 77 3 11.0 125.0 0.6617713214129151
m 130 13 3 11.0 125.0 0.6617713214129151
m 130 88 3 11.0 125.0 0.6617713214129151
m 130 10 3 11.0 125.0 0.6617713214129151
m 130 112 3 11.0 125.0 0.6617713214129151
b 131 0 187 269
m 131 8 0 187 269
m 131 10 0 187 269
m 131 13 0 187 269
m 131 30 0 187 269
m 131 31 0 187 269
m 131 77 0 187 269
m 131 88 0 187 269
m 131 112 0 187 269
m 131 227 0 187 269
b 131 1 187 269
m 131 8 1 187 269
m 131 10 1 187 269
m 131 13 1 187 269
m 131 30 1 187 269
m 131 31 1 187 269
m 131 77 1 187 269
m 131 88 1 187 269
m 131 112 1 187 269
m 131 227 1 187 269
b 131 3 187 269
m 131 10 3 11.0 125.0 0.6617713214129151
m 131 77 3 11.0 125.0 0.6617713214129151
m 131 112 3 11.0 125.0 0.6617713214129151
m 131 30 3 11.0 125.0 0.6617713214129151
m 131 8 3 11.0 125.0 0.6617713214129151
m 131 31 3 11.0 125.0 0.6617713214129151
m 131 207 3 11.0 125.0 0.6617713214129151
m 131 88 3 11.0 125.0 0.6617713214129151
b 137 2 314 172
b 138 0 283 309
m 138 30 0 283 309
m 138 47 0 283 309
m 138 97 0 283 309
m 138 101 0 283 309
m 138 103 0 283 309
m 138 148 0 283 309
m 138 149 0 283 309
m 138 183 0 283 309
m 138 209 0 283 309
m 138 212 0 283 309
m 138 227 0 283 309
m 138 234 0 283 309
b 138 1 283 309
m 138 30 1 283 309
m 138 47 1 283 309
m 138 97 1 283 309
m 138 101 1 283 309
m 138 103 1 283 309
m 138 148 1 283 309
m 138 149 1 283 309
m 138 183 1 283 309
m 138 209 1 283 309
m 138 212 1 283 309
m 138 227 1 283 309
m 138 234 1 283 309
b 138 3 283 309
m 138 47 3 12.0 149.0 0.7418439350894626
m 138 30 3 12.0 149.0 0.7418439350894626
m 138 101 3 12.0 149.0 0.7418439350894626
m 138 183 3 12.0 149.0 0.7418439350894626
m 138 97 3 12.0 149.0 0.7418439350894626
m 138 148 3 12.0 149.0 0.7418439350894626
m 138 160 3 12.0 149.0 0.7418439350894626
m 138 227 3 12.0 149.0 0.7418439350894626
m 138 103 3 12.0 149.0 0.7418439350894626
m 138 212 3 12.0 149.0 0.7418439350894626
b 139 2 293 236
m 139 49 2 293 236
m 139 80 2 293 236
m 139 142 2 293 236
b 143 0 417 300
m 143 32 0 417 300
m 143 72 0 417 300
m 143 100 0 417 300
m 143 101 0 417 300
m 143 105 0 417 300
m 143 108 0 417 300
m 143 141 0 417 300
m 143 161 0 417 300
m 143 166 0 417 300
b 143 1 417 300
m 143 32 1 417 300
m 143 72 1 417 300
m 143 100 1 417 300
m 143 101 1 417 300
m 143 105 1 417 300
m 143 108 1 417 300
m 143 141 1 417 300
m 143 161 1 417 300
m 143 166 1 417 300
b 143 3 417 300
m 143 72 3 11.333333333333334 130.66666666666669 0.879504249229315
m 143 141 3 11.333333333333334 130.66666666666669 0.879504249229315
m 143 100 3 11.333333333333334 130.66666666666669 0.879504249229315
m 143 108 3 11.333333333333334 130.66666666666669 0.879504249229315
m 143 105 3 11.333333333333334 130.66666666666669 0.879504249229315
m 143 161 3 11.333333333333334 130.66666666666669 0.879504249229315
m 143 32 3 11.333333333333334 130.66666666666669 0.879504249229315
m 143 166 3 11.333333333333334 130.66666666666669 0.879504249229315
b 156 0 193 246
m 156 10 0 193 246
m 156 13 0 193 246
m 156 30 0 193 246
m 156 88 0 193 246
m 156 112 0 193 246
b 156 1 193 246
m 156 10 1 193 246
m 156 13 1 193 246
m 156 30 1 193 246
m 156 88 1 193 246
m 156 112 1 193 246
b 156 2 193 246
b 156 3 193 246
m 156 207 3 10.833333333333332 121.5 0.6067793047652938
m 156 30 3 10.833333333333332 121.5 0.6067793047652938
m 156 10 3 10.833333333333332 121.5 0.6067793047652938
m 156 88 3 10.833333333333332 121.5 0.6067793047652938
m 156 112 3 10.833333333333332 121.5 0.6067793047652938
b 160 0 332 312
m 160 47 0 332 312
m 160 72 0 332 312
m 160 101 0 332 312
m 160 108 0 332 312
m 160 123 0 332 312
m 160 141 0 332 312
m 160 148 0 332 312
m 160 161 0 332 312
m 160 179 0 332 312
m 160 183 0 332 312
m 160 184 0 332 312
m 160 212 0 332 312
m 160 234 0 332 312
b 160 1 332 312
m 160 47 1 332 312
m 160 72 1 332 312
m 160 101 1 332 312
m 160 108 1 332 312
m 160 123 1 332 312
m 160 141 1 332 312
m 160 148 1 332 312
m 160 161 1 332 312
m 160 179 1 332 312
m 160 183 1 332 312
m 160 184 1 332 312
m 160 212 1 332 312
m 160 234 1 332 312
b 167 1 182 164
b 180 2 203 202
b 181 0 425 304
m 181 32 0 425 304
m 181 45 0 425 304
m 181 72 0 425 304
m 181 100 0 425 304
m 181 105 0 425 304
m 181 161 0 425 304
m 181 166 0 425 304
m 181 176 0 425 304
b 181 1 425 304
m 181 32 1 425 304
m 181 45 1 425 304
m 181 72 1 425 304
m 181 100 1 425 304
m 181 105 1 425 304
m 181 161 1 425 304
m 181 166 1 425 304
m 181 176 1 425 304
b 181 3 425 304
m 181 100 3 10.666666666666668 117.33333333333334 0.6083229228180508
m 181 45 3 10.666666666666668 117.33333333333334 0.6083229228180508
m 181 105 3 10.666666666666668 117.33333333333334 0.6083229228180508
m 181 176 3 10.666666666666668 117.33333333333334 0.6083229228180508
m 181 161 3 10.666666666666668 117.33333333333334 0.6083229228180508
b 191 0 231 253
m 191 30 0 231 253
m 191 47 0 231 253
m 191 77 0 231 253
m 191 227 0 231 253
b 191 1 231 253
m 191 30 1 231 253
m 191 47 1 231 253
m 191 77 1 231 253
m 191 227 1 231 253
b 191 2 231 253
b 191 3 231 253
m 191 227 3 8.5 84.5 0.2511281305491008
m 191 228 3 8.5 84.5 0.2511281305491008
b 193 1 413 6
b 193 2 413 6
b 195 0 196 22
b 195 1 196 22
b 195 2 196 22
b 195 3 196 22
b 197 0 166 172
m 197 34 0 166 172
b 197 1 166 172
b 197 3 166 172
m 197 34 3 11.0 125.8 -1.0
b 199 0 439 283
m 199 32 0 439 283
m 199 45 0 439 283
m 199 68 0 439 283
m 199 166 0 439 283
m 199 176 0 439 283
b 199 1 439 283
b 199 3 439 283
m 199 45 3 9.999999999999998 106.66666666666667 0.4164423563690566
m 199 166 3 9.999999999999998 106.66666666666667 0.4164423563690566
b 201 0 135 64
m 201 57 0 135 64
m 201 86 0 135 64
b 201 1 135 64
m 201 57 1 135 64
m 201 86 1 135 64
b 201 2 135 64
b 201 3 135 64
m 201 57 3 6.833333333333333 67.83333333333334 1.0
m 201 86 3 6.833333333333333 67.83333333333334 1.0
b 203 0 239 233
m 203 30 0 239 233
m 203 47 0 239 233
m 203 227 0 239 233
b 203 1 239 233
m 203 30 1 239 233
m 203 47 1 239 233
m 203 227 1 239 233
b 203 2 239 233
m 203 30 2 239 233
m 203 47 2 239 233
m 203 49 2 239 233
m 203 130 2 239 233
m 203 131 2 239 233
m 203 138 2 239 233
m 203 227 2 239 233
m 203 228 2 239 233
b 203 3 239 233
m 203 30 3 10.0 109.0 0.2
m 203 207 3 10.0 109.0 0.2
b 207 0 260 215
b 207 1 260 215
b 207 2 260 215
b 210 2 461 197
b 221 0 492 230
b 221 1 492 230
b 221 3 492 230
b 228 0 177 224
m 228 10 0 177 224
m 228 13 0 177 224
m 228 30 0 177 224
m 228 88 0 177 224
m 228 112 0 177 224
b 228 1 177 224
m 228 10 1 177 224
m 228 13 1 177 224
m 228 30 1 177 224
m 228 88 1 177 224
m 228 112 1 177 224
b 230 2 276 184
b 231 2 275 254
b 6 2 460 227
m 6 40 2 460 227
m 6 166 2 460 227
m 6 199 2 460 227
b 8 0 170 329
m 8 52 0 170 329
m 8 60 0 170 329
m 8 63 0 170 329
m 8 110 0 170 329
m 8 146 0 170 329
m 8 151 0 170 329
m 8 165 0 170 329
m 8 186 0 170 329
m 8 187 0 170 329
m 8 218 0 170 329
m 8 219 0 170 329
m 8 235 0 170 329
b 8 1 170 329
m 8 52 1 170 329
m 8 60 1 170 329
m 8 63 1 170 329
m 8 110 1 170 329
m 8 146 1 170 329
m 8 151 1 170 329
m 8 165 1 170 329
m 8 186 1 170 329
m 8 187 1 170 329
m 8 218 1 170 329
m 8 219 1 170 329
m 8 235 1 170 329
b 8 3 170 329
m 8 60 3 11.285714285714286 131.28571428571428 0.7490330243799336
m 8 52 3 11.285714285714286 131.28571428571428 0.7490330243799336
m 8 63 3 11.285714285714286 131.28571428571428 0.7490330243799336
m 8 187 3 11.285714285714286 131.28571428571428 0.7490330243799336
m 8 110 3 11.285714285714286 131.28571428571428 0.7490330243799336
m 8 146 3 11.285714285714286 131.28571428571428 0.7490330243799336
m 8 218 3 11.285714285714286 131.28571428571428 0.7490330243799336
m 8 165 3 11.285714285714286 131.28571428571428 0.7490330243799336
m 8 151 3 11.285714285714286 131.28571428571428 0.7490330243799336
b 10 0 122 276
m 10 60 0 122 276
m 10 63 0 122 276
m 10 92 0 122 276
m 10 110 0 122 276
m 10 146 0 122 276
m 10 165 0 122 276
m 10 187 0 122 276
m 10 219 0 122 276
m 10 226 0 122 276
m 10 235 0 122 276
b 10 1 122 276
m 10 60 1 122 276
m 10 63 1 122 276
m 10 92 1 122 276
m 10 110 1 122 276
m 10 146 1 122 276
m 10 165 1 122 276
m 10 187 1 122 276
m 10 219 1 122 276
m 10 226 1 122 276
m 10 235 1 122 276
b 10 3 122 276
m 10 110 3 10.857142857142858 121.42857142857143 0.6081971749633515
m 10 235 3 10.857142857142858 121.42857142857143 0.6081971749633515
m 10 146 3 10.857142857142858 121.42857142857143 0.6081971749633515
m 10 92 3 10.857142857142858 121.42857142857143 0.6081971749633515
m 10 187 3 10.857142857142858 121.42857142857143 0.6081971749633515
m 10 165 3 10.857142857142858 121.42857142857143 0.6081971749633515
m 10 219 3 10.857142857142858 121.42857142857143 0.6081971749633515
b 12 2 443 193
b 13 0 113 239
m 13 28 0 113 239
m 13 54 0 113 239
m 13 76 0 113 239
m 13 92 0 113 239
m 13 110 0 113 239
m 13 187 0 113 239
m 13 226 0 113 239
b 13 1 113 239
b 13 3 113 239
m 13 110 3 11.0 124.42857142857142 0.6650884708936815
m 13 54 3 11.0 124.42857142857142 0.6650884708936815
m 13 226 3 11.0 124.42857142857142 0.6650884708936815
m 13 76 3 11.0 124.42857142857142 0.6650884708936815
m 13 28 3 11.0 124.42857142857142 0.6650884708936815
m 13 92 3 11.0 124.42857142857142 0.6650884708936815
b 30 0 188 295
m 30 110 0 188 295
b 30 1 188 295
m 30 110 1 188 295
b 30 2 188 295
b 30 3 188 295
m 30 149 3 10.142857142857142 110.71428571428571 0.2
b 31 0 176 298
m 31 63 0 176 298
m 31 110 0 176 298
m 31 146 0 176 298
m 31 165 0 176 298
m 31 187 0 176 298
m 31 219 0 176 298
m 31 235 0 176 298
b 31 1 176 298
m 31 63 1 176 298
m 31 110 1 176 298
m 31 146 1 176 298
m 31 165 1 176 298
m 31 187 1 176 298
m 31 219 1 176 298
m 31 235 1 176 298
b 31 3 176 298
m 31 110 3 10.571428571428571 116.28571428571428 0.4455346396354494
m 31 235 3 10.571428571428571 116.28571428571428 0.4455346396354494
m 31 146 3 10.571428571428571 116.28571428571428 0.4455346396354494
b 32 0 412 342
m 32 122 0 412 342
m 32 144 0 412 342
m 32 208 0 412 342
b 32 1 412 342
m 32 122 1 412 342
m 32 144 1 412 342
m 32 208 1 412 342
b 32 3 412 342
m 32 208 3 10.857142857142858 130.28571428571428 0.25
b 45 0 431 365
m 45 25 0 431 365
m 45 122 0 431 365
m 45 144 0 431 365
m 45 208 0 431 365
b 45 1 431 365
m 45 25 1 431 365
m 45 122 1 431 365
m 45 144 1 431 365
m 45 208 1 431 365
b 45 3 431 365
m 45 122 3 10.857142857142858 130.28571428571428 0.25
m 45 25 3 10.857142857142858 130.28571428571428 0.25
b 47 0 240 297
b 47 1 240 297
b 47 2 240 297
b 47 3 240 297
m 47 149 3 9.714285714285715 106.57142857142858 0.3333333333333333
b 49 2 241 260
m 49 77 2 241 260
m 49 88 2 241 260
m 49 149 2 241 260
b 53 0 496 374
m 53 25 0 496 374
m 53 122 0 496 374
b 53 1 496 374
m 53 25 1 496 374
m 53 122 1 496 374
b 53 3 496 374
m 53 122 3 10.428571428571429 124.14285714285715 0.5
m 53 25 3 10.428571428571429 124.14285714285715 0.5
b 57 0 92 60
m 57 24 0 92 60
m 57 35 0 92 60
m 57 37 0 92 60
m 57 62 0 92 60
m 57 74 0 92 60
m 57 82 0 92 60
m 57 140 0 92 60
m 57 202 0 92 60
m 57 223 0 92 60
b 57 1 92 60
b 57 3 92 60
m 57 24 3 9.714285714285715 102.0 0.6582284924688456
m 57 37 3 9.714285714285715 102.0 0.6582284924688456
m 57 62 3 9.714285714285715 102.0 0.6582284924688456
m 57 202 3 9.714285714285715 102.0 0.6582284924688456
m 57 74 3 9.714285714285715 102.0 0.6582284924688456
m 57 140 3 9.714285714285715 102.0 0.6582284924688456
b 67 2 454 283
b 68 0 464 328
m 68 122 0 464 328
b 68 1 464 328
m 68 122 1 464 328
b 68 3 464 328
m 68 122 3 10.428571428571429 128.14285714285714 1.0
b 71 2 404 173
b 72 0 324 290
b 72 1 324 290
b 72 3 324 290
m 72 179 3 9.857142857142856 112.14285714285715 1.0
b 77 0 229 318
m 77 52 0 229 318
b 77 1 229 318
m 77 52 1 229 318
b 77 3 229 318
m 77 149 3 10.0 109.42857142857143 0.25
m 77 52 3 10.0 109.42857142857143 0.25
b 80 2 355 243
m 80 72 2 355 243
m 80 127 2 355 243
m 80 161 2 355 243
b 86 0 69 90
m 86 24 0 69 90
m 86 35 0 69 90
m 86 37 0 69 90
m 86 62 0 69 90
m 86 74 0 69 90
m 86 82 0 69 90
m 86 202 0 69 90
m 86 223 0 69 90
b 86 1 69 90
m 86 24 1 69 90
m 86 35 1 69 90
m 86 37 1 69 90
m 86 62 1 69 90
m 86 74 1 69 90
m 86 82 1 69 90
m 86 107 1 69 90
m 86 113 1 69 90
m 86 202 1 69 90
m 86 223 1 69 90
b 86 3 69 90
m 86 24 3 7.142857142857142 69.14285714285714 1.0
m 86 35 3 7.142857142857142 69.14285714285714 1.0
m 86 37 3 7.142857142857142 69.14285714285714 1.0
m 86 62 3 7.142857142857142 69.14285714285714 1.0
m 86 74 3 7.142857142857142 69.14285714285714 1.0
m 86 82 3 7.142857142857142 69.14285714285714 1.0
m 86 202 3 7.142857142857142 69.14285714285714 1.0
m 86 223 3 7.142857142857142 69.14285714285714 1.0
b 88 0 197 300
m 88 63 0 197 300
m 88 110 0 197 300
m 88 146 0 197 300
m 88 165 0 197 300
m 88 235 0 197 300
b 88 1 197 300
m 88 63 1 197 300
m 88 110 1 197 300
m 88 146 1 197 300
m 88 165 1 197 300
m 88 235 1 197 300
b 88 3 197 300
m 88 146 3 10.285714285714286 112.28571428571428 0.1626209497185493
b 91 2 411 250
m 91 40 2 411 250
m 91 127 2 411 250
m 91 143 2 411 250
m 91 199 2 411 250
b 96 2 406 282
b 97 0 257 366
m 97 36 0 257 366
m 97 52 0 257 366
m 97 151 0 257 366
m 97 170 0 257 366
m 97 172 0 257 366
m 97 220 0 257 366
b 97 1 257 366
m 97 36 1 257 366
m 97 52 1 257 366
m 97 151 1 257 366
m 97 170 1 257 366
m 97 172 1 257 366
m 97 220 1 257 366
b 97 3 257 366
m 97 149 3 12.0 148.28571428571428 0.5612177006333735
m 97 170 3 12.0 148.28571428571428 0.5612177006333735
m 97 220 3 12.0 148.28571428571428 0.5612177006333735
m 97 172 3 12.0 148.28571428571428 0.5612177006333735
m 97 36 3 12.0 148.28571428571428 0.5612177006333735
b 100 0 430 379
m 100 25 0 430 379
m 100 122 0 430 379
m 100 144 0 430 379
m 100 208 0 430 379
b 100 1 430 379
m 100 25 1 430 379
m 100 122 1 430 379
m 100 144 1 430 379
m 100 208 1 430 379
b 100 3 430 379
m 100 122 3 10.857142857142858 130.28571428571428 0.25
m 100 25 3 10.857142857142858 130.28571428571428 0.25
b 101 0 326 329
b 101 1 326 329
b 101 3 326 329
m 101 179 3 10.857142857142858 130.28571428571428 0.25
b 103 0 264 343
m 103 52 0 264 343
m 103 172 0 264 343
b 103 1 264 343
b 103 3 264 343
m 103 172 3 11.142857142857144 132.85714285714286 0.16666666666666666
b 105 0 404 348
m 105 122 0 404 348
m 105 144 0 404 348
m 105 208 0 404 348
b 105 1 404 348
m 105 122 1 404 348
m 105 144 1 404 348
m 105 208 1 404 348
b 105 3 404 348
b 107 0 111 38
m 107 74 0 111 38
m 107 140 0 111 38
b 107 3 111 38
m 107 74 3 6.285714285714286 60.57142857142857 0.5
m 107 140 3 6.285714285714286 60.57142857142857 0.5
b 108 0 366 325
m 108 144 0 366 325
m 108 208 0 366 325
b 108 1 366 325
m 108 144 1 366 325
m 108 208 1 366 325
b 108 3 366 325
m 108 208 3 10.714285714285715 129.28571428571428 0.3333333333333333
b 112 0 130 251
m 112 28 0 130 251
m 112 63 0 130 251
m 112 92 0 130 251
m 112 110 0 130 251
m 112 146 0 130 251
m 112 187 0 130 251
m 112 219 0 130 251
m 112 226 0 130 251
b 112 1 130 251
b 112 3 130 251
m 112 92 3 9.57142857142857 101.28571428571428 0.37940629616423005
m 112 28 3 9.57142857142857 101.28571428571428 0.37940629616423005
m 112 110 3 9.57142857142857 101.28571428571428 0.37940629616423005
m 112 146 3 9.57142857142857 101.28571428571428 0.37940629616423005
b 113 0 81 60
m 113 24 0 81 60
m 113 35 0 81 60
m 113 37 0 81 60
m 113 62 0 81 60
m 113 74 0 81 60
m 113 81 0 81 60
m 113 82 0 81 60
m 113 140 0 81 60
m 113 157 0 81 60
m 113 202 0 81 60
m 113 223 0 81 60
b 113 3 81 60
m 113 24 3 7.571428571428571 77.28571428571428 1.0
m 113 35 3 7.571428571428571 77.28571428571428 1.0
m 113 37 3 7.571428571428571 77.28571428571428 1.0
m 113 62 3 7.571428571428571 77.28571428571428 1.0
m 113 74 3 7.571428571428571 77.28571428571428 1.0
m 113 81 3 7.571428571428571 77.28571428571428 1.0
m 113 82 3 7.571428571428571 77.28571428571428 1.0
m 113 140 3 7.571428571428571 77.28571428571428 1.0
m 113 157 3 7.571428571428571 77.28571428571428 1.0
m 113 202 3 7.571428571428571 77.28571428571428 1.0
m 113 223 3 7.571428571428571 77.28571428571428 1.0
b 120 2 439 290
b 123 0 339 371
m 123 132 0 339 371
m 123 144 0 339 371
m 123 172 0 339 371
m 123 198 0 339 371
m 123 208 0 339 371
b 123 1 339 371
m 123 132 1 339 371
m 123 144 1 339 371
m 123 172 1 339 371
m 123 198 1 339 371
m 123 208 1 339 371
b 123 3 339 371
m 123 179 3 11.142857142857144 133.14285714285714 0.16666666666666666
m 123 144 3 11.142857142857144 133.14285714285714 0.16666666666666666
b 130 2 186 243
m 130 10 2 186 243
m 130 13 2 186 243
m 130 16 2 186 243
m 130 31 2 186 243
m 130 77 2 186 243
m 130 88 2 186 243
m 130 112 2 186 243
b 131 2 178 276
b 138 2 280 321
m 138 72 2 280 321
m 138 77 2 280 321
m 138 97 2 280 321
m 138 101 2 280 321
m 138 103 2 280 321
m 138 148 2 280 321
m 138 149 2 280 321
m 138 160 2 280 321
m 138 183 2 280 321
m 138 209 2 280 321
m 138 212 2 280 321
m 138 234 2 280 321
b 141 0 357 356
m 141 144 0 357 356
m 141 208 0 357 356
b 141 1 357 356
b 141 3 357 356
m 141 208 3 10.857142857142858 130.28571428571428 0.25
b 142 2 343 156
m 142 104 2 343 156
b 148 0 266 371
m 148 36 0 266 371
m 148 168 0 266 371
m 148 170 0 266 371
m 148 172 0 266 371
m 148 174 0 266 371
m 148 198 0 266 371
b 148 1 266 371
m 148 36 1 266 371
m 148 168 1 266 371
m 148 170 1 266 371
m 148 172 1 266 371
m 148 174 1 266 371
m 148 198 1 266 371
b 148 3 266 371
m 148 149 3 12.142857142857144 151.85714285714286 0.6210250810442752
m 148 168 3 12.142857142857144 151.85714285714286 0.6210250810442752
m 148 170 3 12.142857142857144 151.85714285714286 0.6210250810442752
m 148 198 3 12.142857142857144 151.85714285714286 0.6210250810442752
m 148 172 3 12.142857142857144 151.85714285714286 0.6210250810442752
m 148 36 3 12.142857142857144 151.85714285714286 0.6210250810442752
m 148 174 3 12.142857142857144 151.85714285714286 0.6210250810442752
b 149 0 250 315
m 149 52 0 250 315
b 149 1 250 315
m 149 52 1 250 315
b 160 3 331 324
m 160 179 3 10.571428571428573 128.28571428571428 0.5
m 160 234 3 10.571428571428573 128.28571428571428 0.5
b 161 0 377 290
b 161 1 377 290
b 161 3 377 290
m 161 179 3 10.428571428571429 128.14285714285714 1.0
b 166 0 465 287
b 166 1 465 287
b 166 3 465 287
b 176 0 487 322
m 176 122 0 487 322
b 176 1 487 322
m 176 122 1 487 322
b 176 3 487 322
m 176 122 3 10.428571428571429 128.14285714285714 1.0
b 179 0 338 349
m 179 144 0 338 349
m 179 172 0 338 349
m 179 198 0 338 349
b 179 1 338 349
m 179 144 1 338 349
m 179 172 1 338 349
m 179 198 1 338 349
b 183 0 309 357
m 183 36 0 309 357
m 183 132 0 309 357
m 183 172 0 309 357
m 183 198 0 309 357
b 183 1 309 357
b 183 3 309 357
m 183 172 3 11.571428571428573 139.28571428571428 0.2883945873637868
m 183 132 3 11.571428571428573 139.28571428571428 0.2883945873637868
m 183 179 3 11.571428571428573 139.28571428571428 0.2883945873637868
b 184 0 377 355
m 184 144 0 377 355
m 184 208 0 377 355
b 184 1 377 355
m 184 144 1 377 355
m 184 208 1 377 355
b 184 3 377 355
m 184 144 3 10.714285714285715 129.28571428571428 0.3333333333333333
b 185 0 135 134
m 185 34 0 135 134
b 185 1 135 134
b 185 3 135 134
m 185 34 3 9.500000000000002 98.83333333333333 -1.0
b 189 0 406 359
m 189 25 0 406 359
m 189 122 0 406 359
m 189 144 0 406 359
m 189 208 0 406 359
b 189 1 406 359
m 189 25 1 406 359
m 189 122 1 406 359
m 189 144 1 406 359
m 189 208 1 406 359
b 189 3 406 359
m 189 25 3 11.0 131.57142857142858 0.2
b 207 3 268 207
b 209 0 266 333
m 209 52 0 266 333
m 209 172 0 266 333
b 209 1 266 333
m 209 52 1 266 333
m 209 172 1 266 333
b 212 0 281 345
m 212 36 0 281 345
m 212 170 0 281 345
m 212 172 0 281 345
m 212 198 0 281 345
b 212 1 281 345
m 212 36 1 281 345
m 212 170 1 281 345
m 212 172 1 281 345
m 212 198 1 281 345
b 212 3 281 345
m 212 170 3 11.857142857142858 145.0 0.488718701795172
m 212 172 3 11.857142857142858 145.0 0.488718701795172
m 212 36 3 11.857142857142858 145.0 0.488718701795172
m 212 198 3 11.857142857142858 145.0 0.488718701795172
b 215 2 436 201
m 215 40 2 436 201
m 215 199 2 436 201
b 221 2 481 226
m 221 199 2 481 226
b 227 0 226 323
m 227 52 0 226 323
b 227 1 226 323
m 227 52 1 226 323
b 227 2 226 323
m 227 8 2 226 323
m 227 31 2 226 323
m 227 52 2 226 323
m 227 77 2 226 323
m 227 88 2 226 323
m 227 97 2 226 323
m 227 103 2 226 323
m 227 148 2 226 323
m 227 149 2 226 323
m 227 209 2 226 323
m 227 212 2 226 323
m 227 234 2 226 323
b 227 3 226 323
m 227 149 3 10.0 109.42857142857143 0.25
m 227 52 3 10.0 109.42857142857143 0.25
b 228 2 168 215
m 228 10 2 168 215
m 228 13 2 168 215
m 228 16 2 168 215
m 228 28 2 168 215
m 228 112 2 168 215
m 228 197 2 168 215
b 228 3 168 215
m 228 28 3 7.428571428571429 72.57142857142857 1.0
b 234 0 272 356
m 234 36 0 272 356
m 234 52 0 272 356
m 234 170 0 272 356
m 234 172 0 272 356
m 234 198 0 272 356
b 234 1 272 356
m 234 36 1 272 356
m 234 52 1 272 356
m 234 170 1 272 356
m 234 172 1 272 356
m 234 198 1 272 356
b 236 0 85 61
m 236 24 0 85 61
m 236 35 0 85 61
m 236 37 0 85 61
m 236 62 0 85 61
m 236 74 0 85 61
m 236 82 0 85 61
m 236 140 0 85 61
m 236 202 0 85 61
m 236 223 0 85 61
b 236 1 85 61
m 236 24 1 85 61
m 236 35 1 85 61
m 236 37 1 85 61
m 236 62 1 85 61
m 236 74 1 85 61
m 236 82 1 85 61
m 236 107 1 85 61
m 236 113 1 85 61
m 236 140 1 85 61
m 236 202 1 85 61
m 236 223 1 85 61
b 236 3 85 61
m 236 24 3 7.285714285714286 71.57142857142857 1.0
m 236 35 3 7.285714285714286 71.57142857142857 1.0
m 236 37 3 7.285714285714286 71.57142857142857 1.0
m 236 62 3 7.285714285714286 71.57142857142857 1.0
m 236 74 3 7.285714285714286 71.57142857142857 1.0
m 236 82 3 7.285714285714286 71.57142857142857 1.0
m 236 140 3 7.285714285714286 71.57142857142857 1.0
m 236 202 3 7.285714285714286 71.57142857142857 1.0
m 236 223 3 7.285714285714286 71.57142857142857 1.0
b 8 2 171 341
m 8 48 2 171 341
m 8 60 2 171 341
m 8 63 2 171 341
m 8 90 2 171 341
m 8 110 2 171 341
m 8 146 2 171 341
m 8 151 2 171 341
m 8 165 2 171 341
m 8 186 2 171 341
m 8 218 2 171 341
m 8 219 2 171 341
m 8 235 2 171 341
b 10 2 112 271
b 13 2 102 236
b 16 2 223 192
b 24 0 67 136
m 24 7 0 67 136
m 24 33 0 67 136
m 24 42 0 67 136
m 24 61 0 67 136
m 24 109 0 67 136
m 24 152 0 67 136
m 24 229 0 67 136
b 24 1 67 136
m 24 7 1 67 136
m 24 33 1 67 136
m 24 42 1 67 136
m 24 61 1 67 136
m 24 109 1 67 136
m 24 152 1 67 136
m 24 229 1 67 136
b 24 3 67 136
m 24 152 3 9.375 95.375 0.3176653596736863
m 24 33 3 9.375 95.375 0.3176653596736863
m 24 7 3 9.375 95.375 0.3176653596736863
b 25 0 477 423
m 25 84 0 477 423
m 25 118 0 477 423
m 25 124 0 477 423
m 25 125 0 477 423
b 25 1 477 423
b 25 3 477 423
m 25 84 3 10.375 120.125 0.36261930840244094
m 25 118 3 10.375 120.125 0.36261930840244094
b 28 0 132 194
m 28 34 0 132 194
b 28 2 132 194
b 28 3 132 194
m 28 34 3 11.0 124.42857142857142 -1.0
b 31 2 185 290
b 35 0 38 72
m 35 59 0 38 72
b 35 1 38 72
b 35 3 38 72
m 35 59 3 6.375 60.625 1.0
b 36 0 269 437
m 36 5 0 269 437
m 36 18 0 269 437
m 36 27 0 269 437
m 36 85 0 269 437
m 36 147 0 269 437
m 36 150 0 269 437
m 36 173 0 269 437
b 36 1 269 437
m 36 5 1 269 437
m 36 18 1 269 437
m 36 27 1 269 437
m 36 85 1 269 437
m 36 147 1 269 437
m 36 150 1 269 437
m 36 173 1 269 437
b 36 3 269 437
m 36 173 3 11.5 137.75 0.30869275494231085
m 36 147 3 11.5 137.75 0.30869275494231085
b 37 0 42 60
m 37 59 0 42 60
b 37 1 42 60
m 37 59 1 42 60
m 37 81 1 42 60
m 37 157 1 42 60
b 37 3 42 60
m 37 59 3 8.625 89.375 1.0
b 40 2 437 249
b 52 0 191 386
m 52 90 0 191 386
m 52 159 0 191 386
m 52 182 0 191 386
b 52 1 191 386
m 52 90 1 191 386
m 52 159 1 191 386
m 52 182 1 191 386
b 52 2 191 386
b 52 3 191 386
m 52 90 3 10.375 116.875 0.25
m 52 186 3 10.375 116.875 0.25
b 54 0 45 211
m 54 33 0 45 211
m 54 42 0 45 211
m 54 83 0 45 211
m 54 109 0 45 211
m 54 152 0 45 211
m 54 163 0 45 211
m 54 225 0 45 211
m 54 229 0 45 211
b 54 3 45 211
m 54 225 3 10.75 118.99999999999999 0.5363620191807053
m 54 42 3 10.75 118.99999999999999 0.5363620191807053
m 54 33 3 10.75 118.99999999999999 0.5363620191807053
m 54 152 3 10.75 118.99999999999999 0.5363620191807053
b 60 0 119 317
m 60 48 0 119 317
m 60 51 0 119 317
m 60 114 0 119 317
m 60 177 0 119 317
b 60 1 119 317
m 60 48 1 119 317
m 60 51 1 119 317
m 60 114 1 119 317
m 60 177 1 119 317
b 60 3 119 317
m 60 48 3 10.625 119.375 0.16666666666666666
m 60 114 3 10.625 119.375 0.16666666666666666
b 62 0 98 102
m 62 34 0 98 102
b 62 1 98 102
m 62 34 1 98 102
b 62 3 98 102
m 62 34 3 9.714285714285715 102.0 -1.0
b 63 0 132 299
m 63 48 0 132 299
b 63 1 132 299
m 63 48 1 132 299
b 63 3 132 299
m 63 48 3 10.125 115.375 0.5
m 63 186 3 10.125 115.375 0.5
b 72 2 313 285
m 72 108 2 313 285
m 72 141 2 313 285
m 72 179 2 313 285
b 74 0 60 69
b 74 1 60 69
m 74 81 1 60 69
m 74 157 1 60 69
b 74 3 60 69
b 76 0 90 220
m 76 42 0 90 220
m 76 61 0 90 220
m 76 109 0 90 220
m 76 229 0 90 220
b 76 3 90 220
m 76 109 3 10.25 111.99999999999999 0.2
b 77 2 240 323
b 81 0 36 49
m 81 59 0 36 49
b 81 3 36 49
m 81 59 3 6.75 67.75 1.0
b 82 0 107 104
m 82 34 0 107 104
b 82 1 107 104
m 82 34 1 107 104
b 82 3 107 104
m 82 34 3 7.142857142857142 69.14285714285714 -1.0
b 88 2 207 305
m 88 63 2 207 305
m 88 110 2 207 305
m 88 146 2 207 305
m 88 165 2 207 305
b 92 0 89 210
m 92 61 0 89 210
m 92 109 0 89 210
m 92 229 0 89 210
b 92 1 89 210
m 92 28 1 89 210
m 92 54 1 89 210
m 92 61 1 89 210
m 92 76 1 89 210
m 92 109 1 89 210
m 92 229 1 89 210
b 92 3 89 210
m 92 109 3 9.875 107.375 0.3333333333333333
b 97 2 263 377
m 97 36 2 263 377
m 97 170 2 263 377
m 97 172 2 263 377
m 97 174 2 263 377
m 97 198 2 263 377
b 101 2 314 328
b 103 2 276 344
m 103 172 2 276 344
m 103 179 2 276 344
b 104 2 376 103
b 107 1 121 45
b 110 0 148 290
m 110 48 0 148 290
b 110 1 148 290
b 110 3 148 290
m 110 48 3 10.0 115.0 1.0
b 112 2 118 255
b 113 1 92 54
m 113 81 1 92 54
b 122 0 438 375
m 122 84 0 438 375
b 122 1 438 375
m 122 84 1 438 375
b 122 3 438 375
m 122 84 3 9.625 114.125 1.0
b 127 2 387 287
b 132 0 296 415
m 132 1 0 296 415
m 132 5 0 296 415
m 132 18 0 296 415
m 132 27 0 296 415
m 132 147 0 296 415
m 132 150 0 296 415
b 132 1 296 415
m 132 1 1 296 415
m 132 5 1 296 415
m 132 18 1 296 415
m 132 27 1 296 415
m 132 147 1 296 415
m 132 150 1 296 415
b 132 3 296 415
m 132 27 3 11.000000000000002 128.0 0.21945689401024496
b 140 0 9 48
m 140 59 0 9 48
b 140 1 9 48
m 140 59 1 9 48
m 140 81 1 9 48
m 140 157 1 9 48
b 140 3 9 48
m 140 59 3 8.625 89.375 1.0
b 143 2 432 280
m 143 2 2 432 280
m 143 32 2 432 280
m 143 68 2 432 280
m 143 99 2 432 280
m 143 105 2 432 280
m 143 108 2 432 280
m 143 115 2 432 280
m 143 181 2 432 280
b 144 0 404 381
b 144 1 404 381
b 144 3 404 381
b 146 0 149 325
m 146 48 0 149 325
m 146 177 0 149 325
b 146 1 149 325
m 146 48 1 149 325
m 146 177 1 149 325
b 146 3 149 325
m 146 48 3 10.25 116.0 0.3333333333333333
b 148 2 256 378
b 149 2 259 307
m 149 172 2 259 307
b 149 3 259 307
m 149 209 3 9.0 97.0 1.0
b 151 0 179 405
m 151 90 0 179 405
m 151 159 0 179 405
m 151 173 0 179 405
m 151 182 0 179 405
b 151 1 179 405
m 151 90 1 179 405
m 151 159 1 179 405
m 151 173 1 179 405
m 151 182 1 179 405
b 151 3 179 405
m 151 173 3 10.875 122.875 0.319128246402485
m 151 186 3 10.875 122.875 0.319128246402485
m 151 90 3 10.875 122.875 0.319128246402485
b 157 0 5 38
m 157 59 0 5 38
b 157 3 5 38
m 157 59 3 6.75 67.75 1.0
b 160 2 329 335
b 161 2 377 278
m 161 2 2 377 278
m 161 32 2 377 278
m 161 105 2 377 278
m 161 108 2 377 278
m 161 141 2 377 278
m 161 179 2 377 278
m 161 181 2 377 278
m 161 184 2 377 278
m 161 189 2 377 278
b 165 0 165 323
m 165 48 0 165 323
b 165 1 165 323
m 165 48 1 165 323
b 165 3 165 323
m 165 48 3 10.5 118.0 0.2
b 166 2 461 276
m 166 68 2 461 276
m 166 99 2 461 276
m 166 115 2 461 276
m 166 176 2 461 276
m 166 181 2 461 276
b 168 0 265 455
m 168 5 0 265 455
m 168 18 0 265 455
m 168 27 0 265 455
m 168 85 0 265 455
m 168 147 0 265 455
m 168 150 0 265 455
m 168 173 0 265 455
m 168 232 0 265 455
b 168 1 265 455
b 168 3 265 455
m 168 5 3 11.625000000000002 140.875 0.26688053396780065
m 168 18 3 11.625000000000002 140.875 0.26688053396780065
m 168 173 3 11.625000000000002 140.875 0.26688053396780065
b 170 0 253 405
m 170 5 0 253 405
m 170 27 0 253 405
m 170 85 0 253 405
m 170 150 0 253 405
m 170 173 0 253 405
m 170 232 0 253 405
b 170 1 253 405
b 170 3 253 405
m 170 27 3 11.375 135.875 0.19525674925623068
m 170 5 3 11.375 135.875 0.19525674925623068
b 172 0 279 370
m 172 27 0 279 370
m 172 150 0 279 370
b 172 1 279 370
m 172 27 1 279 370
m 172 150 1 279 370
b 172 3 279 370
m 172 27 3 10.875 130.875 0.3333333333333333
b 174 0 258 402
m 174 5 0 258 402
m 174 27 0 258 402
m 174 85 0 258 402
m 174 150 0 258 402
m 174 173 0 258 402
m 174 232 0 258 402
b 174 1 258 402
m 174 5 1 258 402
m 174 27 1 258 402
m 174 85 1 258 402
m 174 150 1 258 402
m 174 173 1 258 402
m 174 232 1 258 402
b 174 3 258 402
m 174 27 3 11.375000000000002 137.375 0.16666666666666666
m 174 5 3 11.375000000000002 137.375 0.16666666666666666
b 179 3 332 339
m 179 209 3 8.749999999999998 98.25000000000001 1.0
b 183 2 298 362
m 183 123 2 298 362
m 183 132 2 298 362
m 183 141 2 298 362
m 183 170 2 298 362
m 183 172 2 298 362
m 183 174 2 298 362
m 183 179 2 298 362
m 183 198 2 298 362
b 186 0 125 369
m 186 19 0 125 369
m 186 39 0 125 369
m 186 48 0 125 369
m 186 56 0 125 369
m 186 65 0 125 369
m 186 90 0 125 369
m 186 114 0 125 369
m 186 159 0 125 369
m 186 177 0 125 369
m 186 182 0 125 369
b 186 1 125 369
m 186 19 1 125 369
m 186 39 1 125 369
m 186 48 1 125 369
m 186 56 1 125 369
m 186 65 1 125 369
m 186 90 1 125 369
m 186 114 1 125 369
m 186 159 1 125 369
m 186 177 1 125 369
m 186 182 1 125 369
b 187 0 111 259
m 187 48 0 111 259
b 187 1 111 259
m 187 48 1 111 259
m 187 76 1 111 259
b 187 3 111 259
m 187 48 3 10.0 115.0 1.0
b 197 2 179 152
m 197 34 2 179 152
b 198 0 328 400
m 198 27 0 328 400
m 198 150 0 328 400
b 198 1 328 400
m 198 27 1 328 400
m 198 150 1 328 400
b 198 3 328 400
m 198 27 3 11.125000000000002 134.875 0.25
b 199 2 457 268
m 199 68 2 457 268
m 199 115 2 457 268
m 199 176 2 457 268
m 199 181 2 457 268
b 202 0 55 151
m 202 7 0 55 151
m 202 33 0 55 151
m 202 42 0 55 151
m 202 83 0 55 151
m 202 109 0 55 151
m 202 152 0 55 151
m 202 163 0 55 151
m 202 229 0 55 151
b 202 1 55 151
b 202 3 55 151
m 202 33 3 9.625 99.375 0.5268027533710559
m 202 7 3 9.625 99.375 0.5268027533710559
m 202 42 3 9.625 99.375 0.5268027533710559
m 202 83 3 9.625 99.375 0.5268027533710559
b 208 0 364 404
m 208 66 0 364 404
b 208 1 364 404
m 208 66 1 364 404
b 208 3 364 404
m 208 66 3 9.625 114.125 1.0
b 209 2 278 329
m 209 172 2 278 329
m 209 179 2 278 329
b 212 2 272 337
m 212 123 2 272 337
m 212 170 2 272 337
m 212 172 2 272 337
m 212 174 2 272 337
m 212 179 2 272 337
m 212 198 2 272 337
b 218 0 189 410
m 218 56 0 189 410
m 218 90 0 189 410
m 218 159 0 189 410
m 218 173 0 189 410
m 218 182 0 189 410
b 218 1 189 410
m 218 56 1 189 410
m 218 90 1 189 410
m 218 159 1 189 410
m 218 173 1 189 410
m 218 182 1 189 410
b 218 3 189 410
m 218 90 3 10.625 119.375 0.16666666666666666
m 218 56 3 10.625 119.375 0.16666666666666666
b 219 0 112 292
m 219 48 0 112 292
m 219 51 0 112 292
b 219 1 112 292
m 219 48 1 112 292
m 219 51 1 112 292
b 219 3 112 292
m 219 48 3 9.875 107.375 0.3333333333333333
b 220 0 215 436
m 220 85 0 215 436
m 220 90 0 215 436
m 220 150 0 215 436
m 220 173 0 215 436
m 220 232 0 215 436
b 220 1 215 436
m 220 85 1 215 436
m 220 90 1 215 436
m 220 150 1 215 436
m 220 173 1 215 436
m 220 232 1 215 436
b 220 3 215 436
m 220 85 3 11.375 135.875 0.19525674925623068
b 223 0 27 101
m 223 7 0 27 101
m 223 33 0 27 101
m 223 83 0 27 101
b 223 1 27 101
m 223 7 1 27 101
m 223 33 1 27 101
m 223 81 1 27 101
m 223 83 1 27 101
m 223 157 1 27 101
b 223 3 27 101
m 223 7 3 6.625 61.625 0.3333333333333333
b 226 0 96 271
m 226 48 0 96 271
m 226 225 0 96 271
b 226 1 96 271
m 226 48 1 96 271
m 226 76 1 96 271
m 226 225 1 96 271
b 226 3 96 271
b 234 2 268 367
b 234 3 268 367
m 234 209 3 9.375000000000002 112.375 0.013333333333333308
b 235 0 110 353
m 235 39 0 110 353
m 235 48 0 110 353
m 235 65 0 110 353
m 235 90 0 110 353
m 235 114 0 110 353
m 235 159 0 110 353
m 235 177 0 110 353
m 235 182 0 110 353
b 235 1 110 353
m 235 39 1 110 353
m 235 48 1 110 353
m 235 65 1 110 353
m 235 90 1 110 353
m 235 114 1 110 353
m 235 159 1 110 353
m 235 177 1 110 353
m 235 182 1 110 353
b 235 3 110 353
m 235 48 3 10.875 121.375 0.6647523079790548
m 235 90 3 10.875 121.375 0.6647523079790548
m 235 182 3 10.875 121.375 0.6647523079790548
m 235 65 3 10.875 121.375 0.6647523079790548
m 235 159 3 10.875 121.375 0.6647523079790548
m 235 114 3 10.875 121.375 0.6647523079790548
m 235 39 3 10.875 121.375 0.6647523079790548
b 1 0 366 482
m 1 134 0 366 482
b 1 1 366 482
m 1 134 1 366 482
b 2 2 371 320
b 5 0 271 473
b 5 1 271 473
b 5 3 271 473
m 5 1 3 10.66666666666667 126.22222222222223 0.3333333333333333
b 7 0 15 132
b 7 1 15 132
b 7 3 15 132
b 18 0 324 494
b 18 1 324 494
b 18 3 324 494
m 18 1 3 10.66666666666667 126.22222222222223 0.3333333333333333
b 19 0 129 395
m 19 15 0 129 395
m 19 75 0 129 395
b 19 1 129 395
m 19 15 1 129 395
m 19 75 1 129 395
b 27 0 302 453
b 27 1 302 453
b 27 3 302 453
m 27 150 3 10.111111111111112 114.77777777777777 0.3333333333333333
b 28 1 144 193
m 28 34 1 144 193
b 32 2 401 320
m 32 45 2 401 320
m 32 100 2 401 320
m 32 122 2 401 320
m 32 144 2 401 320
b 33 0 47 135
b 33 1 47 135
m 33 163 1 47 135
b 33 3 47 135
m 33 229 3 8.555555555555555 85.22222222222221 0.5
m 33 163 3 8.555555555555555 85.22222222222221 0.5
b 36 2 266 448
m 36 5 2 266 448
m 36 18 2 266 448
m 36 27 2 266 448
m 36 85 2 266 448
m 36 147 2 266 448
m 36 150 2 266 448
m 36 168 2 266 448
m 36 173 2 266 448
m 36 220 2 266 448
m 36 232 2 266 448
b 39 0 92 386
m 39 15 0 92 386
m 39 75 0 92 386
b 39 1 92 386
b 39 3 92 386
m 39 15 3 10.222222222222221 110.66666666666666 0.2
m 39 75 3 10.222222222222221 110.66666666666666 0.2
b 42 0 11 165
b 42 1 11 165
m 42 163 1 11 165
b 42 3 11 165
m 42 229 3 9.777777777777777 106.22222222222221 0.5
m 42 163 3 9.777777777777777 106.22222222222221 0.5
b 48 0 123 330
b 48 1 123 330
b 48 2 123 330
m 48 39 2 123 330
m 48 51 2 123 330
m 48 226 2 123 330
b 48 3 123 330
b 51 0 79 333
m 51 89 0 79 333
m 51 155 0 79 333
b 51 1 79 333
m 51 89 1 79 333
m 51 155 1 79 333
b 54 1 34 214
m 54 163 1 34 214
b 56 0 127 467
m 56 15 0 127 467
m 56 75 0 127 467
m 56 98 0 127 467
m 56 194 0 127 467
m 56 196 0 127 467
m 56 211 0 127 467
m 56 224 0 127 467
m 56 238 0 127 467
b 56 1 127 467
m 56 15 1 127 467
m 56 75 1 127 467
m 56 98 1 127 467
m 56 194 1 127 467
m 56 196 1 127 467
m 56 211 1 127 467
m 56 224 1 127 467
m 56 238 1 127 467
b 56 3 127 467
m 56 75 3 10.555555555555555 117.22222222222223 0.23460375075620082
m 56 15 3 10.555555555555555 117.22222222222223 0.23460375075620082
m 56 98 3 10.555555555555555 117.22222222222223 0.23460375075620082
b 59 0 17 37
b 59 1 17 37
b 59 3 17 37
b 60 2 120 305
m 60 51 2 120 305
m 60 187 2 120 305
m 60 226 2 120 305
b 61 0 143 167
m 61 34 0 143 167
b 61 1 143 167
m 61 34 1 143 167
b 63 2 140 290
m 63 187 2 140 290
m 63 226 2 140 290
b 65 0 115 404
m 65 15 0 115 404
m 65 75 0 115 404
b 65 1 115 404
b 65 3 115 404
m 65 19 3 10.222222222222221 110.66666666666666 0.2
m 65 15 3 10.222222222222221 110.66666666666666 0.2
b 66 0 390 477
m 66 78 0 390 477
m 66 134 0 390 477
m 66 200 0 390 477
b 66 1 390 477
m 66 78 1 390 477
m 66 118 1 390 477
m 66 134 1 390 477
m 66 200 1 390 477
b 66 3 390 477
m 66 1 3 9.0 103.22222222222221 1.0
m 66 78 3 9.0 103.22222222222221 1.0
m 66 134 3 9.0 103.22222222222221 1.0
m 66 200 3 9.0 103.22222222222221 1.0
b 68 2 445 314
m 68 45 2 445 314
m 68 53 2 445 314
m 68 100 2 445 314
m 68 122 2 445 314
b 76 1 94 231
b 81 1 48 49
b 83 0 1 137
b 83 1 1 137
m 83 163 1 1 137
b 83 3 1 137
m 83 229 3 8.777777777777777 88.77777777777777 0.5
m 83 163 3 8.777777777777777 88.77777777777777 0.5
b 84 0 491 435
m 84 78 0 491 435
m 84 200 0 491 435
b 84 1 491 435
m 84 78 1 491 435
m 84 118 1 491 435
m 84 124 1 491 435
m 84 125 1 491 435
m 84 200 1 491 435
b 84 3 491 435
m 84 124 3 9.666666666666666 108.55555555555554 0.11155673078578753
b 85 0 229 470
m 85 211 0 229 470
b 85 1 229 470
b 85 3 229 470
m 85 150 3 10.444444444444445 121.77777777777777 0.3333333333333333
b 90 0 188 391
b 90 1 188 391
b 90 2 188 391
b 90 3 188 391
m 90 19 3 9.333333333333332 104.0 1.0
b 99 2 453 368
b 105 2 396 325
m 105 45 2 396 325
m 105 100 2 396 325
m 105 122 2 396 325
m 105 144 2 396 325
b 108 2 366 301
b 109 0 119 197
b 109 1 119 197
b 109 3 119 197
m 109 61 3 9.333333333333332 99.99999999999999 0.5
m 109 229 3 9.333333333333332 99.99999999999999 0.5
b 110 2 156 282
m 110 187 2 156 282
m 110 226 2 156 282
b 114 0 111 409
m 114 15 0 111 409
m 114 75 0 111 409
b 114 1 111 409
m 114 15 1 111 409
m 114 75 1 111 409
b 114 3 111 409
m 114 15 3 10.0 108.88888888888889 0.14010217113665385
b 115 2 481 271
b 118 0 440 483
m 118 78 0 440 483
m 118 134 0 440 483
m 118 200 0 440 483
b 118 3 440 483
m 118 125 3 9.777777777777777 109.55555555555554 0.2355091885400425
m 118 134 3 9.777777777777777 109.55555555555554 0.2355091885400425
b 123 2 315 374
m 123 208 2 315 374
b 124 0 489 470
m 124 200 0 489 470
b 125 0 479 491
m 125 78 0 479 491
m 125 200 0 479 491
b 132 2 284 413
m 132 5 2 284 413
m 132 27 2 284 413
m 132 147 2 284 413
m 132 150 2 284 413
m 132 168 2 284 413
b 141 2 368 377
m 141 45 2 368 377
m 141 144 2 368 377
m 141 208 2 368 377
b 146 2 159 332
b 147 0 309 457
b 147 1 309 457
b 147 3 309 457
m 147 150 3 10.444444444444443 122.88888888888889 0.5
m 147 1 3 10.444444444444443 122.88888888888889 0.5
b 150 0 286 417
b 150 1 286 417
b 151 2 176 416
m 151 19 2 176 416
m 151 56 2 176 416
m 151 159 2 176 416
m 151 173 2 176 416
m 151 182 2 176 416
m 151 220 2 176 416
b 152 0 40 200
b 152 1 40 200
b 152 3 40 200
m 152 229 3 8.555555555555555 85.22222222222221 0.5
m 152 163 3 8.555555555555555 85.22222222222221 0.5
b 157 1 16 45
b 159 0 122 399
m 159 75 0 122 399
b 159 1 122 399
m 159 75 1 122 399
b 159 3 122 399
m 159 19 3 10.0 108.88888888888889 0.3333333333333333
b 163 0 11 208
b 165 2 175 316
b 170 2 241 401
m 170 27 2 241 401
m 170 85 2 241 401
m 170 150 2 241 401
m 170 168 2 241 401
m 170 220 2 241 401
m 170 232 2 241 401
b 172 2 272 361
b 173 0 210 481
m 173 211 0 210 481
b 173 1 210 481
m 173 211 1 210 481
b 173 3 210 481
m 173 232 3 10.444444444444443 122.88888888888889 0.5
m 173 211 3 10.444444444444443 122.88888888888889 0.5
b 174 2 251 392
m 174 27 2 251 392
m 174 85 2 251 392
m 174 150 2 251 392
m 174 168 2 251 392
m 174 220 2 251 392
b 176 2 495 307
b 177 0 96 401
m 177 75 0 96 401
b 177 1 96 401
b 179 2 325 329
b 181 2 447 332
m 181 45 2 447 332
m 181 53 2 447 332
m 181 100 2 447 332
m 181 122 2 447 332
m 181 144 2 447 332
b 182 0 124 419
m 182 15 0 124 419
m 182 75 0 124 419
b 182 1 124 419
m 182 15 1 124 419
m 182 75 1 124 419
b 182 3 124 419
m 182 19 3 10.11111111111111 109.66666666666666 0.25
m 182 15 3 10.11111111111111 109.66666666666666 0.25
b 184 2 401 349
m 184 45 2 401 349
m 184 100 2 401 349
m 184 122 2 401 349
m 184 144 2 401 349
m 184 208 2 401 349
b 186 2 114 363
m 186 19 2 114 363
m 186 39 2 114 363
m 186 51 2 114 363
m 186 65 2 114 363
m 186 114 2 114 363
m 186 159 2 114 363
m 186 177 2 114 363
m 186 182 2 114 363
b 186 3 114 363
m 186 19 3 9.555555555555555 104.88888888888889 0.17602904247188556
b 189 2 406 335
b 198 2 338 392
b 209 3 289 325
b 218 2 189 422
m 218 19 2 189 422
m 218 56 2 189 422
m 218 159 2 189 422
m 218 173 2 189 422
m 218 182 2 189 422
m 218 220 2 189 422
b 219 2 112 280
b 225 0 37 288
m 225 155 0 37 288
b 225 1 37 288
m 225 155 1 37 288
b 225 3 37 288
m 225 51 3 9.88888888888889 106.77777777777777 0.3333333333333333
b 229 0 41 180
b 229 1 41 180
b 232 0 253 482
b 232 1 253 482
b 235 2 99 357
m 235 19 2 99 357
m 235 39 2 99 357
m 235 51 2 99 357
m 235 65 2 99 357
m 235 114 2 99 357
m 235 159 2 99 357
m 235 177 2 99 357
m 235 182 2 99 357
b 1 3 378 482
b 5 2 259 472
b 15 0 65 461
m 15 46 0 65 461
m 15 169 0 65 461
b 15 1 65 461
m 15 46 1 65 461
m 15 169 1 65 461
b 15 3 65 461
m 15 46 3 10.0 106.0 0.27787610619469033
m 15 169 3 10.0 106.0 0.27787610619469033
b 18 2 333 497
m 18 1 2 333 497
m 18 66 2 333 497
b 19 2 136 386
b 19 3 136 386
m 19 177 3 9.299999999999999 99.69999999999999 1.0
b 27 2 307 463
m 27 1 2 307 463
b 39 2 91 375
m 39 75 2 91 375
b 45 2 399 383
b 51 2 87 325
m 51 89 2 87 325
m 51 225 2 87 325
b 51 3 87 325
m 51 89 3 9.1 96.5 0.1765340928184964
b 53 2 465 356
b 56 2 125 479
m 56 15 2 125 479
m 56 75 2 125 479
m 56 98 2 125 479
m 56 196 2 125 479
m 56 211 2 125 479
m 56 224 2 125 479
m 56 238 2 125 479
b 61 3 154 164
m 61 34 3 9.333333333333332 99.99999999999999 -1.0
b 65 2 125 410
b 75 0 128 452
b 75 1 128 452
b 75 3 128 452
m 75 238 3 9.7 102.1 0.2061125809688897
m 75 196 3 9.7 102.1 0.2061125809688897
b 78 0 392 468
b 78 1 392 468
b 78 3 392 468
b 85 2 222 480
m 85 211 2 222 480
b 89 0 32 353
b 89 1 32 353
b 98 0 95 497
m 98 46 0 95 497
b 98 1 95 497
m 98 46 1 95 497
b 98 3 95 497
m 98 196 3 10.1 109.1 0.08993627697615497
b 100 2 457 403
m 100 25 2 457 403
m 100 84 2 457 403
b 114 2 119 417
b 118 1 429 489
b 122 2 421 358
b 124 1 482 480
b 124 3 482 480
b 125 1 478 496
b 125 3 478 496
b 134 0 417 497
b 134 1 417 497
b 134 3 417 497
b 144 2 427 372
b 147 2 300 449
m 147 1 2 300 449
b 150 2 293 407
b 150 3 293 407
b 155 0 24 262
b 155 1 24 262
b 159 2 111 395
m 159 75 2 111 395
b 163 1 11 220
b 163 3 11 220
m 163 155 3 7.8 76.79999999999998 0.012820512820512886
b 168 2 259 478
b 173 2 211 493
m 173 211 2 211 493
b 177 2 88 410
m 177 15 2 88 410
m 177 75 2 88 410
b 182 2 116 428
m 182 15 2 116 428
m 182 75 2 116 428
m 182 196 2 116 428
m 182 211 2 116 428
b 187 2 111 235
b 194 0 46 487
m 194 46 0 46 487
m 194 58 0 46 487
m 194 169 0 46 487
b 194 1 46 487
m 194 46 1 46 487
m 194 58 1 46 487
m 194 169 1 46 487
b 196 0 141 481
b 196 1 141 481
b 200 0 433 486
b 200 1 433 486
b 200 3 433 486
b 208 2 342 413
b 211 0 144 478
b 211 1 144 478
b 211 3 144 478
m 211 196 3 9.7 111.5 0.6750607826358611
m 211 224 3 9.7 111.5 0.6750607826358611
b 220 2 222 459
b 224 0 121 498
b 224 1 121 498
b 226 2 103 248
m 226 76 2 103 248
m 226 92 2 103 248
m 226 109 2 103 248
m 226 225 2 103 248
b 229 3 33 172
b 232 2 264 486
b 232 3 264 486
b 238 0 70 492
m 238 46 0 70 492
m 238 58 0 70 492
b 238 1 70 492
m 238 46 1 70 492
m 238 58 1 70 492
b 1 2 390 483
m 1 78 2 390 483
m 1 118 2 390 483
m 1 134 2 390 483
m 1 200 2 390 483
b 15 2 54 456
b 25 2 492 419
m 25 124 2 492 419
m 25 125 2 492 419
b 46 0 7 447
m 46 20 0 7 447
b 46 1 7 447
b 46 3 7 447
m 46 20 3 9.363636363636365 97.18181818181817 0.3333333333333333
b 58 0 46 484
b 58 1 46 484
b 66 2 373 495
m 66 78 2 373 495
m 66 118 2 373 495
m 66 134 2 373 495
m 66 200 2 373 495
b 75 2 139 457
b 76 2 103 253
b 84 2 495 417
b 89 2 38 363
b 89 3 38 363
b 92 2 80 175
m 92 24 2 80 175
m 92 33 2 80 175
m 92 54 2 80 175
m 92 152 2 80 175
m 92 202 2 80 175
m 92 229 2 80 175
b 98 2 106 497
m 98 194 2 106 497
b 109 2 136 214
m 109 61 2 136 214
b 155 3 22 250
b 169 0 44 426
m 169 20 0 44 426
b 169 1 44 426
m 169 20 1 44 426
b 169 3 44 426
m 169 20 3 9.363636363636365 97.18181818181817 0.3333333333333333
b 177 3 81 420
b 196 2 142 469
b 196 3 142 469
b 211 2 133 474
b 224 2 133 498
b 224 3 133 498
b 225 2 48 309
m 225 155 2 48 309
b 238 2 58 494
m 238 46 2 58 494
m 238 58 2 58 494
m 238 169 2 58 494
m 238 194 2 58 494
b 238 3 58 494
m 238 58 3 9.0 93.18181818181817 0.5
m 238 194 3 9.0 93.18181818181817 0.5
b 20 0 19 441
b 20 1 19 441
b 20 3 19 441
b 24 2 20 148
m 24 7 2 20 148
m 24 35 2 20 148
m 24 42 2 20 148
m 24 83 2 20 148
m 24 223 2 20 148
b 33 2 72 109
m 33 7 2 72 109
m 33 35 2 72 109
m 33 37 2 72 109
m 33 62 2 72 109
m 33 81 2 72 109
m 33 82 2 72 109
m 33 83 2 72 109
m 33 86 2 72 109
m 33 157 2 72 109
m 33 223 2 72 109
b 46 2 6 442
m 46 20 2 6 442
b 54 2 1 224
m 54 163 2 1 224
b 58 2 56 476
m 58 20 2 56 476
b 58 3 56 476
b 61 2 177 157
m 61 34 2 177 157
b 78 2 368 467
b 118 2 408 498
b 124 2 468 499
b 125 2 490 476
b 134 2 427 475
b 152 2 65 226
m 152 163 2 65 226
b 155 2 20 238
m 155 163 2 20 238
b 169 2 56 425
b 194 2 41 487
b 194 3 41 487
b 200 2 410 479
b 202 2 34 194
b 229 2 16 155
b 7 2 63 135
m 7 59 2 63 135
m 7 140 2 63 135
b 20 2 27 450
b 35 2 72 121
m 35 59 2 72 121
m 35 140 2 72 121
b 37 2 96 86
m 37 59 2 96 86
m 37 113 2 96 86
b 42 2 27 133
m 42 140 2 27 133
b 62 2 93 42
m 62 57 2 93 42
m 62 59 2 93 42
m 62 74 2 93 42
m 62 107 2 93 42
m 62 113 2 93 42
m 62 236 2 93 42
b 81 2 96 51
b 82 2 119 45
m 82 57 2 119 45
m 82 74 2 119 45
m 82 107 2 119 45
m 82 113 2 119 45
m 82 236 2 119 45
b 83 2 1 89
m 83 59 2 1 89
m 83 140 2 1 89
b 86 2 13 45
b 157 2 56 71
m 157 59 2 56 71
m 157 74 2 56 71
m 157 140 2 56 71
b 163 2 12 256
b 223 2 2 147
m 223 140 2 2 147
b 57 2 145 7
b 59 2 57 83
b 74 2 66 4
b 107 2 180 87
m 107 29 2 180 87
b 113 2 153 17
b 140 2 10 114
b 236 2 61 11
b 29 2 247 62
