Key: 
t: node change direction (node id, x, y, new direction)
s: node start location (node id, x, y, start direction, buffer)
m: message transfer (sender id, target id, messageType, sender x, sender y
b: broadcast (node id, message type, x, y)
49 244 10 456
s 0 156 75 338 19
s 1 160 353 209 2
s 2 264 334 219 11
s 3 11 345 110 19
s 4 354 183 310 15
s 5 258 119 221 17
s 6 243 336 172 8
s 7 35 260 177 12
s 8 487 385 210 16
s 9 153 223 212 20
s 10 42 265 285 0
s 11 192 454 65 0
s 12 471 401 295 16
s 13 209 403 106 15
s 14 17 200 100 5
s 15 207 416 100 17
s 16 403 217 275 14
s 17 183 86 188 17
s 18 210 192 140 2
s 19 339 34 253 0
s 20 200 61 226 18
s 21 159 152 193 6
s 22 158 415 38 22
s 23 134 469 96 10
s 24 418 80 40 12
s 25 2 181 345 7
s 26 207 163 282 10
s 27 471 176 227 18
s 28 84 480 235 4
s 29 381 365 64 21
s 30 477 466 269 21
s 31 26 355 118 17
s 32 479 39 60 10
s 33 116 389 186 6
s 34 448 333 244 22
s 35 393 328 291 10
s 36 14 252 222 21
s 37 219 442 287 2
s 38 482 123 14 11
s 39 319 469 197 11
s 40 418 255 132 9
s 41 438 71 95 7
s 42 391 5 316 5
s 43 319 465 322 8
s 44 120 223 93 6
s 45 453 465 173 6
s 46 472 205 235 1
s 47 388 292 180 13
s 48 265 46 121 3
s 49 7 247 151 18
s 50 184 370 215 9
s 51 42 432 34 21
s 52 434 370 220 18
s 53 344 193 122 20
s 54 450 379 288 19
s 55 112 399 162 13
s 56 149 392 177 3
s 57 153 283 9 20
s 58 264 263 8 4
s 59 419 275 201 0
s 60 369 313 70 8
s 61 41 263 102 18
s 62 53 103 49 11
s 63 387 475 96 22
s 64 142 401 342 6
s 65 100 382 277 13
s 66 447 357 122 5
s 67 86 15 23 2
s 68 177 280 96 6
s 69 163 197 351 19
s 70 319 464 25 0
s 71 301 116 300 8
s 72 34 403 219 11
s 73 136 292 107 17
s 74 122 372 104 16
s 75 429 438 132 13
s 76 189 10 93 20
s 77 495 454 294 15
s 78 257 295 11 18
s 79 304 291 143 10
s 80 143 432 318 3
s 81 95 286 2 12
s 82 327 466 143 18
s 83 456 110 22 6
s 84 257 180 160 18
s 85 341 377 265 3
s 86 282 57 283 0
s 87 363 482 71 0
s 88 394 22 184 22
s 89 20 78 210 4
s 90 98 135 178 11
s 91 366 433 279 17
s 92 430 66 76 8
s 93 255 26 337 5
s 94 219 107 357 8
s 95 170 149 5 2
s 96 24 327 277 19
s 97 10 468 314 10
s 98 91 51 100 20
s 99 211 202 244 13
s 100 57 297 278 17
s 101 412 494 229 21
s 102 211 122 300 4
s 103 130 271 311 3
s 104 390 237 10 20
s 105 380 147 153 8
s 106 132 395 184 6
s 107 168 233 109 7
s 108 89 142 304 2
s 109 106 453 220 10
s 110 472 14 36 4
s 111 471 365 14 15
s 112 1 253 81 15
s 113 364 188 240 12
s 114 442 377 43 5
s 115 104 269 307 6
s 116 10 456 254 14
s 117 392 271 246 20
s 118 466 377 239 7
s 119 446 477 208 14
s 120 492 39 357 14
s 121 255 414 349 7
s 122 446 246 192 6
s 123 184 480 179 5
s 124 447 465 228 17
s 125 85 192 58 9
s 126 210 58 322 2
s 127 205 312 21 12
s 128 402 166 44 3
s 129 463 418 48 13
s 130 155 238 162 11
s 131 445 22 311 11
s 132 120 265 86 7
s 133 417 188 296 12
s 134 33 105 256 11
s 135 74 240 134 5
s 136 247 221 63 2
s 137 124 177 105 22
s 138 286 5 117 8
s 139 356 221 214 16
s 140 428 479 318 18
s 141 285 208 191 6
s 142 235 487 277 9
s 143 65 79 160 21
s 144 482 41 226 8
s 145 10 280 95 15
s 146 355 231 252 7
s 147 24 85 206 18
s 148 102 171 184 12
s 149 156 185 224 21
s 150 228 47 172 15
s 151 93 172 188 1
s 152 90 489 122 14
s 153 99 458 322 2
s 154 167 223 171 2
s 155 322 473 56 10
s 156 445 242 95 8
s 157 311 293 8 19
s 158 356 349 72 9
s 159 491 387 2 12
s 160 161 296 1 6
s 161 318 210 208 10
s 162 174 432 78 7
s 163 342 375 219 8
s 164 366 133 112 19
s 165 244 37 313 2
s 166 225 138 269 16
s 167 39 310 40 9
s 168 436 125 186 18
s 169 79 433 91 14
s 170 383 457 295 14
s 171 208 362 206 10
s 172 463 318 262 22
s 173 139 436 249 22
s 174 486 302 351 8
s 175 343 18 70 4
s 176 423 138 275 2
s 177 347 111 272 7
s 178 45 214 10 9
s 179 396 437 354 19
s 180 108 167 299 10
s 181 3 140 287 3
s 182 159 328 329 4
s 183 43 450 212 11
s 184 326 462 309 22
s 185 122 231 40 14
s 186 25 83 91 1
s 187 347 79 108 2
s 188 53 406 21 2
s 189 123 467 260 0
s 190 186 382 102 20
s 191 435 2 290 1
s 192 131 97 212 2
s 193 334 220 170 15
s 194 380 475 198 8
s 195 272 464 102 18
s 196 251 6 285 15
s 197 174 469 127 15
s 198 49 244 26 20
s 199 212 127 302 6
s 200 351 407 357 0
s 201 269 323 94 17
s 202 254 370 85 22
s 203 182 410 270 0
s 204 164 475 345 18
s 205 400 257 168 14
s 206 404 496 177 6
s 207 198 315 320 17
s 208 10 485 234 5
s 209 269 466 50 15
s 210 386 13 12 16
s 211 295 273 76 15
s 212 496 138 74 12
s 213 435 446 5 0
s 214 294 437 134 1
s 215 0 471 256 7
s 216 129 282 206 6
s 217 96 274 16 15
s 218 93 90 144 18
s 219 100 93 280 3
s 220 382 133 181 20
s 221 451 200 310 2
s 222 165 365 237 5
s 223 208 334 93 6
s 224 45 46 231 7
s 225 442 46 133 21
s 226 262 298 82 1
s 227 485 474 225 14
s 228 219 450 253 9
s 229 438 481 131 5
s 230 488 466 280 21
s 231 331 197 207 2
s 232 65 212 182 21
s 233 214 92 26 0
s 234 472 396 272 8
s 235 449 239 94 14
s 236 411 494 246 17
s 237 57 242 44 20
s 238 455 184 204 11
s 239 332 308 285 22
b 198 0 61 250
m 198 7 0 61 250
m 198 10 0 61 250
m 198 14 0 61 250
m 198 36 0 61 250
m 198 49 0 61 250
m 198 61 0 61 250
m 198 81 0 61 250
m 198 100 0 61 250
m 198 112 0 61 250
m 198 115 0 61 250
m 198 125 0 61 250
m 198 132 0 61 250
m 198 135 0 61 250
m 198 145 0 61 250
m 198 167 0 61 250
m 198 178 0 61 250
m 198 185 0 61 250
m 198 217 0 61 250
m 198 232 0 61 250
m 198 237 0 61 250
b 198 1 61 250
m 198 7 1 61 250
m 198 10 1 61 250
m 198 14 1 61 250
m 198 36 1 61 250
m 198 49 1 61 250
m 198 61 1 61 250
m 198 81 1 61 250
m 198 100 1 61 250
m 198 112 1 61 250
m 198 115 1 61 250
m 198 125 1 61 250
m 198 132 1 61 250
m 198 135 1 61 250
m 198 145 1 61 250
m 198 167 1 61 250
m 198 178 1 61 250
m 198 185 1 61 250
m 198 217 1 61 250
m 198 232 1 61 250
m 198 237 1 61 250
b 198 2 61 250
m 198 7 2 61 250
m 198 10 2 61 250
m 198 14 2 61 250
m 198 36 2 61 250
m 198 49 2 61 250
m 198 61 2 61 250
m 198 81 2 61 250
m 198 100 2 61 250
m 198 112 2 61 250
m 198 115 2 61 250
m 198 125 2 61 250
m 198 132 2 61 250
m 198 135 2 61 250
m 198 145 2 61 250
m 198 167 2 61 250
m 198 178 2 61 250
m 198 185 2 61 250
m 198 217 2 61 250
m 198 232 2 61 250
m 198 237 2 61 250
b 198 3 61 250
m 198 7 3 21.0 441.0 1.0
m 198 10 3 21.0 441.0 1.0
m 198 14 3 21.0 441.0 1.0
m 198 36 3 21.0 441.0 1.0
m 198 49 3 21.0 441.0 1.0
m 198 61 3 21.0 441.0 1.0
m 198 81 3 21.0 441.0 1.0
m 198 100 3 21.0 441.0 1.0
m 198 112 3 21.0 441.0 1.0
m 198 115 3 21.0 441.0 1.0
m 198 125 3 21.0 441.0 1.0
m 198 132 3 21.0 441.0 1.0
m 198 135 3 21.0 441.0 1.0
m 198 145 3 21.0 441.0 1.0
m 198 167 3 21.0 441.0 1.0
m 198 178 3 21.0 441.0 1.0
m 198 185 3 21.0 441.0 1.0
m 198 217 3 21.0 441.0 1.0
m 198 232 3 21.0 441.0 1.0
m 198 237 3 21.0 441.0 1.0
b 10 0 48 241
m 10 96 0 48 241
b 10 1 48 241
m 10 96 1 48 241
b 10 2 48 241
m 10 96 2 48 241
b 10 3 48 241
m 10 96 3 14.333333333333334 294.3333333333333 1.0
b 14 0 11 230
m 14 25 0 11 230
b 14 1 11 230
m 14 25 1 11 230
b 14 2 11 230
b 14 3 11 230
m 14 25 3 14.333333333333334 294.3333333333333 1.0
b 135 0 53 261
m 135 44 0 53 261
m 135 96 0 53 261
m 135 216 0 53 261
b 135 1 53 261
m 135 44 1 53 261
m 135 96 1 53 261
m 135 216 1 53 261
b 135 2 53 261
b 135 3 53 261
m 135 96 3 15.0 297.0 0.3333333333333333
b 115 0 122 245
m 115 9 0 122 245
m 115 44 0 122 245
m 115 57 0 122 245
m 115 73 0 122 245
m 115 103 0 122 245
m 115 107 0 122 245
m 115 130 0 122 245
m 115 137 0 122 245
m 115 154 0 122 245
m 115 216 0 122 245
b 115 1 122 245
m 115 9 1 122 245
m 115 44 1 122 245
m 115 57 1 122 245
m 115 73 1 122 245
m 115 103 1 122 245
m 115 107 1 122 245
m 115 130 1 122 245
m 115 137 1 122 245
m 115 154 1 122 245
m 115 216 1 122 245
b 115 2 122 245
m 115 9 2 122 245
m 115 44 2 122 245
m 115 57 2 122 245
m 115 73 2 122 245
m 115 103 2 122 245
m 115 107 2 122 245
m 115 130 2 122 245
m 115 137 2 122 245
m 115 154 2 122 245
m 115 216 2 122 245
b 115 3 122 245
m 115 44 3 17.333333333333332 327.3333333333333 0.12211538461538418
m 115 9 3 17.333333333333332 327.3333333333333 0.12211538461538418
b 132 0 122 297
m 132 44 0 122 297
m 132 57 0 122 297
m 132 68 0 122 297
m 132 73 0 122 297
m 132 103 0 122 297
m 132 107 0 122 297
m 132 130 0 122 297
m 132 154 0 122 297
m 132 182 0 122 297
m 132 216 0 122 297
m 132 222 0 122 297
b 132 1 122 297
m 132 44 1 122 297
m 132 57 1 122 297
m 132 68 1 122 297
m 132 73 1 122 297
m 132 103 1 122 297
m 132 107 1 122 297
m 132 130 1 122 297
m 132 154 1 122 297
m 132 182 1 122 297
m 132 216 1 122 297
m 132 222 1 122 297
b 132 2 122 297
m 132 44 2 122 297
m 132 57 2 122 297
m 132 68 2 122 297
m 132 73 2 122 297
m 132 103 2 122 297
m 132 107 2 122 297
m 132 130 2 122 297
m 132 154 2 122 297
m 132 182 2 122 297
m 132 216 2 122 297
m 132 222 2 122 297
b 132 3 122 297
m 132 154 3 18.333333333333332 350.3333333333333 0.5373426573426572
m 132 182 3 18.333333333333332 350.3333333333333 0.5373426573426572
m 132 57 3 18.333333333333332 350.3333333333333 0.5373426573426572
m 132 103 3 18.333333333333332 350.3333333333333 0.5373426573426572
m 132 68 3 18.333333333333332 350.3333333333333 0.5373426573426572
m 132 130 3 18.333333333333332 350.3333333333333 0.5373426573426572
m 132 107 3 18.333333333333332 350.3333333333333 0.5373426573426572
b 125 0 103 221
m 125 9 0 103 221
m 125 44 0 103 221
m 125 103 0 103 221
m 125 130 0 103 221
m 125 137 0 103 221
m 125 148 0 103 221
m 125 149 0 103 221
m 125 151 0 103 221
m 125 154 0 103 221
m 125 216 0 103 221
b 125 1 103 221
b 125 2 103 221
m 125 9 2 103 221
m 125 44 2 103 221
m 125 103 2 103 221
m 125 130 2 103 221
m 125 137 2 103 221
m 125 148 2 103 221
m 125 149 2 103 221
m 125 151 2 103 221
m 125 154 2 103 221
m 125 216 2 103 221
b 125 3 103 221
m 125 151 3 17.666666666666668 334.3333333333333 0.28902229845626093
m 125 149 3 17.666666666666668 334.3333333333333 0.28902229845626093
m 125 148 3 17.666666666666668 334.3333333333333 0.28902229845626093
b 167 0 65 331
m 167 3 0 65 331
m 167 31 0 65 331
m 167 33 0 65 331
m 167 65 0 65 331
m 167 96 0 65 331
b 167 1 65 331
m 167 3 1 65 331
m 167 31 1 65 331
m 167 33 1 65 331
m 167 65 1 65 331
m 167 96 1 65 331
b 167 2 65 331
m 167 3 2 65 331
m 167 31 2 65 331
m 167 33 2 65 331
m 167 65 2 65 331
m 167 96 2 65 331
b 167 3 65 331
m 167 3 3 16.333333333333332 310.3333333333333 0.14285714285714285
b 178 0 78 220
m 178 25 0 78 220
m 178 44 0 78 220
m 178 137 0 78 220
m 178 148 0 78 220
m 178 151 0 78 220
m 178 216 0 78 220
b 178 1 78 220
b 178 2 78 220
b 178 3 78 220
m 178 25 3 16.666666666666668 315.3333333333333 0.125
m 178 151 3 16.666666666666668 315.3333333333333 0.125
b 7 0 2 264
b 7 1 2 264
b 7 2 2 264
b 7 3 2 264
b 81 0 132 287
m 81 1 0 132 287
m 81 44 0 132 287
m 81 57 0 132 287
m 81 65 0 132 287
m 81 68 0 132 287
m 81 73 0 132 287
m 81 103 0 132 287
m 81 107 0 132 287
m 81 130 0 132 287
m 81 154 0 132 287
m 81 182 0 132 287
m 81 216 0 132 287
m 81 222 0 132 287
b 81 1 132 287
m 81 1 1 132 287
m 81 44 1 132 287
m 81 57 1 132 287
m 81 65 1 132 287
m 81 68 1 132 287
m 81 73 1 132 287
m 81 103 1 132 287
m 81 107 1 132 287
m 81 130 1 132 287
m 81 154 1 132 287
m 81 182 1 132 287
m 81 216 1 132 287
m 81 222 1 132 287
b 81 2 132 287
b 81 3 132 287
m 81 68 3 18.666666666666668 359.3333333333333 0.6312500000000001
m 81 103 3 18.666666666666668 359.3333333333333 0.6312500000000001
m 81 44 3 18.666666666666668 359.3333333333333 0.6312500000000001
m 81 1 3 18.666666666666668 359.3333333333333 0.6312500000000001
m 81 73 3 18.666666666666668 359.3333333333333 0.6312500000000001
m 81 107 3 18.666666666666668 359.3333333333333 0.6312500000000001
m 81 65 3 18.666666666666668 359.3333333333333 0.6312500000000001
m 81 130 3 18.666666666666668 359.3333333333333 0.6312500000000001
b 185 0 151 256
m 185 9 0 151 256
m 185 18 0 151 256
m 185 44 0 151 256
m 185 57 0 151 256
m 185 68 0 151 256
m 185 73 0 151 256
m 185 103 0 151 256
m 185 107 0 151 256
m 185 130 0 151 256
m 185 137 0 151 256
m 185 154 0 151 256
m 185 216 0 151 256
b 185 1 151 256
m 185 9 1 151 256
m 185 18 1 151 256
m 185 44 1 151 256
m 185 57 1 151 256
m 185 68 1 151 256
m 185 73 1 151 256
m 185 103 1 151 256
m 185 107 1 151 256
m 185 130 1 151 256
m 185 137 1 151 256
m 185 154 1 151 256
m 185 216 1 151 256
b 185 2 151 256
m 185 9 2 151 256
m 185 18 2 151 256
m 185 44 2 151 256
m 185 57 2 151 256
m 185 68 2 151 256
m 185 73 2 151 256
m 185 103 2 151 256
m 185 107 2 151 256
m 185 130 2 151 256
m 185 137 2 151 256
m 185 154 2 151 256
m 185 216 2 151 256
b 185 3 151 256
m 185 44 3 18.666666666666668 359.3333333333333 0.6312500000000001
m 185 57 3 18.666666666666668 359.3333333333333 0.6312500000000001
m 185 73 3 18.666666666666668 359.3333333333333 0.6312500000000001
m 185 103 3 18.666666666666668 359.3333333333333 0.6312500000000001
m 185 68 3 18.666666666666668 359.3333333333333 0.6312500000000001
m 185 107 3 18.666666666666668 359.3333333333333 0.6312500000000001
m 185 216 3 18.666666666666668 359.3333333333333 0.6312500000000001
b 112 0 8 293
b 112 1 8 293
b 112 2 8 293
b 112 3 8 293
b 145 0 7 319
m 145 3 0 7 319
m 145 31 0 7 319
b 145 1 7 319
m 145 3 1 7 319
m 145 31 1 7 319
b 145 2 7 319
m 145 3 2 7 319
m 145 31 2 7 319
b 145 3 7 319
m 145 3 3 14.666666666666666 295.3333333333333 0.5
m 145 31 3 14.666666666666666 295.3333333333333 0.5
b 217 0 134 285
m 217 1 0 134 285
m 217 44 0 134 285
m 217 57 0 134 285
m 217 68 0 134 285
m 217 73 0 134 285
m 217 103 0 134 285
m 217 107 0 134 285
m 217 130 0 134 285
m 217 154 0 134 285
m 217 216 0 134 285
m 217 222 0 134 285
b 217 1 134 285
m 217 1 1 134 285
m 217 44 1 134 285
m 217 57 1 134 285
m 217 68 1 134 285
m 217 73 1 134 285
m 217 103 1 134 285
m 217 107 1 134 285
m 217 130 1 134 285
m 217 154 1 134 285
m 217 216 1 134 285
m 217 222 1 134 285
b 217 2 134 285
b 217 3 134 285
m 217 68 3 19.0 369.0 0.7105263157894737
m 217 44 3 19.0 369.0 0.7105263157894737
m 217 1 3 19.0 369.0 0.7105263157894737
m 217 73 3 19.0 369.0 0.7105263157894737
m 217 103 3 19.0 369.0 0.7105263157894737
m 217 107 3 19.0 369.0 0.7105263157894737
m 217 130 3 19.0 369.0 0.7105263157894737
b 100 0 63 255
b 100 1 63 255
b 100 2 63 255
b 100 3 63 255
m 100 44 3 15.0 297.0 0.3333333333333333
b 49 0 26 226
b 49 1 26 226
b 49 2 26 226
b 49 3 26 226
b 61 0 32 305
b 61 1 32 305
b 61 2 32 305
b 61 3 32 305
b 154 0 122 230
m 154 18 0 122 230
b 154 1 122 230
m 154 18 1 122 230
b 154 2 122 230
b 237 0 90 273
b 237 1 90 273
b 237 2 90 273
b 237 3 90 273
b 36 0 14 263
b 36 1 14 263
b 36 2 14 263
b 36 3 14 263
b 103 0 160 237
m 103 18 0 160 237
b 103 1 160 237
b 103 2 160 237
m 103 18 2 160 237
b 154 3 121 230
m 154 137 3 14.5 265.0 0.3333333333333333
b 232 0 19 211
b 232 1 19 211
b 232 2 19 211
m 232 25 2 19 211
b 232 3 19 211
b 103 3 161 236
m 103 18 3 15.0 269.0 0.2
m 103 216 3 15.0 269.0 0.2
b 151 0 46 166
m 151 21 0 46 166
m 151 62 0 46 166
m 151 90 0 46 166
m 151 186 0 46 166
m 151 218 0 46 166
b 151 2 46 166
b 151 3 46 166
m 151 21 3 14.75 259.75 0.08702467422444532
b 44 0 118 271
b 44 1 118 271
b 182 0 200 304
m 182 2 0 200 304
m 182 6 0 200 304
m 182 50 0 200 304
m 182 127 0 200 304
m 182 160 0 200 304
m 182 171 0 200 304
m 182 203 0 200 304
m 182 207 0 200 304
m 182 223 0 200 304
b 182 1 200 304
m 182 2 1 200 304
m 182 6 1 200 304
m 182 50 1 200 304
m 182 127 1 200 304
m 182 160 1 200 304
m 182 171 1 200 304
m 182 203 1 200 304
m 182 207 1 200 304
m 182 223 1 200 304
b 182 2 200 304
b 182 3 200 304
m 182 223 3 16.25 287.75 0.43019782627011516
m 182 50 3 16.25 287.75 0.43019782627011516
m 182 222 3 16.25 287.75 0.43019782627011516
m 182 203 3 16.25 287.75 0.43019782627011516
m 182 127 3 16.25 287.75 0.43019782627011516
b 216 0 86 261
b 216 1 86 261
b 25 0 49 168
m 25 62 0 49 168
m 25 90 0 49 168
m 25 186 0 49 168
m 25 218 0 49 168
b 25 1 49 168
m 25 62 1 49 168
m 25 90 1 49 168
m 25 148 1 49 168
m 25 151 1 49 168
m 25 186 1 49 168
m 25 218 1 49 168
b 25 3 49 168
m 25 62 3 12.0 227.0 1.0
m 25 90 3 12.0 227.0 1.0
m 25 186 3 12.0 227.0 1.0
m 25 218 3 12.0 227.0 1.0
b 44 2 118 272
b 44 3 118 272
m 44 216 3 13.5 246.5 0.5
m 44 137 3 13.5 246.5 0.5
b 216 2 85 261
b 222 0 138 324
m 222 6 0 138 324
m 222 50 0 138 324
m 222 160 0 138 324
m 222 171 0 138 324
m 222 173 0 138 324
m 222 203 0 138 324
b 222 1 138 324
m 222 6 1 138 324
m 222 50 1 138 324
m 222 160 1 138 324
m 222 171 1 138 324
m 222 173 1 138 324
m 222 203 1 138 324
b 222 2 138 324
b 68 0 172 330
m 68 6 0 172 330
m 68 50 0 172 330
m 68 64 0 172 330
m 68 127 0 172 330
m 68 160 0 172 330
m 68 171 0 172 330
m 68 203 0 172 330
m 68 223 0 172 330
b 68 1 172 330
m 68 6 1 172 330
m 68 50 1 172 330
m 68 64 1 172 330
m 68 127 1 172 330
m 68 160 1 172 330
m 68 171 1 172 330
m 68 203 1 172 330
m 68 223 1 172 330
b 68 2 172 330
m 68 1 2 172 330
m 68 6 2 172 330
m 68 50 2 172 330
m 68 64 2 172 330
m 68 127 2 172 330
m 68 160 2 172 330
m 68 171 2 172 330
m 68 203 2 172 330
m 68 223 2 172 330
b 68 3 172 330
m 68 50 3 16.5 293.0 0.48703830792549285
m 68 127 3 16.5 293.0 0.48703830792549285
m 68 64 3 16.5 293.0 0.48703830792549285
m 68 160 3 16.5 293.0 0.48703830792549285
b 107 0 151 281
m 107 18 0 151 281
m 107 160 0 151 281
b 107 1 151 281
m 107 18 1 151 281
m 107 160 1 151 281
b 107 2 151 281
b 1 0 116 329
m 1 50 0 116 329
m 1 56 0 116 329
m 1 106 0 116 329
m 1 171 0 116 329
m 1 173 0 116 329
m 1 203 0 116 329
b 1 1 116 329
m 1 50 1 116 329
m 1 56 1 116 329
m 1 106 1 116 329
m 1 171 1 116 329
m 1 173 1 116 329
m 1 203 1 116 329
b 1 3 116 329
m 1 33 3 16.0 285.5 0.24293396832191766
m 1 203 3 16.0 285.5 0.24293396832191766
b 107 3 151 282
m 107 160 3 14.75 266.75 0.25
b 33 0 64 384
m 33 55 0 64 384
m 33 56 0 64 384
m 33 72 0 64 384
m 33 74 0 64 384
m 33 97 0 64 384
m 33 106 0 64 384
m 33 109 0 64 384
m 33 173 0 64 384
m 33 188 0 64 384
m 33 189 0 64 384
b 33 1 64 384
m 33 55 1 64 384
m 33 56 1 64 384
m 33 72 1 64 384
m 33 74 1 64 384
m 33 97 1 64 384
m 33 106 1 64 384
m 33 109 1 64 384
m 33 173 1 64 384
m 33 188 1 64 384
m 33 189 1 64 384
b 33 2 64 384
m 33 1 2 64 384
m 33 55 2 64 384
m 33 56 2 64 384
m 33 72 2 64 384
m 33 74 2 64 384
m 33 97 2 64 384
m 33 106 2 64 384
m 33 109 2 64 384
m 33 173 2 64 384
m 33 188 2 64 384
m 33 189 2 64 384
b 18 0 169 226
m 18 69 0 169 226
m 18 84 0 169 226
m 18 141 0 169 226
b 18 1 169 226
m 18 69 1 169 226
m 18 84 1 169 226
m 18 141 1 169 226
b 18 2 169 226
b 130 0 104 254
b 130 1 104 254
b 130 2 104 254
b 130 3 103 255
m 130 137 3 14.25 263.75 0.5
m 130 18 3 14.25 263.75 0.5
b 96 0 31 271
b 96 1 31 271
b 96 2 31 271
b 96 3 31 271
b 216 3 78 257
b 148 0 44 167
m 148 62 0 44 167
m 148 90 0 44 167
m 148 186 0 44 167
m 148 218 0 44 167
b 148 2 44 167
m 148 62 2 44 167
m 148 90 2 44 167
m 148 186 2 44 167
m 148 218 2 44 167
b 148 3 44 167
m 148 90 3 14.5 257.0 0.2
m 148 62 3 14.5 257.0 0.2
b 65 0 107 324
m 65 50 0 107 324
m 65 56 0 107 324
m 65 106 0 107 324
m 65 171 0 107 324
m 65 173 0 107 324
b 65 1 107 324
m 65 50 1 107 324
m 65 56 1 107 324
m 65 106 1 107 324
m 65 171 1 107 324
m 65 173 1 107 324
b 65 2 107 324
b 73 0 119 349
m 73 56 0 119 349
m 73 173 0 119 349
b 73 1 119 349
b 73 2 119 349
m 73 1 2 119 349
m 73 6 2 119 349
m 73 50 2 119 349
m 73 56 2 119 349
m 73 171 2 119 349
m 73 173 2 119 349
m 73 203 2 119 349
b 186 0 24 143
m 186 89 0 24 143
m 186 143 0 24 143
m 186 181 0 24 143
b 203 0 182 350
m 203 37 0 182 350
m 203 64 0 182 350
m 203 80 0 182 350
m 203 228 0 182 350
b 203 1 182 350
m 203 37 1 182 350
m 203 64 1 182 350
m 203 80 1 182 350
m 203 228 1 182 350
b 203 3 182 350
m 203 6 3 15.0 250.2 0.45665935002227326
m 203 37 3 15.0 250.2 0.45665935002227326
m 203 64 3 15.0 250.2 0.45665935002227326
b 18 3 163 231
m 18 84 3 12.8 218.39999999999998 0.16285679133858275
b 65 3 107 321
m 65 171 3 15.0 273.5 0.25
m 65 56 3 15.0 273.5 0.25
b 151 1 31 164
m 151 21 1 31 164
b 186 1 24 145
m 186 89 1 24 145
m 186 143 1 24 145
m 186 181 1 24 145
b 186 3 24 145
m 186 89 3 10.4 184.79999999999998 0.8300536672629697
m 186 181 3 10.4 184.79999999999998 0.8300536672629697
m 186 143 3 10.4 184.79999999999998 0.8300536672629697
b 203 2 182 348
m 203 2 2 182 348
m 203 37 2 182 348
m 203 80 2 182 348
m 203 228 2 182 348
b 9 0 100 190
b 9 1 100 190
b 9 2 100 190
m 9 21 2 100 190
m 9 62 2 100 190
b 9 3 100 190
b 31 0 1 396
m 31 116 0 1 396
b 31 1 1 396
m 31 116 1 1 396
b 31 2 1 396
m 31 116 2 1 396
b 57 0 215 293
m 57 79 0 215 293
b 57 1 215 293
m 57 79 1 215 293
b 57 2 215 293
m 57 2 2 215 293
m 57 79 2 215 293
m 57 207 2 215 293
b 1 2 104 322
b 57 3 216 293
m 57 2 3 15.25 271.75 0.16666666666666666
m 57 171 3 15.25 271.75 0.16666666666666666
b 189 0 112 404
m 189 28 0 112 404
m 189 51 0 112 404
m 189 123 0 112 404
m 189 152 0 112 404
m 189 153 0 112 404
m 189 190 0 112 404
b 189 1 112 404
b 189 2 112 404
m 189 28 2 112 404
m 189 51 2 112 404
m 189 123 2 112 404
m 189 152 2 112 404
m 189 153 2 112 404
m 189 190 2 112 404
b 3 0 35 365
m 3 28 0 35 365
m 3 183 0 35 365
m 3 215 0 35 365
b 3 1 35 365
m 3 28 1 35 365
m 3 183 1 35 365
m 3 215 1 35 365
b 3 2 35 365
b 3 3 35 365
m 3 72 3 14.25 248.75 0.17143553327763855
m 3 55 3 14.25 248.75 0.17143553327763855
b 21 0 95 137
m 21 17 0 95 137
m 21 98 0 95 137
m 21 108 0 95 137
m 21 180 0 95 137
m 21 192 0 95 137
b 21 3 95 137
m 21 98 3 12.8 212.8 0.07581358736644918
b 25 2 64 164
m 25 21 2 64 164
m 25 62 2 64 164
m 25 90 2 64 164
m 25 98 2 64 164
m 25 186 2 64 164
m 25 218 2 64 164
b 137 0 107 240
b 137 1 107 240
b 137 2 107 240
b 222 3 129 310
m 222 173 3 13.6 232.0 0.3333333333333333
b 56 0 83 395
m 56 28 0 83 395
m 56 51 0 83 395
m 56 153 0 83 395
b 56 1 83 395
m 56 28 1 83 395
m 56 51 1 83 395
m 56 153 1 83 395
b 73 3 117 355
m 73 171 3 15.5 278.5 0.16666666666666666
b 160 0 227 297
m 160 79 0 227 297
m 160 136 0 227 297
b 160 1 227 297
m 160 79 1 227 297
m 160 136 1 227 297
b 188 0 115 430
m 188 23 0 115 430
m 188 28 0 115 430
m 188 51 0 115 430
m 188 123 0 115 430
m 188 152 0 115 430
m 188 153 0 115 430
m 188 169 0 115 430
m 188 197 0 115 430
b 188 1 115 430
m 188 23 1 115 430
m 188 28 1 115 430
m 188 51 1 115 430
m 188 123 1 115 430
m 188 152 1 115 430
m 188 153 1 115 430
m 188 169 1 115 430
m 188 197 1 115 430
b 188 2 115 430
m 188 23 2 115 430
m 188 28 2 115 430
m 188 51 2 115 430
m 188 123 2 115 430
m 188 152 2 115 430
m 188 153 2 115 430
m 188 169 2 115 430
m 188 197 2 115 430
b 223 0 205 400
m 223 13 0 205 400
m 223 22 0 205 400
m 223 37 0 205 400
m 223 80 0 205 400
m 223 142 0 205 400
m 223 201 0 205 400
m 223 202 0 205 400
m 223 226 0 205 400
m 223 228 0 205 400
b 223 1 205 400
m 223 13 1 205 400
m 223 22 1 205 400
m 223 37 1 205 400
m 223 80 1 205 400
m 223 142 1 205 400
m 223 201 1 205 400
m 223 202 1 205 400
m 223 226 1 205 400
m 223 228 1 205 400
b 223 3 205 400
m 223 6 3 15.8 269.4 0.5651959812246964
m 223 37 3 15.8 269.4 0.5651959812246964
m 223 171 3 15.8 269.4 0.5651959812246964
m 223 80 3 15.8 269.4 0.5651959812246964
m 223 226 3 15.8 269.4 0.5651959812246964
m 223 142 3 15.8 269.4 0.5651959812246964
m 223 13 3 15.8 269.4 0.5651959812246964
b 56 2 82 395
b 149 0 107 139
m 149 17 0 107 139
m 149 98 0 107 139
m 149 108 0 107 139
m 149 180 0 107 139
b 149 2 107 139
b 149 3 107 139
m 149 98 3 14.5 257.0 0.2
m 149 17 3 14.5 257.0 0.2
b 6 0 175 345
m 6 37 0 175 345
m 6 80 0 175 345
m 6 228 0 175 345
b 6 1 175 345
m 6 37 1 175 345
m 6 80 1 175 345
m 6 228 1 175 345
b 64 0 207 380
m 64 13 0 207 380
m 64 22 0 207 380
m 64 37 0 207 380
m 64 80 0 207 380
m 64 153 0 207 380
m 64 190 0 207 380
m 64 228 0 207 380
b 64 1 207 380
m 64 13 1 207 380
m 64 22 1 207 380
m 64 37 1 207 380
m 64 80 1 207 380
m 64 153 1 207 380
m 64 190 1 207 380
m 64 228 1 207 380
b 64 2 207 380
m 64 13 2 207 380
m 64 22 2 207 380
m 64 37 2 207 380
m 64 80 2 207 380
m 64 153 2 207 380
m 64 190 2 207 380
m 64 228 2 207 380
b 64 3 207 380
m 64 190 3 15.399999999999999 258.6 0.5150955393043056
m 64 171 3 15.399999999999999 258.6 0.5150955393043056
m 64 153 3 15.399999999999999 258.6 0.5150955393043056
m 64 37 3 15.399999999999999 258.6 0.5150955393043056
b 160 2 229 297
m 160 2 2 229 297
m 160 79 2 229 297
m 160 136 2 229 297
m 160 207 2 229 297
b 160 3 229 297
m 160 2 3 14.399999999999999 241.6 0.13338019162195033
b 223 2 205 402
b 31 3 1 390
m 31 116 3 14.666666666666666 295.3333333333333 -1.0
b 33 3 47 382
m 33 215 3 15.4 262.2 0.3436283351900626
m 33 55 3 15.4 262.2 0.3436283351900626
m 33 28 3 15.4 262.2 0.3436283351900626
m 33 56 3 15.4 262.2 0.3436283351900626
b 50 0 127 330
b 50 1 127 330
b 50 3 127 330
m 50 171 3 13.8 233.39999999999998 0.25
m 50 6 3 13.8 233.39999999999998 0.25
b 106 0 63 391
m 106 28 0 63 391
m 106 51 0 63 391
m 106 183 0 63 391
m 106 215 0 63 391
b 106 1 63 391
m 106 28 1 63 391
m 106 51 1 63 391
m 106 183 1 63 391
m 106 215 1 63 391
b 6 2 173 346
b 62 0 99 156
m 62 98 0 99 156
m 62 108 0 99 156
m 62 180 0 99 156
b 90 0 28 137
m 90 89 0 28 137
m 90 98 0 28 137
m 90 143 0 28 137
b 106 2 62 390
m 106 28 2 62 390
m 106 183 2 62 390
m 106 208 2 62 390
m 106 215 2 62 390
b 171 0 145 332
m 171 80 0 145 332
b 171 1 145 332
b 2 0 209 289
m 2 79 0 209 289
m 2 136 0 209 289
b 2 1 209 289
m 2 79 1 209 289
m 2 136 1 209 289
b 50 2 126 329
b 141 0 215 194
m 141 95 0 215 194
m 141 99 0 215 194
m 141 161 0 215 194
b 141 1 215 194
m 141 95 1 215 194
m 141 99 1 215 194
m 141 161 1 215 194
b 186 2 24 154
b 62 1 100 157
m 62 21 1 100 157
m 62 98 1 100 157
m 62 108 1 100 157
m 62 149 1 100 157
m 62 180 1 100 157
b 62 3 100 157
m 62 98 3 10.2 183.4 0.4204286365709071
m 62 108 3 10.2 183.4 0.4204286365709071
b 90 1 26 137
m 90 21 1 26 137
m 90 89 1 26 137
m 90 98 1 26 137
m 90 143 1 26 137
m 90 149 1 26 137
b 90 3 26 137
m 90 89 3 10.4 184.79999999999998 0.8300536672629697
m 90 98 3 10.4 184.79999999999998 0.8300536672629697
m 90 143 3 10.4 184.79999999999998 0.8300536672629697
b 127 0 272 338
m 127 79 0 272 338
m 127 136 0 272 338
m 127 163 0 272 338
m 127 201 0 272 338
m 127 211 0 272 338
m 127 226 0 272 338
b 127 1 272 338
m 127 79 1 272 338
m 127 136 1 272 338
m 127 163 1 272 338
m 127 201 1 272 338
m 127 211 1 272 338
m 127 226 1 272 338
b 127 3 272 338
m 127 79 3 14.8 246.39999999999998 0.41269670520406043
m 127 136 3 14.8 246.39999999999998 0.41269670520406043
m 127 2 3 14.8 246.39999999999998 0.41269670520406043
b 171 2 143 331
b 148 1 29 166
b 37 0 240 371
m 37 79 0 240 371
m 37 142 0 240 371
m 37 201 0 240 371
m 37 202 0 240 371
m 37 226 0 240 371
b 37 1 240 371
m 37 79 1 240 371
m 37 142 1 240 371
m 37 201 1 240 371
m 37 202 1 240 371
m 37 226 1 240 371
b 37 3 240 371
m 37 202 3 14.0 222.0 0.43254678959025816
m 37 80 3 14.0 222.0 0.43254678959025816
m 37 228 3 14.0 222.0 0.43254678959025816
b 97 0 61 415
m 97 116 0 61 415
b 97 1 61 415
m 97 116 1 61 415
b 97 2 61 415
b 109 0 50 405
m 109 116 0 50 405
b 109 1 50 405
b 109 2 50 405
m 109 116 2 50 405
b 127 2 274 338
m 127 136 2 274 338
m 127 163 2 274 338
m 127 201 2 274 338
m 127 211 2 274 338
m 127 226 2 274 338
b 72 0 33 381
m 72 28 0 33 381
m 72 183 0 33 381
m 72 215 0 33 381
b 72 1 33 381
m 72 28 1 33 381
m 72 183 1 33 381
m 72 215 1 33 381
b 72 2 33 381
m 72 28 2 33 381
m 72 183 2 33 381
m 72 215 2 33 381
b 80 0 198 382
m 80 153 0 198 382
m 80 190 0 198 382
b 80 1 198 382
m 80 153 1 198 382
m 80 190 1 198 382
b 181 0 25 68
m 181 134 0 25 68
m 181 147 0 25 68
m 181 192 0 25 68
b 37 2 241 369
b 89 0 15 117
m 89 134 0 15 117
m 89 147 0 15 117
b 55 0 38 423
m 55 116 0 38 423
b 55 1 38 423
b 55 2 38 423
m 55 116 2 38 423
b 56 3 72 396
m 56 208 3 14.0 238.8 0.4068250898038132
m 56 97 3 14.0 238.8 0.4068250898038132
m 56 28 3 14.0 238.8 0.4068250898038132
m 56 106 3 14.0 238.8 0.4068250898038132
b 80 2 200 381
b 181 1 26 66
m 181 134 1 26 66
m 181 147 1 26 66
m 181 192 1 26 66
b 181 3 26 66
m 181 192 3 9.166666666666666 155.49999999999997 0.6065368526644396
m 181 147 3 9.166666666666666 155.49999999999997 0.6065368526644396
b 207 0 257 265
m 207 53 0 257 265
m 207 163 0 257 265
m 207 193 0 257 265
b 207 1 257 265
m 207 53 1 257 265
m 207 163 1 257 265
m 207 193 1 257 265
b 218 0 31 135
b 89 1 16 119
m 89 134 1 16 119
m 89 147 1 16 119
b 89 3 16 119
m 89 147 3 9.0 154.66666666666663 0.057818892894634676
b 153 0 160 410
b 153 2 160 410
m 153 13 2 160 410
b 108 0 133 77
m 108 67 0 133 77
m 108 150 0 133 77
m 108 219 0 133 77
b 192 0 64 55
m 192 134 0 64 55
m 192 147 0 64 55
m 192 219 0 64 55
b 218 1 29 136
m 218 98 1 29 136
m 218 149 1 29 136
b 218 3 29 136
b 226 0 273 376
m 226 121 0 273 376
m 226 163 0 273 376
m 226 211 0 273 376
b 226 1 273 376
m 226 121 1 273 376
m 226 163 1 273 376
m 226 211 1 273 376
b 226 3 273 376
m 226 121 3 14.166666666666666 230.5 0.16666666666666666
m 226 163 3 14.166666666666666 230.5 0.16666666666666666
b 6 3 163 347
m 6 228 3 12.666666666666666 208.66666666666666 1.0
b 21 1 81 134
b 28 0 39 414
m 28 116 0 39 414
b 28 2 39 414
m 28 116 2 39 414
b 74 0 103 450
m 74 208 0 103 450
b 74 1 103 450
m 74 208 1 103 450
b 74 2 103 450
m 74 208 2 103 450
b 136 0 284 292
m 136 47 0 284 292
m 136 53 0 284 292
m 136 58 0 284 292
m 136 78 0 284 292
m 136 85 0 284 292
m 136 163 0 284 292
m 136 193 0 284 292
m 136 205 0 284 292
m 136 211 0 284 292
b 136 1 284 292
b 137 3 103 255
b 153 1 162 408
b 21 2 80 134
b 28 1 38 414
m 28 116 1 38 414
b 62 2 106 164
b 80 3 203 378
b 90 2 17 138
m 90 89 2 17 138
m 90 143 2 17 138
b 123 0 103 482
m 123 208 0 103 482
b 123 2 103 482
b 228 0 195 373
b 228 1 195 373
b 136 2 285 294
b 153 3 163 407
m 153 188 3 14.0 223.66666666666666 0.26258052094665574
b 84 0 179 208
b 84 1 179 208
b 123 1 101 482
m 123 208 1 101 482
b 173 0 110 359
b 173 1 110 359
b 228 2 195 371
b 69 0 246 184
m 69 139 0 246 184
m 69 193 0 246 184
m 69 231 0 246 184
b 69 1 246 184
m 69 139 1 246 184
m 69 193 1 246 184
m 69 231 1 246 184
b 171 3 133 325
b 215 0 7 387
b 215 1 7 387
b 2 2 198 280
b 28 3 36 410
m 28 116 3 15.4 262.2 -1.0
b 79 0 236 342
b 79 1 236 342
b 79 2 236 342
b 95 0 255 156
m 95 26 0 255 156
m 95 48 0 255 156
m 95 94 0 255 156
m 95 139 0 255 156
m 95 220 0 255 156
m 95 231 0 255 156
m 95 233 0 255 156
b 95 1 255 156
m 95 26 1 255 156
m 95 48 1 255 156
m 95 94 1 255 156
m 95 139 1 255 156
m 95 220 1 255 156
m 95 231 1 255 156
m 95 233 1 255 156
b 108 1 137 71
m 108 17 1 137 71
m 108 67 1 137 71
m 108 76 1 137 71
m 108 150 1 137 71
m 108 192 1 137 71
b 108 3 137 71
m 108 67 3 9.833333333333334 163.5 0.6957615034660412
m 108 76 3 9.833333333333334 163.5 0.6957615034660412
m 108 192 3 9.833333333333334 163.5 0.6957615034660412
m 108 150 3 9.833333333333334 163.5 0.6957615034660412
b 136 3 286 297
m 136 47 3 14.0 222.0 0.4727530873233189
m 136 193 3 14.0 222.0 0.4727530873233189
m 136 58 3 14.0 222.0 0.4727530873233189
m 136 211 3 14.0 222.0 0.4727530873233189
m 136 78 3 14.0 222.0 0.4727530873233189
b 173 2 109 356
b 2 3 197 279
m 2 207 3 12.399999999999999 217.6 1.0
b 142 0 246 401
m 142 39 0 246 401
m 142 194 0 246 401
m 142 195 0 246 401
m 142 204 0 246 401
m 142 209 0 246 401
b 142 1 246 401
m 142 39 1 246 401
m 142 194 1 246 401
m 142 195 1 246 401
m 142 204 1 246 401
m 142 209 1 246 401
b 142 3 246 401
m 142 22 3 14.333333333333332 232.66666666666666 0.05761424810444661
b 180 0 150 91
m 180 5 0 150 91
m 180 67 0 150 91
m 180 76 0 150 91
m 180 150 0 150 91
b 208 2 68 451
b 226 2 274 384
b 23 0 77 477
m 23 116 0 77 477
b 23 1 77 477
m 23 116 1 77 477
b 23 2 77 477
b 72 3 45 384
m 72 109 3 11.8 199.8 0.5
m 72 183 3 11.8 199.8 0.5
b 183 0 38 420
m 183 116 0 38 420
b 183 1 38 420
m 183 116 1 38 420
b 215 3 7 383
m 215 109 3 13.166666666666668 219.16666666666666 0.5
m 215 183 3 13.166666666666668 219.16666666666666 0.5
b 218 2 22 141
m 218 89 2 22 141
m 218 143 2 22 141
b 215 2 7 382
b 55 3 26 427
m 55 116 3 14.25 248.75 -1.0
b 152 0 156 470
m 152 15 0 156 470
m 152 162 0 156 470
b 152 2 156 470
m 152 15 2 156 470
m 152 162 2 156 470
b 84 3 171 211
m 84 141 3 11.166666666666666 183.5 0.11708336753455063
b 192 1 54 49
m 192 17 1 54 49
m 192 219 1 54 49
m 192 224 1 54 49
b 192 3 54 49
m 192 219 3 8.285714285714285 134.57142857142853 0.6339789410419997
m 192 224 3 8.285714285714285 134.57142857142853 0.6339789410419997
b 152 1 158 469
b 163 0 271 317
b 163 1 271 317
m 163 47 1 271 317
m 163 78 1 271 317
m 163 85 1 271 317
m 163 205 1 271 317
b 169 0 102 487
b 169 1 102 487
b 169 2 102 487
b 207 2 268 256
m 207 47 2 268 256
m 207 53 2 268 256
m 207 193 2 268 256
m 207 205 2 268 256
b 13 0 183 492
m 13 11 0 183 492
m 13 15 0 183 492
m 13 39 0 183 492
m 13 162 0 183 492
m 13 195 0 183 492
m 13 204 0 183 492
m 13 214 0 183 492
b 13 1 183 492
m 13 11 1 183 492
m 13 15 1 183 492
m 13 39 1 183 492
m 13 162 1 183 492
m 13 195 1 183 492
m 13 204 1 183 492
m 13 214 1 183 492
b 13 3 183 492
m 13 15 3 15.0 244.66666666666666 0.4441947308963539
m 13 11 3 15.0 244.66666666666666 0.4441947308963539
m 13 22 3 15.0 244.66666666666666 0.4441947308963539
m 13 204 3 15.0 244.66666666666666 0.4441947308963539
m 13 39 3 15.0 244.66666666666666 0.4441947308963539
b 67 0 172 52
m 67 5 0 172 52
m 67 20 0 172 52
m 67 76 0 172 52
m 67 166 0 172 52
m 67 196 0 172 52
b 143 0 25 105
b 161 0 236 166
m 161 48 0 236 166
m 161 105 0 236 166
m 161 139 0 236 166
m 161 231 0 236 166
m 161 233 0 236 166
b 161 1 236 166
m 161 48 1 236 166
m 161 105 1 236 166
m 161 139 1 236 166
m 161 231 1 236 166
m 161 233 1 236 166
b 183 2 43 420
b 197 0 117 455
m 197 162 0 117 455
b 197 1 117 455
m 197 162 1 117 455
b 197 2 117 455
m 197 162 2 117 455
b 17 0 90 73
b 79 3 229 347
b 163 2 269 316
m 163 47 2 269 316
m 163 53 2 269 316
m 163 78 2 269 316
m 163 85 2 269 316
m 163 205 2 269 316
b 180 1 153 84
m 180 5 1 153 84
m 180 17 1 153 84
m 180 67 1 153 84
m 180 76 1 153 84
m 180 150 1 153 84
m 180 196 1 153 84
b 208 3 75 449
m 208 116 3 14.0 238.8 -1.0
b 219 0 117 1
m 219 20 0 117 1
b 13 2 183 494
b 85 0 333 283
m 85 40 0 333 283
m 85 52 0 333 283
m 85 59 0 333 283
m 85 91 0 333 283
m 85 157 0 333 283
m 85 239 0 333 283
b 106 3 37 389
m 106 109 3 12.166666666666666 200.5 0.3333333333333333
b 143 1 27 105
b 143 3 27 105
b 201 0 262 418
m 201 39 0 262 418
m 201 82 0 262 418
m 201 194 0 262 418
m 201 195 0 262 418
m 201 204 0 262 418
m 201 209 0 262 418
b 201 1 262 418
m 201 39 1 262 418
m 201 82 1 262 418
m 201 194 1 262 418
m 201 195 1 262 418
m 201 204 1 262 418
m 201 209 1 262 418
b 228 3 191 359
b 17 3 88 72
m 17 150 3 12.4 208.79999999999998 0.16323578317259735
b 58 0 359 276
m 58 40 0 359 276
m 58 52 0 359 276
m 58 59 0 359 276
m 58 122 0 359 276
m 58 157 0 359 276
m 58 239 0 359 276
b 99 0 169 115
m 99 5 0 169 115
m 99 76 0 169 115
m 99 196 0 169 115
b 99 1 169 115
m 99 5 1 169 115
m 99 76 1 169 115
m 99 150 1 169 115
m 99 196 1 169 115
b 188 3 143 440
m 188 123 3 13.285714285714286 203.2857142857143 0.33013824813074183
m 188 169 3 13.285714285714286 203.2857142857143 0.33013824813074183
m 188 74 3 13.285714285714286 203.2857142857143 0.33013824813074183
b 190 0 166 476
m 190 15 0 166 476
m 190 39 0 166 476
m 190 162 0 166 476
m 190 195 0 166 476
m 190 214 0 166 476
b 190 2 166 476
m 190 15 2 166 476
m 190 39 2 166 476
m 190 162 2 166 476
m 190 195 2 166 476
m 190 214 2 166 476
b 51 0 122 486
b 51 2 122 486
b 89 2 21 137
m 89 181 2 21 137
b 98 0 75 147
b 98 2 75 147
m 98 17 2 75 147
b 98 3 75 147
b 208 0 78 448
m 208 116 0 78 448
b 208 1 78 448
m 208 116 1 78 448
b 233 0 301 135
m 233 105 0 301 135
m 233 113 0 301 135
m 233 146 0 301 135
m 233 168 0 301 135
m 233 187 0 301 135
b 233 1 301 135
m 233 105 1 301 135
m 233 113 1 301 135
m 233 146 1 301 135
m 233 168 1 301 135
m 233 187 1 301 135
b 121 0 351 395
m 121 43 0 351 395
m 121 63 0 351 395
m 121 91 0 351 395
m 121 101 0 351 395
m 121 119 0 351 395
m 121 124 0 351 395
m 121 158 0 351 395
m 121 184 0 351 395
m 121 194 0 351 395
m 121 236 0 351 395
b 121 1 351 395
m 121 43 1 351 395
m 121 63 1 351 395
m 121 91 1 351 395
m 121 101 1 351 395
m 121 119 1 351 395
m 121 124 1 351 395
m 121 158 1 351 395
m 121 184 1 351 395
m 121 194 1 351 395
m 121 236 1 351 395
b 121 3 351 395
m 121 63 3 14.142857142857142 225.57142857142858 0.2634066840538335
m 121 43 3 14.142857142857142 225.57142857142858 0.2634066840538335
b 134 0 9 10
m 134 224 0 9 10
b 231 0 244 152
m 231 105 0 244 152
m 231 187 0 244 152
b 231 1 244 152
m 231 105 1 244 152
m 231 187 1 244 152
b 51 1 124 487
b 97 3 79 397
m 97 189 3 12.333333333333332 201.66666666666666 0.25
m 97 74 3 12.333333333333332 201.66666666666666 0.25
b 163 3 265 312
m 163 53 3 12.571428571428571 198.85714285714286 0.00987533267964702
b 173 3 104 344
m 173 189 3 11.5 193.5 1.0
b 211 0 319 369
m 211 40 0 319 369
m 211 52 0 319 369
m 211 91 0 319 369
m 211 184 0 319 369
b 211 1 319 369
m 211 40 1 319 369
m 211 52 1 319 369
m 211 78 1 319 369
m 211 85 1 319 369
m 211 91 1 319 369
m 211 184 1 319 369
b 22 0 236 477
m 22 11 0 236 477
m 22 15 0 236 477
m 22 82 0 236 477
m 22 87 0 236 477
m 22 162 0 236 477
m 22 214 0 236 477
b 22 1 236 477
m 22 11 1 236 477
m 22 15 1 236 477
m 22 82 1 236 477
m 22 87 1 236 477
m 22 162 1 236 477
m 22 214 1 236 477
b 48 0 213 132
m 48 138 0 213 132
m 48 196 0 213 132
b 48 1 213 132
m 48 5 1 213 132
m 48 138 1 213 132
m 48 196 1 213 132
b 67 1 178 54
m 67 5 1 178 54
m 67 20 1 178 54
m 67 166 1 178 54
m 67 196 1 178 54
m 67 219 1 178 54
b 67 3 178 54
m 67 5 3 9.714285714285715 151.71428571428572 0.8130189147728173
m 67 20 3 9.714285714285715 151.71428571428572 0.8130189147728173
m 67 219 3 9.714285714285715 151.71428571428572 0.8130189147728173
m 67 99 3 9.714285714285715 151.71428571428572 0.8130189147728173
m 67 166 3 9.714285714285715 151.71428571428572 0.8130189147728173
m 67 180 3 9.714285714285715 151.71428571428572 0.8130189147728173
b 134 1 9 8
b 190 1 165 480
m 190 15 1 165 480
m 190 162 1 165 480
b 190 3 165 480
m 190 39 3 14.5 232.16666666666666 0.49159703193332827
m 190 197 3 14.5 232.16666666666666 0.49159703193332827
m 190 195 3 14.5 232.16666666666666 0.49159703193332827
b 202 0 263 470
m 202 11 0 263 470
m 202 82 0 263 470
m 202 87 0 263 470
m 202 214 0 263 470
b 202 1 263 470
m 202 11 1 263 470
m 202 82 1 263 470
m 202 87 1 263 470
m 202 214 1 263 470
b 211 2 319 371
b 22 2 238 478
m 22 11 2 238 478
m 22 39 2 238 478
m 22 82 2 238 478
m 22 87 2 238 478
m 22 194 2 238 478
m 22 195 2 238 478
m 22 202 2 238 478
m 22 204 2 238 478
m 22 209 2 238 478
m 22 214 2 238 478
b 58 3 365 277
m 58 205 3 13.857142857142858 214.42857142857142 0.5912225366446264
m 58 91 3 13.857142857142858 214.42857142857142 0.5912225366446264
m 58 40 3 13.857142857142858 214.42857142857142 0.5912225366446264
m 58 59 3 13.857142857142858 214.42857142857142 0.5912225366446264
m 58 157 3 13.857142857142858 214.42857142857142 0.5912225366446264
m 58 122 3 13.857142857142858 214.42857142857142 0.5912225366446264
m 58 52 3 13.857142857142858 214.42857142857142 0.5912225366446264
b 201 2 262 426
m 201 39 2 262 426
m 201 82 2 262 426
m 201 142 2 262 426
m 201 194 2 262 426
m 201 195 2 262 426
m 201 202 2 262 426
m 201 204 2 262 426
m 201 209 2 262 426
b 98 1 73 153
b 193 0 232 238
b 193 1 232 238
b 11 0 267 488
m 11 82 0 267 488
m 11 87 0 267 488
b 11 1 267 488
m 11 82 1 267 488
m 11 87 1 267 488
b 11 3 267 488
m 11 194 3 13.857142857142858 216.71428571428572 0.22100214383590902
b 47 0 283 292
m 47 59 0 283 292
b 94 0 323 102
m 94 42 0 323 102
m 94 113 0 323 102
m 94 146 0 323 102
m 94 168 0 323 102
m 94 175 0 323 102
m 94 199 0 323 102
m 94 225 0 323 102
m 94 238 0 323 102
b 94 1 323 102
m 94 42 1 323 102
m 94 113 1 323 102
m 94 146 1 323 102
m 94 168 1 323 102
m 94 175 1 323 102
m 94 199 1 323 102
m 94 225 1 323 102
m 94 238 1 323 102
b 147 0 52 14
m 147 224 0 52 14
b 149 1 80 113
b 150 0 123 62
b 205 0 297 279
m 205 122 0 297 279
m 205 164 0 297 279
b 214 0 254 493
m 214 87 0 254 493
b 214 1 254 493
m 214 87 1 254 493
b 219 1 107 5
m 219 20 1 107 5
b 219 3 107 5
m 219 20 3 7.374999999999999 117.87499999999996 1.0
b 26 0 229 58
m 26 0 0 229 58
m 26 102 0 229 58
m 26 138 0 229 58
m 26 165 0 229 58
m 26 199 0 229 58
b 26 1 229 58
b 59 0 319 237
m 59 117 0 319 237
m 59 164 0 319 237
m 59 187 0 319 237
b 85 1 332 271
m 85 40 1 332 271
m 85 52 1 332 271
m 85 58 1 332 271
m 85 59 1 332 271
m 85 91 1 332 271
m 85 122 1 332 271
m 85 239 1 332 271
b 147 1 53 12
b 147 3 53 12
m 147 134 3 8.0 133.4285714285714 1.0
b 194 0 278 442
m 194 63 0 278 442
m 194 87 0 278 442
m 194 101 0 278 442
b 194 1 278 442
m 194 63 1 278 442
m 194 87 1 278 442
m 194 101 1 278 442
b 202 3 263 478
m 202 82 3 13.0 197.28571428571428 0.3344650682820699
m 202 194 3 13.0 197.28571428571428 0.3344650682820699
m 202 195 3 13.0 197.28571428571428 0.3344650682820699
b 53 0 286 285
b 53 1 286 285
m 53 59 1 286 285
b 85 2 332 269
b 141 3 178 187
b 162 0 161 470
b 162 2 161 470
b 214 2 256 492
b 39 0 214 437
b 39 1 214 437
b 78 0 365 316
m 78 8 0 365 316
m 78 118 0 365 316
b 109 3 22 382
b 224 1 17 43
b 224 3 17 43
m 224 134 3 7.374999999999999 117.87499999999996 1.0
b 47 3 277 292
b 183 3 61 419
m 183 23 3 10.166666666666668 167.16666666666666 0.515364492500872
b 187 0 313 184
m 187 117 0 313 184
m 187 164 0 313 184
m 187 238 0 313 184
b 187 1 313 184
m 187 59 1 313 184
m 187 117 1 313 184
m 187 122 1 313 184
m 187 164 1 313 184
m 187 238 1 313 184
m 187 239 1 313 184
b 189 3 104 358
b 87 0 279 472
m 87 45 0 279 472
b 87 1 279 472
b 139 0 263 158
b 139 1 263 158
b 162 1 159 467
b 181 2 36 33
m 181 134 2 36 33
m 181 147 2 36 33
m 181 192 2 36 33
m 181 224 2 36 33
b 105 0 279 198
m 105 164 0 279 198
b 105 1 279 198
m 105 59 1 279 198
m 105 122 1 279 198
m 105 164 1 279 198
m 105 239 1 279 198
b 123 3 71 482
m 123 116 3 13.285714285714286 203.2857142857143 -1.0
b 150 1 116 63
b 150 3 116 63
m 150 196 3 8.571428571428571 140.28571428571428 1.0
b 193 3 223 240
m 193 105 3 12.285714285714286 190.85714285714286 0.5
m 193 69 3 12.285714285714286 190.85714285714286 0.5
b 211 3 322 382
m 211 101 3 12.714285714285714 193.85714285714286 0.0388172370749484
b 11 2 276 486
b 59 3 312 235
m 59 117 3 12.875 192.125 0.16666666666666666
m 59 239 3 12.875 192.125 0.16666666666666666
b 87 2 277 471
m 87 45 2 277 471
b 122 0 334 222
m 122 34 0 334 222
m 122 117 0 334 222
m 122 164 0 334 222
b 143 2 46 107
m 143 192 2 46 107
m 143 224 2 46 107
b 209 0 263 435
b 209 1 263 435
b 17 1 69 70
b 5 0 170 43
m 5 165 0 170 43
b 39 3 208 435
m 39 152 3 13.714285714285715 214.85714285714286 0.10830872973960443
b 40 0 340 342
m 40 8 0 340 342
b 78 3 371 317
m 78 8 3 12.857142857142858 195.42857142857142 0.1924347502886588
m 78 85 3 12.857142857142858 195.42857142857142 0.1924347502886588
b 146 0 320 121
m 146 117 0 320 121
b 146 1 320 121
m 146 117 1 320 121
b 207 3 287 240
m 207 69 3 10.999999999999998 184.0 1.0
m 207 85 3 10.999999999999998 184.0 1.0
m 207 105 3 10.999999999999998 184.0 1.0
m 207 164 3 10.999999999999998 184.0 1.0
b 47 1 271 292
b 47 2 271 292
b 195 0 203 446
b 195 1 203 446
b 204 0 277 445
b 204 1 277 445
b 220 0 265 131
b 220 1 265 131
b 224 0 20 49
b 43 0 412 392
m 43 29 0 412 392
m 43 60 0 412 392
m 43 66 0 412 392
m 43 111 0 412 392
m 43 155 0 412 392
m 43 156 0 412 392
m 43 159 0 412 392
m 43 170 0 412 392
m 43 200 0 412 392
m 43 227 0 412 392
m 43 229 0 412 392
b 43 1 412 392
m 43 29 1 412 392
m 43 60 1 412 392
m 43 66 1 412 392
m 43 111 1 412 392
m 43 155 1 412 392
m 43 156 1 412 392
m 43 159 1 412 392
m 43 170 1 412 392
m 43 200 1 412 392
m 43 227 1 412 392
m 43 229 1 412 392
b 43 3 412 392
m 43 101 3 14.875 247.375 0.33403233948416583
m 43 111 3 14.875 247.375 0.33403233948416583
m 43 119 3 14.875 247.375 0.33403233948416583
m 43 124 3 14.875 247.375 0.33403233948416583
m 43 159 3 14.875 247.375 0.33403233948416583
m 43 155 3 14.875 247.375 0.33403233948416583
m 43 158 3 14.875 247.375 0.33403233948416583
b 76 1 183 128
b 76 3 183 128
m 76 48 3 9.285714285714286 145.28571428571428 0.5220746032014945
m 76 26 3 9.285714285714286 145.28571428571428 0.5220746032014945
m 76 138 3 9.285714285714286 145.28571428571428 0.5220746032014945
m 76 196 3 9.285714285714286 145.28571428571428 0.5220746032014945
b 205 1 285 281
m 205 164 1 285 281
b 205 2 285 281
b 15 0 213 470
b 15 2 213 470
b 39 2 205 435
b 59 1 308 233
m 59 117 1 308 233
m 59 164 1 308 233
b 76 0 183 129
b 158 0 393 463
m 158 29 0 393 463
m 158 45 0 393 463
m 158 60 0 393 463
m 158 66 0 393 463
m 158 70 0 393 463
m 158 75 0 393 463
m 158 77 0 393 463
m 158 155 0 393 463
m 158 159 0 393 463
m 158 206 0 393 463
m 158 229 0 393 463
b 158 1 393 463
m 158 29 1 393 463
m 158 45 1 393 463
m 158 60 1 393 463
m 158 66 1 393 463
m 158 70 1 393 463
m 158 75 1 393 463
m 158 77 1 393 463
m 158 155 1 393 463
m 158 159 1 393 463
m 158 206 1 393 463
m 158 229 1 393 463
b 193 2 217 241
b 40 1 337 345
m 40 8 1 337 345
b 122 3 328 221
m 122 117 3 13.0 193.75 0.12772825101045
b 138 0 231 112
b 138 1 231 112
m 138 165 1 231 112
b 196 0 174 82
b 22 3 253 490
m 22 152 3 13.0 203.0 0.03783662658838115
b 113 0 304 83
m 113 93 0 304 83
b 113 1 304 83
m 113 93 1 304 83
b 165 0 221 40
m 165 88 0 221 40
m 165 93 0 221 40
b 166 0 223 17
m 166 88 0 223 17
b 175 0 384 132
m 175 4 0 384 132
m 175 16 0 384 132
m 175 27 0 384 132
m 175 46 0 384 132
m 175 110 0 384 132
m 175 212 0 384 132
b 175 1 384 132
m 175 4 1 384 132
m 175 16 1 384 132
m 175 27 1 384 132
m 175 46 1 384 132
m 175 110 1 384 132
m 175 117 1 384 132
m 175 212 1 384 132
b 196 1 174 83
m 196 165 1 174 83
b 15 1 215 468
b 15 3 215 468
m 15 209 3 13.714285714285715 214.85714285714286 0.10830872973960443
b 42 0 377 116
m 42 4 0 377 116
m 42 16 0 377 116
m 42 27 0 377 116
m 42 46 0 377 116
m 42 110 0 377 116
m 42 144 0 377 116
m 42 212 0 377 116
b 42 1 377 116
m 42 4 1 377 116
m 42 16 1 377 116
m 42 27 1 377 116
m 42 46 1 377 116
m 42 110 1 377 116
m 42 144 1 377 116
m 42 212 1 377 116
b 78 1 377 319
b 169 3 129 475
m 169 51 3 12.125 179.87500000000003 0.25
m 169 23 3 12.125 179.87500000000003 0.25
b 180 3 167 60
m 180 196 3 8.75 133.25 0.5
b 194 2 264 438
m 194 63 2 264 438
m 194 101 2 264 438
b 5 1 165 39
m 5 165 1 165 39
b 20 0 107 18
b 40 3 335 347
m 40 184 3 12.875 192.125 0.16666666666666666
b 58 1 386 280
m 58 8 1 386 280
m 58 34 1 386 280
m 58 118 1 386 280
m 58 157 1 386 280
b 102 0 272 15
m 102 88 0 272 15
m 102 93 0 272 15
m 102 126 0 272 15
b 199 0 277 23
m 199 88 0 277 23
m 199 93 0 277 23
m 199 126 0 277 23
b 199 1 277 23
m 199 0 1 277 23
m 199 88 1 277 23
m 199 93 1 277 23
m 199 102 1 277 23
m 199 126 1 277 23
m 199 165 1 277 23
b 204 3 283 443
m 204 201 3 13.428571428571429 212.0 0.25
m 204 87 3 13.428571428571429 212.0 0.25
b 53 2 278 298
b 74 3 92 493
m 74 51 3 11.875 178.37500000000003 0.5
b 78 2 379 319
b 91 0 386 310
m 91 111 0 386 310
m 91 170 0 386 310
b 119 0 336 418
m 119 60 0 336 418
m 119 66 0 336 418
m 119 70 0 336 418
m 119 155 0 336 418
m 119 227 0 336 418
m 119 229 0 336 418
b 119 1 336 418
b 142 2 250 364
b 52 0 339 290
b 82 0 284 428
b 82 1 284 428
m 82 45 1 284 428
b 99 3 156 89
m 99 138 3 8.75 133.25 0.5
b 122 1 323 220
b 194 3 261 437
m 194 201 3 12.625 191.625 0.06742861393091416
b 17 2 58 68
m 17 20 2 58 68
m 17 150 2 58 68
m 17 219 2 58 68
b 157 0 436 311
m 157 12 0 436 311
m 157 30 0 436 311
m 157 111 0 436 311
m 157 156 0 436 311
m 157 170 0 436 311
m 157 234 0 436 311
m 157 235 0 436 311
b 192 2 24 30
b 195 2 196 440
b 91 1 386 307
b 124 0 362 371
m 124 60 0 362 371
m 124 111 0 362 371
m 124 155 0 362 371
m 124 227 0 362 371
m 124 229 0 362 371
b 124 1 362 371
b 168 0 310 112
m 168 93 0 310 112
b 168 1 310 112
m 168 93 1 310 112
b 197 3 96 429
m 197 162 3 12.714285714285715 199.57142857142858 0.5
b 236 0 360 378
m 236 60 0 360 378
m 236 66 0 360 378
m 236 111 0 360 378
m 236 155 0 360 378
m 236 227 0 360 378
m 236 229 0 360 378
b 236 1 360 378
b 166 1 222 10
m 166 0 1 222 10
m 166 88 1 222 10
m 166 102 1 222 10
m 166 165 1 222 10
b 166 3 222 10
m 166 26 3 9.375 138.875 0.63824438589087
m 166 0 3 9.375 138.875 0.63824438589087
m 166 88 3 9.375 138.875 0.63824438589087
m 166 102 3 9.375 138.875 0.63824438589087
b 205 3 275 283
b 238 0 338 132
m 238 27 0 338 132
m 238 46 0 338 132
m 238 212 0 338 132
b 238 1 338 132
m 238 27 1 338 132
m 238 46 1 338 132
m 238 212 1 338 132
b 5 3 160 35
m 5 165 3 8.75 133.25 0.5
m 5 26 3 8.75 133.25 0.5
b 52 1 336 287
m 52 8 1 336 287
m 52 118 1 336 287
b 118 0 400 267
m 118 35 0 400 267
m 118 234 0 400 267
b 209 2 256 422
b 239 0 365 183
m 239 212 0 365 183
b 20 1 101 21
b 20 3 101 21
b 45 0 324 480
m 45 70 0 324 480
b 134 3 11 10
b 195 3 193 437
m 195 162 3 12.857142857142858 200.28571428571428 0.3333333333333333
b 200 0 481 400
m 200 12 0 481 400
m 200 30 0 481 400
m 200 114 0 481 400
m 200 140 0 481 400
m 200 174 0 481 400
m 200 179 0 481 400
m 200 213 0 481 400
m 200 230 0 481 400
m 200 235 0 481 400
b 200 1 481 400
m 200 12 1 481 400
m 200 30 1 481 400
m 200 114 1 481 400
m 200 140 1 481 400
m 200 174 1 481 400
m 200 179 1 481 400
m 200 213 1 481 400
m 200 230 1 481 400
m 200 235 1 481 400
b 53 3 274 304
b 70 0 348 479
b 70 1 348 479
b 85 3 330 247
m 85 187 3 11.5 171.5 0.5
b 91 3 387 303
m 91 118 3 12.875 192.125 0.16666666666666666
b 101 0 326 395
b 101 1 326 395
b 224 2 26 62
b 45 2 322 481
m 45 63 2 322 481
m 45 66 2 322 481
m 45 70 2 322 481
m 45 119 2 322 481
m 45 158 2 322 481
b 52 3 333 285
m 52 118 3 12.25 187.75 1.0
b 63 0 334 402
b 63 1 334 402
b 63 3 334 402
m 63 45 3 13.25 203.5 0.020826724305225447
b 82 2 285 421
m 82 63 2 285 421
m 82 101 2 285 421
m 82 119 2 285 421
b 184 0 409 359
m 184 12 0 409 359
m 184 235 0 409 359
b 184 1 409 359
m 184 12 1 409 359
m 184 157 1 409 359
m 184 235 1 409 359
b 204 2 292 441
b 23 3 35 461
m 23 116 3 10.166666666666668 167.16666666666666 -1.0
b 48 3 196 160
m 48 161 3 8.625 129.125 0.29713617578996276
m 48 139 3 8.625 129.125 0.29713617578996276
b 105 3 261 207
m 105 139 3 11.25 169.0 0.7588177777777778
m 105 187 3 11.25 169.0 0.7588177777777778
m 105 95 3 11.25 169.0 0.7588177777777778
b 157 3 443 312
m 157 118 3 13.25 197.75 0.36088950786798124
m 157 156 3 13.25 197.75 0.36088950786798124
m 157 234 3 13.25 197.75 0.36088950786798124
m 157 235 3 13.25 197.75 0.36088950786798124
b 46 0 395 95
m 46 120 0 395 95
b 46 1 395 95
m 46 120 1 395 95
b 165 1 210 47
m 165 0 1 210 47
m 165 88 1 210 47
m 165 102 1 210 47
b 66 0 376 472
b 66 1 376 472
b 87 3 256 466
m 87 214 3 12.0 186.0 0.0097122302158274
b 134 2 16 10
b 229 0 384 394
m 229 12 0 384 394
m 229 235 0 384 394
b 229 1 384 394
m 229 12 1 384 394
m 229 235 1 384 394
b 202 2 259 498
b 45 1 317 481
b 110 0 431 113
m 110 32 0 431 113
m 110 120 0 431 113
m 110 131 0 431 113
m 110 133 0 431 113
m 110 221 0 431 113
b 110 1 431 113
m 110 32 1 431 113
m 110 120 1 431 113
m 110 131 1 431 113
m 110 133 1 431 113
m 110 221 1 431 113
b 126 0 326 12
m 126 71 0 326 12
m 126 86 0 326 12
m 126 177 0 326 12
b 126 1 326 12
m 126 71 1 326 12
m 126 86 1 326 12
m 126 177 1 326 12
b 164 0 315 260
b 206 0 445 461
m 206 129 0 445 461
m 206 140 0 445 461
m 206 179 0 445 461
m 206 230 0 445 461
b 206 1 445 461
b 0 0 284 23
b 8 0 367 316
b 60 0 417 443
m 60 129 0 417 443
m 60 140 0 417 443
m 60 179 0 417 443
m 60 230 0 417 443
b 60 1 417 443
m 60 129 1 417 443
m 60 140 1 417 443
m 60 179 1 417 443
m 60 230 1 417 443
b 82 3 285 415
m 82 214 3 11.625 173.125 0.5
m 82 45 3 11.625 173.125 0.5
b 93 0 279 65
b 93 1 279 65
b 138 3 223 128
m 138 220 3 8.625 129.125 0.29713617578996276
m 138 139 3 8.625 129.125 0.29713617578996276
b 156 0 433 380
m 156 114 0 433 380
m 156 174 0 433 380
m 156 179 0 433 380
m 156 213 0 433 380
b 156 1 433 380
b 225 0 347 147
b 225 1 347 147
b 102 1 280 1
b 117 0 336 144
b 158 3 399 482
b 26 3 236 26
m 26 199 3 8.375 127.625 0.5
m 26 93 3 8.375 127.625 0.5
b 155 0 417 421
m 155 129 0 417 421
m 155 179 0 417 421
m 155 230 0 417 421
b 155 1 417 421
b 155 3 417 421
m 155 77 3 14.888888888888888 244.88888888888889 0.2278882162008007
m 155 129 3 14.888888888888888 244.88888888888889 0.2278882162008007
m 155 227 3 14.888888888888888 244.88888888888889 0.2278882162008007
m 155 60 3 14.888888888888888 244.88888888888889 0.2278882162008007
b 196 3 160 96
m 196 231 3 7.75 123.25 1.0
b 219 2 75 19
b 239 1 368 172
b 118 1 393 255
m 118 35 1 393 255
m 118 41 1 393 255
b 144 0 412 80
m 144 19 0 412 80
m 144 86 0 412 80
m 144 120 0 412 80
m 144 131 0 412 80
m 144 133 0 412 80
m 144 176 0 412 80
m 144 191 0 412 80
b 144 1 412 80
m 144 19 1 412 80
m 144 86 1 412 80
m 144 120 1 412 80
m 144 131 1 412 80
m 144 133 1 412 80
m 144 176 1 412 80
m 144 191 1 412 80
b 147 2 67 20
b 152 3 205 451
b 159 0 405 484
m 159 129 0 405 484
b 159 1 405 484
m 159 129 1 405 484
b 159 3 405 484
m 159 230 3 14.222222222222221 228.88888888888889 0.1111111111111111
m 159 206 3 14.222222222222221 228.88888888888889 0.1111111111111111
b 164 1 313 265
b 213 0 481 376
b 213 1 481 376
b 117 1 334 140
b 165 3 203 52
b 8 3 362 313
b 69 3 306 175
m 69 95 3 11.625 173.125 0.8634568356374808
m 69 146 3 11.625 173.125 0.8634568356374808
m 69 220 3 11.625 173.125 0.8634568356374808
m 69 168 3 11.625 173.125 0.8634568356374808
m 69 238 3 11.625 173.125 0.8634568356374808
m 69 225 3 11.625 173.125 0.8634568356374808
m 69 233 3 11.625 173.125 0.8634568356374808
b 70 2 336 474
b 75 0 438 494
m 75 129 0 438 494
b 75 1 438 494
m 75 129 1 438 494
b 102 3 280 5
m 102 126 3 8.777777777777779 125.22222222222221 0.20383206781701255
b 119 3 319 409
m 119 229 3 13.777777777777777 222.66666666666666 0.2
b 170 0 444 327
b 170 1 444 327
b 227 0 383 372
b 227 1 383 372
b 111 0 386 344
b 111 1 386 344
b 111 3 386 344
m 111 227 3 13.777777777777777 222.66666666666666 0.2
m 111 12 3 13.777777777777777 222.66666666666666 0.2
b 187 3 302 217
m 187 233 3 10.333333333333332 152.55555555555557 0.01075268817204289
b 212 0 365 125
b 212 1 365 125
b 77 0 386 475
m 77 129 0 386 475
b 77 1 386 475
m 77 129 1 386 475
b 101 3 316 383
b 117 3 333 138
m 117 94 3 12.444444444444445 179.77777777777777 0.2260202895663147
m 117 212 3 12.444444444444445 179.77777777777777 0.2260202895663147
m 117 42 3 12.444444444444445 179.77777777777777 0.2260202895663147
b 162 3 135 443
b 234 0 477 250
m 234 54 0 477 250
m 234 83 0 477 250
m 234 92 0 477 250
m 234 104 0 477 250
m 234 128 0 477 250
b 16 0 415 71
m 16 131 0 415 71
m 16 133 0 415 71
m 16 191 0 415 71
b 16 1 415 71
m 16 131 1 415 71
m 16 133 1 415 71
m 16 191 1 415 71
b 95 3 316 161
m 95 146 3 10.666666666666666 154.22222222222223 1.0
m 95 168 3 10.666666666666666 154.22222222222223 1.0
m 95 220 3 10.666666666666666 154.22222222222223 1.0
m 95 225 3 10.666666666666666 154.22222222222223 1.0
m 95 233 3 10.666666666666666 154.22222222222223 1.0
m 95 238 3 10.666666666666666 154.22222222222223 1.0
b 114 0 464 370
b 114 1 464 370
b 124 3 348 356
m 124 12 3 13.666666666666666 221.66666666666666 0.25
m 124 229 3 13.666666666666666 221.66666666666666 0.25
b 164 3 311 270
b 4 0 449 70
m 4 131 0 449 70
m 4 133 0 449 70
m 4 191 0 449 70
m 4 210 0 449 70
m 4 221 0 449 70
b 4 1 449 70
b 8 1 359 311
b 34 0 383 200
m 34 41 0 383 200
m 34 172 0 383 200
b 214 3 294 483
m 214 70 3 10.777777777777777 165.44444444444446 2.002521693985002E-4
b 239 3 370 165
m 239 42 3 12.333333333333334 177.88888888888889 0.21281270810559516
m 239 34 3 12.333333333333334 177.88888888888889 0.21281270810559516
b 66 2 368 484
m 66 60 2 368 484
m 66 75 2 368 484
m 66 77 2 368 484
m 66 159 2 368 484
b 86 0 384 20
m 86 19 0 384 20
m 86 176 0 384 20
m 86 191 0 384 20
b 86 1 384 20
m 86 19 1 384 20
m 86 176 1 384 20
m 86 191 1 384 20
b 209 3 247 404
b 45 3 304 483
m 45 70 3 12.0 181.33333333333334 0.5
m 45 66 3 12.0 181.33333333333334 0.5
b 118 3 389 249
m 118 41 3 11.666666666666666 171.22222222222223 0.5
m 118 34 3 11.666666666666666 171.22222222222223 0.5
b 174 0 486 436
b 174 1 486 436
b 27 0 368 66
b 27 1 368 66
b 29 0 447 498
b 29 1 447 498
b 35 0 447 187
m 35 24 0 447 187
m 35 41 0 447 187
m 35 54 0 447 187
m 35 83 0 447 187
m 35 92 0 447 187
m 35 172 0 447 187
b 221 0 488 67
m 221 38 0 488 67
m 221 210 0 488 67
b 221 1 488 67
m 221 38 1 488 67
m 221 210 1 488 67
b 201 3 258 475
b 235 0 438 390
b 150 2 76 69
b 156 3 432 395
m 156 170 3 12.777777777777779 184.77777777777777 0.37290640134311864
m 156 174 3 12.777777777777779 184.77777777777777 0.37290640134311864
m 156 200 3 12.777777777777779 184.77777777777777 0.37290640134311864
b 158 2 403 495
b 234 3 478 243
m 234 54 3 12.666666666666668 182.88888888888889 0.329946745720336
m 234 30 3 12.666666666666668 182.88888888888889 0.329946745720336
m 234 104 3 12.666666666666668 182.88888888888889 0.329946745720336
b 0 1 298 17
b 12 0 414 371
b 19 0 448 1
m 19 38 0 448 1
m 19 210 0 448 1
b 19 1 448 1
m 19 38 1 448 1
m 19 210 1 448 1
b 157 1 464 315
m 157 104 1 464 315
m 157 234 1 464 315
b 231 3 194 127
b 51 3 175 488
b 88 0 240 11
b 101 2 310 377
m 101 40 2 310 377
m 101 124 2 310 377
m 101 236 2 310 377
b 161 3 181 137
b 191 0 421 27
m 191 38 0 421 27
m 191 210 0 421 27
b 191 1 421 27
m 191 38 1 421 27
m 191 210 1 421 27
b 20 2 77 33
b 63 2 323 381
b 176 0 438 18
m 176 38 0 438 18
m 176 210 0 438 18
b 176 1 438 18
m 176 38 1 438 18
m 176 210 1 438 18
b 177 0 392 18
b 177 1 392 18
b 233 3 354 160
m 233 175 3 10.88888888888889 156.66666666666666 0.5619916317222986
m 233 42 3 10.88888888888889 156.66666666666666 0.5619916317222986
m 233 34 3 10.88888888888889 156.66666666666666 0.5619916317222986
b 235 1 438 394
b 34 1 379 192
b 71 0 390 8
b 71 1 390 8
b 88 1 238 11
b 93 3 270 82
m 93 113 3 7.555555555555555 113.55555555555556 0.014705882352941235
b 184 3 424 340
m 184 114 3 12.11111111111111 174.77777777777777 0.1725461594564508
m 184 30 3 12.11111111111111 174.77777777777777 0.1725461594564508
b 12 1 410 373
b 119 2 306 402
m 119 40 2 306 402
m 119 124 2 306 402
m 119 229 2 306 402
m 119 236 2 306 402
b 126 3 347 17
m 126 177 3 8.4 115.2 0.2513780648792361
m 126 71 3 8.4 115.2 0.2513780648792361
b 199 3 295 8
m 199 113 3 7.555555555555555 113.55555555555556 0.014705882352941235
b 0 3 303 16
m 0 113 3 8.444444444444445 123.55555555555556 1.0
b 30 0 474 307
b 32 0 438 177
m 32 24 0 438 177
m 32 41 0 438 177
m 32 172 0 438 177
b 32 1 438 177
m 32 24 1 438 177
m 32 83 1 438 177
m 32 92 1 438 177
m 32 172 1 438 177
b 235 3 438 397
m 235 170 3 12.444444444444445 179.77777777777777 0.1990315066802401
m 235 174 3 12.444444444444445 179.77777777777777 0.1990315066802401
b 60 3 424 464
m 60 29 3 14.0 224.0 0.16666666666666666
m 60 179 3 14.0 224.0 0.16666666666666666
b 70 3 321 468
m 70 66 3 9.799999999999999 149.0 2.022955588821584E-4
b 120 0 412 90
b 120 1 412 90
m 120 210 1 412 90
b 131 0 471 131
m 131 24 0 471 131
b 131 1 471 131
m 131 24 1 471 131
m 131 172 1 471 131
m 131 210 1 471 131
b 140 0 475 476
b 140 1 475 476
b 206 3 467 452
m 206 179 3 13.4 209.6 0.06054613063049145
b 41 1 424 231
b 128 0 481 279
b 133 0 488 43
m 133 38 0 488 43
b 133 1 488 43
m 133 38 1 488 43
m 133 210 1 488 43
b 139 3 222 131
b 179 0 447 398
b 179 1 447 398
b 229 3 376 369
m 229 236 3 12.499999999999998 200.5 1.0
b 88 3 233 10
m 88 113 3 8.444444444444445 123.55555555555556 1.0
b 129 0 458 438
b 30 1 474 303
m 30 104 1 474 303
m 30 128 1 474 303
m 30 234 1 474 303
b 42 3 371 157
m 42 110 3 11.799999999999999 165.4 0.123838789218791
b 129 1 458 437
b 146 3 305 76
m 146 113 3 10.555555555555555 154.33333333333334 0.5
m 146 27 3 10.555555555555555 154.33333333333334 0.5
b 230 0 448 495
b 230 1 448 495
b 35 1 452 175
m 35 24 1 452 175
m 35 54 1 452 175
m 35 83 1 452 175
m 35 92 1 452 175
m 35 172 1 452 175
m 35 234 1 452 175
b 83 0 486 244
b 129 3 457 435
m 129 140 3 13.8 222.0 0.25
m 129 29 3 13.8 222.0 0.25
b 200 3 481 394
m 200 179 3 11.9 167.9 0.25
m 200 114 3 11.9 167.9 0.25
b 92 0 470 227
b 94 3 384 99
m 94 110 3 11.899999999999999 166.70000000000002 0.17090944658826143
b 227 3 367 357
m 227 236 3 13.5 220.5 1.0
b 41 0 424 237
b 66 3 359 499
b 77 3 367 466
b 238 3 302 116
m 238 113 3 10.444444444444445 154.0 1.0
b 41 3 424 239
m 41 35 3 11.1 157.7 0.8390486586865418
m 41 83 3 11.1 157.7 0.8390486586865418
m 41 32 3 11.1 157.7 0.8390486586865418
m 41 24 3 11.1 157.7 0.8390486586865418
m 41 92 3 11.1 157.7 0.8390486586865418
b 60 2 427 472
b 212 3 340 120
m 212 120 3 11.7 164.3 0.05741825069910204
b 220 3 212 130
b 175 3 402 180
m 175 35 3 10.4 144.6 0.6725848586946203
m 175 172 3 10.4 144.6 0.6725848586946203
m 175 32 3 10.4 144.6 0.6725848586946203
m 175 24 3 10.4 144.6 0.6725848586946203
m 175 110 3 10.4 144.6 0.6725848586946203
b 12 3 396 377
b 159 2 388 488
b 174 3 484 459
m 174 140 3 11.7 166.70000000000002 0.5
m 174 75 3 11.7 166.70000000000002 0.5
b 38 0 461 24
b 38 1 461 24
b 75 2 468 493
m 75 29 2 468 493
m 75 129 2 468 493
m 75 140 2 468 493
m 75 174 2 468 493
m 75 206 2 468 493
m 75 230 2 468 493
b 114 3 450 347
m 114 213 3 11.0 157.4 1.0
b 168 3 263 107
b 234 1 478 222
b 24 0 442 188
b 229 2 371 356
b 230 3 448 491
m 230 75 3 13.0 206.4 0.5
m 230 140 3 13.0 206.4 0.5
b 40 2 300 386
m 40 111 2 300 386
m 40 227 2 300 386
b 77 2 359 462
b 210 0 449 72
b 54 0 479 222
b 83 1 485 257
b 177 3 412 26
m 177 38 3 8.545454545454545 113.81818181818183 0.3809732828835566
m 177 120 3 8.545454545454545 113.81818181818183 0.3809732828835566
m 177 46 3 8.545454545454545 113.81818181818183 0.3809732828835566
b 225 3 321 176
b 71 3 410 13
m 71 46 3 8.272727272727273 109.18181818181819 0.3304943369346964
m 71 38 3 8.272727272727273 109.18181818181819 0.3304943369346964
m 71 176 3 8.272727272727273 109.18181818181819 0.3304943369346964
b 104 0 494 324
b 128 1 470 292
b 92 1 473 240
b 110 3 404 145
m 110 131 3 11.363636363636363 154.81818181818184 0.14473437349251164
m 110 120 3 11.363636363636363 154.81818181818184 0.14473437349251164
b 170 3 459 295
m 170 213 3 11.8 167.20000000000002 0.3333333333333333
b 210 1 447 74
b 113 3 274 32
b 34 3 368 169
m 34 172 3 11.2 160.2 1.0
b 172 0 438 137
b 24 1 436 193
b 54 3 473 219
m 54 128 3 11.500000000000002 164.7 1.0
b 124 2 324 328
b 236 2 337 326
b 104 3 494 331
m 104 213 3 11.600000000000001 165.0 0.5
m 104 128 3 11.600000000000001 165.0 0.5
b 30 3 473 280
m 30 128 3 11.500000000000002 164.7 1.0
b 104 1 494 332
b 213 3 471 333
m 213 128 3 10.090909090909092 143.1818181818182 1.0
b 83 3 483 267
m 83 128 3 10.181818181818183 143.45454545454547 1.0
b 92 3 476 250
m 92 128 3 10.181818181818183 143.45454545454547 1.0
b 46 3 363 49
m 46 144 3 8.166666666666666 105.66666666666666 0.25
b 236 3 334 321
b 32 3 422 205
b 35 3 462 150
b 179 3 421 383
b 176 3 443 53
m 176 191 3 8.25 105.41666666666666 0.3817639664306469
m 176 221 3 8.25 105.41666666666666 0.3817639664306469
m 176 16 3 8.25 105.41666666666666 0.3817639664306469
m 176 4 3 8.25 105.41666666666666 0.3817639664306469
b 206 2 496 440
m 206 155 2 496 440
m 206 156 2 496 440
m 206 200 2 496 440
m 206 235 2 496 440
b 24 3 428 199
b 27 3 340 35
m 27 191 3 9.8 139.8 0.675372467379533
m 27 16 3 9.8 139.8 0.675372467379533
b 29 3 475 466
b 172 1 437 127
b 174 2 482 480
b 54 1 463 214
b 140 3 475 491
b 120 3 393 120
m 120 144 3 10.90909090909091 150.1818181818182 0.021164984284564176
b 75 3 492 491
b 128 3 456 308
b 129 2 448 403
b 38 3 448 46
m 38 191 3 8.5 109.66666666666666 0.30185704413647113
m 38 19 3 8.5 109.66666666666666 0.30185704413647113
m 38 133 3 8.5 109.66666666666666 0.30185704413647113
b 131 3 473 173
b 227 2 342 331
b 111 2 330 329
b 140 2 482 485
b 200 2 445 381
b 191 3 374 45
m 191 86 3 7.769230769230769 97.61538461538461 0.5
m 191 210 3 7.769230769230769 97.61538461538461 0.5
b 172 3 435 114
m 172 210 3 9.545454545454547 131.54545454545456 1.0
b 221 3 482 12
m 221 86 3 7.846153846153846 98.0 0.3333333333333333
b 29 2 484 456
b 230 2 457 461
b 144 3 388 144
m 144 210 3 7.615384615384615 97.61538461538461 1.0
b 19 3 497 1
m 19 86 3 7.9230769230769225 101.3076923076923 1.0
b 156 2 427 454
m 156 179 2 427 454
b 155 2 469 369
m 155 43 2 469 369
m 155 104 2 469 369
m 155 114 2 469 369
m 155 121 2 469 369
m 155 157 2 469 369
m 155 179 2 469 369
m 155 184 2 469 369
m 155 213 2 469 369
b 86 3 451 34
b 16 3 422 0
b 235 2 434 456
m 235 121 2 434 456
b 4 3 495 16
b 133 3 473 7
b 213 2 462 294
b 114 2 422 298
b 121 2 484 369
b 210 3 403 105
b 43 2 497 319
b 179 2 375 358
b 157 2 453 351
b 104 2 490 392
b 184 2 482 269
m 184 30 2 482 269
m 184 41 2 482 269
m 184 58 2 482 269
m 184 83 2 482 269
m 184 92 2 482 269
m 184 128 2 482 269
m 184 170 2 482 269
m 184 175 2 482 269
b 128 2 414 356
b 58 2 478 278
b 175 2 433 266
m 175 24 2 433 266
m 175 32 2 433 266
m 175 131 2 433 266
m 175 233 2 433 266
b 83 2 475 345
b 41 2 415 337
b 92 2 495 326
b 170 2 498 209
m 170 131 2 498 209
m 170 233 2 498 209
b 233 2 462 213
m 233 69 2 462 213
m 233 91 2 462 213
m 233 95 2 462 213
b 30 2 472 185
m 30 69 2 472 185
m 30 95 2 472 185
m 30 176 2 472 185
m 30 234 2 472 185
b 32 2 375 287
b 131 2 478 257
b 24 2 351 255
m 24 42 2 351 255
m 24 54 2 351 255
m 24 110 2 351 255
m 24 120 2 351 255
m 24 144 2 351 255
b 95 2 459 174
b 176 2 457 155
m 176 94 2 457 155
b 234 2 483 95
b 110 2 323 241
b 42 2 349 297
b 91 2 414 131
m 91 38 2 414 131
m 91 67 2 414 131
m 91 199 2 414 131
m 91 210 2 414 131
b 69 2 467 149
b 144 2 352 235
b 120 2 329 219
b 94 2 465 101
m 94 4 2 465 101
m 94 19 2 465 101
m 94 35 2 465 101
m 94 71 2 465 101
m 94 86 2 465 101
m 94 126 2 465 101
m 94 177 2 465 101
m 94 221 2 465 101
b 54 2 350 164
b 67 2 380 140
m 67 16 2 380 140
m 67 118 2 380 140
m 67 166 2 380 140
b 199 2 362 159
b 19 2 416 74
b 86 2 494 104
b 38 2 380 154
m 38 16 2 380 154
b 126 2 492 42
b 221 2 490 110
b 210 2 321 162
b 177 2 438 41
m 177 133 2 438 41
m 177 172 2 438 41
m 177 239 2 438 41
b 71 2 458 89
b 35 2 482 92
b 118 2 292 87
b 4 2 432 108
m 4 133 2 432 108
b 16 2 372 118
b 166 2 413 86
b 133 2 357 74
b 172 2 401 44
b 239 2 388 42
