Key: 
t: node change direction (node id, x, y, new direction)
s: node start location (node id, x, y, start direction, buffer)
m: message transfer (sender id, target id, messageType, sender x, sender y
b: broadcast (node id, message type, x, y)
468 108 325 411
s 0 401 256 151 7
s 1 351 57 99 8
s 2 383 298 34 10
s 3 119 440 86 5
s 4 386 381 123 1
s 5 82 287 58 5
s 6 317 31 263 7
s 7 385 265 122 2
s 8 150 363 221 4
s 9 176 0 236 10
s 10 11 116 156 1
s 11 117 77 162 1
s 12 143 470 112 1
s 13 236 196 126 10
s 14 136 378 249 2
s 15 364 492 249 8
s 16 50 426 200 9
s 17 28 475 25 10
s 18 324 368 326 10
s 19 204 86 254 9
s 20 472 411 291 2
s 21 152 198 97 2
s 22 362 324 152 3
s 23 91 230 10 1
s 24 356 451 305 6
s 25 358 27 139 3
s 26 311 305 299 7
s 27 324 493 84 9
s 28 171 396 342 7
s 29 66 347 245 7
s 30 411 211 0 6
s 31 78 328 299 2
s 32 346 108 46 8
s 33 122 113 336 7
s 34 496 348 167 0
s 35 187 384 43 4
s 36 222 477 71 4
s 37 120 27 256 3
s 38 376 431 181 3
s 39 374 431 292 7
s 40 234 56 257 8
s 41 298 461 113 8
s 42 488 80 190 4
s 43 100 470 249 7
s 44 280 321 208 0
s 45 64 365 177 3
s 46 329 323 338 3
s 47 406 204 197 3
s 48 132 426 15 9
s 49 69 402 307 3
s 50 459 472 258 10
s 51 343 127 239 5
s 52 460 302 36 0
s 53 42 308 58 0
s 54 105 458 226 6
s 55 487 36 45 6
s 56 441 484 345 4
s 57 164 477 337 2
s 58 69 267 47 9
s 59 486 334 203 0
s 60 63 280 336 5
s 61 272 484 287 0
s 62 405 22 33 9
s 63 201 495 324 9
s 64 128 140 173 6
s 65 484 228 239 9
s 66 473 95 129 1
s 67 178 110 223 5
s 68 64 26 102 7
s 69 49 68 347 10
s 70 152 201 27 9
s 71 12 409 58 0
s 72 13 66 348 1
s 73 254 237 127 8
s 74 182 0 76 1
s 75 69 131 72 2
s 76 251 396 162 10
s 77 146 24 155 0
s 78 194 48 91 2
s 79 64 108 69 0
s 80 288 349 84 1
s 81 86 55 87 8
s 82 155 178 82 2
s 83 133 363 223 10
s 84 94 454 48 1
s 85 281 187 71 10
s 86 42 465 237 7
s 87 261 442 349 6
s 88 137 180 31 8
s 89 432 348 176 3
s 90 141 382 24 0
s 91 310 168 50 10
s 92 483 406 308 4
s 93 472 310 112 10
s 94 478 35 259 7
s 95 341 354 66 8
s 96 428 264 89 9
s 97 78 151 208 9
s 98 410 39 304 1
s 99 479 443 250 9
s 100 152 294 39 10
s 101 217 299 243 0
s 102 479 101 298 4
s 103 298 396 227 5
s 104 91 204 134 7
s 105 393 295 127 9
s 106 144 274 287 10
s 107 436 10 102 8
s 108 193 55 167 0
s 109 49 495 2 8
s 110 34 59 5 9
s 111 105 195 280 4
s 112 411 280 168 0
s 113 240 169 45 2
s 114 355 141 7 3
s 115 137 66 286 6
s 116 220 150 279 8
s 117 163 487 283 4
s 118 58 11 32 10
s 119 334 7 288 9
s 120 99 147 356 8
s 121 21 106 345 0
s 122 372 6 13 10
s 123 129 167 337 5
s 124 337 114 314 5
s 125 412 58 85 6
s 126 223 23 310 3
s 127 395 136 131 10
s 128 114 103 317 2
s 129 491 331 2 0
s 130 13 143 252 8
s 131 181 295 78 5
s 132 222 494 284 5
s 133 132 11 201 8
s 134 165 350 234 1
s 135 231 90 112 9
s 136 353 214 126 8
s 137 88 492 73 3
s 138 215 220 230 7
s 139 282 232 341 5
s 140 230 257 319 7
s 141 318 209 294 3
s 142 143 135 176 8
s 143 436 498 87 1
s 144 437 190 331 3
s 145 153 466 348 1
s 146 14 488 201 8
s 147 277 58 189 1
s 148 74 397 169 5
s 149 382 336 28 7
s 150 333 208 116 10
s 151 388 418 143 7
s 152 448 52 56 8
s 153 32 218 195 4
s 154 381 123 63 2
s 155 54 217 327 10
s 156 240 71 355 8
s 157 262 468 145 0
s 158 119 218 257 4
s 159 115 320 296 4
s 160 107 239 143 1
s 161 190 147 54 9
s 162 57 255 4 2
s 163 298 243 240 2
s 164 450 243 266 9
s 165 348 197 109 1
s 166 289 495 242 7
s 167 236 97 33 1
s 168 490 430 301 1
s 169 81 452 356 3
s 170 150 393 179 7
s 171 484 332 290 6
s 172 73 420 146 2
s 173 270 158 113 5
s 174 253 111 220 8
s 175 440 157 65 9
s 176 21 494 117 6
s 177 150 192 20 8
s 178 380 47 31 4
s 179 372 100 124 1
s 180 39 194 61 0
s 181 231 451 178 3
s 182 450 292 65 6
s 183 104 208 297 4
s 184 107 95 42 4
s 185 460 343 247 1
s 186 497 477 309 4
s 187 415 464 228 8
s 188 428 443 287 1
s 189 216 58 242 9
s 190 300 406 45 10
s 191 253 4 136 6
s 192 376 97 320 1
s 193 76 256 147 7
s 194 489 147 160 7
s 195 115 234 59 2
s 196 22 145 308 10
s 197 480 482 191 0
s 198 120 413 59 4
s 199 213 459 101 5
s 200 145 64 138 4
s 201 441 77 113 2
s 202 367 44 115 3
s 203 468 108 352 6
s 204 243 409 63 10
s 205 412 484 296 1
s 206 118 274 328 6
s 207 428 108 152 10
s 208 346 250 245 9
s 209 130 285 119 3
s 210 399 202 146 0
s 211 293 406 98 9
s 212 29 426 107 6
s 213 428 381 78 8
s 214 127 433 30 9
s 215 22 94 127 9
s 216 260 101 179 7
s 217 473 158 253 3
s 218 320 338 345 0
s 219 330 484 353 6
s 220 299 198 205 4
s 221 228 24 0 10
s 222 440 133 113 1
s 223 325 411 204 4
s 224 49 442 135 5
s 225 172 71 282 4
s 226 137 184 242 0
s 227 162 412 117 1
s 228 328 496 88 0
s 229 334 181 102 7
s 230 166 427 29 6
s 231 214 313 165 0
s 232 191 113 54 2
s 233 158 178 359 10
s 234 321 183 241 1
s 235 90 112 237 0
s 236 428 151 246 5
s 237 484 193 150 1
s 238 214 393 13 0
s 239 223 388 49 7
b 203 0 481 106
m 203 42 0 481 106
m 203 55 0 481 106
m 203 66 0 481 106
m 203 94 0 481 106
m 203 102 0 481 106
m 203 152 0 481 106
m 203 175 0 481 106
m 203 194 0 481 106
m 203 201 0 481 106
m 203 207 0 481 106
m 203 217 0 481 106
m 203 222 0 481 106
m 203 236 0 481 106
b 203 1 481 106
m 203 42 1 481 106
m 203 55 1 481 106
m 203 66 1 481 106
m 203 94 1 481 106
m 203 102 1 481 106
m 203 152 1 481 106
m 203 175 1 481 106
m 203 194 1 481 106
m 203 201 1 481 106
m 203 207 1 481 106
m 203 217 1 481 106
m 203 222 1 481 106
m 203 236 1 481 106
b 203 2 481 106
m 203 42 2 481 106
m 203 55 2 481 106
m 203 66 2 481 106
m 203 94 2 481 106
m 203 102 2 481 106
m 203 152 2 481 106
m 203 175 2 481 106
m 203 194 2 481 106
m 203 201 2 481 106
m 203 207 2 481 106
m 203 217 2 481 106
m 203 222 2 481 106
m 203 236 2 481 106
b 203 3 481 106
m 203 42 3 14.0 196.0 1.0
m 203 55 3 14.0 196.0 1.0
m 203 66 3 14.0 196.0 1.0
m 203 94 3 14.0 196.0 1.0
m 203 102 3 14.0 196.0 1.0
m 203 152 3 14.0 196.0 1.0
m 203 175 3 14.0 196.0 1.0
m 203 194 3 14.0 196.0 1.0
m 203 201 3 14.0 196.0 1.0
m 203 207 3 14.0 196.0 1.0
m 203 217 3 14.0 196.0 1.0
m 203 222 3 14.0 196.0 1.0
m 203 236 3 14.0 196.0 1.0
b 66 0 456 116
m 66 125 0 456 116
b 66 1 456 116
m 66 125 1 456 116
b 66 2 456 116
b 66 3 456 116
m 66 125 3 9.666666666666668 131.0 1.0
b 222 0 430 157
m 222 30 0 430 157
m 222 114 0 430 157
m 222 127 0 430 157
m 222 144 0 430 157
m 222 154 0 430 157
m 222 237 0 430 157
b 222 1 430 157
m 222 30 1 430 157
m 222 114 1 430 157
m 222 127 1 430 157
m 222 144 1 430 157
m 222 154 1 430 157
m 222 237 1 430 157
b 222 2 430 157
m 222 30 2 430 157
m 222 114 2 430 157
m 222 127 2 430 157
m 222 144 2 430 157
m 222 154 2 430 157
m 222 237 2 430 157
b 222 3 430 157
m 222 30 3 11.666666666666668 147.0 0.2153846153846155
m 222 127 3 11.666666666666668 147.0 0.2153846153846155
b 201 0 430 101
m 201 62 0 430 101
m 201 98 0 430 101
m 201 107 0 430 101
m 201 125 0 430 101
m 201 154 0 430 101
m 201 178 0 430 101
m 201 192 0 430 101
b 201 1 430 101
m 201 62 1 430 101
m 201 98 1 430 101
m 201 107 1 430 101
m 201 125 1 430 101
m 201 154 1 430 101
m 201 178 1 430 101
m 201 192 1 430 101
b 201 2 430 101
m 201 62 2 430 101
m 201 98 2 430 101
m 201 107 2 430 101
m 201 125 2 430 101
m 201 154 2 430 101
m 201 178 2 430 101
m 201 192 2 430 101
b 201 3 430 101
m 201 125 3 11.666666666666668 147.0 0.2153846153846155
m 201 62 3 11.666666666666668 147.0 0.2153846153846155
b 217 0 465 132
m 217 65 0 465 132
m 217 144 0 465 132
m 217 237 0 465 132
b 217 1 465 132
m 217 65 1 465 132
m 217 144 1 465 132
m 217 237 1 465 132
b 217 2 465 132
m 217 65 2 465 132
m 217 144 2 465 132
m 217 237 2 465 132
b 217 3 465 132
m 217 237 3 10.333333333333334 133.66666666666666 0.3333333333333333
b 42 0 460 75
m 42 62 0 460 75
m 42 107 0 460 75
m 42 125 0 460 75
b 42 1 460 75
b 42 2 460 75
b 42 3 460 75
m 42 107 3 10.666666666666668 136.0 0.25
m 42 62 3 10.666666666666668 136.0 0.25
b 102 0 493 76
b 102 1 493 76
b 102 2 493 76
b 102 3 493 76
b 236 0 415 123
m 236 32 0 415 123
m 236 114 0 415 123
m 236 125 0 415 123
m 236 127 0 415 123
m 236 144 0 415 123
m 236 154 0 415 123
m 236 192 0 415 123
b 236 1 415 123
m 236 32 1 415 123
m 236 114 1 415 123
m 236 125 1 415 123
m 236 127 1 415 123
m 236 144 1 415 123
m 236 154 1 415 123
m 236 192 1 415 123
b 236 2 415 123
b 236 3 415 123
m 236 127 3 12.333333333333334 157.66666666666666 0.5899745899745901
m 236 192 3 12.333333333333334 157.66666666666666 0.5899745899745901
m 236 114 3 12.333333333333334 157.66666666666666 0.5899745899745901
m 236 32 3 12.333333333333334 157.66666666666666 0.5899745899745901
m 236 125 3 12.333333333333334 157.66666666666666 0.5899745899745901
b 55 0 491 61
m 55 107 0 491 61
b 55 1 491 61
m 55 107 1 491 61
b 55 2 491 61
m 55 107 2 491 61
b 55 3 491 61
m 55 107 3 9.666666666666668 131.0 1.0
b 94 0 472 4
m 94 62 0 472 4
m 94 98 0 472 4
m 94 107 0 472 4
b 94 1 472 4
m 94 62 1 472 4
m 94 98 1 472 4
m 94 107 1 472 4
b 94 2 472 4
b 94 3 472 4
m 94 107 3 10.333333333333334 133.66666666666666 0.3333333333333333
b 194 0 459 157
m 194 30 0 459 157
m 194 65 0 459 157
m 194 144 0 459 157
m 194 237 0 459 157
b 194 1 459 157
m 194 30 1 459 157
m 194 65 1 459 157
m 194 144 1 459 157
m 194 237 1 459 157
b 194 2 459 157
b 194 3 459 157
m 194 30 3 11.0 139.0 0.2
b 152 0 467 80
m 152 62 0 467 80
m 152 98 0 467 80
m 152 107 0 467 80
m 152 125 0 467 80
m 152 178 0 467 80
m 152 192 0 467 80
b 152 1 467 80
m 152 62 1 467 80
m 152 98 1 467 80
m 152 107 1 467 80
m 152 125 1 467 80
m 152 178 1 467 80
m 152 192 1 467 80
b 152 2 467 80
m 152 62 2 467 80
m 152 98 2 467 80
m 152 107 2 467 80
m 152 125 2 467 80
m 152 178 2 467 80
m 152 192 2 467 80
b 152 3 467 80
m 152 62 3 11.333333333333334 142.66666666666666 0.16666666666666666
m 152 98 3 11.333333333333334 142.66666666666666 0.16666666666666666
b 175 0 455 188
m 175 30 0 455 188
m 175 47 0 455 188
m 175 65 0 455 188
m 175 127 0 455 188
m 175 144 0 455 188
m 175 154 0 455 188
m 175 164 0 455 188
m 175 237 0 455 188
b 175 1 455 188
m 175 30 1 455 188
m 175 47 1 455 188
m 175 65 1 455 188
m 175 127 1 455 188
m 175 144 1 455 188
m 175 154 1 455 188
m 175 164 1 455 188
m 175 237 1 455 188
b 175 2 455 188
m 175 30 2 455 188
m 175 47 2 455 188
m 175 65 2 455 188
m 175 127 2 455 188
m 175 144 2 455 188
m 175 154 2 455 188
m 175 164 2 455 188
m 175 237 2 455 188
b 175 3 455 188
m 175 65 3 12.0 152.0 0.42948717948717974
m 175 30 3 12.0 152.0 0.42948717948717974
m 175 144 3 12.0 152.0 0.42948717948717974
m 175 127 3 12.0 152.0 0.42948717948717974
b 207 0 397 124
m 207 32 0 397 124
m 207 114 0 397 124
m 207 124 0 397 124
m 207 125 0 397 124
m 207 127 0 397 124
m 207 154 0 397 124
m 207 178 0 397 124
m 207 179 0 397 124
m 207 192 0 397 124
b 207 1 397 124
m 207 32 1 397 124
m 207 114 1 397 124
m 207 124 1 397 124
m 207 125 1 397 124
m 207 127 1 397 124
m 207 154 1 397 124
m 207 178 1 397 124
m 207 179 1 397 124
m 207 192 1 397 124
b 207 2 397 124
b 207 3 397 124
m 207 32 3 13.0 171.0 0.8101129639591178
m 207 114 3 13.0 171.0 0.8101129639591178
m 207 178 3 13.0 171.0 0.8101129639591178
m 207 124 3 13.0 171.0 0.8101129639591178
m 207 192 3 13.0 171.0 0.8101129639591178
m 207 127 3 13.0 171.0 0.8101129639591178
m 207 179 3 13.0 171.0 0.8101129639591178
b 237 0 450 212
m 237 164 0 450 212
b 237 1 450 212
m 237 164 1 450 212
b 237 2 450 212
b 98 0 433 6
m 98 119 0 433 6
m 98 122 0 433 6
b 98 1 433 6
m 98 119 1 433 6
m 98 122 1 433 6
b 98 2 433 6
b 154 0 400 159
m 154 32 0 400 159
m 154 47 0 400 159
m 154 124 0 400 159
m 154 179 0 400 159
b 154 1 400 159
m 154 32 1 400 159
m 154 47 1 400 159
m 154 124 1 400 159
m 154 179 1 400 159
b 154 2 400 159
m 154 32 2 400 159
m 154 47 2 400 159
m 154 124 2 400 159
m 154 179 2 400 159
b 192 0 407 71
m 192 1 0 407 71
m 192 25 0 407 71
m 192 122 0 407 71
m 192 124 0 407 71
m 192 179 0 407 71
m 192 202 0 407 71
b 192 1 407 71
m 192 1 1 407 71
m 192 25 1 407 71
m 192 122 1 407 71
m 192 124 1 407 71
m 192 179 1 407 71
m 192 202 1 407 71
b 192 2 407 71
b 114 0 396 146
m 114 32 0 396 146
m 114 47 0 396 146
m 114 51 0 396 146
m 114 91 0 396 146
m 114 124 0 396 146
m 114 141 0 396 146
m 114 179 0 396 146
b 114 1 396 146
b 114 2 396 146
m 114 32 2 396 146
m 114 47 2 396 146
m 114 51 2 396 146
m 114 91 2 396 146
m 114 124 2 396 146
m 114 141 2 396 146
m 114 179 2 396 146
b 144 0 473 170
m 144 164 0 473 170
b 144 1 473 170
m 144 164 1 473 170
b 144 2 473 170
b 237 3 449 213
m 237 144 3 8.5 102.5 0.3578166401695813
m 237 164 3 8.5 102.5 0.3578166401695813
b 178 0 417 69
m 178 1 0 417 69
m 178 119 0 417 69
m 178 122 0 417 69
m 178 124 0 417 69
m 178 202 0 417 69
b 178 1 417 69
b 178 2 417 69
b 192 3 409 69
m 192 179 3 11.5 138.5 0.6270392082119247
m 192 122 3 11.5 138.5 0.6270392082119247
m 192 25 3 11.5 138.5 0.6270392082119247
m 192 124 3 11.5 138.5 0.6270392082119247
m 192 98 3 11.5 138.5 0.6270392082119247
m 192 178 3 11.5 138.5 0.6270392082119247
b 30 0 455 211
m 30 164 0 455 211
b 30 1 455 211
m 30 164 1 455 211
b 30 2 455 211
m 30 164 2 455 211
b 30 3 455 211
b 125 0 416 102
m 125 1 0 416 102
m 125 124 0 416 102
m 125 179 0 416 102
m 125 202 0 416 102
b 125 1 416 102
b 125 3 416 102
m 125 1 3 8.75 107.25 1.0
m 125 124 3 8.75 107.25 1.0
m 125 154 3 8.75 107.25 1.0
m 125 178 3 8.75 107.25 1.0
m 125 179 3 8.75 107.25 1.0
m 125 202 3 8.75 107.25 1.0
b 114 3 400 146
m 114 141 3 11.0 130.5 0.48064160678839585
m 114 91 3 11.0 130.5 0.48064160678839585
m 114 154 3 11.0 130.5 0.48064160678839585
b 125 2 416 103
m 125 1 2 416 103
m 125 32 2 416 103
m 125 124 2 416 103
m 125 179 2 416 103
m 125 202 2 416 103
b 98 3 436 1
m 98 122 3 9.25 109.25 0.02236246398682943
b 107 0 426 56
m 107 119 0 426 56
m 107 122 0 426 56
b 107 1 426 56
b 107 2 426 56
b 62 0 445 49
m 62 122 0 445 49
b 62 1 445 49
m 62 122 1 445 49
b 62 2 445 49
b 62 3 445 49
m 62 122 3 9.0 110.5 1.0
b 127 0 363 172
m 127 91 0 363 172
m 127 141 0 363 172
m 127 208 0 363 172
b 127 1 363 172
m 127 91 1 363 172
m 127 141 1 363 172
m 127 208 1 363 172
b 127 2 363 172
m 127 32 2 363 172
m 127 91 2 363 172
m 127 141 2 363 172
m 127 179 2 363 172
m 127 208 2 363 172
b 127 3 363 172
m 127 47 3 11.0 130.5 0.2738820566406775
m 127 91 3 11.0 130.5 0.2738820566406775
b 179 0 345 140
m 179 1 0 345 140
m 179 51 0 345 140
m 179 91 0 345 140
m 179 141 0 345 140
m 179 202 0 345 140
m 179 234 0 345 140
b 179 1 345 140
m 179 1 1 345 140
m 179 51 1 345 140
m 179 91 1 345 140
m 179 141 1 345 140
m 179 202 1 345 140
m 179 234 1 345 140
b 179 3 345 140
m 179 91 3 11.75 144.25 0.5867209868587565
m 179 154 3 11.75 144.25 0.5867209868587565
m 179 51 3 11.75 144.25 0.5867209868587565
m 179 202 3 11.75 144.25 0.5867209868587565
b 47 0 359 190
m 47 91 0 359 190
m 47 136 0 359 190
m 47 139 0 359 190
m 47 141 0 359 190
m 47 150 0 359 190
m 47 165 0 359 190
m 47 208 0 359 190
m 47 210 0 359 190
m 47 229 0 359 190
b 47 1 359 190
m 47 91 1 359 190
m 47 136 1 359 190
m 47 139 1 359 190
m 47 141 1 359 190
m 47 150 1 359 190
m 47 165 1 359 190
m 47 208 1 359 190
m 47 210 1 359 190
m 47 229 1 359 190
b 47 2 359 190
m 47 32 2 359 190
m 47 91 2 359 190
m 47 136 2 359 190
m 47 139 2 359 190
m 47 141 2 359 190
m 47 150 2 359 190
m 47 165 2 359 190
m 47 208 2 359 190
m 47 210 2 359 190
m 47 229 2 359 190
b 65 0 459 186
b 65 1 459 186
b 65 2 459 186
b 107 3 426 58
m 107 122 3 8.5 103.0 0.026908635794743396
b 144 3 480 166
m 144 164 3 9.5 115.0 0.5
m 144 154 3 9.5 115.0 0.5
b 32 0 381 144
m 32 1 0 381 144
m 32 51 0 381 144
m 32 91 0 381 144
m 32 141 0 381 144
m 32 202 0 381 144
m 32 234 0 381 144
b 32 1 381 144
m 32 1 1 381 144
m 32 51 1 381 144
m 32 91 1 381 144
m 32 141 1 381 144
m 32 202 1 381 144
m 32 234 1 381 144
b 32 3 381 144
m 32 91 3 11.25 134.25 0.5641293728449691
m 32 202 3 11.25 134.25 0.5641293728449691
m 32 47 3 11.25 134.25 0.5641293728449691
m 32 1 3 11.25 134.25 0.5641293728449691
m 32 141 3 11.25 134.25 0.5641293728449691
b 178 3 424 73
b 124 0 373 77
b 124 1 373 77
b 124 3 373 77
m 124 51 3 11.0 134.5 0.2
m 124 25 3 11.0 134.5 0.2
b 179 2 342 144
b 25 0 317 63
m 25 6 0 317 63
m 25 156 0 317 63
m 25 221 0 317 63
b 25 1 317 63
m 25 6 1 317 63
m 25 51 1 317 63
m 25 156 1 317 63
m 25 221 1 317 63
b 65 3 456 181
m 65 154 3 9.25 114.25 1.0
b 164 0 446 188
b 164 1 446 188
b 164 2 446 188
b 202 0 343 94
b 202 1 343 94
m 202 51 1 343 94
b 141 0 341 158
m 141 139 0 341 158
m 141 208 0 341 158
m 141 234 0 341 158
b 141 2 341 158
b 124 2 376 73
m 124 25 2 376 73
m 124 119 2 376 73
b 25 3 314 65
m 25 221 3 10.2 115.8 0.19598242598490337
b 51 0 313 77
m 51 156 0 313 77
m 51 167 0 313 77
m 51 234 0 313 77
b 51 2 313 77
m 51 25 2 313 77
m 51 156 2 313 77
m 51 167 2 313 77
m 51 234 2 313 77
b 154 3 408 175
m 154 47 3 7.2 86.0 1.0
b 202 3 342 97
m 202 156 3 7.6 87.6 0.12984237242853336
b 1 0 342 117
m 1 156 0 342 117
b 1 1 342 117
m 1 156 1 342 117
b 32 2 388 151
b 141 3 342 154
m 141 167 3 10.4 117.2 0.5637328919658072
m 141 208 3 10.4 117.2 0.5637328919658072
b 202 2 341 98
b 119 0 378 34
m 119 6 0 378 34
b 119 1 378 34
m 119 6 1 378 34
b 210 0 349 236
m 210 0 0 349 236
m 210 26 0 349 236
m 210 85 0 349 236
m 210 112 0 349 236
b 210 1 349 236
m 210 0 1 349 236
m 210 26 1 349 236
m 210 85 1 349 236
m 210 112 1 349 236
b 210 2 349 236
m 210 0 2 349 236
m 210 26 2 349 236
m 210 85 2 349 236
m 210 112 2 349 236
b 234 0 291 130
m 234 113 0 291 130
m 234 163 0 291 130
m 234 167 0 291 130
m 234 220 0 291 130
b 234 1 291 130
b 122 0 433 20
b 122 1 433 20
b 164 3 446 181
b 165 0 328 255
m 165 0 0 328 255
m 165 7 0 328 255
m 165 26 0 328 255
m 165 46 0 328 255
m 165 85 0 328 255
m 165 112 0 328 255
m 165 113 0 328 255
m 165 140 0 328 255
b 165 1 328 255
m 165 0 1 328 255
m 165 7 1 328 255
m 165 26 1 328 255
m 165 46 1 328 255
m 165 85 1 328 255
m 165 112 1 328 255
m 165 113 1 328 255
m 165 140 1 328 255
b 165 2 328 255
b 47 3 346 186
m 47 139 3 10.200000000000001 114.2 0.2172682733352191
m 47 26 3 10.200000000000001 114.2 0.2172682733352191
b 91 0 351 216
m 91 26 0 351 216
m 91 85 0 351 216
m 91 113 0 351 216
b 91 2 351 216
m 91 26 2 351 216
m 91 85 2 351 216
m 91 113 2 351 216
b 141 1 344 151
m 141 167 1 344 151
b 1 3 341 121
m 1 156 3 7.6 87.6 0.12984237242853336
b 1 2 341 122
b 51 1 310 71
m 51 6 1 310 71
m 51 156 1 310 71
m 51 167 1 310 71
m 51 221 1 310 71
b 51 3 310 71
m 51 167 3 10.4 120.4 0.292934716225562
m 51 234 3 10.4 120.4 0.292934716225562
b 122 3 436 21
m 122 119 3 9.399999999999999 111.0 1.0
b 139 0 344 211
m 139 0 0 344 211
m 139 26 0 344 211
m 139 85 0 344 211
m 139 113 0 344 211
m 139 140 0 344 211
m 139 163 0 344 211
b 139 1 344 211
b 139 2 344 211
m 139 0 2 344 211
m 139 26 2 344 211
m 139 85 2 344 211
m 139 113 2 344 211
m 139 140 2 344 211
m 139 163 2 344 211
b 91 3 353 219
m 91 85 3 11.200000000000001 133.20000000000002 0.6801547981697017
m 91 113 3 11.200000000000001 133.20000000000002 0.6801547981697017
m 91 136 3 11.200000000000001 133.20000000000002 0.6801547981697017
m 91 165 3 11.200000000000001 133.20000000000002 0.6801547981697017
m 91 208 3 11.200000000000001 133.20000000000002 0.6801547981697017
m 91 229 3 11.200000000000001 133.20000000000002 0.6801547981697017
m 91 139 3 11.200000000000001 133.20000000000002 0.6801547981697017
b 229 0 320 247
m 229 0 0 320 247
m 229 26 0 320 247
m 229 85 0 320 247
m 229 112 0 320 247
m 229 113 0 320 247
m 229 140 0 320 247
m 229 163 0 320 247
b 229 1 320 247
m 229 0 1 320 247
m 229 26 1 320 247
m 229 85 1 320 247
m 229 112 1 320 247
m 229 113 1 320 247
m 229 140 1 320 247
m 229 163 1 320 247
b 229 2 320 247
m 229 0 2 320 247
m 229 26 2 320 247
m 229 85 2 320 247
m 229 112 2 320 247
m 229 113 2 320 247
m 229 140 2 320 247
m 229 163 2 320 247
b 136 0 312 270
m 136 0 0 312 270
m 136 7 0 312 270
m 136 26 0 312 270
m 136 85 0 312 270
m 136 112 0 312 270
m 136 113 0 312 270
b 136 1 312 270
b 136 2 312 270
m 136 0 2 312 270
m 136 7 2 312 270
m 136 26 2 312 270
m 136 85 2 312 270
m 136 112 2 312 270
m 136 113 2 312 270
b 208 0 317 188
m 208 26 0 317 188
m 208 85 0 317 188
m 208 113 0 317 188
m 208 140 0 317 188
m 208 163 0 317 188
b 208 1 317 188
m 208 26 1 317 188
m 208 85 1 317 188
m 208 113 1 317 188
m 208 140 1 317 188
m 208 163 1 317 188
b 208 2 317 188
b 91 1 355 221
m 91 26 1 355 221
m 91 113 1 355 221
b 150 0 302 271
m 150 0 0 302 271
m 150 7 0 302 271
m 150 26 0 302 271
m 150 85 0 302 271
m 150 112 0 302 271
m 150 113 0 302 271
m 150 140 0 302 271
b 150 1 302 271
b 150 2 302 271
m 150 0 2 302 271
m 150 7 2 302 271
m 150 26 2 302 271
m 150 85 2 302 271
m 150 112 2 302 271
m 150 113 2 302 271
m 150 140 2 302 271
b 167 0 295 136
m 167 163 0 295 136
m 167 220 0 295 136
m 167 232 0 295 136
b 167 2 295 136
b 234 2 286 121
b 25 2 304 75
b 112 0 340 295
m 112 7 0 340 295
m 112 18 0 340 295
m 112 46 0 340 295
m 112 105 0 340 295
m 112 218 0 340 295
b 112 1 340 295
m 112 7 1 340 295
m 112 18 1 340 295
m 112 46 1 340 295
m 112 105 1 340 295
m 112 218 1 340 295
b 112 2 340 295
b 167 3 297 137
m 167 232 3 9.5 101.83333333333334 0.273795127423251
b 6 0 307 42
m 6 126 0 307 42
b 6 1 307 42
m 6 126 1 307 42
b 113 0 293 222
m 113 173 0 293 222
m 113 233 0 293 222
b 156 0 314 64
m 156 126 0 314 64
b 156 1 314 64
m 156 126 1 314 64
b 163 0 260 178
m 163 161 0 260 178
m 163 173 0 260 178
m 163 177 0 260 178
m 163 232 0 260 178
m 163 233 0 260 178
b 7 0 345 330
m 7 18 0 345 330
m 7 22 0 345 330
m 7 39 0 345 330
m 7 89 0 345 330
m 7 105 0 345 330
m 7 218 0 345 330
b 7 1 345 330
m 7 18 1 345 330
m 7 22 1 345 330
m 7 39 1 345 330
m 7 89 1 345 330
m 7 105 1 345 330
m 7 218 1 345 330
b 113 1 294 223
m 113 163 1 294 223
m 113 173 1 294 223
m 113 233 1 294 223
b 167 1 300 138
b 46 0 400 295
m 46 2 0 400 295
m 46 18 0 400 295
m 46 59 0 400 295
m 46 89 0 400 295
m 46 96 0 400 295
m 46 185 0 400 295
m 46 218 0 400 295
b 46 1 400 295
m 46 2 1 400 295
m 46 18 1 400 295
m 46 59 1 400 295
m 46 89 1 400 295
m 46 96 1 400 295
m 46 185 1 400 295
m 46 218 1 400 295
b 113 2 295 223
m 113 140 2 295 223
m 113 163 2 295 223
m 113 173 2 295 223
m 113 233 2 295 223
b 220 0 229 166
m 220 78 0 229 166
m 220 88 0 229 166
m 220 123 0 229 166
m 220 135 0 229 166
m 220 138 0 229 166
m 220 161 0 229 166
m 220 173 0 229 166
m 220 177 0 229 166
m 220 232 0 229 166
m 220 233 0 229 166
b 221 0 305 24
m 221 126 0 305 24
b 221 1 305 24
m 221 126 1 305 24
b 119 2 392 45
m 119 122 2 392 45
b 156 2 317 64
m 156 6 2 317 64
m 156 126 2 317 64
m 156 221 2 317 64
b 234 3 283 115
m 234 232 3 9.333333333333332 103.0 0.23843744596671543
b 156 3 318 64
m 156 6 3 6.666666666666666 73.66666666666667 0.07373423724285337
b 0 0 331 294
m 0 18 0 331 294
m 0 89 0 331 294
m 0 105 0 331 294
m 0 218 0 331 294
b 0 1 331 294
m 0 18 1 331 294
m 0 89 1 331 294
m 0 105 1 331 294
m 0 218 1 331 294
b 0 2 331 294
m 0 7 2 331 294
m 0 18 2 331 294
m 0 46 2 331 294
m 0 89 2 331 294
m 0 105 2 331 294
m 0 218 2 331 294
b 26 0 349 235
b 26 1 349 235
b 26 2 349 235
b 139 3 358 206
m 139 150 3 9.000000000000002 96.66666666666667 0.3333333333333333
b 163 2 258 173
m 163 88 2 258 173
m 163 135 2 258 173
m 163 161 2 258 173
m 163 173 2 258 173
m 163 177 2 258 173
m 163 220 2 258 173
m 163 232 2 258 173
m 163 233 2 258 173
b 165 3 322 272
m 165 0 3 10.333333333333334 117.00000000000001 0.07121663143183521
b 221 3 308 24
b 113 3 298 226
m 113 140 3 10.833333333333334 124.50000000000001 0.48678384428569166
m 113 233 3 10.833333333333334 124.50000000000001 0.48678384428569166
m 113 163 3 10.833333333333334 124.50000000000001 0.48678384428569166
b 140 0 292 204
m 140 161 0 292 204
m 140 173 0 292 204
m 140 177 0 292 204
m 140 232 0 292 204
m 140 233 0 292 204
b 140 1 292 204
b 208 3 312 177
m 208 140 3 9.166666666666666 99.16666666666667 0.3333333333333333
b 26 3 350 233
m 26 150 3 9.500000000000002 101.16666666666667 0.19465448712607095
m 26 112 3 9.500000000000002 101.16666666666667 0.19465448712607095
b 163 1 257 172
b 7 2 341 336
b 85 0 308 265
m 85 173 0 308 265
b 85 1 308 265
m 85 173 1 308 265
b 85 2 308 265
m 85 173 2 308 265
b 140 2 295 202
m 140 161 2 295 202
m 140 173 2 295 202
m 140 177 2 295 202
m 140 220 2 295 202
m 140 232 2 295 202
m 140 233 2 295 202
b 218 0 402 316
m 218 2 0 402 316
m 218 34 0 402 316
m 218 39 0 402 316
m 218 59 0 402 316
m 218 89 0 402 316
m 218 96 0 402 316
m 218 185 0 402 316
b 218 1 402 316
m 218 2 1 402 316
m 218 34 1 402 316
m 218 39 1 402 316
m 218 59 1 402 316
m 218 89 1 402 316
m 218 96 1 402 316
m 218 185 1 402 316
b 232 0 241 182
m 232 78 0 241 182
m 232 88 0 241 182
m 232 120 0 241 182
m 232 123 0 241 182
m 232 135 0 241 182
m 232 138 0 241 182
m 232 161 0 241 182
m 232 173 0 241 182
m 232 177 0 241 182
m 232 233 0 241 182
b 119 3 398 50
b 229 3 316 265
m 229 112 3 10.166666666666668 115.16666666666669 0.2
m 229 150 3 10.166666666666668 115.16666666666669 0.2
b 136 3 302 284
b 232 3 242 184
m 232 138 3 10.285714285714285 119.42857142857144 0.4479510132280727
m 232 140 3 10.285714285714285 119.42857142857144 0.4479510132280727
m 232 106 3 10.285714285714285 119.42857142857144 0.4479510132280727
m 232 161 3 10.285714285714285 119.42857142857144 0.4479510132280727
m 232 120 3 10.285714285714285 119.42857142857144 0.4479510132280727
m 232 163 3 10.285714285714285 119.42857142857144 0.4479510132280727
m 232 78 3 10.285714285714285 119.42857142857144 0.4479510132280727
b 59 0 404 299
m 59 34 0 404 299
m 59 52 0 404 299
m 59 92 0 404 299
m 59 171 0 404 299
m 59 188 0 404 299
b 59 1 404 299
m 59 34 1 404 299
m 59 52 1 404 299
m 59 92 1 404 299
m 59 171 1 404 299
m 59 188 1 404 299
b 85 3 310 271
b 126 0 299 16
m 126 9 0 299 16
b 126 1 299 16
b 185 0 425 260
m 185 52 0 425 260
m 185 171 0 425 260
b 185 1 425 260
m 185 52 1 425 260
m 185 171 1 425 260
b 22 0 282 366
m 22 223 0 282 366
b 22 1 282 366
m 22 223 1 282 366
b 78 0 192 139
m 78 33 0 192 139
m 78 74 0 192 139
m 78 106 0 192 139
m 78 116 0 192 139
m 78 120 0 192 139
m 78 174 0 192 139
m 78 183 0 192 139
m 78 184 0 192 139
m 78 216 0 192 139
b 89 0 342 354
m 89 15 0 342 354
m 89 24 0 342 354
m 89 34 0 342 354
m 89 187 0 342 354
b 89 1 342 354
m 89 15 1 342 354
m 89 24 1 342 354
m 89 34 1 342 354
m 89 187 1 342 354
b 173 0 234 242
m 173 13 0 234 242
m 173 44 0 234 242
m 173 70 0 234 242
m 173 206 0 234 242
b 218 2 408 314
m 218 2 2 408 314
m 218 24 2 408 314
m 218 34 2 408 314
m 218 39 2 408 314
m 218 52 2 408 314
m 218 59 2 408 314
m 218 96 2 408 314
m 218 99 2 408 314
m 218 171 2 408 314
m 218 185 2 408 314
m 218 188 2 408 314
b 126 2 303 17
m 126 9 2 303 17
b 173 1 233 243
m 173 13 1 233 243
m 173 44 1 233 243
m 173 70 1 233 243
m 173 88 1 233 243
m 173 161 1 233 243
m 173 177 1 233 243
m 173 206 1 233 243
m 173 232 1 233 243
b 105 0 336 371
m 105 15 0 336 371
m 105 24 0 336 371
m 105 34 0 336 371
m 105 61 0 336 371
m 105 87 0 336 371
m 105 95 0 336 371
m 105 187 0 336 371
m 105 238 0 336 371
b 105 1 336 371
m 105 15 1 336 371
m 105 24 1 336 371
m 105 34 1 336 371
m 105 61 1 336 371
m 105 87 1 336 371
m 105 95 1 336 371
m 105 187 1 336 371
m 105 238 1 336 371
b 112 3 319 300
b 123 0 215 130
m 123 33 0 215 130
m 123 74 0 215 130
m 123 106 0 215 130
m 123 116 0 215 130
m 123 120 0 215 130
m 123 183 0 215 130
m 123 184 0 215 130
m 123 191 0 215 130
m 123 216 0 215 130
b 173 2 233 244
b 232 2 246 189
b 18 0 402 314
m 18 24 0 402 314
m 18 34 0 402 314
m 18 52 0 402 314
m 18 99 0 402 314
m 18 171 0 402 314
m 18 188 0 402 314
b 18 1 402 314
m 18 24 1 402 314
m 18 34 1 402 314
m 18 52 1 402 314
m 18 99 1 402 314
m 18 171 1 402 314
m 18 188 1 402 314
b 39 0 409 343
m 39 24 0 409 343
m 39 34 0 409 343
m 39 50 0 409 343
m 39 52 0 409 343
m 39 93 0 409 343
m 39 99 0 409 343
m 39 129 0 409 343
m 39 149 0 409 343
m 39 168 0 409 343
m 39 187 0 409 343
m 39 188 0 409 343
b 39 1 409 343
m 39 24 1 409 343
m 39 34 1 409 343
m 39 50 1 409 343
m 39 52 1 409 343
m 39 93 1 409 343
m 39 99 1 409 343
m 39 129 1 409 343
m 39 149 1 409 343
m 39 168 1 409 343
m 39 187 1 409 343
m 39 188 1 409 343
b 46 2 417 288
m 46 52 2 417 288
m 46 59 2 417 288
m 46 185 2 417 288
b 89 2 338 355
m 89 15 2 338 355
m 89 22 2 338 355
m 89 24 2 338 355
m 89 34 2 338 355
m 89 39 2 338 355
m 89 87 2 338 355
m 89 187 2 338 355
b 163 3 250 160
m 163 177 3 10.428571428571429 115.85714285714288 0.4459113466944961
m 163 161 3 10.428571428571429 115.85714285714288 0.4459113466944961
b 177 0 239 225
m 177 13 0 239 225
m 177 23 0 239 225
m 177 44 0 239 225
m 177 70 0 239 225
m 177 82 0 239 225
m 177 101 0 239 225
m 177 206 0 239 225
b 138 0 153 146
m 138 74 0 153 146
m 138 79 0 153 146
m 138 81 0 153 146
m 138 101 0 153 146
m 138 106 0 153 146
m 138 111 0 153 146
m 138 120 0 153 146
m 138 155 0 153 146
m 138 158 0 153 146
m 138 183 0 153 146
m 138 184 0 153 146
m 138 216 0 153 146
b 161 0 246 225
m 161 13 0 246 225
m 161 23 0 246 225
m 161 70 0 246 225
m 161 101 0 246 225
m 161 106 0 246 225
m 161 206 0 246 225
b 220 2 212 158
b 6 2 303 65
m 6 9 2 303 65
b 34 0 402 370
m 34 24 0 402 370
m 34 50 0 402 370
m 34 52 0 402 370
m 34 93 0 402 370
m 34 99 0 402 370
m 34 129 0 402 370
m 34 143 0 402 370
m 34 149 0 402 370
m 34 168 0 402 370
m 34 187 0 402 370
m 34 188 0 402 370
b 34 1 402 370
m 34 24 1 402 370
m 34 50 1 402 370
m 34 52 1 402 370
m 34 93 1 402 370
m 34 99 1 402 370
m 34 129 1 402 370
m 34 143 1 402 370
m 34 149 1 402 370
m 34 168 1 402 370
m 34 187 1 402 370
m 34 188 1 402 370
b 88 0 220 230
m 88 13 0 220 230
m 88 23 0 220 230
m 88 44 0 220 230
m 88 70 0 220 230
m 88 82 0 220 230
m 88 101 0 220 230
m 88 106 0 220 230
m 88 159 0 220 230
m 88 206 0 220 230
b 233 0 255 176
m 233 70 0 255 176
b 6 3 303 66
b 96 0 430 362
m 96 20 0 430 362
m 96 24 0 430 362
m 96 50 0 430 362
m 96 52 0 430 362
m 96 92 0 430 362
m 96 93 0 430 362
m 96 99 0 430 362
m 96 129 0 430 362
m 96 143 0 430 362
m 96 149 0 430 362
m 96 168 0 430 362
m 96 171 0 430 362
m 96 182 0 430 362
m 96 188 0 430 362
m 96 205 0 430 362
b 96 1 430 362
m 96 20 1 430 362
m 96 24 1 430 362
m 96 50 1 430 362
m 96 52 1 430 362
m 96 92 1 430 362
m 96 93 1 430 362
m 96 99 1 430 362
m 96 129 1 430 362
m 96 143 1 430 362
m 96 149 1 430 362
m 96 168 1 430 362
m 96 171 1 430 362
m 96 182 1 430 362
m 96 188 1 430 362
m 96 205 1 430 362
b 135 0 194 181
m 135 101 0 194 181
m 135 106 0 194 181
m 135 155 0 194 181
m 135 183 0 194 181
m 135 184 0 194 181
m 135 216 0 194 181
b 233 1 256 176
m 233 70 1 256 176
m 233 88 1 256 176
m 233 135 1 256 176
m 233 161 1 256 176
m 233 177 1 256 176
m 233 220 1 256 176
m 233 232 1 256 176
b 0 3 314 304
b 2 0 465 354
m 2 20 0 465 354
m 2 24 0 465 354
m 2 50 0 465 354
m 2 52 0 465 354
m 2 92 0 465 354
m 2 93 0 465 354
m 2 99 0 465 354
m 2 129 0 465 354
m 2 143 0 465 354
m 2 149 0 465 354
m 2 168 0 465 354
m 2 171 0 465 354
m 2 182 0 465 354
m 2 188 0 465 354
m 2 205 0 465 354
b 2 1 465 354
b 233 2 257 176
m 233 70 2 257 176
b 88 2 223 232
m 88 13 2 223 232
m 88 23 2 223 232
m 88 44 2 223 232
m 88 70 2 223 232
m 88 82 2 223 232
m 88 101 2 223 232
m 88 106 2 223 232
m 88 159 2 223 232
m 88 206 2 223 232
b 122 2 470 29
b 140 3 306 192
m 140 173 3 9.714285714285715 108.00000000000003 0.3333333333333333
b 177 2 244 226
m 177 13 2 244 226
m 177 23 2 244 226
m 177 44 2 244 226
m 177 70 2 244 226
m 177 101 2 244 226
m 177 206 2 244 226
b 221 2 328 24
b 52 0 445 331
m 52 20 0 445 331
m 52 24 0 445 331
m 52 50 0 445 331
m 52 93 0 445 331
m 52 99 0 445 331
m 52 129 0 445 331
m 52 149 0 445 331
m 52 168 0 445 331
m 52 182 0 445 331
b 52 1 445 331
m 52 20 1 445 331
m 52 24 1 445 331
m 52 50 1 445 331
m 52 93 1 445 331
m 52 99 1 445 331
m 52 129 1 445 331
m 52 149 1 445 331
m 52 168 1 445 331
m 52 182 1 445 331
b 78 3 192 149
m 78 135 3 10.25 117.00000000000001 0.23641700136274102
m 78 33 3 10.25 117.00000000000001 0.23641700136274102
m 78 155 3 10.25 117.00000000000001 0.23641700136274102
b 105 2 332 376
m 105 15 2 332 376
m 105 22 2 332 376
m 105 24 2 332 376
m 105 34 2 332 376
m 105 39 2 332 376
m 105 61 2 332 376
m 105 87 2 332 376
m 105 187 2 332 376
m 105 238 2 332 376
b 135 2 193 184
m 135 78 2 193 184
m 135 101 2 193 184
m 135 106 2 193 184
m 135 120 2 193 184
m 135 123 2 193 184
m 135 138 2 193 184
m 135 155 2 193 184
m 135 183 2 193 184
m 135 184 2 193 184
m 135 206 2 193 184
b 161 2 249 229
b 18 2 408 311
m 18 2 2 408 311
m 18 24 2 408 311
m 18 34 2 408 311
m 18 39 2 408 311
m 18 52 2 408 311
m 18 59 2 408 311
m 18 96 2 408 311
m 18 99 2 408 311
m 18 168 2 408 311
m 18 171 2 408 311
m 18 185 2 408 311
m 18 188 2 408 311
b 150 3 289 299
m 150 7 3 8.142857142857144 84.14285714285715 0.34727503168567797
m 150 210 3 8.142857142857144 84.14285714285715 0.34727503168567797
b 188 0 458 345
m 188 20 0 458 345
m 188 50 0 458 345
m 188 93 0 458 345
m 188 99 0 458 345
m 188 129 0 458 345
m 188 149 0 458 345
m 188 168 0 458 345
m 188 182 0 458 345
m 188 205 0 458 345
b 188 1 458 345
b 233 3 261 176
m 233 173 3 10.428571428571429 115.85714285714288 0.4459113466944961
m 233 135 3 10.428571428571429 115.85714285714288 0.4459113466944961
b 34 2 395 371
m 34 27 2 395 371
m 34 50 2 395 371
m 34 93 2 395 371
m 34 129 2 395 371
m 34 143 2 395 371
m 34 149 2 395 371
m 34 168 2 395 371
m 34 187 2 395 371
b 44 0 188 272
m 44 23 0 188 272
m 44 73 0 188 272
m 44 82 0 188 272
m 44 103 0 188 272
m 44 159 0 188 272
m 44 162 0 188 272
m 44 195 0 188 272
b 52 2 442 331
b 59 2 390 294
b 74 0 164 104
m 74 40 0 164 104
m 74 69 0 164 104
m 74 110 0 164 104
m 74 111 0 164 104
m 74 118 0 164 104
m 74 121 0 164 104
m 74 128 0 164 104
m 74 133 0 164 104
m 74 147 0 164 104
m 74 189 0 164 104
m 74 191 0 164 104
b 44 1 187 272
m 44 23 1 187 272
m 44 73 1 187 272
m 44 82 1 187 272
m 44 103 1 187 272
m 44 159 1 187 272
m 44 162 1 187 272
m 44 195 1 187 272
b 92 0 470 311
m 92 20 0 470 311
m 92 50 0 470 311
m 92 99 0 470 311
m 92 149 0 470 311
m 92 168 0 470 311
m 92 182 0 470 311
b 92 1 470 311
m 92 20 1 470 311
m 92 50 1 470 311
m 92 99 1 470 311
m 92 149 1 470 311
m 92 168 1 470 311
m 92 182 1 470 311
b 120 0 204 139
m 120 155 0 204 139
m 120 191 0 204 139
b 185 2 419 246
b 188 2 459 342
m 188 20 2 459 342
m 188 50 2 459 342
m 188 92 2 459 342
m 188 93 2 459 342
m 188 129 2 459 342
m 188 149 2 459 342
m 188 168 2 459 342
m 188 182 2 459 342
m 188 205 2 459 342
b 61 0 303 382
m 61 28 0 303 382
m 61 35 0 303 382
m 61 38 0 303 382
m 61 57 0 303 382
m 61 63 0 303 382
m 61 80 0 303 382
m 61 132 0 303 382
m 61 166 0 303 382
m 61 239 0 303 382
b 61 1 303 382
m 61 28 1 303 382
m 61 35 1 303 382
m 61 38 1 303 382
m 61 57 1 303 382
m 61 63 1 303 382
m 61 80 1 303 382
m 61 132 1 303 382
m 61 166 1 303 382
m 61 239 1 303 382
b 138 3 147 138
m 138 101 3 10.625 125.62500000000001 0.36868859068891296
m 138 135 3 10.625 125.62500000000001 0.36868859068891296
m 138 81 3 10.625 125.62500000000001 0.36868859068891296
m 138 220 3 10.625 125.62500000000001 0.36868859068891296
m 138 158 3 10.625 125.62500000000001 0.36868859068891296
b 238 0 317 417
m 238 4 0 317 417
m 238 35 0 317 417
m 238 38 0 317 417
m 238 57 0 317 417
m 238 63 0 317 417
m 238 80 0 317 417
m 238 132 0 317 417
m 238 151 0 317 417
m 238 239 0 317 417
b 238 1 317 417
m 238 4 1 317 417
m 238 35 1 317 417
m 238 38 1 317 417
m 238 57 1 317 417
m 238 63 1 317 417
m 238 80 1 317 417
m 238 132 1 317 417
m 238 151 1 317 417
m 238 239 1 317 417
b 101 0 168 204
m 101 31 0 168 204
m 101 60 0 168 204
m 101 155 0 168 204
m 101 159 0 168 204
m 101 162 0 168 204
b 120 3 206 139
m 120 216 3 10.25 117.00000000000001 0.23641700136274102
m 120 183 3 10.25 117.00000000000001 0.23641700136274102
m 120 123 3 10.25 117.00000000000001 0.23641700136274102
b 129 0 424 398
m 129 27 0 424 398
m 129 143 0 424 398
m 129 182 0 424 398
m 129 205 0 424 398
b 129 1 424 398
m 129 27 1 424 398
m 129 143 1 424 398
m 129 182 1 424 398
m 129 205 1 424 398
b 171 0 449 333
m 171 20 0 449 333
m 171 182 0 449 333
m 171 205 0 449 333
b 171 1 449 333
m 171 20 1 449 333
m 171 182 1 449 333
m 171 205 1 449 333
b 183 0 153 112
m 183 118 0 153 112
m 183 121 0 153 112
m 183 133 0 153 112
m 183 200 0 153 112
m 183 226 0 153 112
b 184 0 187 166
b 232 1 254 200
m 232 78 1 254 200
m 232 120 1 254 200
m 232 123 1 254 200
m 232 135 1 254 200
m 232 220 1 254 200
b 23 0 197 249
m 23 21 0 197 249
m 23 31 0 197 249
m 23 60 0 197 249
m 23 159 0 197 249
m 23 162 0 197 249
b 79 0 103 209
m 79 31 0 103 209
m 79 60 0 103 209
m 79 75 0 103 209
m 79 159 0 103 209
b 161 3 253 234
m 161 70 3 9.875 110.62500000000001 0.14285714285714285
b 168 0 425 362
m 168 182 0 425 362
m 168 205 0 425 362
b 168 1 425 362
m 168 182 1 425 362
m 168 205 1 425 362
b 24 0 418 361
m 24 27 0 418 361
m 24 205 0 418 361
b 24 1 418 361
m 24 27 1 418 361
m 24 205 1 418 361
b 82 0 170 286
m 82 21 0 170 286
m 82 49 0 170 286
m 82 60 0 170 286
m 82 73 0 170 286
m 82 134 0 170 286
m 82 162 0 170 286
m 82 195 0 170 286
b 106 3 176 170
m 106 123 3 10.5 122.50000000000001 0.333031643342337
m 106 135 3 10.5 122.50000000000001 0.333031643342337
m 106 155 3 10.5 122.50000000000001 0.333031643342337
b 22 2 265 375
b 24 2 419 360
b 33 0 223 69
m 33 40 0 223 69
m 33 69 0 223 69
m 33 118 0 223 69
m 33 128 0 223 69
m 33 147 0 223 69
m 33 189 0 223 69
m 33 225 0 223 69
b 143 0 416 391
m 143 27 0 416 391
m 143 186 0 416 391
m 143 197 0 416 391
m 143 219 0 416 391
b 143 1 416 391
m 143 27 1 416 391
m 143 186 1 416 391
m 143 197 1 416 391
m 143 219 1 416 391
b 171 2 447 335
m 171 20 2 447 335
m 171 50 2 447 335
m 171 92 2 447 335
m 171 129 2 447 335
m 171 149 2 447 335
m 171 168 2 447 335
m 171 182 2 447 335
m 171 205 2 447 335
b 206 0 211 216
m 206 60 0 211 216
m 206 162 0 211 216
b 216 0 150 103
m 216 37 0 150 103
m 216 69 0 150 103
m 216 108 0 150 103
m 216 110 0 150 103
m 216 118 0 150 103
m 216 121 0 150 103
m 216 128 0 150 103
m 216 133 0 150 103
m 216 147 0 150 103
m 216 226 0 150 103
b 9 0 266 66
m 9 40 0 266 66
m 9 225 0 266 66
b 15 0 324 388
m 15 4 0 324 388
m 15 28 0 324 388
m 15 38 0 324 388
m 15 63 0 324 388
m 15 80 0 324 388
b 15 1 324 388
b 39 2 415 328
m 39 50 2 415 328
m 39 92 2 415 328
m 39 93 2 415 328
m 39 129 2 415 328
m 39 143 2 415 328
m 39 149 2 415 328
m 39 168 2 415 328
b 116 0 237 40
m 116 40 0 237 40
m 116 128 0 237 40
m 116 147 0 237 40
m 116 225 0 237 40
b 174 0 168 40
m 174 19 0 168 40
m 174 40 0 168 40
m 174 69 0 168 40
m 174 110 0 168 40
m 174 115 0 168 40
m 174 118 0 168 40
m 174 121 0 168 40
m 174 128 0 168 40
m 174 147 0 168 40
m 174 189 0 168 40
m 174 225 0 168 40
b 187 0 341 382
m 187 27 0 341 382
b 187 1 341 382
m 187 27 1 341 382
b 205 0 461 385
m 205 27 0 461 385
m 205 56 0 461 385
b 205 1 461 385
m 205 27 1 461 385
m 205 56 1 461 385
b 206 1 212 215
m 206 23 1 212 215
m 206 60 1 212 215
m 206 82 1 212 215
m 206 101 1 212 215
m 206 106 1 212 215
m 206 159 1 212 215
m 206 162 1 212 215
b 20 0 480 309
b 20 1 480 309
b 44 2 181 268
b 87 0 370 420
m 87 4 0 370 420
m 87 27 0 370 420
m 87 80 0 370 420
m 87 190 0 370 420
m 87 197 0 370 420
b 87 1 370 420
m 87 4 1 370 420
m 87 27 1 370 420
m 87 80 1 370 420
m 87 190 1 370 420
m 87 197 1 370 420
b 101 2 166 199
m 101 31 2 166 199
m 101 60 2 166 199
m 101 78 2 166 199
m 101 79 2 166 199
m 101 120 2 166 199
m 101 138 2 166 199
m 101 155 2 166 199
m 101 162 2 166 199
m 101 184 2 166 199
b 111 0 124 84
m 111 37 0 124 84
m 111 67 0 124 84
m 111 69 0 124 84
m 111 72 0 124 84
m 111 77 0 124 84
m 111 108 0 124 84
m 111 110 0 124 84
m 111 118 0 124 84
m 111 121 0 124 84
m 111 130 0 124 84
m 111 133 0 124 84
m 111 196 0 124 84
m 111 200 0 124 84
m 111 226 0 124 84
b 158 0 94 109
m 158 37 0 94 109
m 158 68 0 94 109
m 158 108 0 94 109
m 158 110 0 94 109
m 158 118 0 94 109
m 158 121 0 94 109
m 158 130 0 94 109
m 158 133 0 94 109
m 158 142 0 94 109
m 158 196 0 94 109
m 158 200 0 94 109
m 158 226 0 94 109
b 191 0 172 82
m 191 19 0 172 82
m 191 37 0 172 82
m 191 40 0 172 82
m 191 69 0 172 82
m 191 72 0 172 82
m 191 110 0 172 82
m 191 118 0 172 82
m 191 121 0 172 82
m 191 128 0 172 82
m 191 133 0 172 82
m 191 147 0 172 82
m 191 189 0 172 82
m 191 225 0 172 82
b 23 2 202 250
b 61 2 305 376
m 61 28 2 305 376
m 61 38 2 305 376
m 61 57 2 305 376
m 61 63 2 305 376
m 61 132 2 305 376
m 61 166 2 305 376
b 70 0 253 253
b 87 2 371 420
m 87 4 2 371 420
m 87 27 2 371 420
m 87 80 2 371 420
m 87 95 2 371 420
m 87 143 2 371 420
m 87 190 2 371 420
m 87 197 2 371 420
b 88 1 234 238
m 88 23 1 234 238
m 88 101 1 234 238
m 88 159 1 234 238
b 96 2 430 377
m 96 20 2 430 377
m 96 27 2 430 377
m 96 50 2 430 377
m 96 92 2 430 377
m 96 93 2 430 377
m 96 129 2 430 377
m 96 143 2 430 377
m 96 149 2 430 377
m 96 182 2 430 377
m 96 205 2 430 377
b 99 2 441 337
m 99 20 2 441 337
m 99 50 2 441 337
m 99 92 2 441 337
m 99 93 2 441 337
m 99 129 2 441 337
m 99 149 2 441 337
m 99 182 2 441 337
m 99 205 2 441 337
b 106 0 177 166
b 159 0 165 218
m 159 31 0 165 218
m 159 60 0 165 218
m 159 162 0 165 218
b 177 1 256 231
m 177 23 1 256 231
b 238 2 324 419
m 238 4 2 324 419
m 238 35 2 324 419
m 238 38 2 324 419
m 238 57 2 324 419
m 238 63 2 324 419
m 238 80 2 324 419
m 238 132 2 324 419
m 238 151 2 324 419
m 238 239 2 324 419
b 2 2 477 362
m 2 20 2 477 362
m 2 50 2 477 362
m 2 92 2 477 362
m 2 93 2 477 362
m 2 129 2 477 362
m 2 143 2 477 362
m 2 149 2 477 362
m 2 182 2 477 362
m 2 205 2 477 362
b 13 0 169 288
m 13 21 0 169 288
m 13 49 0 169 288
m 13 60 0 169 288
m 13 73 0 169 288
m 13 103 0 169 288
m 13 162 0 169 288
m 13 195 0 169 288
b 70 1 254 253
m 70 23 1 254 253
m 70 103 1 254 253
b 82 2 171 291
b 95 0 387 458
m 95 4 0 387 458
m 95 27 0 387 458
m 95 186 0 387 458
m 95 190 0 387 458
m 95 197 0 387 458
m 95 219 0 387 458
b 95 1 387 458
m 95 4 1 387 458
m 95 27 1 387 458
m 95 186 1 387 458
m 95 190 1 387 458
m 95 197 1 387 458
m 95 219 1 387 458
b 149 0 482 390
m 149 56 0 482 390
b 149 1 482 390
b 161 1 257 239
m 161 23 1 257 239
b 210 3 305 265
b 220 1 196 150
m 220 74 1 196 150
m 220 78 1 196 150
m 220 101 1 196 150
m 220 106 1 196 150
m 220 120 1 196 150
m 220 123 1 196 150
m 220 138 1 196 150
m 220 155 1 196 150
m 220 183 1 196 150
m 220 184 1 196 150
m 220 216 1 196 150
b 9 2 269 69
m 9 33 2 269 69
m 9 40 2 269 69
m 9 116 2 269 69
m 9 225 2 269 69
b 13 1 168 289
m 13 21 1 168 289
m 13 23 1 168 289
m 13 49 1 168 289
m 13 60 1 168 289
m 13 73 1 168 289
m 13 82 1 168 289
m 13 103 1 168 289
m 13 159 1 168 289
m 13 162 1 168 289
m 13 195 1 168 289
b 15 2 322 385
m 15 28 2 322 385
m 15 38 2 322 385
m 15 63 2 322 385
b 78 2 192 163
m 78 74 2 192 163
m 78 216 2 192 163
b 168 2 419 358
b 177 3 258 231
m 177 70 3 9.75 104.50000000000001 0.20600354369840088
m 177 23 3 9.75 104.50000000000001 0.20600354369840088
b 187 2 338 379
b 7 3 323 364
m 7 22 3 8.25 83.75000000000001 0.5810467521494136
m 7 34 3 8.25 83.75000000000001 0.5810467521494136
m 7 238 3 8.25 83.75000000000001 0.5810467521494136
m 7 28 3 8.25 83.75000000000001 0.5810467521494136
m 7 105 3 8.25 83.75000000000001 0.5810467521494136
m 7 187 3 8.25 83.75000000000001 0.5810467521494136
b 81 0 92 171
m 81 68 0 92 171
m 81 130 0 92 171
m 81 142 0 92 171
m 81 200 0 92 171
m 81 226 0 92 171
b 99 0 440 334
b 99 1 440 334
b 121 0 133 76
m 121 37 0 133 76
m 121 67 0 133 76
m 121 72 0 133 76
m 121 108 0 133 76
m 121 115 0 133 76
m 121 130 0 133 76
m 121 196 0 133 76
m 121 226 0 133 76
b 129 2 418 404
b 159 2 166 216
m 159 31 2 166 216
m 159 60 2 166 216
m 159 79 2 166 216
m 159 162 2 166 216
b 182 0 497 393
m 182 56 0 497 393
b 182 1 497 393
b 50 0 435 358
m 50 27 0 435 358
b 50 1 435 358
m 50 27 1 435 358
b 93 0 428 418
m 93 27 0 428 418
m 93 56 0 428 418
b 93 1 428 418
m 93 27 1 428 418
m 93 56 1 428 418
b 143 2 414 384
m 143 95 2 414 384
m 143 186 2 414 384
b 147 0 162 40
m 147 19 0 162 40
m 147 72 0 162 40
m 147 115 0 162 40
m 147 225 0 162 40
b 173 3 224 265
m 173 23 3 9.875 109.62500000000003 0.5759047644534838
m 173 13 3 9.875 109.62500000000003 0.5759047644534838
m 173 44 3 9.875 109.62500000000003 0.5759047644534838
m 173 159 3 9.875 109.62500000000003 0.5759047644534838
m 173 70 3 9.875 109.62500000000003 0.5759047644534838
m 173 82 3 9.875 109.62500000000003 0.5759047644534838
b 183 2 158 103
m 183 37 2 158 103
m 183 69 2 158 103
m 183 74 2 158 103
m 183 110 2 158 103
m 183 111 2 158 103
m 183 118 2 158 103
m 183 121 2 158 103
m 183 133 2 158 103
m 183 158 2 158 103
m 183 191 2 158 103
m 183 216 2 158 103
b 184 2 194 173
m 184 74 2 194 173
m 184 216 2 194 173
b 23 1 207 250
b 101 3 163 194
m 101 23 3 10.666666666666668 125.11111111111113 0.30545306299365854
m 101 60 3 10.666666666666668 125.11111111111113 0.30545306299365854
m 101 79 3 10.666666666666668 125.11111111111113 0.30545306299365854
b 123 2 238 121
m 123 33 2 238 121
m 123 74 2 238 121
m 123 191 2 238 121
b 128 0 200 23
m 128 19 0 200 23
m 128 115 0 200 23
m 128 225 0 200 23
b 155 0 153 153
b 162 0 175 263
m 162 14 0 175 263
m 162 21 0 175 263
m 162 49 0 175 263
m 162 75 0 175 263
m 162 134 0 175 263
b 195 0 176 335
m 195 223 0 176 335
b 205 2 464 378
m 205 56 2 464 378
b 206 2 218 212
m 206 60 2 218 212
m 206 162 2 218 212
b 4 0 321 481
m 4 145 0 321 481
m 4 190 0 321 481
m 4 197 0 321 481
m 4 199 0 321 481
m 4 204 0 321 481
m 4 211 0 321 481
m 4 230 0 321 481
b 4 1 321 481
b 20 2 476 303
b 80 0 300 467
m 80 41 0 300 467
m 80 48 0 300 467
m 80 90 0 300 467
m 80 145 0 300 467
m 80 197 0 300 467
m 80 199 0 300 467
m 80 204 0 300 467
m 80 211 0 300 467
m 80 230 0 300 467
b 80 1 300 467
m 80 41 1 300 467
m 80 48 1 300 467
m 80 90 1 300 467
m 80 145 1 300 467
m 80 197 1 300 467
m 80 199 1 300 467
m 80 204 1 300 467
m 80 211 1 300 467
m 80 230 1 300 467
b 82 1 172 296
m 82 21 1 172 296
m 82 49 1 172 296
m 82 60 1 172 296
b 135 1 187 201
m 135 60 1 187 201
m 135 101 1 187 201
m 135 106 1 187 201
m 135 155 1 187 201
m 135 184 1 187 201
b 162 1 176 263
m 162 14 1 176 263
m 162 21 1 176 263
m 162 31 1 176 263
m 162 49 1 176 263
m 162 60 1 176 263
m 162 75 1 176 263
m 162 101 1 176 263
m 162 134 1 176 263
b 195 1 176 336
m 195 223 1 176 336
b 226 0 81 79
m 226 11 0 81 79
m 226 37 0 81 79
m 226 67 0 81 79
m 226 68 0 81 79
m 226 72 0 81 79
m 226 77 0 81 79
m 226 97 0 81 79
m 226 108 0 81 79
m 226 130 0 81 79
m 226 142 0 81 79
m 226 196 0 81 79
b 33 3 232 65
m 33 174 3 10.333333333333332 117.44444444444446 0.2589215405988678
m 33 147 3 10.333333333333332 117.44444444444446 0.2589215405988678
m 33 118 3 10.333333333333332 117.44444444444446 0.2589215405988678
b 57 0 274 430
m 57 41 0 274 430
m 57 48 0 274 430
m 57 90 0 274 430
m 57 131 0 274 430
m 57 145 0 274 430
m 57 199 0 274 430
m 57 204 0 274 430
m 57 211 0 274 430
m 57 214 0 274 430
m 57 230 0 274 430
b 57 1 274 430
m 57 41 1 274 430
m 57 48 1 274 430
m 57 90 1 274 430
m 57 131 1 274 430
m 57 145 1 274 430
m 57 199 1 274 430
m 57 204 1 274 430
m 57 211 1 274 430
m 57 214 1 274 430
m 57 230 1 274 430
b 70 2 259 256
m 70 103 2 259 256
b 138 2 138 128
m 138 37 2 138 128
m 138 74 2 138 128
m 138 81 2 138 128
m 138 110 2 138 128
m 138 111 2 138 128
m 138 118 2 138 128
m 138 121 2 138 128
m 138 133 2 138 128
m 138 158 2 138 128
m 138 191 2 138 128
m 138 216 2 138 128
b 31 0 137 222
m 31 14 0 137 222
m 31 180 0 137 222
b 38 0 255 429
m 38 41 0 255 429
m 38 48 0 255 429
m 38 90 0 255 429
m 38 100 0 255 429
m 38 145 0 255 429
m 38 199 0 255 429
m 38 204 0 255 429
m 38 211 0 255 429
m 38 214 0 255 429
m 38 230 0 255 429
b 38 1 255 429
m 38 41 1 255 429
m 38 48 1 255 429
m 38 90 1 255 429
m 38 100 1 255 429
m 38 145 1 255 429
m 38 199 1 255 429
m 38 204 1 255 429
m 38 211 1 255 429
m 38 214 1 255 429
m 38 230 1 255 429
b 78 1 192 169
m 78 74 1 192 169
m 78 101 1 192 169
m 78 106 1 192 169
m 78 138 1 192 169
m 78 155 1 192 169
m 78 183 1 192 169
m 78 184 1 192 169
m 78 216 1 192 169
b 92 2 464 296
b 103 0 216 308
m 103 223 0 216 308
b 120 2 220 138
m 120 33 2 220 138
m 120 74 2 220 138
m 120 191 2 220 138
m 120 216 2 220 138
b 159 1 168 211
b 13 2 164 295
m 13 21 2 164 295
m 13 49 2 164 295
m 13 60 2 164 295
m 13 73 2 164 295
m 13 103 2 164 295
m 13 162 2 164 295
m 13 195 2 164 295
b 21 0 137 319
m 21 8 0 137 319
m 21 14 0 137 319
m 21 58 0 137 319
m 21 180 0 137 319
m 21 231 0 137 319
b 35 0 276 467
m 35 41 0 276 467
m 35 48 0 276 467
m 35 90 0 276 467
m 35 145 0 276 467
m 35 199 0 276 467
m 35 204 0 276 467
m 35 211 0 276 467
m 35 214 0 276 467
m 35 230 0 276 467
b 35 1 276 467
b 75 0 106 247
m 75 8 0 106 247
m 75 14 0 106 247
m 75 83 0 106 247
m 75 153 0 106 247
m 75 180 0 106 247
b 103 1 215 307
m 103 223 1 215 307
b 106 2 180 158
m 106 74 2 180 158
m 106 216 2 180 158
b 108 0 74 83
m 108 67 0 74 83
m 108 72 0 74 83
m 108 77 0 74 83
m 108 97 0 74 83
m 108 115 0 74 83
m 108 130 0 74 83
m 108 196 0 74 83
b 134 0 94 251
m 134 8 0 94 251
m 134 14 0 94 251
m 134 83 0 94 251
m 134 153 0 94 251
m 134 180 0 94 251
b 135 3 185 204
m 135 60 3 10.0 111.11111111111113 0.18592539223745613
m 135 88 3 10.0 111.11111111111113 0.18592539223745613
b 158 3 91 99
m 158 142 3 11.333333333333334 143.7777777777778 0.43296550185334837
m 158 118 3 11.333333333333334 143.7777777777778 0.43296550185334837
m 158 74 3 11.333333333333334 143.7777777777778 0.43296550185334837
m 158 72 3 11.333333333333334 143.7777777777778 0.43296550185334837
m 158 110 3 11.333333333333334 143.7777777777778 0.43296550185334837
m 158 68 3 11.333333333333334 143.7777777777778 0.43296550185334837
m 158 200 3 11.333333333333334 143.7777777777778 0.43296550185334837
b 197 0 360 459
m 197 190 0 360 459
b 197 1 360 459
m 197 190 1 360 459
b 220 3 188 147
m 220 191 3 9.88888888888889 113.44444444444446 0.25
b 101 1 161 189
m 101 31 1 161 189
m 101 79 1 161 189
m 101 138 1 161 189
m 101 155 1 161 189
m 101 184 1 161 189
b 132 0 252 375
m 132 223 0 252 375
b 132 1 252 375
m 132 223 1 252 375
b 149 2 490 394
b 155 2 157 150
m 155 74 2 157 150
m 155 81 2 157 150
m 155 216 2 157 150
b 155 3 157 150
m 155 74 3 9.555555555555555 105.77777777777779 0.25
m 155 79 3 9.555555555555555 105.77777777777779 0.25
b 182 2 496 386
m 182 56 2 496 386
b 183 3 160 98
m 183 37 3 10.88888888888889 132.44444444444446 0.3144519563661469
m 183 74 3 10.88888888888889 132.44444444444446 0.3144519563661469
m 183 184 3 10.88888888888889 132.44444444444446 0.3144519563661469
m 183 110 3 10.88888888888889 132.44444444444446 0.3144519563661469
b 200 0 54 147
m 200 11 0 54 147
m 200 64 0 54 147
m 200 97 0 54 147
b 40 0 183 55
b 49 0 144 303
m 49 14 0 144 303
m 49 58 0 144 303
m 49 180 0 144 303
m 49 231 0 144 303
b 60 0 177 229
b 73 0 180 336
m 73 223 0 180 336
b 77 0 34 76
m 77 10 0 34 76
m 77 11 0 34 76
m 77 97 0 34 76
m 77 215 0 34 76
m 77 235 0 34 76
b 79 2 109 224
b 123 1 243 118
m 123 9 1 243 118
m 123 33 1 243 118
m 123 74 1 243 118
m 123 184 1 243 118
m 123 191 1 243 118
b 123 3 243 118
m 123 9 3 9.555555555555555 105.77777777777779 0.25
m 123 191 3 9.555555555555555 105.77777777777779 0.25
b 133 0 116 96
b 27 2 408 413
m 27 186 2 408 413
m 27 219 2 408 413
b 28 0 290 357
m 28 100 0 290 357
b 28 1 290 357
b 37 0 110 98
b 72 0 135 40
b 73 1 179 337
m 73 223 1 179 337
b 110 0 159 70
b 151 0 289 494
m 151 48 0 289 494
m 151 145 0 289 494
m 151 199 0 289 494
m 151 204 0 289 494
m 151 211 0 289 494
m 151 214 0 289 494
m 151 230 0 289 494
b 151 1 289 494
m 151 48 1 289 494
m 151 145 1 289 494
m 151 199 1 289 494
m 151 204 1 289 494
m 151 211 1 289 494
m 151 214 1 289 494
m 151 230 1 289 494
b 166 0 230 385
m 166 223 0 230 385
b 166 1 230 385
b 189 0 144 44
b 197 2 357 458
b 239 0 305 482
m 239 48 0 305 482
m 239 90 0 305 482
m 239 145 0 305 482
m 239 199 0 305 482
m 239 204 0 305 482
m 239 211 0 305 482
m 239 230 0 305 482
b 239 1 305 482
m 239 48 1 305 482
m 239 90 1 305 482
m 239 145 1 305 482
m 239 199 1 305 482
m 239 204 1 305 482
m 239 211 1 305 482
m 239 230 1 305 482
b 4 2 317 487
m 4 145 2 317 487
m 4 199 2 317 487
m 4 204 2 317 487
m 4 211 2 317 487
m 4 230 2 317 487
b 31 2 139 218
b 50 2 433 349
b 69 0 172 40
b 80 2 301 474
m 80 48 2 301 474
m 80 90 2 301 474
m 80 145 2 301 474
m 80 199 2 301 474
m 80 204 2 301 474
m 80 211 2 301 474
m 80 230 2 301 474
b 81 3 92 181
b 93 2 425 426
b 118 0 165 77
b 162 2 183 264
b 186 0 397 452
m 186 213 0 397 452
m 186 228 0 397 452
b 186 1 397 452
m 186 213 1 397 452
m 186 228 1 397 452
b 216 3 134 103
m 216 69 3 11.11111111111111 140.0 0.3265421397953238
m 216 196 3 11.11111111111111 140.0 0.3265421397953238
m 216 108 3 11.11111111111111 140.0 0.3265421397953238
m 216 147 3 11.11111111111111 140.0 0.3265421397953238
b 225 0 228 36
b 56 0 496 402
b 56 1 496 402
b 57 2 281 427
m 57 41 2 281 427
m 57 48 2 281 427
m 57 90 2 281 427
m 57 100 2 281 427
m 57 131 2 281 427
m 57 145 2 281 427
m 57 199 2 281 427
m 57 204 2 281 427
m 57 211 2 281 427
m 57 214 2 281 427
m 57 230 2 281 427
b 63 0 304 420
m 63 41 0 304 420
m 63 48 0 304 420
m 63 90 0 304 420
m 63 145 0 304 420
m 63 199 0 304 420
m 63 204 0 304 420
m 63 211 0 304 420
m 63 230 0 304 420
b 63 1 304 420
b 74 1 160 126
m 74 37 1 160 126
m 74 40 1 160 126
m 74 69 1 160 126
m 74 110 1 160 126
m 74 111 1 160 126
m 74 118 1 160 126
m 74 121 1 160 126
m 74 133 1 160 126
m 74 158 1 160 126
m 74 191 1 160 126
b 120 1 226 138
m 120 33 1 226 138
m 120 191 1 226 138
b 23 3 217 252
m 23 60 3 9.666666666666666 101.8888888888889 0.2996536347483851
m 23 44 3 9.666666666666666 101.8888888888889 0.2996536347483851
b 27 0 410 411
b 27 1 410 411
b 34 3 371 377
m 34 50 3 9.0 99.44444444444446 0.7792610820217228
m 34 24 3 9.0 99.44444444444446 0.7792610820217228
m 34 52 3 9.0 99.44444444444446 0.7792610820217228
m 34 96 3 9.0 99.44444444444446 0.7792610820217228
m 34 27 3 9.0 99.44444444444446 0.7792610820217228
m 34 15 3 9.0 99.44444444444446 0.7792610820217228
m 34 87 3 9.0 99.44444444444446 0.7792610820217228
m 34 129 3 9.0 99.44444444444446 0.7792610820217228
m 34 39 3 9.0 99.44444444444446 0.7792610820217228
m 34 143 3 9.0 99.44444444444446 0.7792610820217228
b 38 2 248 428
m 38 41 2 248 428
m 38 48 2 248 428
m 38 90 2 248 428
m 38 100 2 248 428
m 38 131 2 248 428
m 38 145 2 248 428
m 38 169 2 248 428
m 38 199 2 248 428
m 38 204 2 248 428
m 38 211 2 248 428
m 38 214 2 248 428
m 38 230 2 248 428
b 60 1 180 228
m 60 31 1 180 228
m 60 75 1 180 228
m 60 79 1 180 228
b 74 2 160 127
b 219 0 457 468
m 219 213 0 457 468
m 219 228 0 457 468
b 219 1 457 468
m 219 213 1 457 468
m 219 228 1 457 468
b 238 3 339 422
m 238 4 3 9.0 99.44444444444446 0.7792610820217228
m 238 57 3 9.0 99.44444444444446 0.7792610820217228
m 238 61 3 9.0 99.44444444444446 0.7792610820217228
m 238 35 3 9.0 99.44444444444446 0.7792610820217228
m 238 63 3 9.0 99.44444444444446 0.7792610820217228
m 238 89 3 9.0 99.44444444444446 0.7792610820217228
m 238 80 3 9.0 99.44444444444446 0.7792610820217228
m 238 95 3 9.0 99.44444444444446 0.7792610820217228
m 238 87 3 9.0 99.44444444444446 0.7792610820217228
m 238 239 3 9.0 99.44444444444446 0.7792610820217228
b 21 1 136 326
m 21 14 1 136 326
m 21 58 1 136 326
m 21 134 1 136 326
m 21 180 1 136 326
m 21 231 1 136 326
b 35 2 281 472
m 35 41 2 281 472
m 35 48 2 281 472
m 35 90 2 281 472
m 35 145 2 281 472
m 35 199 2 281 472
m 35 204 2 281 472
m 35 211 2 281 472
m 35 214 2 281 472
m 35 230 2 281 472
b 44 3 166 260
m 44 21 3 10.0 110.88888888888891 0.5766104121737833
m 44 49 3 10.0 110.88888888888891 0.5766104121737833
m 44 195 3 10.0 110.88888888888891 0.5766104121737833
m 44 60 3 10.0 110.88888888888891 0.5766104121737833
m 44 88 3 10.0 110.88888888888891 0.5766104121737833
m 44 206 3 10.0 110.88888888888891 0.5766104121737833
b 60 2 181 227
b 67 0 84 22
m 67 235 0 84 22
b 70 3 267 260
m 70 88 3 9.111111111111112 99.33333333333334 0.3333333333333333
b 115 0 106 33
b 121 2 146 73
m 121 19 2 146 73
m 121 72 2 146 73
m 121 115 2 146 73
m 121 130 2 146 73
m 121 147 2 146 73
m 121 174 2 146 73
m 121 189 2 146 73
m 121 196 2 146 73
m 121 226 2 146 73
b 49 1 147 299
m 49 14 1 147 299
m 49 58 1 147 299
m 49 75 1 147 299
m 49 134 1 147 299
m 49 180 1 147 299
m 49 231 1 147 299
b 79 3 111 230
m 79 75 3 10.000000000000002 114.20000000000002 0.25
m 79 31 3 10.000000000000002 114.20000000000002 0.25
b 132 2 254 368
b 183 1 163 92
b 184 1 204 182
b 22 3 247 385
m 22 223 3 8.25 83.75000000000001 -1.0
b 68 0 36 154
m 68 64 0 36 154
b 82 3 174 308
m 82 223 3 9.875 109.62500000000003 -1.0
b 90 0 260 435
m 90 36 0 260 435
m 90 100 0 260 435
m 90 169 0 260 435
b 90 1 260 435
m 90 36 1 260 435
m 90 100 1 260 435
m 90 169 1 260 435
b 225 2 232 39
m 225 128 2 232 39
m 225 147 2 232 39
m 225 174 2 232 39
b 11 0 5 107
m 11 64 0 5 107
b 14 0 89 255
m 14 8 0 89 255
m 14 83 0 89 255
m 14 153 0 89 255
m 14 180 0 89 255
b 19 0 139 16
b 28 2 297 355
m 28 100 2 297 355
m 28 223 2 297 355
b 37 2 110 105
m 37 67 2 110 105
m 37 72 2 110 105
m 37 108 2 110 105
m 37 115 2 110 105
m 37 130 2 110 105
m 37 189 2 110 105
m 37 196 2 110 105
m 37 200 2 110 105
m 37 226 2 110 105
b 130 0 93 99
b 134 1 88 243
m 134 8 1 88 243
m 134 79 1 88 243
m 134 83 1 88 243
m 134 153 1 88 243
m 134 180 1 88 243
b 142 0 11 144
m 142 64 0 11 144
b 145 0 282 438
m 145 169 0 282 438
b 145 1 282 438
m 145 169 1 282 438
b 151 2 283 498
b 166 2 227 378
m 166 223 2 227 378
b 239 2 310 487
m 239 48 2 310 487
m 239 90 2 310 487
m 239 145 2 310 487
m 239 199 2 310 487
m 239 204 2 310 487
m 239 211 2 310 487
m 239 214 2 310 487
m 239 230 2 310 487
b 14 1 88 254
m 14 8 1 88 254
m 14 79 1 88 254
m 14 83 1 88 254
m 14 153 1 88 254
m 14 180 1 88 254
b 31 1 142 212
m 31 79 1 142 212
m 31 81 1 142 212
b 75 1 110 257
m 75 8 1 110 257
m 75 79 1 110 257
m 75 83 1 110 257
m 75 153 1 110 257
m 75 180 1 110 257
b 95 2 395 475
m 95 213 2 395 475
b 106 1 183 147
m 106 191 1 183 147
b 111 2 128 64
b 138 1 129 118
b 147 3 146 38
m 147 128 3 10.899999999999999 131.3 0.32815205387982965
m 147 191 3 10.899999999999999 131.3 0.32815205387982965
m 147 115 3 10.899999999999999 131.3 0.32815205387982965
b 158 2 89 89
m 158 67 2 89 89
m 158 72 2 89 89
m 158 97 2 89 89
m 158 108 2 89 89
m 158 115 2 89 89
m 158 130 2 89 89
m 158 196 2 89 89
m 158 200 2 89 89
m 158 226 2 89 89
b 159 3 174 200
m 159 31 3 9.333333333333334 100.22222222222224 0.2
b 180 0 104 310
m 180 43 0 104 310
b 186 2 391 448
m 186 213 2 391 448
m 186 219 2 391 448
m 186 228 2 391 448
b 216 1 127 103
m 216 37 1 127 103
m 216 69 1 127 103
m 216 72 1 127 103
m 216 108 1 127 103
m 216 110 1 127 103
m 216 111 1 127 103
m 216 118 1 127 103
m 216 121 1 127 103
m 216 130 1 127 103
m 216 133 1 127 103
m 216 147 1 127 103
m 216 158 1 127 103
m 216 189 1 127 103
m 216 191 1 127 103
m 216 196 1 127 103
m 216 226 1 127 103
b 33 2 245 59
m 33 128 2 245 59
b 56 2 495 395
b 63 2 309 416
m 63 48 2 309 416
m 63 90 2 309 416
m 63 100 2 309 416
m 63 145 2 309 416
m 63 199 2 309 416
m 63 204 2 309 416
m 63 211 2 309 416
m 63 230 2 309 416
b 190 0 393 496
m 190 213 0 393 496
m 190 228 0 393 496
b 190 1 393 496
b 196 0 104 39
b 216 2 126 103
m 216 72 2 126 103
m 216 108 2 126 103
m 216 130 2 126 103
m 216 147 2 126 103
m 216 189 2 126 103
m 216 196 2 126 103
m 216 226 2 126 103
b 231 0 84 347
m 231 5 0 84 347
m 231 12 0 84 347
m 231 43 0 84 347
m 231 53 0 84 347
m 231 86 0 84 347
m 231 146 0 84 347
m 231 176 0 84 347
m 231 209 0 84 347
b 28 3 299 354
m 28 57 3 8.222222222222221 81.55555555555557 0.5250298724507421
m 28 63 3 8.222222222222221 81.55555555555557 0.5250298724507421
m 28 100 3 8.222222222222221 81.55555555555557 0.5250298724507421
m 28 132 3 8.222222222222221 81.55555555555557 0.5250298724507421
m 28 61 3 8.222222222222221 81.55555555555557 0.5250298724507421
b 40 2 176 64
b 60 3 187 225
m 60 75 3 10.000000000000002 114.20000000000002 0.25
m 60 206 3 10.000000000000002 114.20000000000002 0.25
b 72 3 145 38
m 72 226 3 11.399999999999999 143.80000000000004 0.2563547800255848
m 72 133 3 11.399999999999999 143.80000000000004 0.2563547800255848
m 72 128 3 11.399999999999999 143.80000000000004 0.2563547800255848
m 72 67 3 11.399999999999999 143.80000000000004 0.2563547800255848
b 74 3 159 134
m 74 121 3 10.6 131.00000000000003 0.25
m 74 40 3 10.6 131.00000000000003 0.25
b 79 1 113 234
m 79 81 1 113 234
b 116 2 241 16
m 116 128 2 241 16
b 190 2 393 495
m 190 213 2 393 495
m 190 219 2 393 495
m 190 228 2 393 495
b 191 2 156 98
m 191 72 2 156 98
m 191 147 2 156 98
m 191 174 2 156 98
m 191 189 2 156 98
b 21 2 135 333
b 155 1 168 143
m 155 81 1 168 143
m 155 118 1 168 143
m 155 133 1 168 143
b 187 3 324 363
m 187 15 3 7.888888888888888 77.22222222222223 0.15767010645957222
b 195 2 185 351
m 195 223 2 185 351
b 199 0 300 491
b 199 1 300 491
b 235 0 15 3
b 10 0 17 2
b 49 2 151 293
b 103 2 205 296
m 103 223 2 205 296
b 105 3 310 405
m 105 132 3 8.666666666666666 90.44444444444446 0.7127664692693775
m 105 197 3 8.666666666666666 90.44444444444446 0.7127664692693775
m 105 100 3 8.666666666666666 90.44444444444446 0.7127664692693775
m 105 90 3 8.666666666666666 90.44444444444446 0.7127664692693775
m 105 61 3 8.666666666666666 90.44444444444446 0.7127664692693775
m 105 89 3 8.666666666666666 90.44444444444446 0.7127664692693775
m 105 57 3 8.666666666666666 90.44444444444446 0.7127664692693775
m 105 15 3 8.666666666666666 90.44444444444446 0.7127664692693775
m 105 63 3 8.666666666666666 90.44444444444446 0.7127664692693775
b 131 0 210 429
m 131 5 0 210 429
m 131 36 0 210 429
m 131 117 0 210 429
m 131 169 0 210 429
m 131 198 0 210 429
b 131 1 210 429
m 131 5 1 210 429
m 131 36 1 210 429
m 131 117 1 210 429
m 131 169 1 210 429
m 131 198 1 210 429
b 133 2 118 109
m 133 72 2 118 109
m 133 108 2 118 109
m 133 115 2 118 109
m 133 130 2 118 109
m 133 189 2 118 109
m 133 196 2 118 109
m 133 226 2 118 109
b 230 0 286 493
b 230 1 286 493
b 8 0 46 273
m 8 29 0 46 273
m 8 43 0 46 273
m 8 104 0 46 273
m 8 160 0 46 273
m 8 193 0 46 273
b 37 3 109 111
m 37 121 3 10.600000000000001 125.60000000000001 0.017701548507797416
b 90 2 267 438
m 90 169 2 267 438
b 108 3 59 86
m 108 115 3 10.9 134.1 0.016735155535223884
b 110 2 172 71
b 153 0 66 292
m 153 29 0 66 292
m 153 43 0 66 292
m 153 104 0 66 292
m 153 160 0 66 292
m 153 193 0 66 292
b 200 3 43 157
m 200 64 3 10.7 131.90000000000003 0.2
b 228 0 463 496
b 228 1 463 496
b 13 3 154 308
m 13 223 3 9.875 109.62500000000003 -1.0
b 41 0 207 435
m 41 36 0 207 435
m 41 169 0 207 435
m 41 198 0 207 435
b 41 1 207 435
m 41 36 1 207 435
m 41 169 1 207 435
m 41 198 1 207 435
b 69 2 185 37
m 69 19 2 185 37
m 69 72 2 185 37
m 69 128 2 185 37
m 69 147 2 185 37
m 69 174 2 185 37
m 69 189 2 185 37
m 69 196 2 185 37
b 118 2 176 84
b 121 1 156 70
m 121 19 1 156 70
m 121 72 1 156 70
m 121 115 1 156 70
m 121 130 1 156 70
m 121 147 1 156 70
m 121 174 1 156 70
m 121 189 1 156 70
m 121 196 1 156 70
b 145 2 289 437
b 184 3 211 188
m 184 206 3 10.0 119.60000000000001 0.5
b 48 0 267 462
m 48 169 0 267 462
b 48 1 267 462
m 48 169 1 267 462
b 52 3 406 332
m 52 92 3 9.2 101.60000000000001 0.496517757047171
m 52 59 3 9.2 101.60000000000001 0.496517757047171
m 52 188 3 9.2 101.60000000000001 0.496517757047171
m 52 218 3 9.2 101.60000000000001 0.496517757047171
m 52 99 3 9.2 101.60000000000001 0.496517757047171
b 61 3 313 350
m 61 132 3 8.299999999999999 89.90000000000002 0.5
m 61 100 3 8.299999999999999 89.90000000000002 0.5
b 81 2 93 195
b 97 0 49 91
b 129 3 400 420
m 129 93 3 8.799999999999999 94.40000000000002 0.14285714285714285
b 174 3 145 21
m 174 19 3 10.1 112.10000000000001 0.17098198424031993
m 174 128 3 10.1 112.10000000000001 0.17098198424031993
b 191 3 152 102
m 191 111 3 9.5 105.7 0.33883367216324073
m 191 189 3 9.5 105.7 0.33883367216324073
m 191 121 3 9.5 105.7 0.33883367216324073
b 211 0 259 456
m 211 169 0 259 456
b 211 1 259 456
m 211 169 1 259 456
b 4 3 310 497
m 4 48 3 8.9 95.90000000000002 0.13726024697579883
m 4 197 3 8.9 95.90000000000002 0.13726024697579883
b 64 0 10 147
b 68 3 34 164
m 68 97 3 10.5 130.30000000000004 0.3333333333333333
b 80 3 303 489
m 80 211 3 9.2 101.60000000000001 0.496517757047171
m 80 145 3 9.2 101.60000000000001 0.496517757047171
m 80 197 3 9.2 101.60000000000001 0.496517757047171
m 80 151 3 9.2 101.60000000000001 0.496517757047171
m 80 48 3 9.2 101.60000000000001 0.496517757047171
m 80 199 3 9.2 101.60000000000001 0.496517757047171
b 143 3 410 360
m 143 205 3 8.7 93.10000000000001 0.16666666666666666
b 180 1 108 317
m 180 8 1 108 317
m 180 43 1 108 317
m 180 153 1 108 317
b 204 0 279 459
b 204 1 279 459
b 214 0 231 495
m 214 169 0 231 495
b 214 1 231 495
m 214 169 1 231 495
b 226 2 71 59
m 226 67 2 71 59
m 226 77 2 71 59
m 226 97 2 71 59
m 226 108 2 71 59
b 231 1 77 349
m 231 12 1 77 349
m 231 43 1 77 349
m 231 86 1 77 349
m 231 146 1 77 349
m 231 148 1 77 349
m 231 153 1 77 349
m 231 176 1 77 349
m 231 193 1 77 349
m 231 209 1 77 349
b 37 1 109 115
m 37 72 1 109 115
m 37 97 1 109 115
m 37 108 1 109 115
m 37 115 1 109 115
m 37 130 1 109 115
m 37 189 1 109 115
m 37 196 1 109 115
m 37 226 1 109 115
b 57 3 295 421
m 57 199 3 9.6 112.00000000000001 0.7313949221923786
m 57 48 3 9.6 112.00000000000001 0.7313949221923786
m 57 38 3 9.6 112.00000000000001 0.7313949221923786
m 57 90 3 9.6 112.00000000000001 0.7313949221923786
m 57 41 3 9.6 112.00000000000001 0.7313949221923786
m 57 100 3 9.6 112.00000000000001 0.7313949221923786
m 57 166 3 9.6 112.00000000000001 0.7313949221923786
m 57 145 3 9.6 112.00000000000001 0.7313949221923786
m 57 132 3 9.6 112.00000000000001 0.7313949221923786
m 57 169 3 9.6 112.00000000000001 0.7313949221923786
b 72 2 152 36
m 72 67 2 152 36
m 72 128 2 152 36
b 73 2 169 350
m 73 223 2 169 350
b 88 3 259 253
b 118 3 178 86
m 118 40 3 9.899999999999999 109.3 0.058045458329275997
b 142 3 1 145
m 142 97 3 10.6 131.00000000000003 0.25
b 147 2 137 36
m 147 128 2 137 36
b 191 1 151 103
m 191 72 1 151 103
m 191 130 1 151 103
m 191 147 1 151 103
m 191 174 1 151 103
m 191 189 1 151 103
b 21 3 135 340
m 21 223 3 10.0 110.88888888888891 -1.0
b 33 1 253 55
m 33 116 1 253 55
m 33 128 1 253 55
m 33 225 1 253 55
b 58 0 166 371
m 58 223 0 166 371
b 89 3 290 358
m 89 132 3 8.299999999999999 89.90000000000002 0.5
m 89 100 3 8.299999999999999 89.90000000000002 0.5
b 100 0 263 384
m 100 117 0 263 384
b 100 1 263 384
m 100 117 1 263 384
b 110 3 177 71
m 110 40 3 11.1 137.50000000000003 0.06902386520063648
b 111 1 130 54
m 111 19 1 130 54
m 111 67 1 130 54
m 111 72 1 130 54
m 111 108 1 130 54
m 111 115 1 130 54
m 111 130 1 130 54
m 111 147 1 130 54
m 111 174 1 130 54
m 111 189 1 130 54
m 111 196 1 130 54
m 111 226 1 130 54
b 158 1 87 79
m 158 67 1 87 79
m 158 72 1 87 79
m 158 97 1 87 79
m 158 108 1 87 79
m 158 115 1 87 79
m 158 130 1 87 79
m 158 189 1 87 79
m 158 196 1 87 79
m 158 226 1 87 79
b 169 2 224 442
b 195 3 189 357
m 195 223 3 10.0 110.88888888888891 -1.0
b 199 2 307 491
b 219 2 472 466
m 219 213 2 472 466
m 219 228 2 472 466
b 31 3 148 202
m 31 162 3 9.363636363636365 104.63636363636365 0.1745119231748753
b 35 3 292 482
m 35 197 3 9.2 101.60000000000001 0.496517757047171
m 35 145 3 9.2 101.60000000000001 0.496517757047171
m 35 90 3 9.2 101.60000000000001 0.496517757047171
m 35 211 3 9.2 101.60000000000001 0.496517757047171
m 35 204 3 9.2 101.60000000000001 0.496517757047171
m 35 151 3 9.2 101.60000000000001 0.496517757047171
b 49 3 156 287
m 49 103 3 9.7 104.70000000000003 0.27361993964175535
b 75 3 113 268
m 75 14 3 9.545454545454547 106.09090909090911 0.3058678365780093
m 75 8 3 9.545454545454547 106.09090909090911 0.3058678365780093
b 83 0 28 265
m 83 29 0 28 265
m 83 104 0 28 265
m 83 160 0 28 265
m 83 193 0 28 265
b 108 2 53 88
m 108 11 2 53 88
m 108 77 2 53 88
m 108 97 2 53 88
b 131 2 211 435
m 131 5 2 211 435
m 131 36 2 211 435
m 131 117 2 211 435
m 131 198 2 211 435
b 230 2 292 496
b 108 1 52 88
m 108 11 1 52 88
m 108 67 1 52 88
m 108 77 1 52 88
m 108 97 1 52 88
m 108 115 1 52 88
m 108 200 1 52 88
b 128 2 220 4
b 215 0 10 16
b 226 1 69 56
m 226 67 1 69 56
m 226 77 1 69 56
m 226 97 1 69 56
m 226 115 1 69 56
b 228 2 470 496
b 9 1 294 87
m 9 225 1 294 87
b 9 3 294 87
m 9 225 3 8.7 95.30000000000001 1.0
b 24 3 439 331
m 24 20 3 9.299999999999999 103.90000000000002 0.5725564750425517
m 24 168 3 9.299999999999999 103.90000000000002 0.5725564750425517
m 24 99 3 9.299999999999999 103.90000000000002 0.5725564750425517
m 24 18 3 9.299999999999999 103.90000000000002 0.5725564750425517
m 24 171 3 9.299999999999999 103.90000000000002 0.5725564750425517
m 24 188 3 9.299999999999999 103.90000000000002 0.5725564750425517
b 53 0 119 432
m 53 3 0 119 432
m 53 16 0 119 432
m 53 17 0 119 432
m 53 71 0 119 432
m 53 76 0 119 432
m 53 84 0 119 432
m 53 109 0 119 432
m 53 157 0 119 432
m 53 172 0 119 432
m 53 181 0 119 432
m 53 198 0 119 432
m 53 227 0 119 432
b 72 1 156 36
m 72 19 1 156 36
m 72 67 1 156 36
m 72 115 1 156 36
m 72 128 1 156 36
m 72 174 1 156 36
b 87 3 404 414
m 87 93 3 8.6 92.00000000000001 0.2
m 87 197 3 8.6 92.00000000000001 0.2
b 147 1 133 36
m 147 19 1 133 36
m 147 115 1 133 36
m 147 128 1 133 36
m 147 174 1 133 36
b 169 0 227 442
m 169 198 0 227 442
b 169 1 227 442
m 169 5 1 227 442
m 169 198 1 227 442
b 213 0 428 492
b 213 1 428 492
b 12 0 79 394
m 12 3 0 79 394
m 12 16 0 79 394
m 12 17 0 79 394
m 12 45 0 79 394
m 12 71 0 79 394
m 12 76 0 79 394
m 12 148 0 79 394
m 12 172 0 79 394
m 12 181 0 79 394
m 12 212 0 79 394
b 36 0 167 390
m 36 223 0 167 390
b 36 1 167 390
m 36 223 1 167 390
b 39 3 429 295
m 39 59 3 9.2 101.60000000000001 0.496517757047171
m 39 171 3 9.2 101.60000000000001 0.496517757047171
m 39 168 3 9.2 101.60000000000001 0.496517757047171
m 39 46 3 9.2 101.60000000000001 0.496517757047171
m 39 188 3 9.2 101.60000000000001 0.496517757047171
b 40 1 170 74
m 40 19 1 170 74
m 40 128 1 170 74
m 40 174 1 170 74
m 40 225 1 170 74
b 41 2 201 430
b 48 2 274 464
b 115 2 90 43
b 121 3 163 68
m 121 111 3 10.0 120.54545454545456 0.2566898218061009
m 121 19 3 10.0 120.54545454545456 0.2566898218061009
b 128 3 221 3
m 128 116 3 10.09090909090909 119.72727272727272 0.5
m 128 225 3 10.09090909090909 119.72727272727272 0.5
b 133 1 119 119
m 133 97 1 119 119
b 206 3 243 196
m 206 162 3 9.1 99.90000000000002 1.0
b 211 2 256 450
b 226 3 68 54
m 226 97 3 10.909090909090907 134.00000000000006 0.014599056203873763
b 239 3 320 499
m 239 204 3 9.0 97.60000000000001 0.2862396357794783
m 239 151 3 9.0 97.60000000000001 0.2862396357794783
m 239 48 3 9.0 97.60000000000001 0.2862396357794783
b 8 1 39 266
m 8 29 1 39 266
m 8 43 1 39 266
m 8 104 1 39 266
m 8 160 1 39 266
m 8 193 1 39 266
b 15 3 311 354
b 69 3 193 35
m 69 189 3 10.5 128.5 0.2
m 69 116 3 10.5 128.5 0.2
b 95 3 401 489
m 95 197 3 8.799999999999999 94.40000000000002 0.14285714285714285
b 110 1 182 72
m 110 19 1 182 72
m 110 128 1 182 72
m 110 174 1 182 72
m 110 225 1 182 72
b 153 1 72 300
b 196 3 113 28
m 196 19 3 10.4 127.6 0.25
m 196 130 3 10.4 127.6 0.25
b 200 2 35 163
b 204 2 277 452
b 214 2 225 493
b 27 3 424 396
m 27 205 3 8.6 92.00000000000001 0.2
m 27 168 3 8.6 92.00000000000001 0.2
b 63 3 321 407
m 63 145 3 8.5 91.10000000000001 0.25
b 67 2 69 9
m 67 10 2 69 9
m 67 215 2 69 9
m 67 235 2 69 9
b 69 1 194 34
b 90 3 277 442
m 90 230 3 9.0 95.80000000000001 0.6970132973036414
m 90 48 3 9.0 95.80000000000001 0.6970132973036414
m 90 38 3 9.0 95.80000000000001 0.6970132973036414
m 90 145 3 9.0 95.80000000000001 0.6970132973036414
m 90 41 3 9.0 95.80000000000001 0.6970132973036414
m 90 169 3 9.0 95.80000000000001 0.6970132973036414
m 90 204 3 9.0 95.80000000000001 0.6970132973036414
b 96 3 431 413
m 96 56 3 9.1 99.50000000000001 0.40304358579820515
m 96 219 3 9.1 99.50000000000001 0.40304358579820515
m 96 93 3 9.1 99.50000000000001 0.40304358579820515
m 96 2 3 9.1 99.50000000000001 0.40304358579820515
m 96 149 3 9.1 99.50000000000001 0.40304358579820515
b 100 2 268 388
m 100 117 2 268 388
b 118 1 184 90
m 118 174 1 184 90
m 118 225 1 184 90
b 130 2 110 98
b 174 2 139 15
b 197 3 334 454
m 197 145 3 8.5 86.30000000000001 0.24028849879242065
m 197 190 3 8.5 86.30000000000001 0.24028849879242065
b 209 0 58 415
m 209 3 0 58 415
m 209 16 0 58 415
m 209 17 0 58 415
m 209 45 0 58 415
m 209 54 0 58 415
m 209 71 0 58 415
m 209 76 0 58 415
m 209 84 0 58 415
m 209 109 0 58 415
m 209 148 0 58 415
m 209 170 0 58 415
m 209 172 0 58 415
m 209 181 0 58 415
m 209 212 0 58 415
m 209 224 0 58 415
b 19 2 122 22
b 50 3 428 325
m 50 20 3 9.2 101.60000000000001 0.496517757047171
m 50 205 3 9.2 101.60000000000001 0.496517757047171
m 50 188 3 9.2 101.60000000000001 0.496517757047171
m 50 99 3 9.2 101.60000000000001 0.496517757047171
m 50 18 3 9.2 101.60000000000001 0.496517757047171
m 50 168 3 9.2 101.60000000000001 0.496517757047171
b 58 1 171 376
m 58 223 1 171 376
b 189 2 127 62
b 5 0 162 415
m 5 3 0 162 415
m 5 17 0 162 415
m 5 76 0 162 415
m 5 157 0 162 415
m 5 227 0 162 415
b 115 3 87 45
m 115 19 3 10.363636363636363 121.63636363636363 0.2
m 115 130 3 10.363636363636363 121.63636363636363 0.2
b 160 0 9 305
m 160 54 0 9 305
m 160 148 0 9 305
b 196 2 115 26
b 43 0 46 328
m 43 54 0 46 328
m 43 148 0 46 328
b 59 3 346 275
b 67 3 67 7
m 67 215 3 10.636363636363635 131.5454545454546 0.3333333333333333
b 132 3 259 346
m 132 38 3 7.7 74.30000000000001 0.3333333333333333
b 176 0 111 384
m 176 3 0 111 384
m 176 16 0 111 384
m 176 17 0 111 384
m 176 76 0 111 384
m 176 109 0 111 384
m 176 181 0 111 384
b 218 3 466 299
m 218 18 3 8.818181818181818 94.63636363636364 0.2
b 77 2 8 88
m 77 11 2 8 88
m 77 142 2 8 88
m 77 215 2 8 88
b 81 1 94 208
m 81 68 1 94 208
m 81 200 1 94 208
b 86 0 69 365
m 86 17 0 69 365
m 86 54 0 69 365
m 86 148 0 69 365
b 117 0 197 338
m 117 223 0 197 338
b 117 1 197 338
m 117 223 1 197 338
b 130 1 114 98
b 188 3 473 296
m 188 18 3 8.909090909090908 95.63636363636364 0.11073938313151188
b 198 0 150 449
m 198 3 0 150 449
m 198 76 0 150 449
m 198 109 0 150 449
m 198 157 0 150 449
m 198 227 0 150 449
b 198 1 150 449
m 198 3 1 150 449
m 198 53 1 150 449
m 198 76 1 150 449
m 198 109 1 150 449
m 198 157 1 150 449
m 198 227 1 150 449
b 213 2 421 490
b 5 1 163 417
b 12 1 76 388
b 83 1 21 258
m 83 29 1 21 258
m 83 104 1 21 258
m 83 160 1 21 258
b 97 2 63 86
m 97 11 2 63 86
b 145 3 304 433
m 145 204 3 8.545454545454545 92.72727272727273 0.5
m 145 230 3 8.545454545454545 92.72727272727273 0.5
b 146 0 87 373
m 146 3 0 87 373
m 146 17 0 87 373
m 146 76 0 87 373
m 146 148 0 87 373
b 189 1 125 65
b 205 3 479 346
m 205 20 3 8.454545454545455 87.9090909090909 0.17187738877847428
m 205 171 3 8.454545454545455 87.9090909090909 0.17187738877847428
b 40 3 165 80
b 133 3 120 126
m 133 130 3 10.454545454545453 130.81818181818187 1.0
b 196 1 117 23
b 64 3 21 136
m 64 29 3 10.0 120.72727272727276 0.07415241524152419
b 92 3 451 264
m 92 46 3 8.636363636363637 93.18181818181819 0.3333333333333333
b 111 3 132 41
m 111 130 3 8.727272727272728 96.18181818181819 1.0
b 209 1 54 421
m 209 3 1 54 421
m 209 16 1 54 421
m 209 17 1 54 421
m 209 45 1 54 421
m 209 53 1 54 421
m 209 71 1 54 421
m 209 76 1 54 421
m 209 84 1 54 421
m 209 109 1 54 421
m 209 172 1 54 421
m 209 181 1 54 421
m 209 212 1 54 421
m 209 224 1 54 421
b 11 2 14 84
b 29 0 2 205
b 38 3 219 428
m 38 36 3 9.09090909090909 103.2727272727273 0.25
b 77 1 4 90
m 77 215 1 4 90
b 100 3 274 393
b 104 0 27 300
m 104 54 0 27 300
m 104 148 0 27 300
b 115 1 82 49
b 128 1 218 2
b 169 3 237 441
m 169 131 3 9.181818181818182 104.09090909090911 0.2
m 169 5 3 9.181818181818182 104.09090909090911 0.2
b 193 0 44 355
m 193 54 0 44 355
m 193 148 0 44 355
b 11 1 14 83
b 14 3 79 231
b 71 0 88 450
m 71 137 0 88 450
m 71 224 0 88 450
b 148 1 40 338
m 148 54 1 40 338
m 148 104 1 40 338
m 148 160 1 40 338
m 148 170 1 40 338
b 157 0 117 470
b 162 3 215 266
b 199 3 322 490
m 199 230 3 8.454545454545455 92.45454545454547 1.0
b 84 0 45 458
m 84 137 0 45 458
m 84 224 0 45 458
b 168 3 384 332
b 174 1 131 9
b 176 1 116 378
b 225 1 254 57
b 227 0 172 469
b 8 3 29 258
m 8 83 3 9.333333333333336 101.33333333333334 0.3988131476931187
m 8 29 3 9.333333333333336 101.33333333333334 0.3988131476931187
m 8 104 3 9.333333333333336 101.33333333333334 0.3988131476931187
b 19 1 113 26
b 20 3 456 267
b 36 2 161 379
b 43 1 43 321
m 43 54 1 43 321
b 67 1 61 1
m 67 10 1 61 1
m 67 215 1 61 1
m 67 235 1 61 1
b 86 1 75 361
m 86 17 1 75 361
m 86 54 1 75 361
b 117 2 199 331
m 117 223 2 199 331
b 151 3 307 492
b 172 0 69 444
m 172 137 0 69 444
m 172 224 0 69 444
b 193 1 46 358
m 193 54 1 46 358
b 198 2 147 443
m 198 3 2 147 443
m 198 16 2 147 443
m 198 53 2 147 443
m 198 76 2 147 443
m 198 109 2 147 443
m 198 157 2 147 443
m 198 227 2 147 443
b 5 2 167 423
m 5 3 2 167 423
m 5 17 2 167 423
m 5 53 2 167 423
m 5 58 2 167 423
m 5 76 2 167 423
m 5 157 2 167 423
m 5 176 2 167 423
m 5 227 2 167 423
b 19 3 112 26
b 99 3 424 292
b 103 3 188 279
m 103 223 3 9.7 104.70000000000003 -1.0
b 146 1 91 368
m 146 3 1 91 368
m 146 17 1 91 368
m 146 53 1 91 368
m 146 76 1 91 368
b 160 1 13 296
m 160 54 1 13 296
b 166 3 214 353
m 166 223 3 9.6 112.00000000000001 -1.0
b 181 0 70 457
m 181 137 0 70 457
b 189 3 120 70
b 200 1 26 172
m 200 64 1 26 172
m 200 68 1 26 172
m 200 142 1 26 172
b 235 2 4 13
b 10 2 3 3
b 41 3 190 420
m 41 5 3 9.454545454545453 107.63636363636365 0.12768643323130147
m 41 3 3 9.454545454545453 107.63636363636365 0.12768643323130147
b 45 0 53 452
m 45 137 0 53 452
b 46 3 479 263
b 48 3 288 468
m 48 131 3 8.272727272727273 87.54545454545456 0.5
m 48 214 3 8.272727272727273 87.54545454545456 0.5
b 93 3 411 460
m 93 213 3 8.181818181818182 86.1818181818182 0.5
m 93 186 3 8.181818181818182 86.1818181818182 0.5
b 97 3 70 83
m 97 11 3 9.727272727272727 118.81818181818186 0.1751933388461558
b 211 3 250 437
m 211 131 3 8.545454545454545 92.72727272727273 0.5
m 211 214 3 8.545454545454545 92.72727272727273 0.5
b 225 3 256 59
b 3 0 134 394
m 3 223 0 134 394
b 97 1 71 83
b 116 1 239 11
b 148 0 43 333
b 171 3 406 371
b 53 1 129 448
m 53 16 1 129 448
m 53 17 1 129 448
m 53 71 1 129 448
m 53 172 1 129 448
m 53 181 1 129 448
m 53 212 1 129 448
b 56 3 494 364
m 56 182 3 8.363636363636365 90.54545454545456 1.0
b 157 1 110 469
m 157 16 1 110 469
m 157 71 1 110 469
m 157 172 1 110 469
m 157 181 1 110 469
b 212 0 62 439
m 212 137 0 62 439
b 109 0 85 446
m 109 137 0 85 446
b 204 3 272 435
m 204 131 3 8.545454545454545 92.72727272727273 0.5
b 224 0 28 413
m 224 137 0 28 413
b 227 1 178 466
b 16 0 102 459
m 16 137 0 102 459
b 29 1 7 196
m 29 64 1 7 196
m 29 142 1 7 196
b 54 0 5 365
b 104 1 37 300
b 116 3 237 14
b 219 3 496 463
m 219 228 3 8.454545454545455 90.81818181818183 0.5
m 219 213 3 8.454545454545455 90.81818181818183 0.5
b 230 3 281 489
m 230 214 3 8.272727272727273 87.1818181818182 1.0
b 17 0 122 394
m 17 223 0 122 394
b 18 3 463 274
b 71 1 92 441
m 71 137 1 92 441
b 76 0 91 448
b 130 3 129 96
b 149 3 479 369
m 149 182 3 8.363636363636365 90.54545454545456 1.0
b 170 0 1 378
b 84 1 36 454
b 3 1 134 387
m 3 223 1 134 387
b 172 1 78 441
m 172 137 1 78 441
b 215 2 7 8
b 2 3 468 370
m 2 182 3 8.363636363636365 90.54545454545456 1.0
b 45 1 57 460
m 45 137 1 57 460
b 181 1 60 457
b 190 3 390 459
m 190 213 3 7.909090909090909 78.81818181818183 0.5
m 190 186 3 7.909090909090909 78.81818181818183 0.5
b 53 2 133 454
m 53 71 2 133 454
m 53 172 2 133 454
m 53 181 2 133 454
m 53 212 2 133 454
b 68 1 28 194
m 68 64 1 28 194
m 68 142 1 28 194
b 157 2 103 467
m 157 45 2 103 467
m 157 71 2 103 467
m 157 172 2 103 467
m 157 181 2 103 467
b 235 1 12 5
b 10 1 3 14
b 36 3 154 368
m 36 223 3 9.09090909090909 103.2727272727273 -1.0
b 109 1 80 442
b 137 0 50 479
b 142 2 17 170
m 142 29 2 17 170
m 142 64 2 17 170
m 142 68 2 17 170
b 215 3 5 11
m 215 10 3 9.916666666666664 120.9166666666667 0.17433078494555715
b 224 1 29 407
m 224 137 1 29 407
b 227 2 184 463
b 5 3 174 434
m 5 58 3 9.083333333333332 100.75000000000001 0.2779614397694119
m 5 176 3 9.083333333333332 100.75000000000001 0.2779614397694119
m 5 73 3 9.083333333333332 100.75000000000001 0.2779614397694119
b 131 3 217 465
m 131 227 3 8.583333333333332 95.75000000000001 0.5
m 131 198 3 8.583333333333332 95.75000000000001 0.5
b 212 1 68 433
b 11 3 21 67
m 11 235 3 9.166666666666666 109.6666666666667 0.2362084007661215
b 29 3 12 190
m 29 134 3 9.25 110.75000000000003 1.0
b 76 1 84 450
b 54 1 8 374
b 3 2 135 380
m 3 223 2 135 380
b 16 1 111 464
b 170 1 1 369
b 17 1 125 384
m 17 223 1 125 384
b 186 3 354 422
b 215 1 2 15
b 3 3 135 378
m 3 223 3 9.454545454545453 107.63636363636365 -1.0
b 64 1 37 120
b 104 3 49 301
m 104 43 3 9.230769230769232 98.46153846153845 0.45540800862783043
m 104 54 3 9.230769230769232 98.46153846153845 0.45540800862783043
m 104 193 3 9.230769230769232 98.46153846153845 0.45540800862783043
b 176 2 128 363
b 228 3 494 497
b 109 2 75 437
m 109 45 2 75 437
m 109 71 2 75 437
m 109 84 2 75 437
m 109 137 2 75 437
m 109 172 2 75 437
m 109 181 2 75 437
m 109 209 2 75 437
m 109 212 2 75 437
m 109 224 2 75 437
b 16 2 115 466
b 142 1 21 177
b 58 2 193 400
m 58 223 2 193 400
b 76 2 78 452
m 76 45 2 78 452
m 76 71 2 78 452
m 76 84 2 78 452
m 76 137 2 78 452
m 76 172 2 78 452
m 76 181 2 78 452
m 76 209 2 78 452
m 76 212 2 78 452
m 76 224 2 78 452
b 83 3 0 239
m 83 43 3 8.846153846153847 94.23076923076923 0.3333333333333333
b 213 3 393 484
b 17 2 127 380
b 137 1 59 475
b 182 3 484 327
b 214 3 191 482
m 214 227 3 7.666666666666666 80.33333333333334 0.01086956521739113
b 71 2 99 426
m 71 12 2 99 426
m 71 84 2 99 426
m 71 137 2 99 426
m 71 209 2 99 426
m 71 224 2 99 426
b 10 3 4 27
m 10 235 3 9.307692307692305 111.92307692307696 0.17695485416525983
b 172 2 93 436
m 172 84 2 93 436
m 172 137 2 93 436
m 172 209 2 93 436
m 172 224 2 93 436
b 45 2 66 473
m 45 84 2 66 473
m 45 137 2 66 473
m 45 209 2 66 473
m 45 224 2 66 473
b 181 2 44 458
m 181 84 2 44 458
m 181 137 2 44 458
m 181 209 2 44 458
m 181 224 2 44 458
b 227 3 196 456
m 227 53 3 7.999999999999998 88.46153846153848 0.009615384615384581
b 235 3 22 8
b 134 3 55 197
b 198 3 135 416
m 198 17 3 8.615384615384613 94.61538461538463 0.8907838629396947
m 198 16 3 8.615384615384613 94.61538461538463 0.8907838629396947
m 198 53 3 8.615384615384613 94.61538461538463 0.8907838629396947
m 198 76 3 8.615384615384613 94.61538461538463 0.8907838629396947
m 198 71 3 8.615384615384613 94.61538461538463 0.8907838629396947
m 198 172 3 8.615384615384613 94.61538461538463 0.8907838629396947
m 198 157 3 8.615384615384613 94.61538461538463 0.8907838629396947
m 198 212 3 8.615384615384613 94.61538461538463 0.8907838629396947
b 212 2 80 422
m 212 12 2 80 422
m 212 84 2 80 422
m 212 137 2 80 422
m 212 193 2 80 422
m 212 209 2 80 422
m 212 224 2 80 422
b 64 2 46 112
b 29 2 21 175
b 68 2 24 214
m 68 8 2 24 214
m 68 14 2 24 214
m 68 83 2 24 214
m 68 134 2 24 214
m 68 160 2 24 214
b 176 3 137 353
m 176 223 3 9.083333333333332 100.75000000000001 -1.0
b 84 2 14 444
b 73 3 138 392
m 73 223 3 9.083333333333332 100.75000000000001 -1.0
b 58 3 202 409
m 58 17 3 8.46153846153846 93.0769230769231 1.0
b 137 2 70 469
b 209 2 35 456
b 12 2 56 350
b 54 3 13 394
m 54 170 3 9.000000000000002 94.0 0.3175642052500581
m 54 209 3 9.000000000000002 94.0 0.3175642052500581
b 224 2 35 383
m 224 54 2 35 383
m 224 170 2 35 383
m 224 193 2 35 383
m 224 231 2 35 383
b 43 3 29 285
m 43 148 3 9.000000000000002 94.0 0.3175642052500581
m 43 12 3 9.000000000000002 94.0 0.3175642052500581
b 193 3 71 386
m 193 170 3 9.642857142857144 107.5 0.6558340619779587
m 193 180 3 9.642857142857144 107.5 0.6558340619779587
m 193 17 3 9.642857142857144 107.5 0.6558340619779587
m 193 146 3 9.642857142857144 107.5 0.6558340619779587
m 193 86 3 9.642857142857144 107.5 0.6558340619779587
m 193 153 3 9.642857142857144 107.5 0.6558340619779587
m 193 231 3 9.642857142857144 107.5 0.6558340619779587
m 193 71 3 9.642857142857144 107.5 0.6558340619779587
m 193 109 3 9.642857142857144 107.5 0.6558340619779587
b 53 3 147 477
m 53 16 3 7.785714285714283 83.92857142857144 0.01736082343463887
b 71 3 106 410
m 71 109 3 8.57142857142857 92.42857142857144 0.7993948566076884
m 71 137 3 8.57142857142857 92.42857142857144 0.7993948566076884
m 71 209 3 8.57142857142857 92.42857142857144 0.7993948566076884
m 71 224 3 8.57142857142857 92.42857142857144 0.7993948566076884
m 71 180 3 8.57142857142857 92.42857142857144 0.7993948566076884
b 157 3 74 459
m 157 181 3 8.428571428571427 90.42857142857144 0.47930173226184214
m 157 209 3 8.428571428571427 90.42857142857144 0.47930173226184214
b 172 3 110 429
m 172 209 3 8.357142857142856 89.64285714285717 0.21922084222944108
m 172 109 3 8.357142857142856 89.64285714285717 0.21922084222944108
b 134 2 45 184
b 160 2 31 256
b 14 2 62 186
b 8 2 3 242
m 8 43 2 3 242
b 212 3 94 411
m 212 109 3 8.499999999999998 91.35714285714288 0.663149959569152
m 212 137 3 8.499999999999998 91.35714285714288 0.663149959569152
m 212 180 3 8.499999999999998 91.35714285714288 0.663149959569152
b 193 2 78 395
m 193 86 2 78 395
m 193 146 2 78 395
m 193 153 2 78 395
m 193 180 2 78 395
b 231 2 12 367
m 231 148 2 12 367
b 180 3 141 378
m 180 223 3 9.642857142857144 107.5 -1.0
b 231 3 11 367
m 231 224 3 9.066666666666668 100.39999999999999 1.0
b 12 3 50 337
m 12 224 3 8.466666666666669 87.8 1.0
b 16 3 142 479
m 16 137 3 8.14285714285714 88.14285714285717 0.5
m 16 45 3 8.14285714285714 88.14285714285717 0.5
b 17 3 139 353
m 17 223 3 8.615384615384613 94.61538461538463 -1.0
b 76 3 49 461
m 76 137 3 8.285714285714285 89.00000000000001 0.25
m 76 45 3 8.285714285714285 89.00000000000001 0.25
b 209 3 27 470
m 209 84 3 8.66666666666667 88.8 0.16878321967724824
b 83 2 26 218
m 83 43 2 26 218
b 153 3 113 352
m 153 223 3 9.642857142857144 107.5 -1.0
b 54 2 18 412
b 148 3 67 288
m 148 223 3 9.000000000000002 94.0 -1.0
b 170 2 1 330
m 170 43 2 1 330
b 170 3 1 330
b 86 3 126 335
m 86 223 3 9.642857142857144 107.5 -1.0
b 137 3 90 460
m 137 45 3 8.066666666666665 86.33333333333334 1.0
b 181 3 14 459
m 181 84 3 7.999999999999998 84.66666666666669 0.5
m 181 45 3 7.999999999999998 84.66666666666669 0.5
b 109 3 47 411
m 109 84 3 9.133333333333335 100.6 0.5
b 146 3 126 323
m 146 223 3 9.642857142857144 107.5 -1.0
b 224 3 40 362
b 180 2 146 387
b 84 3 17 444
b 153 2 119 360
m 153 223 2 119 360
b 45 3 79 489
b 148 2 72 278
m 148 223 2 72 278
b 43 2 19 258
b 86 2 136 330
m 86 223 2 136 330
b 146 2 133 314
m 146 223 2 133 314
