Key: 
t: node change direction (node id, x, y, new direction)
s: node start location (node id, x, y, start direction, buffer)
m: message transfer (sender id, target id, messageType, sender x, sender y
b: broadcast (node id, message type, x, y)
178 309 239 390
s 0 36 70 150 0
s 1 361 197 83 0
s 2 380 262 27 0
s 3 162 362 42 0
s 4 447 308 196 0
s 5 306 316 298 0
s 6 474 394 246 0
s 7 450 147 342 0
s 8 13 289 98 0
s 9 487 265 55 0
s 10 83 30 56 0
s 11 470 350 23 0
s 12 376 428 356 0
s 13 406 160 146 0
s 14 460 429 95 0
s 15 23 458 225 0
s 16 77 134 21 0
s 17 164 447 19 0
s 18 191 390 7 0
s 19 62 223 145 0
s 20 358 471 292 0
s 21 326 396 61 0
s 22 350 417 97 0
s 23 235 472 144 0
s 24 353 229 338 0
s 25 150 249 246 0
s 26 385 85 204 0
s 27 197 191 231 0
s 28 73 38 1 0
s 29 213 428 131 0
s 30 340 353 319 0
s 31 147 360 210 0
s 32 214 272 301 0
s 33 125 482 71 0
s 34 482 190 347 0
s 35 76 343 112 0
s 36 296 182 61 0
s 37 5 444 356 0
s 38 414 339 140 0
s 39 315 456 136 0
s 40 272 40 58 0
s 41 262 36 246 0
s 42 212 347 39 0
s 43 231 117 220 0
s 44 157 1 85 0
s 45 452 108 262 0
s 46 74 172 252 0
s 47 213 276 104 0
s 48 352 427 355 0
s 49 47 420 164 0
s 50 402 193 277 0
s 51 85 85 267 0
s 52 219 76 291 0
s 53 412 330 122 0
s 54 172 388 203 0
s 55 96 498 59 0
s 56 33 309 133 0
s 57 69 104 134 0
s 58 335 134 62 0
s 59 347 259 203 0
s 60 308 356 179 0
s 61 489 492 14 0
s 62 397 243 348 0
s 63 248 418 304 0
s 64 24 131 75 0
s 65 180 366 245 0
s 66 178 309 223 0
s 67 16 236 158 0
s 68 131 209 169 0
s 69 203 91 211 0
s 70 141 251 219 0
s 71 212 27 53 0
s 72 193 252 56 0
s 73 0 400 207 0
s 74 483 155 44 0
s 75 397 140 257 0
s 76 353 476 8 0
s 77 494 431 88 0
s 78 49 44 98 0
s 79 233 461 180 0
s 80 268 198 0 0
s 81 406 131 262 0
s 82 406 140 31 0
s 83 163 430 156 0
s 84 435 486 300 0
s 85 5 71 220 0
s 86 225 410 118 0
s 87 226 218 274 0
s 88 286 100 182 0
s 89 243 272 192 0
s 90 412 365 285 0
s 91 120 286 160 0
s 92 139 149 104 0
s 93 190 407 231 0
s 94 153 19 50 0
s 95 273 167 17 0
s 96 48 232 70 0
s 97 138 299 172 0
s 98 343 313 128 0
s 99 438 384 219 0
s 100 262 318 104 0
s 101 456 358 72 0
s 102 42 450 66 0
s 103 203 458 70 0
s 104 420 162 140 0
s 105 408 123 138 0
s 106 372 221 261 0
s 107 275 30 325 0
s 108 255 271 47 0
s 109 119 266 296 0
s 110 424 275 320 0
s 111 6 139 242 0
s 112 467 186 251 0
s 113 187 407 226 0
s 114 475 95 358 0
s 115 305 210 29 0
s 116 28 288 152 0
s 117 143 254 348 0
s 118 444 72 194 0
s 119 398 323 125 0
s 120 39 315 158 0
s 121 25 42 315 0
s 122 196 88 352 0
s 123 316 271 324 0
s 124 361 404 120 0
s 125 190 372 53 0
s 126 439 358 249 0
s 127 12 459 269 0
s 128 18 223 353 0
s 129 328 475 293 0
s 130 77 28 126 0
s 131 146 52 64 0
s 132 468 54 297 0
s 133 194 48 211 0
s 134 484 76 138 0
s 135 316 316 123 0
s 136 106 183 328 0
s 137 132 172 246 0
s 138 283 42 122 0
s 139 379 422 72 0
s 140 373 465 247 0
s 141 248 424 133 0
s 142 246 372 87 0
s 143 458 464 109 0
s 144 127 146 269 0
s 145 345 138 16 0
s 146 46 341 106 0
s 147 307 290 206 0
s 148 407 245 270 0
s 149 261 320 306 0
s 150 90 49 310 0
s 151 393 121 75 0
s 152 444 245 261 0
s 153 200 45 264 0
s 154 210 330 192 0
s 155 333 308 7 0
s 156 242 274 282 0
s 157 421 191 273 0
s 158 24 181 120 0
s 159 248 405 293 0
s 160 241 123 146 0
s 161 283 131 247 0
s 162 239 390 208 0
s 163 79 68 204 0
s 164 498 104 37 0
s 165 169 39 244 0
s 166 169 24 322 0
s 167 37 102 131 0
s 168 2 121 265 0
s 169 151 159 76 0
s 170 233 225 349 0
s 171 119 267 236 0
s 172 102 222 251 0
s 173 490 412 327 0
s 174 88 457 327 0
s 175 407 240 315 0
s 176 200 474 45 0
s 177 154 381 127 0
s 178 65 371 154 0
s 179 352 399 102 0
s 180 195 125 248 0
s 181 449 202 213 0
s 182 427 346 154 0
s 183 301 328 77 0
s 184 276 298 314 0
s 185 202 18 103 0
s 186 418 31 356 0
s 187 171 189 122 0
s 188 2 318 159 0
s 189 40 112 323 0
s 190 445 306 160 0
s 191 465 313 33 0
s 192 157 267 34 0
s 193 370 452 291 0
s 194 101 56 302 0
s 195 217 84 64 0
s 196 206 434 35 0
s 197 32 268 82 0
s 198 121 4 219 0
s 199 417 346 215 0
s 200 162 26 266 0
s 201 312 414 83 0
s 202 164 497 139 0
s 203 117 259 63 0
s 204 10 338 201 0
s 205 125 86 8 0
s 206 188 238 295 0
s 207 84 169 349 0
s 208 284 463 269 0
s 209 132 88 160 0
s 210 452 310 319 0
s 211 230 211 126 0
s 212 167 161 51 0
s 213 341 125 54 0
s 214 17 172 208 0
s 215 449 469 171 0
s 216 455 157 6 0
s 217 451 180 255 0
s 218 351 369 118 0
s 219 60 143 349 0
s 220 409 364 286 0
s 221 223 291 314 0
s 222 455 224 152 0
s 223 178 249 25 0
s 224 19 374 81 0
s 225 30 116 353 0
s 226 132 128 186 0
s 227 122 469 292 0
s 228 307 61 116 0
s 229 28 356 229 0
s 230 293 221 157 0
s 231 317 324 190 0
s 232 282 160 233 0
s 233 474 173 229 0
s 234 383 348 191 0
s 235 148 377 297 0
s 236 251 420 170 0
s 237 205 419 158 0
s 238 212 90 96 0
s 239 278 228 186 0
b 66 0 177 308
m 66 3 0 177 308
m 66 25 0 177 308
m 66 31 0 177 308
m 66 32 0 177 308
m 66 42 0 177 308
m 66 47 0 177 308
m 66 65 0 177 308
m 66 70 0 177 308
m 66 72 0 177 308
m 66 89 0 177 308
m 66 91 0 177 308
m 66 97 0 177 308
m 66 109 0 177 308
m 66 117 0 177 308
m 66 125 0 177 308
m 66 154 0 177 308
m 66 171 0 177 308
m 66 192 0 177 308
m 66 206 0 177 308
m 66 221 0 177 308
m 66 223 0 177 308
m 66 235 0 177 308
b 66 1 177 308
m 66 3 1 177 308
m 66 25 1 177 308
m 66 31 1 177 308
m 66 32 1 177 308
m 66 42 1 177 308
m 66 47 1 177 308
m 66 65 1 177 308
m 66 70 1 177 308
m 66 72 1 177 308
m 66 89 1 177 308
m 66 91 1 177 308
m 66 97 1 177 308
m 66 109 1 177 308
m 66 117 1 177 308
m 66 125 1 177 308
m 66 154 1 177 308
m 66 171 1 177 308
m 66 192 1 177 308
m 66 206 1 177 308
m 66 221 1 177 308
m 66 223 1 177 308
m 66 235 1 177 308
b 66 2 177 308
m 66 3 2 177 308
m 66 25 2 177 308
m 66 31 2 177 308
m 66 32 2 177 308
m 66 42 2 177 308
m 66 47 2 177 308
m 66 65 2 177 308
m 66 70 2 177 308
m 66 72 2 177 308
m 66 89 2 177 308
m 66 91 2 177 308
m 66 97 2 177 308
m 66 109 2 177 308
m 66 117 2 177 308
m 66 125 2 177 308
m 66 154 2 177 308
m 66 171 2 177 308
m 66 192 2 177 308
m 66 206 2 177 308
m 66 221 2 177 308
m 66 223 2 177 308
m 66 235 2 177 308
b 66 3 177 308
m 66 3 3 22.0 484.0 1.0
m 66 25 3 22.0 484.0 1.0
m 66 31 3 22.0 484.0 1.0
m 66 32 3 22.0 484.0 1.0
m 66 42 3 22.0 484.0 1.0
m 66 47 3 22.0 484.0 1.0
m 66 65 3 22.0 484.0 1.0
m 66 70 3 22.0 484.0 1.0
m 66 72 3 22.0 484.0 1.0
m 66 89 3 22.0 484.0 1.0
m 66 91 3 22.0 484.0 1.0
m 66 97 3 22.0 484.0 1.0
m 66 109 3 22.0 484.0 1.0
m 66 117 3 22.0 484.0 1.0
m 66 125 3 22.0 484.0 1.0
m 66 154 3 22.0 484.0 1.0
m 66 171 3 22.0 484.0 1.0
m 66 192 3 22.0 484.0 1.0
m 66 206 3 22.0 484.0 1.0
m 66 221 3 22.0 484.0 1.0
m 66 223 3 22.0 484.0 1.0
m 66 235 3 22.0 484.0 1.0
b 3 0 165 364
m 3 18 0 165 364
m 3 54 0 165 364
m 3 83 0 165 364
m 3 93 0 165 364
m 3 113 0 165 364
m 3 177 0 165 364
m 3 237 0 165 364
b 3 1 165 364
m 3 18 1 165 364
m 3 54 1 165 364
m 3 83 1 165 364
m 3 93 1 165 364
m 3 113 1 165 364
m 3 177 1 165 364
m 3 237 1 165 364
b 3 2 165 364
m 3 18 2 165 364
m 3 54 2 165 364
m 3 83 2 165 364
m 3 93 2 165 364
m 3 113 2 165 364
m 3 177 2 165 364
m 3 237 2 165 364
b 3 3 165 364
m 3 83 3 19.666666666666664 397.6666666666667 0.6576271186440676
m 3 93 3 19.666666666666664 397.6666666666667 0.6576271186440676
m 3 113 3 19.666666666666664 397.6666666666667 0.6576271186440676
m 3 54 3 19.666666666666664 397.6666666666667 0.6576271186440676
m 3 18 3 19.666666666666664 397.6666666666667 0.6576271186440676
b 25 0 149 246
m 25 27 0 149 246
m 25 68 0 149 246
m 25 172 0 149 246
m 25 187 0 149 246
m 25 203 0 149 246
b 25 1 149 246
m 25 27 1 149 246
m 25 68 1 149 246
m 25 172 1 149 246
m 25 187 1 149 246
m 25 203 1 149 246
b 25 2 149 246
m 25 27 2 149 246
m 25 68 2 149 246
m 25 172 2 149 246
m 25 187 2 149 246
m 25 203 2 149 246
b 25 3 149 246
m 25 27 3 20.666666666666664 430.6666666666667 0.8453661034306195
m 25 187 3 20.666666666666664 430.6666666666667 0.8453661034306195
m 25 172 3 20.666666666666664 430.6666666666667 0.8453661034306195
m 25 203 3 20.666666666666664 430.6666666666667 0.8453661034306195
m 25 68 3 20.666666666666664 430.6666666666667 0.8453661034306195
b 31 0 145 359
m 31 35 0 145 359
b 31 1 145 359
b 31 2 145 359
b 31 3 145 359
m 31 177 3 19.666666666666664 397.6666666666667 0.6576271186440676
m 31 35 3 19.666666666666664 397.6666666666667 0.6576271186440676
b 32 0 215 270
m 32 87 0 215 270
m 32 100 0 215 270
m 32 108 0 215 270
m 32 149 0 215 270
m 32 156 0 215 270
m 32 170 0 215 270
m 32 184 0 215 270
m 32 211 0 215 270
m 32 239 0 215 270
b 32 1 215 270
m 32 87 1 215 270
m 32 100 1 215 270
m 32 108 1 215 270
m 32 149 1 215 270
m 32 156 1 215 270
m 32 170 1 215 270
m 32 184 1 215 270
m 32 211 1 215 270
m 32 239 1 215 270
b 32 2 215 270
m 32 87 2 215 270
m 32 100 2 215 270
m 32 108 2 215 270
m 32 149 2 215 270
m 32 156 2 215 270
m 32 170 2 215 270
m 32 184 2 215 270
m 32 211 2 215 270
m 32 239 2 215 270
b 32 3 215 270
m 32 184 3 21.333333333333332 456.0 0.9327380952380948
m 32 149 3 21.333333333333332 456.0 0.9327380952380948
m 32 211 3 21.333333333333332 456.0 0.9327380952380948
m 32 108 3 21.333333333333332 456.0 0.9327380952380948
m 32 87 3 21.333333333333332 456.0 0.9327380952380948
m 32 156 3 21.333333333333332 456.0 0.9327380952380948
m 32 239 3 21.333333333333332 456.0 0.9327380952380948
m 32 170 3 21.333333333333332 456.0 0.9327380952380948
m 32 100 3 21.333333333333332 456.0 0.9327380952380948
b 42 0 214 349
m 42 162 0 214 349
b 42 1 214 349
b 42 2 214 349
b 42 3 214 349
m 42 162 3 22.0 484.0 -1.0
b 47 0 212 279
b 47 1 212 279
b 47 2 212 279
b 47 3 212 279
b 65 0 178 364
m 65 162 0 178 364
b 65 1 178 364
m 65 162 1 178 364
b 65 2 178 364
m 65 162 2 178 364
b 65 3 178 364
m 65 162 3 22.0 484.0 -1.0
b 70 0 138 249
m 70 136 0 138 249
b 70 1 138 249
m 70 136 1 138 249
b 70 2 138 249
m 70 136 2 138 249
b 70 3 138 249
m 70 136 3 20.0 408.0 0.7297619047619048
b 72 0 195 254
b 72 1 195 254
b 72 2 195 254
b 72 3 195 254
b 89 0 240 272
m 89 147 0 240 272
m 89 230 0 240 272
b 89 1 240 272
m 89 147 1 240 272
m 89 230 1 240 272
b 89 2 240 272
b 89 3 240 272
m 89 147 3 21.0 443.0 0.8919918844730874
m 89 230 3 21.0 443.0 0.8919918844730874
b 91 0 117 287
b 91 1 117 287
b 91 2 117 287
m 91 35 2 117 287
b 91 3 117 287
b 97 0 135 299
b 97 1 135 299
b 97 2 135 299
b 97 3 135 299
b 109 0 121 264
m 109 19 0 121 264
b 109 1 121 264
m 109 19 1 121 264
b 109 2 121 264
m 109 19 2 121 264
b 109 3 121 264
m 109 19 3 19.666666666666664 397.6666666666667 0.6576271186440676
b 117 0 146 253
b 117 1 146 253
b 117 2 146 253
b 117 3 146 253
b 125 0 192 374
m 125 162 0 192 374
b 125 1 192 374
m 125 162 1 192 374
b 125 2 192 374
m 125 162 2 192 374
b 125 3 192 374
m 125 162 3 22.0 484.0 -1.0
b 154 0 207 330
m 154 162 0 207 330
b 154 1 207 330
m 154 162 1 207 330
b 154 2 207 330
b 154 3 207 330
m 154 162 3 22.0 484.0 -1.0
b 171 0 118 264
m 171 96 0 118 264
b 171 1 118 264
m 171 96 1 118 264
b 171 2 118 264
b 171 3 118 264
m 171 96 3 19.333333333333332 388.0 0.573070607553366
b 192 0 160 269
b 192 1 160 269
b 192 2 160 269
b 192 3 160 269
b 206 0 189 235
m 206 212 0 189 235
b 206 1 189 235
m 206 212 1 189 235
b 206 2 189 235
b 206 3 189 235
m 206 212 3 21.333333333333332 456.0 0.9327380952380948
b 221 0 225 289
b 221 1 225 289
b 221 2 225 289
b 221 3 225 289
b 223 0 181 250
b 223 1 181 250
b 223 2 181 250
b 223 3 181 250
b 235 0 150 375
b 235 1 150 375
b 235 2 150 375
b 235 3 150 375
m 235 237 3 19.333333333333332 388.0 0.573070607553366
b 18 0 195 390
m 18 162 0 195 390
b 18 1 195 390
m 18 162 1 195 390
b 18 2 195 390
b 18 3 195 390
m 18 162 3 19.666666666666664 397.6666666666667 -1.0
b 19 0 59 225
m 19 46 0 59 225
m 19 67 0 59 225
m 19 116 0 59 225
m 19 128 0 59 225
m 19 158 0 59 225
m 19 197 0 59 225
m 19 207 0 59 225
m 19 214 0 59 225
b 19 1 59 225
m 19 46 1 59 225
m 19 67 1 59 225
m 19 116 1 59 225
m 19 128 1 59 225
m 19 158 1 59 225
m 19 197 1 59 225
m 19 207 1 59 225
m 19 214 1 59 225
b 19 2 59 225
m 19 46 2 59 225
m 19 67 2 59 225
m 19 96 2 59 225
m 19 116 2 59 225
m 19 128 2 59 225
m 19 158 2 59 225
m 19 197 2 59 225
m 19 207 2 59 225
m 19 214 2 59 225
b 19 3 59 225
m 19 67 3 18.5 354.5 0.6938328158667142
m 19 46 3 18.5 354.5 0.6938328158667142
m 19 128 3 18.5 354.5 0.6938328158667142
m 19 116 3 18.5 354.5 0.6938328158667142
m 19 158 3 18.5 354.5 0.6938328158667142
m 19 214 3 18.5 354.5 0.6938328158667142
b 27 0 194 188
m 27 92 0 194 188
m 27 137 0 194 188
m 27 169 0 194 188
m 27 180 0 194 188
b 27 1 194 188
m 27 92 1 194 188
m 27 137 1 194 188
m 27 169 1 194 188
m 27 180 1 194 188
b 27 2 194 188
m 27 92 2 194 188
m 27 137 2 194 188
m 27 169 2 194 188
m 27 180 2 194 188
m 27 212 2 194 188
b 27 3 194 188
m 27 137 3 19.0 372.0 0.6728512675792362
m 27 180 3 19.0 372.0 0.6728512675792362
m 27 169 3 19.0 372.0 0.6728512675792362
b 35 0 74 347
m 35 56 0 74 347
m 35 120 0 74 347
m 35 146 0 74 347
m 35 178 0 74 347
m 35 204 0 74 347
m 35 224 0 74 347
m 35 229 0 74 347
b 35 2 74 347
b 35 3 74 347
m 35 56 3 17.0 318.5 0.3038941376927421
m 35 146 3 17.0 318.5 0.3038941376927421
m 35 204 3 17.0 318.5 0.3038941376927421
b 54 0 168 387
m 54 162 0 168 387
b 54 1 168 387
m 54 162 1 168 387
b 54 2 168 387
b 54 3 168 387
m 54 162 3 19.666666666666664 397.6666666666667 -1.0
b 68 0 127 210
m 68 144 0 127 210
b 68 1 127 210
b 68 2 127 210
m 68 144 2 127 210
b 68 3 127 210
m 68 144 3 20.75 433.25 0.9646421822531004
m 68 207 3 20.75 433.25 0.9646421822531004
m 68 92 3 20.75 433.25 0.9646421822531004
b 83 0 160 432
m 83 17 0 160 432
m 83 29 0 160 432
m 83 33 0 160 432
m 83 79 0 160 432
m 83 86 0 160 432
m 83 103 0 160 432
m 83 174 0 160 432
m 83 176 0 160 432
m 83 196 0 160 432
m 83 202 0 160 432
m 83 227 0 160 432
b 83 1 160 432
m 83 17 1 160 432
m 83 29 1 160 432
m 83 33 1 160 432
m 83 79 1 160 432
m 83 86 1 160 432
m 83 103 1 160 432
m 83 174 1 160 432
m 83 176 1 160 432
m 83 196 1 160 432
m 83 202 1 160 432
m 83 227 1 160 432
b 83 2 160 432
m 83 17 2 160 432
m 83 29 2 160 432
m 83 33 2 160 432
m 83 79 2 160 432
m 83 86 2 160 432
m 83 103 2 160 432
m 83 174 2 160 432
m 83 176 2 160 432
m 83 196 2 160 432
m 83 202 2 160 432
m 83 227 2 160 432
b 83 3 160 432
m 83 17 3 20.0 408.5 0.8405187875526856
m 83 79 3 20.0 408.5 0.8405187875526856
m 83 174 3 20.0 408.5 0.8405187875526856
m 83 86 3 20.0 408.5 0.8405187875526856
m 83 202 3 20.0 408.5 0.8405187875526856
m 83 33 3 20.0 408.5 0.8405187875526856
m 83 176 3 20.0 408.5 0.8405187875526856
m 83 103 3 20.0 408.5 0.8405187875526856
m 83 29 3 20.0 408.5 0.8405187875526856
m 83 227 3 20.0 408.5 0.8405187875526856
b 87 0 227 215
m 87 80 0 227 215
m 87 95 0 227 215
b 87 1 227 215
m 87 80 1 227 215
m 87 95 1 227 215
b 87 2 227 215
m 87 80 2 227 215
m 87 95 2 227 215
m 87 230 2 227 215
b 87 3 227 215
m 87 80 3 20.25 414.25 0.8175893996165456
m 87 95 3 20.25 414.25 0.8175893996165456
b 93 0 188 404
m 93 162 0 188 404
b 93 1 188 404
m 93 162 1 188 404
b 93 2 188 404
m 93 162 2 188 404
b 93 3 188 404
m 93 162 3 19.666666666666664 397.6666666666667 -1.0
b 96 0 50 236
m 96 8 0 50 236
b 96 1 50 236
m 96 8 1 50 236
b 96 3 50 236
m 96 197 3 17.25 321.25 0.4720776769815542
b 100 0 261 322
m 100 162 0 261 322
b 100 1 261 322
m 100 162 1 261 322
b 100 2 261 322
m 100 162 2 261 322
b 100 3 261 322
m 100 162 3 21.333333333333332 456.0 -1.0
b 108 0 258 274
m 108 5 0 258 274
m 108 123 0 258 274
m 108 135 0 258 274
m 108 183 0 258 274
m 108 231 0 258 274
b 108 1 258 274
m 108 5 1 258 274
m 108 123 1 258 274
m 108 135 1 258 274
m 108 183 1 258 274
m 108 231 1 258 274
b 108 2 258 274
m 108 5 2 258 274
m 108 123 2 258 274
m 108 135 2 258 274
m 108 147 2 258 274
m 108 183 2 258 274
m 108 231 2 258 274
b 108 3 258 274
m 108 231 3 21.0 442.0 0.9477251227689436
m 108 183 3 21.0 442.0 0.9477251227689436
m 108 135 3 21.0 442.0 0.9477251227689436
m 108 123 3 21.0 442.0 0.9477251227689436
m 108 5 3 21.0 442.0 0.9477251227689436
b 113 0 184 404
m 113 162 0 184 404
b 113 1 184 404
m 113 162 1 184 404
b 113 2 184 404
b 113 3 184 404
m 113 162 3 19.666666666666664 397.6666666666667 -1.0
b 136 0 109 181
m 136 16 0 109 181
m 136 219 0 109 181
m 136 226 0 109 181
b 136 1 109 181
b 136 2 109 181
b 136 3 109 181
m 136 16 3 18.75 362.25 0.7244454262804778
m 136 219 3 18.75 362.25 0.7244454262804778
m 136 226 3 18.75 362.25 0.7244454262804778
b 147 0 304 288
m 147 30 0 304 288
m 147 59 0 304 288
m 147 60 0 304 288
m 147 98 0 304 288
m 147 155 0 304 288
b 147 1 304 288
b 147 3 304 288
m 147 60 3 20.25 413.25 0.8746645598200498
m 147 98 3 20.25 413.25 0.8746645598200498
m 147 59 3 20.25 413.25 0.8746645598200498
m 147 155 3 20.25 413.25 0.8746645598200498
m 147 30 3 20.25 413.25 0.8746645598200498
b 149 0 264 317
m 149 142 0 264 317
b 149 1 264 317
m 149 60 1 264 317
m 149 142 1 264 317
m 149 155 1 264 317
b 149 2 264 317
b 149 3 264 317
m 149 142 3 20.75 432.25 0.9098451882163089
b 156 0 243 270
b 156 1 243 270
b 156 2 243 270
b 156 3 243 270
b 170 0 237 224
m 170 36 0 237 224
m 170 115 0 237 224
b 170 1 237 224
m 170 36 1 237 224
m 170 115 1 237 224
b 170 2 237 224
m 170 36 2 237 224
m 170 115 2 237 224
b 170 3 237 224
m 170 36 3 20.75 432.25 0.9098451882163089
m 170 115 3 20.75 432.25 0.9098451882163089
b 172 0 100 219
b 172 1 100 219
b 172 2 100 219
b 172 3 100 219
b 177 0 151 385
b 177 1 151 385
b 177 2 151 385
b 177 3 151 385
b 184 0 279 295
b 184 1 279 295
b 184 2 279 295
b 184 3 279 295
b 187 0 169 192
b 187 1 169 192
m 187 144 1 169 192
b 187 2 169 192
b 187 3 169 192
b 203 0 119 262
b 203 1 119 262
b 203 2 119 262
b 203 3 119 262
b 211 0 227 214
b 211 1 227 214
b 211 2 227 214
b 211 3 227 214
b 212 0 170 164
b 212 1 170 164
m 212 226 1 170 164
b 212 3 170 164
b 230 0 290 223
m 230 1 0 290 223
m 230 24 0 290 223
m 230 232 0 290 223
b 230 1 290 223
m 230 1 1 290 223
m 230 24 1 290 223
m 230 59 1 290 223
m 230 232 1 290 223
b 230 3 290 223
m 230 1 3 20.25 413.25 0.8746645598200498
m 230 232 3 20.25 413.25 0.8746645598200498
m 230 24 3 20.25 413.25 0.8746645598200498
b 237 0 201 421
m 237 162 0 201 421
b 237 1 201 421
m 237 162 1 201 421
b 237 2 201 421
m 237 162 2 201 421
b 237 3 201 421
m 237 162 3 19.333333333333332 388.0 -1.0
b 239 0 274 227
b 239 1 274 227
b 239 2 274 227
m 239 232 2 274 227
b 239 3 274 227
b 1 0 361 202
m 1 2 0 361 202
m 1 13 0 361 202
m 1 50 0 361 202
m 1 58 0 361 202
m 1 62 0 361 202
m 1 104 0 361 202
m 1 106 0 361 202
m 1 145 0 361 202
m 1 148 0 361 202
m 1 157 0 361 202
m 1 175 0 361 202
m 1 213 0 361 202
b 1 1 361 202
m 1 2 1 361 202
m 1 13 1 361 202
m 1 50 1 361 202
m 1 58 1 361 202
m 1 62 1 361 202
m 1 104 1 361 202
m 1 106 1 361 202
m 1 145 1 361 202
m 1 148 1 361 202
m 1 157 1 361 202
m 1 175 1 361 202
m 1 213 1 361 202
b 1 3 361 202
m 1 2 3 19.4 381.8 0.8021917142687365
m 1 50 3 19.4 381.8 0.8021917142687365
m 1 213 3 19.4 381.8 0.8021917142687365
m 1 62 3 19.4 381.8 0.8021917142687365
m 1 58 3 19.4 381.8 0.8021917142687365
m 1 104 3 19.4 381.8 0.8021917142687365
m 1 145 3 19.4 381.8 0.8021917142687365
m 1 157 3 19.4 381.8 0.8021917142687365
m 1 175 3 19.4 381.8 0.8021917142687365
m 1 148 3 19.4 381.8 0.8021917142687365
b 5 0 308 311
m 5 218 0 308 311
b 5 1 308 311
b 5 2 308 311
m 5 30 2 308 311
m 5 59 2 308 311
m 5 60 2 308 311
m 5 98 2 308 311
m 5 155 2 308 311
m 5 218 2 308 311
b 5 3 308 311
m 5 218 3 19.8 398.6 0.6895729761532422
b 8 0 13 294
m 8 188 0 13 294
b 8 1 13 294
m 8 56 1 13 294
m 8 120 1 13 294
m 8 146 1 13 294
m 8 188 1 13 294
m 8 204 1 13 294
m 8 229 1 13 294
b 16 0 82 136
m 16 51 0 82 136
m 16 57 0 82 136
m 16 64 0 82 136
m 16 163 0 82 136
m 16 167 0 82 136
m 16 189 0 82 136
m 16 205 0 82 136
m 16 209 0 82 136
m 16 225 0 82 136
b 16 3 82 136
m 16 209 3 18.4 347.6 0.8246322342889946
m 16 64 3 18.4 347.6 0.8246322342889946
m 16 167 3 18.4 347.6 0.8246322342889946
m 16 57 3 18.4 347.6 0.8246322342889946
m 16 51 3 18.4 347.6 0.8246322342889946
m 16 189 3 18.4 347.6 0.8246322342889946
m 16 163 3 18.4 347.6 0.8246322342889946
m 16 225 3 18.4 347.6 0.8246322342889946
b 17 0 169 449
m 17 23 0 169 449
b 17 1 169 449
m 17 23 1 169 449
b 17 2 169 449
b 17 3 169 449
m 17 196 3 19.4 384.6 0.6748341062897389
m 17 23 3 19.4 384.6 0.6748341062897389
b 24 0 358 227
b 24 1 358 227
b 24 3 358 227
m 24 106 3 18.599999999999998 359.40000000000003 0.5106697048346068
b 29 0 209 432
m 29 162 0 209 432
b 29 1 209 432
b 29 2 209 432
m 29 162 2 209 432
b 29 3 209 432
m 29 162 3 20.0 408.5 -1.0
b 30 0 344 350
m 30 21 0 344 350
m 30 22 0 344 350
m 30 38 0 344 350
m 30 53 0 344 350
m 30 90 0 344 350
m 30 119 0 344 350
m 30 124 0 344 350
m 30 179 0 344 350
m 30 199 0 344 350
m 30 220 0 344 350
m 30 234 0 344 350
b 30 3 344 350
m 30 22 3 20.2 410.6 0.9654033229376524
m 30 90 3 20.2 410.6 0.9654033229376524
m 30 199 3 20.2 410.6 0.9654033229376524
m 30 53 3 20.2 410.6 0.9654033229376524
m 30 220 3 20.2 410.6 0.9654033229376524
m 30 38 3 20.2 410.6 0.9654033229376524
m 30 124 3 20.2 410.6 0.9654033229376524
m 30 119 3 20.2 410.6 0.9654033229376524
m 30 179 3 20.2 410.6 0.9654033229376524
m 30 234 3 20.2 410.6 0.9654033229376524
m 30 21 3 20.2 410.6 0.9654033229376524
b 33 0 126 486
m 33 55 0 126 486
b 33 1 126 486
b 33 2 126 486
b 33 3 126 486
m 33 55 3 17.2 334.0 0.16666666666666666
b 36 0 299 187
m 36 161 0 299 187
b 36 1 299 187
b 36 2 299 187
b 36 3 299 187
m 36 161 3 19.200000000000003 379.6 0.5610270847920206
b 46 0 72 167
b 46 1 72 167
m 46 16 1 72 167
m 46 57 1 72 167
m 46 64 1 72 167
m 46 167 1 72 167
m 46 189 1 72 167
m 46 219 1 72 167
m 46 225 1 72 167
b 46 2 72 167
b 46 3 72 167
b 56 0 30 313
b 56 3 30 313
m 56 178 3 15.8 279.0 0.37424759048563266
m 56 224 3 15.8 279.0 0.37424759048563266
m 56 229 3 15.8 279.0 0.37424759048563266
b 59 0 343 257
b 59 1 343 257
m 59 98 1 343 257
b 59 3 343 257
b 60 0 303 356
m 60 159 0 303 356
m 60 201 0 303 356
b 60 1 303 356
m 60 21 1 303 356
m 60 30 1 303 356
m 60 159 1 303 356
m 60 179 1 303 356
m 60 201 1 303 356
m 60 218 1 303 356
b 60 3 303 356
m 60 201 3 19.599999999999998 388.40000000000003 0.851419898076163
m 60 159 3 19.599999999999998 388.40000000000003 0.851419898076163
b 67 0 11 238
b 67 1 11 238
b 67 2 11 238
m 67 8 2 11 238
b 67 3 11 238
m 67 8 3 16.400000000000002 296.40000000000003 0.16473241016957407
b 79 0 228 461
m 79 162 0 228 461
b 79 1 228 461
b 79 2 228 461
m 79 162 2 228 461
b 79 3 228 461
m 79 162 3 20.0 408.5 -1.0
b 80 0 273 198
b 80 1 273 198
m 80 161 1 273 198
b 80 2 273 198
m 80 161 2 273 198
b 80 3 273 198
b 86 0 223 415
m 86 162 0 223 415
b 86 1 223 415
m 86 162 1 223 415
b 86 2 223 415
m 86 162 2 223 415
b 86 3 223 415
m 86 162 3 20.0 408.5 -1.0
b 92 0 138 154
b 92 1 138 154
m 92 205 1 138 154
m 92 209 1 138 154
b 92 2 138 154
m 92 16 2 138 154
m 92 205 2 138 154
m 92 209 2 138 154
m 92 219 2 138 154
m 92 226 2 138 154
b 92 3 138 154
m 92 205 3 20.0 404.40000000000003 0.7772003416583325
b 95 0 278 168
m 95 43 0 278 168
m 95 88 0 278 168
m 95 160 0 278 168
b 95 1 278 168
b 95 2 278 168
m 95 43 2 278 168
m 95 58 2 278 168
m 95 88 2 278 168
m 95 160 2 278 168
b 95 3 278 168
m 95 43 3 19.0 370.59999999999997 0.6909435503150413
m 95 160 3 19.0 370.59999999999997 0.6909435503150413
m 95 88 3 19.0 370.59999999999997 0.6909435503150413
b 96 2 50 237
b 98 0 340 317
b 98 3 340 317
b 103 0 205 463
m 103 63 0 205 463
m 103 141 0 205 463
m 103 236 0 205 463
b 103 1 205 463
m 103 63 1 205 463
m 103 141 1 205 463
m 103 236 1 205 463
b 103 2 205 463
m 103 23 2 205 463
m 103 63 2 205 463
m 103 141 2 205 463
m 103 236 2 205 463
b 103 3 205 463
m 103 141 3 19.2 378.0 0.6197406262951812
m 103 63 3 19.2 378.0 0.6197406262951812
b 115 0 310 213
b 115 1 310 213
b 115 2 310 213
m 115 1 2 310 213
m 115 24 2 310 213
m 115 106 2 310 213
b 115 3 310 213
b 116 0 23 291
b 116 1 23 291
b 116 2 23 291
m 116 56 2 23 291
m 116 120 2 23 291
m 116 146 2 23 291
m 116 188 2 23 291
m 116 204 2 23 291
m 116 229 2 23 291
b 116 3 23 291
m 116 120 3 17.2 312.40000000000003 0.56809722823223
m 116 188 3 17.2 312.40000000000003 0.56809722823223
b 120 0 34 317
b 123 0 320 268
b 123 1 320 268
b 123 2 320 268
b 123 3 320 268
b 128 0 23 222
b 128 1 23 222
b 128 2 23 222
b 128 3 23 222
b 135 0 314 321
b 135 1 314 321
m 135 234 1 314 321
b 135 2 314 321
b 135 3 314 321
b 137 0 129 167
b 137 1 129 167
b 137 2 129 167
b 137 3 129 167
b 142 0 246 377
m 142 162 0 246 377
b 142 1 246 377
m 142 162 1 246 377
b 142 3 246 377
m 142 162 3 20.75 432.25 -1.0
b 144 0 127 141
b 144 1 127 141
m 144 51 1 127 141
b 144 2 127 141
m 144 51 2 127 141
m 144 57 2 127 141
b 144 3 127 141
b 146 0 45 345
m 146 73 0 45 345
b 146 3 45 345
m 146 73 3 16.0 283.6 0.3928512089688451
b 147 2 303 288
b 155 0 337 308
b 155 1 337 308
m 155 119 1 337 308
b 155 3 337 308
b 158 0 22 185
m 158 111 0 22 185
m 158 168 0 22 185
b 158 1 22 185
b 158 2 22 185
m 158 64 2 22 185
m 158 111 2 22 185
m 158 168 2 22 185
m 158 225 2 22 185
b 158 3 22 185
m 158 111 3 17.2 312.40000000000003 0.56809722823223
m 158 168 3 17.2 312.40000000000003 0.56809722823223
b 169 0 152 164
b 169 1 152 164
b 169 2 152 164
b 169 3 152 164
b 174 0 92 454
m 174 15 0 92 454
m 174 49 0 92 454
m 174 102 0 92 454
b 174 1 92 454
b 174 2 92 454
m 174 15 2 92 454
m 174 49 2 92 454
m 174 55 2 92 454
m 174 102 2 92 454
b 174 3 92 454
m 174 15 3 17.4 336.6 0.14285714285714285
b 176 0 203 478
b 176 1 203 478
b 176 2 203 478
b 176 3 203 478
m 176 236 3 18.4 355.6 0.29334204453953877
b 178 0 61 373
b 180 0 193 121
m 180 52 0 193 121
m 180 69 0 193 121
m 180 122 0 193 121
m 180 195 0 193 121
m 180 238 0 193 121
b 180 1 193 121
m 180 43 1 193 121
m 180 52 1 193 121
m 180 69 1 193 121
m 180 122 1 193 121
m 180 160 1 193 121
m 180 195 1 193 121
m 180 238 1 193 121
b 180 2 193 121
m 180 52 2 193 121
m 180 69 2 193 121
m 180 122 2 193 121
m 180 195 2 193 121
m 180 238 2 193 121
b 180 3 193 121
m 180 52 3 18.2 342.6 0.7432203570729953
m 180 195 3 18.2 342.6 0.7432203570729953
m 180 122 3 18.2 342.6 0.7432203570729953
m 180 238 3 18.2 342.6 0.7432203570729953
b 183 0 302 333
b 183 1 302 333
b 183 2 302 333
m 183 21 2 302 333
m 183 142 2 302 333
b 183 3 302 333
b 196 0 210 437
m 196 162 0 210 437
b 196 1 210 437
m 196 162 1 210 437
b 196 2 210 437
b 197 0 33 273
b 197 1 33 273
b 197 2 33 273
b 197 3 33 273
b 202 0 165 497
b 202 1 165 497
m 202 55 1 165 497
b 202 2 165 497
b 202 3 165 497
b 204 0 5 337
b 204 3 5 337
b 207 0 89 168
b 207 1 89 168
b 207 2 89 168
b 207 3 89 168
b 212 2 171 165
b 214 0 13 170
b 214 1 13 170
m 214 111 1 13 170
m 214 168 1 13 170
b 214 2 13 170
b 214 3 13 170
b 219 0 65 142
b 219 3 65 142
b 224 0 20 379
m 224 37 0 20 379
m 224 127 0 20 379
b 226 0 127 127
m 226 131 0 127 127
b 226 1 127 127
m 226 131 1 127 127
b 226 3 127 127
m 226 131 3 18.2 341.0 0.7913638085325426
b 227 0 123 465
b 227 1 123 465
b 227 2 123 465
b 227 3 123 465
b 229 0 25 352
b 230 2 289 223
b 231 0 313 323
b 231 1 313 323
b 231 2 313 323
b 231 3 313 323
b 232 0 279 156
b 232 1 279 156
m 232 88 1 279 156
b 232 2 279 156
b 232 3 279 156
b 1 2 361 203
m 1 2 2 361 203
m 1 13 2 361 203
m 1 50 2 361 203
m 1 62 2 361 203
m 1 104 2 361 203
m 1 145 2 361 203
m 1 148 2 361 203
m 1 157 2 361 203
m 1 175 2 361 203
m 1 213 2 361 203
b 2 0 386 265
m 2 4 0 386 265
m 2 110 0 386 265
m 2 152 0 386 265
m 2 190 0 386 265
m 2 222 0 386 265
b 2 1 386 265
m 2 4 1 386 265
m 2 53 1 386 265
m 2 110 1 386 265
m 2 152 1 386 265
m 2 190 1 386 265
m 2 222 1 386 265
b 2 3 386 265
m 2 110 3 19.0 366.33333333333337 0.8655345177968015
m 2 4 3 19.0 366.33333333333337 0.8655345177968015
m 2 152 3 19.0 366.33333333333337 0.8655345177968015
m 2 222 3 19.0 366.33333333333337 0.8655345177968015
m 2 190 3 19.0 366.33333333333337 0.8655345177968015
b 8 2 13 295
b 8 3 13 295
b 13 0 401 163
m 13 7 0 401 163
m 13 75 0 401 163
m 13 81 0 401 163
m 13 82 0 401 163
m 13 105 0 401 163
m 13 112 0 401 163
m 13 151 0 401 163
m 13 181 0 401 163
m 13 216 0 401 163
m 13 217 0 401 163
m 13 233 0 401 163
b 13 1 401 163
b 15 0 19 454
b 15 2 19 454
b 15 3 19 454
m 15 49 3 15.666666666666666 288.6666666666667 0.15001599744040953
b 16 1 83 136
m 16 163 1 83 136
b 16 2 83 136
b 21 0 329 402
m 21 12 0 329 402
m 21 20 0 329 402
m 21 39 0 329 402
m 21 48 0 329 402
m 21 129 0 329 402
m 21 139 0 329 402
m 21 140 0 329 402
m 21 193 0 329 402
m 21 208 0 329 402
b 21 1 329 402
m 21 12 1 329 402
m 21 20 1 329 402
m 21 22 1 329 402
m 21 39 1 329 402
m 21 48 1 329 402
m 21 124 1 329 402
m 21 129 1 329 402
m 21 139 1 329 402
m 21 140 1 329 402
m 21 193 1 329 402
m 21 208 1 329 402
b 21 2 329 402
m 21 12 2 329 402
m 21 20 2 329 402
m 21 22 2 329 402
m 21 39 2 329 402
m 21 48 2 329 402
m 21 124 2 329 402
m 21 129 2 329 402
m 21 139 2 329 402
m 21 140 2 329 402
m 21 179 2 329 402
m 21 193 2 329 402
m 21 201 2 329 402
m 21 208 2 329 402
m 21 234 2 329 402
b 21 3 329 402
m 21 20 3 19.833333333333332 396.1666666666667 0.8776697783157085
m 21 140 3 19.833333333333332 396.1666666666667 0.8776697783157085
m 21 129 3 19.833333333333332 396.1666666666667 0.8776697783157085
m 21 193 3 19.833333333333332 396.1666666666667 0.8776697783157085
m 21 39 3 19.833333333333332 396.1666666666667 0.8776697783157085
m 21 48 3 19.833333333333332 396.1666666666667 0.8776697783157085
m 21 12 3 19.833333333333332 396.1666666666667 0.8776697783157085
m 21 139 3 19.833333333333332 396.1666666666667 0.8776697783157085
b 22 0 349 423
m 22 76 0 349 423
b 22 3 349 423
m 22 76 3 19.5 384.83333333333337 0.7609973965856617
m 22 208 3 19.5 384.83333333333337 0.7609973965856617
b 23 0 230 476
b 23 1 230 476
b 23 2 230 476
b 23 3 230 476
b 24 2 359 227
b 30 1 345 349
m 30 38 1 345 349
m 30 90 1 345 349
m 30 199 1 345 349
m 30 220 1 345 349
b 30 2 345 349
m 30 38 2 345 349
m 30 53 2 345 349
m 30 90 2 345 349
m 30 119 2 345 349
m 30 199 2 345 349
m 30 220 2 345 349
b 37 0 11 444
b 38 0 409 343
m 38 11 0 409 343
m 38 99 0 409 343
m 38 101 0 409 343
m 38 126 0 409 343
m 38 182 0 409 343
m 38 191 0 409 343
m 38 210 0 409 343
b 38 3 409 343
m 38 191 3 20.0 402.33333333333337 0.9256380490932532
m 38 210 3 20.0 402.33333333333337 0.9256380490932532
m 38 101 3 20.0 402.33333333333337 0.9256380490932532
m 38 126 3 20.0 402.33333333333337 0.9256380490932532
m 38 99 3 20.0 402.33333333333337 0.9256380490932532
m 38 182 3 20.0 402.33333333333337 0.9256380490932532
m 38 11 3 20.0 402.33333333333337 0.9256380490932532
b 43 0 226 113
b 43 1 226 113
b 43 2 226 113
b 43 3 226 113
m 43 69 3 17.5 325.5 0.4618867237373359
b 49 0 41 421
b 49 2 41 421
m 49 37 2 41 421
m 49 73 2 41 421
m 49 127 2 41 421
m 49 178 2 41 421
m 49 224 2 41 421
b 50 0 402 187
b 50 1 402 187
m 50 7 1 402 187
m 50 75 1 402 187
m 50 81 1 402 187
m 50 82 1 402 187
m 50 105 1 402 187
m 50 112 1 402 187
m 50 151 1 402 187
m 50 181 1 402 187
m 50 216 1 402 187
m 50 217 1 402 187
m 50 233 1 402 187
b 50 3 402 187
m 50 7 3 20.0 406.33333333333337 1.0
m 50 13 3 20.0 406.33333333333337 1.0
m 50 75 3 20.0 406.33333333333337 1.0
m 50 81 3 20.0 406.33333333333337 1.0
m 50 82 3 20.0 406.33333333333337 1.0
m 50 105 3 20.0 406.33333333333337 1.0
m 50 112 3 20.0 406.33333333333337 1.0
m 50 151 3 20.0 406.33333333333337 1.0
m 50 181 3 20.0 406.33333333333337 1.0
m 50 216 3 20.0 406.33333333333337 1.0
m 50 217 3 20.0 406.33333333333337 1.0
m 50 233 3 20.0 406.33333333333337 1.0
b 51 0 85 79
m 51 0 0 85 79
m 51 10 0 85 79
m 51 28 0 85 79
m 51 78 0 85 79
m 51 121 0 85 79
m 51 130 0 85 79
m 51 150 0 85 79
m 51 194 0 85 79
b 51 1 85 79
b 51 2 85 79
b 51 3 85 79
m 51 28 3 18.666666666666668 356.33333333333337 0.9405706453400795
m 51 121 3 18.666666666666668 356.33333333333337 0.9405706453400795
m 51 130 3 18.666666666666668 356.33333333333337 0.9405706453400795
m 51 78 3 18.666666666666668 356.33333333333337 0.9405706453400795
m 51 150 3 18.666666666666668 356.33333333333337 0.9405706453400795
m 51 10 3 18.666666666666668 356.33333333333337 0.9405706453400795
m 51 194 3 18.666666666666668 356.33333333333337 0.9405706453400795
m 51 0 3 18.666666666666668 356.33333333333337 0.9405706453400795
b 52 0 221 70
m 52 40 0 221 70
m 52 41 0 221 70
m 52 71 0 221 70
m 52 107 0 221 70
m 52 133 0 221 70
m 52 138 0 221 70
m 52 153 0 221 70
m 52 165 0 221 70
m 52 166 0 221 70
m 52 185 0 221 70
b 52 1 221 70
m 52 40 1 221 70
m 52 41 1 221 70
m 52 71 1 221 70
m 52 107 1 221 70
m 52 133 1 221 70
m 52 138 1 221 70
m 52 153 1 221 70
m 52 165 1 221 70
m 52 166 1 221 70
m 52 185 1 221 70
b 52 2 221 70
b 52 3 221 70
m 52 41 3 18.333333333333332 345.6666666666667 0.8986880647313301
m 52 40 3 18.333333333333332 345.6666666666667 0.8986880647313301
m 52 71 3 18.333333333333332 345.6666666666667 0.8986880647313301
m 52 107 3 18.333333333333332 345.6666666666667 0.8986880647313301
m 52 133 3 18.333333333333332 345.6666666666667 0.8986880647313301
m 52 166 3 18.333333333333332 345.6666666666667 0.8986880647313301
m 52 153 3 18.333333333333332 345.6666666666667 0.8986880647313301
m 52 165 3 18.333333333333332 345.6666666666667 0.8986880647313301
m 52 185 3 18.333333333333332 345.6666666666667 0.8986880647313301
b 53 0 409 335
b 53 3 409 335
b 55 0 93 495
b 55 1 93 495
b 55 2 93 495
b 55 3 93 495
m 55 102 3 15.166666666666668 282.5 0.14193584193584197
b 56 1 29 313
m 56 35 1 29 313
m 56 178 1 29 313
m 56 224 1 29 313
b 56 2 29 313
b 57 0 65 108
b 57 1 65 108
m 57 0 1 65 108
m 57 28 1 65 108
m 57 78 1 65 108
m 57 150 1 65 108
m 57 194 1 65 108
b 57 2 65 108
b 57 3 65 108
b 58 0 338 139
m 58 26 0 338 139
b 58 1 338 139
m 58 26 1 338 139
b 58 2 338 139
m 58 26 2 338 139
m 58 75 2 338 139
m 58 81 2 338 139
m 58 82 2 338 139
m 58 105 2 338 139
m 58 151 2 338 139
b 58 3 338 139
m 58 26 3 18.666666666666668 355.6666666666667 0.7774252151117171
b 59 2 342 256
b 60 2 302 356
m 60 159 2 302 356
b 62 0 403 242
b 62 1 403 242
b 62 3 403 242
b 63 0 251 413
m 63 162 0 251 413
b 63 1 251 413
m 63 162 1 251 413
b 63 2 251 413
b 63 3 251 413
m 63 162 3 19.2 378.0 -1.0
b 64 0 25 136
m 64 85 0 25 136
b 64 1 25 136
m 64 85 1 25 136
b 64 2 25 136
m 64 0 2 25 136
m 64 85 2 25 136
m 64 167 2 25 136
m 64 189 2 25 136
b 64 3 25 136
m 64 85 3 17.666666666666668 322.33333333333337 0.6840817988475799
b 69 0 198 88
b 69 1 198 88
b 69 2 198 88
m 69 71 2 198 88
m 69 131 2 198 88
m 69 133 2 198 88
m 69 153 2 198 88
m 69 165 2 198 88
m 69 166 2 198 88
m 69 185 2 198 88
b 73 0 5 404
b 73 3 5 404
m 73 37 3 15.0 253.0 0.33847449454356104
b 88 0 280 100
m 88 228 0 280 100
b 88 1 280 100
m 88 228 1 280 100
b 88 2 280 100
m 88 40 2 280 100
m 88 41 2 280 100
m 88 107 2 280 100
m 88 138 2 280 100
m 88 228 2 280 100
b 88 3 280 100
m 88 228 3 18.333333333333336 346.3333333333333 0.7584157708349981
m 88 138 3 18.333333333333336 346.3333333333333 0.7584157708349981
b 90 0 413 359
m 90 6 0 413 359
b 90 3 413 359
m 90 6 3 20.0 402.33333333333337 0.9256380490932532
b 98 1 339 318
b 98 2 339 318
b 102 0 45 456
b 102 2 45 456
b 104 0 415 166
m 104 45 0 415 166
m 104 74 0 415 166
b 104 1 415 166
m 104 45 1 415 166
m 104 74 1 415 166
b 104 3 415 166
m 104 45 3 19.833333333333336 398.83333333333337 1.0
m 104 74 3 19.833333333333336 398.83333333333337 1.0
b 106 0 371 215
b 106 1 371 215
b 106 2 371 215
b 106 3 371 215
b 111 0 4 133
b 111 1 4 133
b 111 2 4 133
b 111 3 4 133
b 119 0 394 327
b 119 1 394 327
m 119 99 1 394 327
m 119 101 1 394 327
m 119 126 1 394 327
m 119 182 1 394 327
m 119 210 1 394 327
b 119 3 394 327
b 120 1 33 317
b 120 2 33 317
b 120 3 33 317
b 122 0 202 87
b 122 1 202 87
b 122 2 202 87
b 122 3 202 87
b 124 0 358 409
b 124 3 358 409
b 127 0 12 453
b 131 0 149 58
m 131 44 0 149 58
m 131 94 0 149 58
m 131 198 0 149 58
m 131 200 0 149 58
b 131 1 149 58
m 131 10 1 149 58
m 131 44 1 149 58
m 131 94 1 149 58
m 131 198 1 149 58
m 131 200 1 149 58
b 131 3 149 58
m 131 94 3 18.833333333333332 364.83333333333337 0.9865711572360797
m 131 44 3 18.833333333333332 364.83333333333337 0.9865711572360797
m 131 200 3 18.833333333333332 364.83333333333337 0.9865711572360797
m 131 198 3 18.833333333333332 364.83333333333337 0.9865711572360797
b 141 0 244 428
m 141 162 0 244 428
b 141 1 244 428
m 141 162 1 244 428
b 141 2 244 428
m 141 162 2 244 428
b 141 3 244 428
m 141 162 3 19.2 378.0 -1.0
b 142 2 246 378
m 142 162 2 246 378
b 145 0 351 139
b 145 1 351 139
b 145 3 351 139
b 146 1 45 346
m 146 49 1 45 346
m 146 73 1 45 346
b 146 2 45 346
b 148 0 407 239
b 148 1 407 239
b 148 3 407 239
b 155 2 338 309
b 157 0 421 185
m 157 34 0 421 185
b 157 1 421 185
m 157 34 1 421 185
b 157 3 421 185
m 157 34 3 20.0 406.33333333333337 1.0
b 159 0 251 399
m 159 162 0 251 399
b 159 1 251 399
b 159 3 251 399
m 159 162 3 19.599999999999998 388.40000000000003 -1.0
b 160 0 236 126
b 160 1 236 126
b 160 2 236 126
b 160 3 236 126
b 161 0 281 125
b 161 1 281 125
b 161 2 281 125
b 161 3 281 125
b 163 0 73 66
b 163 3 73 66
b 167 0 33 107
b 167 1 33 107
m 167 121 1 33 107
b 167 3 33 107
b 168 0 1 115
b 168 1 1 115
b 168 2 1 115
b 168 3 1 115
b 175 0 411 235
b 175 1 411 235
b 175 3 411 235
b 178 3 60 373
b 179 0 351 405
b 179 1 351 405
b 179 3 351 405
b 188 0 2 315
b 188 1 2 315
b 188 2 2 315
b 188 3 2 315
b 189 0 45 109
b 189 1 45 109
b 189 3 45 109
b 195 0 220 89
b 195 1 220 89
b 195 2 220 89
b 195 3 220 89
b 196 3 210 437
m 196 162 3 19.4 384.6 -1.0
b 199 0 412 343
b 199 3 412 343
b 201 0 312 420
b 201 1 312 420
m 201 76 1 312 420
b 201 3 312 420
b 204 1 4 336
b 204 2 4 336
b 205 0 131 87
b 205 1 131 87
b 205 2 131 87
m 205 10 2 131 87
m 205 28 2 131 87
m 205 94 2 131 87
m 205 150 2 131 87
m 205 163 2 131 87
m 205 194 2 131 87
m 205 200 2 131 87
b 205 3 131 87
b 209 0 127 90
b 209 1 127 90
b 209 2 127 90
b 209 3 127 90
b 213 0 344 130
b 213 1 344 130
b 213 3 344 130
b 218 0 349 374
b 218 1 349 374
b 218 2 349 374
b 218 3 349 374
b 219 1 66 142
b 219 2 66 142
b 220 0 411 358
b 220 3 411 358
b 224 3 20 380
m 224 127 3 15.333333333333332 260.6666666666667 0.4443369802398977
b 225 0 36 115
b 225 1 36 115
b 225 2 36 115
m 225 78 2 36 115
b 225 3 36 115
b 226 2 126 127
b 229 1 24 351
b 229 2 24 351
b 229 3 24 351
b 234 0 377 347
b 234 1 377 347
b 234 3 377 347
b 236 0 245 421
m 236 162 0 245 421
b 236 1 245 421
m 236 162 1 245 421
b 236 2 245 421
m 236 162 2 245 421
b 236 3 245 421
m 236 162 3 18.4 355.6 -1.0
b 238 0 211 96
b 238 1 211 96
b 238 2 211 96
b 238 3 211 96
b 0 0 30 74
b 0 1 30 74
m 0 130 1 30 74
b 0 2 30 74
m 0 121 2 30 74
m 0 130 2 30 74
b 0 3 30 74
b 2 2 387 265
b 4 0 440 306
m 4 9 0 440 306
b 4 1 440 306
m 4 9 1 440 306
m 4 11 1 440 306
m 4 191 1 440 306
b 4 3 440 306
m 4 9 3 19.0 365.57142857142856 0.9583421818787469
b 6 0 471 388
m 6 14 0 471 388
m 6 77 0 471 388
m 6 173 0 471 388
b 6 3 471 388
m 6 77 3 18.714285714285715 362.1428571428571 0.31647142000602807
b 7 0 457 145
m 7 114 0 457 145
m 7 134 0 457 145
m 7 164 0 457 145
b 7 1 457 145
m 7 114 1 457 145
m 7 134 1 457 145
m 7 164 1 457 145
b 7 3 457 145
m 7 134 3 20.0 405.42857142857144 0.8526932084309136
m 7 164 3 20.0 405.42857142857144 0.8526932084309136
m 7 114 3 20.0 405.42857142857144 0.8526932084309136
b 10 0 86 36
b 10 1 86 36
b 10 2 86 36
m 10 198 2 86 36
b 10 3 86 36
b 11 0 476 353
b 11 3 476 353
m 11 173 3 19.285714285714285 377.0 0.7136699546581878
b 12 0 383 427
m 12 215 0 383 427
b 12 1 383 427
m 12 215 1 383 427
b 12 2 383 427
b 12 3 383 427
m 12 215 3 19.142857142857142 371.7142857142857 0.73304565290035
b 13 2 400 164
b 13 3 400 164
b 20 0 361 465
b 20 1 361 465
b 20 2 361 465
b 20 3 361 465
b 22 1 349 424
b 22 2 349 424
b 26 0 379 83
m 26 118 0 379 83
m 26 186 0 379 83
b 26 1 379 83
m 26 118 1 379 83
m 26 186 1 379 83
b 26 2 379 83
b 26 3 379 83
m 26 118 3 17.571428571428573 322.1428571428571 0.5370182989378844
m 26 186 3 17.571428571428573 322.1428571428571 0.5370182989378844
b 28 0 80 38
b 28 1 80 38
b 28 2 80 38
b 28 3 80 38
b 34 0 489 188
b 34 1 489 188
b 34 3 489 188
b 35 1 73 350
b 37 2 12 443
b 37 3 12 443
b 38 1 408 343
b 38 2 408 343
m 38 4 2 408 343
m 38 11 2 408 343
m 38 99 2 408 343
m 38 101 2 408 343
m 38 126 2 408 343
m 38 182 2 408 343
m 38 190 2 408 343
m 38 191 2 408 343
m 38 210 2 408 343
b 39 0 310 461
b 39 1 310 461
b 39 2 310 461
b 39 3 310 461
b 40 0 276 46
b 40 1 276 46
b 40 2 276 46
b 40 3 276 46
b 41 0 260 30
b 41 1 260 30
b 41 2 260 30
b 41 3 260 30
b 44 0 157 8
b 44 1 157 8
b 44 3 157 8
b 45 0 451 101
m 45 132 0 451 101
b 45 1 451 101
m 45 132 1 451 101
b 45 3 451 101
m 45 132 3 19.42857142857143 383.1428571428571 0.7322029075482439
b 48 0 359 427
b 48 1 359 427
b 48 2 359 427
m 48 76 2 359 427
b 48 3 359 427
b 49 1 40 421
b 49 3 40 421
b 50 2 403 186
b 53 1 408 336
b 53 2 408 336
m 53 110 2 408 336
b 62 2 404 242
b 69 3 197 88
b 71 0 216 33
b 71 1 216 33
b 71 2 216 33
m 71 44 2 216 33
b 71 3 216 33
b 73 1 6 405
m 73 15 1 6 405
m 73 37 1 6 405
m 73 102 1 6 405
m 73 127 1 6 405
b 73 2 6 405
b 74 0 488 159
b 74 1 488 159
b 74 3 488 159
b 75 0 395 133
b 75 1 395 133
b 75 2 395 133
m 75 7 2 395 133
m 75 45 2 395 133
m 75 216 2 395 133
m 75 217 2 395 133
b 75 3 395 133
b 76 0 360 477
b 76 1 360 477
b 76 3 360 477
b 78 0 48 51
b 78 1 48 51
b 78 2 48 51
b 78 3 48 51
b 81 0 405 124
b 81 1 405 124
b 81 2 405 124
m 81 118 2 405 124
b 81 3 405 124
b 82 0 412 144
b 82 1 412 144
b 82 2 412 144
m 82 112 2 412 144
m 82 181 2 412 144
m 82 233 2 412 144
b 82 3 412 144
b 85 0 2 68
b 85 1 2 68
b 85 2 2 68
b 85 3 2 68
b 90 1 414 358
m 90 6 1 414 358
b 90 2 414 358
b 94 0 158 25
b 94 1 158 25
b 94 2 158 25
b 94 3 158 25
b 99 0 433 380
b 99 1 433 380
m 99 14 1 433 380
m 99 173 1 433 380
b 99 3 433 380
m 99 14 3 19.857142857142858 396.4285714285714 0.9330288479648526
b 101 0 458 364
b 101 1 458 364
b 101 3 458 364
b 102 3 45 456
b 104 2 414 167
b 105 0 403 127
b 105 1 403 127
b 105 2 403 127
b 105 3 403 127
b 107 0 281 26
b 107 1 281 26
b 107 2 281 26
b 107 3 281 26
b 110 0 429 271
b 110 1 429 271
b 110 3 429 271
b 112 0 465 179
b 112 1 465 179
b 112 3 465 179
b 119 2 394 328
b 121 0 30 37
b 121 1 30 37
b 121 3 30 37
b 124 1 358 410
b 124 2 358 410
b 126 0 437 352
b 126 1 437 352
b 126 3 437 352
b 127 2 12 452
b 127 3 12 452
b 129 0 330 469
b 129 1 330 469
b 129 2 330 469
b 129 3 330 469
b 130 0 73 33
b 130 3 73 33
b 131 2 149 59
b 133 0 188 44
b 133 1 188 44
b 133 2 188 44
b 133 3 188 44
b 138 0 279 48
b 138 1 279 48
b 138 2 279 48
b 138 3 279 48
b 139 0 382 428
b 139 1 382 428
b 139 2 382 428
m 139 215 2 382 428
b 139 3 382 428
b 140 0 370 459
m 140 84 0 370 459
b 140 1 370 459
b 140 2 370 459
b 140 3 370 459
m 140 84 3 19.142857142857142 371.7142857142857 0.73304565290035
b 145 2 352 140
b 148 2 407 238
b 150 0 94 43
b 150 1 94 43
b 150 2 94 43
b 150 3 94 43
b 151 0 394 128
b 151 1 394 128
b 151 2 394 128
b 151 3 394 128
b 152 0 443 238
b 152 1 443 238
b 152 3 443 238
b 153 0 200 39
b 153 1 200 39
b 153 2 200 39
b 153 3 200 39
b 157 2 421 184
m 157 34 2 421 184
m 157 74 2 421 184
m 157 152 2 421 184
m 157 222 2 421 184
b 159 2 251 398
b 163 1 72 65
b 163 2 72 65
b 165 0 166 32
b 165 1 166 32
b 165 2 166 32
b 165 3 166 32
b 166 0 175 19
b 166 1 175 19
b 166 2 175 19
b 166 3 175 19
b 167 2 32 108
b 175 2 412 235
b 178 1 59 374
b 178 2 59 374
b 179 2 351 406
b 181 0 443 198
b 181 1 443 198
b 181 3 443 198
b 182 0 421 349
b 182 1 421 349
b 182 3 421 349
b 185 0 201 25
b 185 1 201 25
b 185 2 201 25
b 185 3 201 25
b 189 2 45 108
b 190 0 438 308
b 190 1 438 308
b 190 3 438 308
b 191 0 471 317
b 191 3 471 317
b 193 0 373 446
b 193 1 373 446
m 193 84 1 373 446
b 193 2 373 446
b 193 3 373 446
b 194 0 105 50
b 194 1 105 50
b 194 2 105 50
b 194 3 105 50
b 198 0 119 2
b 198 1 119 2
b 198 3 119 2
b 199 1 412 342
b 199 2 412 342
b 200 0 161 19
b 200 1 161 19
b 200 2 161 19
b 200 3 161 19
b 201 2 312 421
b 208 0 284 456
b 208 1 284 456
b 208 2 284 456
b 208 3 284 456
b 210 0 457 305
b 210 1 457 305
b 210 3 457 305
b 213 2 345 131
b 216 0 462 158
b 216 1 462 158
b 216 3 462 158
b 217 0 449 173
b 217 1 449 173
b 217 3 449 173
b 220 1 411 357
b 220 2 411 357
m 220 6 2 411 357
b 222 0 449 227
b 222 1 449 227
b 222 3 449 227
b 224 1 20 381
b 224 2 20 381
b 228 0 304 67
b 228 1 304 67
b 228 2 304 67
b 228 3 304 67
b 233 0 469 168
b 233 1 469 168
b 233 3 469 168
b 234 2 376 347
b 4 2 439 306
m 4 9 2 439 306
b 6 1 471 387
m 6 77 1 471 387
b 6 2 471 387
b 7 2 458 145
b 9 0 492 271
b 9 1 492 271
b 9 3 492 271
b 11 1 477 353
b 11 2 477 353
m 11 173 2 477 353
b 14 0 459 437
m 14 61 0 459 437
m 14 143 0 459 437
b 14 1 459 437
m 14 61 1 459 437
m 14 143 1 459 437
b 14 3 459 437
m 14 143 3 18.5 356.99999999999994 0.1111111111111111
b 15 1 18 452
b 34 2 490 188
b 37 1 13 443
b 44 2 157 9
b 45 2 451 100
m 45 114 2 451 100
m 45 132 2 451 100
m 45 134 2 451 100
m 45 164 2 451 100
m 45 186 2 451 100
b 74 2 488 160
b 76 2 361 477
b 77 0 495 439
b 77 3 495 439
m 77 61 3 17.25 323.0 0.15260882824794694
b 84 0 439 479
b 84 1 439 479
b 84 3 439 479
b 99 2 432 379
b 101 2 458 365
m 101 14 2 458 365
b 102 1 46 457
b 110 2 430 270
b 112 2 465 178
b 114 0 483 95
b 114 1 483 95
b 114 3 483 95
b 118 0 436 70
b 118 1 436 70
b 118 2 436 70
b 118 3 436 70
b 121 2 30 36
b 126 2 436 351
b 127 1 12 451
b 130 1 72 34
b 130 2 72 34
b 132 0 472 47
b 132 1 472 47
b 132 3 472 47
b 134 0 478 81
b 134 1 478 81
b 134 3 478 81
b 152 2 443 237
b 164 0 491 102
b 164 1 491 102
b 164 3 491 102
b 173 0 497 407
b 173 1 497 407
b 173 3 497 407
b 181 2 442 198
b 182 2 420 349
b 186 0 426 31
b 186 1 426 31
b 186 3 426 31
b 190 2 437 309
b 191 1 472 317
b 191 2 472 317
b 198 2 120 3
b 210 2 458 304
b 215 0 441 470
b 215 1 441 470
b 215 2 441 470
b 215 3 441 470
b 216 2 463 158
b 217 2 449 172
b 222 2 448 227
b 233 2 468 167
b 9 2 492 272
b 14 2 459 438
m 14 61 2 459 438
m 14 77 2 459 438
m 14 84 2 459 438
m 14 143 2 459 438
b 61 0 498 494
b 61 1 498 494
b 61 3 498 494
b 77 1 495 440
b 114 2 484 95
b 132 2 472 46
b 134 2 478 82
b 143 0 456 472
b 143 1 456 472
b 143 3 456 472
b 164 2 491 101
b 173 2 498 407
b 186 2 427 31
b 61 2 499 494
b 77 2 495 441
b 84 2 440 477
b 143 2 455 473
