Key: 
t: node change direction (node id, x, y, new direction)
s: node start location (node id, x, y, start direction, buffer)
m: message transfer (sender id, target id, messageType, sender x, sender y
b: broadcast (node id, message type, x, y)
355 59 348 443
s 0 201 298 38 12
s 1 82 248 220 4
s 2 485 464 269 11
s 3 78 391 284 8
s 4 11 308 264 5
s 5 226 28 154 14
s 6 32 183 220 13
s 7 230 12 200 6
s 8 217 57 312 10
s 9 252 88 1 10
s 10 482 499 261 2
s 11 463 243 80 18
s 12 298 391 253 17
s 13 32 182 106 1
s 14 178 344 266 2
s 15 312 142 178 5
s 16 24 253 204 12
s 17 490 76 105 8
s 18 495 134 278 7
s 19 445 428 271 18
s 20 401 273 149 17
s 21 79 467 146 21
s 22 458 132 6 5
s 23 272 467 241 22
s 24 21 463 19 0
s 25 212 139 4 4
s 26 253 106 122 18
s 27 382 110 51 15
s 28 478 71 331 7
s 29 191 103 112 17
s 30 298 2 68 1
s 31 148 258 315 4
s 32 434 419 242 16
s 33 147 10 217 7
s 34 34 272 358 17
s 35 443 378 153 13
s 36 62 324 170 2
s 37 382 357 116 5
s 38 86 349 103 2
s 39 123 478 144 3
s 40 26 157 300 12
s 41 221 458 256 11
s 42 360 417 45 14
s 43 301 316 178 4
s 44 262 136 262 18
s 45 64 407 94 7
s 46 101 159 43 14
s 47 373 406 79 8
s 48 188 89 253 17
s 49 271 162 273 3
s 50 355 59 19 6
s 51 296 108 286 11
s 52 105 196 51 19
s 53 298 75 173 15
s 54 179 96 235 13
s 55 312 342 320 4
s 56 337 78 336 13
s 57 180 107 274 20
s 58 323 261 123 12
s 59 71 174 27 20
s 60 260 89 107 12
s 61 467 114 353 10
s 62 9 322 123 19
s 63 498 217 187 9
s 64 174 241 273 16
s 65 88 457 236 18
s 66 257 68 104 19
s 67 238 494 153 13
s 68 484 422 131 14
s 69 368 332 216 8
s 70 71 484 302 12
s 71 125 61 191 6
s 72 457 316 259 22
s 73 15 35 93 0
s 74 117 316 278 2
s 75 323 361 104 12
s 76 305 426 134 2
s 77 341 482 307 10
s 78 348 443 216 15
s 79 122 400 267 12
s 80 102 59 322 5
s 81 314 127 286 3
s 82 299 195 257 0
s 83 304 476 344 9
s 84 13 303 71 1
s 85 187 449 90 8
s 86 88 416 101 12
s 87 8 293 312 17
s 88 9 275 16 1
s 89 19 485 78 6
s 90 401 49 76 19
s 91 230 381 247 22
s 92 215 235 18 19
s 93 250 425 123 17
s 94 492 347 151 0
s 95 287 325 163 5
s 96 182 183 75 5
s 97 287 486 12 9
s 98 471 54 146 7
s 99 499 372 109 20
s 100 310 69 235 21
s 101 154 348 150 20
s 102 352 442 218 21
s 103 291 9 238 20
s 104 297 467 68 11
s 105 214 81 352 20
s 106 63 5 335 0
s 107 15 165 234 15
s 108 348 348 276 10
s 109 330 32 226 19
s 110 268 435 10 4
s 111 494 181 183 14
s 112 19 474 80 4
s 113 1 249 353 11
s 114 62 94 311 22
s 115 78 195 94 9
s 116 407 459 42 10
s 117 67 37 200 11
s 118 219 254 155 11
s 119 456 83 191 2
s 120 485 163 251 15
s 121 489 318 23 3
s 122 342 180 277 0
s 123 448 56 151 4
s 124 199 301 200 17
s 125 466 440 159 9
s 126 364 418 135 22
s 127 171 454 51 20
s 128 1 3 79 6
s 129 286 142 114 6
s 130 470 165 197 19
s 131 203 241 77 14
s 132 271 1 329 15
s 133 305 313 149 17
s 134 101 87 283 14
s 135 227 96 53 11
s 136 119 175 264 8
s 137 266 227 96 15
s 138 272 230 169 14
s 139 89 422 120 7
s 140 287 350 281 2
s 141 416 313 203 7
s 142 5 324 169 12
s 143 309 475 195 17
s 144 399 45 282 4
s 145 396 55 274 0
s 146 216 306 78 21
s 147 211 177 223 11
s 148 491 205 267 4
s 149 348 448 352 6
s 150 427 270 262 0
s 151 197 71 109 19
s 152 256 494 336 6
s 153 441 451 238 9
s 154 194 271 207 0
s 155 29 165 298 15
s 156 85 298 268 0
s 157 162 169 60 19
s 158 131 25 300 5
s 159 36 294 299 18
s 160 461 319 142 5
s 161 237 481 341 15
s 162 395 499 192 13
s 163 257 395 216 9
s 164 387 450 118 12
s 165 384 100 334 20
s 166 482 178 96 19
s 167 284 419 195 15
s 168 448 61 63 12
s 169 344 490 30 7
s 170 97 15 316 20
s 171 371 354 217 0
s 172 237 369 116 19
s 173 212 315 301 8
s 174 339 49 53 5
s 175 371 125 118 15
s 176 226 211 206 17
s 177 6 3 216 1
s 178 338 121 318 6
s 179 76 371 308 16
s 180 278 296 28 19
s 181 251 209 298 7
s 182 388 327 229 5
s 183 221 322 27 4
s 184 327 396 48 22
s 185 487 362 11 0
s 186 25 494 242 3
s 187 202 249 161 4
s 188 320 402 47 10
s 189 125 137 171 10
s 190 338 409 14 1
s 191 410 113 258 14
s 192 316 255 335 5
s 193 472 65 270 21
s 194 208 379 268 9
s 195 108 286 335 5
s 196 172 483 297 13
s 197 477 113 152 6
s 198 464 383 98 0
s 199 373 320 257 5
s 200 47 353 176 5
s 201 325 426 265 20
s 202 310 126 295 5
s 203 322 459 13 18
s 204 397 86 223 12
s 205 489 487 201 15
s 206 155 213 325 11
s 207 191 173 65 15
s 208 459 96 101 13
s 209 164 287 356 10
s 210 304 441 134 16
s 211 253 159 76 2
s 212 119 357 234 17
s 213 143 150 213 9
s 214 223 308 18 17
s 215 96 341 73 16
s 216 323 240 66 7
s 217 296 128 293 17
s 218 376 357 158 13
s 219 449 485 115 6
s 220 105 17 288 19
s 221 125 429 44 17
s 222 358 294 244 2
s 223 496 151 17 6
s 224 494 207 75 2
s 225 203 75 317 21
s 226 305 37 129 18
s 227 482 238 81 20
s 228 477 482 19 19
s 229 348 482 268 16
s 230 256 414 208 6
s 231 408 431 311 14
s 232 333 61 355 16
s 233 393 402 50 7
s 234 365 160 331 13
s 235 185 392 310 14
s 236 44 301 351 4
s 237 237 88 111 19
s 238 37 124 321 1
s 239 330 60 292 20
b 50 0 368 63
m 50 27 0 368 63
m 50 56 0 368 63
m 50 90 0 368 63
m 50 100 0 368 63
m 50 109 0 368 63
m 50 144 0 368 63
m 50 145 0 368 63
m 50 165 0 368 63
m 50 174 0 368 63
m 50 175 0 368 63
m 50 178 0 368 63
m 50 191 0 368 63
m 50 204 0 368 63
m 50 232 0 368 63
m 50 239 0 368 63
b 50 1 368 63
m 50 27 1 368 63
m 50 56 1 368 63
m 50 90 1 368 63
m 50 100 1 368 63
m 50 109 1 368 63
m 50 144 1 368 63
m 50 145 1 368 63
m 50 165 1 368 63
m 50 174 1 368 63
m 50 175 1 368 63
m 50 178 1 368 63
m 50 191 1 368 63
m 50 204 1 368 63
m 50 232 1 368 63
m 50 239 1 368 63
b 50 2 368 63
m 50 27 2 368 63
m 50 56 2 368 63
m 50 90 2 368 63
m 50 100 2 368 63
m 50 109 2 368 63
m 50 144 2 368 63
m 50 145 2 368 63
m 50 165 2 368 63
m 50 174 2 368 63
m 50 175 2 368 63
m 50 178 2 368 63
m 50 191 2 368 63
m 50 204 2 368 63
m 50 232 2 368 63
m 50 239 2 368 63
b 50 3 368 63
m 50 27 3 17.0 289.0 1.0
m 50 56 3 17.0 289.0 1.0
m 50 90 3 17.0 289.0 1.0
m 50 100 3 17.0 289.0 1.0
m 50 109 3 17.0 289.0 1.0
m 50 144 3 17.0 289.0 1.0
m 50 145 3 17.0 289.0 1.0
m 50 165 3 17.0 289.0 1.0
m 50 174 3 17.0 289.0 1.0
m 50 175 3 17.0 289.0 1.0
m 50 178 3 17.0 289.0 1.0
m 50 191 3 17.0 289.0 1.0
m 50 204 3 17.0 289.0 1.0
m 50 232 3 17.0 289.0 1.0
m 50 239 3 17.0 289.0 1.0
b 145 0 398 30
m 145 119 0 398 30
m 145 123 0 398 30
b 145 1 398 30
m 145 119 1 398 30
m 145 123 1 398 30
b 145 2 398 30
b 145 3 398 30
m 145 119 3 12.666666666666668 198.0 0.25
b 144 0 405 17
m 144 98 0 405 17
m 144 119 0 405 17
m 144 123 0 405 17
b 144 1 405 17
m 144 98 1 405 17
m 144 119 1 405 17
m 144 123 1 405 17
b 144 2 405 17
m 144 98 2 405 17
m 144 119 2 405 17
m 144 123 2 405 17
b 144 3 405 17
m 144 119 3 13.0 201.0 0.2
b 174 0 357 73
m 174 30 0 357 73
m 174 51 0 357 73
m 174 53 0 357 73
m 174 81 0 357 73
m 174 202 0 357 73
m 174 217 0 357 73
m 174 226 0 357 73
b 174 1 357 73
m 174 30 1 357 73
m 174 51 1 357 73
m 174 53 1 357 73
m 174 81 1 357 73
m 174 202 1 357 73
m 174 217 1 357 73
m 174 226 1 357 73
b 174 2 357 73
m 174 30 2 357 73
m 174 51 2 357 73
m 174 53 2 357 73
m 174 81 2 357 73
m 174 202 2 357 73
m 174 217 2 357 73
m 174 226 2 357 73
b 174 3 357 73
m 174 51 3 13.666666666666668 209.0 0.14285714285714285
b 178 0 361 101
m 178 51 0 361 101
m 178 81 0 361 101
m 178 122 0 361 101
m 178 202 0 361 101
m 178 217 0 361 101
m 178 234 0 361 101
b 178 1 361 101
m 178 51 1 361 101
m 178 81 1 361 101
m 178 122 1 361 101
m 178 202 1 361 101
m 178 217 1 361 101
m 178 234 1 361 101
b 178 2 361 101
b 178 3 361 101
m 178 51 3 13.666666666666668 209.0 0.14285714285714285
b 204 0 370 60
m 204 81 0 370 60
m 204 202 0 370 60
b 204 1 370 60
m 204 81 1 370 60
m 204 202 1 370 60
b 204 2 370 60
m 204 81 2 370 60
m 204 119 2 370 60
m 204 123 2 370 60
m 204 202 2 370 60
b 204 3 370 60
m 204 123 3 12.666666666666668 198.0 0.25
m 204 81 3 12.666666666666668 198.0 0.25
b 56 0 372 63
m 56 30 0 372 63
m 56 51 0 372 63
m 56 81 0 372 63
m 56 202 0 372 63
m 56 217 0 372 63
m 56 226 0 372 63
b 56 1 372 63
m 56 30 1 372 63
m 56 51 1 372 63
m 56 81 1 372 63
m 56 202 1 372 63
m 56 217 1 372 63
m 56 226 1 372 63
b 56 2 372 63
b 56 3 372 63
m 56 51 3 13.666666666666668 209.0 0.14285714285714285
b 119 0 418 76
m 119 17 0 418 76
m 119 18 0 418 76
m 119 98 0 418 76
m 119 168 0 418 76
m 119 197 0 418 76
m 119 208 0 418 76
b 119 1 418 76
m 119 17 1 418 76
m 119 18 1 418 76
m 119 98 1 418 76
m 119 168 1 418 76
m 119 197 1 418 76
m 119 208 1 418 76
b 119 3 418 76
m 119 98 3 12.0 173.5 0.4080185851318945
m 119 17 3 12.0 173.5 0.4080185851318945
m 119 123 3 12.0 173.5 0.4080185851318945
m 119 168 3 12.0 173.5 0.4080185851318945
b 191 0 402 75
m 191 98 0 402 75
m 191 168 0 402 75
m 191 197 0 402 75
m 191 208 0 402 75
m 191 234 0 402 75
b 191 1 402 75
m 191 98 1 402 75
m 191 168 1 402 75
m 191 197 1 402 75
m 191 208 1 402 75
m 191 234 1 402 75
b 191 2 402 75
b 191 3 402 75
m 191 208 3 13.333333333333334 204.66666666666666 0.16666666666666666
m 191 197 3 13.333333333333334 204.66666666666666 0.16666666666666666
b 27 0 407 141
m 27 122 0 407 141
m 27 130 0 407 141
m 27 197 0 407 141
m 27 208 0 407 141
m 27 234 0 407 141
b 27 1 407 141
m 27 122 1 407 141
m 27 130 1 407 141
m 27 197 1 407 141
m 27 208 1 407 141
m 27 234 1 407 141
b 27 2 407 141
m 27 119 2 407 141
m 27 122 2 407 141
m 27 123 2 407 141
m 27 130 2 407 141
m 27 197 2 407 141
m 27 208 2 407 141
m 27 234 2 407 141
b 27 3 407 141
m 27 122 3 13.333333333333334 204.66666666666666 0.16666666666666666
m 27 197 3 13.333333333333334 204.66666666666666 0.16666666666666666
b 175 0 352 160
m 175 81 0 352 160
m 175 82 0 352 160
m 175 122 0 352 160
m 175 202 0 352 160
m 175 234 0 352 160
b 175 1 352 160
m 175 81 1 352 160
m 175 82 1 352 160
m 175 122 1 352 160
m 175 202 1 352 160
m 175 234 1 352 160
b 175 2 352 160
m 175 81 2 352 160
m 175 82 2 352 160
m 175 122 2 352 160
m 175 202 2 352 160
m 175 234 2 352 160
b 175 3 352 160
m 175 81 3 13.333333333333334 204.66666666666666 0.16666666666666666
m 175 122 3 13.333333333333334 204.66666666666666 0.16666666666666666
b 123 0 412 76
m 123 17 0 412 76
m 123 28 0 412 76
m 123 168 0 412 76
m 123 193 0 412 76
m 123 197 0 412 76
m 123 208 0 412 76
b 123 1 412 76
b 232 0 374 57
b 232 1 374 57
b 232 2 374 57
b 232 3 374 57
m 232 30 3 13.0 201.0 0.2
b 30 0 314 42
m 30 103 0 314 42
m 30 132 0 314 42
b 30 1 314 42
m 30 103 1 314 42
m 30 132 1 314 42
b 30 2 314 42
m 30 103 2 314 42
m 30 132 2 314 42
b 119 2 414 75
b 122 0 347 137
m 122 82 0 347 137
b 122 1 347 137
m 122 82 1 347 137
b 90 0 411 92
m 90 168 0 411 92
m 90 197 0 411 92
m 90 208 0 411 92
b 90 1 411 92
m 90 168 1 411 92
m 90 197 1 411 92
m 90 208 1 411 92
b 90 2 411 92
b 90 3 411 92
m 90 208 3 13.333333333333334 204.66666666666666 0.16666666666666666
m 90 168 3 13.333333333333334 204.66666666666666 0.16666666666666666
b 109 0 300 0
m 109 103 0 300 0
m 109 132 0 300 0
b 109 1 300 0
m 109 103 1 300 0
m 109 132 1 300 0
b 109 2 300 0
b 109 3 300 0
m 109 132 3 13.0 201.0 0.2
m 109 30 3 13.0 201.0 0.2
b 81 0 326 84
m 81 9 0 326 84
m 81 15 0 326 84
m 81 44 0 326 84
m 81 49 0 326 84
m 81 66 0 326 84
m 81 82 0 326 84
b 81 1 326 84
m 81 9 1 326 84
m 81 15 1 326 84
m 81 44 1 326 84
m 81 49 1 326 84
m 81 66 1 326 84
m 81 82 1 326 84
b 81 2 326 84
b 123 2 409 78
b 165 0 424 80
m 165 17 0 424 80
m 165 130 0 424 80
m 165 168 0 424 80
m 165 197 0 424 80
m 165 208 0 424 80
b 165 1 424 80
m 165 17 1 424 80
m 165 130 1 424 80
m 165 168 1 424 80
m 165 197 1 424 80
m 165 208 1 424 80
b 165 2 424 80
b 165 3 424 80
m 165 98 3 14.0 214.0 0.1026785714285714
b 239 0 347 18
m 239 103 0 347 18
b 239 1 347 18
m 239 103 1 347 18
b 239 2 347 18
b 239 3 347 18
m 239 30 3 13.0 201.0 0.2
m 239 226 3 13.0 201.0 0.2
b 100 0 283 31
m 100 8 0 283 31
m 100 9 0 283 31
m 100 44 0 283 31
m 100 66 0 283 31
m 100 103 0 283 31
m 100 105 0 283 31
m 100 132 0 283 31
m 100 225 0 283 31
b 100 1 283 31
m 100 8 1 283 31
m 100 9 1 283 31
m 100 44 1 283 31
m 100 66 1 283 31
m 100 103 1 283 31
m 100 105 1 283 31
m 100 132 1 283 31
m 100 225 1 283 31
b 100 2 283 31
m 100 8 2 283 31
m 100 9 2 283 31
m 100 44 2 283 31
m 100 66 2 283 31
m 100 103 2 283 31
m 100 105 2 283 31
m 100 132 2 283 31
m 100 225 2 283 31
b 100 3 283 31
m 100 202 3 16.0 258.0 0.8521205357142858
m 100 81 3 16.0 258.0 0.8521205357142858
m 100 44 3 16.0 258.0 0.8521205357142858
m 100 217 3 16.0 258.0 0.8521205357142858
m 100 9 3 16.0 258.0 0.8521205357142858
m 100 53 3 16.0 258.0 0.8521205357142858
m 100 105 3 16.0 258.0 0.8521205357142858
m 100 225 3 16.0 258.0 0.8521205357142858
m 100 226 3 16.0 258.0 0.8521205357142858
m 100 132 3 16.0 258.0 0.8521205357142858
m 100 30 3 16.0 258.0 0.8521205357142858
m 100 8 3 16.0 258.0 0.8521205357142858
b 202 0 330 83
m 202 9 0 330 83
b 202 1 330 83
b 202 2 330 83
m 202 9 2 330 83
m 202 122 2 330 83
b 98 0 431 81
m 98 17 0 431 81
m 98 18 0 431 81
m 98 28 0 431 81
m 98 61 0 431 81
m 98 120 0 431 81
m 98 168 0 431 81
m 98 193 0 431 81
m 98 197 0 431 81
m 98 208 0 431 81
b 98 1 431 81
m 98 17 1 431 81
m 98 18 1 431 81
m 98 28 1 431 81
m 98 61 1 431 81
m 98 120 1 431 81
m 98 168 1 431 81
m 98 193 1 431 81
m 98 197 1 431 81
m 98 208 1 431 81
b 98 2 431 81
b 81 3 328 78
m 81 44 3 11.75 168.75 0.3985322380393558
m 81 49 3 11.75 168.75 0.3985322380393558
m 81 105 3 11.75 168.75 0.3985322380393558
m 81 226 3 11.75 168.75 0.3985322380393558
b 82 0 287 144
m 82 9 0 287 144
m 82 15 0 287 144
m 82 25 0 287 144
m 82 49 0 287 144
m 82 60 0 287 144
m 82 129 0 287 144
m 82 135 0 287 144
m 82 181 0 287 144
m 82 211 0 287 144
b 82 1 287 144
m 82 9 1 287 144
m 82 15 1 287 144
m 82 25 1 287 144
m 82 49 1 287 144
m 82 60 1 287 144
m 82 129 1 287 144
m 82 135 1 287 144
m 82 181 1 287 144
m 82 211 1 287 144
b 82 2 287 144
b 122 2 348 128
b 122 3 348 128
m 122 234 3 11.25 159.75 0.14936120789779322
b 51 0 311 57
m 51 9 0 311 57
m 51 44 0 311 57
m 51 49 0 311 57
m 51 66 0 311 57
m 51 103 0 311 57
m 51 105 0 311 57
m 51 132 0 311 57
b 51 1 311 57
m 51 9 1 311 57
m 51 44 1 311 57
m 51 49 1 311 57
m 51 66 1 311 57
m 51 103 1 311 57
m 51 105 1 311 57
m 51 132 1 311 57
b 51 2 311 57
b 51 3 311 57
m 51 132 3 13.0 187.0 0.20058098897689342
m 51 53 3 13.0 187.0 0.20058098897689342
m 51 49 3 13.0 187.0 0.20058098897689342
b 123 3 402 82
m 123 234 3 9.75 148.75 1.0
b 30 3 318 52
m 30 103 3 12.0 171.0 0.29819739952718677
m 30 132 3 12.0 171.0 0.29819739952718677
m 30 105 3 12.0 171.0 0.29819739952718677
b 234 0 414 133
b 234 1 414 133
b 53 0 241 82
m 53 5 0 241 82
m 53 8 0 241 82
m 53 25 0 241 82
m 53 57 0 241 82
m 53 60 0 241 82
m 53 105 0 241 82
m 53 135 0 241 82
m 53 225 0 241 82
m 53 237 0 241 82
b 53 1 241 82
m 53 5 1 241 82
m 53 8 1 241 82
m 53 25 1 241 82
m 53 57 1 241 82
m 53 60 1 241 82
m 53 105 1 241 82
m 53 135 1 241 82
m 53 225 1 241 82
m 53 237 1 241 82
b 53 2 241 82
b 197 0 427 140
m 197 22 0 427 140
m 197 61 0 427 140
m 197 111 0 427 140
m 197 120 0 427 140
m 197 148 0 427 140
m 197 223 0 427 140
b 197 1 427 140
m 197 22 1 427 140
m 197 61 1 427 140
m 197 111 1 427 140
m 197 120 1 427 140
m 197 148 1 427 140
m 197 223 1 427 140
b 197 3 427 140
m 197 18 3 12.25 173.75 0.2312530122385772
m 197 120 3 12.25 173.75 0.2312530122385772
m 197 61 3 12.25 173.75 0.2312530122385772
b 18 0 466 109
m 18 22 0 466 109
m 18 61 0 466 109
m 18 120 0 466 109
m 18 148 0 466 109
m 18 223 0 466 109
b 18 1 466 109
b 98 3 422 87
b 197 2 426 140
b 17 0 475 133
m 17 22 0 475 133
m 17 61 0 475 133
m 17 120 0 475 133
m 17 148 0 475 133
m 17 223 0 475 133
b 17 1 475 133
b 17 3 475 133
m 17 234 3 11.4 155.0 0.3917149800880604
m 17 61 3 11.4 155.0 0.3917149800880604
m 17 223 3 11.4 155.0 0.3917149800880604
b 217 0 319 73
b 217 1 319 73
b 217 2 319 73
m 217 49 2 319 73
b 28 0 475 31
b 49 0 274 102
m 49 25 0 274 102
m 49 26 0 274 102
m 49 60 0 274 102
m 49 135 0 274 102
m 49 181 0 274 102
m 49 237 0 274 102
b 49 1 274 102
m 49 25 1 274 102
m 49 26 1 274 102
m 49 60 1 274 102
m 49 135 1 274 102
m 49 181 1 274 102
m 49 237 1 274 102
b 226 0 267 83
m 226 25 0 267 83
m 226 60 0 267 83
m 226 135 0 267 83
b 226 1 267 83
b 226 2 267 83
m 226 25 2 267 83
m 226 49 2 267 83
m 226 60 2 267 83
m 226 135 2 267 83
b 15 0 250 145
m 15 25 0 250 145
m 15 26 0 250 145
m 15 60 0 250 145
m 15 129 0 250 145
m 15 135 0 250 145
m 15 181 0 250 145
m 15 206 0 250 145
m 15 211 0 250 145
m 15 237 0 250 145
b 15 1 250 145
m 15 25 1 250 145
m 15 26 1 250 145
m 15 60 1 250 145
m 15 129 1 250 145
m 15 135 1 250 145
m 15 181 1 250 145
m 15 206 1 250 145
m 15 211 1 250 145
m 15 237 1 250 145
b 168 0 476 117
m 168 22 0 476 117
m 168 148 0 476 117
m 168 223 0 476 117
b 168 1 476 117
b 168 3 476 117
m 168 223 3 11.2 151.60000000000002 0.3409779374642699
b 202 3 337 69
b 208 0 447 159
m 208 22 0 447 159
m 208 63 0 447 159
m 208 111 0 447 159
m 208 148 0 447 159
m 208 223 0 447 159
b 208 1 447 159
m 208 22 1 447 159
m 208 63 1 447 159
m 208 111 1 447 159
m 208 148 1 447 159
m 208 223 1 447 159
b 208 3 447 159
m 208 111 3 12.0 169.5 0.2190040650406504
m 208 18 3 12.0 169.5 0.2190040650406504
b 208 2 447 160
b 234 2 422 129
b 211 0 269 223
m 211 92 0 269 223
m 211 96 0 269 223
m 211 138 0 269 223
m 211 173 0 269 223
m 211 207 0 269 223
b 211 1 269 223
m 211 92 1 269 223
m 211 96 1 269 223
m 211 138 1 269 223
m 211 173 1 269 223
m 211 207 1 269 223
b 9 0 319 89
b 9 1 319 89
b 28 1 471 26
b 49 3 275 95
m 49 25 3 11.200000000000001 151.2 0.4242337597600468
m 49 15 3 11.200000000000001 151.2 0.4242337597600468
m 49 66 3 11.200000000000001 151.2 0.4242337597600468
m 49 26 3 11.200000000000001 151.2 0.4242337597600468
b 8 0 262 6
m 8 7 0 262 6
b 8 1 262 6
m 8 7 1 262 6
b 8 2 262 6
m 8 7 2 262 6
b 8 3 262 6
m 8 7 3 12.25 193.75 1.0
b 9 2 320 89
b 9 3 320 89
b 25 0 280 144
m 25 26 0 280 144
m 25 237 0 280 144
b 25 1 280 144
b 61 0 495 72
b 61 1 495 72
b 129 0 258 206
m 129 26 0 258 206
m 129 92 0 258 206
m 129 138 0 258 206
m 129 173 0 258 206
m 129 207 0 258 206
b 129 1 258 206
b 132 0 228 53
m 132 7 0 228 53
m 132 33 0 228 53
m 132 48 0 228 53
m 132 158 0 228 53
b 132 1 228 53
m 132 7 1 228 53
m 132 33 1 228 53
m 132 48 1 228 53
m 132 158 1 228 53
b 132 2 228 53
b 130 0 403 144
m 130 63 0 403 144
m 130 150 0 403 144
b 130 1 403 144
b 130 2 403 144
m 130 17 2 403 144
m 130 18 2 403 144
m 130 63 2 403 144
m 130 111 2 403 144
m 130 148 2 403 144
m 130 150 2 403 144
m 130 223 2 403 144
b 132 3 227 54
m 132 7 3 11.25 159.75 0.24787234042553197
b 181 0 285 146
b 181 1 285 146
b 53 3 225 84
m 53 237 3 14.5 218.5 0.5945659503114441
m 53 7 3 14.5 218.5 0.5945659503114441
m 53 5 3 14.5 218.5 0.5945659503114441
m 53 25 3 14.5 218.5 0.5945659503114441
b 148 0 487 132
b 148 1 487 132
b 22 0 480 110
b 22 1 480 110
b 49 2 275 88
m 49 15 2 275 88
m 49 181 2 275 88
b 193 0 480 6
b 44 0 251 61
m 44 7 0 251 61
b 44 1 251 61
m 44 7 1 251 61
b 103 0 244 52
m 103 7 0 244 52
b 103 1 244 52
m 103 7 1 244 52
b 103 2 244 52
m 103 7 2 244 52
m 103 57 2 244 52
b 120 0 461 92
b 120 1 461 92
b 135 0 272 156
b 135 1 272 156
b 217 3 325 59
m 217 82 3 12.25 193.75 1.0
b 223 0 431 179
m 223 150 0 431 179
m 223 224 0 431 179
b 223 1 431 179
m 223 150 1 431 179
m 223 224 1 431 179
b 226 3 258 95
m 226 135 3 11.5 163.0 0.2698625611206555
m 226 25 3 11.5 163.0 0.2698625611206555
b 18 3 448 110
m 18 22 3 10.4 140.8 0.3333333333333333
b 25 2 288 144
m 25 15 2 288 144
m 25 26 2 288 144
m 25 181 2 288 144
m 25 237 2 288 144
b 44 2 251 60
b 44 3 251 60
m 44 7 3 13.25 199.75 0.2
b 60 0 238 161
b 60 1 238 161
b 66 0 239 142
m 66 151 0 239 142
b 66 1 239 142
m 66 151 1 239 142
b 66 2 239 143
b 223 3 429 180
m 223 22 3 10.5 135.16666666666666 0.22960452274958734
m 223 148 3 10.5 135.16666666666666 0.22960452274958734
b 234 3 433 123
m 234 148 3 9.6 129.6 0.06298818615891781
b 105 0 291 71
b 105 1 291 71
b 105 2 291 71
b 105 3 291 71
m 105 82 3 12.25 193.75 1.0
b 61 3 494 63
m 61 22 3 10.600000000000001 142.2 0.25
m 61 148 3 10.600000000000001 142.2 0.25
b 225 0 261 21
m 225 33 0 261 21
b 225 1 261 21
b 225 2 261 21
b 225 3 261 21
m 225 33 3 12.5 194.5 0.5
m 225 57 3 12.5 194.5 0.5
b 193 1 485 9
b 5 0 151 64
m 5 54 0 151 64
m 5 80 0 151 64
m 5 114 0 151 64
m 5 134 0 151 64
m 5 136 0 151 64
m 5 147 0 151 64
m 5 220 0 151 64
m 5 238 0 151 64
b 5 1 151 64
m 5 54 1 151 64
m 5 80 1 151 64
m 5 114 1 151 64
m 5 134 1 151 64
m 5 136 1 151 64
m 5 147 1 151 64
m 5 220 1 151 64
m 5 238 1 151 64
b 25 3 295 145
m 25 206 3 10.5 134.16666666666666 0.3345386219822083
m 25 82 3 10.5 134.16666666666666 0.3345386219822083
m 25 60 3 10.5 134.16666666666666 0.3345386219822083
b 96 0 203 263
m 96 14 0 203 263
m 96 31 0 203 263
m 96 46 0 203 263
m 96 52 0 203 263
m 96 118 0 203 263
m 96 131 0 203 263
m 96 154 0 203 263
m 96 157 0 203 263
m 96 194 0 203 263
m 96 195 0 203 263
m 96 209 0 203 263
b 96 1 203 263
m 96 14 1 203 263
m 96 31 1 203 263
m 96 46 1 203 263
m 96 52 1 203 263
m 96 118 1 203 263
m 96 131 1 203 263
m 96 154 1 203 263
m 96 157 1 203 263
m 96 194 1 203 263
m 96 195 1 203 263
m 96 209 1 203 263
b 111 0 411 177
m 111 72 0 411 177
m 111 192 0 411 177
m 111 224 0 411 177
b 111 1 411 177
m 111 72 1 411 177
m 111 150 1 411 177
m 111 192 1 411 177
m 111 224 1 411 177
b 135 2 276 162
m 135 15 2 276 162
m 135 26 2 276 162
m 135 129 2 276 162
m 135 181 2 276 162
m 135 206 2 276 162
m 135 237 2 276 162
b 150 0 416 188
m 150 72 0 416 188
m 150 192 0 416 188
b 150 2 416 188
m 150 72 2 416 188
m 150 192 2 416 188
b 15 3 228 145
m 15 60 3 11.0 142.66666666666666 0.4828551520177987
m 15 31 3 11.0 142.66666666666666 0.4828551520177987
m 15 64 3 11.0 142.66666666666666 0.4828551520177987
m 15 129 3 11.0 142.66666666666666 0.4828551520177987
m 15 135 3 11.0 142.66666666666666 0.4828551520177987
b 60 2 235 169
m 60 15 2 235 169
m 60 26 2 235 169
m 60 31 2 235 169
m 60 129 2 235 169
m 60 181 2 235 169
m 60 206 2 235 169
m 60 237 2 235 169
b 120 3 458 84
m 120 22 3 10.4 140.8 0.3333333333333333
b 63 0 413 207
m 63 72 0 413 207
m 63 192 0 413 207
m 63 224 0 413 207
b 63 1 413 207
b 206 0 225 164
m 206 29 0 225 164
m 206 31 0 225 164
m 206 46 0 225 164
m 206 64 0 225 164
m 206 151 0 225 164
m 206 157 0 225 164
m 206 176 0 225 164
b 206 1 225 164
m 206 29 1 225 164
m 206 31 1 225 164
m 206 46 1 225 164
m 206 64 1 225 164
m 206 151 1 225 164
m 206 157 1 225 164
m 206 176 1 225 164
b 7 0 211 49
m 7 54 0 211 49
m 7 80 0 211 49
b 7 1 211 49
m 7 54 1 211 49
m 7 80 1 211 49
b 7 2 211 49
m 7 5 2 211 49
m 7 33 2 211 49
m 7 48 2 211 49
m 7 54 2 211 49
m 7 57 2 211 49
m 7 80 2 211 49
m 7 158 2 211 49
b 7 3 211 49
m 7 33 3 11.0 162.2 1.0
m 7 48 3 11.0 162.2 1.0
m 7 54 3 11.0 162.2 1.0
m 7 57 3 11.0 162.2 1.0
m 7 80 3 11.0 162.2 1.0
m 7 158 3 11.0 162.2 1.0
b 103 3 238 60
m 103 33 3 10.2 138.60000000000002 0.3333333333333333
b 173 0 257 241
m 173 31 0 257 241
m 173 69 0 257 241
m 173 137 0 257 241
m 173 140 0 257 241
m 173 157 0 257 241
m 173 209 0 257 241
b 173 1 257 241
m 173 31 1 257 241
m 173 69 1 257 241
m 173 137 1 257 241
m 173 140 1 257 241
m 173 157 1 257 241
m 173 209 1 257 241
b 82 3 279 110
m 82 60 3 10.200000000000001 155.8 1.0
m 82 181 3 10.200000000000001 155.8 1.0
b 148 2 486 118
b 150 1 415 184
m 150 72 1 415 184
m 150 192 1 415 184
b 158 0 194 32
m 158 54 0 194 32
m 158 80 0 194 32
m 158 134 0 194 32
b 158 1 194 32
m 158 54 1 194 32
m 158 80 1 194 32
m 158 134 1 194 32
b 237 0 205 170
m 237 29 0 205 170
m 237 31 0 205 170
m 237 46 0 205 170
m 237 64 0 205 170
m 237 147 0 205 170
m 237 176 0 205 170
b 237 1 205 170
m 237 29 1 205 170
m 237 31 1 205 170
m 237 46 1 205 170
m 237 64 1 205 170
m 237 147 1 205 170
m 237 176 1 205 170
b 33 0 200 30
m 33 54 0 200 30
m 33 80 0 200 30
m 33 134 0 200 30
b 33 1 200 30
m 33 54 1 200 30
m 33 80 1 200 30
m 33 134 1 200 30
b 57 0 186 18
m 57 54 0 186 18
m 57 80 0 186 18
m 57 134 0 186 18
b 57 1 186 18
m 57 54 1 186 18
m 57 80 1 186 18
m 57 134 1 186 18
b 223 2 418 184
b 224 0 431 251
m 224 72 0 431 251
m 224 99 0 431 251
m 224 121 0 431 251
m 224 166 0 431 251
m 224 192 0 431 251
b 224 1 431 251
m 224 72 1 431 251
m 224 99 1 431 251
m 224 121 1 431 251
m 224 166 1 431 251
m 224 192 1 431 251
b 18 2 434 110
m 18 22 2 434 110
m 18 61 2 434 110
m 18 120 2 434 110
m 18 168 2 434 110
b 26 0 205 182
m 26 29 0 205 182
m 26 31 0 205 182
m 26 46 0 205 182
m 26 64 0 205 182
m 26 157 0 205 182
m 26 176 0 205 182
b 26 1 205 182
m 26 29 1 205 182
m 26 31 1 205 182
m 26 46 1 205 182
m 26 64 1 205 182
m 26 157 1 205 182
m 26 176 1 205 182
b 111 3 404 176
m 111 224 3 10.799999999999999 142.79999999999998 0.16608773891971726
b 15 2 221 146
m 15 31 2 221 146
m 15 64 2 221 146
m 15 151 2 221 146
m 15 206 2 221 146
b 17 2 467 164
b 63 2 406 206
b 138 0 182 248
m 138 14 0 182 248
m 138 31 0 182 248
m 138 46 0 182 248
m 138 52 0 182 248
m 138 59 0 182 248
m 138 74 0 182 248
m 138 118 0 182 248
m 138 154 0 182 248
m 138 157 0 182 248
m 138 194 0 182 248
m 138 195 0 182 248
m 138 209 0 182 248
b 138 1 182 248
m 138 14 1 182 248
m 138 31 1 182 248
m 138 46 1 182 248
m 138 52 1 182 248
m 138 59 1 182 248
m 138 74 1 182 248
m 138 118 1 182 248
m 138 154 1 182 248
m 138 157 1 182 248
m 138 194 1 182 248
m 138 195 1 182 248
m 138 209 1 182 248
b 22 3 469 94
b 148 3 486 112
b 181 2 295 127
m 181 206 2 295 127
b 207 0 230 257
m 207 14 0 230 257
m 207 31 0 230 257
m 207 43 0 230 257
m 207 46 0 230 257
m 207 52 0 230 257
m 207 91 0 230 257
m 207 137 0 230 257
m 207 157 0 230 257
m 207 194 0 230 257
m 207 195 0 230 257
m 207 209 0 230 257
b 207 1 230 257
m 207 14 1 230 257
m 207 31 1 230 257
m 207 43 1 230 257
m 207 46 1 230 257
m 207 52 1 230 257
m 207 91 1 230 257
m 207 137 1 230 257
m 207 157 1 230 257
m 207 194 1 230 257
m 207 195 1 230 257
m 207 209 1 230 257
b 154 0 110 228
m 154 29 0 110 228
m 154 34 0 110 228
m 154 59 0 110 228
m 154 74 0 110 228
m 154 87 0 110 228
m 154 113 0 110 228
m 154 115 0 110 228
m 154 124 0 110 228
m 154 156 0 110 228
m 154 159 0 110 228
m 154 176 0 110 228
m 154 187 0 110 228
m 154 236 0 110 228
b 154 1 110 228
m 154 29 1 110 228
m 154 34 1 110 228
m 154 59 1 110 228
m 154 74 1 110 228
m 154 87 1 110 228
m 154 113 1 110 228
m 154 115 1 110 228
m 154 124 1 110 228
m 154 156 1 110 228
m 154 159 1 110 228
m 154 176 1 110 228
m 154 187 1 110 228
m 154 236 1 110 228
b 238 0 112 63
m 238 40 0 112 63
m 238 107 0 112 63
m 238 155 0 112 63
m 238 177 0 112 63
m 238 213 0 112 63
b 238 1 112 63
m 238 40 1 112 63
m 238 107 1 112 63
m 238 155 1 112 63
m 238 177 1 112 63
m 238 213 1 112 63
b 14 0 172 247
m 14 34 0 172 247
m 14 43 0 172 247
m 14 59 0 172 247
m 14 74 0 172 247
m 14 91 0 172 247
m 14 124 0 172 247
m 14 179 0 172 247
m 14 187 0 172 247
m 14 236 0 172 247
b 14 1 172 247
m 14 34 1 172 247
m 14 43 1 172 247
m 14 59 1 172 247
m 14 74 1 172 247
m 14 91 1 172 247
m 14 124 1 172 247
m 14 179 1 172 247
m 14 187 1 172 247
m 14 236 1 172 247
b 26 3 202 188
m 26 176 3 10.833333333333334 139.5 0.44538018101577836
m 26 138 3 10.833333333333334 139.5 0.44538018101577836
m 26 157 3 10.833333333333334 139.5 0.44538018101577836
m 26 59 3 10.833333333333334 139.5 0.44538018101577836
b 92 0 307 265
m 92 12 0 307 265
m 92 20 0 307 265
m 92 69 0 307 265
m 92 108 0 307 265
m 92 140 0 307 265
m 92 141 0 307 265
m 92 171 0 307 265
m 92 182 0 307 265
m 92 199 0 307 265
m 92 214 0 307 265
m 92 222 0 307 265
b 92 1 307 265
m 92 12 1 307 265
m 92 20 1 307 265
m 92 69 1 307 265
m 92 108 1 307 265
m 92 140 1 307 265
m 92 141 1 307 265
m 92 171 1 307 265
m 92 182 1 307 265
m 92 199 1 307 265
m 92 214 1 307 265
m 92 222 1 307 265
b 111 2 397 176
b 33 3 208 34
b 66 3 233 163
m 66 151 3 9.666666666666668 126.66666666666667 0.5
m 66 181 3 9.666666666666668 126.66666666666667 0.5
b 135 3 286 174
m 135 222 3 9.399999999999999 130.6 1.0
b 5 3 137 71
m 5 147 3 12.799999999999999 182.0 0.25807331804648853
m 5 134 3 12.799999999999999 182.0 0.25807331804648853
b 31 0 218 188
m 31 59 0 218 188
b 31 1 218 188
m 31 59 1 218 188
b 48 0 166 3
b 48 1 166 3
b 31 2 219 187
b 31 3 219 187
m 31 46 3 11.142857142857142 142.85714285714286 0.5683460593289668
m 31 96 3 11.142857142857142 142.85714285714286 0.5683460593289668
m 31 59 3 11.142857142857142 142.85714285714286 0.5683460593289668
m 31 151 3 11.142857142857142 142.85714285714286 0.5683460593289668
m 31 207 3 11.142857142857142 142.85714285714286 0.5683460593289668
m 31 157 3 11.142857142857142 142.85714285714286 0.5683460593289668
b 80 0 172 2
b 80 1 172 2
b 140 0 306 252
m 140 12 0 306 252
m 140 20 0 306 252
m 140 108 0 306 252
m 140 141 0 306 252
m 140 171 0 306 252
m 140 182 0 306 252
m 140 199 0 306 252
m 140 222 0 306 252
b 140 1 306 252
m 140 12 1 306 252
m 140 20 1 306 252
m 140 108 1 306 252
m 140 141 1 306 252
m 140 171 1 306 252
m 140 182 1 306 252
m 140 199 1 306 252
m 140 222 1 306 252
b 192 0 406 212
m 192 55 0 406 212
m 192 108 0 406 212
m 192 199 0 406 212
b 192 1 406 212
m 192 55 1 406 212
m 192 108 1 406 212
m 192 199 1 406 212
b 192 2 406 212
b 195 0 199 243
m 195 34 0 199 243
m 195 43 0 199 243
m 195 59 0 199 243
m 195 74 0 199 243
m 195 91 0 199 243
m 195 236 0 199 243
b 195 1 199 243
m 195 34 1 199 243
m 195 43 1 199 243
m 195 59 1 199 243
m 195 74 1 199 243
m 195 91 1 199 243
m 195 236 1 199 243
b 129 2 245 234
b 129 3 245 235
m 129 157 3 11.142857142857142 142.85714285714286 0.5683460593289668
m 129 69 3 11.142857142857142 142.85714285714286 0.5683460593289668
m 129 173 3 11.142857142857142 142.85714285714286 0.5683460593289668
m 129 222 3 11.142857142857142 142.85714285714286 0.5683460593289668
m 129 195 3 11.142857142857142 142.85714285714286 0.5683460593289668
m 129 138 3 11.142857142857142 142.85714285714286 0.5683460593289668
m 129 207 3 11.142857142857142 142.85714285714286 0.5683460593289668
b 80 2 169 2
m 80 114 2 169 2
m 80 134 2 169 2
b 80 3 169 2
m 80 114 3 9.5 135.83333333333331 0.5
m 80 134 3 9.5 135.83333333333331 0.5
b 136 0 108 72
m 136 40 0 108 72
m 136 107 0 108 72
m 136 155 0 108 72
m 136 177 0 108 72
m 136 213 0 108 72
b 136 1 108 72
m 136 40 1 108 72
m 136 107 1 108 72
m 136 155 1 108 72
m 136 177 1 108 72
m 136 213 1 108 72
b 158 2 208 40
b 158 3 208 40
b 121 0 408 300
m 121 11 0 408 300
m 121 19 0 408 300
m 121 32 0 408 300
m 121 55 0 408 300
m 121 153 0 408 300
m 121 185 0 408 300
b 121 1 408 300
m 121 11 1 408 300
m 121 19 1 408 300
m 121 32 1 408 300
m 121 55 1 408 300
m 121 153 1 408 300
m 121 185 1 408 300
b 194 0 204 275
m 194 43 0 204 275
m 194 91 0 204 275
m 194 95 0 204 275
m 194 163 0 204 275
m 194 179 0 204 275
m 194 235 0 204 275
m 194 236 0 204 275
b 194 1 204 275
m 194 43 1 204 275
m 194 91 1 204 275
m 194 95 1 204 275
m 194 163 1 204 275
m 194 179 1 204 275
m 194 235 1 204 275
m 194 236 1 204 275
b 224 3 417 256
m 224 55 3 10.499999999999998 132.5 0.22691467706953575
m 224 166 3 10.499999999999998 132.5 0.22691467706953575
b 237 3 200 185
m 237 176 3 13.0 184.60000000000002 0.39221367310460803
b 33 2 214 37
b 209 0 268 280
m 209 12 0 268 280
m 209 58 0 268 280
m 209 171 0 268 280
m 209 182 0 268 280
m 209 235 0 268 280
b 209 1 268 280
b 26 2 197 196
b 69 0 283 270
m 69 12 0 283 270
m 69 20 0 283 270
m 69 58 0 283 270
m 69 141 0 283 270
m 69 171 0 283 270
m 69 182 0 283 270
m 69 201 0 283 270
m 69 214 0 283 270
m 69 235 0 283 270
b 69 1 283 270
m 69 12 1 283 270
m 69 20 1 283 270
m 69 58 1 283 270
m 69 141 1 283 270
m 69 171 1 283 270
m 69 182 1 283 270
m 69 201 1 283 270
m 69 214 1 283 270
m 69 235 1 283 270
b 74 0 132 211
m 74 34 0 132 211
m 74 87 0 132 211
m 74 113 0 132 211
m 74 124 0 132 211
m 74 156 0 132 211
m 74 159 0 132 211
m 74 179 0 132 211
m 74 187 0 132 211
m 74 236 0 132 211
b 74 1 132 211
b 118 0 123 298
m 118 3 0 123 298
m 118 34 0 123 298
m 118 62 0 123 298
m 118 79 0 123 298
m 118 88 0 123 298
m 118 113 0 123 298
m 118 115 0 123 298
m 118 124 0 123 298
m 118 179 0 123 298
m 118 187 0 123 298
m 118 212 0 123 298
m 118 236 0 123 298
b 118 1 123 298
m 118 3 1 123 298
m 118 34 1 123 298
m 118 62 1 123 298
m 118 79 1 123 298
m 118 88 1 123 298
m 118 113 1 123 298
m 118 115 1 123 298
m 118 124 1 123 298
m 118 179 1 123 298
m 118 187 1 123 298
m 118 212 1 123 298
m 118 236 1 123 298
b 147 0 134 105
m 147 155 0 134 105
b 147 1 134 105
m 147 155 1 134 105
b 181 3 301 115
b 206 2 242 152
b 206 3 242 152
m 206 151 3 9.142857142857142 115.14285714285714 1.0
b 22 2 461 83
b 57 2 187 0
m 57 114 2 187 0
m 57 134 2 187 0
b 60 3 228 191
m 60 173 3 9.714285714285714 118.57142857142857 0.22346511613761597
b 151 0 162 172
b 151 1 162 172
b 156 0 81 191
m 156 1 0 81 191
m 156 6 0 81 191
m 156 142 0 81 191
m 156 189 0 81 191
b 156 1 81 191
m 156 1 1 81 191
m 156 6 1 81 191
m 156 142 1 81 191
m 156 189 1 81 191
b 237 2 199 188
m 237 29 2 199 188
m 237 46 2 199 188
m 237 59 2 199 188
m 237 138 2 199 188
m 237 176 2 199 188
b 54 0 117 8
b 54 1 117 8
b 43 0 192 320
m 43 23 0 192 320
m 43 41 0 192 320
m 43 58 0 192 320
m 43 95 0 192 320
m 43 133 0 192 320
m 43 163 0 192 320
m 43 230 0 192 320
m 43 235 0 192 320
b 43 1 192 320
m 43 23 1 192 320
m 43 41 1 192 320
m 43 58 1 192 320
m 43 95 1 192 320
m 43 133 1 192 320
m 43 163 1 192 320
m 43 230 1 192 320
m 43 235 1 192 320
b 46 0 181 233
b 46 1 181 233
b 131 0 228 347
m 131 78 0 228 347
b 131 1 228 347
m 131 78 1 228 347
b 134 0 124 21
b 134 1 124 21
b 171 0 284 288
m 171 0 0 284 288
m 171 58 0 284 288
m 171 201 0 284 288
m 171 235 0 284 288
b 171 1 284 288
m 171 0 1 284 288
m 171 58 1 284 288
m 171 201 1 284 288
m 171 235 1 284 288
b 177 0 88 56
m 177 71 0 88 56
m 177 106 0 88 56
m 177 170 0 88 56
b 177 1 88 56
m 177 71 1 88 56
m 177 106 1 88 56
m 177 170 1 88 56
b 54 2 115 5
b 54 3 115 5
m 54 40 3 10.166666666666666 141.16666666666666 1.0
m 54 114 3 10.166666666666666 141.16666666666666 1.0
m 54 136 3 10.166666666666666 141.16666666666666 1.0
m 54 177 3 10.166666666666666 141.16666666666666 1.0
m 54 220 3 10.166666666666666 141.16666666666666 1.0
m 54 238 3 10.166666666666666 141.16666666666666 1.0
b 57 3 183 2
m 57 114 3 10.2 155.79999999999998 0.019607843137254832
b 187 0 97 285
m 187 3 0 97 285
m 187 62 0 97 285
m 187 79 0 97 285
m 187 88 0 97 285
m 187 142 0 97 285
m 187 212 0 97 285
b 187 1 97 285
m 187 3 1 97 285
m 187 62 1 97 285
m 187 79 1 97 285
m 187 88 1 97 285
m 187 142 1 97 285
m 187 212 1 97 285
b 222 0 310 195
b 222 1 310 195
b 236 0 153 284
m 236 3 0 153 284
m 236 79 0 153 284
m 236 88 0 153 284
m 236 163 0 153 284
b 236 1 153 284
m 236 3 1 153 284
m 236 79 1 153 284
m 236 88 1 153 284
m 236 163 1 153 284
b 5 2 125 77
m 5 40 2 125 77
m 5 114 2 125 77
m 5 134 2 125 77
m 5 136 2 125 77
m 5 147 2 125 77
m 5 155 2 125 77
m 5 177 2 125 77
m 5 220 2 125 77
m 5 238 2 125 77
b 61 2 492 30
b 64 3 179 130
m 64 29 3 9.571428571428571 122.42857142857143 1.0
b 222 3 309 194
m 222 92 3 9.333333333333332 122.33333333333333 1.0
m 222 108 3 9.333333333333332 122.33333333333333 1.0
m 222 140 3 9.333333333333332 122.33333333333333 1.0
m 222 173 3 9.333333333333332 122.33333333333333 1.0
m 222 182 3 9.333333333333332 122.33333333333333 1.0
m 222 199 3 9.333333333333332 122.33333333333333 1.0
b 64 0 180 129
b 64 1 180 129
b 137 0 255 339
m 137 78 0 255 339
b 137 1 255 339
m 137 78 1 255 339
b 29 0 148 208
b 29 1 148 208
b 52 0 177 284
m 52 3 0 177 284
m 52 79 0 177 284
m 52 163 0 177 284
b 52 1 177 284
m 52 3 1 177 284
m 52 79 1 177 284
m 52 163 1 177 284
b 157 0 219 267
b 157 1 219 267
b 168 2 497 162
b 176 0 124 161
b 176 1 124 161
b 182 0 314 241
b 182 1 314 241
b 199 0 348 209
b 199 1 348 209
b 220 0 111 97
b 220 1 111 97
b 48 2 181 9
b 48 3 181 9
b 55 0 401 268
b 55 1 401 268
b 115 0 70 310
m 115 3 0 70 310
m 115 13 0 70 310
m 115 36 0 70 310
m 115 62 0 70 310
m 115 79 0 70 310
m 115 88 0 70 310
m 115 142 0 70 310
m 115 200 0 70 310
m 115 212 0 70 310
b 115 1 70 310
m 115 3 1 70 310
m 115 13 1 70 310
m 115 36 1 70 310
m 115 62 1 70 310
m 115 79 1 70 310
m 115 88 1 70 310
m 115 142 1 70 310
m 115 200 1 70 310
m 115 212 1 70 310
b 141 0 310 268
m 141 201 0 310 268
b 141 1 310 268
m 141 201 1 310 268
b 185 0 396 346
m 185 77 0 396 346
m 185 94 0 396 346
m 185 160 0 396 346
m 185 169 0 396 346
m 185 180 0 396 346
m 185 216 0 396 346
m 185 219 0 396 346
m 185 229 0 396 346
m 185 231 0 396 346
b 185 1 396 346
m 185 77 1 396 346
m 185 94 1 396 346
m 185 160 1 396 346
m 185 169 1 396 346
m 185 180 1 396 346
m 185 216 1 396 346
m 185 219 1 396 346
m 185 229 1 396 346
m 185 231 1 396 346
b 72 0 435 201
b 72 1 435 201
b 72 2 435 201
m 72 99 2 435 201
m 72 224 2 435 201
b 96 3 212 296
m 96 179 3 11.875 161.125 0.7101228337079298
m 96 137 3 11.875 161.125 0.7101228337079298
m 96 131 3 11.875 161.125 0.7101228337079298
m 96 236 3 11.875 161.125 0.7101228337079298
m 96 41 3 11.875 161.125 0.7101228337079298
m 96 12 3 11.875 161.125 0.7101228337079298
m 96 43 3 11.875 161.125 0.7101228337079298
m 96 14 3 11.875 161.125 0.7101228337079298
m 96 52 3 11.875 161.125 0.7101228337079298
m 96 211 3 11.875 161.125 0.7101228337079298
m 96 91 3 11.875 161.125 0.7101228337079298
m 96 95 3 11.875 161.125 0.7101228337079298
b 114 0 138 6
b 114 1 138 6
b 120 2 447 53
m 120 28 2 447 53
m 120 193 2 447 53
b 213 0 45 86
m 213 71 0 45 86
m 213 73 0 45 86
m 213 106 0 45 86
m 213 128 0 45 86
b 213 1 45 86
m 213 71 1 45 86
m 213 73 1 45 86
m 213 106 1 45 86
m 213 128 1 45 86
b 113 0 118 235
m 113 142 0 118 235
b 113 1 118 235
m 113 142 1 118 235
b 64 2 180 123
m 64 147 2 180 123
b 88 0 123 308
m 88 36 0 123 308
m 88 200 0 123 308
b 88 1 123 308
m 88 36 1 123 308
m 88 200 1 123 308
b 108 0 361 230
b 108 1 361 230
b 195 3 216 235
m 195 29 3 10.625 131.125 0.2018939584348818
m 195 236 3 10.625 131.125 0.2018939584348818
b 40 0 86 53
m 40 71 0 86 53
m 40 106 0 86 53
b 40 1 86 53
b 55 3 404 265
m 55 192 3 10.285714285714285 125.14285714285714 0.23574946982429226
m 55 32 3 10.285714285714285 125.14285714285714 0.23574946982429226
b 166 0 470 297
m 166 2 0 470 297
m 166 227 0 470 297
m 166 231 0 470 297
b 166 1 470 297
m 166 2 1 470 297
m 166 227 1 470 297
m 166 231 1 470 297
b 95 0 171 360
m 95 70 0 171 360
m 95 167 0 171 360
m 95 196 0 171 360
b 95 1 171 360
m 95 70 1 171 360
m 95 167 1 171 360
m 95 196 1 171 360
b 99 0 445 263
b 99 1 445 263
b 106 0 2 83
m 106 73 0 2 83
m 106 117 0 2 83
m 106 128 0 2 83
b 106 1 2 83
m 106 73 1 2 83
m 106 117 1 2 83
m 106 128 1 2 83
b 69 3 270 261
m 69 12 3 11.375 146.125 0.6109269671612221
m 69 20 3 11.375 146.125 0.6109269671612221
m 69 194 3 11.375 146.125 0.6109269671612221
m 69 92 3 11.375 146.125 0.6109269671612221
m 69 201 3 11.375 146.125 0.6109269671612221
m 69 140 3 11.375 146.125 0.6109269671612221
m 69 182 3 11.375 146.125 0.6109269671612221
b 147 3 122 94
m 147 107 3 11.0 152.33333333333331 0.5
m 147 155 3 11.0 152.33333333333331 0.5
b 151 2 158 186
m 151 14 2 158 186
m 151 74 2 158 186
m 151 159 2 158 186
b 173 3 275 211
m 173 209 3 10.75 133.0 0.31651396468557375
m 173 211 3 10.75 133.0 0.31651396468557375
m 173 140 3 10.75 133.0 0.31651396468557375
b 1 0 12 168
m 1 4 0 12 168
m 1 73 0 12 168
m 1 128 0 12 168
b 1 1 12 168
m 1 4 1 12 168
m 1 73 1 12 168
m 1 128 1 12 168
b 107 0 82 90
m 107 128 0 82 90
b 107 1 82 90
m 107 128 1 82 90
b 138 3 151 253
m 138 194 3 11.714285714285715 160.85714285714286 0.6380010421543847
m 138 52 3 11.714285714285715 160.85714285714286 0.6380010421543847
m 138 14 3 11.714285714285715 160.85714285714286 0.6380010421543847
m 138 34 3 11.714285714285715 160.85714285714286 0.6380010421543847
m 138 154 3 11.714285714285715 160.85714285714286 0.6380010421543847
m 138 91 3 11.714285714285715 160.85714285714286 0.6380010421543847
b 155 0 87 56
b 155 1 87 56
b 34 0 157 267
b 34 1 157 267
b 59 0 181 231
b 59 1 181 231
b 87 0 91 201
b 87 1 91 201
b 124 0 82 258
b 124 1 82 258
b 177 3 100 64
m 177 213 3 9.142857142857142 122.28571428571429 0.07919847328244267
b 238 3 133 46
m 238 155 3 9.0 121.57142857142857 0.5
m 238 107 3 9.0 121.57142857142857 0.5
b 134 3 126 37
m 134 155 3 10.833333333333332 151.83333333333331 1.0
b 153 0 374 345
m 153 77 0 374 345
m 153 94 0 374 345
m 153 160 0 374 345
m 153 169 0 374 345
m 153 180 0 374 345
m 153 216 0 374 345
m 153 229 0 374 345
b 153 1 374 345
m 153 77 1 374 345
m 153 94 1 374 345
m 153 160 1 374 345
m 153 169 1 374 345
m 153 180 1 374 345
m 153 216 1 374 345
m 153 229 1 374 345
b 159 0 97 184
b 159 1 97 184
b 163 0 156 322
m 163 70 0 156 322
m 163 167 0 156 322
b 163 1 156 322
m 163 70 1 156 322
m 163 167 1 156 322
b 177 2 101 65
b 179 0 153 272
b 179 1 153 272
b 238 2 134 45
m 238 107 2 134 45
b 3 0 108 269
m 3 200 0 108 269
b 3 1 108 269
b 12 0 261 271
b 12 1 261 271
b 20 0 293 338
m 20 78 0 293 338
b 20 1 293 338
m 20 78 1 293 338
b 46 3 193 244
m 46 113 3 10.875 135.125 0.4042346644829608
m 46 52 3 10.875 135.125 0.4042346644829608
m 46 179 3 10.875 135.125 0.4042346644829608
m 46 236 3 10.875 135.125 0.4042346644829608
b 140 3 311 226
m 140 141 3 8.857142857142856 110.0 0.5852126748501287
m 140 171 3 8.857142857142856 110.0 0.5852126748501287
b 176 3 113 156
m 176 154 3 10.142857142857144 124.71428571428571 0.2553793641747226
m 176 87 3 10.142857142857144 124.71428571428571 0.2553793641747226
b 214 0 343 347
m 214 160 0 343 347
m 214 180 0 343 347
m 214 183 0 343 347
m 214 216 0 343 347
m 214 229 0 343 347
b 214 1 343 347
m 214 160 1 343 347
m 214 180 1 343 347
m 214 183 1 343 347
m 214 216 1 343 347
m 214 229 1 343 347
b 71 0 0 36
m 71 117 0 0 36
b 71 1 0 36
b 91 0 181 264
b 91 1 181 264
b 207 3 245 288
m 207 43 3 11.125 140.125 0.5284803962388308
m 207 91 3 11.125 140.125 0.5284803962388308
m 207 137 3 11.125 140.125 0.5284803962388308
m 207 141 3 11.125 140.125 0.5284803962388308
m 207 52 3 11.125 140.125 0.5284803962388308
m 207 194 3 11.125 140.125 0.5284803962388308
b 230 0 143 355
m 230 67 0 143 355
m 230 70 0 143 355
m 230 167 0 143 355
m 230 196 0 143 355
b 230 1 143 355
b 94 0 380 409
m 94 83 0 380 409
m 94 110 0 380 409
m 94 152 0 380 409
m 94 161 0 380 409
m 94 190 0 380 409
m 94 205 0 380 409
m 94 228 0 380 409
b 94 1 380 409
m 94 83 1 380 409
m 94 110 1 380 409
m 94 152 1 380 409
m 94 161 1 380 409
m 94 190 1 380 409
m 94 205 1 380 409
m 94 228 1 380 409
b 157 3 226 279
m 157 34 3 10.0 123.14285714285714 0.127053680061792
b 13 0 10 304
m 13 16 0 10 304
m 13 65 0 10 304
b 13 1 10 304
m 13 16 1 10 304
m 13 65 1 10 304
b 58 0 252 370
m 58 78 0 252 370
b 59 3 186 233
m 59 74 3 9.857142857142858 121.85714285714286 0.25
m 59 113 3 9.857142857142858 121.85714285714286 0.25
b 73 0 8 164
m 73 4 0 8 164
b 73 1 8 164
m 73 4 1 8 164
b 134 2 126 41
b 151 3 155 193
m 151 74 3 8.714285714285715 109.85714285714286 0.680351221334828
m 151 159 3 8.714285714285715 109.85714285714286 0.680351221334828
m 151 113 3 8.714285714285715 109.85714285714286 0.680351221334828
b 182 3 304 230
m 182 141 3 8.571428571428571 107.14285714285715 0.25
b 189 0 2 160
m 189 4 0 2 160
b 189 1 2 160
m 189 4 1 2 160
b 199 3 344 195
m 199 63 3 8.285714285714285 105.42857142857143 0.5
b 36 0 67 328
m 36 16 0 67 328
m 36 65 0 67 328
m 36 186 0 67 328
b 36 1 67 328
m 36 16 1 67 328
m 36 65 1 67 328
m 36 186 1 67 328
b 58 1 252 370
b 79 0 116 270
b 79 1 116 270
b 235 0 268 292
m 235 102 0 268 292
b 235 1 268 292
b 14 3 169 213
m 14 34 3 11.0 145.0 0.25
m 14 194 3 11.0 145.0 0.25
b 136 3 105 44
m 136 213 3 9.142857142857142 122.28571428571429 0.07919847328244267
b 142 0 85 231
m 142 4 0 85 231
b 142 1 85 231
m 142 4 1 85 231
b 211 3 285 286
m 211 171 3 11.222222222222221 147.22222222222223 0.16666666666666666
m 211 141 3 11.222222222222221 147.22222222222223 0.16666666666666666
b 224 2 392 266
b 6 0 68 216
m 6 4 0 68 216
b 6 1 68 216
m 6 4 1 68 216
b 32 0 372 302
b 32 1 372 302
b 41 0 189 330
m 41 78 0 189 330
b 41 1 189 330
b 136 2 105 43
b 0 0 306 380
m 0 35 0 306 380
m 0 102 0 306 380
m 0 164 0 306 380
m 0 183 0 306 380
m 0 218 0 306 380
b 0 1 306 380
m 0 35 1 306 380
m 0 102 1 306 380
m 0 164 1 306 380
m 0 183 1 306 380
m 0 218 1 306 380
b 43 3 168 321
m 43 167 3 11.88888888888889 159.22222222222223 0.4283176034477881
m 43 133 3 11.88888888888889 159.22222222222223 0.4283176034477881
m 43 70 3 11.88888888888889 159.22222222222223 0.4283176034477881
m 43 34 3 11.88888888888889 159.22222222222223 0.4283176034477881
b 46 2 198 249
m 46 14 2 198 249
m 46 34 2 198 249
m 46 52 2 198 249
m 46 74 2 198 249
m 46 91 2 198 249
m 46 96 2 198 249
m 46 113 2 198 249
m 46 157 2 198 249
m 46 179 2 198 249
m 46 194 2 198 249
m 46 195 2 198 249
m 46 207 2 198 249
m 46 236 2 198 249
b 138 2 141 255
b 160 0 356 401
m 160 35 0 356 401
m 160 110 0 356 401
m 160 152 0 356 401
m 160 161 0 356 401
m 160 183 0 356 401
m 160 205 0 356 401
m 160 228 0 356 401
b 160 1 356 401
m 160 35 1 356 401
m 160 110 1 356 401
m 160 152 1 356 401
m 160 161 1 356 401
m 160 183 1 356 401
m 160 205 1 356 401
m 160 228 1 356 401
b 200 0 75 312
m 200 16 0 75 312
m 200 65 0 75 312
b 200 1 75 312
b 236 3 175 280
m 236 34 3 11.444444444444445 150.33333333333334 0.125
m 236 3 3 11.444444444444445 150.33333333333334 0.125
b 11 0 486 375
m 11 10 0 486 375
b 11 1 486 375
m 11 10 1 486 375
b 19 0 448 294
b 19 1 448 294
b 95 3 159 364
m 95 70 3 11.555555555555555 152.22222222222223 0.12109495966512565
m 95 23 3 11.555555555555555 152.22222222222223 0.12109495966512565
b 108 3 362 215
m 108 63 3 8.285714285714285 105.42857142857143 0.5
b 219 0 420 382
m 219 10 0 420 382
m 219 83 0 420 382
m 219 110 0 420 382
m 219 149 0 420 382
m 219 190 0 420 382
m 219 205 0 420 382
m 219 228 0 420 382
b 219 1 420 382
m 219 10 1 420 382
m 219 83 1 420 382
m 219 110 1 420 382
m 219 149 1 420 382
m 219 190 1 420 382
m 219 205 1 420 382
m 219 228 1 420 382
b 40 3 94 40
m 40 213 3 8.857142857142856 121.14285714285714 1.0
b 128 0 26 135
b 128 1 26 135
b 147 2 112 85
b 154 3 74 210
m 154 6 3 11.875 161.875 0.44825444341043774
m 154 187 3 11.875 161.875 0.44825444341043774
m 154 87 3 11.875 161.875 0.44825444341043774
m 154 79 3 11.875 161.875 0.44825444341043774
m 154 124 3 11.875 161.875 0.44825444341043774
m 154 74 3 11.875 161.875 0.44825444341043774
b 166 3 468 312
m 166 2 3 9.857142857142856 118.71428571428571 0.13031824736192335
b 169 0 401 387
m 169 83 0 401 387
m 169 110 0 401 387
m 169 152 0 401 387
m 169 161 0 401 387
m 169 183 0 401 387
m 169 205 0 401 387
m 169 228 0 401 387
b 169 1 401 387
b 212 0 40 248
b 212 1 40 248
b 216 0 378 363
m 216 183 0 378 363
b 216 1 378 363
m 216 183 1 378 363
b 14 2 169 208
b 28 2 433 33
b 29 2 140 229
b 40 2 94 39
b 74 2 136 181
m 74 87 2 136 181
m 74 113 2 136 181
m 74 142 2 136 181
m 74 154 2 136 181
m 74 156 2 136 181
b 176 2 104 151
b 62 0 120 314
b 62 1 120 314
b 114 2 145 13
b 114 3 145 13
b 192 3 440 197
m 192 72 3 9.5 111.5 0.25
m 192 63 3 9.5 111.5 0.25
b 77 0 424 372
m 77 10 0 424 372
m 77 83 0 424 372
m 77 228 0 424 372
b 77 1 424 372
m 77 10 1 424 372
m 77 83 1 424 372
m 77 228 1 424 372
b 133 0 186 384
m 133 78 0 186 384
b 133 1 186 384
m 133 78 1 186 384
b 171 3 260 271
m 171 235 3 7.874999999999999 96.375 1.0
b 201 0 313 289
b 201 1 313 289
b 59 2 195 237
b 155 2 95 42
m 155 117 2 95 42
m 155 213 2 95 42
b 4 0 25 230
b 4 1 25 230
b 41 3 187 322
m 41 78 3 11.875 161.125 -1.0
b 29 3 138 233
m 29 3 3 8.875 109.125 1.0
m 29 79 3 8.875 109.125 1.0
m 29 124 3 8.875 109.125 1.0
m 29 142 3 8.875 109.125 1.0
b 170 0 1 4
b 170 1 1 4
b 190 0 475 443
m 190 10 0 475 443
m 190 42 0 475 443
m 190 68 0 475 443
m 190 149 0 475 443
m 190 162 0 475 443
m 190 184 0 475 443
m 190 198 0 475 443
m 190 203 0 475 443
m 190 233 0 475 443
b 190 1 475 443
m 190 10 1 475 443
m 190 42 1 475 443
m 190 68 1 475 443
m 190 149 1 475 443
m 190 162 1 475 443
m 190 184 1 475 443
m 190 198 1 475 443
m 190 203 1 475 443
m 190 233 1 475 443
b 183 0 348 387
m 183 35 0 348 387
m 183 164 0 348 387
b 183 1 348 387
m 183 35 1 348 387
m 183 164 1 348 387
b 220 3 111 125
m 220 156 3 8.857142857142856 121.14285714285714 1.0
b 231 0 497 323
m 231 10 0 497 323
b 231 1 497 323
b 2 0 482 321
m 2 10 0 482 321
b 2 1 482 321
m 2 10 1 482 321
b 23 0 203 342
m 23 78 0 203 342
b 23 1 203 342
m 23 78 1 203 342
b 74 3 137 175
m 74 6 3 9.0 107.75 0.17811082766439912
b 92 3 351 279
m 92 121 3 8.714285714285714 108.42857142857143 0.29879587987813716
b 131 3 235 380
m 131 78 3 11.875 161.125 -1.0
b 194 3 203 236
b 220 2 111 126
b 110 0 410 460
m 110 42 0 410 460
m 110 47 0 410 460
m 110 68 0 410 460
m 110 116 0 410 460
m 110 125 0 410 460
m 110 184 0 410 460
m 110 188 0 410 460
m 110 198 0 410 460
b 110 1 410 460
m 110 42 1 410 460
m 110 47 1 410 460
m 110 68 1 410 460
m 110 116 1 410 460
m 110 125 1 410 460
m 110 184 1 410 460
m 110 188 1 410 460
m 110 198 1 410 460
b 117 0 23 55
b 117 1 23 55
b 137 3 251 370
m 137 78 3 11.875 161.125 -1.0
b 209 3 307 277
m 209 235 3 9.666666666666666 118.33333333333334 1.0
b 229 0 343 338
b 229 1 343 338
b 70 0 147 361
m 70 39 0 147 361
m 70 89 0 147 361
b 70 1 147 361
b 141 3 283 256
m 141 235 3 7.874999999999999 96.375 1.0
b 179 3 165 256
m 179 79 3 11.0 145.0 0.25
m 179 62 3 11.0 145.0 0.25
b 186 0 62 378
m 186 21 0 62 378
m 186 39 0 62 378
m 186 84 0 62 378
m 186 86 0 62 378
m 186 89 0 62 378
m 186 101 0 62 378
b 186 1 62 378
m 186 21 1 62 378
m 186 39 1 62 378
m 186 84 1 62 378
m 186 86 1 62 378
m 186 89 1 62 378
m 186 101 1 62 378
b 213 3 22 71
m 213 128 3 8.625 110.125 0.11320825245485043
b 12 3 255 252
m 12 235 3 10.666666666666666 143.33333333333334 1.0
b 152 0 389 435
m 152 37 0 389 435
m 152 42 0 389 435
m 152 47 0 389 435
m 152 116 0 389 435
m 152 125 0 389 435
m 152 184 0 389 435
m 152 188 0 389 435
b 152 1 389 435
m 152 37 1 389 435
m 152 42 1 389 435
m 152 47 1 389 435
m 152 116 1 389 435
m 152 125 1 389 435
m 152 184 1 389 435
m 152 188 1 389 435
b 196 0 239 353
m 196 78 0 239 353
b 196 1 239 353
m 196 78 1 239 353
b 180 0 408 365
b 180 1 408 365
b 10 0 479 355
m 10 162 0 479 355
b 10 1 479 355
m 10 162 1 479 355
b 32 3 364 288
m 32 121 3 9.875 115.625 0.18081909890331538
m 32 216 3 9.875 115.625 0.18081909890331538
b 52 3 199 311
m 52 78 3 11.875 161.125 -1.0
b 154 2 62 204
b 156 2 80 150
b 167 0 141 381
m 167 39 0 141 381
m 167 89 0 141 381
m 167 143 0 141 381
b 167 1 141 381
m 167 39 1 141 381
m 167 67 1 141 381
m 167 89 1 141 381
m 167 143 1 141 381
b 83 0 447 435
m 83 42 0 447 435
m 83 68 0 447 435
m 83 116 0 447 435
m 83 162 0 447 435
m 83 184 0 447 435
m 83 188 0 447 435
m 83 198 0 447 435
m 83 203 0 447 435
m 83 233 0 447 435
b 83 1 447 435
m 83 42 1 447 435
m 83 68 1 447 435
m 83 116 1 447 435
m 83 162 1 447 435
m 83 184 1 447 435
m 83 188 1 447 435
m 83 198 1 447 435
m 83 203 1 447 435
m 83 233 1 447 435
b 99 2 432 238
m 99 19 2 432 238
m 99 55 2 432 238
b 107 3 103 75
b 113 3 148 231
m 113 142 3 9.777777777777777 120.22222222222223 1.0
b 155 3 99 34
m 155 117 3 9.571428571428571 130.7142857142857 0.01492537313432818
b 236 2 191 278
b 63 3 349 199
b 96 2 221 328
m 96 78 2 221 328
b 193 2 454 2
b 195 2 244 222
b 20 3 272 351
m 20 78 3 11.375 146.125 -1.0
b 91 3 171 242
m 91 163 3 10.777777777777777 143.66666666666669 0.5
m 91 88 3 10.777777777777777 143.66666666666669 0.5
b 187 3 60 298
m 187 212 3 11.444444444444445 151.0 0.19331879535593371
m 187 115 3 11.444444444444445 151.0 0.19331879535593371
b 34 3 185 266
m 34 88 3 10.625 141.875 0.3333333333333333
b 67 0 123 403
m 67 21 0 123 403
m 67 24 0 123 403
m 67 39 0 123 403
m 67 45 0 123 403
m 67 85 0 123 403
m 67 86 0 123 403
m 67 89 0 123 403
m 67 93 0 123 403
m 67 139 0 123 403
m 67 143 0 123 403
m 67 215 0 123 403
m 67 221 0 123 403
b 107 2 106 74
b 149 0 499 426
m 149 162 0 499 426
m 149 203 0 499 426
m 149 233 0 499 426
b 149 1 499 426
m 149 162 1 499 426
m 149 203 1 499 426
m 149 233 1 499 426
b 159 2 110 161
b 227 0 493 389
b 227 1 493 389
b 3 3 115 242
m 3 118 3 10.8 137.8 0.05620740740740737
b 16 0 16 367
m 16 101 0 16 367
b 16 1 16 367
m 16 101 1 16 367
b 198 0 442 463
m 198 116 0 442 463
m 198 188 0 442 463
b 198 1 442 463
m 198 116 1 442 463
m 198 188 1 442 463
b 156 3 80 144
m 156 1 3 7.999999999999999 106.5 1.0
m 156 128 3 7.999999999999999 106.5 1.0
b 194 2 202 225
m 194 12 2 202 225
m 194 69 2 202 225
m 194 171 2 202 225
b 201 3 311 273
m 201 229 3 10.333333333333332 130.33333333333334 0.5
m 201 153 3 10.333333333333332 130.33333333333334 0.5
b 87 3 112 178
b 161 0 384 431
b 161 1 384 431
b 205 0 345 432
m 205 126 0 345 432
b 205 1 345 432
m 205 126 1 345 432
b 113 2 155 230
b 70 3 154 351
m 70 78 3 11.88888888888889 159.22222222222223 -1.0
b 164 0 302 415
m 164 75 0 302 415
m 164 97 0 302 415
m 164 126 0 302 415
m 164 127 0 302 415
m 164 146 0 302 415
b 164 1 302 415
b 2 3 482 306
m 2 11 3 9.374999999999998 108.375 0.1360235186637524
b 35 0 302 450
m 35 75 0 302 450
m 35 97 0 302 450
m 35 126 0 302 450
m 35 127 0 302 450
m 35 146 0 302 450
b 35 1 302 450
m 35 75 1 302 450
m 35 97 1 302 450
m 35 126 1 302 450
m 35 127 1 302 450
m 35 146 1 302 450
b 84 0 64 453
m 84 38 0 64 453
m 84 45 0 64 453
m 84 85 0 64 453
m 84 112 0 64 453
m 84 139 0 64 453
b 84 1 64 453
b 121 3 356 287
m 121 153 3 8.125 96.875 0.2410552389958016
b 218 0 229 417
m 218 78 0 229 417
b 218 1 229 417
b 65 0 3 326
b 65 1 3 326
b 79 3 114 241
m 79 163 3 11.0 145.66666666666666 0.25
m 79 118 3 11.0 145.66666666666666 0.25
b 159 3 113 155
b 228 0 376 430
b 228 1 376 430
b 6 3 89 235
m 6 4 3 10.777777777777777 144.33333333333334 0.5
m 6 212 3 10.777777777777777 144.33333333333334 0.5
b 39 0 113 376
b 39 1 113 376
b 142 2 105 210
m 142 3 2 105 210
m 142 4 2 105 210
m 142 6 2 105 210
m 142 79 2 105 210
m 142 124 2 105 210
m 142 212 2 105 210
b 167 3 129 378
m 167 39 3 11.5 149.70000000000002 0.2336071005387178
m 167 21 3 11.5 149.70000000000002 0.2336071005387178
b 207 2 259 318
b 213 2 9 62
b 233 0 491 469
b 233 1 491 469
b 179 2 175 244
m 179 3 2 175 244
m 179 41 2 175 244
m 179 62 2 175 244
m 179 88 2 175 244
b 34 2 195 266
m 34 12 2 195 266
m 34 41 2 195 266
m 34 62 2 195 266
m 34 69 2 195 266
m 34 88 2 195 266
m 34 171 2 195 266
b 117 2 31 71
m 117 71 2 31 71
m 117 106 2 31 71
m 117 170 2 31 71
b 133 3 166 396
m 133 78 3 11.88888888888889 159.22222222222223 -1.0
b 37 0 314 493
m 37 75 0 314 493
m 37 97 0 314 493
m 37 126 0 314 493
b 37 1 314 493
m 37 75 1 314 493
m 37 97 1 314 493
m 37 126 1 314 493
b 89 0 135 400
b 89 1 135 400
m 89 93 1 135 400
m 89 221 1 135 400
b 102 0 223 342
m 102 78 0 223 342
b 128 3 32 163
m 128 1 3 8.11111111111111 99.66666666666666 0.09068348476721116
b 24 0 171 470
m 24 76 0 171 470
m 24 104 0 171 470
m 24 172 0 171 470
m 24 210 0 171 470
b 47 0 357 439
m 47 126 0 357 439
b 47 1 357 439
m 47 126 1 357 439
b 52 2 209 323
b 88 3 166 320
m 88 78 3 10.777777777777777 143.66666666666669 -1.0
b 124 3 45 245
m 124 4 3 10.777777777777777 144.33333333333334 0.5
b 157 2 244 311
b 235 3 290 266
b 55 2 439 236
b 87 2 119 171
b 125 0 313 496
m 125 75 0 313 496
m 125 97 0 313 496
m 125 126 0 313 496
b 125 1 313 496
b 142 3 108 206
m 142 4 3 8.0 97.11111111111111 1.0
b 102 1 221 340
m 102 78 1 221 340
b 116 0 347 472
m 116 75 0 347 472
m 116 126 0 347 472
b 116 1 347 472
b 162 0 489 449
b 162 1 489 449
b 171 2 238 254
m 171 141 2 238 254
m 171 182 2 238 254
m 171 235 2 238 254
b 188 0 438 479
b 188 1 438 479
b 42 0 419 452
b 42 1 419 452
b 68 0 469 459
b 68 1 469 459
b 91 2 165 227
b 216 3 391 392
m 216 152 3 10.444444444444445 127.77777777777777 0.2731176945217765
m 216 160 3 10.444444444444445 127.77777777777777 0.2731176945217765
m 216 161 3 10.444444444444445 127.77777777777777 0.2731176945217765
m 216 205 3 10.444444444444445 127.77777777777777 0.2731176945217765
m 216 169 3 10.444444444444445 127.77777777777777 0.2731176945217765
b 23 3 191 320
m 23 78 3 11.555555555555555 152.22222222222223 -1.0
b 86 0 78 413
b 86 1 78 413
m 86 38 1 78 413
m 86 85 1 78 413
m 86 139 1 78 413
b 1 3 45 134
m 1 73 3 7.444444444444444 95.66666666666667 1.0
m 1 106 3 7.444444444444444 95.66666666666667 1.0
m 1 189 3 7.444444444444444 95.66666666666667 1.0
b 45 0 129 464
m 45 76 0 129 464
m 45 172 0 129 464
b 72 3 425 148
m 72 150 3 8.666666666666666 99.55555555555556 0.01162644544997482
b 139 0 116 455
m 139 172 0 116 455
b 203 0 488 498
b 203 1 488 498
b 38 0 57 481
b 85 0 69 466
b 115 3 66 366
m 115 200 3 11.200000000000001 144.0 0.21954807686110636
b 117 3 36 80
m 117 71 3 8.75 115.49999999999999 0.025055148784379686
b 163 3 118 294
m 163 230 3 10.0 130.20000000000002 0.6750445930880714
m 163 200 3 10.0 130.20000000000002 0.6750445930880714
m 163 36 3 10.0 130.20000000000002 0.6750445930880714
b 67 1 108 389
m 67 45 1 108 389
m 67 93 1 108 389
m 67 139 1 108 389
m 67 221 1 108 389
b 69 2 228 230
m 69 141 2 228 230
m 69 182 2 228 230
m 69 235 2 228 230
b 88 2 176 323
m 88 78 2 176 323
b 106 2 7 135
m 106 1 2 7 135
m 106 73 2 7 135
m 106 128 2 7 135
m 106 189 2 7 135
b 112 0 0 459
b 39 3 115 361
m 39 89 3 11.090909090909092 140.5454545454546 0.207904991099564
m 39 67 3 11.090909090909092 140.5454545454546 0.207904991099564
b 153 3 348 302
m 153 185 3 9.6 118.2 0.6752893518518519
m 153 214 3 9.6 118.2 0.6752893518518519
b 184 0 414 463
b 184 1 414 463
b 62 3 159 307
m 62 78 3 11.0 145.0 -1.0
b 118 3 59 328
m 118 13 3 10.363636363636363 128.54545454545453 0.06699233473008853
b 4 2 50 257
b 4 3 50 257
m 4 189 3 9.899999999999999 130.3 0.5092858703507621
m 4 73 3 9.899999999999999 130.3 0.5092858703507621
b 101 0 1 436
b 101 1 1 436
m 101 38 1 1 436
m 101 112 1 1 436
b 143 0 138 429
b 143 1 138 429
b 21 0 103 400
b 21 1 103 400
m 21 85 1 103 400
m 21 139 1 103 400
b 76 0 165 467
b 97 0 230 467
b 19 2 449 249
b 97 1 229 467
m 97 104 1 229 467
b 3 2 121 216
m 3 163 2 121 216
m 3 200 2 121 216
b 71 2 53 25
b 212 3 13 212
m 212 189 3 10.5 136.3 0.5
m 212 73 3 10.5 136.3 0.5
b 215 0 129 498
b 75 0 326 487
b 93 0 119 455
b 221 0 166 423
b 73 3 6 216
b 75 1 327 487
b 106 3 8 143
b 229 3 342 300
m 229 185 3 9.499999999999998 117.7 0.5096198830409356
b 12 2 244 216
b 38 1 60 470
m 38 112 1 60 470
b 150 3 402 89
m 150 28 3 7.8999999999999995 89.69999999999999 2.943403911386072E-4
b 182 2 268 189
m 182 140 2 268 189
m 182 173 2 268 189
m 182 222 2 268 189
b 41 2 176 279
m 41 23 2 176 279
m 41 70 2 176 279
m 41 102 2 176 279
m 41 163 2 176 279
b 79 2 113 216
m 79 163 2 113 216
m 79 200 2 113 216
b 160 3 316 432
m 160 75 3 10.700000000000001 131.9 0.22848907444935823
m 160 126 3 10.700000000000001 131.9 0.22848907444935823
m 160 164 3 10.700000000000001 131.9 0.22848907444935823
b 6 2 107 252
m 6 163 2 107 252
m 6 200 2 107 252
b 141 2 246 241
m 141 201 2 246 241
b 152 3 425 419
m 152 47 3 10.6 129.4 0.20564345277376675
m 152 228 3 10.6 129.4 0.20564345277376675
m 152 68 3 10.6 129.4 0.20564345277376675
b 36 3 123 322
m 36 186 3 9.272727272727273 118.72727272727275 0.35572478116728756
b 73 2 5 220
b 169 3 420 340
m 169 10 3 9.9 117.5 0.2
m 169 180 3 9.9 117.5 0.2
b 104 0 158 490
b 185 3 326 334
m 185 0 3 8.818181818181818 107.54545454545455 1.0
b 11 3 496 428
m 11 198 3 9.555555555555554 109.77777777777777 0.19835564904508082
m 11 188 3 9.555555555555554 109.77777777777777 0.19835564904508082
b 139 1 131 446
m 139 24 1 131 446
m 139 76 1 131 446
m 139 104 1 131 446
m 139 172 1 131 446
m 139 215 1 131 446
b 13 3 42 355
m 13 65 3 9.833333333333334 119.16666666666664 0.036006414692479415
b 85 1 53 462
b 124 2 21 236
b 126 0 353 470
b 126 1 353 470
b 127 0 293 399
b 200 3 123 283
m 200 186 3 10.272727272727275 131.0 1.0
b 212 2 8 204
b 1 2 59 119
b 71 3 63 22
m 71 170 3 7.888888888888888 102.77777777777777 1.0
b 127 1 294 399
b 146 0 255 492
b 230 3 88 325
m 230 186 3 9.181818181818183 118.45454545454548 1.0
b 146 1 256 493
b 45 1 148 455
m 45 24 1 148 455
m 45 76 1 148 455
m 45 172 1 148 455
m 45 210 1 148 455
m 45 215 1 148 455
b 62 2 175 305
m 62 78 2 175 305
b 93 1 109 450
m 93 24 1 109 450
m 93 76 1 109 450
m 93 172 1 109 450
m 93 210 1 109 450
m 93 215 1 109 450
b 128 2 37 191
b 189 3 24 219
b 210 0 169 420
b 221 1 162 412
m 221 24 1 162 412
m 221 76 1 162 412
m 221 172 1 162 412
m 221 210 1 162 412
b 235 2 308 245
m 235 32 2 308 245
m 235 121 2 308 245
m 235 153 2 308 245
m 235 201 2 308 245
m 235 209 2 308 245
m 235 229 2 308 245
b 21 3 112 388
m 21 86 3 11.090909090909092 140.5454545454546 0.207904991099564
b 89 3 157 381
m 89 78 3 11.090909090909092 140.5454545454546 -1.0
b 112 1 18 468
b 161 3 421 418
m 161 0 3 10.5 127.1 0.1780881070880631
m 161 110 3 10.5 127.1 0.1780881070880631
b 170 2 44 21
b 205 3 308 418
m 205 116 3 10.700000000000001 131.9 0.22848907444935823
m 205 37 3 10.700000000000001 131.9 0.22848907444935823
m 205 0 3 10.700000000000001 131.9 0.22848907444935823
b 172 0 155 450
b 189 2 25 223
b 140 2 325 157
b 200 2 130 279
b 222 2 272 117
m 222 199 2 272 117
b 10 3 470 304
m 10 77 3 9.272727272727273 107.63636363636363 0.07466652088344637
b 24 1 203 452
m 24 210 1 203 452
b 67 3 88 371
m 67 86 3 10.416666666666668 129.58333333333337 0.3333333333333333
b 198 3 435 416
m 198 42 3 9.599999999999998 108.8 0.18174537924699677
m 198 162 3 9.599999999999998 108.8 0.18174537924699677
b 163 2 95 277
b 186 3 98 336
m 186 86 3 8.583333333333334 108.91666666666669 0.006907277304219094
b 28 3 402 91
b 76 1 143 458
m 76 210 1 143 458
b 104 1 143 489
b 173 2 317 141
b 214 3 417 371
m 214 77 3 9.09090909090909 108.9090909090909 0.8589979025987314
m 214 219 3 9.09090909090909 108.9090909090909 0.8589979025987314
m 214 183 3 9.09090909090909 108.9090909090909 0.8589979025987314
m 214 42 3 9.09090909090909 108.9090909090909 0.8589979025987314
b 47 3 336 403
m 47 42 3 10.272727272727273 122.0909090909091 0.06890233451937967
b 121 2 308 275
b 70 2 181 307
m 70 78 2 181 307
b 75 3 352 479
m 75 94 3 10.000000000000002 120.72727272727272 0.3333333333333333
b 164 3 273 374
m 164 127 3 9.90909090909091 120.27272727272727 0.5
b 110 3 475 471
m 110 83 3 10.272727272727272 121.36363636363636 0.11771314625504817
b 188 3 474 454
m 188 190 3 9.399999999999999 105.2 0.13169240191855228
m 188 83 3 9.399999999999999 105.2 0.13169240191855228
b 0 3 368 428
m 0 42 3 8.583333333333334 101.58333333333333 1.0
m 0 94 3 8.583333333333334 101.58333333333333 1.0
m 0 125 3 8.583333333333334 101.58333333333333 1.0
m 0 183 3 8.583333333333334 101.58333333333333 1.0
m 0 184 3 8.583333333333334 101.58333333333333 1.0
b 37 3 319 445
m 37 94 3 10.181818181818183 122.18181818181817 0.2
m 37 35 3 10.181818181818183 122.18181818181817 0.2
b 68 3 497 429
m 68 83 3 10.272727272727273 122.0909090909091 0.06890233451937967
b 153 2 328 270
b 199 2 325 112
m 199 108 2 325 112
b 209 2 377 272
m 209 92 2 377 272
b 116 3 299 460
m 116 94 3 10.090909090909092 121.36363636363636 0.25
m 116 35 3 10.090909090909092 121.36363636363636 0.25
b 215 1 93 497
b 228 3 325 405
m 228 125 3 9.90909090909091 118.45454545454545 0.3333333333333333
b 86 3 81 365
b 102 2 181 308
m 102 78 2 181 308
b 180 3 469 397
m 180 83 3 9.454545454545455 109.09090909090908 0.20607663711752933
m 180 184 3 9.454545454545455 109.09090909090908 0.20607663711752933
b 201 2 306 210
b 23 2 167 276
b 126 3 380 459
m 126 125 3 10.000000000000002 120.72727272727272 0.3333333333333333
b 65 3 57 301
b 172 1 146 428
b 32 2 331 225
b 94 3 300 453
m 94 125 3 9.416666666666668 111.41666666666667 0.34058444861008175
b 183 3 417 422
m 183 184 3 8.499999999999998 100.16666666666666 0.030618233036663202
b 210 1 149 400
b 229 2 341 262
b 77 3 475 305
m 77 149 3 8.666666666666666 99.0 0.03928405998847892
b 170 3 70 31
b 219 3 403 296
b 190 3 442 438
m 190 203 3 8.818181818181818 96.45454545454545 0.3333333333333333
b 162 3 471 494
m 162 227 3 8.999999999999998 99.72727272727272 0.3333333333333333
b 42 3 392 400
b 83 3 475 436
b 125 3 290 433
m 125 146 3 8.076923076923077 94.07692307692308 0.5
b 35 3 233 485
m 35 58 3 9.666666666666668 113.33333333333333 0.15626959247648903
b 108 2 373 113
b 127 3 327 361
b 149 3 484 339
b 92 2 448 311
b 184 3 403 393
b 203 3 433 446
m 203 233 3 8.166666666666668 88.5 1.0
b 227 3 484 494
m 227 233 3 8.333333333333332 91.5 1.0
b 58 3 181 479
m 58 139 3 9.307692307692308 106.53846153846153 0.19076260326621594
b 146 3 289 438
m 146 24 3 7.571428571428571 87.42857142857143 0.00943396226415083
b 233 3 473 465
b 24 3 269 414
m 24 45 3 7.133333333333333 81.66666666666666 0.00952213013577841
b 139 3 209 399
m 139 45 3 8.785714285714286 99.21428571428572 0.5
m 139 97 3 8.785714285714286 99.21428571428572 0.5
b 45 3 243 411
b 97 3 112 435
m 97 101 3 8.533333333333335 94.26666666666667 0.8047763625592417
m 97 218 3 8.533333333333335 94.26666666666667 0.8047763625592417
b 218 3 75 479
m 218 84 3 8.312500000000002 89.9375 0.8229856758294171
m 218 85 3 8.312500000000002 89.9375 0.8229856758294171
m 218 112 3 8.312500000000002 89.9375 0.8229856758294171
m 218 104 3 8.312500000000002 89.9375 0.8229856758294171
b 101 3 121 471
m 101 85 3 8.062500000000002 88.4375 1.0
b 84 3 34 490
m 84 215 3 7.941176470588236 84.88235294117646 0.5
m 84 16 3 7.941176470588236 84.88235294117646 0.5
b 112 3 6 496
m 112 215 3 7.941176470588236 84.88235294117646 0.5
m 112 16 3 7.941176470588236 84.88235294117646 0.5
b 85 3 92 490
m 85 215 3 7.882352941176472 84.70588235294117 1.0
b 104 3 3 482
m 104 16 3 7.941176470588236 84.88235294117646 0.5
m 104 215 3 7.941176470588236 84.88235294117646 0.5
b 16 3 23 445
m 16 76 3 7.666666666666669 80.66666666666667 0.672417231751097
m 16 143 3 7.666666666666669 80.66666666666667 0.672417231751097
b 215 3 47 473
m 215 143 3 7.555555555555557 80.22222222222223 0.007352941176470562
b 76 3 5 376
m 76 93 3 7.3157894736842115 76.47368421052632 1.0
b 143 3 48 445
b 93 3 92 392
