Key: 
t: node change direction (node id, x, y, new direction)
s: node start location (node id, x, y, start direction, buffer)
m: message transfer (sender id, target id, messageType, sender x, sender y
b: broadcast (node id, message type, x, y)
239 452 432 405
s 0 440 61 64 11
s 1 19 353 207 14
s 2 497 30 92 5
s 3 472 2 231 7
s 4 91 491 118 2
s 5 127 30 195 8
s 6 224 174 314 8
s 7 260 212 115 8
s 8 409 173 244 9
s 9 359 379 42 3
s 10 86 422 103 4
s 11 237 162 136 6
s 12 402 19 271 22
s 13 155 389 122 12
s 14 272 284 251 7
s 15 393 308 106 8
s 16 374 225 258 17
s 17 70 53 202 21
s 18 53 116 15 12
s 19 403 428 43 18
s 20 182 18 8 8
s 21 156 97 292 15
s 22 366 96 280 11
s 23 342 481 111 15
s 24 354 477 261 9
s 25 381 426 133 10
s 26 190 260 28 3
s 27 99 6 328 2
s 28 256 462 1 14
s 29 274 87 320 14
s 30 387 142 4 3
s 31 146 200 327 18
s 32 398 497 190 12
s 33 9 83 247 18
s 34 0 124 257 20
s 35 138 50 340 9
s 36 329 36 357 11
s 37 334 337 11 8
s 38 17 275 55 14
s 39 405 264 297 2
s 40 322 378 261 0
s 41 431 35 352 10
s 42 215 182 102 10
s 43 328 277 211 14
s 44 211 211 245 3
s 45 16 364 299 19
s 46 75 0 348 10
s 47 263 350 241 21
s 48 386 178 150 15
s 49 291 431 107 8
s 50 230 290 253 22
s 51 197 155 76 7
s 52 421 165 194 4
s 53 195 295 196 14
s 54 84 14 12 16
s 55 98 302 166 4
s 56 313 58 160 1
s 57 260 146 176 6
s 58 109 498 351 20
s 59 10 15 268 22
s 60 124 48 350 21
s 61 324 153 284 0
s 62 292 73 303 18
s 63 355 53 229 11
s 64 151 248 326 13
s 65 323 455 162 16
s 66 460 135 167 9
s 67 50 52 280 5
s 68 444 320 155 13
s 69 390 113 178 2
s 70 498 362 169 15
s 71 65 235 226 21
s 72 102 59 178 19
s 73 74 96 312 20
s 74 76 436 253 6
s 75 297 323 111 1
s 76 381 421 338 17
s 77 95 115 162 0
s 78 148 231 18 3
s 79 235 121 245 8
s 80 82 331 4 22
s 81 217 175 15 21
s 82 396 116 331 1
s 83 235 464 317 11
s 84 109 233 340 3
s 85 21 325 25 17
s 86 322 236 292 3
s 87 416 203 202 1
s 88 395 293 198 11
s 89 124 475 189 16
s 90 432 405 107 8
s 91 149 475 288 14
s 92 144 373 34 15
s 93 186 93 270 13
s 94 306 77 248 5
s 95 357 307 190 14
s 96 12 453 234 3
s 97 395 367 150 15
s 98 465 192 126 9
s 99 419 51 269 14
s 100 403 483 8 16
s 101 11 147 150 20
s 102 130 145 288 10
s 103 328 280 120 11
s 104 106 257 89 22
s 105 12 144 298 8
s 106 409 50 325 8
s 107 398 49 107 19
s 108 393 354 333 13
s 109 335 419 23 4
s 110 21 498 54 6
s 111 259 429 173 19
s 112 82 383 85 2
s 113 292 206 188 3
s 114 386 42 323 21
s 115 148 332 222 19
s 116 311 270 212 1
s 117 264 496 293 2
s 118 391 251 170 4
s 119 21 476 289 10
s 120 492 169 159 12
s 121 473 189 348 10
s 122 173 325 144 16
s 123 371 322 260 5
s 124 19 156 230 13
s 125 238 336 55 12
s 126 70 431 94 8
s 127 263 456 292 9
s 128 338 272 217 0
s 129 400 207 109 9
s 130 312 196 14 20
s 131 37 248 306 20
s 132 462 196 148 2
s 133 345 0 105 10
s 134 137 35 60 13
s 135 361 88 18 13
s 136 395 312 76 8
s 137 375 42 238 14
s 138 288 364 39 10
s 139 331 187 175 1
s 140 211 221 40 10
s 141 30 280 290 21
s 142 330 106 46 22
s 143 167 289 272 13
s 144 309 368 210 11
s 145 410 216 316 4
s 146 314 324 36 2
s 147 144 117 191 22
s 148 456 301 220 0
s 149 455 239 39 9
s 150 131 298 44 21
s 151 339 110 77 22
s 152 350 303 83 2
s 153 186 22 213 22
s 154 392 377 190 11
s 155 482 337 296 18
s 156 399 87 224 10
s 157 433 274 357 19
s 158 243 5 129 8
s 159 203 8 286 9
s 160 330 44 211 19
s 161 200 196 222 21
s 162 430 428 328 5
s 163 290 230 215 10
s 164 101 91 7 10
s 165 431 480 338 9
s 166 321 268 350 15
s 167 181 493 216 3
s 168 307 58 226 3
s 169 170 61 316 1
s 170 325 332 130 16
s 171 286 461 147 5
s 172 490 197 10 18
s 173 305 183 339 9
s 174 424 296 332 14
s 175 480 316 312 15
s 176 346 383 305 12
s 177 416 71 246 16
s 178 60 201 302 1
s 179 68 343 56 14
s 180 339 330 170 2
s 181 35 145 103 8
s 182 291 48 236 15
s 183 329 470 309 14
s 184 204 200 131 11
s 185 46 343 224 1
s 186 463 168 53 22
s 187 346 216 116 15
s 188 159 348 338 2
s 189 350 84 233 4
s 190 164 483 113 8
s 191 197 441 332 2
s 192 452 85 24 6
s 193 405 354 201 5
s 194 430 285 58 15
s 195 287 313 205 18
s 196 83 321 233 16
s 197 274 258 137 2
s 198 3 158 76 2
s 199 56 218 106 16
s 200 163 145 107 20
s 201 374 125 141 20
s 202 7 293 349 12
s 203 105 213 151 1
s 204 427 7 259 10
s 205 234 488 323 20
s 206 78 33 262 6
s 207 342 245 284 16
s 208 422 438 316 1
s 209 233 341 218 1
s 210 389 194 233 13
s 211 109 115 17 21
s 212 239 452 72 4
s 213 1 141 213 15
s 214 33 426 233 16
s 215 449 99 41 3
s 216 39 141 245 7
s 217 406 474 110 12
s 218 475 117 142 4
s 219 107 264 96 9
s 220 304 262 274 11
s 221 364 185 292 14
s 222 138 213 239 8
s 223 151 286 70 18
s 224 472 99 104 12
s 225 63 90 198 4
s 226 288 143 6 5
s 227 124 21 98 1
s 228 142 235 267 12
s 229 54 89 278 18
s 230 94 472 104 1
s 231 29 232 264 5
s 232 87 485 15 6
s 233 159 184 79 10
s 234 153 360 178 22
s 235 75 162 284 16
s 236 219 143 51 8
s 237 70 440 256 13
s 238 353 411 342 0
s 239 71 83 236 1
b 212 0 243 464
m 212 28 0 243 464
m 212 83 0 243 464
m 212 111 0 243 464
m 212 117 0 243 464
m 212 127 0 243 464
m 212 167 0 243 464
m 212 171 0 243 464
m 212 191 0 243 464
m 212 205 0 243 464
b 212 1 243 464
m 212 28 1 243 464
m 212 83 1 243 464
m 212 111 1 243 464
m 212 117 1 243 464
m 212 127 1 243 464
m 212 167 1 243 464
m 212 171 1 243 464
m 212 191 1 243 464
m 212 205 1 243 464
b 212 2 243 464
m 212 28 2 243 464
m 212 83 2 243 464
m 212 111 2 243 464
m 212 117 2 243 464
m 212 127 2 243 464
m 212 167 2 243 464
m 212 171 2 243 464
m 212 191 2 243 464
m 212 205 2 243 464
b 212 3 243 464
m 212 28 3 10.0 100.0 1.0
m 212 83 3 10.0 100.0 1.0
m 212 111 3 10.0 100.0 1.0
m 212 117 3 10.0 100.0 1.0
m 212 127 3 10.0 100.0 1.0
m 212 167 3 10.0 100.0 1.0
m 212 171 3 10.0 100.0 1.0
m 212 191 3 10.0 100.0 1.0
m 212 205 3 10.0 100.0 1.0
b 117 0 275 471
m 117 23 0 275 471
m 117 49 0 275 471
m 117 65 0 275 471
b 117 1 275 471
m 117 23 1 275 471
m 117 49 1 275 471
m 117 65 1 275 471
b 117 2 275 471
b 117 3 275 471
m 117 49 3 8.0 72.0 0.25
m 117 23 3 8.0 72.0 0.25
b 191 0 221 428
m 191 91 0 221 428
b 191 1 221 428
m 191 91 1 221 428
b 191 2 221 428
m 191 91 2 221 428
b 191 3 221 428
m 191 91 3 7.333333333333334 68.0 0.5
b 167 0 158 477
m 167 58 0 158 477
m 167 89 0 158 477
m 167 91 0 158 477
m 167 190 0 158 477
m 167 232 0 158 477
b 167 1 158 477
m 167 58 1 158 477
m 167 89 1 158 477
m 167 91 1 158 477
m 167 190 1 158 477
m 167 232 1 158 477
b 167 2 158 477
m 167 58 2 158 477
m 167 89 2 158 477
m 167 91 2 158 477
m 167 190 2 158 477
m 167 232 2 158 477
b 167 3 158 477
m 167 89 3 8.333333333333334 75.0 0.22222222222222232
m 167 232 3 8.333333333333334 75.0 0.22222222222222232
b 171 0 261 477
m 171 23 0 261 477
m 171 49 0 261 477
m 171 65 0 261 477
b 171 1 261 477
m 171 23 1 261 477
m 171 49 1 261 477
m 171 65 1 261 477
b 171 2 261 477
m 171 23 2 261 477
m 171 49 2 261 477
m 171 65 2 261 477
b 171 3 261 477
m 171 49 3 8.0 72.0 0.25
m 171 23 3 8.0 72.0 0.25
b 127 0 275 424
m 127 49 0 275 424
m 127 65 0 275 424
m 127 138 0 275 424
b 127 1 275 424
m 127 49 1 275 424
m 127 65 1 275 424
m 127 138 1 275 424
b 127 2 275 424
m 127 49 2 275 424
m 127 65 2 275 424
m 127 138 2 275 424
b 127 3 275 424
m 127 49 3 8.0 72.0 0.25
b 83 0 261 439
m 83 49 0 261 439
m 83 65 0 261 439
b 83 1 261 439
b 83 2 261 439
m 83 49 2 261 439
m 83 65 2 261 439
b 83 3 261 439
m 83 49 3 7.333333333333334 68.0 0.5
m 83 65 3 7.333333333333334 68.0 0.5
b 28 0 295 463
m 28 24 0 295 463
m 28 183 0 295 463
b 28 1 295 463
m 28 24 1 295 463
m 28 183 1 295 463
b 28 2 295 463
m 28 23 2 295 463
m 28 24 2 295 463
m 28 49 2 295 463
m 28 65 2 295 463
m 28 183 2 295 463
b 28 3 295 463
m 28 183 3 7.666666666666667 69.66666666666667 0.3333333333333333
b 111 0 216 435
m 111 92 0 216 435
b 111 1 216 435
m 111 92 1 216 435
b 111 2 216 435
m 111 92 2 216 435
b 111 3 216 435
m 111 92 3 7.333333333333334 68.0 0.5
b 205 0 270 461
b 205 1 270 461
b 205 2 270 461
b 205 3 270 461
m 205 65 3 7.0 67.0 1.0
b 232 0 131 497
m 232 4 0 131 497
m 232 10 0 131 497
m 232 126 0 131 497
m 232 230 0 131 497
b 232 1 131 497
m 232 4 1 131 497
m 232 10 1 131 497
m 232 126 1 131 497
m 232 230 1 131 497
b 232 2 131 497
m 232 4 2 131 497
m 232 10 2 131 497
m 232 126 2 131 497
m 232 230 2 131 497
b 232 3 131 497
m 232 58 3 7.75 65.25 0.2727001194743131
m 232 10 3 7.75 65.25 0.2727001194743131
b 49 0 277 476
m 49 24 0 277 476
m 49 183 0 277 476
b 49 1 277 476
b 49 3 277 476
m 49 183 3 6.75 56.25 0.19444444444444448
b 190 0 143 470
m 190 10 0 143 470
m 190 13 0 143 470
m 190 230 0 143 470
b 190 1 143 470
m 190 10 1 143 470
m 190 13 1 143 470
m 190 230 1 143 470
b 190 2 143 470
m 190 10 2 143 470
m 190 13 2 143 470
m 190 230 2 143 470
b 49 2 277 479
b 91 0 166 425
m 91 13 0 166 425
m 91 92 0 166 425
b 91 1 166 425
m 91 13 1 166 425
m 91 92 1 166 425
b 91 2 166 425
m 91 13 2 166 425
m 91 92 2 166 425
b 91 3 166 425
m 91 58 3 6.5 55.0 0.7745139475908707
m 91 190 3 6.5 55.0 0.7745139475908707
m 91 92 3 6.5 55.0 0.7745139475908707
m 91 13 3 6.5 55.0 0.7745139475908707
b 23 0 301 492
m 23 25 0 301 492
m 23 32 0 301 492
b 23 1 301 492
m 23 25 1 301 492
m 23 32 1 301 492
b 23 3 301 492
m 23 24 3 6.75 56.25 0.19444444444444448
b 65 0 271 472
m 65 25 0 271 472
b 65 1 271 472
m 65 25 1 271 472
b 89 0 68 466
m 89 4 0 68 466
m 89 10 0 68 466
m 89 13 0 68 466
m 89 112 0 68 466
m 89 119 0 68 466
m 89 126 0 68 466
m 89 230 0 68 466
b 89 1 68 466
b 89 2 68 466
m 89 4 2 68 466
m 89 10 2 68 466
m 89 13 2 68 466
m 89 112 2 68 466
m 89 119 2 68 466
m 89 126 2 68 466
m 89 230 2 68 466
b 89 3 68 466
m 89 13 3 8.5 76.5 0.3209876543209878
m 89 119 3 8.5 76.5 0.3209876543209878
m 89 112 3 8.5 76.5 0.3209876543209878
b 138 0 331 399
m 138 9 0 331 399
m 138 25 0 331 399
m 138 40 0 331 399
m 138 75 0 331 399
m 138 97 0 331 399
m 138 109 0 331 399
m 138 125 0 331 399
m 138 146 0 331 399
m 138 152 0 331 399
m 138 154 0 331 399
m 138 170 0 331 399
m 138 176 0 331 399
m 138 180 0 331 399
m 138 238 0 331 399
b 138 1 331 399
m 138 9 1 331 399
m 138 25 1 331 399
m 138 40 1 331 399
m 138 75 1 331 399
m 138 97 1 331 399
m 138 109 1 331 399
m 138 125 1 331 399
m 138 146 1 331 399
m 138 152 1 331 399
m 138 154 1 331 399
m 138 170 1 331 399
m 138 176 1 331 399
m 138 180 1 331 399
m 138 238 1 331 399
b 138 2 331 399
m 138 9 2 331 399
m 138 25 2 331 399
m 138 40 2 331 399
m 138 75 2 331 399
m 138 97 2 331 399
m 138 109 2 331 399
m 138 125 2 331 399
m 138 146 2 331 399
m 138 152 2 331 399
m 138 154 2 331 399
m 138 170 2 331 399
m 138 176 2 331 399
m 138 180 2 331 399
m 138 238 2 331 399
b 23 2 298 492
m 23 25 2 298 492
m 23 32 2 298 492
b 65 2 268 473
m 65 25 2 268 473
b 230 0 66 475
m 230 112 0 66 475
m 230 119 0 66 475
b 230 1 66 475
m 230 112 1 66 475
m 230 119 1 66 475
b 230 2 66 475
m 230 112 2 66 475
m 230 119 2 66 475
b 4 0 38 483
m 4 110 0 38 483
m 4 112 0 38 483
m 4 119 0 38 483
b 4 1 38 483
m 4 110 1 38 483
m 4 112 1 38 483
m 4 119 1 38 483
b 4 2 38 483
m 4 110 2 38 483
m 4 112 2 38 483
m 4 119 2 38 483
b 24 0 344 418
m 24 9 0 344 418
m 24 25 0 344 418
m 24 97 0 344 418
m 24 109 0 344 418
m 24 154 0 344 418
m 24 238 0 344 418
b 24 1 344 418
m 24 9 1 344 418
m 24 25 1 344 418
m 24 97 1 344 418
m 24 109 1 344 418
m 24 154 1 344 418
m 24 238 1 344 418
b 24 2 344 418
m 24 9 2 344 418
m 24 25 2 344 418
m 24 97 2 344 418
m 24 109 2 344 418
m 24 154 2 344 418
m 24 238 2 344 418
b 58 0 168 488
b 58 1 168 488
b 58 2 168 488
b 10 0 72 483
m 10 110 0 72 483
m 10 112 0 72 483
m 10 119 0 72 483
b 10 1 72 483
m 10 110 1 72 483
m 10 112 1 72 483
m 10 119 1 72 483
b 10 2 72 483
b 10 3 72 483
m 10 119 3 7.800000000000001 65.0 0.3432464547296245
m 10 190 3 7.800000000000001 65.0 0.3432464547296245
m 10 13 3 7.800000000000001 65.0 0.3432464547296245
b 65 3 262 475
b 183 0 370 419
m 183 90 0 370 419
b 183 1 370 419
m 183 90 1 370 419
b 183 2 370 419
m 183 90 2 370 419
b 183 3 370 419
m 183 90 3 7.666666666666667 69.66666666666667 -1.0
b 126 0 65 497
m 126 112 0 65 497
m 126 119 0 65 497
b 126 1 65 497
b 126 2 65 497
b 40 0 311 311
m 40 88 0 311 311
m 40 95 0 311 311
m 40 103 0 311 311
m 40 118 0 311 311
m 40 123 0 311 311
m 40 144 0 311 311
m 40 187 0 311 311
m 40 193 0 311 311
b 40 1 311 311
m 40 88 1 311 311
m 40 95 1 311 311
m 40 103 1 311 311
m 40 118 1 311 311
m 40 123 1 311 311
m 40 144 1 311 311
m 40 187 1 311 311
m 40 193 1 311 311
b 40 2 311 311
m 40 88 2 311 311
m 40 95 2 311 311
m 40 103 2 311 311
m 40 118 2 311 311
m 40 123 2 311 311
m 40 144 2 311 311
m 40 187 2 311 311
m 40 193 2 311 311
b 238 0 418 390
m 238 15 0 418 390
m 238 37 0 418 390
m 238 68 0 418 390
m 238 70 0 418 390
m 238 76 0 418 390
m 238 90 0 418 390
m 238 136 0 418 390
m 238 208 0 418 390
b 238 1 418 390
m 238 15 1 418 390
m 238 37 1 418 390
m 238 68 1 418 390
m 238 70 1 418 390
m 238 76 1 418 390
m 238 90 1 418 390
m 238 136 1 418 390
m 238 208 1 418 390
b 238 2 418 390
b 75 0 272 388
m 75 103 0 272 388
m 75 144 0 272 388
b 75 1 272 388
m 75 103 1 272 388
m 75 144 1 272 388
b 75 2 272 388
b 112 0 88 453
m 112 74 0 88 453
m 112 179 0 88 453
m 112 237 0 88 453
b 112 2 88 453
m 112 74 2 88 453
m 112 179 2 88 453
m 112 237 2 88 453
b 112 3 88 453
m 112 126 3 8.0 68.4 0.1875771604938272
m 112 4 3 8.0 68.4 0.1875771604938272
b 146 0 370 365
m 146 15 0 370 365
m 146 37 0 370 365
m 146 68 0 370 365
m 146 103 0 370 365
m 146 136 0 370 365
m 146 193 0 370 365
b 146 1 370 365
b 146 2 370 365
m 146 15 2 370 365
m 146 37 2 370 365
m 146 68 2 370 365
m 146 103 2 370 365
m 146 136 2 370 365
m 146 193 2 370 365
b 152 0 359 372
m 152 15 0 359 372
m 152 37 0 359 372
m 152 68 0 359 372
m 152 103 0 359 372
m 152 136 0 359 372
m 152 193 0 359 372
b 152 1 359 372
m 152 15 1 359 372
m 152 37 1 359 372
m 152 68 1 359 372
m 152 103 1 359 372
m 152 136 1 359 372
m 152 193 1 359 372
b 152 2 359 372
b 180 0 270 342
m 180 47 0 270 342
m 180 95 0 270 342
m 180 103 0 270 342
m 180 144 0 270 342
m 180 193 0 270 342
b 180 1 270 342
b 180 2 270 342
m 180 47 2 270 342
m 180 95 2 270 342
m 180 103 2 270 342
m 180 144 2 270 342
m 180 193 2 270 342
b 9 0 412 427
m 9 90 0 412 427
b 9 1 412 427
b 9 2 412 427
b 92 0 203 412
m 92 150 0 203 412
m 92 223 0 203 412
b 92 1 203 412
m 92 150 1 203 412
m 92 223 1 203 412
b 92 2 203 412
m 92 150 2 203 412
m 92 223 2 203 412
b 92 3 203 412
m 92 223 3 6.0 52.0 0.5366300366300365
m 92 150 3 6.0 52.0 0.5366300366300365
b 13 0 116 450
m 13 179 0 116 450
b 13 1 116 450
m 13 179 1 116 450
b 13 2 116 450
m 13 179 2 116 450
b 109 0 402 447
m 109 90 0 402 447
b 109 1 402 447
m 109 90 1 402 447
b 109 2 402 447
b 112 1 89 456
m 112 74 1 89 456
m 112 179 1 89 456
b 190 3 132 448
m 190 179 3 5.6000000000000005 44.8 0.09581615846485032
b 24 3 342 403
m 24 97 3 8.0 78.8 0.33473679098679104
m 24 238 3 8.0 78.8 0.33473679098679104
m 24 109 3 8.0 78.8 0.33473679098679104
m 24 125 3 8.0 78.8 0.33473679098679104
b 25 0 329 482
b 25 1 329 482
b 13 3 114 454
m 13 179 3 5.6000000000000005 44.8 0.09581615846485032
b 25 2 328 483
b 32 0 321 484
b 32 1 321 484
b 58 3 186 486
b 110 0 7 428
m 110 96 0 7 428
b 110 1 7 428
m 110 96 1 7 428
b 110 2 7 428
m 110 96 2 7 428
b 119 0 47 403
m 119 74 0 47 403
m 119 85 0 47 403
m 119 96 0 47 403
m 119 179 0 47 403
m 119 214 0 47 403
m 119 234 0 47 403
m 119 237 0 47 403
b 119 2 47 403
m 119 74 2 47 403
m 119 85 2 47 403
m 119 96 2 47 403
m 119 179 2 47 403
m 119 214 2 47 403
m 119 234 2 47 403
m 119 237 2 47 403
b 119 3 47 403
m 119 179 3 8.8 81.2 0.34487934904601586
m 119 85 3 8.8 81.2 0.34487934904601586
m 119 230 3 8.8 81.2 0.34487934904601586
m 119 214 3 8.8 81.2 0.34487934904601586
b 154 0 314 363
m 154 15 0 314 363
m 154 68 0 314 363
b 154 1 314 363
b 154 2 314 363
b 125 0 284 402
b 125 1 284 402
b 125 2 284 402
b 176 0 392 317
m 176 129 0 392 317
b 176 1 392 317
m 176 129 1 392 317
b 176 2 392 317
b 32 2 318 483
b 119 1 48 400
m 119 74 1 48 400
m 119 85 1 48 400
m 119 96 1 48 400
m 119 179 1 48 400
m 119 214 1 48 400
m 119 234 1 48 400
m 119 237 1 48 400
b 208 0 480 382
m 208 162 0 480 382
m 208 165 0 480 382
m 208 194 0 480 382
b 208 1 480 382
m 208 162 1 480 382
m 208 165 1 480 382
m 208 194 1 480 382
b 97 0 323 409
b 97 1 323 409
b 97 2 323 409
b 4 3 15 476
m 4 230 3 7.0 57.666666666666664 0.5
m 4 110 3 7.0 57.666666666666664 0.5
b 118 0 309 266
m 118 48 0 309 266
m 118 128 0 309 266
m 118 129 0 309 266
m 118 140 0 309 266
m 118 166 0 309 266
b 118 1 309 266
m 118 48 1 309 266
m 118 128 1 309 266
m 118 129 1 309 266
m 118 140 1 309 266
m 118 166 1 309 266
b 118 2 309 266
m 118 48 2 309 266
m 118 128 2 309 266
m 118 129 2 309 266
m 118 140 2 309 266
m 118 166 2 309 266
b 170 0 271 397
b 170 1 271 397
b 170 2 271 397
b 123 0 356 238
m 123 48 0 356 238
m 123 87 0 356 238
m 123 129 0 356 238
m 123 130 0 356 238
m 123 132 0 356 238
m 123 148 0 356 238
m 123 151 0 356 238
m 123 166 0 356 238
b 123 1 356 238
m 123 48 1 356 238
m 123 87 1 356 238
m 123 129 1 356 238
m 123 130 1 356 238
m 123 132 1 356 238
m 123 148 1 356 238
m 123 151 1 356 238
m 123 166 1 356 238
b 123 2 356 238
m 123 48 2 356 238
m 123 87 2 356 238
m 123 129 2 356 238
m 123 130 2 356 238
m 123 132 2 356 238
m 123 148 2 356 238
m 123 151 2 356 238
m 123 166 2 356 238
b 193 0 325 324
m 193 129 0 325 324
b 193 1 325 324
m 193 129 1 325 324
b 193 2 325 324
m 193 129 2 325 324
b 238 3 436 385
m 238 37 3 8.833333333333334 93.83333333333334 0.3055128882239531
m 238 9 3 8.833333333333334 93.83333333333334 0.3055128882239531
m 238 70 3 8.833333333333334 93.83333333333334 0.3055128882239531
m 238 68 3 8.833333333333334 93.83333333333334 0.3055128882239531
b 15 0 369 393
b 15 1 369 393
b 37 0 420 354
m 37 108 0 420 354
m 37 155 0 420 354
m 37 175 0 420 354
m 37 194 0 420 354
b 37 1 420 354
m 37 108 1 420 354
m 37 155 1 420 354
m 37 175 1 420 354
m 37 194 1 420 354
b 74 0 50 351
m 74 38 0 50 351
m 74 55 0 50 351
m 74 85 0 50 351
m 74 96 0 50 351
m 74 104 0 50 351
m 74 122 0 50 351
m 74 214 0 50 351
m 74 219 0 50 351
m 74 234 0 50 351
b 74 2 50 351
m 74 38 2 50 351
m 74 55 2 50 351
m 74 85 2 50 351
m 74 96 2 50 351
m 74 104 2 50 351
m 74 122 2 50 351
m 74 214 2 50 351
m 74 219 2 50 351
m 74 234 2 50 351
b 136 0 416 397
m 136 194 0 416 397
m 136 217 0 416 397
b 136 1 416 397
m 136 194 1 416 397
m 136 217 1 416 397
b 15 2 368 395
m 15 70 2 368 395
b 37 2 422 354
b 126 3 60 477
b 136 2 416 399
m 136 70 2 416 399
m 136 76 2 416 399
m 136 194 2 416 399
m 136 208 2 416 399
m 136 217 2 416 399
b 74 1 49 349
m 74 38 1 49 349
m 74 55 1 49 349
m 74 85 1 49 349
m 74 104 1 49 349
m 74 122 1 49 349
m 74 214 1 49 349
m 74 219 1 49 349
m 74 234 1 49 349
m 74 237 1 49 349
b 88 0 308 265
m 88 26 0 308 265
m 88 43 0 308 265
m 88 48 0 308 265
m 88 128 0 308 265
m 88 129 0 308 265
m 88 140 0 308 265
b 88 1 308 265
m 88 26 1 308 265
m 88 43 1 308 265
m 88 48 1 308 265
m 88 128 1 308 265
m 88 129 1 308 265
m 88 140 1 308 265
b 88 2 308 265
m 88 26 2 308 265
m 88 43 2 308 265
m 88 48 2 308 265
m 88 128 2 308 265
m 88 129 2 308 265
m 88 140 2 308 265
b 103 0 283 359
m 103 26 0 283 359
b 103 1 283 359
b 103 2 283 359
b 109 3 419 455
m 109 90 3 8.0 78.8 -1.0
b 144 0 230 323
m 144 7 0 230 323
m 144 26 0 230 323
m 144 140 0 230 323
m 144 188 0 230 323
m 144 195 0 230 323
m 144 197 0 230 323
b 144 1 230 323
m 144 7 1 230 323
m 144 26 1 230 323
m 144 47 1 230 323
m 144 140 1 230 323
m 144 188 1 230 323
m 144 195 1 230 323
m 144 197 1 230 323
b 144 2 230 323
b 230 3 45 451
m 230 110 3 7.5 67.83333333333334 1.0
b 68 0 360 359
b 68 1 360 359
b 96 0 19 366
m 96 38 0 19 366
m 96 55 0 19 366
b 96 1 19 366
m 96 38 1 19 366
m 96 55 1 19 366
b 96 2 19 366
m 96 38 2 19 366
m 96 55 2 19 366
b 95 0 264 290
m 95 7 0 264 290
m 95 26 0 264 290
m 95 78 0 264 290
m 95 140 0 264 290
m 95 188 0 264 290
m 95 197 0 264 290
b 95 1 264 290
m 95 7 1 264 290
m 95 26 1 264 290
m 95 47 1 264 290
m 95 78 1 264 290
m 95 140 1 264 290
m 95 188 1 264 290
m 95 197 1 264 290
b 95 2 264 290
b 68 2 358 360
b 70 0 404 380
m 70 217 0 404 380
b 70 1 404 380
m 70 217 1 404 380
b 187 0 304 302
m 187 26 0 304 302
b 187 1 304 302
b 187 2 304 302
m 187 26 2 304 302
b 237 0 47 348
m 237 38 0 47 348
m 237 45 0 47 348
m 237 55 0 47 348
m 237 104 0 47 348
m 237 122 0 47 348
m 237 185 0 47 348
m 237 199 0 47 348
m 237 219 0 47 348
b 237 2 47 348
m 237 38 2 47 348
m 237 45 2 47 348
m 237 55 2 47 348
m 237 104 2 47 348
m 237 122 2 47 348
m 237 185 2 47 348
m 237 199 2 47 348
m 237 219 2 47 348
b 128 0 261 214
m 128 14 0 261 214
m 128 43 0 261 214
m 128 50 0 261 214
m 128 51 0 261 214
m 128 64 0 261 214
m 128 78 0 261 214
m 128 81 0 261 214
m 128 113 0 261 214
m 128 116 0 261 214
m 128 139 0 261 214
m 128 163 0 261 214
m 128 201 0 261 214
m 128 220 0 261 214
m 128 236 0 261 214
b 128 1 261 214
m 128 14 1 261 214
m 128 43 1 261 214
m 128 50 1 261 214
m 128 51 1 261 214
m 128 64 1 261 214
m 128 78 1 261 214
m 128 81 1 261 214
m 128 113 1 261 214
m 128 116 1 261 214
m 128 139 1 261 214
m 128 163 1 261 214
m 128 201 1 261 214
m 128 220 1 261 214
m 128 236 1 261 214
b 128 2 261 214
m 128 14 2 261 214
m 128 43 2 261 214
m 128 50 2 261 214
m 128 51 2 261 214
m 128 64 2 261 214
m 128 78 2 261 214
m 128 81 2 261 214
m 128 113 2 261 214
m 128 116 2 261 214
m 128 139 2 261 214
m 128 163 2 261 214
m 128 201 2 261 214
m 128 220 2 261 214
m 128 236 2 261 214
b 179 0 122 423
m 179 104 0 122 423
m 179 122 0 122 423
m 179 219 0 122 423
b 179 2 122 423
m 179 104 2 122 423
m 179 122 2 122 423
m 179 219 2 122 423
b 76 0 471 384
m 76 108 0 471 384
m 76 217 0 471 384
b 76 1 471 384
m 76 108 1 471 384
m 76 217 1 471 384
b 148 0 382 239
m 148 98 0 382 239
m 148 120 0 382 239
m 148 121 0 382 239
m 148 175 0 382 239
b 148 1 382 239
m 148 98 1 382 239
m 148 120 1 382 239
m 148 121 1 382 239
m 148 175 1 382 239
b 148 2 382 239
b 87 0 325 167
m 87 16 0 325 167
m 87 52 0 325 167
m 87 66 0 325 167
m 87 69 0 325 167
m 87 81 0 325 167
m 87 86 0 325 167
m 87 107 0 325 167
m 87 142 0 325 167
m 87 173 0 325 167
m 87 201 0 325 167
m 87 207 0 325 167
m 87 210 0 325 167
m 87 218 0 325 167
m 87 220 0 325 167
m 87 226 0 325 167
m 87 236 0 325 167
b 87 1 325 167
m 87 16 1 325 167
m 87 52 1 325 167
m 87 66 1 325 167
m 87 69 1 325 167
m 87 81 1 325 167
m 87 86 1 325 167
m 87 107 1 325 167
m 87 142 1 325 167
m 87 173 1 325 167
m 87 201 1 325 167
m 87 207 1 325 167
m 87 210 1 325 167
m 87 218 1 325 167
m 87 220 1 325 167
m 87 226 1 325 167
m 87 236 1 325 167
b 87 2 325 167
b 162 0 487 373
m 162 108 0 487 373
b 162 1 487 373
m 162 108 1 487 373
b 179 1 123 425
m 179 104 1 123 425
m 179 122 1 123 425
m 179 219 1 123 425
b 125 3 295 417
m 125 75 3 7.833333333333334 73.83333333333334 0.07763562068015718
b 132 0 378 249
m 132 98 0 378 249
m 132 120 0 378 249
m 132 121 0 378 249
m 132 142 0 378 249
b 132 1 378 249
m 132 98 1 378 249
m 132 120 1 378 249
m 132 121 1 378 249
m 132 142 1 378 249
b 132 2 378 249
m 132 98 2 378 249
m 132 120 2 378 249
m 132 121 2 378 249
m 132 142 2 378 249
b 179 3 124 426
m 179 122 3 5.333333333333334 40.0 0.1471462433567344
b 129 0 367 303
m 129 98 0 367 303
b 129 1 367 303
m 129 98 1 367 303
b 223 0 185 381
m 223 80 0 185 381
m 223 197 0 185 381
b 223 1 185 381
m 223 80 1 185 381
m 223 197 1 185 381
b 223 2 185 381
m 223 80 2 185 381
m 223 197 2 185 381
b 223 3 185 381
m 223 80 3 5.6 44.800000000000004 0.8282767956680998
m 223 144 3 5.6 44.800000000000004 0.8282767956680998
m 223 197 3 5.6 44.800000000000004 0.8282767956680998
b 9 3 435 448
m 9 90 3 8.833333333333334 93.83333333333334 -1.0
b 97 3 306 418
m 97 75 3 8.0 76.33333333333334 0.1444773790664503
m 97 15 3 8.0 76.33333333333334 0.1444773790664503
b 110 3 11 404
m 110 96 3 6.428571428571429 50.714285714285715 0.682748538011696
m 110 234 3 6.428571428571429 50.714285714285715 0.682748538011696
b 165 0 469 453
m 165 19 0 469 453
m 165 100 0 469 453
b 165 1 469 453
m 165 19 1 469 453
m 165 100 1 469 453
b 47 0 213 260
m 47 42 0 213 260
m 47 50 0 213 260
m 47 51 0 213 260
m 47 78 0 213 260
m 47 84 0 213 260
m 47 116 0 213 260
m 47 184 0 213 260
m 47 209 0 213 260
m 47 233 0 213 260
b 47 2 213 260
m 47 7 2 213 260
m 47 42 2 213 260
m 47 50 2 213 260
m 47 51 2 213 260
m 47 78 2 213 260
m 47 84 2 213 260
m 47 116 2 213 260
m 47 184 2 213 260
m 47 188 2 213 260
m 47 195 2 213 260
m 47 197 2 213 260
m 47 209 2 213 260
m 47 233 2 213 260
b 208 2 496 367
m 208 108 2 496 367
m 208 162 2 496 367
b 55 0 2 329
m 55 1 0 2 329
m 55 45 0 2 329
m 55 185 0 2 329
m 55 199 0 2 329
b 55 2 2 329
m 55 1 2 2 329
m 55 45 2 2 329
m 55 185 2 2 329
m 55 199 2 2 329
b 150 0 206 370
m 150 80 0 206 370
b 150 1 206 370
m 150 80 1 206 370
b 150 2 206 370
m 150 7 2 206 370
m 150 80 2 206 370
m 150 188 2 206 370
m 150 197 2 206 370
b 150 3 206 370
m 150 7 3 6.0 48.800000000000004 0.9068269894356848
m 150 144 3 6.0 48.800000000000004 0.9068269894356848
m 150 188 3 6.0 48.800000000000004 0.9068269894356848
m 150 197 3 6.0 48.800000000000004 0.9068269894356848
m 150 180 3 6.0 48.800000000000004 0.9068269894356848
m 150 80 3 6.0 48.800000000000004 0.9068269894356848
b 129 2 365 306
m 129 98 2 365 306
b 188 0 256 308
m 188 42 0 256 308
m 188 51 0 256 308
b 188 1 256 308
m 188 42 1 256 308
m 188 51 1 256 308
b 197 0 197 329
m 197 42 0 197 329
m 197 80 0 197 329
m 197 209 0 197 329
m 197 233 0 197 329
b 197 1 197 329
m 197 42 1 197 329
m 197 80 1 197 329
m 197 209 1 197 329
m 197 233 1 197 329
b 26 0 284 309
b 26 1 284 309
b 26 2 284 309
m 26 7 2 284 309
m 26 78 2 284 309
m 26 188 2 284 309
m 26 197 2 284 309
b 140 0 292 290
m 140 51 0 292 290
m 140 236 0 292 290
b 140 1 292 290
b 140 2 292 290
m 140 7 2 292 290
m 140 51 2 292 290
m 140 78 2 292 290
m 140 188 2 292 290
m 140 236 2 292 290
b 214 0 32 341
m 214 185 0 32 341
m 214 199 0 32 341
b 214 2 32 341
m 214 185 2 32 341
m 214 199 2 32 341
b 214 3 32 341
m 214 96 3 8.833333333333332 81.16666666666667 0.3083569787027362
m 214 55 3 8.833333333333332 81.16666666666667 0.3083569787027362
b 237 1 45 338
b 37 3 439 358
m 37 108 3 9.0 94.71428571428572 0.2179382321224091
m 37 176 3 9.0 94.71428571428572 0.2179382321224091
m 37 175 3 9.0 94.71428571428572 0.2179382321224091
b 55 1 4 332
m 55 185 1 4 332
m 55 199 1 4 332
b 85 0 118 370
b 85 2 118 370
b 85 3 118 370
m 85 234 3 8.5 75.83333333333334 0.2153808015135787
m 85 104 3 8.5 75.83333333333334 0.2153808015135787
b 185 0 37 324
m 185 1 0 37 324
m 185 115 0 37 324
m 185 196 0 37 324
m 185 198 0 37 324
m 185 203 0 37 324
b 185 2 37 324
b 194 0 487 376
b 194 1 487 376
b 78 0 252 264
m 78 42 0 252 264
m 78 84 0 252 264
b 78 1 252 264
m 78 42 1 252 264
m 78 84 1 252 264
b 116 0 218 212
m 116 11 0 218 212
m 116 31 0 218 212
m 116 84 0 218 212
m 116 143 0 218 212
b 116 1 218 212
m 116 11 1 218 212
m 116 31 1 218 212
m 116 84 1 218 212
m 116 143 1 218 212
b 116 2 218 212
b 139 0 223 197
m 139 31 0 223 197
m 139 84 0 223 197
m 139 143 0 223 197
m 139 211 0 223 197
b 139 1 223 197
m 139 31 1 223 197
m 139 84 1 223 197
m 139 143 1 223 197
m 139 211 1 223 197
b 139 2 223 197
m 139 31 2 223 197
m 139 84 2 223 197
m 139 143 2 223 197
m 139 211 2 223 197
b 214 1 34 338
b 219 0 96 373
b 219 2 96 373
b 85 1 120 371
b 7 0 213 312
m 7 42 0 213 312
m 7 80 0 213 312
m 7 233 0 213 312
b 7 1 213 312
b 48 0 289 233
b 48 1 289 233
b 48 2 289 233
b 78 2 254 265
m 78 7 2 254 265
m 78 42 2 254 265
m 78 84 2 254 265
m 78 188 2 254 265
m 78 195 2 254 265
b 113 0 182 191
m 113 11 0 182 191
m 113 18 0 182 191
m 113 31 0 182 191
m 113 57 0 182 191
m 113 84 0 182 191
m 113 134 0 182 191
m 113 143 0 182 191
m 113 211 0 182 191
b 113 1 182 191
m 113 11 1 182 191
m 113 18 1 182 191
m 113 31 1 182 191
m 113 57 1 182 191
m 113 84 1 182 191
m 113 134 1 182 191
m 113 143 1 182 191
m 113 211 1 182 191
b 113 2 182 191
m 113 11 2 182 191
m 113 18 2 182 191
m 113 31 2 182 191
m 113 57 2 182 191
m 113 84 2 182 191
m 113 134 2 182 191
m 113 143 2 182 191
m 113 211 2 182 191
b 166 0 430 249
m 166 149 0 430 249
m 166 174 0 430 249
m 166 186 0 430 249
m 166 224 0 430 249
b 166 1 430 249
m 166 149 1 430 249
m 166 174 1 430 249
m 166 186 1 430 249
m 166 224 1 430 249
b 166 2 430 249
m 166 149 2 430 249
m 166 155 2 430 249
m 166 174 2 430 249
m 166 175 2 430 249
m 166 186 2 430 249
m 166 224 2 430 249
b 68 3 343 367
b 69 0 278 117
m 69 6 0 278 117
m 69 31 0 278 117
b 69 1 278 117
m 69 6 1 278 117
m 69 31 1 278 117
b 75 3 257 428
m 75 154 3 7.428571428571429 66.85714285714286 0.05207075972891353
b 217 0 439 424
b 217 1 439 424
b 219 1 95 376
b 234 0 41 364
b 234 2 41 364
b 86 0 364 131
m 86 8 0 364 131
m 86 204 0 364 131
m 86 221 0 364 131
b 86 1 364 131
m 86 8 1 364 131
m 86 204 1 364 131
m 86 221 1 364 131
b 108 0 494 303
m 108 149 0 494 303
m 108 157 0 494 303
b 108 1 494 303
m 108 149 1 494 303
m 108 157 1 494 303
b 38 0 83 369
b 38 2 83 369
b 52 0 311 137
m 52 6 0 311 137
m 52 8 0 311 137
b 52 1 311 137
m 52 6 1 311 137
m 52 8 1 311 137
b 70 3 386 383
m 70 136 3 8.285714285714285 84.0 0.2
m 70 146 3 8.285714285714285 84.0 0.2
b 217 2 440 423
m 217 165 2 440 423
b 218 0 385 187
m 218 39 0 385 187
m 218 172 0 385 187
m 218 224 0 385 187
b 218 1 385 187
m 218 39 1 385 187
m 218 172 1 385 187
m 218 224 1 385 187
b 14 0 235 175
m 14 31 0 235 175
m 14 211 0 235 175
b 14 1 235 175
m 14 31 1 235 175
m 14 84 1 235 175
m 14 211 1 235 175
b 14 2 235 175
m 14 31 2 235 175
m 14 211 2 235 175
b 51 0 225 267
b 51 1 225 267
m 51 42 1 225 267
m 51 84 1 225 267
m 51 233 1 225 267
b 51 2 225 267
b 175 0 410 291
m 175 149 0 410 291
m 175 157 0 410 291
b 175 1 410 291
m 175 149 1 410 291
m 175 157 1 410 291
b 197 2 190 336
b 197 3 190 336
m 197 42 3 5.666666666666667 43.333333333333336 1.0
m 197 47 3 5.666666666666667 43.333333333333336 1.0
m 197 95 3 5.666666666666667 43.333333333333336 1.0
m 197 195 3 5.666666666666667 43.333333333333336 1.0
m 197 209 3 5.666666666666667 43.333333333333336 1.0
m 197 233 3 5.666666666666667 43.333333333333336 1.0
b 226 0 402 155
m 226 3 0 402 155
m 226 12 0 402 155
m 226 39 0 402 155
m 226 172 0 402 155
m 226 204 0 402 155
m 226 221 0 402 155
m 226 224 0 402 155
b 226 1 402 155
m 226 3 1 402 155
m 226 12 1 402 155
m 226 39 1 402 155
m 226 172 1 402 155
m 226 204 1 402 155
m 226 221 1 402 155
m 226 224 1 402 155
b 234 1 38 364
m 234 185 1 38 364
m 234 199 1 38 364
b 122 0 79 393
b 122 2 79 393
b 209 0 142 270
m 209 11 0 142 270
m 209 53 0 142 270
m 209 200 0 142 270
m 209 202 0 142 270
b 209 2 142 270
b 236 0 292 233
b 236 1 292 233
b 236 2 292 233
b 38 1 84 371
m 38 185 1 84 371
m 38 199 1 84 371
b 43 0 228 217
b 43 1 228 217
m 43 84 1 228 217
b 43 2 228 217
b 70 2 383 384
b 96 3 25 343
m 96 38 3 6.375 48.875 1.0
m 96 55 3 6.375 48.875 1.0
m 96 74 3 6.375 48.875 1.0
m 96 185 3 6.375 48.875 1.0
m 96 199 3 6.375 48.875 1.0
m 96 237 3 6.375 48.875 1.0
b 130 0 426 224
m 130 39 0 426 224
m 130 149 0 426 224
m 130 172 0 426 224
m 130 174 0 426 224
m 130 186 0 426 224
m 130 224 0 426 224
b 130 1 426 224
m 130 39 1 426 224
m 130 149 1 426 224
m 130 172 1 426 224
m 130 174 1 426 224
m 130 186 1 426 224
m 130 224 1 426 224
b 130 2 426 224
b 188 2 267 304
b 194 2 492 384
b 84 0 220 193
m 84 11 0 220 193
m 84 31 0 220 193
m 84 57 0 220 193
m 84 143 0 220 193
m 84 211 0 220 193
b 84 2 220 193
m 84 11 2 220 193
m 84 31 2 220 193
m 84 57 2 220 193
m 84 143 2 220 193
m 84 211 2 220 193
b 98 0 396 288
m 98 149 0 396 288
m 98 157 0 396 288
b 98 1 396 288
b 155 0 417 298
m 155 149 0 417 298
m 155 157 0 417 298
b 155 1 417 298
m 155 149 1 417 298
m 155 157 1 417 298
b 163 0 193 162
m 163 18 0 193 162
m 163 31 0 193 162
m 163 44 0 193 162
m 163 57 0 193 162
m 163 134 0 193 162
m 163 143 0 193 162
m 163 164 0 193 162
m 163 211 0 193 162
b 163 1 193 162
m 163 18 1 193 162
m 163 31 1 193 162
m 163 44 1 193 162
m 163 57 1 193 162
m 163 84 1 193 162
m 163 134 1 193 162
m 163 143 1 193 162
m 163 164 1 193 162
m 163 211 1 193 162
b 163 2 193 162
m 163 18 2 193 162
m 163 31 2 193 162
m 163 44 2 193 162
m 163 57 2 193 162
m 163 134 2 193 162
m 163 143 2 193 162
m 163 164 2 193 162
m 163 211 2 193 162
b 180 3 222 350
m 180 26 3 6.166666666666667 48.833333333333336 1.0
m 180 42 3 6.166666666666667 48.833333333333336 1.0
m 180 95 3 6.166666666666667 48.833333333333336 1.0
m 180 103 3 6.166666666666667 48.833333333333336 1.0
m 180 154 3 6.166666666666667 48.833333333333336 1.0
m 180 170 3 6.166666666666667 48.833333333333336 1.0
m 180 187 3 6.166666666666667 48.833333333333336 1.0
b 188 3 268 303
m 188 26 3 7.333333333333334 73.33333333333334 1.0
m 188 40 3 7.333333333333334 73.33333333333334 1.0
m 188 42 3 7.333333333333334 73.33333333333334 1.0
m 188 47 3 7.333333333333334 73.33333333333334 1.0
m 188 51 3 7.333333333333334 73.33333333333334 1.0
m 188 78 3 7.333333333333334 73.33333333333334 1.0
m 188 88 3 7.333333333333334 73.33333333333334 1.0
m 188 95 3 7.333333333333334 73.33333333333334 1.0
m 188 118 3 7.333333333333334 73.33333333333334 1.0
m 188 140 3 7.333333333333334 73.33333333333334 1.0
m 188 187 3 7.333333333333334 73.33333333333334 1.0
m 188 193 3 7.333333333333334 73.33333333333334 1.0
b 209 1 140 269
m 209 11 1 140 269
m 209 53 1 140 269
m 209 184 1 140 269
m 209 200 1 140 269
m 209 202 1 140 269
b 66 0 344 161
m 66 172 0 344 161
m 66 204 0 344 161
b 66 1 344 161
m 66 172 1 344 161
m 66 204 1 344 161
b 76 2 491 376
b 121 0 416 227
m 121 39 0 416 227
m 121 149 0 416 227
m 121 172 0 416 227
m 121 174 0 416 227
m 121 186 0 416 227
m 121 224 0 416 227
b 121 1 416 227
b 122 1 77 395
b 151 0 366 226
m 151 172 0 366 226
b 151 1 366 226
m 151 172 1 366 226
b 151 2 366 226
m 151 107 2 366 226
m 151 172 2 366 226
m 151 218 2 366 226
b 173 0 416 141
m 173 3 0 416 141
m 173 12 0 416 141
m 173 39 0 416 141
m 173 133 0 416 141
m 173 135 0 416 141
m 173 172 0 416 141
m 173 204 0 416 141
m 173 215 0 416 141
m 173 221 0 416 141
m 173 224 0 416 141
b 173 1 416 141
m 173 3 1 416 141
m 173 12 1 416 141
m 173 39 1 416 141
m 173 133 1 416 141
m 173 135 1 416 141
m 173 172 1 416 141
m 173 204 1 416 141
m 173 215 1 416 141
m 173 221 1 416 141
m 173 224 1 416 141
b 220 0 312 143
m 220 6 0 312 143
b 220 1 312 143
b 220 2 312 143
m 220 6 2 312 143
m 220 16 2 312 143
m 220 52 2 312 143
m 220 66 2 312 143
m 220 69 2 312 143
m 220 86 2 312 143
m 220 107 2 312 143
m 220 207 2 312 143
m 220 210 2 312 143
b 98 2 395 289
m 98 149 2 395 289
m 98 155 2 395 289
m 98 157 2 395 289
m 98 175 2 395 289
b 162 2 471 357
b 185 1 47 331
m 185 1 1 47 331
m 185 45 1 47 331
m 185 115 1 47 331
m 185 198 1 47 331
m 185 203 1 47 331
b 64 0 252 180
b 64 1 252 180
b 64 2 252 180
b 120 0 379 212
m 120 172 0 379 212
m 120 186 0 379 212
m 120 224 0 379 212
b 120 1 379 212
m 120 172 1 379 212
m 120 186 1 379 212
m 120 224 1 379 212
b 121 2 414 228
b 195 0 178 261
m 195 200 0 178 261
b 195 1 178 261
m 195 184 1 178 261
m 195 200 1 178 261
b 203 0 2 271
m 203 34 0 2 271
m 203 101 0 2 271
m 203 181 0 2 271
b 15 3 359 426
m 15 136 3 7.428571428571428 67.71428571428572 0.014420631456538739
b 55 3 10 345
m 55 185 3 8.428571428571427 74.71428571428571 0.17249493723885018
b 104 0 108 379
b 104 2 108 379
b 198 0 32 277
m 198 34 0 32 277
m 198 53 0 32 277
m 198 101 0 32 277
m 198 124 0 32 277
m 198 181 0 32 277
b 7 2 208 323
b 120 2 377 213
m 120 107 2 377 213
m 120 172 2 377 213
m 120 207 2 377 213
m 120 218 2 377 213
m 120 226 2 377 213
b 199 0 22 336
m 199 101 0 22 336
m 199 181 0 22 336
b 199 2 22 336
b 210 0 315 96
m 210 8 0 315 96
m 210 61 0 315 96
m 210 137 0 315 96
m 210 204 0 315 96
b 210 1 315 96
m 210 8 1 315 96
m 210 61 1 315 96
m 210 137 1 315 96
m 210 204 1 315 96
b 7 3 208 324
m 7 42 3 6.166666666666667 48.833333333333336 1.0
m 7 47 3 6.166666666666667 48.833333333333336 1.0
m 7 51 3 6.166666666666667 48.833333333333336 1.0
m 7 95 3 6.166666666666667 48.833333333333336 1.0
m 7 195 3 6.166666666666667 48.833333333333336 1.0
m 7 233 3 6.166666666666667 48.833333333333336 1.0
b 47 1 203 242
b 84 1 226 191
b 144 3 201 306
m 144 42 3 5.833333333333334 45.5 1.0
m 144 47 3 5.833333333333334 45.5 1.0
m 144 51 3 5.833333333333334 45.5 1.0
m 144 95 3 5.833333333333334 45.5 1.0
m 144 195 3 5.833333333333334 45.5 1.0
m 144 233 3 5.833333333333334 45.5 1.0
b 42 0 189 304
m 42 200 0 189 304
b 42 2 189 304
b 104 1 108 382
b 233 0 183 307
m 233 200 0 183 307
m 233 202 0 183 307
b 233 2 183 307
m 233 200 2 183 307
m 233 202 2 183 307
b 45 0 77 254
m 45 34 0 77 254
m 45 53 0 77 254
m 45 101 0 77 254
m 45 124 0 77 254
m 45 181 0 77 254
m 45 202 0 77 254
b 45 2 77 254
b 184 0 121 295
m 184 53 0 121 295
m 184 200 0 121 295
m 184 202 0 121 295
b 184 2 121 295
m 184 53 2 121 295
m 184 200 2 121 295
m 184 202 2 121 295
b 207 0 372 123
m 207 3 0 372 123
m 207 12 0 372 123
m 207 137 0 372 123
b 207 1 372 123
m 207 3 1 372 123
m 207 12 1 372 123
m 207 137 1 372 123
b 11 0 146 250
m 11 53 0 146 250
m 11 200 0 146 250
m 11 202 0 146 250
b 11 1 146 250
m 11 53 1 146 250
m 11 184 1 146 250
m 11 200 1 146 250
m 11 202 1 146 250
b 16 0 348 100
m 16 61 0 348 100
m 16 99 0 348 100
m 16 137 0 348 100
b 16 1 348 100
m 16 61 1 348 100
m 16 99 1 348 100
m 16 137 1 348 100
b 42 1 189 306
b 122 3 70 399
b 233 1 183 309
m 233 184 1 183 309
m 233 200 1 183 309
m 233 202 1 183 309
b 39 0 463 150
m 39 0 0 463 150
m 39 2 0 463 150
m 39 30 0 463 150
m 39 135 0 463 150
m 39 145 0 463 150
m 39 215 0 463 150
b 39 1 463 150
m 39 0 1 463 150
m 39 2 1 463 150
m 39 30 1 463 150
m 39 135 1 463 150
m 39 145 1 463 150
m 39 215 1 463 150
b 108 2 491 308
b 146 3 417 399
b 201 0 275 205
b 201 1 275 205
b 201 2 275 205
b 209 3 132 263
m 209 11 3 5.7142857142857135 42.28571428571429 1.0
m 209 45 3 5.7142857142857135 42.28571428571429 1.0
m 209 53 3 5.7142857142857135 42.28571428571429 1.0
m 209 184 3 5.7142857142857135 42.28571428571429 1.0
m 209 200 3 5.7142857142857135 42.28571428571429 1.0
m 209 202 3 5.7142857142857135 42.28571428571429 1.0
b 11 2 144 251
m 11 53 2 144 251
m 11 200 2 144 251
m 11 202 2 144 251
b 57 0 131 155
m 57 44 0 131 155
m 57 131 0 131 155
m 57 158 0 131 155
m 57 159 0 131 155
m 57 161 0 131 155
m 57 178 0 131 155
m 57 213 0 131 155
m 57 227 0 131 155
m 57 228 0 131 155
b 57 1 131 155
b 57 2 131 155
m 57 44 2 131 155
m 57 131 2 131 155
m 57 158 2 131 155
m 57 159 2 131 155
m 57 161 2 131 155
m 57 178 2 131 155
m 57 213 2 131 155
m 57 227 2 131 155
m 57 228 2 131 155
b 81 0 341 208
b 81 1 341 208
b 81 2 341 208
b 107 0 360 172
b 107 1 360 172
b 1 0 34 240
m 1 34 0 34 240
m 1 101 0 34 240
m 1 124 0 34 240
m 1 181 0 34 240
b 1 2 34 240
m 1 34 2 34 240
m 1 53 2 34 240
m 1 101 2 34 240
m 1 115 2 34 240
m 1 124 2 34 240
m 1 181 2 34 240
m 1 196 2 34 240
m 1 198 2 34 240
m 1 203 2 34 240
b 40 3 301 250
m 40 123 3 7.428571428571429 72.00000000000001 0.30982905982906006
b 50 0 192 165
m 50 159 0 192 165
b 50 1 192 165
m 50 159 1 192 165
b 50 2 192 165
b 100 0 478 493
m 100 90 0 478 493
b 100 1 478 493
b 185 3 55 337
m 185 198 3 5.888888888888889 43.888888888888886 0.5
b 176 3 421 275
m 176 151 3 9.25 98.0 0.23627824305654305
m 176 130 3 9.25 98.0 0.23627824305654305
b 6 0 316 79
m 6 20 0 316 79
m 6 61 0 316 79
m 6 62 0 316 79
m 6 63 0 316 79
m 6 94 0 316 79
m 6 137 0 316 79
b 6 1 316 79
m 6 20 1 316 79
m 6 61 1 316 79
m 6 62 1 316 79
m 6 63 1 316 79
m 6 94 1 316 79
m 6 137 1 316 79
b 19 0 455 484
m 19 90 0 455 484
b 19 1 455 484
m 19 90 1 455 484
b 108 3 488 311
m 108 149 3 8.5 86.0 0.018588849210440853
b 142 0 422 201
b 142 1 422 201
b 149 0 423 288
b 149 1 423 288
b 149 2 423 288
b 26 3 308 322
m 26 129 3 5.428571428571429 42.0 1.0
b 44 0 155 91
m 44 27 0 155 91
m 44 56 0 155 91
m 44 158 0 155 91
m 44 159 0 155 91
m 44 161 0 155 91
m 44 178 0 155 91
m 44 228 0 155 91
b 44 1 155 91
m 44 27 1 155 91
m 44 56 1 155 91
m 44 158 1 155 91
m 44 159 1 155 91
m 44 161 1 155 91
m 44 178 1 155 91
m 44 228 1 155 91
b 44 2 155 91
m 44 27 2 155 91
m 44 56 2 155 91
m 44 158 2 155 91
m 44 159 2 155 91
m 44 161 2 155 91
m 44 178 2 155 91
m 44 228 2 155 91
b 69 2 257 117
b 78 3 275 272
m 78 48 3 7.0 66.42857142857144 0.2
b 142 2 423 201
b 195 2 167 256
m 195 200 2 167 256
m 195 202 2 167 256
b 203 1 14 269
m 203 34 1 14 269
m 203 101 1 14 269
m 203 181 1 14 269
m 203 196 1 14 269
b 3 0 430 126
m 3 2 0 430 126
m 3 30 0 430 126
m 3 99 0 430 126
m 3 145 0 430 126
m 3 192 0 430 126
b 3 1 430 126
m 3 2 1 430 126
m 3 30 1 430 126
m 3 99 1 430 126
m 3 145 1 430 126
m 3 192 1 430 126
b 8 0 350 52
m 8 20 0 350 52
m 8 22 0 350 52
m 8 29 0 350 52
m 8 61 0 350 52
m 8 62 0 350 52
m 8 63 0 350 52
m 8 94 0 350 52
m 8 99 0 350 52
m 8 137 0 350 52
b 8 1 350 52
m 8 20 1 350 52
m 8 22 1 350 52
m 8 29 1 350 52
m 8 61 1 350 52
m 8 62 1 350 52
m 8 63 1 350 52
m 8 94 1 350 52
m 8 99 1 350 52
m 8 137 1 350 52
b 86 2 372 112
b 118 3 259 274
m 118 48 3 6.714285714285714 64.14285714285715 0.3333333333333333
b 136 3 427 442
m 136 90 3 8.285714285714285 84.0 -1.0
b 143 0 172 155
m 143 131 0 172 155
m 143 159 0 172 155
m 143 213 0 172 155
b 143 1 172 155
m 143 131 1 172 155
m 143 159 1 172 155
m 143 213 1 172 155
b 143 2 172 155
m 143 131 2 172 155
m 143 159 2 172 155
m 143 213 2 172 155
b 175 3 391 290
m 175 98 3 9.125 95.375 0.2195802325014136
m 175 130 3 9.125 95.375 0.2195802325014136
m 175 166 3 9.125 95.375 0.2195802325014136
b 198 1 35 288
m 198 34 1 35 288
m 198 101 1 35 288
m 198 124 1 35 288
m 198 181 1 35 288
m 198 196 1 35 288
b 215 0 437 111
m 215 2 0 437 111
m 215 30 0 437 111
m 215 114 0 437 111
m 215 145 0 437 111
m 215 192 0 437 111
b 215 1 437 111
m 215 2 1 437 111
m 215 30 1 437 111
m 215 114 1 437 111
m 215 145 1 437 111
m 215 192 1 437 111
b 18 0 183 151
m 18 56 0 183 151
m 18 131 0 183 151
m 18 158 0 183 151
m 18 159 0 183 151
m 18 161 0 183 151
m 18 178 0 183 151
m 18 213 0 183 151
m 18 227 0 183 151
m 18 228 0 183 151
b 18 1 183 151
b 18 2 183 151
m 18 56 2 183 151
m 18 131 2 183 151
m 18 158 2 183 151
m 18 159 2 183 151
m 18 161 2 183 151
m 18 178 2 183 151
m 18 213 2 183 151
m 18 227 2 183 151
m 18 228 2 183 151
b 52 2 290 132
m 52 137 2 290 132
b 61 0 357 22
m 61 20 0 357 22
m 61 22 0 357 22
m 61 29 0 357 22
m 61 62 0 357 22
m 61 63 0 357 22
m 61 94 0 357 22
m 61 99 0 357 22
m 61 156 0 357 22
m 61 189 0 357 22
b 61 1 357 22
m 61 20 1 357 22
m 61 22 1 357 22
m 61 29 1 357 22
m 61 62 1 357 22
m 61 63 1 357 22
m 61 94 1 357 22
m 61 99 1 357 22
m 61 156 1 357 22
m 61 189 1 357 22
b 74 3 37 306
m 74 53 3 6.666666666666667 52.44444444444444 1.0
m 74 115 3 6.666666666666667 52.44444444444444 1.0
m 74 181 3 6.666666666666667 52.44444444444444 1.0
m 74 198 3 6.666666666666667 52.44444444444444 1.0
m 74 203 3 6.666666666666667 52.44444444444444 1.0
b 80 0 217 340
b 80 1 217 340
b 80 2 217 340
b 80 3 217 340
b 154 3 259 354
b 165 2 436 453
m 165 90 2 436 453
b 193 3 279 306
b 199 1 18 347
m 199 101 1 18 347
m 199 181 1 18 347
b 204 0 371 117
m 204 99 0 371 117
b 204 1 371 117
m 204 99 1 371 117
b 218 2 369 200
b 224 0 440 230
m 224 0 0 440 230
b 224 1 440 230
m 224 0 1 440 230
b 224 2 440 230
m 224 0 2 440 230
m 224 39 2 440 230
b 134 0 205 152
m 134 56 0 205 152
m 134 158 0 205 152
m 134 159 0 205 152
m 134 228 0 205 152
b 134 1 205 152
m 134 56 1 205 152
m 134 158 1 205 152
m 134 159 1 205 152
m 134 228 1 205 152
b 134 2 205 152
b 196 0 1 212
m 196 77 0 1 212
b 234 3 17 365
m 234 219 3 5.75 44.5 1.0
b 42 3 187 316
m 42 200 3 5.428571428571428 39.42857142857143 0.5866325104797392
b 51 3 231 288
m 51 48 3 6.571428571428571 63.42857142857144 0.5
b 174 0 465 215
m 174 0 0 465 215
m 174 2 0 465 215
b 174 1 465 215
m 174 0 1 465 215
m 174 2 1 465 215
b 174 2 465 215
m 174 0 2 465 215
m 174 2 2 465 215
m 174 39 2 465 215
b 233 3 185 318
m 233 11 3 5.428571428571428 39.42857142857143 0.5866325104797392
m 233 200 3 5.428571428571428 39.42857142857143 0.5866325104797392
m 233 202 3 5.428571428571428 39.42857142857143 0.5866325104797392
b 175 2 387 290
b 6 2 321 74
m 6 8 2 321 74
m 6 20 2 321 74
m 6 61 2 321 74
m 6 62 2 321 74
m 6 63 2 321 74
m 6 94 2 321 74
m 6 99 2 321 74
m 6 137 2 321 74
m 6 204 2 321 74
b 31 0 263 124
b 31 1 263 124
b 31 2 263 124
b 115 0 45 239
b 221 0 416 56
m 221 22 0 416 56
m 221 29 0 416 56
m 221 62 0 416 56
m 221 114 0 416 56
m 221 177 0 416 56
m 221 192 0 416 56
b 221 1 416 56
m 221 22 1 416 56
m 221 29 1 416 56
m 221 62 1 416 56
m 221 114 1 416 56
m 221 177 1 416 56
m 221 192 1 416 56
b 66 2 323 166
m 66 204 2 323 166
b 140 3 318 311
m 140 129 3 6.857142857142857 65.14285714285715 0.25
b 164 0 240 108
m 164 27 0 240 108
m 164 56 0 240 108
m 164 168 0 240 108
m 164 182 0 240 108
b 164 1 240 108
m 164 27 1 240 108
m 164 56 1 240 108
m 164 159 1 240 108
m 164 168 1 240 108
m 164 182 1 240 108
b 164 2 240 108
m 164 27 2 240 108
m 164 56 2 240 108
m 164 168 2 240 108
m 164 182 2 240 108
b 202 0 144 267
b 226 2 427 158
m 226 3 2 427 158
m 226 12 2 427 158
m 226 30 2 427 158
m 226 39 2 427 158
m 226 133 2 427 158
m 226 135 2 427 158
m 226 173 2 427 158
m 226 204 2 427 158
m 226 215 2 427 158
b 88 3 261 250
m 88 48 3 7.0 66.42857142857144 0.2
m 88 43 3 7.0 66.42857142857144 0.2
b 95 3 218 282
b 103 3 258 402
b 104 3 109 398
m 104 219 3 7.428571428571429 65.14285714285715 1.0
b 133 0 440 105
m 133 114 0 440 105
m 133 192 0 440 105
b 133 1 440 105
m 133 114 1 440 105
m 133 192 1 440 105
b 155 2 394 296
b 181 0 3 282
b 184 1 111 307
b 53 0 59 256
b 178 0 135 80
m 178 56 0 135 80
m 178 67 0 135 80
m 178 93 0 135 80
m 178 222 0 135 80
m 178 235 0 135 80
b 178 2 135 80
b 202 1 146 266
b 211 0 245 157
m 211 56 0 245 157
b 211 1 245 157
m 211 56 1 245 157
b 211 2 245 157
m 211 56 2 245 157
b 227 0 104 161
m 227 141 0 104 161
m 227 222 0 104 161
b 227 2 104 161
m 227 141 2 104 161
m 227 222 2 104 161
b 237 3 36 303
m 237 1 3 6.333333333333334 47.44444444444444 1.0
m 237 34 3 6.333333333333334 47.44444444444444 1.0
m 237 101 3 6.333333333333334 47.44444444444444 1.0
m 237 115 3 6.333333333333334 47.44444444444444 1.0
m 237 181 3 6.333333333333334 47.44444444444444 1.0
m 237 203 3 6.333333333333334 47.44444444444444 1.0
b 30 0 467 145
b 30 1 467 145
b 38 3 99 392
m 38 219 3 5.777777777777778 43.55555555555556 1.0
b 203 2 24 268
b 53 1 57 256
m 53 34 1 57 256
m 53 101 1 57 256
m 53 124 1 57 256
b 135 0 498 132
m 135 114 0 498 132
b 135 1 498 132
m 135 114 1 498 132
b 145 0 482 142
b 145 1 482 142
b 157 0 429 307
b 157 1 429 307
b 172 0 368 163
b 172 1 368 163
b 198 2 38 298
b 198 3 38 298
m 198 115 3 5.8999999999999995 43.1 0.8371493706016453
m 198 181 3 5.8999999999999995 43.1 0.8371493706016453
m 198 101 3 5.8999999999999995 43.1 0.8371493706016453
m 198 34 3 5.8999999999999995 43.1 0.8371493706016453
m 198 203 3 5.8999999999999995 43.1 0.8371493706016453
m 198 1 3 5.8999999999999995 43.1 0.8371493706016453
b 210 2 302 79
m 210 8 2 302 79
m 210 20 2 302 79
m 210 62 2 302 79
m 210 63 2 302 79
m 210 94 2 302 79
m 210 137 2 302 79
m 210 204 2 302 79
b 2 0 492 175
b 2 1 492 175
b 186 0 412 211
b 186 1 412 211
b 186 2 412 211
b 187 3 282 347
b 195 3 156 251
m 195 43 3 5.428571428571428 39.42857142857143 0.5866325104797392
m 195 116 3 5.428571428571428 39.42857142857143 0.5866325104797392
m 195 139 3 5.428571428571428 39.42857142857143 0.5866325104797392
b 199 3 16 357
m 199 181 3 5.888888888888889 43.888888888888886 0.5
m 199 101 3 5.888888888888889 43.888888888888886 0.5
b 1 1 39 225
m 1 77 1 39 225
b 11 3 132 263
m 11 213 3 5.249999999999999 37.50000000000001 0.5
m 11 113 3 5.249999999999999 37.50000000000001 0.5
b 56 0 176 108
m 56 93 0 176 108
m 56 182 0 176 108
b 56 1 176 108
m 56 93 1 176 108
m 56 182 1 176 108
b 56 2 176 108
m 56 93 2 176 108
m 56 182 2 176 108
b 170 3 231 444
m 170 32 3 5.428571428571429 42.0 1.0
b 178 1 137 77
m 178 67 1 137 77
m 178 93 1 137 77
m 178 222 1 137 77
m 178 227 1 137 77
m 178 235 1 137 77
b 27 0 217 83
m 27 21 0 217 83
m 27 54 0 217 83
m 27 60 0 217 83
m 27 93 0 217 83
m 27 102 0 217 83
m 27 153 0 217 83
m 27 160 0 217 83
m 27 168 0 217 83
m 27 182 0 217 83
b 27 1 217 83
b 27 2 217 83
m 27 21 2 217 83
m 27 54 2 217 83
m 27 60 2 217 83
m 27 93 2 217 83
m 27 102 2 217 83
m 27 153 2 217 83
m 27 160 2 217 83
m 27 168 2 217 83
m 27 182 2 217 83
b 123 3 345 177
m 123 87 3 8.0 81.00000000000001 0.40282347527922785
m 123 204 3 8.0 81.00000000000001 0.40282347527922785
m 123 120 3 8.0 81.00000000000001 0.40282347527922785
m 123 81 3 8.0 81.00000000000001 0.40282347527922785
b 124 0 72 228
m 124 77 0 72 228
m 124 141 0 72 228
b 207 2 377 103
b 16 2 344 80
m 16 8 2 344 80
m 16 12 2 344 80
m 16 20 2 344 80
m 16 22 2 344 80
m 16 61 2 344 80
m 16 62 2 344 80
m 16 63 2 344 80
m 16 94 2 344 80
m 16 99 2 344 80
m 16 204 2 344 80
b 47 3 191 221
m 47 43 3 6.0 46.28571428571429 1.0
m 47 50 3 6.0 46.28571428571429 1.0
m 47 84 3 6.0 46.28571428571429 1.0
m 47 113 3 6.0 46.28571428571429 1.0
m 47 116 3 6.0 46.28571428571429 1.0
m 47 128 3 6.0 46.28571428571429 1.0
m 47 139 3 6.0 46.28571428571429 1.0
m 47 201 3 6.0 46.28571428571429 1.0
b 77 0 18 190
m 77 71 0 18 190
m 77 141 0 18 190
b 200 0 119 287
b 203 3 29 267
m 203 196 3 6.5 49.7 0.25780433159073923
m 203 34 3 6.5 49.7 0.25780433159073923
b 12 0 407 131
b 12 1 407 131
b 39 2 473 131
b 94 0 331 37
m 94 35 0 331 37
m 94 60 0 331 37
m 94 169 0 331 37
b 94 1 331 37
b 137 0 340 101
b 137 1 340 101
b 158 0 149 120
m 158 67 0 149 120
m 158 93 0 149 120
b 158 2 149 120
b 172 2 363 162
m 172 3 2 363 162
m 172 12 2 363 162
m 172 173 2 363 162
m 172 204 2 363 162
b 202 2 153 265
b 107 2 354 192
b 159 0 161 136
b 159 2 161 136
b 181 2 1 291
b 200 1 119 289
b 0 0 485 193
b 0 1 485 193
b 45 1 89 232
b 61 2 361 6
b 115 1 36 231
m 115 77 1 36 231
b 157 2 423 310
b 159 1 161 137
m 159 227 1 161 137
b 184 3 105 314
b 189 0 327 23
m 189 35 0 327 23
m 189 60 0 327 23
m 189 153 0 327 23
m 189 169 0 327 23
b 189 1 327 23
m 189 35 1 327 23
m 189 60 1 327 23
m 189 153 1 327 23
m 189 169 1 327 23
b 20 0 332 39
m 20 35 0 332 39
m 20 60 0 332 39
m 20 153 0 332 39
m 20 169 0 332 39
b 20 1 332 39
m 20 35 1 332 39
m 20 60 1 332 39
m 20 153 1 332 39
m 20 169 1 332 39
b 53 2 49 253
b 192 0 414 52
m 192 36 0 414 52
m 192 41 0 414 52
m 192 82 0 414 52
b 192 1 414 52
m 192 36 1 414 52
m 192 41 1 414 52
m 192 82 1 414 52
b 202 3 156 264
b 34 0 38 272
b 99 0 375 93
b 99 1 375 93
b 101 0 28 291
b 149 3 402 292
m 149 162 3 8.222222222222221 80.44444444444444 0.022254218053592293
b 158 1 147 124
m 158 67 1 147 124
m 158 93 1 147 124
m 158 227 1 147 124
b 181 1 1 294
b 228 0 134 82
b 228 2 134 82
b 2 2 491 184
m 2 145 2 491 184
b 53 3 47 253
m 53 124 3 5.249999999999999 37.50000000000001 0.5
b 129 3 350 353
m 129 155 3 5.0 37.25 1.0
b 30 2 455 143
m 30 145 2 455 143
b 63 0 286 83
m 63 35 0 286 83
m 63 54 0 286 83
m 63 60 0 286 83
m 63 153 0 286 83
m 63 169 0 286 83
b 63 1 286 83
m 63 35 1 286 83
m 63 54 1 286 83
m 63 60 1 286 83
m 63 153 1 286 83
m 63 169 1 286 83
b 98 3 374 317
m 98 155 3 8.555555555555555 86.55555555555554 0.25
b 124 2 77 234
b 168 0 258 75
m 168 21 0 258 75
m 168 35 0 258 75
m 168 54 0 258 75
m 168 60 0 258 75
m 168 153 0 258 75
m 168 160 0 258 75
m 168 169 0 258 75
b 168 1 258 75
m 168 21 1 258 75
m 168 35 1 258 75
m 168 54 1 258 75
m 168 60 1 258 75
m 168 153 1 258 75
m 168 160 1 258 75
m 168 169 1 258 75
b 168 2 258 75
b 181 3 2 295
b 215 2 418 101
m 215 114 2 418 101
m 215 145 2 418 101
m 215 192 2 418 101
m 215 221 2 418 101
b 94 2 336 41
b 213 0 148 191
b 213 2 148 191
b 22 0 350 50
b 22 1 350 50
b 156 0 303 33
m 156 35 0 303 33
m 156 60 0 303 33
m 156 153 0 303 33
m 156 169 0 303 33
b 156 1 303 33
m 156 35 1 303 33
m 156 60 1 303 33
m 156 153 1 303 33
m 156 169 1 303 33
b 200 2 117 296
b 219 3 91 421
b 228 1 134 78
b 0 2 480 198
b 77 1 22 200
m 77 71 1 22 200
b 116 3 177 186
m 116 18 3 5.999999999999999 47.0 0.9172500485988527
m 116 14 3 5.999999999999999 47.0 0.9172500485988527
m 116 50 3 5.999999999999999 47.0 0.9172500485988527
m 116 211 3 5.999999999999999 47.0 0.9172500485988527
m 116 128 3 5.999999999999999 47.0 0.9172500485988527
m 116 84 3 5.999999999999999 47.0 0.9172500485988527
m 116 143 3 5.999999999999999 47.0 0.9172500485988527
m 116 163 3 5.999999999999999 47.0 0.9172500485988527
m 116 159 3 5.999999999999999 47.0 0.9172500485988527
m 116 134 3 5.999999999999999 47.0 0.9172500485988527
b 139 3 174 201
m 139 50 3 5.874999999999999 44.625 0.8986943880869858
m 139 84 3 5.874999999999999 44.625 0.8986943880869858
m 139 143 3 5.874999999999999 44.625 0.8986943880869858
m 139 163 3 5.874999999999999 44.625 0.8986943880869858
m 139 159 3 5.874999999999999 44.625 0.8986943880869858
m 139 128 3 5.874999999999999 44.625 0.8986943880869858
m 139 18 3 5.874999999999999 44.625 0.8986943880869858
m 139 134 3 5.874999999999999 44.625 0.8986943880869858
m 139 14 3 5.874999999999999 44.625 0.8986943880869858
b 196 2 15 225
b 3 2 422 149
m 3 145 2 422 149
b 20 2 339 40
b 45 3 93 225
m 45 124 3 5.249999999999999 37.50000000000001 0.5
m 45 227 3 5.249999999999999 37.50000000000001 0.5
b 67 0 99 99
m 67 17 0 99 99
m 67 59 0 99 99
m 67 206 0 99 99
b 124 1 80 237
b 227 1 102 178
b 8 2 339 29
m 8 29 2 339 29
m 8 156 2 339 29
m 8 189 2 339 29
b 29 0 392 22
b 29 1 392 22
b 48 3 247 258
m 48 236 3 6.25 58.250000000000014 1.0
b 87 3 267 143
m 87 14 3 8.333333333333332 85.44444444444446 0.36002285397060546
m 87 52 3 8.333333333333332 85.44444444444446 0.36002285397060546
m 87 220 3 8.333333333333332 85.44444444444446 0.36002285397060546
m 87 64 3 8.333333333333332 85.44444444444446 0.36002285397060546
b 128 3 210 175
m 128 14 3 6.375 50.62500000000001 1.0
m 128 18 3 6.375 50.62500000000001 1.0
m 128 69 3 6.375 50.62500000000001 1.0
m 128 134 3 6.375 50.62500000000001 1.0
m 128 143 3 6.375 50.62500000000001 1.0
m 128 159 3 6.375 50.62500000000001 1.0
m 128 163 3 6.375 50.62500000000001 1.0
m 128 211 3 6.375 50.62500000000001 1.0
b 200 3 116 298
b 113 3 132 184
m 113 18 3 5.666666666666666 42.33333333333334 0.8829609363125095
m 113 131 3 5.666666666666666 42.33333333333334 0.8829609363125095
m 113 134 3 5.666666666666666 42.33333333333334 0.8829609363125095
m 113 143 3 5.666666666666666 42.33333333333334 0.8829609363125095
m 113 158 3 5.666666666666666 42.33333333333334 0.8829609363125095
m 113 163 3 5.666666666666666 42.33333333333334 0.8829609363125095
m 113 159 3 5.666666666666666 42.33333333333334 0.8829609363125095
m 113 227 3 5.666666666666666 42.33333333333334 0.8829609363125095
b 115 2 29 224
b 131 0 132 118
b 131 2 132 118
m 131 67 2 132 118
b 137 2 339 113
b 166 3 479 240
m 166 0 3 8.777777777777777 88.77777777777777 0.08628524271106727
b 173 2 455 126
b 196 1 17 227
b 204 2 360 141
b 213 1 153 193
b 34 2 40 281
b 62 0 350 75
b 62 1 350 75
b 63 2 284 89
b 101 2 29 300
b 133 2 454 121
m 133 114 2 454 121
m 133 145 2 454 121
m 133 192 2 454 121
m 133 221 2 454 121
b 161 0 79 88
m 161 17 0 79 88
m 161 59 0 79 88
m 161 206 0 79 88
b 161 2 79 88
b 169 0 290 50
b 222 0 54 74
m 222 5 0 54 74
m 222 17 0 54 74
m 222 59 0 54 74
m 222 72 0 54 74
m 222 147 0 54 74
m 222 206 0 54 74
m 222 231 0 54 74
b 222 2 54 74
m 222 5 2 54 74
m 222 17 2 54 74
m 222 59 2 54 74
m 222 67 2 54 74
m 222 71 2 54 74
m 222 72 2 54 74
m 222 147 2 54 74
m 222 206 2 54 74
m 222 231 2 54 74
b 67 1 100 103
b 84 3 263 178
m 84 14 3 6.5 53.00000000000001 1.0
m 84 18 3 6.5 53.00000000000001 1.0
m 84 31 3 6.5 53.00000000000001 1.0
m 84 52 3 6.5 53.00000000000001 1.0
m 84 64 3 6.5 53.00000000000001 1.0
m 84 66 3 6.5 53.00000000000001 1.0
m 84 69 3 6.5 53.00000000000001 1.0
m 84 134 3 6.5 53.00000000000001 1.0
m 84 164 3 6.5 53.00000000000001 1.0
m 84 211 3 6.5 53.00000000000001 1.0
b 130 3 471 236
m 130 121 3 9.0 92.55555555555556 0.11328349417201847
b 169 1 291 51
m 169 21 1 291 51
m 169 54 1 291 51
m 169 160 1 291 51
b 34 1 41 284
b 82 0 487 13
m 82 106 0 487 13
b 82 1 487 13
m 82 106 1 487 13
b 99 2 370 104
m 99 221 2 370 104
b 101 1 30 303
b 135 2 492 152
b 151 3 376 271
m 151 121 3 9.222222222222221 96.11111111111111 0.18897626275739787
m 151 107 3 9.222222222222221 96.11111111111111 0.18897626275739787
b 115 3 25 221
m 115 77 3 6.1 47.300000000000004 1.0
b 131 1 135 114
m 131 141 1 135 114
b 161 1 76 85
b 222 1 52 71
m 222 5 1 52 71
m 222 17 1 52 71
m 222 59 1 52 71
m 222 71 1 52 71
m 222 72 1 52 71
m 222 141 1 52 71
m 222 147 1 52 71
m 222 206 1 52 71
m 222 231 1 52 71
b 43 3 185 191
m 43 18 3 7.0 64.25000000000001 0.2623798076923077
b 93 0 154 67
m 93 73 0 154 67
b 114 0 492 85
b 114 1 492 85
b 177 0 472 22
m 177 106 0 472 22
b 177 1 472 22
m 177 106 1 472 22
b 182 0 186 82
m 182 73 0 186 82
b 182 1 186 82
b 182 2 186 82
b 1 3 46 204
m 1 77 3 5.900000000000001 43.1 0.5
m 1 227 3 5.900000000000001 43.1 0.5
b 62 2 351 82
m 62 29 2 351 82
m 62 156 2 351 82
m 62 189 2 351 82
b 102 0 188 13
m 102 73 0 188 13
m 102 79 0 188 13
b 102 2 188 13
m 102 73 2 188 13
m 102 79 2 188 13
m 102 235 2 188 13
b 204 3 357 148
m 204 220 3 8.666666666666666 93.7777777777778 0.4340524516105243
m 204 66 3 8.666666666666666 93.7777777777778 0.4340524516105243
m 204 62 3 8.666666666666666 93.7777777777778 0.4340524516105243
m 204 107 3 8.666666666666666 93.7777777777778 0.4340524516105243
m 204 12 3 8.666666666666666 93.7777777777778 0.4340524516105243
m 204 3 3 8.666666666666666 93.7777777777778 0.4340524516105243
m 204 99 3 8.666666666666666 93.7777777777778 0.4340524516105243
b 32 3 230 468
b 35 0 270 25
m 35 79 0 270 25
b 145 2 462 158
b 162 3 436 322
m 162 157 3 7.7 73.30000000000001 0.0013392548407076988
b 235 0 116 3
m 235 46 0 116 3
m 235 72 0 116 3
m 235 73 0 116 3
m 235 105 0 116 3
m 235 225 0 116 3
b 22 2 343 62
m 22 169 2 343 62
b 93 1 152 71
m 93 73 1 152 71
m 93 102 1 152 71
b 93 2 152 71
m 93 67 2 152 71
m 93 73 2 152 71
m 93 235 2 152 71
b 120 3 332 230
m 120 121 3 8.0 79.11111111111113 0.21704643873492638
b 35 1 269 27
b 227 3 100 191
m 227 57 3 4.888888888888888 33.777777777777786 0.5190274841437632
m 227 141 3 4.888888888888888 33.777777777777786 0.5190274841437632
b 192 2 397 40
m 192 41 2 397 40
m 192 106 2 397 40
m 192 177 2 397 40
b 213 3 164 197
m 213 57 3 4.777777777777777 33.44444444444446 0.02325581395348819
b 12 2 408 156
b 21 0 236 57
m 21 73 0 236 57
m 21 79 0 236 57
b 21 2 236 57
m 21 35 2 236 57
m 21 73 2 236 57
m 21 79 2 236 57
m 21 169 2 236 57
b 34 3 43 293
b 41 0 480 65
m 41 106 0 480 65
b 41 1 480 65
m 41 106 1 480 65
b 69 3 216 119
m 69 27 3 6.777777777777779 56.111111111111114 1.0
m 69 31 3 6.777777777777779 56.111111111111114 1.0
m 69 56 3 6.777777777777779 56.111111111111114 1.0
m 69 164 3 6.777777777777779 56.111111111111114 1.0
m 69 168 3 6.777777777777779 56.111111111111114 1.0
m 69 182 3 6.777777777777779 56.111111111111114 1.0
b 101 3 32 312
b 235 1 118 7
m 235 17 1 118 7
m 235 46 1 118 7
m 235 72 1 118 7
m 235 73 1 118 7
m 235 102 1 118 7
m 235 105 1 118 7
m 235 225 1 118 7
b 36 0 498 32
m 36 106 0 498 32
b 36 1 498 32
m 36 106 1 498 32
b 54 0 255 51
m 54 79 0 255 51
b 54 2 255 51
m 54 35 2 255 51
m 54 79 2 255 51
m 54 169 2 255 51
b 141 0 90 115
b 141 2 90 115
b 52 3 251 122
m 52 27 3 7.899999999999999 78.5 0.25
m 52 210 3 7.899999999999999 78.5 0.25
b 189 2 349 36
b 196 3 27 238
m 196 77 3 6.0 45.27272727272727 1.0
b 14 3 215 116
m 14 27 3 5.999999999999999 45.77777777777778 0.35132251183912677
m 14 63 3 5.999999999999999 45.77777777777778 0.35132251183912677
b 206 0 36 140
b 67 2 106 117
b 77 3 29 218
b 160 0 197 72
m 160 79 0 197 72
b 160 2 197 72
m 160 73 2 197 72
m 160 79 2 197 72
b 124 3 92 253
b 159 3 152 164
m 159 56 3 5.777777777777777 43.55555555555556 0.25
m 159 141 3 5.777777777777777 43.55555555555556 0.25
b 231 0 11 54
m 231 33 0 11 54
m 231 216 0 11 54
m 231 229 0 11 54
m 231 239 0 11 54
b 231 2 11 54
b 60 0 301 17
b 60 2 301 17
m 60 35 2 301 17
m 60 169 2 301 17
b 81 3 391 222
m 81 148 3 8.11111111111111 81.00000000000001 0.2767127919882705
m 81 142 3 8.11111111111111 81.00000000000001 0.2767127919882705
m 81 224 3 8.11111111111111 81.00000000000001 0.2767127919882705
b 163 3 143 127
m 163 56 3 6.11111111111111 47.22222222222222 0.5444810234634935
m 163 57 3 6.11111111111111 47.22222222222222 0.5444810234634935
m 163 141 3 6.11111111111111 47.22222222222222 0.5444810234634935
b 201 3 234 238
b 206 2 36 143
b 236 3 332 283
m 236 132 3 5.777777777777778 52.222222222222236 1.0
m 236 218 3 5.777777777777778 52.222222222222236 1.0
b 71 0 38 88
m 71 229 0 38 88
m 71 239 0 38 88
b 153 0 285 49
b 153 2 285 49
b 158 3 129 145
m 158 56 3 5.8 43.00000000000001 0.6406508325183736
m 158 228 3 5.8 43.00000000000001 0.6406508325183736
m 158 93 3 5.8 43.00000000000001 0.6406508325183736
m 158 57 3 5.8 43.00000000000001 0.6406508325183736
b 221 2 432 17
m 221 41 2 432 17
m 221 106 2 432 17
m 221 177 2 432 17
b 5 0 16 68
m 5 216 0 16 68
m 5 229 0 16 68
m 5 239 0 16 68
b 5 2 16 68
m 5 216 2 16 68
m 5 229 2 16 68
m 5 239 2 16 68
b 18 3 229 164
b 21 1 240 63
m 21 73 1 240 63
m 21 79 1 240 63
m 21 102 1 240 63
b 50 3 176 116
m 50 93 3 5.875 43.62500000000001 0.46880941602535064
b 156 2 299 57
m 156 35 2 299 57
b 54 1 263 52
b 134 3 228 193
b 143 3 173 106
m 143 67 3 6.444444444444443 52.888888888888886 0.8671060173466024
m 143 178 3 6.444444444444443 52.888888888888886 0.8671060173466024
m 143 73 3 6.444444444444443 52.888888888888886 0.8671060173466024
m 143 93 3 6.444444444444443 52.888888888888886 0.8671060173466024
m 143 182 3 6.444444444444443 52.888888888888886 0.8671060173466024
b 220 3 317 80
m 220 189 3 9.199999999999998 105.80000000000001 0.4557044659916966
m 220 16 3 9.199999999999998 105.80000000000001 0.4557044659916966
m 220 6 3 9.199999999999998 105.80000000000001 0.4557044659916966
m 220 22 3 9.199999999999998 105.80000000000001 0.4557044659916966
m 220 86 3 9.199999999999998 105.80000000000001 0.4557044659916966
m 220 63 3 9.199999999999998 105.80000000000001 0.4557044659916966
m 220 94 3 9.199999999999998 105.80000000000001 0.4557044659916966
b 231 1 10 50
b 0 3 461 215
m 0 30 3 8.7 86.30000000000001 0.10923678667741149
b 60 1 305 16
b 66 3 280 176
m 66 137 3 6.333333333333333 49.88888888888889 0.0773438973778533
b 155 3 351 293
m 155 132 3 4.777777777777778 34.111111111111114 1.0
m 155 224 3 4.777777777777778 34.111111111111114 1.0
b 169 2 306 64
m 169 35 2 306 64
b 206 1 35 147
b 64 3 305 145
m 64 63 3 7.999999999999998 79.4 0.2
m 64 148 3 7.999999999999998 79.4 0.2
b 106 0 439 7
b 106 1 439 7
b 121 3 357 258
m 121 186 3 8.5 84.89999999999999 0.03463547131733041
b 153 1 289 51
b 164 3 285 114
m 164 63 3 6.666666666666666 54.22222222222223 0.7535842293906809
m 164 210 3 6.666666666666666 54.22222222222223 0.7535842293906809
m 164 137 3 6.666666666666666 54.22222222222223 0.7535842293906809
m 164 153 3 6.666666666666666 54.22222222222223 0.7535842293906809
b 5 1 16 72
m 5 216 1 16 72
m 5 229 1 16 72
m 5 239 1 16 72
b 29 2 408 43
b 160 1 192 78
m 160 79 1 192 78
b 225 0 77 24
m 225 33 0 77 24
b 56 3 138 122
m 56 67 3 6.800000000000001 55.4 0.5972632296161708
m 56 44 3 6.800000000000001 55.4 0.5972632296161708
m 56 73 3 6.800000000000001 55.4 0.5972632296161708
m 56 178 3 6.800000000000001 55.4 0.5972632296161708
m 56 228 3 6.800000000000001 55.4 0.5972632296161708
b 3 3 413 177
m 3 135 3 8.6 90.80000000000003 0.12880702192807894
m 3 133 3 8.6 90.80000000000003 0.12880702192807894
b 27 3 250 108
m 27 21 3 6.7 54.1 0.3800591636412529
m 27 169 3 6.7 54.1 0.3800591636412529
m 27 153 3 6.7 54.1 0.3800591636412529
b 114 2 498 90
m 114 36 2 498 90
b 79 0 234 11
b 79 2 234 11
b 168 3 262 109
m 168 21 3 6.800000000000001 55.4 0.5972632296161708
m 168 160 3 6.800000000000001 55.4 0.5972632296161708
m 168 153 3 6.800000000000001 55.4 0.5972632296161708
m 168 169 3 6.800000000000001 55.4 0.5972632296161708
b 57 3 70 159
m 57 67 3 4.699999999999999 31.300000000000004 0.7066475665189174
m 57 206 3 4.699999999999999 31.300000000000004 0.7066475665189174
m 57 59 3 4.699999999999999 31.300000000000004 0.7066475665189174
b 105 0 109 18
m 105 33 0 109 18
b 225 1 80 27
m 225 33 1 80 27
b 71 1 42 79
m 71 216 1 42 79
m 71 229 1 42 79
m 71 239 1 42 79
b 211 3 292 171
m 211 172 3 5.5555555555555545 42.22222222222222 0.5
m 211 137 3 5.5555555555555545 42.22222222222222 0.5
b 17 0 114 49
b 46 0 91 11
b 148 3 309 177
m 148 186 3 7.6 73.80000000000001 0.3333333333333333
b 239 0 16 83
b 31 3 308 95
m 31 16 3 7.0 60.55555555555556 1.0
m 31 22 3 7.0 60.55555555555556 1.0
m 31 54 3 7.0 60.55555555555556 1.0
m 31 94 3 7.0 60.55555555555556 1.0
m 31 137 3 7.0 60.55555555555556 1.0
m 31 153 3 7.0 60.55555555555556 1.0
m 31 156 3 7.0 60.55555555555556 1.0
m 31 169 3 7.0 60.55555555555556 1.0
m 31 172 3 7.0 60.55555555555556 1.0
b 59 0 35 140
b 72 0 77 13
b 72 2 77 13
m 72 33 2 77 13
m 72 46 2 77 13
m 72 105 2 77 13
m 72 225 2 77 13
b 102 1 205 31
b 106 2 431 8
m 106 82 2 431 8
b 131 3 151 92
m 131 67 3 5.699999999999999 41.70000000000001 0.4731656692201007
m 131 17 3 5.699999999999999 41.70000000000001 0.4731656692201007
m 131 73 3 5.699999999999999 41.70000000000001 0.4731656692201007
b 105 1 113 20
m 105 33 1 113 20
b 132 3 298 299
b 17 2 117 49
m 17 33 2 117 49
m 17 46 2 117 49
m 17 105 2 117 49
m 17 225 2 117 49
b 35 2 264 49
b 41 2 484 85
m 41 36 2 484 85
b 71 2 44 75
m 71 225 2 44 75
b 99 3 357 131
m 99 172 3 8.1 85.30000000000003 0.3333333333333333
b 239 2 17 86
b 46 1 95 12
m 46 33 1 95 12
b 59 2 36 143
b 107 3 341 236
m 107 186 3 8.5 86.9 0.5
m 107 172 3 8.5 86.9 0.5
b 147 0 40 57
b 147 2 40 57
m 147 33 2 40 57
m 147 225 2 40 57
b 178 3 164 34
m 178 44 3 6.399999999999999 51.2 0.33052366530436655
m 178 17 3 6.399999999999999 51.2 0.33052366530436655
b 218 3 321 237
b 72 1 81 10
m 72 33 1 81 10
b 235 2 130 27
b 86 3 396 52
b 216 0 12 48
b 17 1 121 50
m 17 33 1 121 50
b 30 3 412 136
m 30 173 3 8.363636363636363 80.72727272727273 0.0489337716743187
b 62 3 355 112
m 62 20 3 8.3 86.90000000000002 0.2
m 62 207 3 8.3 86.90000000000002 0.2
b 73 0 169 71
b 141 1 98 93
b 189 3 369 47
m 189 20 3 9.18181818181818 103.54545454545455 0.06889638476882161
b 239 1 18 90
b 59 1 36 147
b 63 3 273 126
m 63 156 3 5.8 42.800000000000004 0.1955589285222802
b 67 3 114 137
b 94 3 373 65
b 147 1 43 54
m 147 33 1 43 54
b 73 2 169 73
b 157 3 379 334
m 157 194 3 7.090909090909091 66.72727272727273 1.0
b 169 3 320 75
m 169 20 3 6.7272727272727275 53.63636363636363 0.4390341817029791
m 169 54 3 6.7272727272727275 53.63636363636363 0.4390341817029791
m 169 60 3 6.7272727272727275 53.63636363636363 0.4390341817029791
b 177 2 495 34
m 177 82 2 495 34
b 182 3 163 108
b 210 3 268 34
m 210 35 3 7.909090909090908 77.18181818181817 0.3774909641496532
m 210 8 3 7.909090909090908 77.18181818181817 0.3774909641496532
m 210 54 3 7.909090909090908 77.18181818181817 0.3774909641496532
m 210 61 3 7.909090909090908 77.18181818181817 0.3774909641496532
b 216 2 11 51
b 44 3 125 28
m 44 72 3 6.909090909090909 56.18181818181819 0.6730530486872935
m 44 225 3 6.909090909090909 56.18181818181819 0.6730530486872935
m 44 46 3 6.909090909090909 56.18181818181819 0.6730530486872935
m 44 105 3 6.909090909090909 56.18181818181819 0.6730530486872935
m 44 17 3 6.909090909090909 56.18181818181819 0.6730530486872935
b 79 1 247 13
b 6 3 365 28
m 6 8 3 9.18181818181818 103.54545454545455 0.06889638476882161
b 12 3 409 185
m 12 226 3 8.1 85.30000000000003 0.3333333333333333
b 73 1 169 75
b 224 3 423 297
b 141 3 100 87
m 141 161 3 4.8 32.00000000000001 0.7891879438391066
m 141 71 3 4.8 32.00000000000001 0.7891879438391066
b 216 1 11 55
b 228 3 131 31
m 228 33 3 5.909090909090909 43.54545454545455 0.6451020045557222
m 228 105 3 5.909090909090909 43.54545454545455 0.6451020045557222
m 228 102 3 5.909090909090909 43.54545454545455 0.6451020045557222
m 228 225 3 5.909090909090909 43.54545454545455 0.6451020045557222
m 228 72 3 5.909090909090909 43.54545454545455 0.6451020045557222
b 22 3 324 91
m 22 207 3 8.909090909090907 99.45454545454545 0.16666666666666666
m 22 60 3 8.909090909090907 99.45454545454545 0.16666666666666666
b 82 2 485 2
b 93 3 137 102
b 206 3 28 170
m 206 239 3 4.363636363636363 28.54545454545455 1.0
b 33 0 94 8
b 225 2 94 40
b 229 0 27 63
b 133 3 486 157
m 133 39 3 8.363636363636363 85.81818181818183 0.09121275836100297
b 137 3 335 161
b 36 2 495 68
b 16 3 330 17
m 16 192 3 8.818181818181817 98.45454545454545 0.2
m 16 60 3 8.818181818181817 98.45454545454545 0.2
b 229 2 29 66
b 61 3 306 5
m 61 192 3 7.416666666666666 71.08333333333331 0.5
b 105 2 127 32
b 135 3 476 197
m 135 174 3 8.181818181818182 84.00000000000001 0.007855870274932416
b 142 3 479 260
m 142 2 3 7.3999999999999995 73.0 1.0
b 21 3 260 90
m 21 102 3 6.2727272727272725 49.54545454545455 0.5
m 21 79 3 6.2727272727272725 49.54545454545455 0.5
b 46 2 114 15
b 73 3 171 87
m 73 102 3 5.999999999999999 48.0 0.5
b 156 3 293 90
b 229 1 31 69
b 225 3 100 46
m 225 222 3 6.666666666666666 52.833333333333336 0.03899237219332276
b 20 3 398 48
m 20 29 3 8.0 81.27272727272728 0.2065637288919732
m 20 192 3 8.0 81.27272727272728 0.2065637288919732
b 153 3 320 62
b 186 3 338 207
b 33 1 105 9
b 160 3 170 104
m 160 235 3 6.2727272727272725 50.45454545454546 1.0
b 173 3 495 97
m 173 177 3 8.083333333333334 76.08333333333334 0.05029001515179684
b 226 3 490 168
m 226 41 3 7.636363636363636 78.36363636363637 0.34273994571922045
m 226 2 3 7.636363636363636 78.36363636363637 0.34273994571922045
b 54 3 300 60
m 54 79 3 6.3999999999999995 54.6 1.0
b 172 3 293 144
b 239 3 22 111
m 239 5 3 4.416666666666667 28.250000000000004 1.0
m 239 216 3 4.416666666666667 28.250000000000004 1.0
m 239 229 3 4.416666666666667 28.250000000000004 1.0
b 8 3 295 3
m 8 79 3 7.416666666666666 71.08333333333331 0.5
m 8 192 3 7.416666666666666 71.08333333333331 0.5
b 35 3 257 75
m 35 79 3 7.333333333333332 70.83333333333331 1.0
b 105 3 134 38
m 105 235 3 6.416666666666666 51.583333333333336 1.0
b 33 2 108 9
b 39 3 486 67
b 46 3 123 17
m 46 235 3 6.5 51.833333333333336 0.5
m 46 147 3 6.5 51.833333333333336 0.5
b 59 3 39 171
m 59 5 3 4.363636363636363 28.54545454545455 1.0
b 17 3 148 56
m 17 235 3 5.272727272727272 38.000000000000014 1.0
b 102 3 228 56
b 207 3 397 25
m 207 106 3 7.909090909090909 80.45454545454547 0.1578529437571291
b 194 3 413 346
m 194 25 3 6.666666666666667 61.500000000000014 1.0
b 192 3 349 9
m 192 106 3 8.249999999999998 90.58333333333333 0.5
m 192 215 3 8.249999999999998 90.58333333333333 0.5
b 2 3 489 261
b 72 3 97 18
m 72 147 3 6.416666666666666 51.583333333333336 1.0
b 60 3 354 8
m 60 106 3 6.333333333333334 49.5 0.5
m 60 215 3 6.333333333333334 49.5 0.5
b 33 3 119 10
m 33 147 3 5.5 40.0 1.0
b 79 3 280 19
b 71 3 62 36
m 71 231 3 4.454545454545454 29.181818181818187 1.0
b 161 3 23 37
m 161 231 3 4.454545454545454 29.181818181818187 1.0
b 222 3 15 9
m 222 231 3 6.230769230769231 48.84615384615385 1.0
b 174 3 401 136
m 174 145 3 7.583333333333333 77.08333333333334 1.0
b 216 3 11 90
b 5 3 16 127
b 41 3 493 132
m 41 36 3 7.166666666666667 72.16666666666667 0.18203513348296493
b 29 3 442 90
b 215 3 338 61
b 106 3 377 13
m 106 221 3 7.333333333333333 73.83333333333334 1.0
b 177 3 473 76
m 177 36 3 7.769230769230769 71.46153846153847 0.03931927910037289
b 235 3 154 72
b 25 3 423 396
m 25 19 3 6.307692307692308 57.076923076923094 1.0
b 229 3 49 99
b 145 3 396 212
b 231 3 13 11
b 147 3 87 17
b 36 3 491 121
b 221 3 439 74
m 221 82 3 6.923076923076923 68.46153846153847 1.0
b 19 3 327 410
m 19 152 3 6.000000000000002 53.2857142857143 1.0
m 19 165 3 6.000000000000002 53.2857142857143 1.0
b 82 3 460 71
b 152 3 307 430
b 165 3 270 453
