Key: 
t: node change direction (node id, x, y, new direction)
s: node start location (node id, x, y, start direction, buffer)
m: message transfer (sender id, target id, messageType, sender x, sender y
b: broadcast (node id, message type, x, y)
148 301 79 278
s 0 308 203 130 12
s 1 62 298 104 9
s 2 391 387 190 9
s 3 295 77 285 4
s 4 393 358 15 8
s 5 30 62 126 2
s 6 395 241 18 12
s 7 159 85 64 9
s 8 87 483 197 12
s 9 428 429 224 1
s 10 187 324 273 20
s 11 266 73 239 17
s 12 364 123 184 13
s 13 314 434 63 5
s 14 383 373 358 13
s 15 233 86 31 10
s 16 94 28 327 19
s 17 169 498 272 8
s 18 236 2 166 18
s 19 284 236 250 12
s 20 30 250 158 2
s 21 290 92 320 6
s 22 44 70 143 13
s 23 311 202 292 1
s 24 385 381 102 7
s 25 300 34 303 0
s 26 360 413 161 18
s 27 327 136 264 5
s 28 327 60 173 18
s 29 466 374 344 11
s 30 5 251 166 18
s 31 63 62 231 17
s 32 450 282 299 5
s 33 118 360 229 7
s 34 235 395 52 20
s 35 313 299 328 15
s 36 446 376 57 15
s 37 135 17 342 2
s 38 24 261 312 12
s 39 279 148 279 0
s 40 366 92 43 5
s 41 301 324 345 9
s 42 313 223 100 14
s 43 274 487 128 12
s 44 58 297 229 9
s 45 228 499 146 21
s 46 104 455 48 5
s 47 487 113 204 15
s 48 436 122 345 3
s 49 82 341 155 9
s 50 145 122 347 16
s 51 339 39 242 12
s 52 431 102 350 0
s 53 476 54 291 7
s 54 481 153 178 20
s 55 49 99 341 17
s 56 34 476 232 4
s 57 132 376 322 12
s 58 443 243 150 8
s 59 25 76 3 19
s 60 449 215 117 0
s 61 298 316 34 22
s 62 148 301 105 15
s 63 57 173 170 4
s 64 466 157 84 19
s 65 327 133 294 14
s 66 388 248 0 0
s 67 463 475 12 13
s 68 184 300 359 18
s 69 428 155 109 7
s 70 210 299 257 6
s 71 446 112 123 13
s 72 314 309 177 15
s 73 276 342 134 17
s 74 274 291 173 18
s 75 296 169 124 20
s 76 270 158 48 17
s 77 447 413 4 18
s 78 498 101 157 3
s 79 400 379 334 17
s 80 314 105 322 3
s 81 57 153 10 3
s 82 215 285 167 14
s 83 135 440 203 1
s 84 477 246 186 5
s 85 496 370 150 4
s 86 475 301 105 12
s 87 231 303 172 16
s 88 3 383 59 14
s 89 252 281 225 9
s 90 303 6 235 18
s 91 65 494 239 17
s 92 497 250 250 22
s 93 70 382 164 7
s 94 120 30 335 20
s 95 40 39 260 5
s 96 430 294 238 6
s 97 11 163 283 13
s 98 157 173 147 13
s 99 319 248 186 22
s 100 79 278 106 4
s 101 434 274 140 5
s 102 62 158 165 20
s 103 95 62 285 15
s 104 404 332 65 3
s 105 478 8 127 22
s 106 6 275 100 0
s 107 382 365 17 3
s 108 276 349 23 11
s 109 296 189 310 3
s 110 411 371 116 14
s 111 496 37 302 3
s 112 341 239 37 3
s 113 43 278 60 13
s 114 21 84 209 6
s 115 377 213 269 13
s 116 197 496 67 7
s 117 42 216 89 17
s 118 305 347 90 22
s 119 299 63 128 13
s 120 417 413 294 3
s 121 18 198 291 9
s 122 254 334 6 14
s 123 258 39 125 12
s 124 270 415 283 8
s 125 407 246 13 12
s 126 367 379 40 16
s 127 413 385 122 17
s 128 360 68 249 3
s 129 454 108 315 5
s 130 175 271 37 12
s 131 406 279 249 8
s 132 167 224 322 11
s 133 143 145 10 15
s 134 344 399 339 14
s 135 221 313 332 2
s 136 316 9 40 8
s 137 434 0 155 20
s 138 405 308 179 19
s 139 397 50 216 8
s 140 138 15 163 14
s 141 310 426 359 5
s 142 365 9 126 18
s 143 457 204 204 8
s 144 380 33 256 7
s 145 316 285 210 9
s 146 379 227 58 19
s 147 298 494 73 4
s 148 160 5 281 11
s 149 491 259 179 13
s 150 360 223 21 9
s 151 51 492 123 12
s 152 486 78 259 8
s 153 14 414 1 10
s 154 307 428 231 12
s 155 11 268 125 0
s 156 401 236 337 8
s 157 319 274 46 8
s 158 294 270 75 13
s 159 242 366 119 8
s 160 483 353 268 17
s 161 39 121 175 13
s 162 398 402 189 13
s 163 257 97 146 10
s 164 147 365 54 16
s 165 359 216 296 10
s 166 40 422 52 13
s 167 386 337 113 1
s 168 349 338 297 16
s 169 124 175 34 2
s 170 468 186 304 22
s 171 482 441 160 12
s 172 447 248 83 17
s 173 490 172 32 5
s 174 284 440 355 2
s 175 36 49 31 0
s 176 121 151 323 3
s 177 434 157 348 15
s 178 162 226 154 22
s 179 29 447 119 13
s 180 375 113 148 10
s 181 65 182 69 11
s 182 20 351 283 13
s 183 472 310 266 19
s 184 238 393 183 13
s 185 414 398 219 5
s 186 140 160 280 13
s 187 98 465 286 1
s 188 412 269 332 19
s 189 266 193 95 7
s 190 303 406 137 14
s 191 483 465 129 3
s 192 126 231 344 9
s 193 20 343 230 17
s 194 218 185 20 8
s 195 97 71 253 4
s 196 97 404 335 17
s 197 170 436 318 22
s 198 54 173 231 13
s 199 355 318 187 9
s 200 474 87 282 8
s 201 161 231 334 12
s 202 71 284 347 20
s 203 144 127 298 5
s 204 203 169 256 4
s 205 180 409 8 19
s 206 341 374 34 18
s 207 107 498 336 3
s 208 282 433 224 6
s 209 323 101 81 16
s 210 219 213 48 6
s 211 91 50 262 3
s 212 324 335 259 15
s 213 117 315 254 1
s 214 167 159 332 21
s 215 175 211 224 19
s 216 379 313 181 18
s 217 468 269 336 14
s 218 174 291 38 9
s 219 64 87 185 6
s 220 403 492 131 5
s 221 355 391 167 13
s 222 459 192 129 10
s 223 341 14 297 10
s 224 230 338 21 7
s 225 419 30 73 20
s 226 207 128 218 17
s 227 152 18 169 13
s 228 319 315 252 11
s 229 45 211 139 21
s 230 28 477 238 8
s 231 360 332 155 4
s 232 1 37 348 16
s 233 87 482 61 2
s 234 362 89 29 13
s 235 474 326 134 7
s 236 311 116 225 19
s 237 74 160 344 20
s 238 438 50 68 3
s 239 327 78 279 21
b 62 0 145 314
m 62 100 0 145 314
b 62 1 145 314
m 62 100 1 145 314
b 62 2 145 314
m 62 100 2 145 314
b 62 3 145 314
m 62 100 3 0.0 0.0 1.0
