Key: 
t: node change direction (node id, x, y, new direction)
s: node start location (node id, x, y, start direction, buffer)
m: message transfer (sender id, target id, messageType, sender x, sender y
b: broadcast (node id, message type, x, y)
410 191 61 487
s 0 359 381 259 18
s 1 422 319 101 8
s 2 266 495 165 1
s 3 300 455 338 20
s 4 177 332 28 21
s 5 294 342 69 13
s 6 494 296 289 20
s 7 320 472 145 4
s 8 196 339 32 4
s 9 101 276 40 20
s 10 184 453 98 17
s 11 331 77 337 6
s 12 225 478 12 17
s 13 296 111 111 5
s 14 325 383 204 21
s 15 144 114 330 8
s 16 459 326 0 18
s 17 338 475 157 0
s 18 233 234 178 17
s 19 128 279 285 6
s 20 187 453 76 20
s 21 39 497 34 22
s 22 18 77 285 10
s 23 361 373 244 0
s 24 142 225 205 0
s 25 341 224 196 19
s 26 465 228 58 16
s 27 267 348 261 18
s 28 305 385 192 8
s 29 459 396 205 20
s 30 80 132 158 14
s 31 77 404 318 6
s 32 299 371 123 6
s 33 36 40 107 18
s 34 57 176 5 14
s 35 364 419 88 14
s 36 314 282 50 18
s 37 302 486 346 20
s 38 173 317 309 20
s 39 249 374 238 22
s 40 304 137 254 18
s 41 140 25 50 14
s 42 87 49 326 11
s 43 34 444 78 21
s 44 484 218 78 4
s 45 4 48 174 14
s 46 222 472 44 10
s 47 64 234 102 16
s 48 395 277 241 2
s 49 306 81 65 3
s 50 371 89 73 6
s 51 494 150 287 17
s 52 92 225 216 4
s 53 121 234 66 11
s 54 317 408 62 11
s 55 409 173 180 7
s 56 200 122 207 14
s 57 440 103 160 8
s 58 214 23 138 18
s 59 342 256 354 16
s 60 337 369 20 15
s 61 204 258 309 13
s 62 61 487 168 15
s 63 224 340 136 2
s 64 80 408 37 4
s 65 385 429 21 16
s 66 57 132 323 10
s 67 104 387 103 15
s 68 344 38 36 15
s 69 142 68 22 12
s 70 167 356 316 3
s 71 193 82 185 10
s 72 230 82 45 0
s 73 338 414 88 4
s 74 133 420 161 8
s 75 322 223 237 14
s 76 11 147 268 0
s 77 138 209 93 10
s 78 225 420 54 5
s 79 316 45 343 4
s 80 123 101 299 1
s 81 453 161 169 6
s 82 349 319 175 1
s 83 45 53 171 15
s 84 93 62 113 3
s 85 87 200 218 8
s 86 178 277 338 19
s 87 64 133 346 9
s 88 491 344 298 10
s 89 229 32 159 19
s 90 277 441 72 13
s 91 212 32 305 16
s 92 44 179 36 15
s 93 271 376 131 7
s 94 185 451 171 21
s 95 408 416 128 22
s 96 174 376 39 4
s 97 385 218 82 9
s 98 211 33 152 19
s 99 72 56 183 13
s 100 232 225 323 5
s 101 389 273 225 19
s 102 155 392 69 19
s 103 181 234 122 8
s 104 286 452 148 13
s 105 88 239 9 14
s 106 414 423 155 22
s 107 371 305 133 2
s 108 325 456 359 16
s 109 89 261 292 13
s 110 386 340 171 15
s 111 311 345 358 11
s 112 276 239 357 16
s 113 479 407 116 11
s 114 276 349 99 11
s 115 183 121 216 9
s 116 205 75 326 15
s 117 266 235 49 6
s 118 338 260 153 5
s 119 130 107 229 4
s 120 83 409 125 3
s 121 103 376 58 3
s 122 252 216 221 14
s 123 390 15 322 22
s 124 440 289 137 7
s 125 47 340 90 4
s 126 227 195 178 12
s 127 49 292 222 5
s 128 207 313 209 18
s 129 446 43 267 19
s 130 56 416 76 2
s 131 426 226 42 9
s 132 453 89 166 0
s 133 476 283 117 14
s 134 218 9 345 7
s 135 59 274 336 14
s 136 167 143 259 13
s 137 440 204 350 22
s 138 211 5 59 17
s 139 36 374 38 15
s 140 143 408 143 6
s 141 69 447 226 18
s 142 149 100 83 6
s 143 96 443 19 17
s 144 385 64 152 20
s 145 381 463 235 15
s 146 209 140 54 15
s 147 424 383 127 0
s 148 358 2 295 2
s 149 2 131 232 19
s 150 330 312 146 18
s 151 466 328 118 7
s 152 244 433 226 4
s 153 372 30 185 5
s 154 109 297 337 7
s 155 287 455 61 8
s 156 222 459 179 16
s 157 354 360 40 16
s 158 76 374 35 20
s 159 144 39 81 4
s 160 102 369 196 15
s 161 487 193 96 3
s 162 87 432 38 18
s 163 355 35 182 3
s 164 462 417 222 2
s 165 418 350 120 6
s 166 281 352 232 17
s 167 377 254 68 19
s 168 242 40 292 19
s 169 25 329 175 21
s 170 17 359 354 8
s 171 198 291 25 22
s 172 498 163 123 3
s 173 244 328 256 5
s 174 453 186 222 16
s 175 146 117 133 1
s 176 327 158 19 0
s 177 287 483 158 10
s 178 332 256 8 6
s 179 148 297 48 22
s 180 182 438 54 1
s 181 191 27 135 14
s 182 243 38 295 14
s 183 188 27 181 9
s 184 53 315 206 0
s 185 1 143 59 6
s 186 25 319 163 11
s 187 365 201 233 14
s 188 202 364 338 5
s 189 391 308 333 4
s 190 149 300 95 6
s 191 377 416 18 12
s 192 336 407 216 6
s 193 84 486 160 0
s 194 255 233 111 1
s 195 142 304 291 0
s 196 290 77 251 16
s 197 157 1 178 9
s 198 188 209 122 21
s 199 398 266 349 2
s 200 480 8 261 8
s 201 108 475 75 10
s 202 183 213 303 20
s 203 220 98 214 22
s 204 495 230 4 14
s 205 486 136 341 12
s 206 453 184 187 16
s 207 283 203 45 20
s 208 405 212 127 4
s 209 412 321 228 1
s 210 263 57 312 3
s 211 462 417 58 11
s 212 410 191 193 1
s 213 438 420 61 4
s 214 98 85 229 22
s 215 492 169 305 3
s 216 128 44 75 7
s 217 472 455 266 10
s 218 345 203 276 22
s 219 414 22 254 4
s 220 369 361 221 21
s 221 296 398 131 3
s 222 430 241 125 3
s 223 344 262 57 3
s 224 337 205 133 17
s 225 234 267 244 2
s 226 75 467 38 0
s 227 347 19 162 5
s 228 258 187 348 21
s 229 34 367 204 10
s 230 394 215 150 13
s 231 235 494 140 13
s 232 492 15 94 17
s 233 259 4 291 9
s 234 194 235 211 15
s 235 43 155 149 2
s 236 183 37 297 19
s 237 251 260 258 19
s 238 376 402 162 7
s 239 217 302 275 14
b 212 0 397 188
m 212 55 0 397 188
m 212 81 0 397 188
m 212 97 0 397 188
m 212 131 0 397 188
m 212 137 0 397 188
m 212 167 0 397 188
m 212 174 0 397 188
m 212 187 0 397 188
m 212 206 0 397 188
m 212 208 0 397 188
m 212 218 0 397 188
m 212 222 0 397 188
m 212 224 0 397 188
m 212 230 0 397 188
b 212 1 397 188
m 212 55 1 397 188
m 212 81 1 397 188
m 212 97 1 397 188
m 212 131 1 397 188
m 212 137 1 397 188
m 212 167 1 397 188
m 212 174 1 397 188
m 212 187 1 397 188
m 212 206 1 397 188
m 212 208 1 397 188
m 212 218 1 397 188
m 212 222 1 397 188
m 212 224 1 397 188
m 212 230 1 397 188
b 212 2 397 188
m 212 55 2 397 188
m 212 81 2 397 188
m 212 97 2 397 188
m 212 131 2 397 188
m 212 137 2 397 188
m 212 167 2 397 188
m 212 174 2 397 188
m 212 187 2 397 188
m 212 206 2 397 188
m 212 208 2 397 188
m 212 218 2 397 188
m 212 222 2 397 188
m 212 224 2 397 188
m 212 230 2 397 188
b 212 3 397 188
m 212 55 3 15.0 225.0 1.0
m 212 81 3 15.0 225.0 1.0
m 212 97 3 15.0 225.0 1.0
m 212 131 3 15.0 225.0 1.0
m 212 137 3 15.0 225.0 1.0
m 212 167 3 15.0 225.0 1.0
m 212 174 3 15.0 225.0 1.0
m 212 187 3 15.0 225.0 1.0
m 212 206 3 15.0 225.0 1.0
m 212 208 3 15.0 225.0 1.0
m 212 218 3 15.0 225.0 1.0
m 212 222 3 15.0 225.0 1.0
m 212 224 3 15.0 225.0 1.0
m 212 230 3 15.0 225.0 1.0
b 222 0 414 264
m 222 26 0 414 264
m 222 44 0 414 264
m 222 48 0 414 264
m 222 101 0 414 264
m 222 124 0 414 264
m 222 133 0 414 264
m 222 189 0 414 264
m 222 199 0 414 264
m 222 223 0 414 264
b 222 1 414 264
m 222 26 1 414 264
m 222 44 1 414 264
m 222 48 1 414 264
m 222 101 1 414 264
m 222 124 1 414 264
m 222 133 1 414 264
m 222 189 1 414 264
m 222 199 1 414 264
m 222 223 1 414 264
b 222 2 414 264
m 222 26 2 414 264
m 222 44 2 414 264
m 222 48 2 414 264
m 222 101 2 414 264
m 222 124 2 414 264
m 222 133 2 414 264
m 222 189 2 414 264
m 222 199 2 414 264
m 222 223 2 414 264
b 222 3 414 264
m 222 44 3 14.0 198.0 0.8265306122448981
m 222 133 3 14.0 198.0 0.8265306122448981
m 222 223 3 14.0 198.0 0.8265306122448981
m 222 101 3 14.0 198.0 0.8265306122448981
m 222 124 3 14.0 198.0 0.8265306122448981
m 222 189 3 14.0 198.0 0.8265306122448981
m 222 48 3 14.0 198.0 0.8265306122448981
b 208 0 387 235
m 208 25 0 387 235
m 208 48 0 387 235
m 208 59 0 387 235
m 208 101 0 387 235
m 208 178 0 387 235
m 208 199 0 387 235
m 208 223 0 387 235
b 208 1 387 235
m 208 25 1 387 235
m 208 48 1 387 235
m 208 59 1 387 235
m 208 101 1 387 235
m 208 178 1 387 235
m 208 199 1 387 235
m 208 223 1 387 235
b 208 2 387 235
b 208 3 387 235
m 208 48 3 12.333333333333334 166.33333333333334 0.08880308880308885
b 81 0 423 167
m 81 51 0 423 167
m 81 57 0 423 167
m 81 132 0 423 167
m 81 172 0 423 167
m 81 205 0 423 167
m 81 215 0 423 167
b 81 1 423 167
b 81 2 423 167
m 81 51 2 423 167
m 81 57 2 423 167
m 81 132 2 423 167
m 81 172 2 423 167
m 81 205 2 423 167
m 81 215 2 423 167
b 81 3 423 167
m 81 57 3 12.333333333333334 166.33333333333334 0.08880308880308885
b 55 0 377 173
m 55 50 0 377 173
m 55 57 0 377 173
m 55 176 0 377 173
b 55 1 377 173
m 55 50 1 377 173
m 55 57 1 377 173
m 55 176 1 377 173
b 55 2 377 173
m 55 50 2 377 173
m 55 57 2 377 173
m 55 176 2 377 173
b 55 3 377 173
m 55 57 3 11.0 153.0 0.3333333333333333
b 97 0 390 251
m 97 48 0 390 251
m 97 59 0 390 251
m 97 101 0 390 251
m 97 124 0 390 251
m 97 178 0 390 251
m 97 189 0 390 251
m 97 199 0 390 251
m 97 209 0 390 251
m 97 223 0 390 251
b 97 1 390 251
m 97 48 1 390 251
m 97 59 1 390 251
m 97 101 1 390 251
m 97 124 1 390 251
m 97 178 1 390 251
m 97 189 1 390 251
m 97 199 1 390 251
m 97 209 1 390 251
m 97 223 1 390 251
b 97 2 390 251
b 97 3 390 251
m 97 48 3 13.333333333333334 183.33333333333334 0.6339285714285714
m 97 124 3 13.333333333333334 183.33333333333334 0.6339285714285714
m 97 189 3 13.333333333333334 183.33333333333334 0.6339285714285714
m 97 223 3 13.333333333333334 183.33333333333334 0.6339285714285714
m 97 209 3 13.333333333333334 183.33333333333334 0.6339285714285714
m 97 199 3 13.333333333333334 183.33333333333334 0.6339285714285714
b 131 0 451 249
m 131 26 0 451 249
m 131 44 0 451 249
m 131 48 0 451 249
m 131 101 0 451 249
m 131 124 0 451 249
m 131 133 0 451 249
m 131 161 0 451 249
m 131 172 0 451 249
m 131 189 0 451 249
m 131 199 0 451 249
m 131 204 0 451 249
b 131 1 451 249
b 131 2 451 249
m 131 26 2 451 249
m 131 44 2 451 249
m 131 48 2 451 249
m 131 101 2 451 249
m 131 124 2 451 249
m 131 133 2 451 249
m 131 161 2 451 249
m 131 172 2 451 249
m 131 189 2 451 249
m 131 199 2 451 249
m 131 204 2 451 249
b 131 3 451 249
m 131 44 3 14.0 198.0 0.8265306122448981
m 131 101 3 14.0 198.0 0.8265306122448981
m 131 133 3 14.0 198.0 0.8265306122448981
m 131 124 3 14.0 198.0 0.8265306122448981
m 131 161 3 14.0 198.0 0.8265306122448981
m 131 48 3 14.0 198.0 0.8265306122448981
m 131 172 3 14.0 198.0 0.8265306122448981
m 131 189 3 14.0 198.0 0.8265306122448981
m 131 204 3 14.0 198.0 0.8265306122448981
b 230 0 361 234
m 230 25 0 361 234
m 230 48 0 361 234
m 230 59 0 361 234
m 230 101 0 361 234
m 230 112 0 361 234
m 230 176 0 361 234
m 230 178 0 361 234
m 230 199 0 361 234
m 230 207 0 361 234
m 230 223 0 361 234
b 230 1 361 234
m 230 25 1 361 234
m 230 48 1 361 234
m 230 59 1 361 234
m 230 101 1 361 234
m 230 112 1 361 234
m 230 176 1 361 234
m 230 178 1 361 234
m 230 199 1 361 234
m 230 207 1 361 234
m 230 223 1 361 234
b 230 2 361 234
b 230 3 361 234
m 230 48 3 14.0 198.0 0.8265306122448981
m 230 25 3 14.0 198.0 0.8265306122448981
m 230 59 3 14.0 198.0 0.8265306122448981
m 230 199 3 14.0 198.0 0.8265306122448981
m 230 101 3 14.0 198.0 0.8265306122448981
m 230 112 3 14.0 198.0 0.8265306122448981
m 230 178 3 14.0 198.0 0.8265306122448981
m 230 176 3 14.0 198.0 0.8265306122448981
b 187 0 341 169
m 187 25 0 341 169
m 187 75 0 341 169
m 187 112 0 341 169
m 187 176 0 341 169
m 187 207 0 341 169
b 187 1 341 169
b 187 2 341 169
m 187 25 2 341 169
m 187 75 2 341 169
m 187 112 2 341 169
m 187 176 2 341 169
m 187 207 2 341 169
b 187 3 341 169
m 187 112 3 12.666666666666666 171.33333333333334 0.3223684210526312
m 187 75 3 12.666666666666666 171.33333333333334 0.3223684210526312
b 174 0 423 158
m 174 57 0 423 158
m 174 172 0 423 158
m 174 204 0 423 158
m 174 205 0 423 158
m 174 215 0 423 158
b 174 1 423 158
b 174 2 423 158
m 174 57 2 423 158
m 174 172 2 423 158
m 174 204 2 423 158
m 174 205 2 423 158
m 174 215 2 423 158
b 174 3 423 158
m 174 204 3 12.666666666666666 171.33333333333334 0.3223684210526312
m 174 172 3 12.666666666666666 171.33333333333334 0.3223684210526312
b 206 0 412 179
m 206 57 0 412 179
m 206 172 0 412 179
m 206 176 0 412 179
m 206 204 0 412 179
m 206 205 0 412 179
m 206 215 0 412 179
b 206 1 412 179
m 206 57 1 412 179
m 206 172 1 412 179
m 206 176 1 412 179
m 206 204 1 412 179
m 206 205 1 412 179
m 206 215 1 412 179
b 206 2 412 179
m 206 57 2 412 179
m 206 172 2 412 179
m 206 176 2 412 179
m 206 204 2 412 179
m 206 205 2 412 179
m 206 215 2 412 179
b 206 3 412 179
m 206 205 3 12.333333333333334 166.33333333333334 0.08880308880308885
b 48 0 375 240
m 48 36 0 375 240
m 48 112 0 375 240
m 48 118 0 375 240
m 48 209 0 375 240
b 48 1 375 240
m 48 36 1 375 240
m 48 112 1 375 240
m 48 118 1 375 240
m 48 209 1 375 240
b 48 2 375 240
b 48 3 375 240
m 48 59 3 12.25 160.75 0.34616011444506817
m 48 36 3 12.25 160.75 0.34616011444506817
m 48 112 3 12.25 160.75 0.34616011444506817
b 199 0 439 257
m 199 161 0 439 257
m 199 209 0 439 257
b 199 1 439 257
m 199 161 1 439 257
m 199 209 1 439 257
b 199 2 439 257
m 199 59 2 439 257
m 199 161 2 439 257
m 199 178 2 439 257
m 199 209 2 439 257
b 224 0 308 236
m 224 75 0 308 236
m 224 112 0 308 236
m 224 117 0 308 236
m 224 118 0 308 236
m 224 207 0 308 236
m 224 228 0 308 236
m 224 237 0 308 236
b 224 1 308 236
m 224 75 1 308 236
m 224 112 1 308 236
m 224 117 1 308 236
m 224 118 1 308 236
m 224 207 1 308 236
m 224 228 1 308 236
m 224 237 1 308 236
b 224 2 308 236
m 224 25 2 308 236
m 224 59 2 308 236
m 224 75 2 308 236
m 224 112 2 308 236
m 224 117 2 308 236
m 224 118 2 308 236
m 224 178 2 308 236
m 224 207 2 308 236
m 224 228 2 308 236
m 224 237 2 308 236
b 224 3 308 236
m 224 59 3 14.0 198.0 0.8265306122448981
m 224 178 3 14.0 198.0 0.8265306122448981
m 224 237 3 14.0 198.0 0.8265306122448981
m 224 228 3 14.0 198.0 0.8265306122448981
m 224 75 3 14.0 198.0 0.8265306122448981
m 224 118 3 14.0 198.0 0.8265306122448981
m 224 117 3 14.0 198.0 0.8265306122448981
m 224 112 3 14.0 198.0 0.8265306122448981
m 224 25 3 14.0 198.0 0.8265306122448981
b 132 0 411 99
m 132 11 0 411 99
m 132 68 0 411 99
m 132 144 0 411 99
b 132 2 411 99
m 132 11 2 411 99
m 132 68 2 411 99
m 132 144 2 411 99
b 223 0 367 298
m 223 0 0 367 298
m 223 23 0 367 298
m 223 36 0 367 298
m 223 82 0 367 298
m 223 107 0 367 298
m 223 110 0 367 298
m 223 111 0 367 298
m 223 118 0 367 298
m 223 209 0 367 298
m 223 220 0 367 298
b 223 1 367 298
b 223 2 367 298
b 223 3 367 298
m 223 118 3 14.25 204.75 0.9804884883014993
m 223 82 3 14.25 204.75 0.9804884883014993
m 223 110 3 14.25 204.75 0.9804884883014993
m 223 59 3 14.25 204.75 0.9804884883014993
m 223 111 3 14.25 204.75 0.9804884883014993
m 223 220 3 14.25 204.75 0.9804884883014993
m 223 107 3 14.25 204.75 0.9804884883014993
m 223 23 3 14.25 204.75 0.9804884883014993
m 223 0 3 14.25 204.75 0.9804884883014993
m 223 36 3 14.25 204.75 0.9804884883014993
m 223 199 3 14.25 204.75 0.9804884883014993
m 223 178 3 14.25 204.75 0.9804884883014993
m 223 209 3 14.25 204.75 0.9804884883014993
b 44 0 493 261
m 44 6 0 493 261
m 44 88 0 493 261
m 44 161 0 493 261
m 44 204 0 493 261
b 44 1 493 261
b 44 2 493 261
m 44 6 2 493 261
m 44 88 2 493 261
m 44 161 2 493 261
m 44 204 2 493 261
b 44 3 493 261
m 44 88 3 12.25 160.75 0.34616011444506817
m 44 26 3 12.25 160.75 0.34616011444506817
m 44 6 3 12.25 160.75 0.34616011444506817
b 167 0 394 294
m 167 23 0 394 294
m 167 36 0 394 294
m 167 209 0 394 294
b 167 1 394 294
m 167 23 1 394 294
m 167 36 1 394 294
m 167 209 1 394 294
b 167 2 394 294
m 167 23 2 394 294
m 167 36 2 394 294
m 167 59 2 394 294
m 167 178 2 394 294
m 167 209 2 394 294
b 167 3 394 294
m 167 23 3 14.0 198.0 0.8265306122448981
m 167 36 3 14.0 198.0 0.8265306122448981
m 167 59 3 14.0 198.0 0.8265306122448981
m 167 178 3 14.0 198.0 0.8265306122448981
m 167 199 3 14.0 198.0 0.8265306122448981
b 176 0 369 172
m 176 49 0 369 172
m 176 75 0 369 172
b 176 1 369 172
m 176 49 1 369 172
m 176 75 1 369 172
b 176 2 369 172
m 176 49 2 369 172
m 176 75 2 369 172
b 189 0 430 288
m 189 1 0 430 288
m 189 6 0 430 288
m 189 88 0 430 288
m 189 151 0 430 288
m 189 209 0 430 288
b 189 1 430 288
m 189 1 1 430 288
m 189 6 1 430 288
m 189 88 1 430 288
m 189 151 1 430 288
m 189 209 1 430 288
b 189 2 430 288
m 189 1 2 430 288
m 189 6 2 430 288
m 189 59 2 430 288
m 189 88 2 430 288
m 189 151 2 430 288
m 189 178 2 430 288
m 189 209 2 430 288
b 189 3 430 288
m 189 6 3 12.75 168.75 0.6271204133827446
m 189 88 3 12.75 168.75 0.6271204133827446
m 189 1 3 12.75 168.75 0.6271204133827446
m 189 178 3 12.75 168.75 0.6271204133827446
m 189 26 3 12.75 168.75 0.6271204133827446
m 189 199 3 12.75 168.75 0.6271204133827446
b 172 0 473 202
b 172 2 473 202
b 215 0 463 166
b 215 2 463 166
b 124 0 406 321
m 124 1 0 406 321
m 124 23 0 406 321
m 124 29 0 406 321
m 124 88 0 406 321
m 124 111 0 406 321
m 124 151 0 406 321
b 124 1 406 321
m 124 1 1 406 321
m 124 23 1 406 321
m 124 29 1 406 321
m 124 88 1 406 321
m 124 111 1 406 321
m 124 151 1 406 321
b 124 2 406 321
b 124 3 406 321
m 124 88 3 13.5 184.5 0.8564773735581191
m 124 23 3 13.5 184.5 0.8564773735581191
m 124 178 3 13.5 184.5 0.8564773735581191
m 124 151 3 13.5 184.5 0.8564773735581191
m 124 1 3 13.5 184.5 0.8564773735581191
m 124 29 3 13.5 184.5 0.8564773735581191
m 124 59 3 13.5 184.5 0.8564773735581191
m 124 111 3 13.5 184.5 0.8564773735581191
b 137 0 486 196
b 137 1 486 196
m 137 161 1 486 196
m 137 172 1 486 196
m 137 204 1 486 196
m 137 205 1 486 196
m 137 215 1 486 196
b 137 2 486 196
b 137 3 486 196
b 178 0 379 262
m 178 36 0 379 262
m 178 107 0 379 262
m 178 112 0 379 262
m 178 118 0 379 262
m 178 207 0 379 262
b 178 1 379 262
m 178 36 1 379 262
m 178 107 1 379 262
m 178 112 1 379 262
m 178 118 1 379 262
m 178 207 1 379 262
b 209 0 380 286
m 209 0 0 380 286
m 209 1 0 380 286
m 209 23 0 380 286
m 209 36 0 380 286
m 209 107 0 380 286
m 209 110 0 380 286
m 209 111 0 380 286
m 209 220 0 380 286
b 209 1 380 286
m 209 0 1 380 286
m 209 1 1 380 286
m 209 23 1 380 286
m 209 36 1 380 286
m 209 107 1 380 286
m 209 110 1 380 286
m 209 111 1 380 286
m 209 220 1 380 286
b 209 3 380 286
m 209 107 3 12.5 162.5 0.6712184873949579
m 209 220 3 12.5 162.5 0.6712184873949579
m 209 111 3 12.5 162.5 0.6712184873949579
m 209 23 3 12.5 162.5 0.6712184873949579
m 209 36 3 12.5 162.5 0.6712184873949579
m 209 0 3 12.5 162.5 0.6712184873949579
m 209 59 3 12.5 162.5 0.6712184873949579
b 218 0 350 156
m 218 49 0 350 156
m 218 75 0 350 156
b 218 1 350 156
m 218 49 1 350 156
m 218 75 1 350 156
b 218 2 350 156
b 218 3 350 156
m 218 50 3 12.666666666666666 171.33333333333334 0.3223684210526312
b 199 3 445 256
m 199 26 3 11.0 141.5 0.25
b 161 0 482 242
b 161 2 482 242
b 161 3 482 242
m 161 26 3 11.0 149.5 0.5
b 172 3 471 204
b 50 0 385 136
m 50 11 0 385 136
m 50 49 0 385 136
m 50 68 0 385 136
m 50 144 0 385 136
b 50 1 385 136
m 50 11 1 385 136
m 50 49 1 385 136
m 50 68 1 385 136
m 50 132 1 385 136
m 50 144 1 385 136
b 50 2 385 136
m 50 11 2 385 136
m 50 49 2 385 136
m 50 68 2 385 136
m 50 144 2 385 136
b 176 3 374 174
b 57 0 392 120
m 57 11 0 392 120
m 57 68 0 392 120
m 57 144 0 392 120
b 57 2 392 120
m 57 11 2 392 120
m 57 68 2 392 120
m 57 144 2 392 120
b 57 3 392 120
m 57 50 3 10.5 131.0 0.06334107762679195
b 57 1 391 121
m 57 11 1 391 121
m 57 68 1 391 121
m 57 132 1 391 121
m 57 144 1 391 121
b 133 0 452 331
m 133 1 0 452 331
m 133 6 0 452 331
m 133 16 0 452 331
m 133 29 0 452 331
m 133 88 0 452 331
m 133 151 0 452 331
b 133 1 452 331
m 133 1 1 452 331
m 133 6 1 452 331
m 133 16 1 452 331
m 133 29 1 452 331
m 133 88 1 452 331
m 133 151 1 452 331
b 133 2 452 331
b 133 3 452 331
m 133 6 3 12.5 164.5 0.5059804791481811
m 133 1 3 12.5 164.5 0.5059804791481811
m 133 16 3 12.5 164.5 0.5059804791481811
m 133 26 3 12.5 164.5 0.5059804791481811
m 133 88 3 12.5 164.5 0.5059804791481811
b 23 0 336 323
m 23 5 0 336 323
m 23 150 0 336 323
b 23 3 336 323
m 23 5 3 12.6 171.0 0.16666666666666666
b 205 0 467 161
b 205 2 467 161
b 209 2 375 280
m 209 0 2 375 280
m 209 107 2 375 280
m 209 110 2 375 280
m 209 111 2 375 280
m 209 220 2 375 280
b 23 1 336 322
m 23 0 1 336 322
m 23 5 1 336 322
m 23 82 1 336 322
m 23 107 1 336 322
m 23 110 1 336 322
m 23 111 1 336 322
m 23 150 1 336 322
m 23 220 1 336 322
b 23 2 336 322
b 26 0 495 276
m 26 16 0 495 276
b 26 1 495 276
m 26 16 1 495 276
b 26 2 495 276
b 82 0 293 324
m 82 5 0 293 324
m 82 14 0 293 324
m 82 27 0 293 324
m 82 150 0 293 324
m 82 166 0 293 324
m 82 171 0 293 324
m 82 188 0 293 324
b 82 3 293 324
m 82 5 3 13.200000000000001 180.0 0.4163157396641655
m 82 166 3 13.200000000000001 180.0 0.4163157396641655
b 172 1 468 210
b 178 3 388 263
m 178 207 3 10.75 148.75 1.0
b 215 1 454 168
m 215 51 1 454 168
b 59 0 399 251
b 59 1 399 251
b 107 0 332 347
m 107 5 0 332 347
m 107 60 0 332 347
m 107 150 0 332 347
m 107 157 0 332 347
m 107 192 0 332 347
b 107 3 332 347
m 107 60 3 12.6 171.0 0.16666666666666666
b 161 1 481 249
b 49 0 331 134
m 49 13 0 331 134
m 49 40 0 331 134
m 49 72 0 331 134
b 49 1 331 134
b 49 2 331 134
m 49 13 2 331 134
m 49 40 2 331 134
m 49 72 2 331 134
b 101 0 347 232
b 101 1 347 232
b 101 2 347 232
b 101 3 347 232
m 101 207 3 10.75 148.75 1.0
b 118 0 285 286
m 118 27 0 285 286
m 118 150 0 285 286
m 118 166 0 285 286
m 118 171 0 285 286
m 118 173 0 285 286
m 118 194 0 285 286
b 118 1 285 286
m 118 27 1 285 286
m 118 82 1 285 286
m 118 150 1 285 286
m 118 166 1 285 286
m 118 171 1 285 286
m 118 173 1 285 286
m 118 194 1 285 286
b 118 2 285 286
b 118 3 285 286
m 118 27 3 12.25 160.75 0.34616011444506817
m 118 150 3 12.25 160.75 0.34616011444506817
m 118 173 3 12.25 160.75 0.34616011444506817
b 25 0 284 207
m 25 61 0 284 207
m 25 100 0 284 207
b 25 1 284 207
m 25 61 1 284 207
m 25 100 1 284 207
b 51 0 475 97
m 51 200 0 475 97
m 51 232 0 475 97
b 51 2 475 97
b 117 0 305 281
m 117 27 0 305 281
m 117 166 0 305 281
m 117 171 0 305 281
m 117 173 0 305 281
m 117 194 0 305 281
b 117 1 305 281
m 117 27 1 305 281
m 117 82 1 305 281
m 117 166 1 305 281
m 117 171 1 305 281
m 117 173 1 305 281
m 117 194 1 305 281
b 117 2 305 281
b 117 3 305 281
m 117 173 3 12.25 160.75 0.34616011444506817
m 117 194 3 12.25 160.75 0.34616011444506817
b 178 2 392 264
b 204 0 459 191
b 204 2 459 191
b 204 3 459 191
m 204 215 3 10.75 148.75 1.0
b 11 0 387 53
m 11 79 0 387 53
m 11 148 0 387 53
m 11 153 0 387 53
m 11 219 0 387 53
b 11 2 387 53
m 11 79 2 387 53
m 11 148 2 387 53
m 11 153 2 387 53
m 11 219 2 387 53
b 107 1 329 350
m 107 5 1 329 350
m 107 14 1 329 350
m 107 60 1 329 350
m 107 82 1 329 350
m 107 150 1 329 350
m 107 192 1 329 350
b 132 1 392 104
b 151 0 436 384
m 151 16 0 436 384
m 151 60 0 436 384
m 151 157 0 436 384
m 151 164 0 436 384
m 151 165 0 436 384
m 151 191 0 436 384
m 151 217 0 436 384
b 151 1 436 384
m 151 16 1 436 384
m 151 60 1 436 384
m 151 157 1 436 384
m 151 164 1 436 384
m 151 165 1 436 384
m 151 191 1 436 384
m 151 217 1 436 384
b 151 2 436 384
m 151 16 2 436 384
m 151 29 2 436 384
m 151 60 2 436 384
m 151 157 2 436 384
m 151 164 2 436 384
m 151 165 2 436 384
m 151 191 2 436 384
m 151 217 2 436 384
b 1 0 410 381
m 1 60 0 410 381
m 1 147 0 410 381
m 1 157 0 410 381
m 1 164 0 410 381
m 1 165 0 410 381
m 1 191 0 410 381
m 1 217 0 410 381
b 1 1 410 381
m 1 60 1 410 381
m 1 147 1 410 381
m 1 157 1 410 381
m 1 164 1 410 381
m 1 165 1 410 381
m 1 191 1 410 381
m 1 217 1 410 381
b 1 2 410 381
m 1 29 2 410 381
m 1 60 2 410 381
m 1 111 2 410 381
m 1 147 2 410 381
m 1 157 2 410 381
m 1 164 2 410 381
m 1 165 2 410 381
m 1 191 2 410 381
m 1 217 2 410 381
b 1 3 410 381
m 1 191 3 11.6 144.8 0.4975347368299676
m 1 217 3 11.6 144.8 0.4975347368299676
m 1 147 3 11.6 144.8 0.4975347368299676
m 1 165 3 11.6 144.8 0.4975347368299676
b 50 3 390 151
m 50 144 3 10.75 134.75 0.16977104183166528
b 75 0 287 169
m 75 13 0 287 169
m 75 72 0 287 169
m 75 100 0 287 169
m 75 146 0 287 169
b 75 2 287 169
m 75 13 2 287 169
m 75 72 2 287 169
m 75 100 2 287 169
m 75 146 2 287 169
b 75 3 287 169
m 75 13 3 11.25 140.75 0.3061747506019949
b 205 1 460 168
m 205 51 1 460 168
b 205 3 460 168
m 205 215 3 9.75 125.75 0.5
m 205 51 3 9.75 125.75 0.5
b 59 3 407 250
b 88 0 458 299
b 88 1 458 299
b 88 2 458 299
m 88 16 2 458 299
b 88 3 458 299
b 111 0 377 343
m 111 60 0 377 343
m 111 157 0 377 343
m 111 164 0 377 343
m 111 165 0 377 343
b 111 3 377 343
m 111 157 3 12.200000000000001 167.0 0.25
m 111 165 3 12.200000000000001 167.0 0.25
b 112 0 342 236
m 112 100 0 342 236
b 112 1 342 236
m 112 100 1 342 236
b 112 3 342 236
m 112 207 3 11.0 149.5 0.5
m 112 100 3 11.0 149.5 0.5
b 151 3 435 387
m 151 165 3 12.4 160.4 0.5023988668324791
m 151 191 3 12.4 160.4 0.5023988668324791
m 151 157 3 12.4 160.4 0.5023988668324791
m 151 60 3 12.4 160.4 0.5023988668324791
m 151 164 3 12.4 160.4 0.5023988668324791
b 112 2 343 236
b 204 1 454 186
b 11 1 393 50
m 11 79 1 393 50
m 11 148 1 393 50
m 11 153 1 393 50
m 11 219 1 393 50
b 75 1 285 166
m 75 13 1 285 166
m 75 61 1 285 166
m 75 72 1 285 166
m 75 100 1 285 166
m 75 146 1 285 166
b 25 3 275 205
m 25 61 3 12.0 157.5 0.12802240461401942
b 82 1 280 325
b 107 2 324 356
m 107 5 2 324 356
m 107 60 2 324 356
m 107 82 2 324 356
m 107 145 2 324 356
m 107 150 2 324 356
m 107 192 2 324 356
m 107 238 2 324 356
b 25 2 274 205
m 25 13 2 274 205
m 25 61 2 274 205
m 25 86 2 274 205
m 25 100 2 274 205
m 25 146 2 274 205
m 25 239 2 274 205
b 59 2 411 249
b 68 0 401 79
m 68 79 0 401 79
m 68 148 0 401 79
m 68 219 0 401 79
b 68 2 401 79
b 110 0 317 351
m 110 145 0 317 351
m 110 238 0 317 351
b 110 3 317 351
m 110 150 3 12.6 171.0 0.16666666666666666
m 110 14 3 12.6 171.0 0.16666666666666666
b 111 1 381 343
m 111 60 1 381 343
m 111 157 1 381 343
m 111 164 1 381 343
m 111 165 1 381 343
b 207 0 333 252
b 207 1 333 252
b 72 0 280 132
m 72 146 0 280 132
m 72 202 0 280 132
b 72 2 280 132
b 207 2 333 253
b 26 3 490 281
b 36 0 360 338
b 36 1 360 338
b 36 3 360 338
b 194 0 229 300
m 194 38 0 229 300
m 194 39 0 229 300
m 194 70 0 229 300
m 194 86 0 229 300
m 194 154 0 229 300
m 194 179 0 229 300
m 194 239 0 229 300
b 194 1 229 300
m 194 38 1 229 300
m 194 39 1 229 300
m 194 70 1 229 300
m 194 86 1 229 300
m 194 154 1 229 300
m 194 179 1 229 300
m 194 188 1 229 300
m 194 239 1 229 300
b 0 0 345 310
b 0 3 345 310
b 188 0 270 336
m 188 4 0 270 336
m 188 8 0 270 336
m 188 28 0 270 336
m 188 39 0 270 336
m 188 70 0 270 336
m 188 114 0 270 336
b 194 3 229 301
m 194 39 3 11.8 148.6 0.46058674498273944
m 194 239 3 11.8 148.6 0.46058674498273944
m 194 154 3 11.8 148.6 0.46058674498273944
m 194 179 3 11.8 148.6 0.46058674498273944
m 194 188 3 11.8 148.6 0.46058674498273944
b 237 0 236 188
m 237 86 0 236 188
m 237 122 0 236 188
m 237 146 0 236 188
m 237 202 0 236 188
m 237 225 0 236 188
m 237 239 0 236 188
b 237 1 236 188
b 237 2 236 188
m 237 61 2 236 188
m 237 86 2 236 188
m 237 100 2 236 188
m 237 122 2 236 188
m 237 146 2 236 188
m 237 173 2 236 188
m 237 202 2 236 188
m 237 225 2 236 188
m 237 239 2 236 188
b 237 3 236 188
m 237 86 3 13.25 178.75 0.796142097677314
m 237 100 3 13.25 178.75 0.796142097677314
m 237 122 3 13.25 178.75 0.796142097677314
m 237 239 3 13.25 178.75 0.796142097677314
m 237 202 3 13.25 178.75 0.796142097677314
m 237 225 3 13.25 178.75 0.796142097677314
m 237 61 3 13.25 178.75 0.796142097677314
m 237 13 3 13.25 178.75 0.796142097677314
b 36 2 361 339
m 36 29 2 361 339
m 36 82 2 361 339
b 110 1 313 352
m 110 145 1 313 352
m 110 188 1 313 352
m 110 238 1 313 352
b 144 0 319 100
b 144 2 319 100
b 148 0 357 74
m 148 163 0 357 74
m 148 210 0 357 74
m 148 233 0 357 74
b 148 2 357 74
b 192 0 275 363
m 192 4 0 275 363
m 192 8 0 275 363
m 192 28 0 275 363
m 192 32 0 275 363
m 192 114 0 275 363
m 192 145 0 275 363
m 192 238 0 275 363
b 215 3 435 172
b 228 0 331 172
b 228 1 331 172
m 228 13 1 331 172
m 228 72 1 331 172
b 228 2 331 172
b 228 3 331 172
m 228 49 3 11.5 152.5 0.25
m 228 13 3 11.5 152.5 0.25
b 6 0 480 344
b 6 1 480 344
b 6 2 480 344
b 6 3 480 344
b 13 0 269 182
m 13 122 0 269 182
m 13 146 0 269 182
m 13 202 0 269 182
b 13 2 269 182
m 13 61 2 269 182
m 13 100 2 269 182
m 13 122 2 269 182
m 13 146 2 269 182
m 13 202 2 269 182
b 147 0 379 443
m 147 3 0 379 443
m 147 35 0 379 443
m 147 37 0 379 443
m 147 54 0 379 443
m 147 65 0 379 443
m 147 73 0 379 443
m 147 95 0 379 443
m 147 106 0 379 443
m 147 108 0 379 443
m 147 113 0 379 443
m 147 145 0 379 443
b 147 1 379 443
m 147 3 1 379 443
m 147 35 1 379 443
m 147 37 1 379 443
m 147 54 1 379 443
m 147 65 1 379 443
m 147 73 1 379 443
m 147 95 1 379 443
m 147 106 1 379 443
m 147 108 1 379 443
m 147 113 1 379 443
m 147 145 1 379 443
b 147 2 379 443
m 147 3 2 379 443
m 147 35 2 379 443
m 147 37 2 379 443
m 147 54 2 379 443
m 147 65 2 379 443
m 147 73 2 379 443
m 147 95 2 379 443
m 147 106 2 379 443
m 147 108 2 379 443
m 147 113 2 379 443
m 147 145 2 379 443
b 147 3 379 443
m 147 3 3 12.0 153.33333333333334 0.739910684701757
m 147 164 3 12.0 153.33333333333334 0.739910684701757
m 147 65 3 12.0 153.33333333333334 0.739910684701757
m 147 113 3 12.0 153.33333333333334 0.739910684701757
m 147 73 3 12.0 153.33333333333334 0.739910684701757
m 147 145 3 12.0 153.33333333333334 0.739910684701757
m 147 35 3 12.0 153.33333333333334 0.739910684701757
m 147 157 3 12.0 153.33333333333334 0.739910684701757
m 147 54 3 12.0 153.33333333333334 0.739910684701757
m 147 95 3 12.0 153.33333333333334 0.739910684701757
b 173 0 226 254
m 173 18 0 226 254
m 173 38 0 226 254
m 173 39 0 226 254
m 173 70 0 226 254
m 173 86 0 226 254
m 173 154 0 226 254
m 173 195 0 226 254
m 173 225 0 226 254
m 173 239 0 226 254
b 173 1 226 254
m 173 18 1 226 254
m 173 38 1 226 254
m 173 39 1 226 254
m 173 70 1 226 254
m 173 86 1 226 254
m 173 154 1 226 254
m 173 195 1 226 254
m 173 225 1 226 254
m 173 239 1 226 254
b 173 3 226 254
m 173 38 3 12.200000000000001 157.4 0.4940715780399174
m 173 18 3 12.200000000000001 157.4 0.4940715780399174
m 173 39 3 12.200000000000001 157.4 0.4940715780399174
m 173 61 3 12.200000000000001 157.4 0.4940715780399174
m 173 171 3 12.200000000000001 157.4 0.4940715780399174
b 220 0 312 311
b 220 3 312 311
m 220 192 3 12.200000000000001 167.0 0.25
b 0 1 344 306
b 68 1 407 83
m 68 79 1 407 83
m 68 129 1 407 83
m 68 148 1 407 83
m 68 219 1 407 83
b 79 0 390 22
m 79 129 0 390 22
m 79 210 0 390 22
m 79 233 0 390 22
b 79 2 390 22
m 79 129 2 390 22
m 79 210 2 390 22
m 79 233 2 390 22
b 100 0 293 178
m 100 202 0 293 178
b 100 1 293 178
m 100 13 1 293 178
m 100 72 1 293 178
m 100 146 1 293 178
m 100 202 1 293 178
b 164 0 405 365
b 164 1 405 365
b 164 2 405 365
b 219 0 453 31
m 219 123 0 453 31
m 219 129 0 453 31
b 219 2 453 31
m 219 123 2 453 31
m 219 129 2 453 31
m 219 200 2 453 31
m 219 232 2 453 31
b 111 2 389 342
b 153 0 294 23
m 153 91 0 294 23
m 153 116 0 294 23
m 153 134 0 294 23
m 153 138 0 294 23
m 153 163 0 294 23
m 153 168 0 294 23
m 153 182 0 294 23
m 153 196 0 294 23
m 153 210 0 294 23
m 153 227 0 294 23
m 153 233 0 294 23
b 153 2 294 23
b 29 0 388 362
m 29 3 0 388 362
b 29 1 388 362
m 29 3 1 388 362
b 29 3 388 362
m 29 3 3 11.200000000000001 148.4 0.5
b 192 1 272 360
m 192 4 1 272 360
m 192 8 1 272 360
m 192 28 1 272 360
m 192 32 1 272 360
m 192 114 1 272 360
m 192 145 1 272 360
m 192 188 1 272 360
m 192 238 1 272 360
b 5 0 323 417
m 5 3 0 323 417
m 5 8 0 323 417
m 5 54 0 323 417
m 5 106 0 323 417
m 5 114 0 323 417
m 5 145 0 323 417
m 5 238 0 323 417
b 5 3 323 417
m 5 54 3 12.0 156.0 0.2272727272727273
m 5 8 3 12.0 156.0 0.2272727272727273
m 5 114 3 12.0 156.0 0.2272727272727273
b 72 1 286 138
m 72 40 1 286 138
m 72 202 1 286 138
b 164 3 403 363
m 164 3 3 10.5 133.83333333333331 1.0
b 200 0 470 73
m 200 123 0 470 73
m 200 129 0 470 73
b 220 1 309 309
m 220 188 1 309 309
b 5 1 323 417
m 5 3 1 323 417
m 5 8 1 323 417
m 5 54 1 323 417
m 5 106 1 323 417
m 5 114 1 323 417
m 5 145 1 323 417
m 5 238 1 323 417
b 165 0 378 420
m 165 3 0 378 420
m 165 37 0 378 420
m 165 54 0 378 420
m 165 95 0 378 420
m 165 106 0 378 420
m 165 108 0 378 420
b 165 1 378 420
m 165 3 1 378 420
m 165 37 1 378 420
m 165 54 1 378 420
m 165 95 1 378 420
m 165 106 1 378 420
m 165 108 1 378 420
m 165 145 1 378 420
b 165 2 378 420
b 13 3 267 188
m 13 49 3 10.4 122.39999999999999 0.3259074268362191
m 13 122 3 10.4 122.39999999999999 0.3259074268362191
m 13 225 3 10.4 122.39999999999999 0.3259074268362191
b 82 2 267 327
m 82 8 2 267 327
m 82 14 2 267 327
m 82 27 2 267 327
m 82 39 2 267 327
m 82 70 2 267 327
m 82 166 2 267 327
m 82 171 2 267 327
m 82 188 2 267 327
m 82 194 2 267 327
b 100 2 297 175
m 100 202 2 297 175
b 110 2 305 353
b 144 1 313 103
b 148 1 356 81
b 165 3 377 421
m 165 3 3 10.833333333333332 128.83333333333334 0.523118297102167
m 165 54 3 10.833333333333332 128.83333333333334 0.523118297102167
m 165 95 3 10.833333333333332 128.83333333333334 0.523118297102167
m 165 106 3 10.833333333333332 128.83333333333334 0.523118297102167
b 100 3 298 175
m 100 202 3 9.600000000000001 122.8 0.7658694344163659
m 100 146 3 9.600000000000001 122.8 0.7658694344163659
m 100 72 3 9.600000000000001 122.8 0.7658694344163659
m 100 49 3 9.600000000000001 122.8 0.7658694344163659
b 16 0 456 337
b 16 1 456 337
b 16 3 456 337
b 60 0 416 398
m 60 3 0 416 398
m 60 108 0 416 398
b 60 3 416 398
m 60 3 3 11.0 144.0 0.012741046831955944
b 79 1 397 20
m 79 129 1 397 20
b 219 1 459 35
m 219 123 1 459 35
m 219 129 1 459 35
m 219 200 1 459 35
m 219 232 1 459 35
b 0 2 343 298
b 13 1 266 190
m 13 122 1 266 190
m 13 202 1 266 190
m 13 225 1 266 190
b 51 1 463 75
m 51 200 1 463 75
m 51 232 1 463 75
b 61 0 257 192
b 61 1 257 192
m 61 122 1 257 192
m 61 202 1 257 192
m 61 225 1 257 192
b 150 0 260 359
b 153 1 287 22
m 153 40 1 287 22
m 153 91 1 287 22
m 153 116 1 287 22
m 153 134 1 287 22
m 153 138 1 287 22
m 153 163 1 287 22
m 153 168 1 287 22
m 153 182 1 287 22
m 153 196 1 287 22
m 153 210 1 287 22
m 153 227 1 287 22
m 153 233 1 287 22
b 157 0 419 414
m 157 3 0 419 414
m 157 37 0 419 414
m 157 65 0 419 414
m 157 108 0 419 414
b 166 0 229 285
b 166 3 229 285
m 166 171 3 11.666666666666666 152.66666666666666 0.25
b 217 0 466 370
b 217 1 466 370
b 217 2 466 370
b 27 0 253 264
b 150 1 259 360
b 217 3 466 369
b 70 0 230 295
m 70 9 0 230 295
b 70 1 230 295
m 70 4 1 230 295
m 70 9 1 230 295
m 70 28 1 230 295
b 191 0 460 443
m 191 211 0 460 443
m 191 213 0 460 443
b 191 1 460 443
m 191 211 1 460 443
m 191 213 1 460 443
b 191 2 460 443
b 192 2 265 356
b 225 0 196 188
m 225 19 0 196 188
m 225 34 0 196 188
m 225 126 0 196 188
m 225 142 0 196 188
b 225 2 196 188
b 225 3 196 188
m 225 146 3 12.2 155.8 0.5606973954340642
m 225 126 3 12.2 155.8 0.5606973954340642
m 225 34 3 12.2 155.8 0.5606973954340642
m 225 142 3 12.2 155.8 0.5606973954340642
b 60 1 420 399
b 166 1 227 283
b 191 3 461 443
m 191 108 3 10.166666666666666 122.16666666666667 0.3333333333333333
b 195 0 174 222
m 195 19 0 174 222
m 195 53 0 174 222
m 195 77 0 174 222
m 195 92 0 174 222
m 195 103 0 174 222
m 195 105 0 174 222
m 195 126 0 174 222
m 195 128 0 174 222
m 195 135 0 174 222
m 195 142 0 174 222
m 195 198 0 174 222
m 195 234 0 174 222
b 195 1 174 222
m 195 19 1 174 222
m 195 53 1 174 222
m 195 77 1 174 222
m 195 92 1 174 222
m 195 103 1 174 222
m 195 105 1 174 222
m 195 126 1 174 222
m 195 128 1 174 222
m 195 135 1 174 222
m 195 142 1 174 222
m 195 198 1 174 222
m 195 234 1 174 222
b 207 3 345 265
b 220 2 303 304
m 220 171 2 303 304
m 220 188 2 303 304
b 238 2 292 429
m 238 2 2 292 429
m 238 7 2 292 429
m 238 8 2 292 429
m 238 12 2 292 429
m 238 17 2 292 429
m 238 32 2 292 429
m 238 90 2 292 429
m 238 96 2 292 429
m 238 114 2 292 429
m 238 155 2 292 429
m 238 177 2 292 429
m 238 221 2 292 429
b 8 0 271 387
m 8 2 0 271 387
m 8 93 0 271 387
m 8 96 0 271 387
m 8 152 0 271 387
m 8 231 0 271 387
b 14 0 244 347
m 14 152 0 244 347
b 27 1 253 261
b 27 3 253 261
m 27 70 3 10.200000000000001 129.4 0.5
m 27 146 3 10.200000000000001 129.4 0.5
b 40 0 280 52
m 40 15 0 280 52
m 40 91 0 280 52
m 40 116 0 280 52
m 40 134 0 280 52
m 40 138 0 280 52
m 40 168 0 280 52
m 40 182 0 280 52
m 40 196 0 280 52
m 40 227 0 280 52
b 40 2 280 52
b 150 3 257 362
m 150 4 3 10.8 133.6 0.23776222650604706
m 150 114 3 10.8 133.6 0.23776222650604706
b 188 1 285 330
m 188 4 1 285 330
m 188 8 1 285 330
m 188 28 1 285 330
b 232 0 486 104
b 238 0 291 429
m 238 2 0 291 429
m 238 7 0 291 429
m 238 12 0 291 429
m 238 17 0 291 429
m 238 90 0 291 429
m 238 96 0 291 429
m 238 155 0 291 429
m 238 177 0 291 429
m 238 221 0 291 429
b 49 3 344 162
m 49 72 3 9.6 122.8 0.019134160756501095
b 60 2 422 400
b 163 0 265 32
b 171 0 279 329
b 173 2 222 241
m 173 27 2 222 241
m 173 38 2 222 241
m 173 39 2 222 241
m 173 70 2 222 241
m 173 105 2 222 241
m 173 154 2 222 241
m 173 166 2 222 241
m 173 194 2 222 241
m 173 195 2 222 241
b 188 3 285 330
m 188 4 3 10.5 126.5 0.25
m 188 28 3 10.5 126.5 0.25
b 210 0 302 6
b 225 1 195 186
m 225 19 1 195 186
m 225 34 1 195 186
m 225 122 1 195 186
m 225 126 1 195 186
m 225 142 1 195 186
b 154 0 193 262
m 154 19 0 193 262
m 154 53 0 193 262
m 154 77 0 193 262
m 154 103 0 193 262
m 154 105 0 193 262
m 154 128 0 193 262
m 154 135 0 193 262
m 154 198 0 193 262
b 154 1 193 262
m 154 19 1 193 262
m 154 53 1 193 262
m 154 77 1 193 262
m 154 103 1 193 262
m 154 105 1 193 262
m 154 128 1 193 262
m 154 135 1 193 262
m 154 198 1 193 262
b 157 1 424 418
b 157 2 424 418
b 73 0 334 497
m 73 7 0 334 497
m 73 12 0 334 497
m 73 17 0 334 497
m 73 90 0 334 497
m 73 155 0 334 497
b 73 1 334 497
b 73 2 334 497
b 73 3 334 497
m 73 7 3 11.571428571428573 143.0 0.3698691659375663
m 73 37 3 11.571428571428573 143.0 0.3698691659375663
m 73 155 3 11.571428571428573 143.0 0.3698691659375663
b 146 0 263 214
b 146 2 263 214
m 146 27 2 263 214
m 146 38 2 263 214
b 154 3 194 261
m 154 19 3 11.666666666666668 144.0 0.5115006970843857
m 154 77 3 11.666666666666668 144.0 0.5115006970843857
m 154 103 3 11.666666666666668 144.0 0.5115006970843857
m 154 128 3 11.666666666666668 144.0 0.5115006970843857
m 154 105 3 11.666666666666668 144.0 0.5115006970843857
m 154 53 3 11.666666666666668 144.0 0.5115006970843857
b 210 2 301 7
b 16 2 447 339
b 28 0 214 365
m 28 9 0 214 365
m 28 63 0 214 365
m 28 93 0 214 365
m 28 152 0 214 365
m 28 231 0 214 365
b 32 0 248 449
m 32 2 0 248 449
m 32 17 0 248 449
m 32 46 0 248 449
m 32 78 0 248 449
m 32 90 0 248 449
m 32 93 0 248 449
m 32 96 0 248 449
m 32 104 0 248 449
m 32 155 0 248 449
m 32 177 0 248 449
m 32 180 0 248 449
m 32 221 0 248 449
m 32 231 0 248 449
b 171 1 282 330
b 238 1 287 430
m 238 2 1 287 430
m 238 7 1 287 430
m 238 12 1 287 430
m 238 17 1 287 430
m 238 78 1 287 430
m 238 90 1 287 430
m 238 96 1 287 430
m 238 155 1 287 430
m 238 177 1 287 430
m 238 221 1 287 430
m 238 231 1 287 430
b 5 2 328 430
b 14 1 239 345
b 51 3 458 68
m 51 232 3 9.2 110.39999999999999 0.8679187192118227
m 51 68 3 9.2 110.39999999999999 0.8679187192118227
m 51 200 3 9.2 110.39999999999999 0.8679187192118227
m 51 219 3 9.2 110.39999999999999 0.8679187192118227
b 61 3 263 185
m 61 146 3 10.0 126.8 0.5
m 61 72 3 10.0 126.8 0.5
b 157 3 426 420
m 157 108 3 10.500000000000002 139.83333333333331 0.014622041753824921
b 192 3 259 351
m 192 4 3 11.000000000000002 143.33333333333331 0.3103750685146035
m 192 238 3 11.000000000000002 143.33333333333331 0.3103750685146035
b 8 1 277 390
m 8 2 1 277 390
m 8 96 1 277 390
m 8 231 1 277 390
b 29 2 373 355
b 61 2 264 184
b 72 3 297 149
b 146 1 265 217
b 194 2 221 321
b 227 0 256 48
m 227 15 0 256 48
m 227 236 0 256 48
b 8 3 277 390
m 8 96 3 11.428571428571429 142.85714285714286 0.20951704545454541
b 114 0 261 444
m 114 2 0 261 444
m 114 17 0 261 444
m 114 46 0 261 444
m 114 78 0 261 444
m 114 90 0 261 444
m 114 93 0 261 444
m 114 96 0 261 444
m 114 155 0 261 444
m 114 177 0 261 444
m 114 180 0 261 444
m 114 221 0 261 444
m 114 231 0 261 444
b 145 2 326 384
b 233 0 328 61
b 239 2 226 207
m 239 38 2 226 207
m 239 142 2 226 207
m 239 154 2 226 207
m 239 195 2 226 207
b 32 1 246 452
m 32 2 1 246 452
m 32 17 1 246 452
m 32 46 1 246 452
m 32 78 1 246 452
m 32 90 1 246 452
m 32 93 1 246 452
m 32 96 1 246 452
m 32 102 1 246 452
m 32 104 1 246 452
m 32 155 1 246 452
m 32 177 1 246 452
m 32 180 1 246 452
m 32 221 1 246 452
m 32 231 1 246 452
b 70 2 237 288
b 134 0 223 60
m 134 15 0 223 60
m 134 41 0 223 60
m 134 69 0 223 60
m 134 236 0 223 60
b 144 3 300 110
m 144 138 3 9.799999999999999 115.0 0.2078805799277107
b 145 0 326 383
b 200 2 468 89
b 8 2 279 391
b 233 2 330 63
b 239 0 226 205
b 239 1 226 205
m 239 142 1 226 205
b 28 1 208 364
b 54 0 364 496
m 54 7 0 364 496
m 54 12 0 364 496
m 54 17 0 364 496
m 54 90 0 364 496
m 54 155 0 364 496
b 54 1 364 496
m 54 7 1 364 496
m 54 12 1 364 496
m 54 17 1 364 496
m 54 90 1 364 496
m 54 155 1 364 496
b 54 2 364 496
m 54 7 2 364 496
m 54 12 2 364 496
m 54 17 2 364 496
m 54 90 2 364 496
m 54 155 2 364 496
b 54 3 364 496
m 54 7 3 11.285714285714286 138.42857142857142 0.06432469291412497
b 113 0 436 496
b 113 1 436 496
b 113 2 436 496
b 113 3 436 496
m 113 108 3 10.857142857142858 133.7142857142857 0.25
m 113 37 3 10.857142857142858 133.7142857142857 0.25
b 122 0 178 151
m 122 69 0 178 151
m 122 87 0 178 151
m 122 159 0 178 151
m 122 216 0 178 151
b 122 2 178 151
m 122 19 2 178 151
m 122 34 2 178 151
m 122 69 2 178 151
m 122 87 2 178 151
m 122 126 2 178 151
m 122 142 2 178 151
m 122 159 2 178 151
m 122 195 2 178 151
m 122 216 2 178 151
b 122 3 178 151
m 122 69 3 12.4 159.2 0.6700037193281646
m 122 195 3 12.4 159.2 0.6700037193281646
m 122 87 3 12.4 159.2 0.6700037193281646
m 122 159 3 12.4 159.2 0.6700037193281646
m 122 19 3 12.4 159.2 0.6700037193281646
b 150 2 248 367
m 150 2 2 248 367
m 150 4 2 248 367
m 150 28 2 248 367
m 150 96 2 248 367
m 150 152 2 248 367
m 150 179 2 248 367
m 150 231 2 248 367
b 188 2 294 327
b 239 3 226 204
m 239 195 3 10.166666666666668 124.5 0.5
b 17 2 318 478
m 17 78 2 318 478
b 163 1 255 31
b 210 1 293 9
b 2 2 234 414
m 2 4 2 234 414
m 2 46 2 234 414
m 2 93 2 234 414
m 2 102 2 234 414
m 2 143 2 234 414
m 2 180 2 234 414
m 2 231 2 234 414
b 17 0 319 478
m 17 78 0 319 478
b 86 2 272 239
m 86 38 2 272 239
b 145 1 323 380
b 2 0 233 413
m 2 46 0 233 413
m 2 102 0 233 413
m 2 143 0 233 413
m 2 180 0 233 413
b 35 0 347 488
b 35 1 347 488
m 35 7 1 347 488
m 35 12 1 347 488
m 35 17 1 347 488
m 35 90 1 347 488
b 35 2 347 488
b 35 3 347 488
m 35 7 3 11.142857142857144 136.57142857142856 0.16666666666666666
m 35 37 3 11.142857142857144 136.57142857142856 0.16666666666666666
b 114 1 260 450
m 114 2 1 260 450
m 114 17 1 260 450
m 114 46 1 260 450
m 114 78 1 260 450
m 114 90 1 260 450
m 114 93 1 260 450
m 114 96 1 260 450
m 114 155 1 260 450
m 114 177 1 260 450
m 114 180 1 260 450
m 114 221 1 260 450
m 114 231 1 260 450
b 195 2 179 209
m 195 18 2 179 209
m 195 19 2 179 209
m 195 34 2 179 209
m 195 92 2 179 209
m 195 126 2 179 209
m 195 128 2 179 209
m 195 135 2 179 209
m 195 142 2 179 209
b 227 1 250 50
m 227 15 1 250 50
m 227 236 1 250 50
b 14 3 231 341
m 14 9 3 11.0 144.0 0.012741046831955944
b 86 0 274 238
b 86 1 274 238
b 114 3 260 451
m 114 231 3 12.285714285714286 161.71428571428572 0.3064595288432498
m 114 90 3 12.285714285714286 161.71428571428572 0.3064595288432498
m 114 32 3 12.285714285714286 161.71428571428572 0.3064595288432498
m 114 2 3 12.285714285714286 161.71428571428572 0.3064595288432498
m 114 46 3 12.285714285714286 161.71428571428572 0.3064595288432498
b 145 3 322 379
m 145 238 3 10.428571428571429 131.57142857142856 1.0
b 202 0 239 127
m 202 41 0 239 127
m 202 69 0 239 127
m 202 159 0 239 127
b 213 0 484 485
b 213 1 484 485
b 221 2 229 476
m 221 46 2 229 476
m 221 78 2 229 476
m 221 93 2 229 476
m 221 102 2 229 476
m 221 104 2 229 476
m 221 143 2 229 476
m 221 180 2 229 476
m 221 231 2 229 476
b 7 2 338 494
m 7 78 2 338 494
b 38 0 238 236
b 38 1 238 236
b 65 0 482 466
b 65 1 482 466
b 65 2 482 466
b 65 3 482 466
m 65 213 3 10.571428571428573 132.0 0.5
m 65 211 3 10.571428571428573 132.0 0.5
b 70 3 242 284
b 86 3 275 238
b 96 2 254 442
b 108 0 429 454
b 108 1 429 454
b 108 2 429 454
b 134 1 221 66
m 134 15 1 221 66
m 134 41 1 221 66
m 134 69 1 221 66
m 134 236 1 221 66
b 182 0 314 32
b 200 1 467 96
b 221 0 228 477
m 221 102 0 228 477
m 221 143 0 228 477
b 7 0 339 494
b 17 1 322 476
b 18 0 128 238
m 18 109 0 128 238
b 18 1 128 238
m 18 109 1 128 238
b 18 3 128 238
m 18 92 3 11.166666666666668 137.16666666666666 0.05131469948311489
b 19 0 155 178
m 19 109 0 155 178
m 19 175 0 155 178
m 19 216 0 155 178
b 96 0 255 443
m 96 102 0 255 443
m 96 143 0 255 443
b 116 0 292 16
b 142 0 162 205
m 142 109 0 162 205
m 142 216 0 162 205
b 142 3 162 205
m 142 216 3 11.333333333333332 138.0 0.5129368602877765
m 142 109 3 11.333333333333332 138.0 0.5129368602877765
m 142 135 3 11.333333333333332 138.0 0.5129368602877765
b 152 0 171 357
m 152 31 0 171 357
m 152 190 0 171 357
b 202 2 240 125
b 202 3 240 125
m 202 41 3 11.6 148.0 0.2
b 2 1 233 409
m 2 46 1 233 409
m 2 93 1 233 409
m 2 143 1 233 409
m 2 180 1 233 409
b 4 0 270 382
b 19 1 156 177
m 19 109 1 156 177
m 19 159 1 156 177
m 19 175 1 156 177
m 19 216 1 156 177
b 32 2 241 460
m 32 4 2 241 460
m 32 46 2 241 460
m 32 78 2 241 460
m 32 93 2 241 460
m 32 102 2 241 460
m 32 104 2 241 460
m 32 143 2 241 460
m 32 180 2 241 460
m 32 231 2 241 460
b 39 0 193 284
b 39 1 193 284
b 91 0 287 43
b 142 1 162 206
m 142 109 1 162 206
m 142 216 1 162 206
b 179 0 219 375
m 179 31 0 219 375
b 179 1 219 375
m 179 31 1 219 375
m 179 63 1 219 375
m 179 152 1 219 375
b 180 0 206 477
m 180 64 0 206 477
m 180 102 0 206 477
m 180 121 0 206 477
m 180 143 0 206 477
m 180 162 0 206 477
b 196 0 248 21
m 196 236 0 248 21
b 232 2 485 121
b 233 1 336 68
b 39 3 192 283
b 63 0 147 414
m 63 21 0 147 414
m 63 31 0 147 414
m 63 64 0 147 414
m 63 121 0 147 414
m 63 139 0 147 414
m 63 156 0 147 414
m 63 158 0 147 414
m 63 170 0 147 414
m 63 190 0 147 414
m 63 201 0 147 414
b 138 0 266 96
m 138 41 0 266 96
m 138 69 0 266 96
b 179 3 219 376
m 179 2 3 10.833333333333334 129.83333333333331 0.19382766528625842
m 179 63 3 10.833333333333334 129.83333333333331 0.19382766528625842
b 3 0 401 414
b 3 1 401 414
b 3 2 401 414
b 3 3 401 414
b 7 3 342 493
m 7 12 3 10.750000000000002 128.25 0.09904939190956964
b 37 0 407 460
b 37 1 407 460
b 37 2 407 460
b 38 3 241 233
m 38 195 3 10.333333333333334 131.33333333333331 1.0
b 93 0 200 457
m 93 64 0 200 457
m 93 102 0 200 457
m 93 121 0 200 457
m 93 143 0 200 457
m 93 158 0 200 457
m 93 162 0 200 457
b 103 0 124 326
m 103 31 0 124 326
m 103 170 0 124 326
m 103 186 0 124 326
b 103 1 124 326
m 103 31 1 124 326
m 103 170 1 124 326
m 103 186 1 124 326
b 129 0 401 50
b 129 1 401 50
b 129 2 401 50
b 155 2 275 452
m 155 46 2 275 452
m 155 78 2 275 452
m 155 104 2 275 452
m 155 180 2 275 452
m 155 231 2 275 452
b 221 1 225 480
m 221 143 1 225 480
m 221 162 1 225 480
b 7 1 343 493
b 15 0 238 59
b 96 1 258 445
m 96 143 1 258 445
b 154 2 210 255
m 154 18 2 210 255
m 154 135 2 210 255
b 155 0 275 451
b 168 0 235 61
b 202 1 242 122
m 202 41 1 242 122
m 202 69 1 242 122
b 19 3 157 173
m 19 135 3 11.142857142857142 132.57142857142858 0.34730626434547623
m 19 92 3 11.142857142857142 132.57142857142858 0.34730626434547623
m 19 234 3 11.142857142857142 132.57142857142858 0.34730626434547623
b 28 3 198 362
m 28 9 3 9.857142857142858 113.57142857142857 0.3412668665667167
m 28 31 3 9.857142857142858 113.57142857142857 0.3412668665667167
b 40 1 274 32
b 77 0 132 319
m 77 31 0 132 319
m 77 170 0 132 319
b 77 1 132 319
m 77 31 1 132 319
m 77 170 1 132 319
b 78 0 294 496
b 78 1 294 496
b 95 0 341 494
b 95 1 341 494
b 95 2 341 494
b 95 3 341 494
m 95 12 3 11.0 135.0 0.2
m 95 90 3 11.0 135.0 0.2
b 106 0 314 469
b 106 1 314 469
b 106 2 314 469
m 106 78 2 314 469
b 146 3 273 229
b 171 3 297 337
b 177 2 303 459
m 177 46 2 303 459
m 177 78 2 303 459
b 180 1 203 474
m 180 64 1 203 474
m 180 121 1 203 474
m 180 143 1 203 474
m 180 162 1 203 474
b 211 0 479 488
b 211 1 479 488
b 219 3 481 49
m 219 129 3 8.333333333333334 94.66666666666667 0.30534958575906834
b 53 0 166 335
m 53 31 0 166 335
m 53 170 0 166 335
b 53 1 166 335
m 53 31 1 166 335
m 53 152 1 166 335
m 53 170 1 166 335
b 114 2 258 459
m 114 46 2 258 459
m 114 93 2 258 459
m 114 104 2 258 459
m 114 143 2 258 459
m 114 180 2 258 459
b 122 1 168 144
m 122 41 1 168 144
m 122 69 1 168 144
m 122 87 1 168 144
m 122 109 1 168 144
m 122 159 1 168 144
m 122 216 1 168 144
b 123 0 494 19
b 123 2 494 19
b 126 0 116 199
m 126 109 0 116 199
m 126 175 0 116 199
b 126 3 116 199
m 126 109 3 11.166666666666666 135.83333333333334 0.412307892245213
m 126 92 3 11.166666666666666 135.83333333333334 0.412307892245213
m 126 175 3 11.166666666666666 135.83333333333334 0.412307892245213
b 166 2 213 265
b 177 0 303 459
b 182 1 320 36
b 195 3 182 201
b 4 1 275 385
b 27 2 249 238
b 96 3 261 447
m 96 32 3 11.5 143.0 0.2801481855416165
m 96 2 3 11.5 143.0 0.2801481855416165
m 96 46 3 11.5 143.0 0.2801481855416165
m 96 143 3 11.5 143.0 0.2801481855416165
b 103 3 121 329
m 103 229 3 11.142857142857142 132.57142857142858 0.34730626434547623
m 103 152 3 11.142857142857142 132.57142857142858 0.34730626434547623
m 103 170 3 11.142857142857142 132.57142857142858 0.34730626434547623
b 116 1 298 12
b 126 1 115 199
m 126 109 1 115 199
m 126 175 1 115 199
b 155 3 273 449
m 155 180 3 11.625000000000002 143.125 0.46346473994077153
m 155 46 3 11.625000000000002 143.125 0.46346473994077153
m 155 12 3 11.625000000000002 143.125 0.46346473994077153
m 155 221 3 11.625000000000002 143.125 0.46346473994077153
m 155 231 3 11.625000000000002 143.125 0.46346473994077153
m 155 78 3 11.625000000000002 143.125 0.46346473994077153
b 34 0 170 186
m 34 109 0 170 186
b 34 3 170 186
m 34 92 3 11.0 134.0 0.2691461085806059
m 34 135 3 11.0 134.0 0.2691461085806059
b 90 2 312 449
b 91 1 292 47
b 155 1 272 448
b 196 1 244 26
m 196 15 1 244 26
m 196 236 1 244 26
b 232 1 484 128
b 238 3 268 436
m 238 32 3 10.714285714285717 134.42857142857142 0.45525151387386903
m 238 2 3 10.714285714285717 134.42857142857142 0.45525151387386903
m 238 46 3 10.714285714285717 134.42857142857142 0.45525151387386903
m 238 17 3 10.714285714285717 134.42857142857142 0.45525151387386903
m 238 90 3 10.714285714285717 134.42857142857142 0.45525151387386903
b 77 3 132 323
m 77 186 3 10.857142857142858 128.57142857142858 0.1266489197827482
b 90 0 312 448
b 105 0 200 257
b 105 1 200 257
b 135 0 163 227
m 135 109 0 163 227
b 135 1 163 227
m 135 109 1 163 227
b 138 1 270 102
m 138 41 1 270 102
m 138 69 1 270 102
b 142 2 163 214
b 180 2 200 471
b 200 3 466 106
b 231 0 246 393
b 14 2 220 336
m 14 9 2 220 336
m 14 53 2 220 336
b 46 0 236 422
b 53 3 168 339
m 53 198 3 10.571428571428571 125.71428571428572 0.25
m 53 170 3 10.571428571428571 125.71428571428572 0.25
b 92 0 137 246
m 92 175 0 137 246
b 92 1 137 246
m 92 175 1 137 246
b 152 2 164 350
b 159 0 162 153
m 159 58 0 162 153
m 159 98 0 162 153
m 159 109 0 162 153
m 159 181 0 162 153
b 159 2 162 153
m 159 41 2 162 153
m 159 58 2 162 153
m 159 98 2 162 153
m 159 109 2 162 153
m 159 181 2 162 153
b 159 3 162 153
m 159 181 3 11.5 140.83333333333331 0.5216746680557743
m 159 58 3 11.5 140.83333333333331 0.5216746680557743
m 159 41 3 11.5 140.83333333333331 0.5216746680557743
m 159 109 3 11.5 140.83333333333331 0.5216746680557743
b 177 1 307 456
b 234 0 96 176
m 234 24 0 96 176
m 234 84 0 96 176
m 234 109 0 96 176
m 234 175 0 96 176
m 234 235 0 96 176
b 234 1 96 176
m 234 24 1 96 176
m 234 84 1 96 176
m 234 109 1 96 176
m 234 175 1 96 176
m 234 235 1 96 176
b 2 3 231 399
m 2 93 3 11.125 142.625 0.3333333333333333
b 34 1 173 186
m 34 159 1 173 186
m 34 216 1 173 186
b 39 2 187 275
b 93 1 195 463
m 93 20 1 195 463
m 93 64 1 195 463
m 93 121 1 195 463
m 93 143 1 195 463
m 93 158 1 195 463
m 93 162 1 195 463
b 105 2 202 257
m 105 198 2 202 257
b 106 3 309 472
m 106 78 3 9.857142857142858 112.71428571428572 0.16923281682229296
b 108 3 441 454
b 168 1 233 68
b 171 2 303 340
b 12 2 323 482
b 19 2 158 166
m 19 109 2 158 166
m 19 234 2 158 166
b 78 2 301 495
b 12 0 323 481
b 90 1 313 444
b 104 0 238 490
b 105 3 204 257
b 123 1 496 20
b 128 0 104 255
m 128 185 0 104 255
b 128 1 104 255
b 175 0 65 203
m 175 24 0 65 203
m 175 84 0 65 203
m 175 127 0 65 203
m 175 184 0 65 203
m 175 185 0 65 203
m 175 235 0 65 203
b 216 0 159 158
m 216 58 0 159 158
m 216 98 0 159 158
m 216 181 0 159 158
b 216 2 159 158
m 216 41 2 159 158
m 216 58 2 159 158
m 216 98 2 159 158
m 216 109 2 159 158
m 216 181 2 159 158
b 231 1 246 389
b 9 0 192 352
b 9 1 192 352
m 9 170 1 192 352
b 28 2 189 360
b 46 1 236 418
b 175 1 65 204
b 63 1 138 423
m 63 20 1 138 423
m 63 21 1 138 423
m 63 64 1 138 423
m 63 139 1 138 423
m 63 156 1 138 423
m 63 158 1 138 423
m 63 190 1 138 423
m 63 201 1 138 423
b 87 0 180 104
m 87 58 0 180 104
m 87 66 0 180 104
m 87 89 0 180 104
m 87 98 0 180 104
m 87 136 0 180 104
b 87 2 180 104
b 87 3 180 104
m 87 89 3 11.666666666666668 143.33333333333331 0.6214617020996887
m 87 66 3 11.666666666666668 143.33333333333331 0.6214617020996887
m 87 58 3 11.666666666666668 143.33333333333331 0.6214617020996887
m 87 134 3 11.666666666666668 143.33333333333331 0.6214617020996887
b 93 2 192 466
b 213 3 487 468
b 32 3 233 472
m 32 177 3 12.0 154.0 0.1954973501715798
m 32 104 3 12.0 154.0 0.1954973501715798
b 63 3 137 424
m 63 64 3 11.142857142857144 135.42857142857142 0.29681818943965493
b 68 3 442 109
m 68 129 3 8.0 92.66666666666667 0.5
m 68 11 3 8.0 92.66666666666667 0.5
b 69 0 254 113
b 121 0 167 478
m 121 10 0 167 478
m 121 20 0 167 478
m 121 193 0 167 478
b 198 0 124 312
b 198 1 124 312
b 4 3 284 389
b 12 1 323 477
b 15 1 249 53
b 38 2 250 222
b 64 0 177 481
m 64 10 0 177 481
m 64 20 0 177 481
m 64 193 0 177 481
b 104 1 242 489
b 128 3 101 253
m 128 185 3 10.285714285714286 124.0 0.5
m 128 198 3 10.285714285714286 124.0 0.5
b 152 1 160 345
m 152 190 1 160 345
b 159 1 163 160
m 159 58 1 163 160
b 31 0 168 322
b 41 0 219 120
b 46 2 235 414
m 46 158 2 235 414
b 69 2 256 114
m 69 15 2 256 114
m 69 41 2 256 114
m 69 134 2 256 114
m 69 138 2 256 114
m 69 168 2 256 114
m 69 227 2 256 114
m 69 236 2 256 114
b 69 3 256 114
m 69 134 3 11.166666666666668 136.83333333333331 0.19359235532485036
b 126 2 104 199
m 126 84 2 104 199
m 126 109 2 104 199
m 126 175 2 104 199
m 126 185 2 104 199
m 126 234 2 104 199
b 190 0 138 422
m 190 20 0 138 422
m 190 193 0 138 422
b 232 3 484 138
b 31 1 169 321
b 37 3 423 456
b 175 3 61 208
m 175 84 3 10.428571428571429 121.57142857142857 0.43101895658085954
m 175 24 3 10.428571428571429 121.57142857142857 0.43101895658085954
m 175 127 3 10.428571428571429 121.57142857142857 0.43101895658085954
b 216 3 160 164
m 216 58 3 10.0 118.85714285714286 0.5
b 231 2 247 383
m 231 9 2 247 383
b 17 3 340 466
m 17 177 3 9.500000000000002 117.74999999999999 1.0
b 34 2 182 187
b 46 3 234 412
m 46 104 3 11.125 142.625 0.3333333333333333
b 121 1 169 482
m 121 10 1 169 482
m 121 20 1 169 482
m 121 21 1 169 482
m 121 139 1 169 482
m 121 156 1 169 482
m 121 158 1 169 482
m 121 190 1 169 482
m 121 193 1 169 482
b 180 3 192 463
m 180 93 3 11.333333333333336 136.22222222222223 0.3249401636027001
b 216 1 161 165
m 216 58 1 161 165
b 64 1 180 484
m 64 20 1 180 484
m 64 21 1 180 484
m 64 139 1 180 484
m 64 158 1 180 484
m 64 190 1 180 484
m 64 193 1 180 484
b 138 3 276 113
m 138 134 3 9.333333333333332 104.0 0.2474016027276557
m 138 91 3 9.333333333333332 104.0 0.2474016027276557
b 236 0 208 85
m 236 66 0 208 85
b 24 0 27 172
m 24 30 0 27 172
m 24 33 0 27 172
m 24 52 0 27 172
m 24 83 0 27 172
m 24 85 0 27 172
m 24 127 0 27 172
m 24 184 0 27 172
b 24 1 27 172
m 24 30 1 27 172
m 24 33 1 27 172
m 24 52 1 27 172
m 24 83 1 27 172
m 24 85 1 27 172
m 24 127 1 27 172
m 24 184 1 27 172
b 170 0 143 346
m 170 169 0 143 346
m 170 229 0 143 346
b 211 3 467 476
b 221 3 213 494
m 221 121 3 11.000000000000002 131.22222222222223 0.03134621527194762
b 31 3 172 318
b 69 1 261 116
b 90 3 316 435
m 90 177 3 10.875 141.625 1.0
b 102 1 199 485
m 102 193 1 199 485
b 104 2 248 488
b 135 2 176 222
b 152 3 155 341
b 170 1 144 346
m 170 169 1 144 346
m 170 190 1 144 346
m 170 229 1 144 346
b 231 3 248 379
b 78 3 313 493
m 78 177 3 10.555555555555557 127.66666666666667 0.5
m 78 104 3 10.555555555555557 127.66666666666667 0.5
b 92 2 148 255
b 201 0 86 398
m 201 20 0 86 398
m 201 43 0 86 398
m 201 94 0 86 398
m 201 125 0 86 398
m 201 130 0 86 398
m 201 141 0 86 398
m 201 169 0 86 398
m 201 226 0 86 398
m 201 229 0 86 398
b 235 0 74 151
m 235 30 0 74 151
m 235 33 0 74 151
m 235 52 0 74 151
m 235 83 0 74 151
m 235 85 0 74 151
b 235 1 74 151
b 41 1 223 125
b 84 0 43 182
m 84 30 0 43 182
m 84 33 0 43 182
m 84 52 0 43 182
m 84 83 0 43 182
m 84 85 0 43 182
b 84 1 43 182
m 84 30 1 43 182
m 84 33 1 43 182
m 84 52 1 43 182
m 84 83 1 43 182
m 84 85 1 43 182
m 84 127 1 43 182
m 84 184 1 43 182
b 109 0 137 140
b 109 1 137 140
b 109 3 137 140
m 109 98 3 10.0 118.85714285714286 0.5
m 109 235 3 10.0 118.85714285714286 0.5
b 143 2 219 485
m 143 64 2 219 485
m 143 121 2 219 485
m 143 158 2 219 485
m 143 162 2 219 485
b 184 0 42 232
b 18 2 102 239
m 18 127 2 102 239
m 18 175 2 102 239
m 18 185 2 102 239
b 41 3 224 126
m 41 134 3 10.5 127.5 0.2104733975701718
m 41 15 3 10.5 127.5 0.2104733975701718
b 135 3 179 220
b 143 0 220 485
b 186 0 106 331
m 186 47 0 106 331
m 186 169 0 106 331
m 186 229 0 106 331
b 186 1 106 331
m 186 47 1 106 331
m 186 169 1 106 331
m 186 229 1 106 331
b 4 2 293 394
b 87 1 192 101
b 92 3 150 256
b 102 2 199 481
m 102 20 2 199 481
m 102 64 2 199 481
m 102 121 2 199 481
m 102 158 2 199 481
m 102 162 2 199 481
m 102 193 2 199 481
b 128 2 92 249
b 170 3 148 345
m 170 169 3 10.0 116.50000000000001 0.5
m 170 190 3 10.0 116.50000000000001 0.5
b 102 0 200 480
b 179 2 237 395
b 193 0 142 474
m 193 67 0 142 474
m 193 94 0 142 474
b 236 1 208 91
m 236 66 1 208 91
b 139 0 142 457
m 139 67 0 142 457
b 229 3 98 356
m 229 169 3 10.25 118.00000000000001 0.024555599292604147
b 9 3 204 362
b 93 3 182 478
m 93 21 3 10.88888888888889 135.77777777777777 0.5588534526611658
m 93 121 3 10.88888888888889 135.77777777777777 0.5588534526611658
m 93 20 3 10.88888888888889 135.77777777777777 0.5588534526611658
m 93 139 3 10.88888888888889 135.77777777777777 0.5588534526611658
m 93 190 3 10.88888888888889 135.77777777777777 0.5588534526611658
m 93 193 3 10.88888888888889 135.77777777777777 0.5588534526611658
b 127 0 60 212
b 143 1 223 487
b 156 0 87 461
m 156 62 0 87 461
b 24 3 19 168
m 24 99 3 10.125 114.375 0.5497307614603493
m 24 85 3 10.125 114.375 0.5497307614603493
m 24 33 3 10.125 114.375 0.5497307614603493
m 24 30 3 10.125 114.375 0.5497307614603493
m 24 52 3 10.125 114.375 0.5497307614603493
b 162 0 193 478
b 175 2 53 216
m 175 24 2 53 216
m 175 127 2 53 216
m 175 184 2 53 216
b 185 0 71 259
b 12 3 322 462
b 64 3 189 490
m 64 21 3 10.875000000000002 128.625 0.17743994498302953
m 64 121 3 10.875000000000002 128.625 0.17743994498302953
b 186 3 112 331
m 186 169 3 9.875 113.62500000000001 0.00784454412811909
b 193 1 146 473
m 193 67 1 146 473
b 234 3 77 165
m 234 52 3 10.125 117.12500000000001 0.3333333333333333
b 53 2 177 360
m 53 31 2 177 360
m 53 77 2 177 360
m 53 103 2 177 360
m 53 170 2 177 360
m 53 186 2 177 360
b 84 2 39 189
m 84 24 2 39 189
m 84 30 2 39 189
m 84 33 2 39 189
m 84 52 2 39 189
m 84 83 2 39 189
m 84 127 2 39 189
m 84 184 2 39 189
m 84 235 2 39 189
b 162 1 194 477
b 190 1 137 437
b 11 3 459 23
m 11 79 3 7.142857142857142 80.0 0.5181102362204724
m 11 123 3 7.142857142857142 80.0 0.5181102362204724
b 84 3 39 190
m 84 52 3 10.0 112.5 0.5067203212465944
m 84 235 3 10.0 112.5 0.5067203212465944
m 84 83 3 10.0 112.5 0.5067203212465944
b 134 3 206 98
m 134 163 3 10.857142857142858 127.99999999999999 0.4507425980585351
m 134 196 3 10.857142857142858 127.99999999999999 0.4507425980585351
m 134 15 3 10.857142857142858 127.99999999999999 0.4507425980585351
b 158 0 190 454
b 184 1 48 225
b 109 2 141 131
b 185 3 73 263
m 185 184 3 9.125 108.625 0.013698630136986245
b 227 2 214 62
m 227 80 2 214 62
m 227 163 2 214 62
m 227 196 2 214 62
b 21 0 159 427
b 41 2 230 133
b 127 3 65 209
m 127 184 3 9.375 106.875 0.5
b 129 3 379 75
b 143 3 229 489
m 143 102 3 10.555555555555555 128.11111111111111 0.3333333333333333
b 181 0 91 126
m 181 56 0 91 126
m 181 71 0 91 126
b 181 2 91 126
b 181 3 91 126
m 181 56 3 10.285714285714286 121.99999999999999 0.3333333333333333
b 185 2 73 263
m 185 127 2 73 263
m 185 184 2 73 263
b 226 0 37 457
m 226 62 0 37 457
b 66 0 171 47
m 66 42 0 171 47
m 66 45 0 171 47
m 66 80 0 171 47
m 66 203 0 171 47
b 66 3 171 47
m 66 80 3 11.428571428571429 137.14285714285714 0.758340608638101
m 66 203 3 11.428571428571429 137.14285714285714 0.758340608638101
m 66 136 3 11.428571428571429 137.14285714285714 0.758340608638101
m 66 168 3 11.428571428571429 137.14285714285714 0.758340608638101
m 66 236 3 11.428571428571429 137.14285714285714 0.758340608638101
m 66 45 3 11.428571428571429 137.14285714285714 0.758340608638101
m 66 196 3 11.428571428571429 137.14285714285714 0.758340608638101
b 121 3 178 496
m 121 21 3 10.700000000000003 124.5 0.039814707750123565
b 134 2 205 101
m 134 163 2 205 101
m 134 196 2 205 101
b 201 1 82 386
m 201 43 1 82 386
m 201 130 1 82 386
m 201 141 1 82 386
b 15 2 267 42
m 15 91 2 267 42
m 15 163 2 267 42
m 15 196 2 267 42
b 52 0 28 173
m 52 99 0 28 173
b 52 1 28 173
m 52 99 1 28 173
b 130 0 61 443
m 130 62 0 61 443
b 177 3 330 440
b 127 1 68 207
m 127 185 1 68 207
b 193 2 153 472
m 193 10 2 153 472
m 193 21 2 153 472
m 193 63 2 153 472
m 193 139 2 153 472
m 193 190 2 153 472
b 234 2 71 161
b 235 3 88 145
m 235 52 3 9.25 106.0 0.7597893168759311
m 235 30 3 9.25 106.0 0.7597893168759311
m 235 83 3 9.25 106.0 0.7597893168759311
m 235 85 3 9.25 106.0 0.7597893168759311
b 58 0 106 120
m 58 56 0 106 120
b 58 2 106 120
b 58 3 106 120
b 121 2 179 499
m 121 21 2 179 499
m 121 139 2 179 499
m 121 190 2 179 499
b 125 0 47 485
m 125 62 0 47 485
b 136 0 139 1
m 136 42 0 139 1
m 136 45 0 139 1
m 136 80 0 139 1
m 136 203 0 139 1
b 64 2 196 496
b 98 0 82 102
m 98 22 0 82 102
m 98 56 0 82 102
m 98 71 0 82 102
m 98 115 0 82 102
b 98 2 82 102
m 98 22 2 82 102
m 98 56 2 82 102
m 98 71 2 82 102
m 98 83 2 82 102
m 98 85 2 82 102
m 98 89 2 82 102
m 98 115 2 82 102
m 98 235 2 82 102
b 104 3 265 483
m 104 102 3 10.888888888888888 137.33333333333334 0.5
b 9 2 214 370
b 85 0 29 108
m 85 22 0 29 108
m 85 71 0 29 108
m 85 99 0 29 108
b 85 1 29 108
m 85 22 1 29 108
m 85 71 1 29 108
m 85 98 1 29 108
m 85 99 1 29 108
m 85 181 1 29 108
b 139 1 152 465
b 193 3 156 471
m 193 102 3 10.4 125.8 0.30670582741945346
b 20 1 111 447
m 20 62 1 111 447
b 24 2 8 163
m 24 30 2 8 163
m 24 33 2 8 163
m 24 52 2 8 163
m 24 83 2 8 163
m 24 85 2 8 163
m 24 99 2 8 163
b 127 2 71 205
b 156 1 74 461
m 156 62 1 74 461
b 158 1 197 459
b 184 2 53 218
b 198 3 110 334
m 198 201 3 9.375 110.125 1.0
b 198 2 109 335
b 229 0 113 356
b 10 0 75 488
m 10 62 0 75 488
b 190 3 136 449
m 190 62 3 10.0 116.50000000000001 -1.0
b 229 1 114 356
m 229 43 1 114 356
m 229 141 1 114 356
b 15 3 274 38
m 15 168 3 10.0 116.28571428571429 0.27754733745517157
m 15 227 3 10.0 116.28571428571429 0.27754733745517157
b 89 0 88 86
m 89 22 0 88 86
m 89 42 0 88 86
m 89 45 0 88 86
m 89 56 0 88 86
m 89 71 0 88 86
m 89 115 0 88 86
m 89 203 0 88 86
b 89 3 88 86
m 89 22 3 11.0 129.85714285714283 0.562921910006458
m 89 203 3 11.0 129.85714285714283 0.562921910006458
m 89 42 3 11.0 129.85714285714283 0.562921910006458
m 89 115 3 11.0 129.85714285714283 0.562921910006458
b 52 3 35 177
b 58 1 101 125
m 58 56 1 101 125
m 58 89 1 101 125
m 58 98 1 101 125
m 58 181 1 101 125
b 138 2 290 135
b 184 3 55 214
b 235 2 96 142
m 235 85 2 96 142
m 235 89 2 96 142
b 20 0 107 445
m 20 62 0 107 445
b 30 0 32 105
m 30 99 0 32 105
b 30 1 32 105
m 30 71 1 32 105
m 30 98 1 32 105
m 30 99 1 32 105
m 30 181 1 32 105
b 80 2 208 25
m 80 66 2 208 25
m 80 136 2 208 25
b 10 1 71 487
m 10 62 1 71 487
b 21 1 170 420
b 52 2 37 178
m 52 85 2 37 178
m 52 99 2 37 178
b 83 0 56 153
b 83 1 56 153
m 83 98 1 56 153
m 83 181 1 56 153
b 91 3 324 73
b 163 3 201 29
m 163 153 3 10.0 113.99999999999999 0.24977736165585157
b 168 2 219 103
b 236 2 210 112
m 236 66 2 210 112
b 66 1 181 39
m 66 42 1 181 39
m 66 45 1 181 39
m 66 80 1 181 39
m 66 136 1 181 39
b 79 3 462 3
b 80 0 210 26
b 80 3 210 26
m 80 153 3 10.5 122.0 0.25
m 80 40 3 10.5 122.0 0.25
b 158 2 203 463
m 158 21 2 203 463
m 158 139 2 203 463
m 158 190 2 203 463
b 163 2 200 29
b 31 2 193 300
b 85 3 36 102
m 85 71 3 9.222222222222221 102.11111111111111 0.5
m 85 22 3 9.222222222222221 102.11111111111111 0.5
b 130 1 57 431
m 130 62 1 57 431
m 130 74 1 57 431
m 130 94 1 57 431
m 130 120 1 57 431
m 130 125 1 57 431
m 130 140 1 57 431
m 130 226 1 57 431
b 33 0 5 124
b 33 1 5 124
b 63 2 110 450
m 63 62 2 110 450
b 103 2 97 368
m 103 43 2 97 368
m 103 47 2 97 368
m 103 141 2 97 368
m 103 169 2 97 368
m 103 201 2 97 368
m 103 229 2 97 368
b 170 2 174 343
b 47 0 31 389
m 47 160 0 31 389
b 47 1 31 389
m 47 160 1 31 389
b 141 0 60 388
m 141 160 0 60 388
b 67 0 67 453
m 67 62 0 67 453
b 77 2 130 369
b 162 2 210 461
b 169 0 125 386
b 98 3 69 109
m 98 22 3 9.125 105.125 0.6778484881170677
m 98 71 3 9.125 105.125 0.6778484881170677
b 99 3 17 140
m 99 71 3 9.222222222222221 102.11111111111111 0.5
b 169 1 126 387
b 186 2 136 332
m 186 169 2 136 332
m 186 201 2 136 332
m 186 229 2 136 332
b 30 3 36 97
m 30 22 3 9.333333333333334 102.66666666666667 0.3333333333333333
b 43 0 66 394
m 43 160 0 66 394
b 94 0 25 476
m 94 74 0 25 476
m 94 120 0 25 476
m 94 140 0 25 476
b 139 3 164 474
m 139 62 3 10.88888888888889 135.77777777777777 -1.0
b 185 1 84 281
b 190 2 135 461
m 190 62 2 135 461
b 71 0 30 67
m 71 76 0 30 67
m 71 119 0 30 67
m 71 149 0 30 67
m 71 183 0 30 67
m 71 197 0 30 67
m 71 214 0 30 67
b 20 2 97 439
b 30 2 37 95
b 67 1 66 449
m 67 62 1 66 449
b 42 0 87 28
m 42 119 0 87 28
m 42 149 0 87 28
m 42 183 0 87 28
m 42 214 0 87 28
b 83 2 62 162
b 169 3 129 388
m 169 43 3 9.11111111111111 104.00000000000001 0.5110500400778656
m 169 141 3 9.11111111111111 104.00000000000001 0.5110500400778656
b 33 3 6 115
m 33 71 3 9.11111111111111 101.77777777777779 1.0
b 83 3 63 163
b 85 2 44 96
m 85 214 2 44 96
b 20 3 95 438
m 20 62 3 10.88888888888889 135.77777777777777 -1.0
b 56 0 51 46
m 56 76 0 51 46
m 56 119 0 51 46
m 56 149 0 51 46
m 56 183 0 51 46
m 56 214 0 51 46
b 56 3 51 46
m 56 183 3 9.875 112.87499999999999 0.5294749710561164
m 56 119 3 9.875 112.87499999999999 0.5294749710561164
m 56 71 3 9.875 112.87499999999999 0.5294749710561164
m 56 149 3 9.875 112.87499999999999 0.5294749710561164
b 115 0 48 23
m 115 76 0 48 23
m 115 119 0 48 23
m 115 149 0 48 23
m 115 183 0 48 23
m 115 197 0 48 23
m 115 214 0 48 23
b 115 2 48 23
m 115 42 2 48 23
m 115 45 2 48 23
m 115 76 2 48 23
m 115 119 2 48 23
m 115 149 2 48 23
m 115 183 2 48 23
m 115 197 2 48 23
m 115 203 2 48 23
m 115 214 2 48 23
b 136 3 146 21
b 196 3 210 68
m 196 210 3 9.625 112.12499999999999 1.0
b 22 0 61 86
m 22 119 0 61 86
m 22 149 0 61 86
m 22 183 0 61 86
m 22 214 0 61 86
b 22 2 61 86
m 22 42 2 61 86
m 22 45 2 61 86
m 22 119 2 61 86
m 22 149 2 61 86
m 22 183 2 61 86
m 22 203 2 61 86
m 22 214 2 61 86
b 33 2 6 113
b 45 0 126 59
m 45 149 0 126 59
b 45 3 126 59
m 45 149 3 10.125 120.125 1.0
b 71 2 25 67
m 71 42 2 25 67
m 71 76 2 25 67
m 71 119 2 25 67
m 71 149 2 25 67
m 71 183 2 25 67
m 71 197 2 25 67
m 71 214 2 25 67
b 80 1 220 35
b 99 0 18 146
b 99 1 18 146
b 196 2 209 69
b 226 1 13 445
m 226 160 1 13 445
b 227 3 187 71
m 227 210 3 8.875 101.875 1.0
b 21 3 183 412
m 21 162 3 10.0 122.60000000000001 0.5
m 21 158 3 10.0 122.60000000000001 0.5
b 22 1 61 87
m 22 115 1 61 87
m 22 119 1 61 87
m 22 149 1 61 87
m 22 183 1 61 87
m 22 203 1 61 87
m 22 214 1 61 87
b 71 1 24 67
b 201 3 74 359
m 201 43 3 8.88888888888889 100.66666666666666 1.0
m 201 47 3 8.88888888888889 100.66666666666666 1.0
m 201 130 3 8.88888888888889 100.66666666666666 1.0
m 201 141 3 8.88888888888889 100.66666666666666 1.0
m 201 160 3 8.88888888888889 100.66666666666666 1.0
b 91 2 337 84
m 91 116 2 337 84
m 91 182 2 337 84
b 120 1 68 461
m 120 62 1 68 461
b 139 2 171 479
m 139 62 2 171 479
b 153 3 201 15
m 153 210 3 9.0 101.44444444444443 1.0
b 56 2 47 44
m 56 42 2 47 44
m 56 45 2 47 44
m 56 76 2 47 44
m 56 119 2 47 44
m 56 149 2 47 44
m 56 183 2 47 44
m 56 203 2 47 44
m 56 214 2 47 44
b 102 3 206 442
m 102 162 3 9.7 115.7 0.176050253671909
b 115 3 44 20
m 115 119 3 10.375 118.12499999999997 0.49460817555194586
m 115 76 3 10.375 118.12499999999997 0.49460817555194586
m 115 149 3 10.375 118.12499999999997 0.49460817555194586
b 125 1 40 487
m 125 62 1 40 487
b 141 1 73 390
b 10 2 52 485
b 22 3 62 91
m 22 149 3 10.125 115.62499999999997 0.17587133213416997
b 99 2 19 151
b 123 3 446 4
b 168 3 212 121
b 181 1 69 149
b 236 3 211 131
b 42 3 79 31
m 42 183 3 10.125 115.62499999999997 0.17587133213416997
b 140 1 43 492
m 140 62 1 43 492
b 43 1 68 381
b 66 2 197 27
m 66 45 2 197 27
b 76 0 15 28
b 74 1 36 474
b 203 0 74 2
b 203 3 74 2
m 203 119 3 10.625 123.125 0.05677416321354773
b 89 2 64 96
m 89 42 2 64 96
m 89 45 2 64 96
b 120 0 73 457
m 120 62 0 73 457
b 21 2 191 408
b 42 1 75 32
m 42 76 1 75 32
m 42 115 1 75 32
m 42 119 1 75 32
m 42 149 1 75 32
m 42 183 1 75 32
m 42 203 1 75 32
m 42 214 1 75 32
b 56 1 41 41
b 71 3 15 66
m 71 76 3 8.600000000000001 92.80000000000001 0.6759856830236268
m 71 214 3 8.600000000000001 92.80000000000001 0.6759856830236268
b 98 1 54 117
m 98 214 1 54 117
b 136 2 149 31
b 76 2 16 32
b 119 0 59 30
b 136 1 150 33
b 140 0 48 491
m 140 62 0 48 491
b 201 2 72 349
m 201 130 2 72 349
m 201 160 2 72 349
b 229 2 144 357
b 45 1 136 67
b 74 0 42 476
b 210 3 217 39
b 89 1 58 98
b 119 2 61 34
b 119 3 61 34
m 119 214 3 9.0 100.77777777777776 0.5
m 119 197 3 9.0 100.77777777777776 0.5
b 76 3 18 36
m 76 197 3 9.444444444444443 105.44444444444441 0.5
m 76 214 3 9.444444444444443 105.44444444444441 0.5
b 130 3 50 404
m 130 10 3 8.8 97.0 1.0
m 130 67 3 8.8 97.0 1.0
m 130 74 3 8.8 97.0 1.0
m 130 94 3 8.8 97.0 1.0
m 130 120 3 8.8 97.0 1.0
m 130 125 3 8.8 97.0 1.0
m 130 156 3 8.8 97.0 1.0
m 130 226 3 8.8 97.0 1.0
b 183 0 4 23
b 197 0 13 9
b 40 3 240 34
b 119 1 62 35
m 119 76 1 62 35
m 119 197 1 62 35
b 47 2 26 416
m 47 67 2 26 416
m 47 74 2 26 416
m 47 94 2 26 416
m 47 120 2 26 416
m 47 130 2 26 416
m 47 156 2 26 416
m 47 160 2 26 416
m 47 226 2 26 416
b 160 0 19 418
b 160 1 19 418
b 141 2 88 393
b 183 2 0 23
b 183 3 0 23
m 183 197 3 9.0 100.77777777777776 0.5
m 183 214 3 9.0 100.77777777777776 0.5
b 197 2 16 10
b 94 1 2 478
b 42 2 64 36
b 76 1 20 42
m 76 197 1 20 42
b 115 1 29 10
m 115 197 1 29 10
b 183 1 3 24
m 183 197 1 3 24
b 43 2 71 365
m 43 67 2 71 365
m 43 130 2 71 365
b 169 2 153 399
b 45 2 145 75
b 130 2 47 394
b 149 0 74 49
b 141 3 95 395
b 226 3 15 438
m 226 140 3 8.090909090909092 88.27272727272728 1.0
b 160 3 21 429
b 182 2 395 79
b 214 0 62 76
b 43 3 73 358
b 47 3 23 427
b 116 2 345 59
b 149 2 75 53
b 149 3 75 53
b 226 2 17 438
m 226 125 2 17 438
m 226 140 2 17 438
b 120 3 91 444
m 120 62 3 8.8 97.0 -1.0
b 162 3 238 434
b 125 3 26 463
m 125 140 3 8.090909090909092 88.27272727272728 1.0
b 149 1 76 54
b 214 2 63 79
b 120 2 92 443
b 158 3 240 489
b 203 2 73 27
b 203 1 73 29
b 214 1 64 81
b 74 3 64 481
m 74 140 3 8.090909090909092 88.27272727272728 1.0
b 197 3 31 15
b 74 2 65 482
b 197 1 33 16
b 160 2 24 439
b 67 3 54 403
b 156 3 10 463
b 214 3 68 89
b 10 3 12 481
b 67 2 54 402
b 125 2 19 451
b 140 3 81 482
m 140 62 3 8.090909090909092 88.27272727272728 -1.0
b 156 2 8 463
b 140 2 83 481
m 140 62 2 83 481
b 94 3 16 454
b 94 2 17 452
