Key: 
t: node change direction (node id, x, y, new direction)
s: node start location (node id, x, y, start direction, buffer)
m: message transfer (sender id, target id, messageType, sender x, sender y
b: broadcast (node id, message type, x, y)
309 323 190 339
s 0 12 469 15 0
s 1 394 77 255 0
s 2 108 136 104 0
s 3 416 48 285 0
s 4 284 232 65 0
s 5 73 364 89 0
s 6 387 273 213 0
s 7 329 475 165 0
s 8 369 454 247 0
s 9 352 487 349 0
s 10 278 173 319 0
s 11 289 75 240 0
s 12 267 31 170 0
s 13 245 338 51 0
s 14 105 429 263 0
s 15 61 31 118 0
s 16 184 464 44 0
s 17 204 428 249 0
s 18 124 86 215 0
s 19 291 270 97 0
s 20 452 261 90 0
s 21 388 0 100 0
s 22 455 358 119 0
s 23 282 102 52 0
s 24 382 423 337 0
s 25 391 459 32 0
s 26 24 191 323 0
s 27 427 434 221 0
s 28 26 413 226 0
s 29 414 464 220 0
s 30 245 250 102 0
s 31 241 357 348 0
s 32 300 258 191 0
s 33 332 341 304 0
s 34 116 70 147 0
s 35 114 80 339 0
s 36 488 224 316 0
s 37 300 16 70 0
s 38 321 136 79 0
s 39 311 130 28 0
s 40 479 339 224 0
s 41 106 292 5 0
s 42 179 426 217 0
s 43 35 253 31 0
s 44 493 385 258 0
s 45 278 170 74 0
s 46 79 58 171 0
s 47 336 264 321 0
s 48 214 460 68 0
s 49 90 421 302 0
s 50 119 60 183 0
s 51 65 419 126 0
s 52 29 146 140 0
s 53 16 304 52 0
s 54 288 476 250 0
s 55 110 73 57 0
s 56 36 340 151 0
s 57 416 176 72 0
s 58 6 492 309 0
s 59 165 39 135 0
s 60 148 399 165 0
s 61 227 295 145 0
s 62 231 40 144 0
s 63 436 97 313 0
s 64 403 329 136 0
s 65 253 292 136 0
s 66 229 436 174 0
s 67 256 95 95 0
s 68 100 439 93 0
s 69 265 183 0 0
s 70 296 452 332 0
s 71 359 486 166 0
s 72 23 64 10 0
s 73 2 336 157 0
s 74 463 403 43 0
s 75 230 441 267 0
s 76 349 241 303 0
s 77 374 22 333 0
s 78 272 302 162 0
s 79 275 452 151 0
s 80 337 486 70 0
s 81 175 70 35 0
s 82 261 380 341 0
s 83 372 487 50 0
s 84 64 219 195 0
s 85 395 220 303 0
s 86 230 350 153 0
s 87 250 342 312 0
s 88 324 228 349 0
s 89 300 487 96 0
s 90 227 127 62 0
s 91 68 351 39 0
s 92 316 39 188 0
s 93 372 264 195 0
s 94 497 384 340 0
s 95 18 52 223 0
s 96 430 36 194 0
s 97 347 485 145 0
s 98 323 273 280 0
s 99 353 231 18 0
s 100 329 206 195 0
s 101 88 375 253 0
s 102 350 378 189 0
s 103 225 80 138 0
s 104 7 479 61 0
s 105 308 298 332 0
s 106 14 15 123 0
s 107 418 370 198 0
s 108 256 250 9 0
s 109 229 257 125 0
s 110 190 339 212 0
s 111 146 164 70 0
s 112 324 351 209 0
s 113 139 385 279 0
s 114 66 346 322 0
s 115 358 146 291 0
s 116 86 474 128 0
s 117 463 221 63 0
s 118 75 303 179 0
s 119 192 87 97 0
s 120 302 289 309 0
s 121 460 138 55 0
s 122 444 360 270 0
s 123 61 377 349 0
s 124 394 355 129 0
s 125 375 104 112 0
s 126 118 126 12 0
s 127 183 319 248 0
s 128 251 252 157 0
s 129 486 394 146 0
s 130 363 328 56 0
s 131 256 144 322 0
s 132 306 292 62 0
s 133 298 6 207 0
s 134 382 283 24 0
s 135 455 342 176 0
s 136 40 125 354 0
s 137 309 323 68 0
s 138 214 325 11 0
s 139 360 467 95 0
s 140 128 44 112 0
s 141 230 30 161 0
s 142 21 65 25 0
s 143 23 76 336 0
s 144 222 360 236 0
s 145 266 453 148 0
s 146 152 354 39 0
s 147 410 377 283 0
s 148 256 320 313 0
s 149 130 284 226 0
s 150 65 139 192 0
s 151 124 492 188 0
s 152 283 158 22 0
s 153 277 143 223 0
s 154 313 9 277 0
s 155 462 495 41 0
s 156 90 100 35 0
s 157 25 86 58 0
s 158 329 112 199 0
s 159 103 93 322 0
s 160 302 351 322 0
s 161 109 11 315 0
s 162 213 364 209 0
s 163 485 371 217 0
s 164 285 393 310 0
s 165 485 382 253 0
s 166 105 315 263 0
s 167 234 96 216 0
s 168 426 251 23 0
s 169 222 399 308 0
s 170 36 380 170 0
s 171 405 486 247 0
s 172 345 272 333 0
s 173 129 62 64 0
s 174 370 194 314 0
s 175 166 240 339 0
s 176 212 364 161 0
s 177 401 102 145 0
s 178 112 266 82 0
s 179 46 393 240 0
s 180 123 150 320 0
s 181 485 444 90 0
s 182 403 277 329 0
s 183 347 301 49 0
s 184 486 484 160 0
s 185 66 215 295 0
s 186 49 343 76 0
s 187 394 154 292 0
s 188 484 357 322 0
s 189 117 353 0 0
s 190 315 357 349 0
s 191 375 12 231 0
s 192 10 326 343 0
s 193 229 71 172 0
s 194 70 91 272 0
s 195 184 310 158 0
s 196 455 266 204 0
s 197 75 312 303 0
s 198 121 103 17 0
s 199 361 182 35 0
s 200 367 457 198 0
s 201 237 362 268 0
s 202 255 178 128 0
s 203 468 279 188 0
s 204 357 258 286 0
s 205 353 33 148 0
s 206 109 487 141 0
s 207 19 493 41 0
s 208 105 430 247 0
s 209 12 186 343 0
s 210 11 405 309 0
s 211 429 177 276 0
s 212 3 24 156 0
s 213 139 473 6 0
s 214 390 9 36 0
s 215 304 11 121 0
s 216 306 134 196 0
s 217 182 348 48 0
s 218 203 110 241 0
s 219 342 201 276 0
s 220 199 260 30 0
s 221 317 378 146 0
s 222 134 333 110 0
s 223 73 120 206 0
s 224 348 20 173 0
s 225 71 400 325 0
s 226 25 222 86 0
s 227 198 322 153 0
s 228 385 481 278 0
s 229 231 352 349 0
s 230 121 73 182 0
s 231 339 201 87 0
s 232 298 460 230 0
s 233 183 30 85 0
s 234 297 253 101 0
s 235 145 176 327 0
s 236 403 279 253 0
s 237 434 105 132 0
s 238 365 106 44 0
s 239 339 487 97 0
b 137 0 318 346
m 137 19 0 318 346
m 137 32 0 318 346
m 137 33 0 318 346
m 137 47 0 318 346
m 137 78 0 318 346
m 137 98 0 318 346
m 137 105 0 318 346
m 137 112 0 318 346
m 137 120 0 318 346
m 137 130 0 318 346
m 137 132 0 318 346
m 137 148 0 318 346
m 137 160 0 318 346
m 137 172 0 318 346
m 137 183 0 318 346
m 137 190 0 318 346
m 137 234 0 318 346
b 137 1 318 346
m 137 19 1 318 346
m 137 32 1 318 346
m 137 33 1 318 346
m 137 47 1 318 346
m 137 78 1 318 346
m 137 98 1 318 346
m 137 105 1 318 346
m 137 112 1 318 346
m 137 120 1 318 346
m 137 130 1 318 346
m 137 132 1 318 346
m 137 148 1 318 346
m 137 160 1 318 346
m 137 172 1 318 346
m 137 183 1 318 346
m 137 190 1 318 346
m 137 234 1 318 346
b 137 2 318 346
m 137 19 2 318 346
m 137 32 2 318 346
m 137 33 2 318 346
m 137 47 2 318 346
m 137 78 2 318 346
m 137 98 2 318 346
m 137 105 2 318 346
m 137 112 2 318 346
m 137 120 2 318 346
m 137 130 2 318 346
m 137 132 2 318 346
m 137 148 2 318 346
m 137 160 2 318 346
m 137 172 2 318 346
m 137 183 2 318 346
m 137 190 2 318 346
m 137 234 2 318 346
b 137 3 318 346
m 137 19 3 25.0 625.0 1.0
m 137 32 3 25.0 625.0 1.0
m 137 33 3 25.0 625.0 1.0
m 137 47 3 25.0 625.0 1.0
m 137 78 3 25.0 625.0 1.0
m 137 98 3 25.0 625.0 1.0
m 137 105 3 25.0 625.0 1.0
m 137 112 3 25.0 625.0 1.0
m 137 120 3 25.0 625.0 1.0
m 137 130 3 25.0 625.0 1.0
m 137 132 3 25.0 625.0 1.0
m 137 148 3 25.0 625.0 1.0
m 137 160 3 25.0 625.0 1.0
m 137 172 3 25.0 625.0 1.0
m 137 183 3 25.0 625.0 1.0
m 137 190 3 25.0 625.0 1.0
m 137 234 3 25.0 625.0 1.0
b 19 0 285 318
m 19 4 0 285 318
m 19 13 0 285 318
m 19 30 0 285 318
m 19 31 0 285 318
m 19 65 0 285 318
m 19 87 0 285 318
m 19 108 0 285 318
m 19 128 0 285 318
m 19 138 0 285 318
m 19 201 0 285 318
m 19 220 0 285 318
m 19 229 0 285 318
b 19 1 285 318
m 19 4 1 285 318
m 19 13 1 285 318
m 19 30 1 285 318
m 19 31 1 285 318
m 19 65 1 285 318
m 19 87 1 285 318
m 19 108 1 285 318
m 19 128 1 285 318
m 19 138 1 285 318
m 19 201 1 285 318
m 19 220 1 285 318
m 19 229 1 285 318
b 19 2 285 318
b 19 3 285 318
m 19 108 3 21.0 473.0 0.27533577533577525
m 19 13 3 21.0 473.0 0.27533577533577525
m 19 220 3 21.0 473.0 0.27533577533577525
m 19 30 3 21.0 473.0 0.27533577533577525
b 32 0 252 248
m 32 4 0 252 248
m 32 30 0 252 248
m 32 65 0 252 248
m 32 87 0 252 248
m 32 108 0 252 248
m 32 109 0 252 248
m 32 128 0 252 248
m 32 202 0 252 248
m 32 220 0 252 248
b 32 1 252 248
m 32 4 1 252 248
m 32 30 1 252 248
m 32 65 1 252 248
m 32 87 1 252 248
m 32 108 1 252 248
m 32 109 1 252 248
m 32 128 1 252 248
m 32 202 1 252 248
m 32 220 1 252 248
b 32 2 252 248
m 32 4 2 252 248
m 32 30 2 252 248
m 32 65 2 252 248
m 32 87 2 252 248
m 32 108 2 252 248
m 32 109 2 252 248
m 32 128 2 252 248
m 32 202 2 252 248
m 32 220 2 252 248
b 32 3 252 248
m 32 87 3 21.333333333333336 482.0 0.39332217261904745
m 32 30 3 21.333333333333336 482.0 0.39332217261904745
m 32 4 3 21.333333333333336 482.0 0.39332217261904745
b 33 0 359 300
m 33 64 0 359 300
m 33 102 0 359 300
m 33 107 0 359 300
m 33 124 0 359 300
m 33 164 0 359 300
b 33 1 359 300
m 33 64 1 359 300
m 33 102 1 359 300
m 33 107 1 359 300
m 33 124 1 359 300
m 33 164 1 359 300
b 33 2 359 300
b 33 3 359 300
m 33 124 3 19.333333333333336 438.0 0.125
m 33 102 3 19.333333333333336 438.0 0.125
b 47 0 374 234
m 47 6 0 374 234
m 47 76 0 374 234
m 47 85 0 374 234
m 47 88 0 374 234
m 47 93 0 374 234
m 47 99 0 374 234
m 47 100 0 374 234
m 47 134 0 374 234
m 47 182 0 374 234
m 47 199 0 374 234
m 47 204 0 374 234
m 47 231 0 374 234
m 47 236 0 374 234
b 47 1 374 234
m 47 6 1 374 234
m 47 76 1 374 234
m 47 85 1 374 234
m 47 88 1 374 234
m 47 93 1 374 234
m 47 99 1 374 234
m 47 100 1 374 234
m 47 134 1 374 234
m 47 182 1 374 234
m 47 199 1 374 234
m 47 204 1 374 234
m 47 231 1 374 234
m 47 236 1 374 234
b 47 2 374 234
b 47 3 374 234
m 47 100 3 22.0 502.0 0.5795454545454546
m 47 85 3 22.0 502.0 0.5795454545454546
m 47 134 3 22.0 502.0 0.5795454545454546
m 47 88 3 22.0 502.0 0.5795454545454546
m 47 182 3 22.0 502.0 0.5795454545454546
m 47 93 3 22.0 502.0 0.5795454545454546
m 47 199 3 22.0 502.0 0.5795454545454546
m 47 231 3 22.0 502.0 0.5795454545454546
b 78 0 225 317
m 78 4 0 225 317
m 78 30 0 225 317
m 78 61 0 225 317
m 78 65 0 225 317
m 78 87 0 225 317
m 78 108 0 225 317
m 78 109 0 225 317
m 78 128 0 225 317
m 78 138 0 225 317
m 78 201 0 225 317
m 78 220 0 225 317
m 78 229 0 225 317
b 78 1 225 317
m 78 4 1 225 317
m 78 30 1 225 317
m 78 61 1 225 317
m 78 65 1 225 317
m 78 87 1 225 317
m 78 108 1 225 317
m 78 109 1 225 317
m 78 128 1 225 317
m 78 138 1 225 317
m 78 201 1 225 317
m 78 220 1 225 317
m 78 229 1 225 317
b 78 2 225 317
m 78 4 2 225 317
m 78 30 2 225 317
m 78 61 2 225 317
m 78 65 2 225 317
m 78 87 2 225 317
m 78 108 2 225 317
m 78 109 2 225 317
m 78 128 2 225 317
m 78 138 2 225 317
m 78 201 2 225 317
m 78 220 2 225 317
m 78 229 2 225 317
b 78 3 225 317
m 78 108 3 23.333333333333336 550.0 0.8244047619047623
m 78 61 3 23.333333333333336 550.0 0.8244047619047623
m 78 65 3 23.333333333333336 550.0 0.8244047619047623
m 78 4 3 23.333333333333336 550.0 0.8244047619047623
m 78 229 3 23.333333333333336 550.0 0.8244047619047623
m 78 87 3 23.333333333333336 550.0 0.8244047619047623
m 78 128 3 23.333333333333336 550.0 0.8244047619047623
m 78 138 3 23.333333333333336 550.0 0.8244047619047623
m 78 220 3 23.333333333333336 550.0 0.8244047619047623
m 78 109 3 23.333333333333336 550.0 0.8244047619047623
b 98 0 331 225
m 98 4 0 331 225
m 98 45 0 331 225
m 98 69 0 331 225
m 98 76 0 331 225
m 98 88 0 331 225
m 98 93 0 331 225
m 98 100 0 331 225
m 98 108 0 331 225
m 98 204 0 331 225
m 98 231 0 331 225
b 98 1 331 225
m 98 4 1 331 225
m 98 45 1 331 225
m 98 69 1 331 225
m 98 76 1 331 225
m 98 88 1 331 225
m 98 93 1 331 225
m 98 100 1 331 225
m 98 108 1 331 225
m 98 204 1 331 225
m 98 231 1 331 225
b 98 2 331 225
m 98 4 2 331 225
m 98 45 2 331 225
m 98 69 2 331 225
m 98 76 2 331 225
m 98 88 2 331 225
m 98 93 2 331 225
m 98 100 2 331 225
m 98 108 2 331 225
m 98 204 2 331 225
m 98 231 2 331 225
b 98 3 331 225
m 98 4 3 21.666666666666668 491.6666666666667 0.4935897435897436
m 98 45 3 21.666666666666668 491.6666666666667 0.4935897435897436
m 98 69 3 21.666666666666668 491.6666666666667 0.4935897435897436
m 98 76 3 21.666666666666668 491.6666666666667 0.4935897435897436
b 105 0 351 275
m 105 4 0 351 275
m 105 6 0 351 275
m 105 76 0 351 275
m 105 88 0 351 275
m 105 93 0 351 275
m 105 99 0 351 275
m 105 204 0 351 275
m 105 231 0 351 275
m 105 236 0 351 275
b 105 1 351 275
m 105 4 1 351 275
m 105 6 1 351 275
m 105 76 1 351 275
m 105 88 1 351 275
m 105 93 1 351 275
m 105 99 1 351 275
m 105 204 1 351 275
m 105 231 1 351 275
m 105 236 1 351 275
b 105 2 351 275
m 105 4 2 351 275
m 105 6 2 351 275
m 105 76 2 351 275
m 105 88 2 351 275
m 105 93 2 351 275
m 105 99 2 351 275
m 105 204 2 351 275
m 105 231 2 351 275
m 105 236 2 351 275
b 105 3 351 275
m 105 204 3 20.333333333333336 457.0 0.09090909090909091
m 105 88 3 20.333333333333336 457.0 0.09090909090909091
b 112 0 281 327
m 112 13 0 281 327
m 112 31 0 281 327
m 112 82 0 281 327
m 112 87 0 281 327
m 112 102 0 281 327
m 112 164 0 281 327
m 112 221 0 281 327
m 112 229 0 281 327
b 112 1 281 327
b 112 2 281 327
m 112 13 2 281 327
m 112 31 2 281 327
m 112 82 2 281 327
m 112 87 2 281 327
m 112 102 2 281 327
m 112 164 2 281 327
m 112 221 2 281 327
m 112 229 2 281 327
b 112 3 281 327
m 112 82 3 20.333333333333336 457.0 0.09090909090909091
m 112 221 3 20.333333333333336 457.0 0.09090909090909091
b 120 0 333 251
m 120 4 0 333 251
m 120 6 0 333 251
m 120 76 0 333 251
m 120 87 0 333 251
m 120 88 0 333 251
m 120 93 0 333 251
m 120 108 0 333 251
m 120 204 0 333 251
b 120 1 333 251
m 120 4 1 333 251
m 120 6 1 333 251
m 120 76 1 333 251
m 120 87 1 333 251
m 120 88 1 333 251
m 120 93 1 333 251
m 120 108 1 333 251
m 120 204 1 333 251
b 120 2 333 251
m 120 4 2 333 251
m 120 6 2 333 251
m 120 76 2 333 251
m 120 87 2 333 251
m 120 88 2 333 251
m 120 93 2 333 251
m 120 108 2 333 251
m 120 204 2 333 251
b 120 3 333 251
m 120 204 3 20.333333333333336 457.0 0.09090909090909091
b 130 0 390 369
m 130 24 0 390 369
m 130 64 0 390 369
m 130 102 0 390 369
m 130 107 0 390 369
m 130 122 0 390 369
m 130 124 0 390 369
m 130 134 0 390 369
m 130 135 0 390 369
m 130 147 0 390 369
b 130 1 390 369
m 130 24 1 390 369
m 130 64 1 390 369
m 130 102 1 390 369
m 130 107 1 390 369
m 130 122 1 390 369
m 130 124 1 390 369
m 130 134 1 390 369
m 130 135 1 390 369
m 130 147 1 390 369
b 130 2 390 369
b 130 3 390 369
m 130 102 3 20.333333333333336 457.0 0.09090909090909091
b 132 0 329 335
m 132 4 0 329 335
m 132 6 0 329 335
m 132 64 0 329 335
m 132 93 0 329 335
b 132 1 329 335
m 132 4 1 329 335
m 132 6 1 329 335
m 132 64 1 329 335
m 132 93 1 329 335
b 132 2 329 335
b 132 3 329 335
m 132 4 3 20.666666666666668 464.6666666666667 0.13508064516129026
m 132 64 3 20.666666666666668 464.6666666666667 0.13508064516129026
b 148 0 290 284
m 148 4 0 290 284
m 148 30 0 290 284
m 148 61 0 290 284
m 148 65 0 290 284
m 148 87 0 290 284
m 148 108 0 290 284
m 148 109 0 290 284
m 148 128 0 290 284
m 148 138 0 290 284
m 148 201 0 290 284
m 148 220 0 290 284
b 148 1 290 284
m 148 4 1 290 284
m 148 30 1 290 284
m 148 61 1 290 284
m 148 65 1 290 284
m 148 87 1 290 284
m 148 108 1 290 284
m 148 109 1 290 284
m 148 128 1 290 284
m 148 138 1 290 284
m 148 201 1 290 284
m 148 220 1 290 284
b 148 2 290 284
b 148 3 290 284
m 148 4 3 21.666666666666668 491.6666666666667 0.4935897435897436
m 148 61 3 21.666666666666668 491.6666666666667 0.4935897435897436
m 148 109 3 21.666666666666668 491.6666666666667 0.4935897435897436
m 148 128 3 21.666666666666668 491.6666666666667 0.4935897435897436
m 148 65 3 21.666666666666668 491.6666666666667 0.4935897435897436
b 160 0 341 321
m 160 13 0 341 321
m 160 31 0 341 321
m 160 64 0 341 321
m 160 82 0 341 321
m 160 102 0 341 321
m 160 124 0 341 321
m 160 164 0 341 321
m 160 221 0 341 321
b 160 1 341 321
m 160 13 1 341 321
m 160 31 1 341 321
m 160 64 1 341 321
m 160 82 1 341 321
m 160 102 1 341 321
m 160 124 1 341 321
m 160 164 1 341 321
m 160 221 1 341 321
b 160 2 341 321
b 160 3 341 321
m 160 64 3 20.0 450.0 0.1
m 160 221 3 20.0 450.0 0.1
b 172 0 389 250
m 172 6 0 389 250
m 172 76 0 389 250
m 172 85 0 389 250
m 172 93 0 389 250
m 172 99 0 389 250
m 172 134 0 389 250
m 172 182 0 389 250
m 172 196 0 389 250
m 172 204 0 389 250
m 172 231 0 389 250
m 172 236 0 389 250
b 172 1 389 250
m 172 6 1 389 250
m 172 76 1 389 250
m 172 85 1 389 250
m 172 93 1 389 250
m 172 99 1 389 250
m 172 134 1 389 250
m 172 182 1 389 250
m 172 196 1 389 250
m 172 204 1 389 250
m 172 231 1 389 250
m 172 236 1 389 250
b 172 2 389 250
m 172 6 2 389 250
m 172 76 2 389 250
m 172 85 2 389 250
m 172 93 2 389 250
m 172 99 2 389 250
m 172 134 2 389 250
m 172 182 2 389 250
m 172 196 2 389 250
m 172 204 2 389 250
m 172 231 2 389 250
m 172 236 2 389 250
b 172 3 389 250
m 172 182 3 21.333333333333336 482.0 0.39332217261904745
m 172 76 3 21.333333333333336 482.0 0.39332217261904745
m 172 231 3 21.333333333333336 482.0 0.39332217261904745
m 172 204 3 21.333333333333336 482.0 0.39332217261904745
m 172 6 3 21.333333333333336 482.0 0.39332217261904745
b 183 0 379 338
m 183 6 0 379 338
m 183 64 0 379 338
m 183 93 0 379 338
m 183 107 0 379 338
m 183 124 0 379 338
m 183 134 0 379 338
m 183 236 0 379 338
b 183 1 379 338
m 183 6 1 379 338
m 183 64 1 379 338
m 183 93 1 379 338
m 183 107 1 379 338
m 183 124 1 379 338
m 183 134 1 379 338
m 183 236 1 379 338
b 183 2 379 338
b 183 3 379 338
m 183 64 3 20.0 450.0 0.1
m 183 6 3 20.0 450.0 0.1
b 190 0 363 348
m 190 31 0 363 348
m 190 64 0 363 348
m 190 82 0 363 348
m 190 102 0 363 348
m 190 107 0 363 348
m 190 124 0 363 348
m 190 164 0 363 348
m 190 221 0 363 348
b 190 1 363 348
m 190 31 1 363 348
m 190 64 1 363 348
m 190 82 1 363 348
m 190 102 1 363 348
m 190 107 1 363 348
m 190 124 1 363 348
m 190 164 1 363 348
m 190 221 1 363 348
b 190 2 363 348
b 190 3 363 348
m 190 31 3 19.333333333333336 438.0 0.125
m 190 82 3 19.333333333333336 438.0 0.125
b 234 0 288 301
m 234 4 0 288 301
m 234 30 0 288 301
m 234 87 0 288 301
m 234 93 0 288 301
m 234 108 0 288 301
m 234 128 0 288 301
b 234 1 288 301
b 234 2 288 301
b 234 3 288 301
m 234 128 3 20.0 450.0 0.1
b 4 0 315 298
b 4 1 315 298
b 4 2 315 298
b 4 3 315 298
b 6 0 326 233
b 6 1 326 233
b 6 2 326 233
b 6 3 326 233
m 6 99 3 17.25 367.75 0.2
b 13 0 291 395
m 13 54 0 291 395
m 13 169 0 291 395
m 13 232 0 291 395
b 13 1 291 395
b 13 2 291 395
b 13 3 291 395
m 13 54 3 17.25 363.75 0.16666666666666666
m 13 164 3 17.25 363.75 0.16666666666666666
b 24 0 449 395
m 24 22 0 449 395
m 24 27 0 449 395
m 24 29 0 449 395
m 24 94 0 449 395
m 24 129 0 449 395
m 24 155 0 449 395
m 24 163 0 449 395
m 24 228 0 449 395
b 24 1 449 395
m 24 22 1 449 395
m 24 27 1 449 395
m 24 29 1 449 395
m 24 94 1 449 395
m 24 129 1 449 395
m 24 155 1 449 395
m 24 163 1 449 395
m 24 228 1 449 395
b 30 0 230 321
m 30 144 0 230 321
m 30 169 0 230 321
b 30 1 230 321
m 30 144 1 230 321
m 30 169 1 230 321
b 30 2 230 321
b 30 3 230 321
m 30 144 3 16.5 357.0 0.3333333333333333
b 31 0 312 342
m 31 169 0 312 342
b 31 1 312 342
m 31 169 1 312 342
b 31 2 312 342
m 31 169 2 312 342
b 31 3 312 342
m 31 164 3 15.250000000000002 330.75 0.3333333333333333
b 45 0 299 240
m 45 38 0 299 240
m 45 90 0 299 240
m 45 152 0 299 240
b 45 1 299 240
m 45 38 1 299 240
m 45 90 1 299 240
m 45 152 1 299 240
b 45 2 299 240
m 45 38 2 299 240
m 45 90 2 299 240
m 45 152 2 299 240
b 45 3 299 240
m 45 38 3 17.25 372.75 0.25
b 61 0 167 337
m 61 17 0 167 337
m 61 41 0 167 337
m 61 86 0 167 337
m 61 144 0 167 337
m 61 146 0 167 337
m 61 162 0 167 337
m 61 176 0 167 337
m 61 178 0 167 337
m 61 189 0 167 337
m 61 195 0 167 337
m 61 217 0 167 337
m 61 227 0 167 337
b 61 1 167 337
b 61 2 167 337
b 61 3 167 337
m 61 217 3 21.5 476.5 0.6826153941853458
m 61 201 3 21.5 476.5 0.6826153941853458
m 61 146 3 21.5 476.5 0.6826153941853458
m 61 176 3 21.5 476.5 0.6826153941853458
m 61 195 3 21.5 476.5 0.6826153941853458
m 61 86 3 21.5 476.5 0.6826153941853458
m 61 178 3 21.5 476.5 0.6826153941853458
m 61 41 3 21.5 476.5 0.6826153941853458
m 61 144 3 21.5 476.5 0.6826153941853458
b 64 0 351 380
m 64 70 0 351 380
b 64 1 351 380
m 64 70 1 351 380
b 64 3 351 380
b 65 0 200 343
m 65 17 0 200 343
m 65 41 0 200 343
m 65 110 0 200 343
m 65 144 0 200 343
m 65 162 0 200 343
m 65 189 0 200 343
m 65 217 0 200 343
b 65 1 200 343
m 65 17 1 200 343
m 65 41 1 200 343
m 65 110 1 200 343
m 65 144 1 200 343
m 65 162 1 200 343
m 65 189 1 200 343
m 65 217 1 200 343
b 65 2 200 343
b 65 3 200 343
m 65 110 3 21.25 468.75 0.6232655509461169
m 65 217 3 21.25 468.75 0.6232655509461169
m 65 201 3 21.25 468.75 0.6232655509461169
m 65 162 3 21.25 468.75 0.6232655509461169
b 69 0 338 183
m 69 10 0 338 183
m 69 23 0 338 183
m 69 38 0 338 183
m 69 39 0 338 183
m 69 67 0 338 183
m 69 125 0 338 183
m 69 131 0 338 183
m 69 152 0 338 183
m 69 177 0 338 183
m 69 219 0 338 183
b 69 1 338 183
m 69 10 1 338 183
m 69 23 1 338 183
m 69 38 1 338 183
m 69 39 1 338 183
m 69 67 1 338 183
m 69 125 1 338 183
m 69 131 1 338 183
m 69 152 1 338 183
m 69 177 1 338 183
m 69 219 1 338 183
b 69 2 338 183
b 69 3 338 183
m 69 10 3 19.0 399.0 0.36661211129296234
m 69 38 3 19.0 399.0 0.36661211129296234
m 69 67 3 19.0 399.0 0.36661211129296234
m 69 39 3 19.0 399.0 0.36661211129296234
m 69 131 3 19.0 399.0 0.36661211129296234
b 76 0 389 180
m 76 57 0 389 180
b 76 1 389 180
b 76 2 389 180
b 76 3 389 180
m 76 57 3 19.5 411.0 0.4600644173066432
m 76 99 3 19.5 411.0 0.4600644173066432
b 82 0 330 356
m 82 8 0 330 356
m 82 70 0 330 356
m 82 169 0 330 356
m 82 232 0 330 356
b 82 1 330 356
m 82 8 1 330 356
m 82 70 1 330 356
m 82 169 1 330 356
m 82 232 1 330 356
b 82 2 330 356
b 82 3 330 356
m 82 70 3 16.75 351.75 0.026601896830904467
b 85 0 435 159
m 85 36 0 435 159
m 85 57 0 435 159
m 85 174 0 435 159
m 85 237 0 435 159
m 85 238 0 435 159
b 85 1 435 159
m 85 36 1 435 159
m 85 57 1 435 159
m 85 174 1 435 159
m 85 237 1 435 159
m 85 238 1 435 159
b 85 2 435 159
m 85 36 2 435 159
m 85 57 2 435 159
m 85 174 2 435 159
m 85 199 2 435 159
m 85 237 2 435 159
m 85 238 2 435 159
b 85 3 435 159
m 85 196 3 19.75 418.75 0.4986235283703637
m 85 57 3 19.75 418.75 0.4986235283703637
m 85 236 3 19.75 418.75 0.4986235283703637
b 87 0 299 287
b 87 1 299 287
b 87 2 299 287
b 87 3 299 287
b 88 0 396 214
m 88 38 0 396 214
m 88 39 0 396 214
m 88 57 0 396 214
m 88 152 0 396 214
m 88 219 0 396 214
b 88 1 396 214
m 88 38 1 396 214
m 88 39 1 396 214
m 88 57 1 396 214
m 88 152 1 396 214
m 88 219 1 396 214
b 88 2 396 214
m 88 38 2 396 214
m 88 39 2 396 214
m 88 57 2 396 214
m 88 152 2 396 214
m 88 199 2 396 214
m 88 219 2 396 214
b 88 3 396 214
m 88 57 3 19.25 406.75 0.38134592680047213
m 88 219 3 19.25 406.75 0.38134592680047213
m 88 99 3 19.25 406.75 0.38134592680047213
m 88 152 3 19.25 406.75 0.38134592680047213
b 93 0 301 245
b 93 1 301 245
b 93 2 301 245
b 93 3 301 245
b 99 0 422 253
m 99 40 0 422 253
m 99 57 0 422 253
m 99 203 0 422 253
b 99 1 422 253
m 99 40 1 422 253
m 99 57 1 422 253
m 99 203 1 422 253
b 99 2 422 253
b 100 0 258 188
m 100 23 0 258 188
m 100 38 0 258 188
m 100 67 0 258 188
m 100 90 0 258 188
m 100 152 0 258 188
m 100 175 0 258 188
b 100 1 258 188
m 100 23 1 258 188
m 100 38 1 258 188
m 100 67 1 258 188
m 100 90 1 258 188
m 100 152 1 258 188
m 100 175 1 258 188
b 100 2 258 188
m 100 23 2 258 188
m 100 38 2 258 188
m 100 67 2 258 188
m 100 90 2 258 188
m 100 152 2 258 188
m 100 175 2 258 188
b 100 3 258 188
m 100 67 3 18.5 392.5 0.08510442260442251
b 102 0 278 367
m 102 8 0 278 367
m 102 54 0 278 367
m 102 70 0 278 367
m 102 169 0 278 367
m 102 200 0 278 367
b 102 1 278 367
m 102 8 1 278 367
m 102 54 1 278 367
m 102 70 1 278 367
m 102 169 1 278 367
m 102 200 1 278 367
b 102 2 278 367
b 102 3 278 367
m 102 54 3 16.5 344.5 0.13525381200540437
m 102 8 3 16.5 344.5 0.13525381200540437
b 107 0 348 348
b 107 1 348 348
b 108 0 329 261
b 108 1 329 261
b 108 2 329 261
b 108 3 329 261
b 109 0 187 317
m 109 41 0 187 317
m 109 110 0 187 317
m 109 144 0 187 317
m 109 189 0 187 317
b 109 1 187 317
b 109 2 187 317
m 109 41 2 187 317
m 109 110 2 187 317
m 109 144 2 187 317
m 109 189 2 187 317
b 109 3 187 317
b 122 0 444 287
m 122 20 0 444 287
m 122 40 0 444 287
m 122 44 0 444 287
m 122 117 0 444 287
m 122 163 0 444 287
m 122 165 0 444 287
m 122 168 0 444 287
m 122 188 0 444 287
m 122 203 0 444 287
b 122 1 444 287
b 124 0 348 412
m 124 8 0 348 412
m 124 27 0 348 412
m 124 29 0 348 412
m 124 70 0 348 412
m 124 83 0 348 412
m 124 200 0 348 412
m 124 239 0 348 412
b 124 1 348 412
m 124 8 1 348 412
m 124 27 1 348 412
m 124 29 1 348 412
m 124 70 1 348 412
m 124 83 1 348 412
m 124 200 1 348 412
m 124 239 1 348 412
b 124 3 348 412
m 124 107 3 18.0 377.5 0.18412256091396217
b 128 0 184 280
m 128 41 0 184 280
m 128 111 0 184 280
m 128 144 0 184 280
m 128 175 0 184 280
b 128 1 184 280
m 128 41 1 184 280
m 128 111 1 184 280
m 128 144 1 184 280
m 128 175 1 184 280
b 128 2 184 280
b 128 3 184 280
m 128 41 3 19.5 428.5 0.125
m 128 175 3 19.5 428.5 0.125
b 134 0 449 313
m 134 20 0 449 313
m 134 40 0 449 313
m 134 117 0 449 313
m 134 163 0 449 313
m 134 168 0 449 313
m 134 203 0 449 313
b 134 1 449 313
m 134 20 1 449 313
m 134 40 1 449 313
m 134 117 1 449 313
m 134 163 1 449 313
m 134 168 1 449 313
m 134 203 1 449 313
b 134 2 449 313
m 134 20 2 449 313
m 134 40 2 449 313
m 134 117 2 449 313
m 134 122 2 449 313
m 134 135 2 449 313
m 134 147 2 449 313
m 134 163 2 449 313
m 134 168 2 449 313
m 134 203 2 449 313
b 134 3 449 313
m 134 135 3 20.0 425.5 0.5435998376623378
m 134 203 3 20.0 425.5 0.5435998376623378
m 134 99 3 20.0 425.5 0.5435998376623378
m 134 168 3 20.0 425.5 0.5435998376623378
m 134 117 3 20.0 425.5 0.5435998376623378
m 134 40 3 20.0 425.5 0.5435998376623378
m 134 122 3 20.0 425.5 0.5435998376623378
b 135 0 382 347
m 135 20 0 382 347
m 135 22 0 382 347
m 135 40 0 382 347
m 135 163 0 382 347
m 135 165 0 382 347
m 135 188 0 382 347
b 135 1 382 347
m 135 20 1 382 347
m 135 22 1 382 347
m 135 40 1 382 347
m 135 163 1 382 347
m 135 165 1 382 347
m 135 188 1 382 347
b 138 0 286 339
m 138 169 0 286 339
b 138 1 286 339
m 138 169 1 286 339
b 138 2 286 339
m 138 169 2 286 339
b 138 3 286 339
m 138 201 3 19.0 421.5 0.16666666666666666
b 147 0 427 306
m 147 20 0 427 306
m 147 22 0 427 306
m 147 40 0 427 306
m 147 44 0 427 306
m 147 163 0 427 306
m 147 165 0 427 306
m 147 188 0 427 306
m 147 203 0 427 306
b 147 1 427 306
m 147 20 1 427 306
m 147 22 1 427 306
m 147 40 1 427 306
m 147 44 1 427 306
m 147 163 1 427 306
m 147 165 1 427 306
m 147 188 1 427 306
m 147 203 1 427 306
b 164 0 332 337
m 164 8 0 332 337
m 164 169 0 332 337
b 164 1 332 337
m 164 8 1 332 337
m 164 169 1 332 337
b 164 2 332 337
b 182 0 466 240
m 182 20 0 466 240
m 182 36 0 466 240
m 182 40 0 466 240
m 182 57 0 466 240
m 182 168 0 466 240
m 182 203 0 466 240
b 182 1 466 240
m 182 20 1 466 240
m 182 36 1 466 240
m 182 40 1 466 240
m 182 57 1 466 240
m 182 168 1 466 240
m 182 203 1 466 240
b 182 2 466 240
b 182 3 466 240
m 182 40 3 19.25 406.75 0.38134592680047213
m 182 57 3 19.25 406.75 0.38134592680047213
m 182 36 3 19.25 406.75 0.38134592680047213
m 182 99 3 19.25 406.75 0.38134592680047213
m 182 20 3 19.25 406.75 0.38134592680047213
b 196 0 388 236
m 196 40 0 388 236
m 196 57 0 388 236
m 196 168 0 388 236
m 196 203 0 388 236
b 196 1 388 236
b 196 2 388 236
m 196 40 2 388 236
m 196 57 2 388 236
m 196 168 2 388 236
m 196 199 2 388 236
m 196 203 2 388 236
b 199 0 421 224
m 199 39 0 421 224
m 199 57 0 421 224
m 199 174 0 421 224
m 199 237 0 421 224
m 199 238 0 421 224
b 199 1 421 224
m 199 39 1 421 224
m 199 57 1 421 224
m 199 174 1 421 224
m 199 237 1 421 224
m 199 238 1 421 224
b 199 3 421 224
m 199 57 3 19.0 401.5 0.3034988038277512
m 199 99 3 19.0 401.5 0.3034988038277512
m 199 174 3 19.0 401.5 0.3034988038277512
b 201 0 235 289
m 201 144 0 235 289
b 201 1 235 289
m 201 144 1 235 289
b 201 2 235 289
m 201 144 2 235 289
b 202 0 211 236
m 202 111 0 211 236
m 202 175 0 211 236
b 202 1 211 236
b 202 2 211 236
b 204 0 377 188
m 204 38 0 377 188
m 204 39 0 377 188
m 204 57 0 377 188
m 204 152 0 377 188
m 204 219 0 377 188
b 204 1 377 188
m 204 38 1 377 188
m 204 39 1 377 188
m 204 57 1 377 188
m 204 152 1 377 188
m 204 219 1 377 188
b 204 2 377 188
m 204 38 2 377 188
m 204 39 2 377 188
m 204 57 2 377 188
m 204 152 2 377 188
m 204 199 2 377 188
m 204 219 2 377 188
b 204 3 377 188
m 204 196 3 18.0 373.0 0.09833063459017657
m 204 39 3 18.0 373.0 0.09833063459017657
b 220 0 262 296
m 220 175 0 262 296
b 220 1 262 296
b 220 2 262 296
m 220 175 2 262 296
b 220 3 262 296
m 220 201 3 16.75 358.75 0.25
b 221 0 256 419
m 221 8 0 256 419
m 221 54 0 256 419
m 221 89 0 256 419
m 221 169 0 256 419
m 221 200 0 256 419
m 221 232 0 256 419
b 221 1 256 419
m 221 8 1 256 419
m 221 54 1 256 419
m 221 89 1 256 419
m 221 169 1 256 419
m 221 200 1 256 419
m 221 232 1 256 419
b 221 2 256 419
m 221 8 2 256 419
m 221 54 2 256 419
m 221 89 2 256 419
m 221 169 2 256 419
m 221 200 2 256 419
m 221 232 2 256 419
b 221 3 256 419
m 221 54 3 17.75 367.75 0.09000009774120085
b 229 0 302 338
m 229 169 0 302 338
b 229 1 302 338
m 229 169 1 302 338
b 229 2 302 338
m 229 169 2 302 338
b 229 3 302 338
m 229 164 3 18.5 416.5 0.25
b 231 0 343 274
m 231 38 0 343 274
m 231 152 0 343 274
b 231 1 343 274
b 231 2 343 274
m 231 38 2 343 274
m 231 152 2 343 274
m 231 199 2 343 274
b 231 3 343 274
m 231 152 3 17.75 382.75 0.2
m 231 99 3 17.75 382.75 0.2
b 236 0 382 210
m 236 57 0 382 210
m 236 203 0 382 210
b 236 1 382 210
m 236 57 1 382 210
m 236 203 1 382 210
b 236 2 382 210
b 8 0 331 365
m 8 171 0 331 365
b 8 1 331 365
b 8 2 331 365
m 8 27 2 331 365
m 8 29 2 331 365
m 8 64 2 331 365
m 8 70 2 331 365
m 8 107 2 331 365
m 8 124 2 331 365
m 8 171 2 331 365
m 8 228 2 331 365
m 8 239 2 331 365
b 8 3 331 365
m 8 27 3 14.399999999999999 282.8 0.1014174501605564
b 10 0 352 110
m 10 37 0 352 110
m 10 115 0 352 110
m 10 154 0 352 110
m 10 191 0 352 110
b 10 1 352 110
m 10 37 1 352 110
m 10 115 1 352 110
m 10 154 1 352 110
m 10 191 1 352 110
b 10 3 352 110
m 10 37 3 17.0 335.4 0.3136091053988426
m 10 115 3 17.0 335.4 0.3136091053988426
b 17 0 169 337
m 17 42 0 169 337
m 17 49 0 169 337
m 17 75 0 169 337
m 17 113 0 169 337
m 17 123 0 169 337
m 17 225 0 169 337
b 17 1 169 337
b 20 0 452 358
b 20 1 452 358
b 20 2 452 358
m 20 24 2 452 358
m 20 44 2 452 358
m 20 165 2 452 358
m 20 188 2 452 358
b 20 3 452 358
m 20 24 3 16.6 332.59999999999997 0.10154403652619408
b 22 0 408 443
m 22 9 0 408 443
m 22 74 0 408 443
m 22 80 0 408 443
m 22 139 0 408 443
b 22 1 408 443
m 22 9 1 408 443
m 22 74 1 408 443
m 22 80 1 408 443
m 22 139 1 408 443
b 23 0 341 179
b 23 1 341 179
b 23 2 341 179
m 23 125 2 341 179
m 23 131 2 341 179
m 23 177 2 341 179
b 27 0 354 370
m 27 171 0 354 370
b 27 1 354 370
m 27 171 1 354 370
b 29 0 339 402
m 29 80 0 339 402
m 29 171 0 339 402
b 29 1 339 402
m 29 80 1 339 402
m 29 171 1 339 402
b 36 0 431 167
m 36 121 0 431 167
b 36 1 431 167
m 36 121 1 431 167
b 36 2 431 167
m 36 121 2 431 167
b 36 3 431 167
m 36 237 3 16.0 327.2 0.3333333333333333
b 38 0 339 231
b 38 1 339 231
b 38 2 339 231
m 38 125 2 339 231
m 38 177 2 339 231
b 38 3 339 231
m 38 177 3 14.8 303.2 0.310890637472916
m 38 90 3 14.8 303.2 0.310890637472916
b 39 0 396 176
b 39 1 396 176
b 39 2 396 176
m 39 10 2 396 176
m 39 125 2 396 176
m 39 177 2 396 176
b 39 3 396 176
m 39 125 3 16.2 324.2 0.2
m 39 237 3 16.2 324.2 0.2
b 40 0 409 272
b 40 1 409 272
b 40 2 409 272
b 40 3 409 272
m 40 147 3 17.0 345.4 0.2
b 41 0 203 301
m 41 113 0 203 301
m 41 127 0 203 301
b 41 1 203 301
b 41 2 203 301
m 41 17 2 203 301
m 41 111 2 203 301
m 41 113 2 203 301
m 41 127 2 203 301
b 41 3 203 301
b 44 0 472 290
b 44 1 472 290
b 54 0 255 385
m 54 75 0 255 385
m 54 97 0 255 385
b 54 1 255 385
m 54 75 1 255 385
m 54 97 1 255 385
m 54 146 1 255 385
b 54 2 255 385
b 54 3 255 385
m 54 169 3 15.0 298.2 0.1766810966810967
m 54 97 3 15.0 298.2 0.1766810966810967
b 57 0 446 268
b 57 1 446 268
b 57 2 446 268
b 57 3 446 268
m 57 147 3 16.2 330.6 0.3333333333333333
b 67 0 247 192
m 67 216 0 247 192
m 67 235 0 247 192
b 67 1 247 192
m 67 216 1 247 192
m 67 235 1 247 192
b 67 2 247 192
m 67 216 2 247 192
m 67 235 2 247 192
b 67 3 247 192
m 67 235 3 16.599999999999998 329.0 0.1911304793642656
b 70 0 382 406
m 70 80 0 382 406
m 70 171 0 382 406
b 70 1 382 406
m 70 80 1 382 406
m 70 171 1 382 406
b 70 3 382 406
m 70 27 3 15.600000000000001 305.59999999999997 0.039716817995790944
b 83 0 396 418
m 83 9 0 396 418
m 83 80 0 396 418
m 83 139 0 396 418
m 83 171 0 396 418
b 83 1 396 418
m 83 9 1 396 418
m 83 80 1 396 418
m 83 139 1 396 418
m 83 171 1 396 418
b 86 0 144 394
m 86 42 0 144 394
m 86 49 0 144 394
m 86 66 0 144 394
m 86 75 0 144 394
m 86 91 0 144 394
m 86 123 0 144 394
m 86 222 0 144 394
m 86 225 0 144 394
b 86 3 144 394
m 86 49 3 19.8 415.0 0.5728544151624917
m 86 75 3 19.8 415.0 0.5728544151624917
m 86 66 3 19.8 415.0 0.5728544151624917
m 86 91 3 19.8 415.0 0.5728544151624917
m 86 17 3 19.8 415.0 0.5728544151624917
m 86 123 3 19.8 415.0 0.5728544151624917
b 89 0 227 454
m 89 7 0 227 454
m 89 79 0 227 454
m 89 97 0 227 454
m 89 213 0 227 454
b 89 1 227 454
b 89 2 227 454
m 89 7 2 227 454
m 89 79 2 227 454
m 89 97 2 227 454
m 89 213 2 227 454
m 89 217 2 227 454
b 90 0 273 212
b 90 1 273 212
b 90 2 273 212
b 94 0 431 450
m 94 9 0 431 450
m 94 80 0 431 450
m 94 139 0 431 450
m 94 171 0 431 450
m 94 181 0 431 450
m 94 184 0 431 450
b 94 1 431 450
m 94 9 1 431 450
m 94 80 1 431 450
m 94 139 1 431 450
m 94 171 1 431 450
m 94 181 1 431 450
m 94 184 1 431 450
b 99 3 445 260
b 107 3 326 340
b 111 0 179 256
m 111 127 0 179 256
m 111 197 0 179 256
b 111 1 179 256
b 117 0 480 285
b 117 1 480 285
b 117 2 480 285
b 117 3 480 285
m 117 44 3 16.8 343.59999999999997 0.25
b 122 2 444 263
b 122 3 444 263
m 122 147 3 17.0 345.4 0.2
m 122 44 3 17.0 345.4 0.2
b 125 0 339 194
b 125 1 339 194
b 129 0 406 448
m 129 9 0 406 448
m 129 25 0 406 448
m 129 80 0 406 448
m 129 139 0 406 448
m 129 171 0 406 448
m 129 184 0 406 448
b 129 1 406 448
m 129 9 1 406 448
m 129 25 1 406 448
m 129 80 1 406 448
m 129 139 1 406 448
m 129 171 1 406 448
m 129 184 1 406 448
b 131 0 333 84
m 131 21 0 333 84
m 131 37 0 333 84
m 131 115 0 333 84
m 131 154 0 333 84
m 131 191 0 333 84
m 131 205 0 333 84
m 131 215 0 333 84
b 131 1 333 84
m 131 21 1 333 84
m 131 37 1 333 84
m 131 115 1 333 84
m 131 154 1 333 84
m 131 191 1 333 84
m 131 205 1 333 84
m 131 215 1 333 84
b 131 3 333 84
m 131 215 3 17.2 339.2 0.3557416358999733
m 131 177 3 17.2 339.2 0.3557416358999733
m 131 115 3 17.2 339.2 0.3557416358999733
m 131 205 3 17.2 339.2 0.3557416358999733
b 135 2 358 349
b 135 3 358 349
m 135 27 3 17.2 347.59999999999997 0.16666666666666666
m 135 147 3 17.2 347.59999999999997 0.16666666666666666
b 144 0 168 280
m 144 110 0 168 280
b 144 1 168 280
m 144 110 1 168 280
b 144 2 168 280
m 144 110 2 168 280
b 144 3 168 280
m 144 110 3 16.5 357.0 -1.0
b 146 0 228 415
m 146 66 0 228 415
m 146 75 0 228 415
b 146 3 228 415
m 146 189 3 18.2 386.2 0.2
b 147 2 432 283
m 147 44 2 432 283
m 147 165 2 432 283
m 147 188 2 432 283
b 152 0 373 194
b 152 1 373 194
b 152 2 373 194
b 152 3 373 194
m 152 177 3 16.4 330.4 0.2
m 152 125 3 16.4 330.4 0.2
b 155 0 482 408
m 155 9 0 482 408
m 155 74 0 482 408
m 155 181 0 482 408
m 155 184 0 482 408
b 155 1 482 408
m 155 9 1 482 408
m 155 74 1 482 408
m 155 181 1 482 408
m 155 184 1 482 408
b 162 0 128 317
m 162 14 0 128 317
m 162 42 0 128 317
m 162 43 0 128 317
m 162 49 0 128 317
m 162 91 0 128 317
m 162 113 0 128 317
m 162 114 0 128 317
m 162 123 0 128 317
m 162 225 0 128 317
b 162 1 128 317
m 162 14 1 128 317
m 162 42 1 128 317
m 162 43 1 128 317
m 162 49 1 128 317
m 162 86 1 128 317
m 162 91 1 128 317
m 162 113 1 128 317
m 162 114 1 128 317
m 162 123 1 128 317
m 162 176 1 128 317
m 162 178 1 128 317
m 162 195 1 128 317
m 162 225 1 128 317
m 162 227 1 128 317
b 162 3 128 317
m 162 17 3 19.6 408.8 0.5684155805807626
m 162 43 3 19.6 408.8 0.5684155805807626
m 162 14 3 19.6 408.8 0.5684155805807626
m 162 49 3 19.6 408.8 0.5684155805807626
m 162 91 3 19.6 408.8 0.5684155805807626
m 162 113 3 19.6 408.8 0.5684155805807626
m 162 189 3 19.6 408.8 0.5684155805807626
m 162 114 3 19.6 408.8 0.5684155805807626
b 163 0 408 313
b 163 1 408 313
b 163 2 408 313
m 163 24 2 408 313
m 163 165 2 408 313
m 163 188 2 408 313
b 164 3 347 318
m 164 169 3 14.200000000000001 291.8 0.5
b 165 0 457 289
b 165 1 457 289
b 168 0 494 266
b 168 1 494 266
b 168 2 494 266
m 168 44 2 494 266
b 168 3 494 266
m 168 44 3 16.8 343.59999999999997 0.25
b 169 0 282 322
b 169 1 282 322
b 169 2 282 322
b 174 0 437 124
m 174 187 0 437 124
m 174 211 0 437 124
b 174 1 437 124
m 174 187 1 437 124
m 174 211 1 437 124
b 174 2 437 124
m 174 187 2 437 124
m 174 211 2 437 124
b 174 3 437 124
b 175 0 257 205
b 175 1 257 205
b 175 2 257 205
b 175 3 257 205
m 175 90 3 16.4 346.0 0.010450831892181961
b 176 0 120 396
m 176 14 0 120 396
m 176 42 0 120 396
m 176 49 0 120 396
m 176 66 0 120 396
m 176 91 0 120 396
m 176 123 0 120 396
m 176 208 0 120 396
m 176 222 0 120 396
m 176 225 0 120 396
b 176 3 120 396
m 176 14 3 19.8 415.0 0.5728544151624917
m 176 49 3 19.8 415.0 0.5728544151624917
m 176 66 3 19.8 415.0 0.5728544151624917
m 176 208 3 19.8 415.0 0.5728544151624917
m 176 91 3 19.8 415.0 0.5728544151624917
m 176 17 3 19.8 415.0 0.5728544151624917
m 176 123 3 19.8 415.0 0.5728544151624917
b 177 0 322 158
m 177 37 0 322 158
b 177 1 322 158
m 177 37 1 322 158
b 178 0 125 362
m 178 14 0 125 362
m 178 42 0 125 362
m 178 43 0 125 362
m 178 49 0 125 362
m 178 91 0 125 362
m 178 113 0 125 362
m 178 114 0 125 362
m 178 123 0 125 362
m 178 225 0 125 362
b 178 3 125 362
m 178 43 3 21.0 453.4 0.8059422572773772
m 178 91 3 21.0 453.4 0.8059422572773772
m 178 17 3 21.0 453.4 0.8059422572773772
m 178 42 3 21.0 453.4 0.8059422572773772
m 178 14 3 21.0 453.4 0.8059422572773772
m 178 49 3 21.0 453.4 0.8059422572773772
m 178 189 3 21.0 453.4 0.8059422572773772
m 178 123 3 21.0 453.4 0.8059422572773772
m 178 113 3 21.0 453.4 0.8059422572773772
m 178 225 3 21.0 453.4 0.8059422572773772
b 188 0 434 301
b 188 1 434 301
b 189 0 214 353
m 189 49 0 214 353
m 189 75 0 214 353
b 189 1 214 353
b 189 2 214 353
b 195 0 94 346
m 195 14 0 94 346
m 195 42 0 94 346
m 195 43 0 94 346
m 195 49 0 94 346
m 195 73 0 94 346
m 195 91 0 94 346
m 195 101 0 94 346
m 195 113 0 94 346
m 195 114 0 94 346
m 195 123 0 94 346
m 195 208 0 94 346
m 195 210 0 94 346
m 195 222 0 94 346
m 195 225 0 94 346
b 195 3 94 346
m 195 113 3 20.8 446.0 0.7791188873127792
m 195 91 3 20.8 446.0 0.7791188873127792
m 195 222 3 20.8 446.0 0.7791188873127792
m 195 114 3 20.8 446.0 0.7791188873127792
m 195 17 3 20.8 446.0 0.7791188873127792
m 195 101 3 20.8 446.0 0.7791188873127792
m 195 123 3 20.8 446.0 0.7791188873127792
m 195 225 3 20.8 446.0 0.7791188873127792
m 195 43 3 20.8 446.0 0.7791188873127792
m 195 49 3 20.8 446.0 0.7791188873127792
m 195 210 3 20.8 446.0 0.7791188873127792
m 195 208 3 20.8 446.0 0.7791188873127792
m 195 227 3 20.8 446.0 0.7791188873127792
b 196 3 366 227
b 199 2 441 238
b 200 0 274 427
m 200 71 0 274 427
m 200 97 0 274 427
b 200 1 274 427
b 200 2 274 427
m 200 71 2 274 427
m 200 97 2 274 427
m 200 124 2 274 427
m 200 217 2 274 427
m 200 239 2 274 427
b 201 3 234 265
m 201 202 3 17.599999999999998 382.0 0.5
b 203 0 372 265
b 203 1 372 265
b 203 2 372 265
b 203 3 372 265
b 217 0 247 420
m 217 75 0 247 420
b 217 1 247 420
b 217 3 247 420
m 217 75 3 18.599999999999998 391.0 0.14285714285714285
b 219 0 352 105
m 219 37 0 352 105
m 219 115 0 352 105
m 219 154 0 352 105
b 219 1 352 105
m 219 37 1 352 105
m 219 115 1 352 105
m 219 154 1 352 105
b 219 2 352 105
m 219 10 2 352 105
m 219 37 2 352 105
m 219 115 2 352 105
m 219 125 2 352 105
m 219 131 2 352 105
m 219 154 2 352 105
m 219 177 2 352 105
b 219 3 352 105
m 219 37 3 17.0 338.2 0.27053056327836383
m 219 115 3 17.0 338.2 0.27053056327836383
b 227 0 111 366
m 227 14 0 111 366
m 227 42 0 111 366
m 227 49 0 111 366
m 227 53 0 111 366
m 227 73 0 111 366
m 227 91 0 111 366
m 227 113 0 111 366
m 227 114 0 111 366
m 227 123 0 111 366
m 227 208 0 111 366
m 227 210 0 111 366
m 227 222 0 111 366
m 227 225 0 111 366
b 228 0 398 385
m 228 9 0 398 385
m 228 80 0 398 385
m 228 171 0 398 385
b 228 1 398 385
b 232 0 235 385
m 232 75 0 235 385
m 232 97 0 235 385
b 232 1 235 385
m 232 75 1 235 385
m 232 97 1 235 385
m 232 146 1 235 385
b 232 2 235 385
b 236 3 375 187
b 237 0 369 177
b 237 1 369 177
b 237 2 369 177
m 237 125 2 369 177
m 237 177 2 369 177
b 238 0 435 173
m 238 211 0 435 173
b 238 1 435 173
m 238 211 1 435 173
b 238 2 435 173
b 239 0 345 413
m 239 80 0 345 413
m 239 139 0 345 413
m 239 171 0 345 413
b 239 1 345 413
m 239 80 1 345 413
m 239 139 1 345 413
m 239 171 1 345 413
b 7 0 258 472
m 7 145 0 258 472
b 7 2 258 472
b 9 0 470 464
b 9 1 470 464
b 10 2 370 94
m 10 191 2 370 94
b 14 0 91 308
m 14 110 0 91 308
b 14 1 91 308
m 14 110 1 91 308
b 14 3 91 308
m 14 110 3 19.6 408.8 -1.0
b 17 2 160 315
m 17 43 2 160 315
m 17 49 2 160 315
m 17 75 2 160 315
m 17 114 2 160 315
m 17 123 2 160 315
m 17 162 2 160 315
m 17 178 2 160 315
m 17 225 2 160 315
b 17 3 160 315
b 21 0 275 44
m 21 11 0 275 44
m 21 158 0 275 44
m 21 224 0 275 44
b 21 1 275 44
m 21 11 1 275 44
m 21 158 1 275 44
m 21 224 1 275 44
b 24 2 493 376
m 24 74 2 493 376
m 24 155 2 493 376
b 24 3 493 376
m 24 228 3 14.666666666666668 281.3333333333333 0.08670388389233145
b 25 0 488 466
b 25 1 488 466
b 27 2 336 355
m 27 83 2 336 355
b 27 3 336 355
m 27 83 3 12.833333333333334 239.83333333333331 0.08734066803499438
b 29 2 321 386
m 29 83 2 321 386
b 37 0 341 130
b 37 1 341 130
b 37 2 341 130
m 37 191 2 341 130
b 37 3 341 130
m 37 154 3 14.666666666666666 281.0 0.3333333333333333
b 42 0 83 353
m 42 58 0 83 353
m 42 170 0 83 353
b 42 1 83 353
m 42 53 1 83 353
m 42 58 1 83 353
m 42 73 1 83 353
m 42 170 1 83 353
m 42 208 1 83 353
m 42 210 1 83 353
m 42 222 1 83 353
b 42 3 83 353
b 43 0 138 315
m 43 192 0 138 315
b 43 1 138 315
m 43 192 1 138 315
m 43 197 1 138 315
b 43 3 138 315
m 43 197 3 16.833333333333332 342.1666666666667 0.3333333333333333
b 44 2 467 266
b 44 3 467 266
m 44 165 3 14.5 287.8333333333333 0.17697913589105074
b 49 0 154 319
b 49 1 154 319
b 49 3 154 319
b 53 0 90 399
m 53 58 0 90 399
m 53 60 0 90 399
m 53 116 0 90 399
m 53 170 0 90 399
m 53 186 0 90 399
b 64 2 316 413
m 64 83 2 316 413
b 66 0 109 449
m 66 5 0 109 449
m 66 48 0 109 449
m 66 58 0 109 449
m 66 116 0 109 449
m 66 186 0 109 449
m 66 206 0 109 449
b 66 3 109 449
m 66 206 3 18.166666666666668 362.5 0.43851300131215715
m 66 48 3 18.166666666666668 362.5 0.43851300131215715
b 70 2 403 395
m 70 22 2 403 395
m 70 80 2 403 395
m 70 83 2 403 395
m 70 94 2 403 395
b 71 0 328 430
b 71 2 328 430
b 73 0 120 341
m 73 170 0 120 341
b 74 0 466 372
b 74 1 466 372
b 75 0 224 320
b 75 1 224 320
b 75 3 224 320
m 75 232 3 16.666666666666668 346.0 1.0
b 79 0 169 486
m 79 16 0 169 486
m 79 48 0 169 486
m 79 68 0 169 486
m 79 145 0 169 486
m 79 206 0 169 486
b 79 2 169 486
m 79 16 2 169 486
m 79 48 2 169 486
m 79 68 2 169 486
m 79 145 2 169 486
m 79 206 2 169 486
b 80 0 436 448
b 80 1 436 448
b 86 1 122 405
m 86 53 1 122 405
m 86 66 1 122 405
m 86 73 1 122 405
m 86 222 1 122 405
b 90 3 284 234
b 91 0 162 427
m 91 206 0 162 427
b 91 1 162 427
m 91 66 1 162 427
m 91 206 1 162 427
m 91 222 1 162 427
b 91 3 162 427
m 91 206 3 16.833333333333332 346.5 0.5
b 97 0 265 423
b 97 1 265 423
m 97 71 1 265 423
m 97 213 1 265 423
b 97 2 265 423
m 97 146 2 265 423
b 97 3 265 423
m 97 232 3 13.833333333333334 259.1666666666667 0.2288880697048963
b 101 0 53 259
m 101 110 0 53 259
b 101 3 53 259
m 101 110 3 20.8 446.0 -1.0
b 107 2 303 333
b 111 2 187 278
m 111 114 2 187 278
m 111 197 2 187 278
b 113 0 158 265
m 113 110 0 158 265
b 113 1 158 265
m 113 110 1 158 265
b 113 2 158 265
m 113 110 2 158 265
b 113 3 158 265
m 113 110 3 19.6 408.8 -1.0
b 114 0 162 271
m 114 192 0 162 271
b 114 1 162 271
m 114 192 1 162 271
m 114 197 1 162 271
b 114 3 162 271
m 114 111 3 17.166666666666664 344.83333333333337 0.2
b 115 0 401 33
m 115 3 0 401 33
b 115 1 401 33
b 115 2 401 33
b 115 3 401 33
m 115 154 3 15.333333333333332 287.6666666666667 0.24485753529321472
b 121 0 467 151
b 121 1 467 151
b 121 2 467 151
b 123 0 180 354
b 123 1 180 354
b 123 3 180 354
m 123 73 3 16.666666666666668 346.0 1.0
b 124 2 318 449
b 125 2 330 216
b 125 3 330 216
m 125 23 3 13.666666666666666 270.33333333333337 1.0
b 127 0 137 207
m 127 2 0 137 207
m 127 119 0 137 207
m 127 166 0 137 207
b 127 2 137 207
m 127 2 2 137 207
m 127 119 2 137 207
m 127 166 2 137 207
m 127 197 2 137 207
b 131 2 352 69
m 131 21 2 352 69
m 131 191 2 352 69
b 139 0 443 473
b 139 1 443 473
b 146 1 246 430
m 146 213 1 246 430
b 147 3 437 260
m 147 165 3 14.666666666666666 289.3333333333333 0.07685379987450634
b 154 0 373 96
b 154 1 373 96
b 154 2 373 96
m 154 191 2 373 96
b 165 2 450 266
b 169 3 296 303
b 171 0 358 375
b 171 1 358 375
m 171 71 1 358 375
b 171 2 358 375
b 176 1 98 403
b 177 2 302 171
b 177 3 302 171
m 177 23 3 12.666666666666668 253.33333333333331 0.5
b 178 1 129 386
b 181 0 488 432
b 181 1 488 432
b 184 0 489 432
b 184 1 489 432
b 187 0 439 42
m 187 3 0 439 42
m 187 214 0 439 42
b 187 1 439 42
m 187 3 1 439 42
m 187 214 1 439 42
b 187 2 439 42
m 187 3 2 439 42
m 187 214 2 439 42
b 188 2 414 287
b 189 3 238 353
m 189 232 3 15.333333333333332 322.0 1.0
b 191 0 309 91
b 191 1 309 91
b 195 1 72 355
m 195 53 1 72 355
m 195 73 1 72 355
m 195 170 1 72 355
m 195 208 1 72 355
m 195 210 1 72 355
b 197 0 141 210
m 197 119 0 141 210
m 197 149 0 141 210
m 197 166 0 141 210
m 197 192 0 141 210
b 202 3 181 274
m 202 111 3 15.33333333333333 321.0 0.7592946117501074
m 202 127 3 15.33333333333333 321.0 0.7592946117501074
m 202 197 3 15.33333333333333 321.0 0.7592946117501074
b 205 0 250 97
m 205 81 0 250 97
m 205 153 0 250 97
m 205 158 0 250 97
m 205 180 0 250 97
m 205 198 0 250 97
m 205 224 0 250 97
b 205 1 250 97
m 205 81 1 250 97
m 205 153 1 250 97
m 205 158 1 250 97
m 205 180 1 250 97
m 205 198 1 250 97
m 205 224 1 250 97
b 205 3 250 97
m 205 191 3 15.833333333333334 296.1666666666667 0.3376592979798678
m 205 81 3 15.833333333333334 296.1666666666667 0.3376592979798678
m 205 21 3 15.833333333333334 296.1666666666667 0.3376592979798678
m 205 158 3 15.833333333333334 296.1666666666667 0.3376592979798678
b 208 0 58 318
m 208 56 0 58 318
m 208 170 0 58 318
m 208 226 0 58 318
b 208 3 58 318
m 208 73 3 17.833333333333332 356.5 0.2600105320173087
b 210 0 87 311
m 210 56 0 87 311
m 210 170 0 87 311
m 210 192 0 87 311
b 210 3 87 311
m 210 56 3 18.666666666666664 382.33333333333337 0.125
b 211 0 442 57
m 211 3 0 442 57
m 211 77 0 442 57
m 211 214 0 442 57
b 211 1 442 57
m 211 3 1 442 57
m 211 77 1 442 57
m 211 214 1 442 57
b 211 2 442 57
m 211 3 2 442 57
m 211 77 2 442 57
m 211 214 2 442 57
b 213 0 260 485
m 213 145 0 260 485
b 213 2 260 485
b 215 0 242 114
m 215 81 0 242 114
m 215 126 0 242 114
m 215 158 0 242 114
m 215 180 0 242 114
m 215 198 0 242 114
b 215 1 242 114
m 215 81 1 242 114
m 215 126 1 242 114
m 215 158 1 242 114
m 215 180 1 242 114
m 215 198 1 242 114
b 215 3 242 114
m 215 21 3 16.333333333333336 306.6666666666667 0.43000290907206185
m 215 126 3 16.333333333333336 306.6666666666667 0.43000290907206185
m 215 191 3 16.333333333333336 306.6666666666667 0.43000290907206185
b 216 0 189 100
m 216 55 0 189 100
m 216 62 0 189 100
m 216 81 0 189 100
m 216 103 0 189 100
m 216 126 0 189 100
m 216 153 0 189 100
m 216 156 0 189 100
m 216 158 0 189 100
m 216 173 0 189 100
m 216 180 0 189 100
m 216 198 0 189 100
m 216 233 0 189 100
b 216 1 189 100
m 216 55 1 189 100
m 216 62 1 189 100
m 216 81 1 189 100
m 216 103 1 189 100
m 216 126 1 189 100
m 216 153 1 189 100
m 216 156 1 189 100
m 216 158 1 189 100
m 216 173 1 189 100
m 216 180 1 189 100
m 216 198 1 189 100
m 216 233 1 189 100
b 216 2 189 100
b 217 2 263 438
b 222 0 93 447
m 222 5 0 93 447
m 222 28 0 93 447
m 222 58 0 93 447
m 222 60 0 93 447
m 222 116 0 93 447
m 222 170 0 93 447
m 222 186 0 93 447
m 222 207 0 93 447
b 222 3 93 447
m 222 5 3 19.333333333333332 395.6666666666667 0.44540215237010083
m 222 53 3 19.333333333333332 395.6666666666667 0.44540215237010083
m 222 58 3 19.333333333333332 395.6666666666667 0.44540215237010083
b 225 0 171 331
m 225 192 0 171 331
b 225 1 171 331
m 225 73 1 171 331
m 225 192 1 171 331
b 225 3 171 331
m 225 73 3 17.833333333333332 378.5 0.5
m 225 192 3 17.833333333333332 378.5 0.5
b 227 1 90 377
m 227 53 1 90 377
m 227 58 1 90 377
m 227 73 1 90 377
m 227 170 1 90 377
m 227 208 1 90 377
m 227 210 1 90 377
m 227 222 1 90 377
b 227 3 90 377
m 227 73 3 18.166666666666664 375.83333333333337 0.2
b 228 2 402 361
m 228 22 2 402 361
m 228 83 2 402 361
m 228 94 2 402 361
m 228 129 2 402 361
b 235 0 247 110
m 235 81 0 247 110
m 235 126 0 247 110
m 235 158 0 247 110
m 235 180 0 247 110
m 235 198 0 247 110
b 235 1 247 110
b 235 2 247 110
b 235 3 247 110
b 237 3 353 195
m 237 23 3 13.666666666666668 273.33333333333337 0.17823479005998283
b 239 2 347 389
b 2 0 73 277
m 2 110 0 73 277
b 2 2 73 277
m 2 110 2 73 277
b 3 0 391 89
m 3 1 0 391 89
b 3 1 391 89
m 3 1 1 391 89
b 3 2 391 89
m 3 1 2 391 89
b 5 0 66 496
m 5 0 0 66 496
b 5 3 66 496
m 5 16 3 17.714285714285715 348.28571428571433 0.2503040725132526
b 11 0 188 4
m 11 35 0 188 4
m 11 92 0 188 4
m 11 133 0 188 4
m 11 159 0 188 4
b 11 1 188 4
m 11 35 1 188 4
m 11 92 1 188 4
m 11 133 1 188 4
m 11 159 1 188 4
b 16 0 127 491
m 16 0 0 127 491
b 16 2 127 491
b 21 2 253 53
m 21 35 2 253 53
m 21 158 2 253 53
m 21 180 2 253 53
m 21 205 2 253 53
m 21 224 2 253 53
b 21 3 253 53
m 21 224 3 14.142857142857142 256.14285714285717 0.25
b 22 2 385 485
m 22 139 2 385 485
b 23 3 371 217
b 28 0 48 482
m 28 51 0 48 482
m 28 151 0 48 482
b 43 2 159 328
m 43 14 2 159 328
m 43 73 2 159 328
m 43 192 2 159 328
m 43 210 2 159 328
b 48 0 127 487
m 48 0 0 127 487
b 48 2 127 487
b 48 3 127 487
m 48 68 3 16.57142857142857 317.7142857142857 0.2764150713758522
b 49 2 167 298
m 49 73 2 167 298
b 53 1 105 418
m 53 60 1 105 418
m 53 116 1 105 418
m 53 186 1 105 418
m 53 207 1 105 418
b 53 3 105 418
m 53 60 3 17.28571428571429 342.7142857142857 0.2
m 53 186 3 17.28571428571429 342.7142857142857 0.2
b 55 0 189 195
m 55 136 0 189 195
b 55 1 189 195
m 55 119 1 189 195
m 55 136 1 189 195
b 56 0 24 258
m 56 110 0 24 258
b 56 3 24 258
m 56 110 3 18.666666666666664 382.33333333333337 -1.0
b 58 0 97 379
b 58 1 97 379
m 58 60 1 97 379
m 58 116 1 97 379
m 58 186 1 97 379
b 58 3 97 379
m 58 60 3 17.28571428571429 342.7142857142857 0.2
m 58 186 3 17.28571428571429 342.7142857142857 0.2
b 60 0 8 436
m 60 51 0 8 436
m 60 151 0 8 436
b 62 0 114 125
m 62 12 0 114 125
m 62 26 0 114 125
m 62 72 0 114 125
m 62 95 0 114 125
m 62 136 0 114 125
m 62 140 0 114 125
m 62 141 0 114 125
m 62 142 0 114 125
m 62 161 0 114 125
m 62 185 0 114 125
m 62 193 0 114 125
m 62 209 0 114 125
b 62 1 114 125
m 62 12 1 114 125
m 62 26 1 114 125
m 62 72 1 114 125
m 62 95 1 114 125
m 62 136 1 114 125
m 62 140 1 114 125
m 62 141 1 114 125
m 62 142 1 114 125
m 62 161 1 114 125
m 62 185 1 114 125
m 62 193 1 114 125
m 62 209 1 114 125
b 66 1 85 451
m 66 0 1 85 451
m 66 48 1 85 451
m 66 116 1 85 451
m 66 186 1 85 451
m 66 207 1 85 451
b 68 0 180 477
b 68 2 180 477
b 71 1 334 407
b 73 1 144 342
b 73 3 144 342
m 73 170 3 14.428571428571429 296.7142857142857 1.0
b 74 2 456 350
b 75 2 223 296
b 77 0 494 31
m 77 63 0 494 31
b 77 1 494 31
m 77 63 1 494 31
b 77 2 494 31
b 80 2 457 437
m 80 9 2 457 437
m 80 25 2 457 437
m 80 139 2 457 437
m 80 181 2 457 437
m 80 184 2 457 437
b 81 0 294 154
b 81 1 294 154
b 81 3 294 154
m 81 198 3 13.714285714285714 254.0 1.0
b 83 2 404 371
b 83 3 404 371
b 94 2 397 484
m 94 9 2 397 484
m 94 139 2 397 484
b 103 0 118 177
m 103 26 0 118 177
m 103 52 0 118 177
m 103 136 0 118 177
m 103 140 0 118 177
m 103 142 0 118 177
m 103 161 0 118 177
m 103 185 0 118 177
m 103 209 0 118 177
b 103 1 118 177
m 103 26 1 118 177
m 103 52 1 118 177
m 103 119 1 118 177
m 103 127 1 118 177
m 103 136 1 118 177
m 103 140 1 118 177
m 103 142 1 118 177
m 103 161 1 118 177
m 103 166 1 118 177
m 103 185 1 118 177
m 103 209 1 118 177
b 111 3 195 301
b 114 2 181 256
b 116 0 70 385
b 119 0 174 231
b 119 2 174 231
m 119 55 2 174 231
m 119 103 2 174 231
m 119 156 2 174 231
m 119 173 2 174 231
m 119 233 2 174 231
b 123 2 204 350
b 126 0 260 156
b 126 1 260 156
b 126 3 260 156
b 127 3 128 185
m 127 52 3 14.57142857142857 289.42857142857144 1.0
m 127 103 3 14.57142857142857 289.42857142857144 1.0
m 127 119 3 14.57142857142857 289.42857142857144 1.0
m 127 156 3 14.57142857142857 289.42857142857144 1.0
m 127 157 3 14.57142857142857 289.42857142857144 1.0
m 127 166 3 14.57142857142857 289.42857142857144 1.0
m 127 209 3 14.57142857142857 289.42857142857144 1.0
b 129 2 366 475
m 129 139 2 366 475
b 145 0 144 466
b 145 2 144 466
m 145 91 2 144 466
b 146 2 265 445
b 149 0 29 180
m 149 52 0 29 180
m 149 84 0 29 180
m 149 140 0 29 180
m 149 157 0 29 180
b 153 0 171 44
m 153 12 0 171 44
m 153 72 0 171 44
m 153 92 0 171 44
m 153 133 0 171 44
m 153 136 0 171 44
m 153 141 0 171 44
m 153 143 0 171 44
m 153 159 0 171 44
m 153 167 0 171 44
m 153 218 0 171 44
b 153 1 171 44
b 154 3 386 116
m 154 3 3 12.857142857142858 241.42857142857144 0.1771659018217216
b 155 2 490 361
m 155 181 2 490 361
b 156 0 208 183
m 156 136 0 208 183
m 156 209 0 208 183
b 156 1 208 183
m 156 119 1 208 183
m 156 127 1 208 183
m 156 136 1 208 183
m 156 209 1 208 183
b 158 0 192 65
m 158 12 0 192 65
m 158 35 0 192 65
m 158 92 0 192 65
m 158 133 0 192 65
m 158 159 0 192 65
b 158 1 192 65
m 158 12 1 192 65
m 158 35 1 192 65
m 158 92 1 192 65
m 158 133 1 192 65
m 158 159 1 192 65
b 158 3 192 65
m 158 11 3 15.428571428571429 278.0 0.4506216157916486
m 158 92 3 15.428571428571429 278.0 0.4506216157916486
m 158 198 3 15.428571428571429 278.0 0.4506216157916486
m 158 133 3 15.428571428571429 278.0 0.4506216157916486
m 158 35 3 15.428571428571429 278.0 0.4506216157916486
b 162 2 86 294
m 162 14 2 86 294
m 162 42 2 86 294
m 162 73 2 86 294
m 162 101 2 86 294
m 162 192 2 86 294
m 162 195 2 86 294
m 162 208 2 86 294
m 162 210 2 86 294
m 162 227 2 86 294
b 165 3 443 243
b 166 0 88 172
m 166 52 0 88 172
m 166 59 0 88 172
m 166 140 0 88 172
m 166 157 0 88 172
m 166 209 0 88 172
b 166 2 88 172
b 170 0 110 394
b 170 1 110 394
m 170 116 1 110 394
m 170 226 1 110 394
b 173 0 192 192
m 173 136 0 192 192
b 173 1 192 192
m 173 119 1 192 192
m 173 136 1 192 192
b 178 2 132 410
b 180 0 234 56
m 180 12 0 234 56
m 180 35 0 234 56
m 180 92 0 234 56
m 180 133 0 234 56
m 180 159 0 234 56
b 180 1 234 56
m 180 12 1 234 56
m 180 35 1 234 56
m 180 92 1 234 56
m 180 133 1 234 56
m 180 159 1 234 56
b 186 0 84 484
m 186 0 0 84 484
b 191 2 296 111
b 191 3 296 111
b 192 0 149 284
b 192 1 149 284
m 192 2 1 149 284
b 192 3 149 284
m 192 2 3 15.428571428571429 324.5714285714286 0.0092592592592593
b 197 1 154 190
m 197 52 1 154 190
m 197 119 1 154 190
m 197 127 1 154 190
m 197 157 1 154 190
m 197 166 1 154 190
b 197 2 154 190
b 197 3 154 190
m 197 55 3 15.714285714285715 304.85714285714283 0.5608834244080145
m 197 52 3 15.714285714285715 304.85714285714283 0.5608834244080145
m 197 166 3 15.714285714285715 304.85714285714283 0.5608834244080145
m 197 119 3 15.714285714285715 304.85714285714283 0.5608834244080145
m 197 157 3 15.714285714285715 304.85714285714283 0.5608834244080145
b 198 0 260 145
b 198 1 260 145
b 206 0 201 431
b 206 1 201 431
b 206 2 201 431
b 206 3 201 431
m 206 79 3 16.57142857142857 317.7142857142857 0.2764150713758522
m 206 16 3 16.57142857142857 317.7142857142857 0.2764150713758522
b 207 0 105 466
m 207 0 0 105 466
m 207 51 0 105 466
b 208 1 48 296
m 208 56 1 48 296
m 208 101 1 48 296
m 208 118 1 48 296
m 208 179 1 48 296
m 208 226 1 48 296
b 210 1 102 292
b 213 1 284 488
m 213 7 1 284 488
b 214 0 492 97
b 214 1 492 97
b 214 2 492 97
b 222 1 84 469
m 222 0 1 84 469
m 222 5 1 84 469
m 222 28 1 84 469
m 222 48 1 84 469
m 222 60 1 84 469
m 222 116 1 84 469
m 222 186 1 84 469
m 222 207 1 84 469
b 224 0 204 38
m 224 35 0 204 38
m 224 92 0 204 38
m 224 133 0 204 38
m 224 159 0 204 38
b 224 1 204 38
b 225 2 190 317
b 226 0 35 367
m 226 118 0 35 367
m 226 179 0 35 367
b 228 3 405 338
b 232 3 204 349
m 232 200 3 14.428571428571429 296.7142857142857 1.0
b 233 0 195 175
m 233 136 0 195 175
m 233 142 0 195 175
m 233 209 0 195 175
b 233 1 195 175
m 233 119 1 195 175
m 233 136 1 195 175
m 233 142 1 195 175
m 233 209 1 195 175
b 0 0 136 444
b 0 1 136 444
m 0 16 1 136 444
m 0 79 1 136 444
m 0 145 1 136 444
b 1 0 340 84
b 1 1 340 84
b 1 2 340 84
b 2 1 67 300
m 2 110 1 67 300
b 2 3 67 300
m 2 110 3 15.428571428571429 324.5714285714286 -1.0
b 3 3 382 111
m 3 1 3 11.5 211.75 0.1808006913835531
b 5 1 42 491
m 5 16 1 42 491
m 5 51 1 42 491
m 5 151 1 42 491
b 7 1 284 432
b 9 2 482 447
b 11 3 164 5
m 11 143 3 14.25 247.75 0.16666666666666666
m 11 180 3 14.25 247.75 0.16666666666666666
b 12 0 101 61
m 12 106 0 101 61
m 12 212 0 101 61
b 12 1 101 61
m 12 106 1 101 61
m 12 143 1 101 61
m 12 167 1 101 61
m 12 212 1 101 61
m 12 218 1 101 61
b 14 2 85 261
m 14 110 2 85 261
b 16 3 103 490
m 16 0 3 15.875 305.87500000000006 0.3333333333333333
b 25 2 481 427
b 26 0 159 89
m 26 212 0 159 89
b 26 1 159 89
b 28 1 54 494
b 35 0 272 19
m 35 96 0 272 19
b 35 1 272 19
b 35 2 272 19
b 35 3 272 19
m 35 96 3 13.875 244.375 0.3333333333333333
b 42 2 44 325
b 48 1 103 485
m 48 16 1 103 485
m 48 79 1 103 485
m 48 145 1 103 485
b 51 0 68 463
b 52 0 126 212
b 52 1 126 212
b 52 3 126 212
m 52 140 3 13.124999999999998 254.375 0.3333333333333333
b 55 2 202 215
b 55 3 202 215
m 55 173 3 14.0 267.25 0.5
m 55 233 3 14.0 267.25 0.5
b 56 1 30 235
m 56 110 1 30 235
b 59 0 46 159
m 59 15 0 46 159
m 59 34 0 46 159
m 59 46 0 46 159
b 60 1 2 454
m 60 51 1 2 454
m 60 104 1 2 454
m 60 151 1 2 454
b 60 3 2 454
m 60 104 3 15.750000000000002 303.0 0.2062502612985493
b 63 0 461 35
b 63 1 461 35
b 68 3 203 471
m 68 145 3 14.874999999999998 279.125 0.3333333333333333
b 72 0 190 94
m 72 212 0 190 94
b 72 1 190 94
m 72 143 1 190 94
m 72 212 1 190 94
m 72 218 1 190 94
b 73 2 168 343
b 79 3 128 462
m 79 145 3 14.999999999999998 280.0 0.08256610844860611
b 84 0 86 260
m 84 110 0 86 260
b 91 2 199 458
b 92 0 148 16
m 92 212 0 148 16
b 92 1 148 16
b 92 3 148 16
m 92 143 3 14.875 258.375 0.3889920990883191
m 92 180 3 14.875 258.375 0.3889920990883191
m 92 153 3 14.875 258.375 0.3889920990883191
m 92 159 3 14.875 258.375 0.3889920990883191
b 95 0 137 82
m 95 106 0 137 82
m 95 212 0 137 82
b 95 1 137 82
m 95 106 1 137 82
m 95 143 1 137 82
m 95 167 1 137 82
m 95 212 1 137 82
m 95 218 1 137 82
b 101 1 39 213
m 101 110 1 39 213
b 101 2 39 213
m 101 110 2 39 213
b 103 2 100 193
b 103 3 100 193
b 116 1 71 361
b 118 0 95 298
m 118 110 0 95 298
b 118 1 95 298
m 118 110 1 95 298
b 119 1 171 255
b 119 3 171 255
m 119 173 3 12.999999999999998 253.75 0.5
m 119 233 3 12.999999999999998 253.75 0.5
b 127 1 119 162
b 133 0 142 60
m 133 212 0 142 60
b 133 1 142 60
m 133 143 1 142 60
m 133 212 1 142 60
m 133 218 1 142 60
b 133 3 142 60
m 133 12 3 15.375 271.375 0.5191518841854303
m 133 95 3 15.375 271.375 0.5191518841854303
m 133 159 3 15.375 271.375 0.5191518841854303
m 133 153 3 15.375 271.375 0.5191518841854303
m 133 136 3 15.375 271.375 0.5191518841854303
m 133 185 3 15.375 271.375 0.5191518841854303
b 136 0 208 107
b 136 1 208 107
b 139 2 489 460
b 140 0 65 200
m 140 110 0 65 200
b 140 1 65 200
m 140 110 1 65 200
b 141 0 70 85
m 141 50 0 70 85
m 141 106 0 70 85
m 141 150 0 70 85
m 141 194 0 70 85
m 141 212 0 70 85
b 141 1 70 85
m 141 50 1 70 85
m 141 106 1 70 85
m 141 150 1 70 85
m 141 167 1 70 85
m 141 194 1 70 85
m 141 212 1 70 85
b 142 0 175 136
b 142 1 175 136
b 143 0 178 7
m 143 106 0 178 7
m 143 212 0 178 7
b 151 0 36 447
b 156 2 228 197
b 156 3 228 197
m 156 173 3 12.999999999999998 253.75 0.5
m 156 233 3 12.999999999999998 253.75 0.5
b 157 0 115 229
b 157 1 115 229
b 157 3 115 229
m 157 84 3 12.999999999999998 253.75 0.5
b 158 2 169 57
b 159 0 213 16
b 159 1 213 16
m 159 218 1 213 16
b 161 0 106 154
b 161 1 106 154
b 166 1 85 148
b 166 3 85 148
m 166 140 3 13.374999999999998 256.375 0.07363941943381236
b 167 0 98 5
m 167 106 0 98 5
m 167 194 0 98 5
m 167 212 0 98 5
b 170 3 134 396
m 170 116 3 13.0 260.75 1.0
b 173 2 203 213
m 173 215 2 203 213
b 179 0 78 300
m 179 110 0 78 300
b 179 1 78 300
b 180 2 253 41
b 181 2 491 385
b 184 2 494 445
b 185 0 137 62
m 185 106 0 137 62
m 185 212 0 137 62
b 185 1 137 62
b 186 1 96 495
b 186 3 96 495
m 186 28 3 15.875000000000002 304.375 0.23911613769964443
m 186 0 3 15.875000000000002 304.375 0.23911613769964443
b 192 2 172 277
b 193 0 62 94
m 193 50 0 62 94
m 193 106 0 62 94
m 193 150 0 62 94
m 193 194 0 62 94
b 193 1 62 94
m 193 50 1 62 94
m 193 59 1 62 94
m 193 106 1 62 94
m 193 150 1 62 94
m 193 194 1 62 94
b 195 2 27 373
b 198 3 283 152
b 200 3 206 405
m 200 89 3 12.875 260.125 1.0
b 205 2 209 122
m 205 72 2 209 122
m 205 136 2 209 122
m 205 198 2 209 122
m 205 215 2 209 122
b 207 1 128 459
m 207 16 1 128 459
m 207 51 1 128 459
m 207 79 1 128 459
m 207 145 1 128 459
b 208 2 39 274
b 209 0 174 137
b 209 1 174 137
b 209 3 174 137
m 209 26 3 13.999999999999998 265.75 1.0
m 209 62 3 13.999999999999998 265.75 1.0
m 209 72 3 13.999999999999998 265.75 1.0
m 209 136 3 13.999999999999998 265.75 1.0
m 209 142 3 13.999999999999998 265.75 1.0
m 209 161 3 13.999999999999998 265.75 1.0
m 209 185 3 13.999999999999998 265.75 1.0
m 209 216 3 13.999999999999998 265.75 1.0
m 209 233 3 13.999999999999998 265.75 1.0
b 210 2 117 274
m 210 118 2 117 274
b 218 0 161 39
m 218 212 0 161 39
b 224 2 180 41
b 224 3 180 41
m 224 143 3 13.375 232.12500000000003 0.3805225148683093
m 224 72 3 13.375 232.12500000000003 0.3805225148683093
m 224 153 3 13.375 232.12500000000003 0.3805225148683093
b 226 1 36 391
m 226 104 1 36 391
b 227 2 47 399
m 227 53 2 47 399
m 227 58 2 47 399
m 227 66 2 47 399
m 227 86 2 47 399
m 227 104 2 47 399
m 227 116 2 47 399
m 227 170 2 47 399
m 227 176 2 47 399
m 227 226 2 47 399
b 233 2 197 199
b 0 3 143 421
m 0 207 3 14.333333333333332 272.33333333333337 0.1739942528735631
b 1 3 331 106
b 12 3 77 65
m 12 218 3 14.666666666666666 250.22222222222223 0.2037001311675728
b 15 0 29 203
m 15 110 0 29 203
b 16 1 79 488
b 26 3 178 75
m 26 106 3 12.777777777777777 237.22222222222223 0.3333333333333333
b 28 3 44 472
m 28 151 3 14.333333333333334 271.0 0.5
m 28 51 3 14.333333333333334 271.0 0.5
b 34 0 53 160
b 46 0 23 181
m 46 110 0 23 181
b 50 0 66 88
m 50 18 0 66 88
b 50 1 66 88
m 50 18 1 66 88
b 51 1 89 451
b 53 2 135 456
m 53 0 2 135 456
m 53 51 2 135 456
m 53 186 2 135 456
m 53 207 2 135 456
m 53 222 2 135 456
b 58 2 127 342
b 59 1 29 176
b 62 3 75 153
m 62 212 3 13.111111111111109 240.22222222222223 0.39451522955133256
m 62 193 3 13.111111111111109 240.22222222222223 0.39451522955133256
b 66 2 37 456
b 72 2 213 98
m 72 26 2 213 98
m 72 95 2 213 98
m 72 133 2 213 98
m 72 142 2 213 98
m 72 185 2 213 98
m 72 209 2 213 98
m 72 212 2 213 98
m 72 218 2 213 98
b 72 3 213 98
m 72 218 3 12.666666666666664 236.66666666666669 0.5
m 72 212 3 12.666666666666664 236.66666666666669 0.5
b 79 1 107 450
b 84 3 106 273
m 84 179 3 11.777777777777775 226.0 0.5089245478947471
m 84 118 3 11.777777777777775 226.0 0.5089245478947471
b 86 2 58 438
m 86 0 2 58 438
m 86 5 2 58 438
m 86 28 2 58 438
m 86 51 2 58 438
m 86 151 2 58 438
m 86 207 2 58 438
m 86 222 2 58 438
b 89 3 145 403
b 95 3 160 90
m 95 212 3 14.11111111111111 243.0 0.25
m 95 106 3 14.11111111111111 243.0 0.25
b 96 0 265 41
b 96 3 265 41
b 104 1 17 332
b 104 2 17 332
b 104 3 17 332
m 104 226 3 14.111111111111112 269.4444444444444 1.0
b 106 0 118 70
b 106 1 118 70
b 116 2 72 337
b 116 3 72 337
m 116 226 3 11.88888888888889 232.77777777777777 1.0
b 118 2 118 296
m 118 84 2 118 296
m 118 157 2 118 296
m 118 179 2 118 296
b 136 2 232 105
b 136 3 232 105
b 140 3 56 223
m 140 110 3 13.124999999999998 254.375 -1.0
b 142 3 196 146
m 142 212 3 12.555555555555554 236.33333333333334 1.0
b 143 1 186 3
b 143 3 186 3
m 143 218 3 12.777777777777777 220.33333333333334 1.0
b 145 1 104 440
b 145 3 104 440
b 150 0 61 13
m 150 18 0 61 13
m 150 223 0 61 13
m 150 230 0 61 13
b 150 1 61 13
m 150 18 1 61 13
m 150 223 1 61 13
m 150 230 1 61 13
b 151 1 55 432
b 153 3 136 11
m 153 167 3 13.666666666666666 231.44444444444443 0.25
m 153 106 3 13.666666666666666 231.44444444444443 0.25
b 159 3 200 37
m 159 218 3 13.333333333333332 229.77777777777777 1.0
b 161 3 104 178
b 167 1 79 20
b 170 2 158 397
m 170 0 2 158 397
m 170 207 2 158 397
b 173 3 213 235
b 176 2 29 427
m 176 51 2 29 427
m 176 60 2 29 427
m 176 151 2 29 427
b 180 3 271 26
b 185 3 147 40
b 194 0 59 102
m 194 230 0 59 102
b 194 1 59 102
m 194 230 1 59 102
b 198 2 306 159
m 198 81 2 306 159
m 198 126 2 306 159
b 212 0 149 93
b 212 1 149 93
b 215 2 205 176
m 215 142 2 205 176
b 216 3 120 81
m 216 106 3 12.888888888888888 238.0 0.25
b 218 1 172 61
b 226 2 38 415
b 233 3 199 223
b 0 2 149 398
b 5 2 4 487
b 18 0 43 53
b 18 1 43 53
b 26 2 198 60
m 26 106 2 198 60
m 26 159 2 198 60
b 28 2 35 450
b 51 2 109 439
b 51 3 109 439
b 60 2 4 495
b 81 2 353 195
b 84 2 126 286
b 95 2 182 97
m 95 159 2 182 97
b 106 3 128 92
m 106 50 3 11.699999999999998 213.9 0.1747270880934247
b 118 3 142 294
b 126 2 330 171
b 133 2 97 78
b 142 2 218 157
b 151 2 73 418
b 151 3 73 418
b 157 2 140 270
m 157 52 2 140 270
b 167 3 60 35
m 167 18 3 12.8 210.8 0.3058514030612245
b 179 2 125 291
b 179 3 125 291
b 185 2 157 19
m 185 11 2 157 19
m 185 92 2 157 19
m 185 143 2 157 19
m 185 153 2 157 19
m 185 159 2 157 19
b 186 2 142 479
b 193 3 14 101
m 193 141 3 12.499999999999998 221.1 0.46325198085742697
m 193 149 3 12.499999999999998 221.1 0.46325198085742697
m 193 34 3 12.499999999999998 221.1 0.46325198085742697
b 207 2 174 445
b 207 3 174 445
b 209 2 220 123
b 212 2 166 110
m 212 106 2 166 110
b 212 3 166 110
b 218 2 183 82
m 218 11 2 183 82
m 218 159 2 183 82
b 218 3 183 82
b 222 2 38 480
b 223 0 17 53
b 223 1 17 53
b 226 3 40 439
b 230 0 0 3
b 230 1 0 3
b 11 2 92 9
m 11 150 2 92 9
b 18 3 58 72
m 18 194 3 12.0 193.0909090909091 0.23872699045182813
b 34 3 99 173
m 34 46 3 11.727272727272725 202.45454545454547 0.13643169713535608
b 50 3 109 111
m 50 194 3 10.727272727272725 194.54545454545456 0.0029614760693800713
b 52 2 194 236
b 92 2 77 6
b 106 2 138 114
m 106 50 2 138 114
b 141 3 2 108
m 141 223 3 11.545454545454543 201.36363636363637 0.5
m 141 194 3 11.545454545454543 201.36363636363637 0.5
b 143 2 139 12
b 149 3 34 106
b 153 2 131 32
b 159 2 175 77
m 159 96 2 175 77
b 46 3 37 252
m 46 110 3 11.727272727272725 202.45454545454547 -1.0
b 50 2 130 122
b 96 2 233 105
b 150 2 65 58
m 150 12 2 65 58
m 150 18 2 65 58
m 150 167 2 65 58
m 150 223 2 65 58
b 194 3 49 173
m 194 110 3 12.0 193.0909090909091 -1.0
b 223 3 26 100
m 223 230 3 10.749999999999996 184.91666666666669 0.5072804360093854
m 223 150 3 10.749999999999996 184.91666666666669 0.5072804360093854
b 12 2 18 72
m 12 141 2 18 72
m 12 149 2 18 72
m 12 193 2 18 72
m 12 230 2 18 72
b 18 2 89 108
m 18 56 2 89 108
m 18 149 2 89 108
b 150 3 64 82
b 167 2 3 79
m 167 141 2 3 79
m 167 149 2 3 79
m 167 230 2 3 79
b 223 2 30 124
b 230 3 38 64
b 56 2 62 95
b 141 2 53 156
m 141 110 2 53 156
b 149 2 78 49
b 193 2 20 182
m 193 110 2 20 182
b 230 2 50 85
