0 299 468 404
s 0 498 82 350 0
s 1 455 254 326 0
s 2 30 95 18 0
s 3 127 220 275 0
s 4 320 467 248 0
s 5 422 113 221 0
s 6 253 425 126 0
s 7 104 486 183 0
s 8 134 0 147 0
s 9 411 350 174 0
s 10 324 140 163 0
s 11 11 278 194 0
s 12 325 279 294 0
s 13 162 409 208 0
s 14 91 148 27 0
s 15 458 493 199 0
s 16 102 39 259 0
s 17 474 467 357 0
s 18 191 207 356 0
s 19 190 127 349 0
s 20 166 124 236 0
s 21 354 98 216 0
s 22 207 62 335 0
s 23 466 197 85 0
s 24 477 126 206 0
s 25 395 33 22 0
s 26 155 360 69 0
s 27 281 112 241 0
s 28 9 287 217 0
s 29 290 453 0 0
s 30 8 398 43 0
s 31 177 230 13 0
s 32 322 288 84 0
s 33 140 21 157 0
s 34 272 342 30 0
s 35 71 316 24 0
s 36 16 301 260 0
s 37 452 137 171 0
s 38 444 85 342 0
s 39 449 182 107 0
s 40 228 174 332 0
s 41 423 410 310 0
s 42 208 495 334 0
s 43 425 474 71 0
s 44 345 344 13 0
s 45 339 296 117 0
s 46 281 304 256 0
s 47 21 361 49 0
s 48 385 19 62 0
s 49 66 125 43 0
s 50 39 422 28 0
s 51 181 284 200 0
s 52 233 401 355 0
s 53 310 386 162 0
s 54 346 439 145 0
s 55 338 428 60 0
s 56 440 91 89 0
s 57 466 132 8 0
s 58 436 91 320 0
s 59 467 215 144 0
s 60 214 46 174 0
s 61 12 246 69 0
s 62 216 405 71 0
s 63 370 309 295 0
s 64 0 299 12 0
s 65 39 9 162 0
s 66 0 196 354 0
s 67 478 24 113 0
s 68 165 321 149 0
s 69 100 20 178 0
s 70 428 38 226 0
s 71 270 398 357 0
s 72 299 249 335 0
s 73 173 419 114 0
s 74 162 240 305 0
s 75 391 321 239 0
s 76 487 321 273 0
s 77 81 201 139 0
s 78 449 265 258 0
s 79 360 226 98 0
s 80 121 170 250 0
s 81 315 53 198 0
s 82 173 412 348 0
s 83 197 152 342 0
s 84 354 227 199 0
s 85 208 146 301 0
s 86 229 479 238 0
s 87 54 360 42 0
s 88 270 260 133 0
s 89 460 229 167 0
s 90 338 448 59 0
s 91 394 190 329 0
s 92 95 129 153 0
s 93 36 75 11 0
s 94 309 105 102 0
s 95 441 440 263 0
s 96 414 109 349 0
s 97 432 444 123 0
s 98 280 320 301 0
s 99 60 259 67 0
s 100 393 128 21 0
s 101 313 175 185 0
s 102 84 20 281 0
s 103 399 393 294 0
s 104 333 14 68 0
s 105 474 338 236 0
s 106 119 196 171 0
s 107 496 15 201 0
s 108 113 333 290 0
s 109 43 52 74 0
s 110 424 64 223 0
s 111 215 459 26 0
s 112 187 83 105 0
s 113 271 106 29 0
s 114 129 238 147 0
s 115 221 272 94 0
s 116 188 473 114 0
s 117 172 409 1 0
s 118 6 64 207 0
s 119 311 329 174 0
s 120 44 194 154 0
s 121 195 63 99 0
s 122 486 459 141 0
s 123 249 47 20 0
s 124 133 485 321 0
s 125 477 444 178 0
s 126 321 346 305 0
s 127 328 284 70 0
s 128 43 463 256 0
s 129 132 161 33 0
s 130 425 445 8 0
s 131 182 51 321 0
s 132 365 62 298 0
s 133 345 94 113 0
s 134 442 408 212 0
s 135 403 374 213 0
s 136 202 24 163 0
s 137 427 393 113 0
s 138 180 409 237 0
s 139 301 468 334 0
s 140 148 273 338 0
s 141 285 374 257 0
s 142 276 0 344 0
s 143 141 280 264 0
s 144 479 41 321 0
s 145 74 160 161 0
s 146 259 144 290 0
s 147 441 481 1 0
s 148 82 477 145 0
s 149 116 179 45 0
s 150 145 497 276 0
s 151 376 157 145 0
s 152 341 492 137 0
s 153 417 260 27 0
s 154 192 77 215 0
s 155 68 143 115 0
s 156 222 394 224 0
s 157 406 51 122 0
s 158 148 93 95 0
s 159 454 343 123 0
s 160 214 398 317 0
s 161 256 339 155 0
s 162 37 253 27 0
s 163 120 312 313 0
s 164 487 319 60 0
s 165 369 40 154 0
s 166 418 440 298 0
s 167 412 471 332 0
s 168 313 298 283 0
s 169 361 217 244 0
s 170 56 202 167 0
s 171 253 483 182 0
s 172 184 81 135 0
s 173 33 386 321 0
s 174 467 7 108 0
s 175 7 141 13 0
s 176 469 375 146 0
s 177 46 158 258 0
s 178 78 258 256 0
s 179 319 491 134 0
s 180 81 477 63 0
s 181 156 424 178 0
s 182 479 36 60 0
s 183 234 432 306 0
s 184 212 293 98 0
s 185 50 271 112 0
s 186 207 36 64 0
s 187 470 178 268 0
s 188 88 54 132 0
s 189 429 189 194 0
s 190 8 125 33 0
s 191 36 146 160 0
s 192 468 404 291 0
s 193 135 353 250 0
s 194 160 398 349 0
s 195 448 233 220 0
s 196 228 192 45 0
s 197 211 346 115 0
s 198 183 57 132 0
s 199 85 333 280 0
s 200 383 132 220 0
s 201 391 104 235 0
s 202 135 343 72 0
s 203 226 55 200 0
s 204 214 136 50 0
s 205 75 211 281 0
s 206 117 156 196 0
s 207 108 231 280 0
s 208 392 435 45 0
s 209 411 278 183 0
s 210 233 418 286 0
s 211 291 98 342 0
s 212 66 163 194 0
s 213 165 204 176 0
s 214 384 47 232 0
s 215 365 418 202 0
s 216 270 414 333 0
s 217 73 456 25 0
s 218 103 339 57 0
s 219 0 299 104 0
B219 0 9 322
z 0 219 9 322
m219 11 0 9 322
z 0 219 9 322
m219 28 0 9 322
z 0 219 9 322
m219 36 0 9 322
z 0 219 9 322
m219 47 0 9 322
z 0 219 9 322
m219 64 0 9 322
z 0 219 9 322
m219 162 0 9 322
B219 1 9 322
z 1 219 9 322
m219 11 1 9 322
z 1 219 9 322
m219 28 1 9 322
z 1 219 9 322
m219 36 1 9 322
z 1 219 9 322
m219 47 1 9 322
z 1 219 9 322
m219 64 1 9 322
z 1 219 9 322
m219 162 1 9 322
B219 2 9 322
z 2 219 9 322
m219 11 2 9 322
z 2 219 9 322
m219 28 2 9 322
z 2 219 9 322
m219 36 2 9 322
z 2 219 9 322
m219 47 2 9 322
z 2 219 9 322
m219 64 2 9 322
z 2 219 9 322
m219 162 2 9 322
B219 3 9 322
z 3 219 9 322
m219 11 3 10.0 100.0 1.0
z 3 219 9 322
m219 28 3 10.0 100.0 1.0
z 3 219 9 322
m219 36 3 10.0 100.0 1.0
z 3 219 9 322
m219 47 3 10.0 100.0 1.0
z 3 219 9 322
m219 64 3 10.0 100.0 1.0
z 3 219 9 322
m219 162 3 10.0 100.0 1.0
B11 0 15 240
z 0 11 15 240
m11 61 0 15 240
z 0 11 15 240
m11 66 0 15 240
z 0 11 15 240
m11 99 0 15 240
z 0 11 15 240
m11 185 0 15 240
B11 1 15 240
z 1 11 15 240
m11 61 1 15 240
z 1 11 15 240
m11 66 1 15 240
z 1 11 15 240
m11 99 1 15 240
z 1 11 15 240
m11 185 1 15 240
B11 2 15 240
z 2 11 15 240
m11 61 2 15 240
z 2 11 15 240
m11 66 2 15 240
z 2 11 15 240
m11 99 2 15 240
z 2 11 15 240
m11 185 2 15 240
B11 3 15 240
z 3 11 15 240
m11 61 3 9.333333333333334 88.0 1.0
z 3 11 15 240
m11 66 3 9.333333333333334 88.0 1.0
z 3 11 15 240
m11 99 3 9.333333333333334 88.0 1.0
z 3 11 15 240
m11 185 3 9.333333333333334 88.0 1.0
B28 0 35 262
z 0 28 35 262
m28 61 0 35 262
z 0 28 35 262
m28 66 0 35 262
z 0 28 35 262
m28 77 0 35 262
z 0 28 35 262
m28 99 0 35 262
z 0 28 35 262
m28 120 0 35 262
z 0 28 35 262
m28 170 0 35 262
z 0 28 35 262
m28 178 0 35 262
z 0 28 35 262
m28 185 0 35 262
B28 1 35 262
z 1 28 35 262
m28 61 1 35 262
z 1 28 35 262
m28 66 1 35 262
z 1 28 35 262
m28 77 1 35 262
z 1 28 35 262
m28 99 1 35 262
z 1 28 35 262
m28 120 1 35 262
z 1 28 35 262
m28 170 1 35 262
z 1 28 35 262
m28 178 1 35 262
z 1 28 35 262
m28 185 1 35 262
B28 2 35 262
z 2 28 35 262
m28 61 2 35 262
z 2 28 35 262
m28 66 2 35 262
z 2 28 35 262
m28 77 2 35 262
z 2 28 35 262
m28 99 2 35 262
z 2 28 35 262
m28 120 2 35 262
z 2 28 35 262
m28 170 2 35 262
z 2 28 35 262
m28 178 2 35 262
z 2 28 35 262
m28 185 2 35 262
B28 3 35 262
z 3 28 35 262
m28 61 3 9.333333333333334 88.0 1.0
z 3 28 35 262
m28 66 3 9.333333333333334 88.0 1.0
z 3 28 35 262
m28 77 3 9.333333333333334 88.0 1.0
z 3 28 35 262
m28 99 3 9.333333333333334 88.0 1.0
z 3 28 35 262
m28 120 3 9.333333333333334 88.0 1.0
z 3 28 35 262
m28 170 3 9.333333333333334 88.0 1.0
z 3 28 35 262
m28 178 3 9.333333333333334 88.0 1.0
z 3 28 35 262
m28 185 3 9.333333333333334 88.0 1.0
B36 0 7 253
z 0 36 7 253
m36 61 0 7 253
z 0 36 7 253
m36 99 0 7 253
z 0 36 7 253
m36 185 0 7 253
B36 1 7 253
B36 2 7 253
z 2 36 7 253
m36 61 2 7 253
z 2 36 7 253
m36 99 2 7 253
z 2 36 7 253
m36 185 2 7 253
B36 3 7 253
z 3 36 7 253
m36 61 3 8.666666666666668 78.66666666666667 1.0
z 3 36 7 253
m36 99 3 8.666666666666668 78.66666666666667 1.0
z 3 36 7 253
m36 185 3 8.666666666666668 78.66666666666667 1.0
B47 0 53 398
z 0 47 53 398
m47 30 0 53 398
z 0 47 53 398
m47 87 0 53 398
z 0 47 53 398
m47 128 0 53 398
z 0 47 53 398
m47 173 0 53 398
B47 1 53 398
B47 2 53 398
z 2 47 53 398
m47 30 2 53 398
z 2 47 53 398
m47 87 2 53 398
z 2 47 53 398
m47 128 2 53 398
z 2 47 53 398
m47 173 2 53 398
B47 3 53 398
z 3 47 53 398
m47 30 3 8.333333333333334 75.0 1.0
z 3 47 53 398
m47 87 3 8.333333333333334 75.0 1.0
z 3 47 53 398
m47 128 3 8.333333333333334 75.0 1.0
z 3 47 53 398
m47 173 3 8.333333333333334 75.0 1.0
B64 0 21 344
B64 1 21 344
B64 2 21 344
B64 3 21 344
B162 0 80 275
z 0 162 80 275
m162 35 0 80 275
z 0 162 80 275
m162 61 0 80 275
z 0 162 80 275
m162 77 0 80 275
z 0 162 80 275
m162 99 0 80 275
z 0 162 80 275
m162 114 0 80 275
z 0 162 80 275
m162 185 0 80 275
z 0 162 80 275
m162 199 0 80 275
B162 1 80 275
z 1 162 80 275
m162 35 1 80 275
z 1 162 80 275
m162 61 1 80 275
z 1 162 80 275
m162 77 1 80 275
z 1 162 80 275
m162 99 1 80 275
z 1 162 80 275
m162 114 1 80 275
z 1 162 80 275
m162 185 1 80 275
z 1 162 80 275
m162 199 1 80 275
B162 2 80 275
B162 3 80 275
z 3 162 80 275
m162 35 3 10.666666666666668 114.66666666666667 1.0
z 3 162 80 275
m162 61 3 10.666666666666668 114.66666666666667 1.0
z 3 162 80 275
m162 77 3 10.666666666666668 114.66666666666667 1.0
z 3 162 80 275
m162 99 3 10.666666666666668 114.66666666666667 1.0
z 3 162 80 275
m162 114 3 10.666666666666668 114.66666666666667 1.0
z 3 162 80 275
m162 185 3 10.666666666666668 114.66666666666667 1.0
z 3 162 80 275
m162 199 3 10.666666666666668 114.66666666666667 1.0
B30 0 61 448
z 0 30 61 448
m30 50 0 61 448
z 0 30 61 448
m30 181 0 61 448
B30 2 61 448
B30 3 61 448
z 3 30 61 448
m30 50 3 7.5 62.5 1.0
z 3 30 61 448
m30 181 3 7.5 62.5 1.0
B35 0 137 346
z 0 35 137 346
m35 51 0 137 346
z 0 35 137 346
m35 68 0 137 346
z 0 35 137 346
m35 108 0 137 346
z 0 35 137 346
m35 138 0 137 346
z 0 35 137 346
m35 156 0 137 346
z 0 35 137 346
m35 163 0 137 346
z 0 35 137 346
m35 193 0 137 346
B35 1 137 346
z 1 35 137 346
m35 51 1 137 346
z 1 35 137 346
m35 68 1 137 346
z 1 35 137 346
m35 87 1 137 346
z 1 35 137 346
m35 108 1 137 346
z 1 35 137 346
m35 138 1 137 346
z 1 35 137 346
m35 156 1 137 346
z 1 35 137 346
m35 163 1 137 346
z 1 35 137 346
m35 173 1 137 346
z 1 35 137 346
m35 193 1 137 346
B35 3 137 346
z 3 35 137 346
m35 163 3 10.5 111.0 0.8219780219780217
z 3 35 137 346
m35 51 3 10.5 111.0 0.8219780219780217
z 3 35 137 346
m35 108 3 10.5 111.0 0.8219780219780217
z 3 35 137 346
m35 193 3 10.5 111.0 0.8219780219780217
z 3 35 137 346
m35 68 3 10.5 111.0 0.8219780219780217
z 3 35 137 346
m35 156 3 10.5 111.0 0.8219780219780217
z 3 35 137 346
m35 138 3 10.5 111.0 0.8219780219780217
B61 0 38 314
B61 1 38 314
B61 2 38 314
B61 3 38 314
B66 0 73 207
z 0 66 73 207
m66 92 0 73 207
z 0 66 73 207
m66 106 0 73 207
z 0 66 73 207
m66 145 0 73 207
z 0 66 73 207
m66 155 0 73 207
z 0 66 73 207
m66 175 0 73 207
z 0 66 73 207
m66 190 0 73 207
z 0 66 73 207
m66 206 0 73 207
B66 1 73 207
z 1 66 73 207
m66 92 1 73 207
z 1 66 73 207
m66 106 1 73 207
z 1 66 73 207
m66 145 1 73 207
z 1 66 73 207
m66 155 1 73 207
z 1 66 73 207
m66 175 1 73 207
z 1 66 73 207
m66 190 1 73 207
z 1 66 73 207
m66 206 1 73 207
B66 2 73 207
B66 3 73 207
z 3 66 73 207
m66 92 3 10.25 108.25 1.0
z 3 66 73 207
m66 106 3 10.25 108.25 1.0
z 3 66 73 207
m66 145 3 10.25 108.25 1.0
z 3 66 73 207
m66 155 3 10.25 108.25 1.0
z 3 66 73 207
m66 175 3 10.25 108.25 1.0
z 3 66 73 207
m66 190 3 10.25 108.25 1.0
z 3 66 73 207
m66 206 3 10.25 108.25 1.0
B77 0 26 249
z 0 77 26 249
m77 106 0 26 249
z 0 77 26 249
m77 155 0 26 249
B77 1 26 249
B77 2 26 249
z 2 77 26 249
m77 106 2 26 249
z 2 77 26 249
m77 114 2 26 249
z 2 77 26 249
m77 155 2 26 249
z 2 77 26 249
m77 199 2 26 249
B77 3 26 249
B87 0 108 409
z 0 87 108 409
m87 13 0 108 409
z 0 87 108 409
m87 68 0 108 409
z 0 87 108 409
m87 138 0 108 409
z 0 87 108 409
m87 202 0 108 409
z 0 87 108 409
m87 218 0 108 409
B87 2 108 409
B87 3 108 409
z 3 87 108 409
m87 13 3 8.0 68.5 1.0
z 3 87 108 409
m87 68 3 8.0 68.5 1.0
z 3 87 108 409
m87 138 3 8.0 68.5 1.0
z 3 87 108 409
m87 202 3 8.0 68.5 1.0
z 3 87 108 409
m87 218 3 8.0 68.5 1.0
B99 0 89 326
z 0 99 89 326
m99 68 0 89 326
z 0 99 89 326
m99 193 0 89 326
B99 1 89 326
z 1 99 89 326
m99 68 1 89 326
z 1 99 89 326
m99 193 1 89 326
B99 2 89 326
z 2 99 89 326
m99 35 2 89 326
z 2 99 89 326
m99 68 2 89 326
z 2 99 89 326
m99 114 2 89 326
z 2 99 89 326
m99 193 2 89 326
z 2 99 89 326
m99 199 2 89 326
B99 3 89 326
B114 0 68 278
z 0 114 68 278
m114 106 0 68 278
z 0 114 68 278
m114 193 0 68 278
B114 1 68 278
B114 3 68 278
z 3 114 68 278
m114 106 3 9.75 98.25 0.40405748098055794
B120 0 22 227
z 0 120 22 227
m120 145 0 22 227
z 0 120 22 227
m120 155 0 22 227
B120 1 22 227
z 1 120 22 227
m120 145 1 22 227
z 1 120 22 227
m120 155 1 22 227
B120 2 22 227
z 2 120 22 227
m120 145 2 22 227
z 2 120 22 227
m120 155 2 22 227
B120 3 22 227
z 3 120 22 227
m120 145 3 8.25 72.25 0.5273754494093477
B128 0 25 392
z 0 128 25 392
m128 50 0 25 392
B128 2 25 392
z 2 128 25 392
m128 50 2 25 392
B128 3 25 392
z 3 128 25 392
m128 50 3 7.0 58.5 0.4672619047619049
B170 0 17 220
z 0 170 17 220
m170 145 0 17 220
z 0 170 17 220
m170 155 0 17 220
z 0 170 17 220
m170 190 0 17 220
z 0 170 17 220
m170 191 0 17 220
B170 1 17 220
B170 2 17 220
z 2 170 17 220
m170 145 2 17 220
z 2 170 17 220
m170 155 2 17 220
z 2 170 17 220
m170 190 2 17 220
z 2 170 17 220
m170 191 2 17 220
B170 3 17 220
z 3 170 17 220
m170 191 3 8.5 75.0 0.7623795280824195
z 3 170 17 220
m170 190 3 8.5 75.0 0.7623795280824195
z 3 170 17 220
m170 145 3 8.5 75.0 0.7623795280824195
z 3 170 17 220
m170 155 3 8.5 75.0 0.7623795280824195
B173 0 90 340
z 0 173 90 340
m173 13 0 90 340
z 0 173 90 340
m173 68 0 90 340
z 0 173 90 340
m173 218 0 90 340
B173 2 90 340
z 2 173 90 340
m173 13 2 90 340
z 2 173 90 340
m173 35 2 90 340
z 2 173 90 340
m173 68 2 90 340
z 2 173 90 340
m173 218 2 90 340
B173 3 90 340
z 3 173 90 340
m173 218 3 7.25 60.25 0.857758620689655
z 3 173 90 340
m173 13 3 7.25 60.25 0.857758620689655
z 3 173 90 340
m173 68 3 7.25 60.25 0.857758620689655
B178 0 60 187
z 0 178 60 187
m178 49 0 60 187
z 0 178 60 187
m178 92 0 60 187
z 0 178 60 187
m178 106 0 60 187
z 0 178 60 187
m178 145 0 60 187
z 0 178 60 187
m178 155 0 60 187
z 0 178 60 187
m178 175 0 60 187
z 0 178 60 187
m178 190 0 60 187
z 0 178 60 187
m178 205 0 60 187
z 0 178 60 187
m178 206 0 60 187
z 0 178 60 187
m178 207 0 60 187
B178 1 60 187
B178 2 60 187
B178 3 60 187
z 3 178 60 187
m178 49 3 10.0 102.0 1.0
z 3 178 60 187
m178 92 3 10.0 102.0 1.0
z 3 178 60 187
m178 106 3 10.0 102.0 1.0
z 3 178 60 187
m178 145 3 10.0 102.0 1.0
z 3 178 60 187
m178 155 3 10.0 102.0 1.0
z 3 178 60 187
m178 175 3 10.0 102.0 1.0
z 3 178 60 187
m178 190 3 10.0 102.0 1.0
z 3 178 60 187
m178 205 3 10.0 102.0 1.0
z 3 178 60 187
m178 206 3 10.0 102.0 1.0
z 3 178 60 187
m178 207 3 10.0 102.0 1.0
B185 0 23 339
B185 1 23 339
B185 2 23 339
B185 3 23 339
B199 0 97 261
z 0 199 97 261
m199 68 0 97 261
z 0 199 97 261
m199 193 0 97 261
B199 1 97 261
B199 3 97 261
z 3 199 97 261
m199 68 3 9.5 95.0 0.15384615384615352
B13 0 77 363
z 0 13 77 363
m13 150 0 77 363
B13 2 77 363
z 2 13 77 363
m13 138 2 77 363
z 2 13 77 363
m13 150 2 77 363
z 2 13 77 363
m13 181 2 77 363
z 2 13 77 363
m13 202 2 77 363
B13 3 77 363
z 3 13 77 363
m13 150 3 6.6000000000000005 55.0 1.0
B35 2 159 356
B49 0 137 191
z 0 49 137 191
m49 2 0 137 191
z 0 49 137 191
m49 3 0 137 191
z 0 49 137 191
m49 14 0 137 191
z 0 49 137 191
m49 112 0 137 191
z 0 49 137 191
m49 121 0 137 191
z 0 49 137 191
m49 143 0 137 191
z 0 49 137 191
m49 158 0 137 191
z 0 49 137 191
m49 172 0 137 191
z 0 49 137 191
m49 198 0 137 191
z 0 49 137 191
m49 213 0 137 191
B49 3 137 191
z 3 49 137 191
m49 213 3 10.2 105.8 0.8886305510346431
z 3 49 137 191
m49 3 3 10.2 105.8 0.8886305510346431
z 3 49 137 191
m49 2 3 10.2 105.8 0.8886305510346431
z 3 49 137 191
m49 198 3 10.2 105.8 0.8886305510346431
z 3 49 137 191
m49 121 3 10.2 105.8 0.8886305510346431
z 3 49 137 191
m49 172 3 10.2 105.8 0.8886305510346431
z 3 49 137 191
m49 14 3 10.2 105.8 0.8886305510346431
z 3 49 137 191
m49 112 3 10.2 105.8 0.8886305510346431
z 3 49 137 191
m49 143 3 10.2 105.8 0.8886305510346431
z 3 49 137 191
m49 158 3 10.2 105.8 0.8886305510346431
B50 0 125 468
z 0 50 125 468
m50 180 0 125 468
B50 2 125 468
z 2 50 125 468
m50 180 2 125 468
z 2 50 125 468
m50 181 2 125 468
z 2 50 125 468
m50 202 2 125 468
B50 3 125 468
z 3 50 125 468
m50 180 3 6.8 53.2 0.8368983957219249
B51 0 90 250
z 0 51 90 250
m51 143 0 90 250
z 0 51 90 250
m51 149 0 90 250
z 0 51 90 250
m51 213 0 90 250
B51 1 90 250
z 1 51 90 250
m51 143 1 90 250
z 1 51 90 250
m51 149 1 90 250
z 1 51 90 250
m51 213 1 90 250
B51 3 90 250
B68 0 82 371
B68 1 82 371
z 1 68 82 371
m68 13 1 82 371
B68 2 82 371
z 2 68 82 371
m68 138 2 82 371
z 2 68 82 371
m68 156 2 82 371
B68 3 82 371
B87 1 126 425
z 1 87 126 425
m87 13 1 126 425
z 1 87 126 425
m87 30 1 126 425
z 1 87 126 425
m87 180 1 126 425
z 1 87 126 425
m87 181 1 126 425
z 1 87 126 425
m87 202 1 126 425
z 1 87 126 425
m87 218 1 126 425
B92 0 8 173
z 0 92 8 173
m92 212 0 8 173
B92 1 8 173
z 1 92 8 173
m92 191 1 8 173
z 1 92 8 173
m92 212 1 8 173
B92 3 8 173
B106 0 24 211
z 0 106 24 211
m106 213 0 24 211
B106 1 24 211
z 1 106 24 211
m106 213 1 24 211
B106 2 24 211
z 2 106 24 211
m106 92 2 24 211
z 2 106 24 211
m106 206 2 24 211
z 2 106 24 211
m106 213 2 24 211
B106 3 24 211
B108 0 146 242
z 0 108 146 242
m108 143 0 146 242
z 0 108 146 242
m108 149 0 146 242
B108 1 146 242
z 1 108 146 242
m108 143 1 146 242
z 1 108 146 242
m108 149 1 146 242
B108 3 146 242
B114 2 48 291
B138 0 127 328
z 0 138 127 328
m138 161 0 127 328
z 0 138 127 328
m138 184 0 127 328
B138 1 127 328
z 1 138 127 328
m138 13 1 127 328
z 1 138 127 328
m138 161 1 127 328
z 1 138 127 328
m138 184 1 127 328
B138 3 127 328
B145 0 19 190
z 0 145 19 190
m145 212 0 19 190
B145 1 19 190
B145 2 19 190
z 2 145 19 190
m145 92 2 19 190
z 2 145 19 190
m145 206 2 19 190
z 2 145 19 190
m145 212 2 19 190
B145 3 19 190
z 3 145 19 190
m145 212 3 8.399999999999999 86.8 1.0
B155 0 27 231
B155 1 27 231
B155 2 27 231
z 2 155 27 231
m155 92 2 27 231
B155 3 27 231
B156 0 153 327
z 0 156 153 327
m156 119 0 153 327
z 0 156 153 327
m156 161 0 153 327
z 0 156 153 327
m156 184 0 153 327
B156 1 153 327
z 1 156 153 327
m156 119 1 153 327
z 1 156 153 327
m156 161 1 153 327
z 1 156 153 327
m156 184 1 153 327
B156 3 153 327
z 3 156 153 327
m156 184 3 9.6 96.0 0.35578153190093453
z 3 156 153 327
m156 119 3 9.6 96.0 0.35578153190093453
B163 0 186 241
z 0 163 186 241
m163 129 0 186 241
z 0 163 186 241
m163 140 0 186 241
z 0 163 186 241
m163 143 0 186 241
z 0 163 186 241
m163 149 0 186 241
B163 1 186 241
z 1 163 186 241
m163 129 1 186 241
z 1 163 186 241
m163 140 1 186 241
z 1 163 186 241
m163 143 1 186 241
z 1 163 186 241
m163 149 1 186 241
B163 3 186 241
z 3 163 186 241
m163 143 3 9.4 93.8 0.10180102526879299
B173 1 109 325
B175 0 102 163
z 0 175 102 163
m175 2 0 102 163
z 0 175 102 163
m175 3 0 102 163
z 0 175 102 163
m175 143 0 102 163
z 0 175 102 163
m175 158 0 102 163
z 0 175 102 163
m175 172 0 102 163
z 0 175 102 163
m175 188 0 102 163
z 0 175 102 163
m175 213 0 102 163
B175 1 102 163
z 1 175 102 163
m175 2 1 102 163
z 1 175 102 163
m175 3 1 102 163
z 1 175 102 163
m175 49 1 102 163
z 1 175 102 163
m175 143 1 102 163
z 1 175 102 163
m175 158 1 102 163
z 1 175 102 163
m175 172 1 102 163
z 1 175 102 163
m175 188 1 102 163
z 1 175 102 163
m175 205 1 102 163
z 1 175 102 163
m175 207 1 102 163
z 1 175 102 163
m175 213 1 102 163
B175 3 102 163
z 3 175 102 163
m175 188 3 10.399999999999999 110.8 0.8067022263450832
z 3 175 102 163
m175 213 3 10.399999999999999 110.8 0.8067022263450832
z 3 175 102 163
m175 3 3 10.399999999999999 110.8 0.8067022263450832
z 3 175 102 163
m175 158 3 10.399999999999999 110.8 0.8067022263450832
z 3 175 102 163
m175 2 3 10.399999999999999 110.8 0.8067022263450832
z 3 175 102 163
m175 143 3 10.399999999999999 110.8 0.8067022263450832
z 3 175 102 163
m175 172 3 10.399999999999999 110.8 0.8067022263450832
B181 0 59 428
z 0 181 59 428
m181 148 0 59 428
z 0 181 59 428
m181 180 0 59 428
B181 3 59 428
B190 0 90 178
z 0 190 90 178
m190 172 0 90 178
z 0 190 90 178
m190 213 0 90 178
B190 1 90 178
z 1 190 90 178
m190 49 1 90 178
z 1 190 90 178
m190 172 1 90 178
z 1 190 90 178
m190 205 1 90 178
z 1 190 90 178
m190 207 1 90 178
z 1 190 90 178
m190 213 1 90 178
B190 2 90 178
z 2 190 90 178
m190 49 2 90 178
z 2 190 90 178
m190 92 2 90 178
z 2 190 90 178
m190 172 2 90 178
z 2 190 90 178
m190 175 2 90 178
z 2 190 90 178
m190 205 2 90 178
z 2 190 90 178
m190 206 2 90 178
z 2 190 90 178
m190 207 2 90 178
z 2 190 90 178
m190 213 2 90 178
B190 3 90 178
z 3 190 90 178
m190 213 3 10.2 106.6 0.714955982392957
B191 0 7 101
z 0 191 7 101
m191 109 0 7 101
z 0 191 7 101
m191 177 0 7 101
z 0 191 7 101
m191 188 0 7 101
z 0 191 7 101
m191 212 0 7 101
B191 2 7 101
z 2 191 7 101
m191 92 2 7 101
z 2 191 7 101
m191 109 2 7 101
z 2 191 7 101
m191 177 2 7 101
z 2 191 7 101
m191 188 2 7 101
z 2 191 7 101
m191 206 2 7 101
z 2 191 7 101
m191 212 2 7 101
B191 3 7 101
z 3 191 7 101
m191 109 3 7.6 63.2 0.45540637025738506
z 3 191 7 101
m191 212 3 7.6 63.2 0.45540637025738506
B193 0 101 262
B193 1 101 262
B193 2 101 262
B193 3 101 262
B199 2 102 237
z 2 199 102 237
m199 51 2 102 237
z 2 199 102 237
m199 213 2 102 237
B202 0 165 435
z 0 202 165 435
m202 26 0 165 435
z 0 202 165 435
m202 86 0 165 435
z 0 202 165 435
m202 116 0 165 435
z 0 202 165 435
m202 150 0 165 435
z 0 202 165 435
m202 197 0 165 435
B202 3 165 435
z 3 202 165 435
m202 26 3 8.4 74.8 1.0
z 3 202 165 435
m202 86 3 8.4 74.8 1.0
z 3 202 165 435
m202 116 3 8.4 74.8 1.0
z 3 202 165 435
m202 150 3 8.4 74.8 1.0
z 3 202 165 435
m202 197 3 8.4 74.8 1.0
B205 0 94 115
z 0 205 94 115
m205 2 0 94 115
z 0 205 94 115
m205 3 0 94 115
z 0 205 94 115
m205 80 0 94 115
z 0 205 94 115
m205 93 0 94 115
z 0 205 94 115
m205 109 0 94 115
z 0 205 94 115
m205 172 0 94 115
z 0 205 94 115
m205 188 0 94 115
z 0 205 94 115
m205 198 0 94 115
B205 3 94 115
z 3 205 94 115
m205 188 3 10.0 101.6 0.8052173913043477
z 3 205 94 115
m205 93 3 10.0 101.6 0.8052173913043477
z 3 205 94 115
m205 3 3 10.0 101.6 0.8052173913043477
z 3 205 94 115
m205 172 3 10.0 101.6 0.8052173913043477
z 3 205 94 115
m205 109 3 10.0 101.6 0.8052173913043477
z 3 205 94 115
m205 80 3 10.0 101.6 0.8052173913043477
z 3 205 94 115
m205 2 3 10.0 101.6 0.8052173913043477
z 3 205 94 115
m205 198 3 10.0 101.6 0.8052173913043477
B206 0 24 130
z 0 206 24 130
m206 109 0 24 130
z 0 206 24 130
m206 177 0 24 130
z 0 206 24 130
m206 188 0 24 130
z 0 206 24 130
m206 212 0 24 130
B206 1 24 130
z 1 206 24 130
m206 109 1 24 130
z 1 206 24 130
m206 177 1 24 130
z 1 206 24 130
m206 188 1 24 130
z 1 206 24 130
m206 191 1 24 130
z 1 206 24 130
m206 205 1 24 130
z 1 206 24 130
m206 212 1 24 130
B206 3 24 130
z 3 206 24 130
m206 177 3 9.399999999999999 93.8 0.0
B207 0 125 135
z 0 207 125 135
m207 2 0 125 135
z 0 207 125 135
m207 3 0 125 135
z 0 207 125 135
m207 14 0 125 135
z 0 207 125 135
m207 80 0 125 135
z 0 207 125 135
m207 109 0 125 135
z 0 207 125 135
m207 112 0 125 135
z 0 207 125 135
m207 158 0 125 135
z 0 207 125 135
m207 172 0 125 135
z 0 207 125 135
m207 198 0 125 135
z 0 207 125 135
m207 213 0 125 135
B207 3 125 135
z 3 207 125 135
m207 2 3 10.6 115.39999999999999 1.0
z 3 207 125 135
m207 3 3 10.6 115.39999999999999 1.0
z 3 207 125 135
m207 14 3 10.6 115.39999999999999 1.0
z 3 207 125 135
m207 80 3 10.6 115.39999999999999 1.0
z 3 207 125 135
m207 109 3 10.6 115.39999999999999 1.0
z 3 207 125 135
m207 112 3 10.6 115.39999999999999 1.0
z 3 207 125 135
m207 158 3 10.6 115.39999999999999 1.0
z 3 207 125 135
m207 172 3 10.6 115.39999999999999 1.0
z 3 207 125 135
m207 198 3 10.6 115.39999999999999 1.0
z 3 207 125 135
m207 213 3 10.6 115.39999999999999 1.0
B218 0 156 420
z 0 218 156 420
m218 26 0 156 420
z 0 218 156 420
m218 86 0 156 420
z 0 218 156 420
m218 116 0 156 420
z 0 218 156 420
m218 124 0 156 420
z 0 218 156 420
m218 150 0 156 420
z 0 218 156 420
m218 161 0 156 420
z 0 218 156 420
m218 184 0 156 420
z 0 218 156 420
m218 197 0 156 420
B218 2 156 420
B218 3 156 420
z 3 218 156 420
m218 26 3 8.0 67.6 1.0
z 3 218 156 420
m218 86 3 8.0 67.6 1.0
z 3 218 156 420
m218 116 3 8.0 67.6 1.0
z 3 218 156 420
m218 124 3 8.0 67.6 1.0
z 3 218 156 420
m218 150 3 8.0 67.6 1.0
z 3 218 156 420
m218 161 3 8.0 67.6 1.0
z 3 218 156 420
m218 184 3 8.0 67.6 1.0
z 3 218 156 420
m218 197 3 8.0 67.6 1.0
B2 0 145 132
z 0 2 145 132
m2 136 0 145 132
B2 1 145 132
z 1 2 145 132
m2 80 1 145 132
z 1 2 145 132
m2 93 1 145 132
z 1 2 145 132
m2 112 1 145 132
z 1 2 145 132
m2 121 1 145 132
z 1 2 145 132
m2 136 1 145 132
z 1 2 145 132
m2 198 1 145 132
B2 3 145 132
B3 0 137 99
z 0 3 137 99
m3 60 0 137 99
z 0 3 137 99
m3 136 0 137 99
B3 1 137 99
z 1 3 137 99
m3 60 1 137 99
z 1 3 137 99
m3 80 1 137 99
z 1 3 137 99
m3 93 1 137 99
z 1 3 137 99
m3 112 1 137 99
z 1 3 137 99
m3 121 1 137 99
z 1 3 137 99
m3 136 1 137 99
z 1 3 137 99
m3 198 1 137 99
B3 3 137 99
B13 1 55 352
B14 0 199 203
z 0 14 199 203
m14 74 0 199 203
z 0 14 199 203
m14 101 0 199 203
B14 3 199 203
z 3 14 199 203
m14 74 3 9.5 94.16666666666667 0.228109890403593
z 3 14 199 203
m14 140 3 9.5 94.16666666666667 0.228109890403593
z 3 14 199 203
m14 149 3 9.5 94.16666666666667 0.228109890403593
B26 0 198 473
z 0 26 198 473
m26 6 0 198 473
z 0 26 198 473
m26 53 0 198 473
z 0 26 198 473
m26 171 0 198 473
z 0 26 198 473
m26 179 0 198 473
z 0 26 198 473
m26 217 0 198 473
B26 3 198 473
z 3 26 198 473
m26 171 3 8.0 68.33333333333334 0.40988955823293116
z 3 26 198 473
m26 53 3 8.0 68.33333333333334 0.40988955823293116
z 3 26 198 473
m26 217 3 8.0 68.33333333333334 0.40988955823293116
B30 1 97 481
z 1 30 97 481
m30 50 1 97 481
z 1 30 97 481
m30 73 1 97 481
B49 1 155 207
z 1 49 155 207
m49 14 1 155 207
z 1 49 155 207
m49 112 1 155 207
z 1 49 155 207
m49 121 1 155 207
z 1 49 155 207
m49 198 1 155 207
B49 2 155 207
z 2 49 155 207
m49 2 2 155 207
z 2 49 155 207
m49 3 2 155 207
z 2 49 155 207
m49 14 2 155 207
z 2 49 155 207
m49 112 2 155 207
z 2 49 155 207
m49 121 2 155 207
z 2 49 155 207
m49 143 2 155 207
z 2 49 155 207
m49 158 2 155 207
z 2 49 155 207
m49 163 2 155 207
z 2 49 155 207
m49 198 2 155 207
B51 2 67 242
z 2 51 67 242
m51 108 2 67 242
B80 0 80 57
z 0 80 80 57
m80 16 0 80 57
z 0 80 80 57
m80 20 0 80 57
z 0 80 80 57
m80 33 0 80 57
z 0 80 80 57
m80 60 0 80 57
z 0 80 80 57
m80 136 0 80 57
z 0 80 80 57
m80 154 0 80 57
B80 3 80 57
z 3 80 80 57
m80 33 3 9.5 92.83333333333334 0.5088579812927039
z 3 80 80 57
m80 154 3 9.5 92.83333333333334 0.5088579812927039
z 3 80 80 57
m80 16 3 9.5 92.83333333333334 0.5088579812927039
z 3 80 80 57
m80 20 3 9.5 92.83333333333334 0.5088579812927039
z 3 80 80 57
m80 60 3 9.5 92.83333333333334 0.5088579812927039
B86 0 165 376
z 0 86 165 376
m86 53 0 165 376
z 0 86 165 376
m86 88 0 165 376
z 0 86 165 376
m86 115 0 165 376
B86 3 165 376
B92 2 5 191
B93 0 155 98
z 0 93 155 98
m93 20 0 155 98
z 0 93 155 98
m93 60 0 155 98
z 0 93 155 98
m93 136 0 155 98
z 0 93 155 98
m93 203 0 155 98
B93 3 155 98
z 3 93 155 98
m93 203 3 9.0 87.33333333333334 0.0
B109 0 76 168
B109 1 76 168
z 1 109 76 168
m109 80 1 76 168
z 1 109 76 168
m109 198 1 76 168
B109 2 76 168
z 2 109 76 168
m109 2 2 76 168
z 2 109 76 168
m109 3 2 76 168
z 2 109 76 168
m109 80 2 76 168
z 2 109 76 168
m109 198 2 76 168
B109 3 76 168
B112 0 156 200
z 0 112 156 200
m112 74 0 156 200
z 0 112 156 200
m112 101 0 156 200
B112 3 156 200
z 3 112 156 200
m112 74 3 9.333333333333334 92.33333333333334 0.0
B116 0 187 405
z 0 116 187 405
m116 53 0 187 405
z 0 116 187 405
m116 115 0 187 405
z 0 116 187 405
m116 171 0 187 405
B116 3 187 405
z 3 116 187 405
m116 171 3 8.0 68.33333333333334 0.40988955823293116
B119 0 191 342
z 0 119 191 342
m119 88 0 191 342
z 0 119 191 342
m119 115 0 191 342
z 0 119 191 342
m119 160 0 191 342
z 0 119 191 342
m119 194 0 191 342
z 0 119 191 342
m119 210 0 191 342
B119 1 191 342
z 1 119 191 342
m119 86 1 191 342
z 1 119 191 342
m119 88 1 191 342
z 1 119 191 342
m119 115 1 191 342
z 1 119 191 342
m119 160 1 191 342
z 1 119 191 342
m119 194 1 191 342
z 1 119 191 342
m119 210 1 191 342
B119 3 191 342
z 3 119 191 342
m119 160 3 9.0 86.0 0.3733509902664129
z 3 119 191 342
m119 194 3 9.0 86.0 0.3733509902664129
z 3 119 191 342
m119 210 3 9.0 86.0 0.3733509902664129
B121 0 176 183
z 0 121 176 183
m121 74 0 176 183
z 0 121 176 183
m121 101 0 176 183
B121 3 176 183
B124 0 227 409
z 0 124 227 409
m124 53 0 227 409
z 0 124 227 409
m124 82 0 227 409
z 0 124 227 409
m124 115 0 227 409
z 0 124 227 409
m124 117 0 227 409
z 0 124 227 409
m124 179 0 227 409
z 0 124 227 409
m124 194 0 227 409
B124 3 227 409
z 3 124 227 409
m124 82 3 7.833333333333334 64.5 0.8902715162889374
z 3 124 227 409
m124 117 3 7.833333333333334 64.5 0.8902715162889374
z 3 124 227 409
m124 179 3 7.833333333333334 64.5 0.8902715162889374
z 3 124 227 409
m124 194 3 7.833333333333334 64.5 0.8902715162889374
z 3 124 227 409
m124 53 3 7.833333333333334 64.5 0.8902715162889374
z 3 124 227 409
m124 115 3 7.833333333333334 64.5 0.8902715162889374
B129 0 234 227
z 0 129 234 227
m129 46 0 234 227
z 0 129 234 227
m129 84 0 234 227
z 0 129 234 227
m129 101 0 234 227
B129 1 234 227
z 1 129 234 227
m129 14 1 234 227
z 1 129 234 227
m129 46 1 234 227
z 1 129 234 227
m129 84 1 234 227
z 1 129 234 227
m129 101 1 234 227
B138 2 114 308
z 2 138 114 308
m138 161 2 114 308
B140 0 260 228
z 0 140 260 228
m140 10 0 260 228
z 0 140 260 228
m140 18 0 260 228
z 0 140 260 228
m140 31 0 260 228
z 0 140 260 228
m140 46 0 260 228
z 0 140 260 228
m140 84 0 260 228
z 0 140 260 228
m140 94 0 260 228
z 0 140 260 228
m140 101 0 260 228
z 0 140 260 228
m140 141 0 260 228
z 0 140 260 228
m140 151 0 260 228
z 0 140 260 228
m140 204 0 260 228
B140 1 260 228
z 1 140 260 228
m140 10 1 260 228
z 1 140 260 228
m140 14 1 260 228
z 1 140 260 228
m140 18 1 260 228
z 1 140 260 228
m140 31 1 260 228
z 1 140 260 228
m140 46 1 260 228
z 1 140 260 228
m140 84 1 260 228
z 1 140 260 228
m140 94 1 260 228
z 1 140 260 228
m140 101 1 260 228
z 1 140 260 228
m140 141 1 260 228
z 1 140 260 228
m140 151 1 260 228
z 1 140 260 228
m140 204 1 260 228
B143 0 129 159
B143 1 129 159
B143 3 129 159
B148 0 2 430
z 0 148 2 430
m148 7 0 2 430
B149 0 201 264
B149 1 201 264
z 1 149 201 264
m149 14 1 201 264
B150 0 157 377
z 0 150 157 377
m150 53 0 157 377
z 0 150 157 377
m150 115 0 157 377
B150 2 157 377
z 2 150 157 377
m150 26 2 157 377
z 2 150 157 377
m150 53 2 157 377
z 2 150 157 377
m150 86 2 157 377
z 2 150 157 377
m150 115 2 157 377
z 2 150 157 377
m150 116 2 157 377
z 2 150 157 377
m150 124 2 157 377
z 2 150 157 377
m150 161 2 157 377
z 2 150 157 377
m150 184 2 157 377
z 2 150 157 377
m150 197 2 157 377
B150 3 157 377
z 3 150 157 377
m150 53 3 5.833333333333333 46.5 1.0
z 3 150 157 377
m150 115 3 5.833333333333333 46.5 1.0
B156 2 135 310
z 2 156 135 310
m156 119 2 135 310
z 2 156 135 310
m156 161 2 135 310
B158 0 138 214
B158 1 138 214
z 1 158 138 214
m158 14 1 138 214
z 1 158 138 214
m158 112 1 138 214
z 1 158 138 214
m158 121 1 138 214
B158 3 138 214
z 3 158 138 214
m158 149 3 8.666666666666666 88.33333333333334 1.0
B161 0 146 390
z 0 161 146 390
m161 53 0 146 390
z 0 161 146 390
m161 88 0 146 390
B161 1 146 390
z 1 161 146 390
m161 53 1 146 390
z 1 161 146 390
m161 86 1 146 390
z 1 161 146 390
m161 88 1 146 390
z 1 161 146 390
m161 150 1 146 390
B161 3 146 390
B172 0 98 166
B172 1 98 166
B172 2 98 166
z 2 172 98 166
m172 2 2 98 166
z 2 172 98 166
m172 3 2 98 166
z 2 172 98 166
m172 112 2 98 166
z 2 172 98 166
m172 143 2 98 166
z 2 172 98 166
m172 198 2 98 166
B172 3 98 166
B175 2 125 169
z 2 175 125 169
m175 2 2 125 169
z 2 175 125 169
m175 112 2 125 169
z 2 175 125 169
m175 143 2 125 169
z 2 175 125 169
m175 158 2 125 169
z 2 175 125 169
m175 198 2 125 169
B177 0 21 40
z 0 177 21 40
m177 16 0 21 40
z 0 177 21 40
m177 33 0 21 40
z 0 177 21 40
m177 65 0 21 40
z 0 177 21 40
m177 69 0 21 40
z 0 177 21 40
m177 102 0 21 40
z 0 177 21 40
m177 118 0 21 40
B177 1 21 40
z 1 177 21 40
m177 16 1 21 40
z 1 177 21 40
m177 33 1 21 40
z 1 177 21 40
m177 65 1 21 40
z 1 177 21 40
m177 69 1 21 40
z 1 177 21 40
m177 80 1 21 40
z 1 177 21 40
m177 102 1 21 40
z 1 177 21 40
m177 118 1 21 40
B177 2 21 40
z 2 177 21 40
m177 16 2 21 40
z 2 177 21 40
m177 33 2 21 40
z 2 177 21 40
m177 65 2 21 40
z 2 177 21 40
m177 69 2 21 40
z 2 177 21 40
m177 80 2 21 40
z 2 177 21 40
m177 102 2 21 40
z 2 177 21 40
m177 118 2 21 40
B177 3 21 40
z 3 177 21 40
m177 118 3 8.833333333333332 84.16666666666667 0.0
z 3 177 21 40
m177 33 3 8.833333333333332 84.16666666666667 0.0
z 3 177 21 40
m177 16 3 8.833333333333332 84.16666666666667 0.0
B180 0 51 410
B180 1 51 410
B180 2 51 410
B180 3 51 410
B181 1 35 428
z 1 181 35 428
m181 7 1 35 428
z 1 181 35 428
m181 148 1 35 428
B181 2 35 428
z 2 181 35 428
m181 7 2 35 428
z 2 181 35 428
m181 148 2 35 428
B184 0 195 413
z 0 184 195 413
m184 53 0 195 413
z 0 184 195 413
m184 88 0 195 413
z 0 184 195 413
m184 115 0 195 413
z 0 184 195 413
m184 194 0 195 413
B184 1 195 413
z 1 184 195 413
m184 53 1 195 413
z 1 184 195 413
m184 86 1 195 413
z 1 184 195 413
m184 88 1 195 413
z 1 184 195 413
m184 115 1 195 413
z 1 184 195 413
m184 116 1 195 413
z 1 184 195 413
m184 150 1 195 413
z 1 184 195 413
m184 194 1 195 413
B184 3 195 413
z 3 184 195 413
m184 194 3 8.833333333333334 84.16666666666667 0.30700142249564927
z 3 184 195 413
m184 88 3 8.833333333333334 84.16666666666667 0.30700142249564927
B188 0 7 143
B188 1 7 143
B188 2 7 143
B188 3 7 143
B191 1 10 77
z 1 191 10 77
m191 16 1 10 77
z 1 191 10 77
m191 33 1 10 77
z 1 191 10 77
m191 65 1 10 77
z 1 191 10 77
m191 102 1 10 77
B197 0 159 456
z 0 197 159 456
m197 6 0 159 456
z 0 197 159 456
m197 73 0 159 456
z 0 197 159 456
m197 171 0 159 456
z 0 197 159 456
m197 217 0 159 456
B197 3 159 456
z 3 197 159 456
m197 73 3 8.0 68.33333333333334 0.40988955823293116
z 3 197 159 456
m197 171 3 8.0 68.33333333333334 0.40988955823293116
B198 0 102 147
B198 3 102 147
B202 1 172 458
z 1 202 172 458
m202 26 1 172 458
z 1 202 172 458
m202 50 1 172 458
z 1 202 172 458
m202 73 1 172 458
z 1 202 172 458
m202 116 1 172 458
z 1 202 172 458
m202 150 1 172 458
z 1 202 172 458
m202 171 1 172 458
z 1 202 172 458
m202 197 1 172 458
z 1 202 172 458
m202 217 1 172 458
B202 2 172 458
z 2 202 172 458
m202 26 2 172 458
z 2 202 172 458
m202 73 2 172 458
z 2 202 172 458
m202 116 2 172 458
z 2 202 172 458
m202 171 2 172 458
z 2 202 172 458
m202 184 2 172 458
z 2 202 172 458
m202 197 2 172 458
z 2 202 172 458
m202 217 2 172 458
B205 1 99 92
z 1 205 99 92
m205 20 1 99 92
z 1 205 99 92
m205 33 1 99 92
z 1 205 99 92
m205 60 1 99 92
z 1 205 99 92
m205 80 1 99 92
z 1 205 99 92
m205 93 1 99 92
z 1 205 99 92
m205 136 1 99 92
z 1 205 99 92
m205 198 1 99 92
B205 2 99 92
z 2 205 99 92
m205 2 2 99 92
z 2 205 99 92
m205 3 2 99 92
z 2 205 99 92
m205 20 2 99 92
z 2 205 99 92
m205 33 2 99 92
z 2 205 99 92
m205 60 2 99 92
z 2 205 99 92
m205 80 2 99 92
z 2 205 99 92
m205 93 2 99 92
z 2 205 99 92
m205 136 2 99 92
z 2 205 99 92
m205 198 2 99 92
B206 2 1 123
B207 1 129 112
z 1 207 129 112
m207 80 1 129 112
z 1 207 129 112
m207 93 1 129 112
z 1 207 129 112
m207 112 1 129 112
z 1 207 129 112
m207 198 1 129 112
B207 2 129 112
B212 0 52 131
B212 1 52 131
B212 2 52 131
B212 3 52 131
B213 0 44 212
B213 1 44 212
B213 2 44 212
z 2 213 44 212
m213 143 2 44 212
B213 3 44 212
B218 1 169 440
z 1 218 169 440
m218 26 1 169 440
z 1 218 169 440
m218 53 1 169 440
z 1 218 169 440
m218 86 1 169 440
z 1 218 169 440
m218 116 1 169 440
z 1 218 169 440
m218 124 1 169 440
z 1 218 169 440
m218 150 1 169 440
z 1 218 169 440
m218 171 1 169 440
z 1 218 169 440
m218 197 1 169 440
B2 2 168 140
B3 2 140 75
B6 0 153 472
z 0 6 153 472
m6 54 0 153 472
z 0 6 153 472
m6 62 0 153 472
B7 0 10 495
B7 1 10 495
B7 2 10 495
B10 0 186 183
z 0 10 186 183
m10 186 0 186 183
B10 1 186 183
z 1 10 186 183
m10 74 1 186 183
z 1 10 186 183
m10 186 1 186 183
B14 1 221 214
B14 2 221 214
z 2 14 221 214
m14 10 2 221 214
z 2 14 221 214
m14 84 2 221 214
z 2 14 221 214
m14 101 2 221 214
z 2 14 221 214
m14 129 2 221 214
z 2 14 221 214
m14 149 2 221 214
B16 0 24 79
B16 1 24 79
B16 2 24 79
B16 3 24 79
z 3 16 24 79
m16 136 3 8.714285714285714 81.85714285714286 0.16563744387783472
B18 0 335 197
z 0 18 335 197
m18 37 0 335 197
z 0 18 335 197
m18 75 0 335 197
z 0 18 335 197
m18 89 0 335 197
z 0 18 335 197
m18 98 0 335 197
z 0 18 335 197
m18 113 0 335 197
z 0 18 335 197
m18 133 0 335 197
z 0 18 335 197
m18 157 0 335 197
z 0 18 335 197
m18 168 0 335 197
z 0 18 335 197
m18 186 0 335 197
z 0 18 335 197
m18 189 0 335 197
B18 1 335 197
z 1 18 335 197
m18 37 1 335 197
z 1 18 335 197
m18 75 1 335 197
z 1 18 335 197
m18 89 1 335 197
z 1 18 335 197
m18 98 1 335 197
z 1 18 335 197
m18 113 1 335 197
z 1 18 335 197
m18 133 1 335 197
z 1 18 335 197
m18 157 1 335 197
z 1 18 335 197
m18 168 1 335 197
z 1 18 335 197
m18 186 1 335 197
z 1 18 335 197
m18 189 1 335 197
B20 0 85 3
B20 1 85 3
B20 2 85 3
z 2 20 85 3
m20 154 2 85 3
z 2 20 85 3
m20 203 2 85 3
B20 3 85 3
z 3 20 85 3
m20 136 3 8.285714285714285 79.71428571428571 1.0
B26 1 207 495
B26 2 207 495
z 2 26 207 495
m26 6 2 207 495
z 2 26 207 495
m26 54 2 207 495
z 2 26 207 495
m26 62 2 207 495
z 2 26 207 495
m26 179 2 207 495
B31 0 318 263
z 0 31 318 263
m31 75 0 318 263
z 0 31 318 263
m31 89 0 318 263
z 0 31 318 263
m31 133 0 318 263
z 0 31 318 263
m31 135 0 318 263
z 0 31 318 263
m31 196 0 318 263
z 0 31 318 263
m31 209 0 318 263
B31 1 318 263
B33 0 7 77
B33 1 7 77
B33 2 7 77
B33 3 7 77
z 3 33 7 77
m33 136 3 8.714285714285714 81.85714285714286 0.16563744387783472
B46 0 246 164
z 0 46 246 164
m46 186 0 246 164
B46 1 246 164
z 1 46 246 164
m46 74 1 246 164
z 1 46 246 164
m46 186 1 246 164
B50 1 167 490
z 1 50 167 490
m50 6 1 167 490
B53 0 172 431
B53 1 172 431
B53 2 172 431
B53 3 172 431
B60 0 70 61
B60 1 70 61
B60 2 70 61
z 2 60 70 61
m60 154 2 70 61
z 2 60 70 61
m60 203 2 70 61
B60 3 70 61
B65 0 30 79
B65 1 30 79
B65 2 30 79
B69 0 26 59
B69 1 26 59
B69 2 26 59
B73 0 84 479
B73 1 84 479
z 1 73 84 479
m73 6 1 84 479
B73 2 84 479
z 2 73 84 479
m73 6 2 84 479
B73 3 84 479
z 3 73 84 479
m73 6 3 7.0 58.71428571428572 1.0
B74 0 245 122
z 0 74 245 122
m74 165 0 245 122
z 0 74 245 122
m74 186 0 245 122
B74 3 245 122
z 3 74 245 122
m74 101 3 9.142857142857142 87.71428571428571 0.26768512817380297
z 3 74 245 122
m74 10 3 9.142857142857142 87.71428571428571 0.26768512817380297
z 3 74 245 122
m74 84 3 9.142857142857142 87.71428571428571 0.26768512817380297
z 3 74 245 122
m74 186 3 9.142857142857142 87.71428571428571 0.26768512817380297
B80 1 72 34
B80 2 72 34
B82 0 315 382
z 0 82 315 382
m82 4 0 315 382
z 0 82 315 382
m82 9 0 315 382
z 0 82 315 382
m82 32 0 315 382
z 0 82 315 382
m82 45 0 315 382
z 0 82 315 382
m82 52 0 315 382
z 0 82 315 382
m82 152 0 315 382
z 0 82 315 382
m82 215 0 315 382
B82 3 315 382
z 3 82 315 382
m82 4 3 8.285714285714286 72.57142857142857 1.0
z 3 82 315 382
m82 9 3 8.285714285714286 72.57142857142857 1.0
z 3 82 315 382
m82 32 3 8.285714285714286 72.57142857142857 1.0
z 3 82 315 382
m82 45 3 8.285714285714286 72.57142857142857 1.0
z 3 82 315 382
m82 52 3 8.285714285714286 72.57142857142857 1.0
z 3 82 315 382
m82 152 3 8.285714285714286 72.57142857142857 1.0
z 3 82 315 382
m82 215 3 8.285714285714286 72.57142857142857 1.0
B84 0 217 180
z 0 84 217 180
m84 186 0 217 180
B84 1 217 180
B86 1 152 356
B86 2 152 356
B88 0 172 366
z 0 88 172 366
m88 215 0 172 366
B88 1 172 366
z 1 88 172 366
m88 215 1 172 366
B88 3 172 366
z 3 88 172 366
m88 215 3 7.714285714285714 72.28571428571428 1.0
B93 1 178 102
B93 2 178 102
B94 0 279 247
z 0 94 279 247
m94 75 0 279 247
z 0 94 279 247
m94 89 0 279 247
z 0 94 279 247
m94 133 0 279 247
z 0 94 279 247
m94 196 0 279 247
z 0 94 279 247
m94 209 0 279 247
B94 1 279 247
z 1 94 279 247
m94 75 1 279 247
z 1 94 279 247
m94 89 1 279 247
z 1 94 279 247
m94 133 1 279 247
z 1 94 279 247
m94 196 1 279 247
z 1 94 279 247
m94 209 1 279 247
B101 0 169 162
B101 1 169 162
z 1 101 169 162
m101 74 1 169 162
B102 0 22 64
B102 1 22 64
B102 2 22 64
B108 2 163 197
B112 1 150 223
B112 2 150 223
B115 0 211 417
z 0 115 211 417
m115 4 0 211 417
z 0 115 211 417
m115 45 0 211 417
z 0 115 211 417
m115 215 0 211 417
B115 1 211 417
B115 2 211 417
B115 3 211 417
B116 1 189 381
z 1 116 189 381
m116 215 1 189 381
B116 2 189 381
z 2 116 189 381
m116 88 2 189 381
z 2 116 189 381
m116 215 2 189 381
B117 0 317 412
z 0 117 317 412
m117 15 0 317 412
z 0 117 317 412
m117 32 0 317 412
z 0 117 317 412
m117 42 0 317 412
z 0 117 317 412
m117 45 0 317 412
z 0 117 317 412
m117 52 0 317 412
z 0 117 317 412
m117 90 0 317 412
z 0 117 317 412
m117 111 0 317 412
z 0 117 317 412
m117 125 0 317 412
z 0 117 317 412
m117 152 0 317 412
z 0 117 317 412
m117 215 0 317 412
B117 3 317 412
z 3 117 317 412
m117 15 3 8.428571428571429 75.85714285714286 1.0
z 3 117 317 412
m117 32 3 8.428571428571429 75.85714285714286 1.0
z 3 117 317 412
m117 42 3 8.428571428571429 75.85714285714286 1.0
z 3 117 317 412
m117 45 3 8.428571428571429 75.85714285714286 1.0
z 3 117 317 412
m117 52 3 8.428571428571429 75.85714285714286 1.0
z 3 117 317 412
m117 90 3 8.428571428571429 75.85714285714286 1.0
z 3 117 317 412
m117 111 3 8.428571428571429 75.85714285714286 1.0
z 3 117 317 412
m117 125 3 8.428571428571429 75.85714285714286 1.0
z 3 117 317 412
m117 152 3 8.428571428571429 75.85714285714286 1.0
z 3 117 317 412
m117 215 3 8.428571428571429 75.85714285714286 1.0
B118 0 85 39
B118 1 85 39
z 1 118 85 39
m118 154 1 85 39
z 1 118 85 39
m118 203 1 85 39
B118 2 85 39
z 2 118 85 39
m118 154 2 85 39
z 2 118 85 39
m118 203 2 85 39
B118 3 85 39
B119 2 167 344
z 2 119 167 344
m119 88 2 167 344
B121 1 172 207
B121 2 172 207
z 2 121 172 207
m121 10 2 172 207
z 2 121 172 207
m121 74 2 172 207
z 2 121 172 207
m121 84 2 172 207
z 2 121 172 207
m121 101 2 172 207
B124 1 246 393
z 1 124 246 393
m124 4 1 246 393
z 1 124 246 393
m124 45 1 246 393
z 1 124 246 393
m124 82 1 246 393
z 1 124 246 393
m124 117 1 246 393
z 1 124 246 393
m124 215 1 246 393
B124 2 246 393
z 2 124 246 393
m124 4 2 246 393
z 2 124 246 393
m124 45 2 246 393
z 2 124 246 393
m124 82 2 246 393
z 2 124 246 393
m124 88 2 246 393
z 2 124 246 393
m124 117 2 246 393
z 2 124 246 393
m124 194 2 246 393
z 2 124 246 393
m124 215 2 246 393
B136 0 63 67
B136 1 63 67
z 1 136 63 67
m136 154 1 63 67
z 1 136 63 67
m136 203 1 63 67
B136 2 63 67
z 2 136 63 67
m136 154 2 63 67
z 2 136 63 67
m136 203 2 63 67
B140 3 282 219
z 3 140 282 219
m140 10 3 10.142857142857142 108.71428571428571 0.34961683253202347
z 3 140 282 219
m140 84 3 10.142857142857142 108.71428571428571 0.34961683253202347
z 3 140 282 219
m140 46 3 10.142857142857142 108.71428571428571 0.34961683253202347
z 3 140 282 219
m140 18 3 10.142857142857142 108.71428571428571 0.34961683253202347
z 3 140 282 219
m140 204 3 10.142857142857142 108.71428571428571 0.34961683253202347
z 3 140 282 219
m140 129 3 10.142857142857142 108.71428571428571 0.34961683253202347
z 3 140 282 219
m140 141 3 10.142857142857142 108.71428571428571 0.34961683253202347
z 3 140 282 219
m140 151 3 10.142857142857142 108.71428571428571 0.34961683253202347
B141 0 252 233
z 0 141 252 233
m141 133 0 252 233
z 0 141 252 233
m141 135 0 252 233
z 0 141 252 233
m141 209 0 252 233
B141 1 252 233
B143 2 126 135
z 2 143 126 135
m143 101 2 126 135
B148 1 19 418
B148 2 19 418
B149 3 218 281
B150 1 160 353
B151 0 257 240
z 0 151 257 240
m151 75 0 257 240
z 0 151 257 240
m151 89 0 257 240
z 0 151 257 240
m151 98 0 257 240
z 0 151 257 240
m151 133 0 257 240
z 0 151 257 240
m151 196 0 257 240
z 0 151 257 240
m151 209 0 257 240
B151 1 257 240
z 1 151 257 240
m151 75 1 257 240
z 1 151 257 240
m151 89 1 257 240
z 1 151 257 240
m151 98 1 257 240
z 1 151 257 240
m151 133 1 257 240
z 1 151 257 240
m151 196 1 257 240
z 1 151 257 240
m151 209 1 257 240
B154 0 72 7
B154 3 72 7
z 3 154 72 7
m154 136 3 8.285714285714285 79.71428571428571 1.0
B158 2 136 238
z 2 158 136 238
m158 101 2 136 238
B160 0 320 299
z 0 160 320 299
m160 4 0 320 299
z 0 160 320 299
m160 9 0 320 299
z 0 160 320 299
m160 79 0 320 299
z 0 160 320 299
m160 134 0 320 299
z 0 160 320 299
m160 135 0 320 299
z 0 160 320 299
m160 183 0 320 299
z 0 160 320 299
m160 196 0 320 299
z 0 160 320 299
m160 209 0 320 299
B160 1 320 299
B160 3 320 299
z 3 160 320 299
m160 9 3 9.285714285714286 91.0 0.5372375288508904
z 3 160 320 299
m160 79 3 9.285714285714286 91.0 0.5372375288508904
z 3 160 320 299
m160 4 3 9.285714285714286 91.0 0.5372375288508904
z 3 160 320 299
m160 209 3 9.285714285714286 91.0 0.5372375288508904
z 3 160 320 299
m160 135 3 9.285714285714286 91.0 0.5372375288508904
z 3 160 320 299
m160 31 3 9.285714285714286 91.0 0.5372375288508904
z 3 160 320 299
m160 134 3 9.285714285714286 91.0 0.5372375288508904
z 3 160 320 299
m160 183 3 9.285714285714286 91.0 0.5372375288508904
B161 2 124 401
z 2 161 124 401
m161 88 2 124 401
B163 2 219 206
z 2 163 219 206
m163 10 2 219 206
z 2 163 219 206
m163 46 2 219 206
z 2 163 219 206
m163 84 2 219 206
z 2 163 219 206
m163 101 2 219 206
z 2 163 219 206
m163 129 2 219 206
z 2 163 219 206
m163 140 2 219 206
B171 0 108 478
B171 1 108 478
z 1 171 108 478
m171 6 1 108 478
z 1 171 108 478
m171 179 1 108 478
B171 2 108 478
B171 3 108 478
z 3 171 108 478
m171 6 3 7.0 58.71428571428572 1.0
B179 0 183 461
z 0 179 183 461
m179 54 0 183 461
z 0 179 183 461
m179 62 0 183 461
B179 3 183 461
B184 2 192 437
z 2 184 192 437
m184 88 2 192 437
B194 0 302 370
z 0 194 302 370
m194 4 0 302 370
z 0 194 302 370
m194 9 0 302 370
z 0 194 302 370
m194 45 0 302 370
z 0 194 302 370
m194 152 0 302 370
z 0 194 302 370
m194 183 0 302 370
z 0 194 302 370
m194 215 0 302 370
B194 1 302 370
z 1 194 302 370
m194 4 1 302 370
z 1 194 302 370
m194 9 1 302 370
z 1 194 302 370
m194 45 1 302 370
z 1 194 302 370
m194 82 1 302 370
z 1 194 302 370
m194 152 1 302 370
z 1 194 302 370
m194 183 1 302 370
z 1 194 302 370
m194 215 1 302 370
B194 3 302 370
z 3 194 302 370
m194 215 3 9.142857142857142 88.0 0.5208731185632389
z 3 194 302 370
m194 45 3 9.142857142857142 88.0 0.5208731185632389
z 3 194 302 370
m194 183 3 9.142857142857142 88.0 0.5208731185632389
z 3 194 302 370
m194 4 3 9.142857142857142 88.0 0.5208731185632389
z 3 194 302 370
m194 9 3 9.142857142857142 88.0 0.5208731185632389
B197 1 149 478
z 1 197 149 478
m197 6 1 149 478
z 1 197 149 478
m197 179 1 149 478
B197 2 149 478
z 2 197 149 478
m197 6 2 149 478
z 2 197 149 478
m197 179 2 149 478
B198 1 86 165
B198 2 86 165
B203 0 89 5
B203 3 89 5
z 3 203 89 5
m203 136 3 7.857142857142858 75.0 1.0
B204 0 307 247
z 0 204 307 247
m204 75 0 307 247
z 0 204 307 247
m204 89 0 307 247
z 0 204 307 247
m204 98 0 307 247
z 0 204 307 247
m204 133 0 307 247
z 0 204 307 247
m204 168 0 307 247
z 0 204 307 247
m204 209 0 307 247
B204 1 307 247
B210 0 273 279
z 0 210 273 279
m210 4 0 273 279
z 0 210 273 279
m210 9 0 273 279
z 0 210 273 279
m210 183 0 273 279
z 0 210 273 279
m210 209 0 273 279
B210 1 273 279
z 1 210 273 279
m210 4 1 273 279
z 1 210 273 279
m210 9 1 273 279
z 1 210 273 279
m210 183 1 273 279
z 1 210 273 279
m210 209 1 273 279
B210 3 273 279
z 3 210 273 279
m210 9 3 9.142857142857142 88.0 0.5208731185632389
z 3 210 273 279
m210 183 3 9.142857142857142 88.0 0.5208731185632389
z 3 210 273 279
m210 4 3 9.142857142857142 88.0 0.5208731185632389
z 3 210 273 279
m210 141 3 9.142857142857142 88.0 0.5208731185632389
B217 0 158 454
B217 1 158 454
z 1 217 158 454
m217 6 1 158 454
B217 2 158 454
B217 3 158 454
B4 0 257 310
B4 1 257 310
B4 2 257 310
B4 3 257 310
B6 1 132 461
z 1 6 132 461
m6 54 1 132 461
z 1 6 132 461
m6 62 1 132 461
B6 2 132 461
B6 3 132 461
z 3 6 132 461
m6 54 3 6.375 51.87500000000001 1.0
z 3 6 132 461
m6 62 3 6.375 51.87500000000001 1.0
B9 0 243 368
B9 1 243 368
B9 3 243 368
B10 2 163 190
B10 3 163 190
B15 0 299 438
z 0 15 299 438
m15 55 0 299 438
z 0 15 299 438
m15 159 0 299 438
z 0 15 299 438
m15 176 0 299 438
B15 3 299 438
B18 3 359 195
z 3 18 359 195
m18 189 3 10.75 123.25 0.347849305572812
z 3 18 359 195
m18 133 3 10.75 123.25 0.347849305572812
z 3 18 359 195
m18 195 3 10.75 123.25 0.347849305572812
z 3 18 359 195
m18 37 3 10.75 123.25 0.347849305572812
z 3 18 359 195
m18 142 3 10.75 123.25 0.347849305572812
z 3 18 359 195
m18 168 3 10.75 123.25 0.347849305572812
z 3 18 359 195
m18 126 3 10.75 123.25 0.347849305572812
z 3 18 359 195
m18 113 3 10.75 123.25 0.347849305572812
z 3 18 359 195
m18 75 3 10.75 123.25 0.347849305572812
z 3 18 359 195
m18 157 3 10.75 123.25 0.347849305572812
B31 3 341 268
z 3 31 341 268
m31 75 3 8.875 84.125 0.1254815354945154
z 3 31 341 268
m31 94 3 8.875 84.125 0.1254815354945154
z 3 31 341 268
m31 133 3 8.875 84.125 0.1254815354945154
B32 0 340 456
z 0 32 340 456
m32 55 0 340 456
z 0 32 340 456
m32 127 0 340 456
z 0 32 340 456
m32 159 0 340 456
z 0 32 340 456
m32 164 0 340 456
z 0 32 340 456
m32 176 0 340 456
B32 3 340 456
z 3 32 340 456
m32 164 3 8.0 68.0 0.2277777777777774
z 3 32 340 456
m32 55 3 8.0 68.0 0.2277777777777774
B37 0 285 163
z 0 37 285 163
m37 83 0 285 163
z 0 37 285 163
m37 142 0 285 163
z 0 37 285 163
m37 195 0 285 163
B37 1 285 163
B42 0 360 420
z 0 42 360 420
m42 55 0 360 420
z 0 42 360 420
m42 127 0 360 420
z 0 42 360 420
m42 159 0 360 420
z 0 42 360 420
m42 164 0 360 420
z 0 42 360 420
m42 176 0 360 420
B42 3 360 420
z 3 42 360 420
m42 55 3 8.125 70.875 0.0692307692307692
z 3 42 360 420
m42 159 3 8.125 70.875 0.0692307692307692
B45 0 263 446
B45 1 263 446
B45 2 263 446
z 2 45 263 446
m45 9 2 263 446
z 2 45 263 446
m45 15 2 263 446
z 2 45 263 446
m45 111 2 263 446
z 2 45 263 446
m45 152 2 263 446
B45 3 263 446
B46 2 240 140
z 2 46 240 140
m46 142 2 240 140
z 2 46 240 140
m46 165 2 240 140
z 2 46 240 140
m46 186 2 240 140
z 2 46 240 140
m46 189 2 240 140
B46 3 240 140
z 3 46 240 140
m46 142 3 9.375 97.125 0.0
B52 0 401 386
z 0 52 401 386
m52 192 0 401 386
B52 3 401 386
z 3 52 401 386
m52 192 3 8.285714285714286 72.57142857142857 -1.0
B54 0 198 484
B54 2 198 484
B62 0 196 451
B62 2 196 451
B74 1 259 102
z 1 74 259 102
m74 8 1 259 102
z 1 74 259 102
m74 165 1 259 102
B74 2 259 102
B75 0 304 176
z 0 75 304 176
m75 142 0 304 176
z 0 75 304 176
m75 195 0 304 176
B75 1 304 176
z 1 75 304 176
m75 142 1 304 176
z 1 75 304 176
m75 195 1 304 176
B79 0 337 394
B79 3 337 394
B82 1 338 377
z 1 82 338 377
m82 15 1 338 377
z 1 82 338 377
m82 32 1 338 377
z 1 82 338 377
m82 52 1 338 377
z 1 82 338 377
m82 79 1 338 377
z 1 82 338 377
m82 90 1 338 377
z 1 82 338 377
m82 111 1 338 377
B82 2 338 377
B84 2 194 172
B84 3 194 172
B88 2 155 383
B89 0 295 267
B89 1 295 267
z 1 89 295 267
m89 134 1 295 267
z 1 89 295 267
m89 135 1 295 267
B90 0 352 391
z 0 90 352 391
m90 34 0 352 391
z 0 90 352 391
m90 127 0 352 391
z 0 90 352 391
m90 159 0 352 391
z 0 90 352 391
m90 164 0 352 391
z 0 90 352 391
m90 176 0 352 391
B90 3 352 391
z 3 90 352 391
m90 159 3 8.125 70.875 0.0692307692307692
z 3 90 352 391
m90 176 3 8.125 70.875 0.0692307692307692
B98 0 367 176
z 0 98 367 176
m98 12 0 367 176
z 0 98 367 176
m98 104 0 367 176
z 0 98 367 176
m98 105 0 367 176
z 0 98 367 176
m98 126 0 367 176
z 0 98 367 176
m98 195 0 367 176
B98 1 367 176
B101 2 145 160
B101 3 145 160
B111 0 293 420
z 0 111 293 420
m111 55 0 293 420
B111 3 293 420
B113 0 419 188
z 0 113 419 188
m113 12 0 419 188
z 0 113 419 188
m113 63 0 419 188
z 0 113 419 188
m113 67 0 419 188
z 0 113 419 188
m113 72 0 419 188
z 0 113 419 188
m113 78 0 419 188
z 0 113 419 188
m113 104 0 419 188
z 0 113 419 188
m113 105 0 419 188
z 0 113 419 188
m113 126 0 419 188
z 0 113 419 188
m113 174 0 419 188
z 0 113 419 188
m113 182 0 419 188
z 0 113 419 188
m113 195 0 419 188
B113 1 419 188
z 1 113 419 188
m113 12 1 419 188
z 1 113 419 188
m113 63 1 419 188
z 1 113 419 188
m113 67 1 419 188
z 1 113 419 188
m113 72 1 419 188
z 1 113 419 188
m113 78 1 419 188
z 1 113 419 188
m113 104 1 419 188
z 1 113 419 188
m113 105 1 419 188
z 1 113 419 188
m113 126 1 419 188
z 1 113 419 188
m113 174 1 419 188
z 1 113 419 188
m113 182 1 419 188
z 1 113 419 188
m113 195 1 419 188
B117 1 341 412
z 1 117 341 412
m117 15 1 341 412
z 1 117 341 412
m117 32 1 341 412
z 1 117 341 412
m117 42 1 341 412
z 1 117 341 412
m117 52 1 341 412
z 1 117 341 412
m117 55 1 341 412
z 1 117 341 412
m117 79 1 341 412
z 1 117 341 412
m117 90 1 341 412
z 1 117 341 412
m117 111 1 341 412
z 1 117 341 412
m117 125 1 341 412
z 1 117 341 412
m117 127 1 341 412
z 1 117 341 412
m117 164 1 341 412
z 1 117 341 412
m117 176 1 341 412
B117 2 341 412
B125 0 308 450
z 0 125 308 450
m125 55 0 308 450
z 0 125 308 450
m125 159 0 308 450
z 0 125 308 450
m125 176 0 308 450
B125 3 308 450
B129 2 274 253
B129 3 274 253
B133 0 279 250
B133 1 279 250
z 1 133 279 250
m133 135 1 279 250
B134 0 298 319
z 0 134 298 319
m134 59 0 298 319
B134 3 298 319
B135 0 261 282
z 0 135 261 282
m135 59 0 261 282
B135 3 261 282
z 3 135 261 282
m135 196 3 8.75 82.75 0.0
z 3 135 261 282
m135 59 3 8.75 82.75 0.0
B136 3 40 74
B140 2 304 210
z 2 140 304 210
m140 18 2 304 210
z 2 140 304 210
m140 37 2 304 210
z 2 140 304 210
m140 75 2 304 210
z 2 140 304 210
m140 89 2 304 210
z 2 140 304 210
m140 94 2 304 210
z 2 140 304 210
m140 133 2 304 210
z 2 140 304 210
m140 141 2 304 210
z 2 140 304 210
m140 142 2 304 210
z 2 140 304 210
m140 151 2 304 210
z 2 140 304 210
m140 157 2 304 210
z 2 140 304 210
m140 186 2 304 210
z 2 140 304 210
m140 189 2 304 210
z 2 140 304 210
m140 204 2 304 210
B141 3 247 209
z 3 141 247 209
m141 89 3 9.375 97.125 0.0
B149 2 235 298
B151 3 237 254
B152 0 281 349
B152 1 281 349
z 1 152 281 349
m152 79 1 281 349
z 1 152 281 349
m152 134 1 281 349
B152 3 281 349
B154 1 51 19
B154 2 51 19
B157 0 317 195
z 0 157 317 195
m157 83 0 317 195
z 0 157 317 195
m157 142 0 317 195
z 0 157 317 195
m157 195 0 317 195
B157 1 317 195
B165 0 217 114
z 0 165 217 114
m165 8 0 217 114
B168 0 351 133
z 0 168 351 133
m168 12 0 351 133
z 0 168 351 133
m168 83 0 351 133
z 0 168 351 133
m168 104 0 351 133
z 0 168 351 133
m168 123 0 351 133
z 0 168 351 133
m168 142 0 351 133
z 0 168 351 133
m168 182 0 351 133
z 0 168 351 133
m168 195 0 351 133
B168 1 351 133
B179 1 160 454
z 1 179 160 454
m179 54 1 160 454
z 1 179 160 454
m179 62 1 160 454
B179 2 160 454
B183 0 333 295
z 0 183 333 295
m183 59 0 333 295
B183 1 333 295
z 1 183 333 295
m183 59 1 333 295
z 1 183 333 295
m183 79 1 333 295
z 1 183 333 295
m183 134 1 333 295
z 1 183 333 295
m183 135 1 333 295
B183 3 333 295
B186 0 281 188
z 0 186 281 188
m186 142 0 281 188
B186 1 281 188
z 1 186 281 188
m186 142 1 281 188
B186 3 281 188
z 3 186 281 188
m186 133 3 9.0 84.75 0.3059722131732075
z 3 186 281 188
m186 189 3 9.0 84.75 0.3059722131732075
z 3 186 281 188
m186 157 3 9.0 84.75 0.3059722131732075
z 3 186 281 188
m186 75 3 9.0 84.75 0.3059722131732075
B189 0 265 148
z 0 189 265 148
m189 19 0 265 148
z 0 189 265 148
m189 83 0 265 148
z 0 189 265 148
m189 142 0 265 148
z 0 189 265 148
m189 169 0 265 148
z 0 189 265 148
m189 195 0 265 148
B189 1 265 148
z 1 189 265 148
m189 19 1 265 148
z 1 189 265 148
m189 83 1 265 148
z 1 189 265 148
m189 142 1 265 148
z 1 189 265 148
m189 169 1 265 148
z 1 189 265 148
m189 195 1 265 148
B194 2 326 366
B196 0 348 312
z 0 196 348 312
m196 59 0 348 312
B196 1 348 312
z 1 196 348 312
m196 59 1 348 312
z 1 196 348 312
m196 134 1 348 312
z 1 196 348 312
m196 135 1 348 312
B203 1 86 4
B203 2 86 4
B204 3 322 265
z 3 204 322 265
m204 98 3 9.75 101.25 0.024009361074662908
z 3 204 322 265
m204 75 3 9.75 101.25 0.024009361074662908
z 3 204 322 265
m204 196 3 9.75 101.25 0.024009361074662908
z 3 204 322 265
m204 59 3 9.75 101.25 0.024009361074662908
B209 0 242 269
B209 1 242 269
z 1 209 242 269
m209 135 1 242 269
B209 3 242 269
z 3 209 242 269
m209 196 3 8.625 81.625 0.0
B215 0 208 355
B215 1 208 355
B215 2 208 355
B215 3 208 355
B8 0 307 86
z 0 8 307 86
m8 5 0 307 86
z 0 8 307 86
m8 24 0 307 86
z 0 8 307 86
m8 70 0 307 86
z 0 8 307 86
m8 107 0 307 86
z 0 8 307 86
m8 132 0 307 86
z 0 8 307 86
m8 200 0 307 86
B8 1 307 86
z 1 8 307 86
m8 5 1 307 86
z 1 8 307 86
m8 24 1 307 86
z 1 8 307 86
m8 70 1 307 86
z 1 8 307 86
m8 107 1 307 86
z 1 8 307 86
m8 132 1 307 86
z 1 8 307 86
m8 200 1 307 86
B9 2 219 370
B12 0 404 103
z 0 12 404 103
m12 38 0 404 103
z 0 12 404 103
m12 40 0 404 103
z 0 12 404 103
m12 96 0 404 103
z 0 12 404 103
m12 107 0 404 103
z 0 12 404 103
m12 110 0 404 103
z 0 12 404 103
m12 214 0 404 103
B12 1 404 103
z 1 12 404 103
m12 38 1 404 103
z 1 12 404 103
m12 40 1 404 103
z 1 12 404 103
m12 96 1 404 103
z 1 12 404 103
m12 107 1 404 103
z 1 12 404 103
m12 110 1 404 103
z 1 12 404 103
m12 123 1 404 103
z 1 12 404 103
m12 214 1 404 103
B15 1 276 431
B15 2 276 431
z 2 15 276 431
m15 32 2 276 431
z 2 15 276 431
m15 55 2 276 431
z 2 15 276 431
m15 79 2 276 431
z 2 15 276 431
m15 90 2 276 431
z 2 15 276 431
m15 125 2 276 431
B18 2 383 193
B19 0 380 90
z 0 19 380 90
m19 24 0 380 90
z 0 19 380 90
m19 38 0 380 90
z 0 19 380 90
m19 40 0 380 90
z 0 19 380 90
m19 70 0 380 90
z 0 19 380 90
m19 107 0 380 90
z 0 19 380 90
m19 110 0 380 90
z 0 19 380 90
m19 201 0 380 90
B19 1 380 90
B32 1 343 480
z 1 32 343 480
m32 159 1 343 480
B34 0 439 438
z 0 34 439 438
m34 43 0 439 438
z 0 34 439 438
m34 71 0 439 438
z 0 34 439 438
m34 97 0 439 438
z 0 34 439 438
m34 122 0 439 438
z 0 34 439 438
m34 130 0 439 438
z 0 34 439 438
m34 139 0 439 438
z 0 34 439 438
m34 147 0 439 438
z 0 34 439 438
m34 208 0 439 438
B37 2 261 167
B37 3 261 167
B42 1 381 410
z 1 42 381 410
m42 34 1 381 410
z 1 42 381 410
m42 159 1 381 410
B52 1 425 384
B54 1 174 479
B54 3 174 479
B55 0 269 471
B55 1 269 471
z 1 55 269 471
m55 159 1 269 471
B55 3 269 471
B59 0 311 328
B59 1 311 328
B59 3 311 328
B62 1 178 435
B62 3 178 435
B63 0 451 134
z 0 63 451 134
m63 48 0 451 134
z 0 63 451 134
m63 76 0 451 134
z 0 63 451 134
m63 91 0 451 134
z 0 63 451 134
m63 96 0 451 134
z 0 63 451 134
m63 100 0 451 134
B63 1 451 134
z 1 63 451 134
m63 48 1 451 134
z 1 63 451 134
m63 76 1 451 134
z 1 63 451 134
m63 91 1 451 134
z 1 63 451 134
m63 96 1 451 134
z 1 63 451 134
m63 100 1 451 134
z 1 63 451 134
m63 123 1 451 134
B67 0 403 202
z 0 67 403 202
m67 48 0 403 202
z 0 67 403 202
m67 96 0 403 202
z 0 67 403 202
m67 100 0 403 202
B67 1 403 202
z 1 67 403 202
m67 48 1 403 202
z 1 67 403 202
m67 96 1 403 202
z 1 67 403 202
m67 100 1 403 202
B72 0 473 167
z 0 72 473 167
m72 0 0 473 167
z 0 72 473 167
m72 48 0 473 167
z 0 72 473 167
m72 76 0 473 167
z 0 72 473 167
m72 91 0 473 167
z 0 72 473 167
m72 100 0 473 167
z 0 72 473 167
m72 103 0 473 167
B72 1 473 167
z 1 72 473 167
m72 0 1 473 167
z 1 72 473 167
m72 48 1 473 167
z 1 72 473 167
m72 76 1 473 167
z 1 72 473 167
m72 91 1 473 167
z 1 72 473 167
m72 100 1 473 167
z 1 72 473 167
m72 103 1 473 167
B75 2 291 156
z 2 75 291 156
m75 98 2 291 156
z 2 75 291 156
m75 168 2 291 156
z 2 75 291 156
m75 195 2 291 156
B75 3 291 156
B78 0 409 76
z 0 78 409 76
m78 38 0 409 76
z 0 78 409 76
m78 40 0 409 76
z 0 78 409 76
m78 96 0 409 76
z 0 78 409 76
m78 110 0 409 76
z 0 78 409 76
m78 211 0 409 76
z 0 78 409 76
m78 214 0 409 76
B78 1 409 76
z 1 78 409 76
m78 38 1 409 76
z 1 78 409 76
m78 40 1 409 76
z 1 78 409 76
m78 96 1 409 76
z 1 78 409 76
m78 110 1 409 76
z 1 78 409 76
m78 123 1 409 76
z 1 78 409 76
m78 211 1 409 76
z 1 78 409 76
m78 214 1 409 76
B79 1 333 417
B83 0 381 92
z 0 83 381 92
m83 38 0 381 92
z 0 83 381 92
m83 40 0 381 92
z 0 83 381 92
m83 70 0 381 92
z 0 83 381 92
m83 107 0 381 92
z 0 83 381 92
m83 110 0 381 92
B83 1 381 92
z 1 83 381 92
m83 38 1 381 92
z 1 83 381 92
m83 40 1 381 92
z 1 83 381 92
m83 70 1 381 92
z 1 83 381 92
m83 107 1 381 92
z 1 83 381 92
m83 110 1 381 92
B89 2 272 272
z 2 89 272 272
m89 134 2 272 272
z 2 89 272 272
m89 135 2 272 272
z 2 89 272 272
m89 160 2 272 272
z 2 89 272 272
m89 183 2 272 272
z 2 89 272 272
m89 209 2 272 272
z 2 89 272 272
m89 210 2 272 272
B89 3 272 272
B90 1 349 367
B94 2 269 294
z 2 94 269 294
m94 59 2 269 294
z 2 94 269 294
m94 134 2 269 294
z 2 94 269 294
m94 135 2 269 294
z 2 94 269 294
m94 160 2 269 294
z 2 94 269 294
m94 183 2 269 294
z 2 94 269 294
m94 209 2 269 294
z 2 94 269 294
m94 210 2 269 294
B94 3 269 294
B98 3 379 155
z 3 98 379 155
m98 12 3 9.333333333333332 94.0 0.02094259159313151
z 3 98 379 155
m98 67 3 9.333333333333332 94.0 0.02094259159313151
z 3 98 379 155
m98 104 3 9.333333333333332 94.0 0.02094259159313151
B104 0 405 193
z 0 104 405 193
m104 38 0 405 193
z 0 104 405 193
m104 48 0 405 193
z 0 104 405 193
m104 96 0 405 193
z 0 104 405 193
m104 100 0 405 193
B104 1 405 193
z 1 104 405 193
m104 38 1 405 193
z 1 104 405 193
m104 48 1 405 193
z 1 104 405 193
m104 96 1 405 193
z 1 104 405 193
m104 100 1 405 193
z 1 104 405 193
m104 123 1 405 193
B105 0 366 178
B105 1 366 178
B111 1 291 396
B111 2 291 396
B113 3 440 199
z 3 113 440 199
m113 12 3 10.777777777777779 123.0 0.22374936587766955
z 3 113 440 199
m113 182 3 10.777777777777779 123.0 0.22374936587766955
z 3 113 440 199
m113 105 3 10.777777777777779 123.0 0.22374936587766955
z 3 113 440 199
m113 63 3 10.777777777777779 123.0 0.22374936587766955
z 3 113 440 199
m113 72 3 10.777777777777779 123.0 0.22374936587766955
z 3 113 440 199
m113 67 3 10.777777777777779 123.0 0.22374936587766955
B123 0 430 113
z 0 123 430 113
m123 38 0 430 113
z 0 123 430 113
m123 40 0 430 113
z 0 123 430 113
m123 96 0 430 113
z 0 123 430 113
m123 107 0 430 113
z 0 123 430 113
m123 110 0 430 113
z 0 123 430 113
m123 211 0 430 113
z 0 123 430 113
m123 214 0 430 113
B125 1 284 451
z 1 125 284 451
m125 159 1 284 451
B126 0 432 187
z 0 126 432 187
m126 95 0 432 187
z 0 126 432 187
m126 100 0 432 187
z 0 126 432 187
m126 153 0 432 187
B126 1 432 187
B126 3 432 187
z 3 126 432 187
m126 153 3 11.11111111111111 131.33333333333334 0.31036440183418
z 3 126 432 187
m126 182 3 11.11111111111111 131.33333333333334 0.31036440183418
z 3 126 432 187
m126 105 3 11.11111111111111 131.33333333333334 0.31036440183418
z 3 126 432 187
m126 95 3 11.11111111111111 131.33333333333334 0.31036440183418
z 3 126 432 187
m126 72 3 11.11111111111111 131.33333333333334 0.31036440183418
z 3 126 432 187
m126 67 3 11.11111111111111 131.33333333333334 0.31036440183418
z 3 126 432 187
m126 104 3 11.11111111111111 131.33333333333334 0.31036440183418
B127 0 394 466
z 0 127 394 466
m127 43 0 394 466
z 0 127 394 466
m127 130 0 394 466
z 0 127 394 466
m127 137 0 394 466
B127 1 394 466
z 1 127 394 466
m127 34 1 394 466
z 1 127 394 466
m127 43 1 394 466
z 1 127 394 466
m127 130 1 394 466
z 1 127 394 466
m127 137 1 394 466
z 1 127 394 466
m127 159 1 394 466
B133 2 269 272
B133 3 269 272
B134 1 278 306
B135 1 241 268
B141 2 241 186
z 2 141 241 186
m141 135 2 241 186
z 2 141 241 186
m141 210 2 241 186
B142 0 299 193
B142 1 299 193
B142 2 299 193
B142 3 299 193
B151 2 218 268
B152 2 273 326
z 2 152 273 326
m152 59 2 273 326
z 2 152 273 326
m152 79 2 273 326
z 2 152 273 326
m152 134 2 273 326
B157 2 304 215
z 2 157 304 215
m157 105 2 304 215
z 2 157 304 215
m157 210 2 304 215
B157 3 304 215
z 3 157 304 215
m157 105 3 9.666666666666666 109.66666666666667 1.0
B159 0 357 492
B159 3 357 492
B164 0 346 416
B164 1 346 416
z 1 164 346 416
m164 34 1 346 416
B164 3 346 416
z 3 164 346 416
m164 34 3 7.777777777777778 64.44444444444444 0.23428571428571388
B165 1 195 125
B165 2 195 125
B168 3 356 110
z 3 168 356 110
m168 104 3 11.11111111111111 131.33333333333334 0.31036440183418
z 3 168 356 110
m168 174 3 11.11111111111111 131.33333333333334 0.31036440183418
z 3 168 356 110
m168 123 3 11.11111111111111 131.33333333333334 0.31036440183418
z 3 168 356 110
m168 105 3 11.11111111111111 131.33333333333334 0.31036440183418
z 3 168 356 110
m168 78 3 11.11111111111111 131.33333333333334 0.31036440183418
z 3 168 356 110
m168 40 3 11.11111111111111 131.33333333333334 0.31036440183418
z 3 168 356 110
m168 182 3 11.11111111111111 131.33333333333334 0.31036440183418
z 3 168 356 110
m168 12 3 11.11111111111111 131.33333333333334 0.31036440183418
z 3 168 356 110
m168 96 3 11.11111111111111 131.33333333333334 0.31036440183418
z 3 168 356 110
m168 110 3 11.11111111111111 131.33333333333334 0.31036440183418
z 3 168 356 110
m168 107 3 11.11111111111111 131.33333333333334 0.31036440183418
z 3 168 356 110
m168 19 3 11.11111111111111 131.33333333333334 0.31036440183418
B169 0 276 44
z 0 169 276 44
m169 5 0 276 44
z 0 169 276 44
m169 22 0 276 44
z 0 169 276 44
m169 24 0 276 44
z 0 169 276 44
m169 70 0 276 44
z 0 169 276 44
m169 85 0 276 44
z 0 169 276 44
m169 107 0 276 44
z 0 169 276 44
m169 132 0 276 44
z 0 169 276 44
m169 146 0 276 44
z 0 169 276 44
m169 200 0 276 44
z 0 169 276 44
m169 201 0 276 44
B169 1 276 44
z 1 169 276 44
m169 5 1 276 44
z 1 169 276 44
m169 22 1 276 44
z 1 169 276 44
m169 24 1 276 44
z 1 169 276 44
m169 70 1 276 44
z 1 169 276 44
m169 85 1 276 44
z 1 169 276 44
m169 107 1 276 44
z 1 169 276 44
m169 132 1 276 44
z 1 169 276 44
m169 146 1 276 44
z 1 169 276 44
m169 200 1 276 44
z 1 169 276 44
m169 201 1 276 44
B174 0 408 190
z 0 174 408 190
m174 48 0 408 190
z 0 174 408 190
m174 100 0 408 190
B174 1 408 190
z 1 174 408 190
m174 48 1 408 190
z 1 174 408 190
m174 100 1 408 190
z 1 174 408 190
m174 123 1 408 190
B176 0 309 483
B176 1 309 483
z 1 176 309 483
m176 159 1 309 483
B176 3 309 483
B182 0 371 156
z 0 182 371 156
m182 96 0 371 156
B182 1 371 156
B186 2 291 210
z 2 186 291 210
m186 210 2 291 210
B189 2 242 142
z 2 189 242 142
m189 8 2 242 142
z 2 189 242 142
m189 195 2 242 142
B189 3 242 142
B195 0 300 109
z 0 195 300 109
m195 40 0 300 109
z 0 195 300 109
m195 70 0 300 109
z 0 195 300 109
m195 107 0 300 109
B195 1 300 109
z 1 195 300 109
m195 40 1 300 109
z 1 195 300 109
m195 70 1 300 109
z 1 195 300 109
m195 107 1 300 109
B195 3 300 109
z 3 195 300 109
m195 40 3 10.555555555555555 118.55555555555556 0.1288873216438209
z 3 195 300 109
m195 182 3 10.555555555555555 118.55555555555556 0.1288873216438209
z 3 195 300 109
m195 83 3 10.555555555555555 118.55555555555556 0.1288873216438209
z 3 195 300 109
m195 19 3 10.555555555555555 118.55555555555556 0.1288873216438209
B196 3 364 329
z 3 196 364 329
m196 192 3 8.75 82.75 -1.0
B204 2 338 284
z 2 204 338 284
m204 31 2 338 284
z 2 204 338 284
m204 59 2 338 284
z 2 204 338 284
m204 134 2 338 284
z 2 204 338 284
m204 135 2 338 284
z 2 204 338 284
m204 160 2 338 284
z 2 204 338 284
m204 183 2 338 284
z 2 204 338 284
m204 196 2 338 284
B0 0 460 295
z 0 0 460 295
m0 56 0 460 295
z 0 0 460 295
m0 57 0 460 295
z 0 0 460 295
m0 166 0 460 295
z 0 0 460 295
m0 216 0 460 295
B0 1 460 295
z 1 0 460 295
m0 56 1 460 295
z 1 0 460 295
m0 57 1 460 295
z 1 0 460 295
m0 95 1 460 295
z 1 0 460 295
m0 166 1 460 295
z 1 0 460 295
m0 216 1 460 295
B5 0 257 29
z 0 5 257 29
m5 27 0 257 29
B5 1 257 29
z 1 5 257 29
m5 27 1 257 29
B8 2 329 97
z 2 8 329 97
m8 19 2 329 97
z 2 8 329 97
m8 38 2 329 97
z 2 8 329 97
m8 70 2 329 97
z 2 8 329 97
m8 83 2 329 97
z 2 8 329 97
m8 107 2 329 97
z 2 8 329 97
m8 132 2 329 97
z 2 8 329 97
m8 201 2 329 97
B12 3 414 81
B19 3 403 85
z 3 19 403 85
m19 22 3 10.5 120.7 0.0
z 3 19 403 85
m19 201 3 10.5 120.7 0.0
B22 0 321 70
z 0 22 321 70
m22 144 0 321 70
B22 1 321 70
z 1 22 321 70
m22 144 1 321 70
B24 0 282 30
z 0 24 282 30
m24 144 0 282 30
B24 1 282 30
z 1 24 282 30
m24 144 1 282 30
B31 2 388 279
B32 2 342 493
B34 1 460 450
z 1 34 460 450
m34 23 1 460 450
z 1 34 460 450
m34 29 1 460 450
z 1 34 460 450
m34 44 1 460 450
z 1 34 460 450
m34 71 1 460 450
z 1 34 460 450
m34 97 1 460 450
z 1 34 460 450
m34 122 1 460 450
z 1 34 460 450
m34 139 1 460 450
z 1 34 460 450
m34 147 1 460 450
z 1 34 460 450
m34 167 1 460 450
z 1 34 460 450
m34 208 1 460 450
B34 3 460 450
z 3 34 460 450
m34 139 3 8.5 80.5 0.3596164112703899
z 3 34 460 450
m34 43 3 8.5 80.5 0.3596164112703899
z 3 34 460 450
m34 71 3 8.5 80.5 0.3596164112703899
z 3 34 460 450
m34 44 3 8.5 80.5 0.3596164112703899
z 3 34 460 450
m34 130 3 8.5 80.5 0.3596164112703899
z 3 34 460 450
m34 97 3 8.5 80.5 0.3596164112703899
z 3 34 460 450
m34 23 3 8.5 80.5 0.3596164112703899
z 3 34 460 450
m34 167 3 8.5 80.5 0.3596164112703899
z 3 34 460 450
m34 122 3 8.5 80.5 0.3596164112703899
z 3 34 460 450
m34 208 3 8.5 80.5 0.3596164112703899
B38 0 347 116
B38 1 347 116
B40 0 420 73
z 0 40 420 73
m40 58 0 420 73
B40 1 420 73
z 1 40 420 73
m40 58 1 420 73
B40 3 420 73
B43 0 392 415
z 0 43 392 415
m43 192 0 392 415
B43 1 392 415
z 1 43 392 415
m43 192 1 392 415
B48 0 487 211
B48 1 487 211
B55 2 246 465
B59 2 291 342
B63 3 461 113
B67 3 394 224
B70 0 257 96
B70 1 257 96
B71 0 486 387
z 0 71 486 387
m71 1 0 486 387
z 0 71 486 387
m71 23 0 486 387
z 0 71 486 387
m71 39 0 486 387
z 0 71 486 387
m71 41 0 486 387
z 0 71 486 387
m71 44 0 486 387
z 0 71 486 387
m71 216 0 486 387
B72 3 495 157
z 3 72 495 157
m72 100 3 10.299999999999999 114.3 0.049712522124892196
z 3 72 495 157
m72 91 3 10.299999999999999 114.3 0.049712522124892196
B76 0 493 110
B76 1 493 110
B78 3 404 53
B79 2 330 441
z 2 79 330 441
m79 164 2 330 441
B83 3 404 85
z 3 83 404 85
m83 201 3 10.0 109.2 0.032842398996647704
B85 0 323 39
z 0 85 323 39
m85 144 0 323 39
B85 1 323 39
B90 2 345 343
B91 0 489 222
B91 1 489 222
B95 0 414 225
B95 3 414 225
z 3 95 414 225
m95 0 3 10.5 120.7 0.0
B96 0 370 115
B96 1 370 115
B96 3 370 115
B97 0 487 399
z 0 97 487 399
m97 23 0 487 399
z 0 97 487 399
m97 29 0 487 399
z 0 97 487 399
m97 41 0 487 399
z 0 97 487 399
m97 44 0 487 399
B98 2 391 134
z 2 98 391 134
m98 12 2 391 134
z 2 98 391 134
m98 19 2 391 134
z 2 98 391 134
m98 38 2 391 134
z 2 98 391 134
m98 67 2 391 134
z 2 98 391 134
m98 83 2 391 134
z 2 98 391 134
m98 96 2 391 134
z 2 98 391 134
m98 104 2 391 134
z 2 98 391 134
m98 110 2 391 134
z 2 98 391 134
m98 123 2 391 134
z 2 98 391 134
m98 126 2 391 134
z 2 98 391 134
m98 174 2 391 134
z 2 98 391 134
m98 182 2 391 134
B100 0 405 215
B100 1 405 215
B103 0 488 194
B103 1 488 194
z 1 103 488 194
m103 95 1 488 194
B104 3 414 215
B105 2 352 158
B105 3 352 158
B107 0 312 99
B107 1 312 99
B107 3 312 99
z 3 107 312 99
m107 132 3 11.1 130.3 0.2286861961113898
z 3 107 312 99
m107 70 3 11.1 130.3 0.2286861961113898
z 3 107 312 99
m107 38 3 11.1 130.3 0.2286861961113898
B110 0 397 117
B110 1 397 117
B110 3 397 117
B122 0 419 455
z 0 122 419 455
m122 44 0 419 455
z 0 122 419 455
m122 167 0 419 455
B123 1 453 121
B123 3 453 121
B125 2 260 452
z 2 125 260 452
m125 164 2 260 452
z 2 125 260 452
m125 176 2 260 452
B130 0 404 437
B130 1 404 437
z 1 130 404 437
m130 122 1 404 437
z 1 130 404 437
m130 147 1 404 437
z 1 130 404 437
m130 208 1 404 437
B132 0 262 56
z 0 132 262 56
m132 144 0 262 56
B132 1 262 56
z 1 132 262 56
m132 144 1 262 56
B134 2 258 293
B135 2 221 255
B137 0 483 486
z 0 137 483 486
m137 29 0 483 486
z 0 137 483 486
m137 167 0 483 486
B137 1 483 486
z 1 137 483 486
m137 29 1 483 486
z 1 137 483 486
m137 167 1 483 486
B139 0 496 373
z 0 139 496 373
m139 1 0 496 373
z 0 139 496 373
m139 23 0 496 373
z 0 139 496 373
m139 29 0 496 373
z 0 139 496 373
m139 41 0 496 373
z 0 139 496 373
m139 44 0 496 373
B146 0 370 26
z 0 146 370 26
m146 144 0 370 26
B146 1 370 26
z 1 146 370 26
m146 144 1 370 26
B147 0 439 467
z 0 147 439 467
m147 23 0 439 467
z 0 147 439 467
m147 29 0 439 467
z 0 147 439 467
m147 44 0 439 467
z 0 147 439 467
m147 167 0 439 467
B153 0 383 251
B153 3 383 251
B159 1 370 473
B160 2 372 250
z 2 160 372 250
m160 153 2 372 250
B168 2 361 87
B174 3 400 213
B182 3 351 170
B183 2 362 257
z 2 183 362 257
m183 153 2 362 257
B195 2 282 94
z 2 195 282 94
m195 38 2 282 94
z 2 195 282 94
m195 70 2 282 94
z 2 195 282 94
m195 107 2 282 94
z 2 195 282 94
m195 132 2 282 94
z 2 195 282 94
m195 201 2 282 94
B196 2 381 346
z 2 196 381 346
m196 192 2 381 346
B200 0 232 11
z 0 200 232 11
m200 21 0 232 11
z 0 200 232 11
m200 27 0 232 11
B200 1 232 11
z 1 200 232 11
m200 21 1 232 11
z 1 200 232 11
m200 27 1 232 11
B201 0 323 91
z 0 201 323 91
m201 144 0 323 91
B201 1 323 91
z 1 201 323 91
m201 144 1 323 91
B208 0 449 413
z 0 208 449 413
m208 23 0 449 413
z 0 208 449 413
m208 29 0 449 413
z 0 208 449 413
m208 41 0 449 413
z 0 208 449 413
m208 44 0 449 413
B209 2 194 266
B210 2 293 209
B211 0 497 31
z 0 211 497 31
m211 25 0 497 31
z 0 211 497 31
m211 58 0 497 31
z 0 211 497 31
m211 187 0 497 31
B211 1 497 31
z 1 211 497 31
m211 25 1 497 31
z 1 211 497 31
m211 58 1 497 31
z 1 211 497 31
m211 187 1 497 31
B214 0 453 119
z 0 214 453 119
m214 58 0 453 119
B214 1 453 119
z 1 214 453 119
m214 58 1 453 119
B0 3 456 318
z 3 0 456 318
m0 166 3 9.909090909090908 111.18181818181819 0.0
B1 0 404 387
z 0 1 404 387
m1 192 0 404 387
B12 2 423 59
B19 2 427 81
z 2 19 427 81
m19 40 2 427 81
z 2 19 427 81
m19 78 2 427 81
z 2 19 427 81
m19 146 2 427 81
z 2 19 427 81
m19 214 2 427 81
B21 0 145 8
B21 1 145 8
B22 3 315 93
z 3 22 315 93
m22 169 3 10.09090909090909 113.0 0.0
z 3 22 315 93
m22 24 3 10.09090909090909 113.0 0.0
B23 0 487 437
B23 1 487 437
z 1 23 487 437
m23 41 1 487 437
B23 3 487 437
z 3 23 487 437
m23 147 3 8.090909090909092 74.63636363636364 0.0
B25 0 495 19
B25 1 495 19
B27 0 252 109
B27 1 252 109
B29 0 479 479
B29 1 479 479
z 1 29 479 479
m29 41 1 479 479
B38 2 324 123
B38 3 324 123
z 3 38 324 123
m38 8 3 10.181818181818183 118.54545454545455 1.0
B39 0 379 413
z 0 39 379 413
m39 192 0 379 413
B41 0 489 442
B43 3 370 406
z 3 43 370 406
m43 192 3 8.5 80.5 -1.0
B44 0 417 398
B44 1 417 398
z 1 44 417 398
m44 1 1 417 398
z 1 44 417 398
m44 39 1 417 398
B44 3 417 398
B56 0 444 332
z 0 56 444 332
m56 17 0 444 332
B56 1 444 332
B57 0 473 342
B57 1 473 342
B58 0 449 95
B58 1 449 95
B67 2 384 246
B70 2 237 110
B70 3 237 110
z 3 70 237 110
m70 8 3 10.454545454545455 119.9090909090909 0.0
B71 1 498 397
z 1 71 498 397
m71 1 1 498 397
z 1 71 498 397
m71 41 1 498 397
B71 3 498 397
z 3 71 498 397
m71 1 3 8.090909090909092 74.63636363636364 0.0
B83 2 426 77
z 2 83 426 77
m83 40 2 426 77
z 2 83 426 77
m83 78 2 426 77
z 2 83 426 77
m83 214 2 426 77
B91 3 487 246
B95 1 411 201
B96 2 346 119
z 2 96 346 119
m96 78 2 346 119
B97 1 466 387
z 1 97 466 387
m97 41 1 466 387
B97 3 466 387
B100 3 384 226
B104 2 423 237
z 2 104 423 237
m104 95 2 423 237
z 2 104 423 237
m104 100 2 423 237
z 2 104 423 237
m104 113 2 423 237
B107 2 292 113
B110 2 405 139
B122 1 395 455
z 1 122 395 455
m122 39 1 395 455
B122 3 395 455
B123 2 475 129
B126 2 459 148
z 2 126 459 148
m126 72 2 459 148
z 2 126 459 148
m126 76 2 459 148
z 2 126 459 148
m126 95 2 459 148
z 2 126 459 148
m126 103 2 459 148
z 2 126 459 148
m126 113 2 459 148
z 2 126 459 148
m126 214 2 459 148
B130 3 391 417
B132 2 240 65
z 2 132 240 65
m132 5 2 240 65
z 2 132 240 65
m132 22 2 240 65
z 2 132 240 65
m132 24 2 240 65
z 2 132 240 65
m132 27 2 240 65
z 2 132 240 65
m132 85 2 240 65
z 2 132 240 65
m132 144 2 240 65
z 2 132 240 65
m132 169 2 240 65
B132 3 240 65
z 3 132 240 65
m132 85 3 10.727272727272728 122.9090909090909 0.1074155641277144
z 3 132 240 65
m132 144 3 10.727272727272728 122.9090909090909 0.1074155641277144
z 3 132 240 65
m132 169 3 10.727272727272728 122.9090909090909 0.1074155641277144
z 3 132 240 65
m132 24 3 10.727272727272728 122.9090909090909 0.1074155641277144
B139 1 488 390
z 1 139 488 390
m139 41 1 488 390
B139 3 488 390
B144 0 283 14
B144 1 283 14
B147 1 417 477
B153 2 362 241
z 2 153 362 241
m153 100 2 362 241
B164 2 303 438
z 2 164 303 438
m164 159 2 303 438
B166 0 435 258
B166 1 435 258
B167 0 472 498
B167 1 472 498
B167 3 472 498
B174 2 393 236
z 2 174 393 236
m174 95 2 393 236
z 2 174 393 236
m174 100 2 393 236
z 2 174 393 236
m174 113 2 393 236
B176 2 296 481
B182 2 331 183
z 2 182 331 183
m182 100 2 331 183
B187 0 494 48
B187 1 494 48
B201 2 325 115
B201 3 325 115
B208 1 432 396
z 1 208 432 396
m208 1 1 432 396
z 1 208 432 396
m208 39 1 432 396
z 1 208 432 396
m208 41 1 432 396
B208 3 432 396
z 3 208 432 396
m208 147 3 8.181818181818182 75.45454545454545 0.0
B216 0 484 304
B216 1 484 304
B1 1 392 408
B1 3 392 408
B5 2 219 59
z 2 5 219 59
m5 200 2 219 59
B8 3 372 118
B17 0 354 274
B22 2 309 116
B24 2 239 9
z 2 24 239 9
m24 200 2 239 9
B24 3 239 9
B27 2 259 132
B39 1 372 436
B40 2 462 50
B41 1 488 466
B72 2 484 114
B76 2 445 117
z 2 76 445 117
m76 58 2 445 117
z 2 76 445 117
m76 63 2 445 117
B78 2 394 6
B85 2 351 78
B85 3 351 78
B95 2 409 177
B100 2 362 237
z 2 100 362 237
m100 17 2 362 237
B103 2 477 171
z 2 103 477 171
m103 48 2 477 171
B113 2 495 230
B144 2 259 13
B144 3 259 13
B146 2 413 46
B147 3 395 487
B159 2 398 433
B166 3 414 247
B169 2 257 24
z 2 169 257 24
m169 200 2 257 24
B169 3 257 24
B214 2 486 154
z 2 214 486 154
m214 58 2 486 154
z 2 214 486 154
m214 63 2 486 154
B17 2 339 255
B48 2 486 188
B58 2 451 143
B63 2 492 47
z 2 63 492 47
m63 25 2 492 47
z 2 63 492 47
m63 187 2 492 47
z 2 63 492 47
m63 211 2 492 47
B200 2 268 74
B25 2 429 46
B187 2 424 28
B211 2 445 108
