125 464 433 491
s 0 486 35 23 0
s 1 152 326 37 0
s 2 426 30 268 0
s 3 88 368 132 0
s 4 499 117 114 0
s 5 52 426 198 0
s 6 354 195 287 0
s 7 99 277 134 0
s 8 89 171 271 0
s 9 149 367 289 0
s 10 249 301 53 0
s 11 344 130 2 0
s 12 337 466 334 0
s 13 226 407 62 0
s 14 356 12 271 0
s 15 400 444 354 0
s 16 235 256 358 0
s 17 94 202 145 0
s 18 88 275 262 0
s 19 385 288 129 0
s 20 286 164 92 0
s 21 499 33 302 0
s 22 267 280 350 0
s 23 366 65 319 0
s 24 247 126 267 0
s 25 391 447 61 0
s 26 307 409 269 0
s 27 59 89 355 0
s 28 453 127 10 0
s 29 370 156 303 0
s 30 224 448 34 0
s 31 389 443 176 0
s 32 177 408 90 0
s 33 169 357 296 0
s 34 243 69 286 0
s 35 229 64 233 0
s 36 363 457 141 0
s 37 91 279 316 0
s 38 215 238 15 0
s 39 9 396 292 0
s 40 236 393 297 0
s 41 204 167 267 0
s 42 52 283 200 0
s 43 4 15 283 0
s 44 193 326 11 0
s 45 492 131 221 0
s 46 417 329 115 0
s 47 329 133 208 0
s 48 182 393 309 0
s 49 386 295 15 0
s 50 493 249 264 0
s 51 116 26 309 0
s 52 280 25 314 0
s 53 336 8 261 0
s 54 284 92 315 0
s 55 419 45 18 0
s 56 40 444 245 0
s 57 189 459 286 0
s 58 67 222 115 0
s 59 180 81 231 0
s 60 309 67 86 0
s 61 163 469 100 0
s 62 362 76 94 0
s 63 10 80 206 0
s 64 148 326 261 0
s 65 196 397 98 0
s 66 24 53 135 0
s 67 169 3 51 0
s 68 235 393 253 0
s 69 299 145 5 0
s 70 405 66 233 0
s 71 380 447 92 0
s 72 131 497 355 0
s 73 388 478 108 0
s 74 387 247 57 0
s 75 100 30 154 0
s 76 132 344 21 0
s 77 252 19 312 0
s 78 495 142 296 0
s 79 475 66 126 0
s 80 62 173 164 0
s 81 3 142 45 0
s 82 262 48 72 0
s 83 7 19 22 0
s 84 246 182 172 0
s 85 395 161 191 0
s 86 17 325 283 0
s 87 429 279 102 0
s 88 157 392 319 0
s 89 413 223 247 0
s 90 332 187 183 0
s 91 445 323 240 0
s 92 209 71 102 0
s 93 433 53 260 0
s 94 433 491 37 0
s 95 262 467 229 0
s 96 6 44 192 0
s 97 95 322 59 0
s 98 62 48 342 0
s 99 371 84 18 0
s 100 442 57 25 0
s 101 293 219 328 0
s 102 442 376 349 0
s 103 174 336 229 0
s 104 453 473 61 0
s 105 369 44 267 0
s 106 246 121 353 0
s 107 360 256 85 0
s 108 440 216 339 0
s 109 179 45 237 0
s 110 247 121 80 0
s 111 477 298 262 0
s 112 355 360 180 0
s 113 251 22 329 0
s 114 187 271 86 0
s 115 282 326 212 0
s 116 237 238 225 0
s 117 188 269 93 0
s 118 238 405 84 0
s 119 313 424 131 0
s 120 108 248 81 0
s 121 330 274 54 0
s 122 392 430 146 0
s 123 143 308 190 0
s 124 474 389 250 0
s 125 487 261 319 0
s 126 79 392 174 0
s 127 456 162 262 0
s 128 405 183 51 0
s 129 271 92 323 0
s 130 312 481 59 0
s 131 451 229 270 0
s 132 130 351 97 0
s 133 175 328 103 0
s 134 264 276 308 0
s 135 111 52 279 0
s 136 354 62 327 0
s 137 111 234 291 0
s 138 262 215 62 0
s 139 77 440 110 0
s 140 95 140 45 0
s 141 98 417 14 0
s 142 352 396 154 0
s 143 240 359 167 0
s 144 201 425 179 0
s 145 181 377 197 0
s 146 313 361 74 0
s 147 216 202 167 0
s 148 376 357 52 0
s 149 489 199 133 0
s 150 227 465 264 0
s 151 82 144 74 0
s 152 10 33 12 0
s 153 92 366 37 0
s 154 32 323 34 0
s 155 158 137 297 0
s 156 376 207 10 0
s 157 445 152 270 0
s 158 329 130 313 0
s 159 150 400 87 0
s 160 300 204 7 0
s 161 357 441 323 0
s 162 97 381 254 0
s 163 245 258 8 0
s 164 293 309 325 0
s 165 360 383 129 0
s 166 442 158 276 0
s 167 125 49 305 0
s 168 252 16 106 0
s 169 337 249 233 0
s 170 444 234 50 0
s 171 458 402 204 0
s 172 320 469 59 0
s 173 92 59 194 0
s 174 264 215 222 0
s 175 174 182 90 0
s 176 222 92 346 0
s 177 333 56 40 0
s 178 203 394 68 0
s 179 257 32 143 0
s 180 440 192 322 0
s 181 220 424 265 0
s 182 62 280 261 0
s 183 364 67 257 0
s 184 435 324 86 0
s 185 267 235 251 0
s 186 327 61 169 0
s 187 387 486 282 0
s 188 261 358 310 0
s 189 411 37 223 0
s 190 405 418 190 0
s 191 449 72 210 0
s 192 340 6 154 0
s 193 21 178 113 0
s 194 442 228 151 0
s 195 5 392 7 0
s 196 422 89 229 0
s 197 29 451 151 0
s 198 34 195 343 0
s 199 448 273 14 0
s 200 243 475 108 0
s 201 125 464 198 0
s 202 41 412 4 0
s 203 96 73 15 0
s 204 267 474 286 0
s 205 236 209 105 0
s 206 87 218 93 0
s 207 60 147 117 0
s 208 467 492 90 0
s 209 114 186 170 0
s 210 326 2 340 0
s 211 287 403 76 0
s 212 75 435 156 0
s 213 462 152 31 0
s 214 21 328 133 0
s 215 50 364 154 0
s 216 391 201 65 0
s 217 496 8 79 0
s 218 68 361 62 0
s 219 272 202 159 0
B201 0 101 456
z 0 201 101 456
m201 57 0 101 456
z 0 201 101 456
m201 72 0 101 456
z 0 201 101 456
m201 139 0 101 456
z 0 201 101 456
m201 141 0 101 456
z 0 201 101 456
m201 212 0 101 456
B201 1 101 456
z 1 201 101 456
m201 57 1 101 456
z 1 201 101 456
m201 72 1 101 456
z 1 201 101 456
m201 139 1 101 456
z 1 201 101 456
m201 141 1 101 456
z 1 201 101 456
m201 212 1 101 456
B201 2 101 456
z 2 201 101 456
m201 57 2 101 456
z 2 201 101 456
m201 72 2 101 456
z 2 201 101 456
m201 139 2 101 456
z 2 201 101 456
m201 141 2 101 456
z 2 201 101 456
m201 212 2 101 456
B201 3 101 456
z 3 201 101 456
m201 57 3 7.0 49.0 1.0
z 3 201 101 456
m201 72 3 7.0 49.0 1.0
z 3 201 101 456
m201 139 3 7.0 49.0 1.0
z 3 201 101 456
m201 141 3 7.0 49.0 1.0
z 3 201 101 456
m201 212 3 7.0 49.0 1.0
B57 0 202 412
z 0 57 202 412
m57 30 0 202 412
z 0 57 202 412
m57 32 0 202 412
z 0 57 202 412
m57 48 0 202 412
z 0 57 202 412
m57 61 0 202 412
z 0 57 202 412
m57 65 0 202 412
z 0 57 202 412
m57 68 0 202 412
z 0 57 202 412
m57 95 0 202 412
z 0 57 202 412
m57 118 0 202 412
z 0 57 202 412
m57 144 0 202 412
z 0 57 202 412
m57 159 0 202 412
z 0 57 202 412
m57 178 0 202 412
z 0 57 202 412
m57 181 0 202 412
z 0 57 202 412
m57 200 0 202 412
B57 1 202 412
z 1 57 202 412
m57 30 1 202 412
z 1 57 202 412
m57 32 1 202 412
z 1 57 202 412
m57 48 1 202 412
z 1 57 202 412
m57 61 1 202 412
z 1 57 202 412
m57 65 1 202 412
z 1 57 202 412
m57 68 1 202 412
z 1 57 202 412
m57 95 1 202 412
z 1 57 202 412
m57 118 1 202 412
z 1 57 202 412
m57 144 1 202 412
z 1 57 202 412
m57 159 1 202 412
z 1 57 202 412
m57 178 1 202 412
z 1 57 202 412
m57 181 1 202 412
z 1 57 202 412
m57 200 1 202 412
B57 2 202 412
B57 3 202 412
z 3 57 202 412
m57 30 3 10.333333333333334 129.0 1.0
z 3 57 202 412
m57 32 3 10.333333333333334 129.0 1.0
z 3 57 202 412
m57 48 3 10.333333333333334 129.0 1.0
z 3 57 202 412
m57 61 3 10.333333333333334 129.0 1.0
z 3 57 202 412
m57 65 3 10.333333333333334 129.0 1.0
z 3 57 202 412
m57 68 3 10.333333333333334 129.0 1.0
z 3 57 202 412
m57 95 3 10.333333333333334 129.0 1.0
z 3 57 202 412
m57 118 3 10.333333333333334 129.0 1.0
z 3 57 202 412
m57 144 3 10.333333333333334 129.0 1.0
z 3 57 202 412
m57 159 3 10.333333333333334 129.0 1.0
z 3 57 202 412
m57 178 3 10.333333333333334 129.0 1.0
z 3 57 202 412
m57 181 3 10.333333333333334 129.0 1.0
z 3 57 202 412
m57 200 3 10.333333333333334 129.0 1.0
B72 0 180 493
z 0 72 180 493
m72 32 0 180 493
z 0 72 180 493
m72 61 0 180 493
z 0 72 180 493
m72 144 0 180 493
B72 1 180 493
z 1 72 180 493
m72 32 1 180 493
z 1 72 180 493
m72 61 1 180 493
z 1 72 180 493
m72 144 1 180 493
B72 2 180 493
z 2 72 180 493
m72 32 2 180 493
z 2 72 180 493
m72 61 2 180 493
z 2 72 180 493
m72 144 2 180 493
B72 3 180 493
z 3 72 180 493
m72 32 3 6.0 38.0 1.0
z 3 72 180 493
m72 61 3 6.0 38.0 1.0
z 3 72 180 493
m72 144 3 6.0 38.0 1.0
B139 0 61 486
z 0 139 61 486
m139 5 0 61 486
z 0 139 61 486
m139 56 0 61 486
z 0 139 61 486
m139 197 0 61 486
z 0 139 61 486
m139 202 0 61 486
B139 1 61 486
z 1 139 61 486
m139 5 1 61 486
z 1 139 61 486
m139 56 1 61 486
z 1 139 61 486
m139 197 1 61 486
z 1 139 61 486
m139 202 1 61 486
B139 2 61 486
B139 3 61 486
z 3 139 61 486
m139 5 3 6.333333333333334 41.0 1.0
z 3 139 61 486
m139 56 3 6.333333333333334 41.0 1.0
z 3 139 61 486
m139 197 3 6.333333333333334 41.0 1.0
z 3 139 61 486
m139 202 3 6.333333333333334 41.0 1.0
B141 0 145 429
z 0 141 145 429
m141 3 0 145 429
z 0 141 145 429
m141 32 0 145 429
z 0 141 145 429
m141 65 0 145 429
z 0 141 145 429
m141 132 0 145 429
z 0 141 145 429
m141 144 0 145 429
z 0 141 145 429
m141 145 0 145 429
z 0 141 145 429
m141 159 0 145 429
B141 1 145 429
z 1 141 145 429
m141 3 1 145 429
z 1 141 145 429
m141 32 1 145 429
z 1 141 145 429
m141 65 1 145 429
z 1 141 145 429
m141 132 1 145 429
z 1 141 145 429
m141 144 1 145 429
z 1 141 145 429
m141 145 1 145 429
z 1 141 145 429
m141 159 1 145 429
B141 2 145 429
B141 3 145 429
z 3 141 145 429
m141 3 3 8.333333333333334 73.0 1.0
z 3 141 145 429
m141 32 3 8.333333333333334 73.0 1.0
z 3 141 145 429
m141 65 3 8.333333333333334 73.0 1.0
z 3 141 145 429
m141 132 3 8.333333333333334 73.0 1.0
z 3 141 145 429
m141 144 3 8.333333333333334 73.0 1.0
z 3 141 145 429
m141 145 3 8.333333333333334 73.0 1.0
z 3 141 145 429
m141 159 3 8.333333333333334 73.0 1.0
B212 0 31 455
z 0 212 31 455
m212 3 0 31 455
z 0 212 31 455
m212 5 0 31 455
z 0 212 31 455
m212 56 0 31 455
z 0 212 31 455
m212 126 0 31 455
z 0 212 31 455
m212 195 0 31 455
z 0 212 31 455
m212 197 0 31 455
z 0 212 31 455
m212 202 0 31 455
z 0 212 31 455
m212 218 0 31 455
B212 1 31 455
B212 2 31 455
z 2 212 31 455
m212 3 2 31 455
z 2 212 31 455
m212 5 2 31 455
z 2 212 31 455
m212 56 2 31 455
z 2 212 31 455
m212 126 2 31 455
z 2 212 31 455
m212 195 2 31 455
z 2 212 31 455
m212 197 2 31 455
z 2 212 31 455
m212 202 2 31 455
z 2 212 31 455
m212 218 2 31 455
B212 3 31 455
z 3 212 31 455
m212 3 3 7.666666666666667 59.666666666666664 1.0
z 3 212 31 455
m212 5 3 7.666666666666667 59.666666666666664 1.0
z 3 212 31 455
m212 56 3 7.666666666666667 59.666666666666664 1.0
z 3 212 31 455
m212 126 3 7.666666666666667 59.666666666666664 1.0
z 3 212 31 455
m212 195 3 7.666666666666667 59.666666666666664 1.0
z 3 212 31 455
m212 197 3 7.666666666666667 59.666666666666664 1.0
z 3 212 31 455
m212 202 3 7.666666666666667 59.666666666666664 1.0
z 3 212 31 455
m212 218 3 7.666666666666667 59.666666666666664 1.0
B3 0 40 422
z 0 3 40 422
m3 154 0 40 422
z 0 3 40 422
m3 214 0 40 422
B3 1 40 422
B3 2 40 422
z 2 3 40 422
m3 132 2 40 422
z 2 3 40 422
m3 154 2 40 422
z 2 3 40 422
m3 214 2 40 422
B3 3 40 422
B5 0 5 391
z 0 5 5 391
m5 39 0 5 391
z 0 5 5 391
m5 214 0 5 391
z 0 5 5 391
m5 215 0 5 391
B5 1 5 391
z 1 5 5 391
m5 39 1 5 391
z 1 5 5 391
m5 126 1 5 391
z 1 5 5 391
m5 214 1 5 391
z 1 5 5 391
m5 215 1 5 391
B5 2 5 391
B5 3 5 391
z 3 5 5 391
m5 39 3 5.5 33.0 0.4775641025641024
B30 0 284 489
z 0 30 284 489
m30 13 0 284 489
z 0 30 284 489
m30 36 0 284 489
z 0 30 284 489
m30 119 0 284 489
z 0 30 284 489
m30 130 0 284 489
z 0 30 284 489
m30 150 0 284 489
z 0 30 284 489
m30 204 0 284 489
B30 1 284 489
B30 3 284 489
z 3 30 284 489
m30 150 3 10.0 117.0 0.2400436953807743
z 3 30 284 489
m30 204 3 10.0 117.0 0.2400436953807743
z 3 30 284 489
m30 130 3 10.0 117.0 0.2400436953807743
z 3 30 284 489
m30 13 3 10.0 117.0 0.2400436953807743
B32 0 177 481
B32 1 177 481
B32 2 177 481
z 2 32 177 481
m32 65 2 177 481
z 2 32 177 481
m32 95 2 177 481
z 2 32 177 481
m32 118 2 177 481
z 2 32 177 481
m32 159 2 177 481
z 2 32 177 481
m32 200 2 177 481
B32 3 177 481
B48 0 228 336
z 0 48 228 336
m48 1 0 228 336
z 0 48 228 336
m48 9 0 228 336
z 0 48 228 336
m48 10 0 228 336
z 0 48 228 336
m48 33 0 228 336
z 0 48 228 336
m48 40 0 228 336
z 0 48 228 336
m48 44 0 228 336
z 0 48 228 336
m48 76 0 228 336
z 0 48 228 336
m48 88 0 228 336
z 0 48 228 336
m48 143 0 228 336
z 0 48 228 336
m48 150 0 228 336
B48 1 228 336
z 1 48 228 336
m48 1 1 228 336
z 1 48 228 336
m48 9 1 228 336
z 1 48 228 336
m48 10 1 228 336
z 1 48 228 336
m48 33 1 228 336
z 1 48 228 336
m48 40 1 228 336
z 1 48 228 336
m48 44 1 228 336
z 1 48 228 336
m48 76 1 228 336
z 1 48 228 336
m48 88 1 228 336
z 1 48 228 336
m48 143 1 228 336
z 1 48 228 336
m48 150 1 228 336
B48 3 228 336
z 3 48 228 336
m48 143 3 11.25 145.75 0.7358391296593545
z 3 48 228 336
m48 10 3 11.25 145.75 0.7358391296593545
z 3 48 228 336
m48 9 3 11.25 145.75 0.7358391296593545
z 3 48 228 336
m48 150 3 11.25 145.75 0.7358391296593545
z 3 48 228 336
m48 33 3 11.25 145.75 0.7358391296593545
z 3 48 228 336
m48 76 3 11.25 145.75 0.7358391296593545
z 3 48 228 336
m48 40 3 11.25 145.75 0.7358391296593545
z 3 48 228 336
m48 1 3 11.25 145.75 0.7358391296593545
z 3 48 228 336
m48 44 3 11.25 145.75 0.7358391296593545
B56 0 9 378
z 0 56 9 378
m56 39 0 9 378
z 0 56 9 378
m56 154 0 9 378
z 0 56 9 378
m56 214 0 9 378
z 0 56 9 378
m56 215 0 9 378
B56 1 9 378
z 1 56 9 378
m56 39 1 9 378
z 1 56 9 378
m56 126 1 9 378
z 1 56 9 378
m56 154 1 9 378
z 1 56 9 378
m56 195 1 9 378
z 1 56 9 378
m56 214 1 9 378
z 1 56 9 378
m56 215 1 9 378
z 1 56 9 378
m56 218 1 9 378
B56 2 9 378
B56 3 9 378
z 3 56 9 378
m56 154 3 5.75 34.75 0.8482441471571904
z 3 56 9 378
m56 39 3 5.75 34.75 0.8482441471571904
z 3 56 9 378
m56 214 3 5.75 34.75 0.8482441471571904
z 3 56 9 378
m56 215 3 5.75 34.75 0.8482441471571904
B61 0 144 459
B61 1 144 459
B61 2 144 459
B61 3 144 459
B65 0 186 470
z 0 65 186 470
m65 133 0 186 470
B65 1 186 470
z 1 65 186 470
m65 133 1 186 470
B65 3 186 470
B68 0 214 323
z 0 68 214 323
m68 1 0 214 323
z 0 68 214 323
m68 9 0 214 323
z 0 68 214 323
m68 10 0 214 323
z 0 68 214 323
m68 33 0 214 323
z 0 68 214 323
m68 40 0 214 323
z 0 68 214 323
m68 44 0 214 323
z 0 68 214 323
m68 76 0 214 323
z 0 68 214 323
m68 88 0 214 323
z 0 68 214 323
m68 143 0 214 323
z 0 68 214 323
m68 150 0 214 323
B68 1 214 323
z 1 68 214 323
m68 1 1 214 323
z 1 68 214 323
m68 9 1 214 323
z 1 68 214 323
m68 10 1 214 323
z 1 68 214 323
m68 33 1 214 323
z 1 68 214 323
m68 40 1 214 323
z 1 68 214 323
m68 44 1 214 323
z 1 68 214 323
m68 76 1 214 323
z 1 68 214 323
m68 88 1 214 323
z 1 68 214 323
m68 143 1 214 323
z 1 68 214 323
m68 150 1 214 323
B68 3 214 323
z 3 68 214 323
m68 10 3 11.25 145.75 0.7358391296593545
z 3 68 214 323
m68 150 3 11.25 145.75 0.7358391296593545
z 3 68 214 323
m68 143 3 11.25 145.75 0.7358391296593545
z 3 68 214 323
m68 40 3 11.25 145.75 0.7358391296593545
z 3 68 214 323
m68 44 3 11.25 145.75 0.7358391296593545
z 3 68 214 323
m68 76 3 11.25 145.75 0.7358391296593545
z 3 68 214 323
m68 9 3 11.25 145.75 0.7358391296593545
z 3 68 214 323
m68 1 3 11.25 145.75 0.7358391296593545
z 3 68 214 323
m68 33 3 11.25 145.75 0.7358391296593545
B95 0 214 411
z 0 95 214 411
m95 13 0 214 411
z 0 95 214 411
m95 150 0 214 411
z 0 95 214 411
m95 204 0 214 411
B95 1 214 411
z 1 95 214 411
m95 13 1 214 411
z 1 95 214 411
m95 150 1 214 411
z 1 95 214 411
m95 204 1 214 411
B95 3 214 411
z 3 95 214 411
m95 13 3 9.25 105.75 0.0
B118 0 245 478
z 0 118 245 478
m118 13 0 245 478
z 0 118 245 478
m118 119 0 245 478
z 0 118 245 478
m118 150 0 245 478
z 0 118 245 478
m118 204 0 245 478
B118 1 245 478
z 1 118 245 478
m118 13 1 245 478
z 1 118 245 478
m118 119 1 245 478
z 1 118 245 478
m118 150 1 245 478
z 1 118 245 478
m118 204 1 245 478
B118 3 245 478
z 3 118 245 478
m118 150 3 9.25 105.75 0.0
z 3 118 245 478
m118 204 3 9.25 105.75 0.0
B126 0 6 400
z 0 126 6 400
m126 39 0 6 400
z 0 126 6 400
m126 154 0 6 400
z 0 126 6 400
m126 214 0 6 400
z 0 126 6 400
m126 215 0 6 400
B126 2 6 400
z 2 126 6 400
m126 39 2 6 400
z 2 126 6 400
m126 154 2 6 400
z 2 126 6 400
m126 214 2 6 400
z 2 126 6 400
m126 215 2 6 400
B126 3 6 400
z 3 126 6 400
m126 154 3 6.75 48.75 0.0
B132 0 121 424
z 0 132 121 424
m132 76 0 121 424
z 0 132 121 424
m132 97 0 121 424
z 0 132 121 424
m132 133 0 121 424
z 0 132 121 424
m132 153 0 121 424
z 0 132 121 424
m132 154 0 121 424
B132 1 121 424
B132 3 121 424
z 3 132 121 424
m132 76 3 7.75 63.75 0.2928721871189448
z 3 132 121 424
m132 154 3 7.75 63.75 0.2928721871189448
z 3 132 121 424
m132 133 3 7.75 63.75 0.2928721871189448
B144 0 128 426
z 0 144 128 426
m144 76 0 128 426
z 0 144 128 426
m144 97 0 128 426
z 0 144 128 426
m144 133 0 128 426
z 0 144 128 426
m144 153 0 128 426
B144 1 128 426
B144 2 128 426
z 2 144 128 426
m144 65 2 128 426
z 2 144 128 426
m144 76 2 128 426
z 2 144 128 426
m144 97 2 128 426
z 2 144 128 426
m144 132 2 128 426
z 2 144 128 426
m144 133 2 128 426
z 2 144 128 426
m144 145 2 128 426
z 2 144 128 426
m144 153 2 128 426
z 2 144 128 426
m144 159 2 128 426
B144 3 128 426
z 3 144 128 426
m144 76 3 9.25 105.75 0.0
B145 0 111 355
z 0 145 111 355
m145 76 0 111 355
z 0 145 111 355
m145 97 0 111 355
z 0 145 111 355
m145 103 0 111 355
z 0 145 111 355
m145 123 0 111 355
z 0 145 111 355
m145 133 0 111 355
z 0 145 111 355
m145 143 0 111 355
z 0 145 111 355
m145 153 0 111 355
z 0 145 111 355
m145 154 0 111 355
z 0 145 111 355
m145 162 0 111 355
B145 1 111 355
z 1 145 111 355
m145 76 1 111 355
z 1 145 111 355
m145 97 1 111 355
z 1 145 111 355
m145 103 1 111 355
z 1 145 111 355
m145 123 1 111 355
z 1 145 111 355
m145 133 1 111 355
z 1 145 111 355
m145 143 1 111 355
z 1 145 111 355
m145 153 1 111 355
z 1 145 111 355
m145 154 1 111 355
z 1 145 111 355
m145 162 1 111 355
z 1 145 111 355
m145 218 1 111 355
B145 3 111 355
z 3 145 111 355
m145 76 3 10.0 111.0 1.0
z 3 145 111 355
m145 97 3 10.0 111.0 1.0
z 3 145 111 355
m145 103 3 10.0 111.0 1.0
z 3 145 111 355
m145 123 3 10.0 111.0 1.0
z 3 145 111 355
m145 133 3 10.0 111.0 1.0
z 3 145 111 355
m145 143 3 10.0 111.0 1.0
z 3 145 111 355
m145 153 3 10.0 111.0 1.0
z 3 145 111 355
m145 154 3 10.0 111.0 1.0
z 3 145 111 355
m145 162 3 10.0 111.0 1.0
B159 0 154 473
z 0 159 154 473
m159 133 0 154 473
z 0 159 154 473
m159 153 0 154 473
B159 1 154 473
z 1 159 154 473
m159 133 1 154 473
z 1 159 154 473
m159 153 1 154 473
B159 3 154 473
B178 0 230 462
z 0 178 230 462
m178 13 0 230 462
z 0 178 230 462
m178 119 0 230 462
z 0 178 230 462
m178 150 0 230 462
z 0 178 230 462
m178 204 0 230 462
B178 1 230 462
z 1 178 230 462
m178 13 1 230 462
z 1 178 230 462
m178 119 1 230 462
z 1 178 230 462
m178 150 1 230 462
z 1 178 230 462
m178 204 1 230 462
B178 3 230 462
z 3 178 230 462
m178 204 3 8.75 100.75 0.0
B181 0 213 351
z 0 181 213 351
m181 1 0 213 351
z 0 181 213 351
m181 10 0 213 351
z 0 181 213 351
m181 33 0 213 351
z 0 181 213 351
m181 40 0 213 351
z 0 181 213 351
m181 76 0 213 351
z 0 181 213 351
m181 88 0 213 351
z 0 181 213 351
m181 143 0 213 351
z 0 181 213 351
m181 150 0 213 351
B181 1 213 351
z 1 181 213 351
m181 1 1 213 351
z 1 181 213 351
m181 10 1 213 351
z 1 181 213 351
m181 33 1 213 351
z 1 181 213 351
m181 40 1 213 351
z 1 181 213 351
m181 76 1 213 351
z 1 181 213 351
m181 88 1 213 351
z 1 181 213 351
m181 143 1 213 351
z 1 181 213 351
m181 150 1 213 351
B181 3 213 351
z 3 181 213 351
m181 10 3 11.0 139.0 0.674943034493596
z 3 181 213 351
m181 33 3 11.0 139.0 0.674943034493596
z 3 181 213 351
m181 40 3 11.0 139.0 0.674943034493596
z 3 181 213 351
m181 143 3 11.0 139.0 0.674943034493596
z 3 181 213 351
m181 150 3 11.0 139.0 0.674943034493596
z 3 181 213 351
m181 76 3 11.0 139.0 0.674943034493596
z 3 181 213 351
m181 1 3 11.0 139.0 0.674943034493596
B195 0 77 401
z 0 195 77 401
m195 97 0 77 401
z 0 195 77 401
m195 154 0 77 401
z 0 195 77 401
m195 162 0 77 401
z 0 195 77 401
m195 214 0 77 401
B195 2 77 401
z 2 195 77 401
m195 97 2 77 401
z 2 195 77 401
m195 132 2 77 401
z 2 195 77 401
m195 154 2 77 401
z 2 195 77 401
m195 162 2 77 401
z 2 195 77 401
m195 214 2 77 401
B195 3 77 401
z 3 195 77 401
m195 162 3 7.25 53.75 0.5815649867374006
z 3 195 77 401
m195 97 3 7.25 53.75 0.5815649867374006
z 3 195 77 401
m195 214 3 7.25 53.75 0.5815649867374006
B197 0 29 495
B197 1 29 495
B197 2 29 495
B197 3 29 495
B200 0 189 488
B200 1 189 488
B200 3 189 488
B202 0 113 417
z 0 202 113 417
m202 97 0 113 417
z 0 202 113 417
m202 154 0 113 417
B202 1 113 417
z 1 202 113 417
m202 97 1 113 417
z 1 202 113 417
m202 126 1 113 417
z 1 202 113 417
m202 154 1 113 417
z 1 202 113 417
m202 195 1 113 417
z 1 202 113 417
m202 218 1 113 417
B202 2 113 417
B202 3 113 417
z 3 202 113 417
m202 154 3 5.5 33.0 0.4775641025641024
B218 0 102 426
z 0 218 102 426
m218 97 0 102 426
z 0 218 102 426
m218 153 0 102 426
z 0 218 102 426
m218 154 0 102 426
z 0 218 102 426
m218 162 0 102 426
B218 2 102 426
B218 3 102 426
z 3 218 102 426
m218 162 3 6.75 48.75 0.0
B1 0 230 385
z 0 1 230 385
m1 112 0 230 385
z 0 1 230 385
m1 114 0 230 385
z 0 1 230 385
m1 117 0 230 385
B1 1 230 385
z 1 1 230 385
m1 112 1 230 385
z 1 1 230 385
m1 114 1 230 385
z 1 1 230 385
m1 117 1 230 385
B1 3 230 385
z 3 1 230 385
m1 88 3 9.8 119.8 0.0
B9 0 181 275
z 0 9 181 275
m9 114 0 181 275
z 0 9 181 275
m9 115 0 181 275
z 0 9 181 275
m9 117 0 181 275
z 0 9 181 275
m9 120 0 181 275
z 0 9 181 275
m9 175 0 181 275
z 0 9 181 275
m9 205 0 181 275
z 0 9 181 275
m9 219 0 181 275
B9 1 181 275
z 1 9 181 275
m9 114 1 181 275
z 1 9 181 275
m9 115 1 181 275
z 1 9 181 275
m9 117 1 181 275
z 1 9 181 275
m9 120 1 181 275
z 1 9 181 275
m9 175 1 181 275
z 1 9 181 275
m9 205 1 181 275
z 1 9 181 275
m9 219 1 181 275
B9 3 181 275
z 3 9 181 275
m9 114 3 10.8 132.79999999999998 0.39015785327250113
z 3 9 181 275
m9 117 3 10.8 132.79999999999998 0.39015785327250113
z 3 9 181 275
m9 120 3 10.8 132.79999999999998 0.39015785327250113
z 3 9 181 275
m9 88 3 10.8 132.79999999999998 0.39015785327250113
z 3 9 181 275
m9 205 3 10.8 132.79999999999998 0.39015785327250113
z 3 9 181 275
m9 219 3 10.8 132.79999999999998 0.39015785327250113
B10 0 307 378
z 0 10 307 378
m10 19 0 307 378
z 0 10 307 378
m10 26 0 307 378
z 0 10 307 378
m10 112 0 307 378
z 0 10 307 378
m10 142 0 307 378
z 0 10 307 378
m10 188 0 307 378
B10 1 307 378
z 1 10 307 378
m10 19 1 307 378
z 1 10 307 378
m10 26 1 307 378
z 1 10 307 378
m10 112 1 307 378
z 1 10 307 378
m10 142 1 307 378
z 1 10 307 378
m10 188 1 307 378
B10 3 307 378
z 3 10 307 378
m10 188 3 10.2 123.8 0.0
z 3 10 307 378
m10 142 3 10.2 123.8 0.0
z 3 10 307 378
m10 26 3 10.2 123.8 0.0
B13 0 272 493
z 0 13 272 493
m13 31 0 272 493
z 0 13 272 493
m13 122 0 272 493
z 0 13 272 493
m13 142 0 272 493
z 0 13 272 493
m13 165 0 272 493
z 0 13 272 493
m13 172 0 272 493
z 0 13 272 493
m13 211 0 272 493
B13 1 272 493
z 1 13 272 493
m13 31 1 272 493
z 1 13 272 493
m13 36 1 272 493
z 1 13 272 493
m13 122 1 272 493
z 1 13 272 493
m13 130 1 272 493
z 1 13 272 493
m13 142 1 272 493
z 1 13 272 493
m13 165 1 272 493
z 1 13 272 493
m13 172 1 272 493
z 1 13 272 493
m13 211 1 272 493
B13 3 272 493
z 3 13 272 493
m13 142 3 9.6 106.39999999999999 0.22560181417503844
z 3 13 272 493
m13 31 3 9.6 106.39999999999999 0.22560181417503844
z 3 13 272 493
m13 165 3 9.6 106.39999999999999 0.22560181417503844
z 3 13 272 493
m13 122 3 9.6 106.39999999999999 0.22560181417503844
z 3 13 272 493
m13 211 3 9.6 106.39999999999999 0.22560181417503844
B33 0 212 270
z 0 33 212 270
m33 114 0 212 270
z 0 33 212 270
m33 115 0 212 270
z 0 33 212 270
m33 117 0 212 270
z 0 33 212 270
m33 175 0 212 270
z 0 33 212 270
m33 205 0 212 270
z 0 33 212 270
m33 219 0 212 270
B33 1 212 270
z 1 33 212 270
m33 114 1 212 270
z 1 33 212 270
m33 115 1 212 270
z 1 33 212 270
m33 117 1 212 270
z 1 33 212 270
m33 175 1 212 270
z 1 33 212 270
m33 205 1 212 270
z 1 33 212 270
m33 219 1 212 270
B33 3 212 270
z 3 33 212 270
m33 117 3 10.4 126.39999999999999 0.09868703225914736
z 3 33 212 270
m33 114 3 10.4 126.39999999999999 0.09868703225914736
z 3 33 212 270
m33 88 3 10.4 126.39999999999999 0.09868703225914736
z 3 33 212 270
m33 219 3 10.4 126.39999999999999 0.09868703225914736
B36 0 284 485
z 0 36 284 485
m36 31 0 284 485
z 0 36 284 485
m36 73 0 284 485
z 0 36 284 485
m36 122 0 284 485
z 0 36 284 485
m36 142 0 284 485
z 0 36 284 485
m36 146 0 284 485
z 0 36 284 485
m36 165 0 284 485
z 0 36 284 485
m36 172 0 284 485
z 0 36 284 485
m36 211 0 284 485
B39 0 46 306
z 0 39 46 306
m39 7 0 46 306
z 0 39 46 306
m39 42 0 46 306
z 0 39 46 306
m39 58 0 46 306
B39 1 46 306
z 1 39 46 306
m39 7 1 46 306
z 1 39 46 306
m39 42 1 46 306
z 1 39 46 306
m39 58 1 46 306
B39 2 46 306
z 2 39 46 306
m39 7 2 46 306
z 2 39 46 306
m39 42 2 46 306
z 2 39 46 306
m39 58 2 46 306
z 2 39 46 306
m39 123 2 46 306
B39 3 46 306
z 3 39 46 306
m39 7 3 5.4 31.4 0.6792022792022789
z 3 39 46 306
m39 42 3 5.4 31.4 0.6792022792022789
B40 0 280 307
z 0 40 280 307
m40 19 0 280 307
z 0 40 280 307
m40 26 0 280 307
z 0 40 280 307
m40 112 0 280 307
z 0 40 280 307
m40 188 0 280 307
B40 1 280 307
z 1 40 280 307
m40 19 1 280 307
z 1 40 280 307
m40 26 1 280 307
z 1 40 280 307
m40 112 1 280 307
z 1 40 280 307
m40 188 1 280 307
B40 3 280 307
z 3 40 280 307
m40 19 3 10.8 132.79999999999998 0.39015785327250113
z 3 40 280 307
m40 112 3 10.8 132.79999999999998 0.39015785327250113
z 3 40 280 307
m40 88 3 10.8 132.79999999999998 0.39015785327250113
z 3 40 280 307
m40 188 3 10.8 132.79999999999998 0.39015785327250113
B44 0 288 345
z 0 44 288 345
m44 19 0 288 345
z 0 44 288 345
m44 26 0 288 345
z 0 44 288 345
m44 112 0 288 345
z 0 44 288 345
m44 115 0 288 345
z 0 44 288 345
m44 138 0 288 345
z 0 44 288 345
m44 188 0 288 345
B44 1 288 345
z 1 44 288 345
m44 19 1 288 345
z 1 44 288 345
m44 26 1 288 345
z 1 44 288 345
m44 112 1 288 345
z 1 44 288 345
m44 115 1 288 345
z 1 44 288 345
m44 138 1 288 345
z 1 44 288 345
m44 188 1 288 345
B44 3 288 345
z 3 44 288 345
m44 115 3 10.6 129.4 0.264526863946595
z 3 44 288 345
m44 188 3 10.6 129.4 0.264526863946595
z 3 44 288 345
m44 88 3 10.6 129.4 0.264526863946595
z 3 44 288 345
m44 138 3 10.6 129.4 0.264526863946595
z 3 44 288 345
m44 19 3 10.6 129.4 0.264526863946595
B65 2 182 493
B76 0 222 379
z 0 76 222 379
m76 114 0 222 379
z 0 76 222 379
m76 117 0 222 379
B76 1 222 379
z 1 76 222 379
m76 114 1 222 379
z 1 76 222 379
m76 117 1 222 379
B76 2 222 379
B76 3 222 379
B88 0 230 328
z 0 88 230 328
m88 112 0 230 328
z 0 88 230 328
m88 114 0 230 328
z 0 88 230 328
m88 115 0 230 328
z 0 88 230 328
m88 117 0 230 328
z 0 88 230 328
m88 205 0 230 328
B88 1 230 328
z 1 88 230 328
m88 112 1 230 328
z 1 88 230 328
m88 114 1 230 328
z 1 88 230 328
m88 115 1 230 328
z 1 88 230 328
m88 117 1 230 328
z 1 88 230 328
m88 205 1 230 328
B95 2 198 393
B97 0 145 405
B97 1 145 405
B97 2 145 405
z 2 97 145 405
m97 143 2 145 405
B97 3 145 405
B103 0 111 263
z 0 103 111 263
m103 37 0 111 263
z 0 103 111 263
m103 64 0 111 263
z 0 103 111 263
m103 120 0 111 263
z 0 103 111 263
m103 175 0 111 263
z 0 103 111 263
m103 206 0 111 263
B103 1 111 263
z 1 103 111 263
m103 37 1 111 263
z 1 103 111 263
m103 64 1 111 263
z 1 103 111 263
m103 120 1 111 263
z 1 103 111 263
m103 175 1 111 263
z 1 103 111 263
m103 206 1 111 263
B103 3 111 263
z 3 103 111 263
m103 120 3 9.4 98.6 0.0
z 3 103 111 263
m103 37 3 9.4 98.6 0.0
z 3 103 111 263
m103 175 3 9.4 98.6 0.0
z 3 103 111 263
m103 206 3 9.4 98.6 0.0
B118 2 250 497
z 2 118 250 497
m118 13 2 250 497
z 2 118 250 497
m118 30 2 250 497
z 2 118 250 497
m118 119 2 250 497
z 2 118 250 497
m118 178 2 250 497
B119 0 249 498
z 0 119 249 498
m119 31 0 249 498
z 0 119 249 498
m119 122 0 249 498
z 0 119 249 498
m119 142 0 249 498
z 0 119 249 498
m119 165 0 249 498
z 0 119 249 498
m119 172 0 249 498
z 0 119 249 498
m119 211 0 249 498
B119 1 249 498
B123 0 47 291
z 0 123 47 291
m123 7 0 47 291
z 0 123 47 291
m123 17 0 47 291
z 0 123 47 291
m123 42 0 47 291
z 0 123 47 291
m123 58 0 47 291
z 0 123 47 291
m123 86 0 47 291
z 0 123 47 291
m123 120 0 47 291
z 0 123 47 291
m123 206 0 47 291
B123 1 47 291
B123 3 47 291
z 3 123 47 291
m123 120 3 9.4 98.6 0.0
z 3 123 47 291
m123 86 3 9.4 98.6 0.0
z 3 123 47 291
m123 7 3 9.4 98.6 0.0
z 3 123 47 291
m123 17 3 9.4 98.6 0.0
B126 1 2 382
B130 0 309 423
z 0 130 309 423
m130 31 0 309 423
z 0 130 309 423
m130 73 0 309 423
z 0 130 309 423
m130 122 0 309 423
z 0 130 309 423
m130 142 0 309 423
z 0 130 309 423
m130 146 0 309 423
z 0 130 309 423
m130 165 0 309 423
z 0 130 309 423
m130 172 0 309 423
z 0 130 309 423
m130 190 0 309 423
z 0 130 309 423
m130 211 0 309 423
B130 3 309 423
z 3 130 309 423
m130 119 3 10.2 117.8 0.286459261247545
z 3 130 309 423
m130 172 3 10.2 117.8 0.286459261247545
z 3 130 309 423
m130 211 3 10.2 117.8 0.286459261247545
z 3 130 309 423
m130 36 3 10.2 117.8 0.286459261247545
z 3 130 309 423
m130 122 3 10.2 117.8 0.286459261247545
z 3 130 309 423
m130 142 3 10.2 117.8 0.286459261247545
z 3 130 309 423
m130 146 3 10.2 117.8 0.286459261247545
z 3 130 309 423
m130 165 3 10.2 117.8 0.286459261247545
z 3 130 309 423
m130 31 3 10.2 117.8 0.286459261247545
B132 2 118 448
B133 0 153 422
B133 1 153 422
B133 2 153 422
z 2 133 153 422
m133 143 2 153 422
B133 3 153 422
B143 0 146 381
z 0 143 146 381
m143 114 0 146 381
z 0 143 146 381
m143 117 0 146 381
z 0 143 146 381
m143 120 0 146 381
B143 1 146 381
z 1 143 146 381
m143 114 1 146 381
z 1 143 146 381
m143 117 1 146 381
z 1 143 146 381
m143 120 1 146 381
B143 3 146 381
B145 2 88 348
B150 0 217 369
z 0 150 217 369
m150 112 0 217 369
B150 1 217 369
z 1 150 217 369
m150 112 1 217 369
B150 3 217 369
B153 0 169 424
B153 1 169 424
B153 2 169 424
z 2 153 169 424
m153 1 2 169 424
z 2 153 169 424
m153 143 2 169 424
z 2 153 169 424
m153 150 2 169 424
B153 3 169 424
B154 0 113 377
z 0 154 113 377
m154 7 0 113 377
B154 1 113 377
B154 2 113 377
B154 3 113 377
z 3 154 113 377
m154 7 3 5.199999999999999 29.6 0.644245554737424
B159 2 155 497
B162 0 71 287
z 0 162 71 287
m162 7 0 71 287
z 0 162 71 287
m162 42 0 71 287
z 0 162 71 287
m162 58 0 71 287
z 0 162 71 287
m162 86 0 71 287
z 0 162 71 287
m162 206 0 71 287
B162 1 71 287
z 1 162 71 287
m162 7 1 71 287
z 1 162 71 287
m162 42 1 71 287
z 1 162 71 287
m162 58 1 71 287
z 1 162 71 287
m162 86 1 71 287
z 1 162 71 287
m162 206 1 71 287
B162 2 71 287
z 2 162 71 287
m162 7 2 71 287
z 2 162 71 287
m162 42 2 71 287
z 2 162 71 287
m162 58 2 71 287
z 2 162 71 287
m162 86 2 71 287
z 2 162 71 287
m162 103 2 71 287
z 2 162 71 287
m162 123 2 71 287
z 2 162 71 287
m162 206 2 71 287
B162 3 71 287
z 3 162 71 287
m162 7 3 9.2 96.0 0.0
z 3 162 71 287
m162 86 3 9.2 96.0 0.0
B195 1 101 404
B200 2 165 483
B204 0 293 381
z 0 204 293 381
m204 112 0 293 381
z 0 204 293 381
m204 142 0 293 381
z 0 204 293 381
m204 146 0 293 381
z 0 204 293 381
m204 165 0 293 381
B204 1 293 381
z 1 204 293 381
m204 112 1 293 381
z 1 204 293 381
m204 130 1 293 381
z 1 204 293 381
m204 142 1 293 381
z 1 204 293 381
m204 146 1 293 381
z 1 204 293 381
m204 165 1 293 381
B204 3 293 381
z 3 204 293 381
m204 146 3 9.6 106.39999999999999 0.22560181417503844
z 3 204 293 381
m204 165 3 9.6 106.39999999999999 0.22560181417503844
B214 0 61 380
z 0 214 61 380
m214 7 0 61 380
B214 1 61 380
z 1 214 61 380
m214 7 1 61 380
B214 2 61 380
z 2 214 61 380
m214 7 2 61 380
B214 3 61 380
z 3 214 61 380
m214 7 3 4.8 28.0 1.0
B215 0 43 383
z 0 215 43 383
m215 7 0 43 383
B215 1 43 383
z 1 215 43 383
m215 7 1 43 383
B215 2 43 383
B215 3 43 383
z 3 215 43 383
m215 7 3 4.8 28.0 1.0
B218 1 113 447
B1 2 249 399
B7 0 15 364
B7 1 15 364
B7 2 15 364
B7 3 15 364
z 3 7 15 364
m7 58 3 4.666666666666667 26.333333333333336 1.0
B13 2 289 489
z 2 13 289 489
m13 31 2 289 489
z 2 13 289 489
m13 36 2 289 489
z 2 13 289 489
m13 73 2 289 489
z 2 13 289 489
m13 122 2 289 489
z 2 13 289 489
m13 142 2 289 489
z 2 13 289 489
m13 165 2 289 489
z 2 13 289 489
m13 172 2 289 489
z 2 13 289 489
m13 211 2 289 489
B17 0 6 271
z 0 17 6 271
m17 207 0 6 271
z 0 17 6 271
m17 209 0 6 271
B17 3 6 271
B19 0 309 382
z 0 19 309 382
m19 107 0 309 382
z 0 19 309 382
m19 121 0 309 382
z 0 19 309 382
m19 171 0 309 382
B19 1 309 382
z 1 19 309 382
m19 107 1 309 382
z 1 19 309 382
m19 121 1 309 382
z 1 19 309 382
m19 171 1 309 382
z 1 19 309 382
m19 190 1 309 382
B19 3 309 382
z 3 19 309 382
m19 121 3 9.666666666666666 113.33333333333331 0.0
B26 0 304 288
z 0 26 304 288
m26 16 0 304 288
z 0 26 304 288
m26 20 0 304 288
z 0 26 304 288
m26 38 0 304 288
z 0 26 304 288
m26 163 0 304 288
z 0 26 304 288
m26 194 0 304 288
B26 1 304 288
z 1 26 304 288
m26 16 1 304 288
z 1 26 304 288
m26 20 1 304 288
z 1 26 304 288
m26 38 1 304 288
z 1 26 304 288
m26 163 1 304 288
z 1 26 304 288
m26 194 1 304 288
B26 3 304 288
z 3 26 304 288
m26 16 3 9.333333333333334 107.33333333333334 0.0
z 3 26 304 288
m26 163 3 9.333333333333334 107.33333333333334 0.0
B30 2 328 490
z 2 30 328 490
m30 31 2 328 490
z 2 30 328 490
m30 36 2 328 490
z 2 30 328 490
m30 73 2 328 490
z 2 30 328 490
m30 122 2 328 490
z 2 30 328 490
m30 130 2 328 490
z 2 30 328 490
m30 146 2 328 490
z 2 30 328 490
m30 165 2 328 490
z 2 30 328 490
m30 172 2 328 490
z 2 30 328 490
m30 211 2 328 490
B31 0 269 451
B31 1 269 451
z 1 31 269 451
m31 73 1 269 451
z 1 31 269 451
m31 190 1 269 451
B31 3 269 451
B36 1 262 474
z 1 36 262 474
m36 73 1 262 474
B36 3 262 474
z 3 36 262 474
m36 73 3 8.666666666666666 98.33333333333334 1.0
B37 0 178 194
z 0 37 178 194
m37 84 0 178 194
z 0 37 178 194
m37 92 0 178 194
z 0 37 178 194
m37 137 0 178 194
z 0 37 178 194
m37 140 0 178 194
z 0 37 178 194
m37 147 0 178 194
z 0 37 178 194
m37 151 0 178 194
z 0 37 178 194
m37 174 0 178 194
B37 1 178 194
z 1 37 178 194
m37 84 1 178 194
z 1 37 178 194
m37 92 1 178 194
z 1 37 178 194
m37 137 1 178 194
z 1 37 178 194
m37 140 1 178 194
z 1 37 178 194
m37 147 1 178 194
z 1 37 178 194
m37 151 1 178 194
z 1 37 178 194
m37 174 1 178 194
B37 3 178 194
z 3 37 178 194
m37 151 3 9.5 98.83333333333334 0.0
z 3 37 178 194
m37 147 3 9.5 98.83333333333334 0.0
z 3 37 178 194
m37 137 3 9.5 98.83333333333334 0.0
z 3 37 178 194
m37 174 3 9.5 98.83333333333334 0.0
z 3 37 178 194
m37 84 3 9.5 98.83333333333334 0.0
z 3 37 178 194
m37 64 3 9.5 98.83333333333334 0.0
B42 0 36 321
B42 1 36 321
z 1 42 36 321
m42 17 1 36 321
B42 2 36 321
B42 3 36 321
B58 0 16 332
B58 1 16 332
z 1 58 16 332
m58 17 1 16 332
B58 2 16 332
z 2 58 16 332
m58 17 2 16 332
B64 0 129 206
z 0 64 129 206
m64 81 0 129 206
z 0 64 129 206
m64 84 0 129 206
z 0 64 129 206
m64 140 0 129 206
z 0 64 129 206
m64 147 0 129 206
z 0 64 129 206
m64 151 0 129 206
z 0 64 129 206
m64 198 0 129 206
B64 1 129 206
z 1 64 129 206
m64 81 1 129 206
z 1 64 129 206
m64 84 1 129 206
z 1 64 129 206
m64 140 1 129 206
z 1 64 129 206
m64 147 1 129 206
z 1 64 129 206
m64 151 1 129 206
z 1 64 129 206
m64 198 1 129 206
B73 0 304 435
z 0 73 304 435
m73 46 0 304 435
B86 0 44 207
z 0 86 44 207
m86 81 0 44 207
z 0 86 44 207
m86 151 0 44 207
z 0 86 44 207
m86 182 0 44 207
z 0 86 44 207
m86 193 0 44 207
z 0 86 44 207
m86 207 0 44 207
z 0 86 44 207
m86 209 0 44 207
B86 1 44 207
z 1 86 44 207
m86 17 1 44 207
z 1 86 44 207
m86 81 1 44 207
z 1 86 44 207
m86 151 1 44 207
z 1 86 44 207
m86 182 1 44 207
z 1 86 44 207
m86 193 1 44 207
z 1 86 44 207
m86 207 1 44 207
z 1 86 44 207
m86 209 1 44 207
B86 2 44 207
z 2 86 44 207
m86 17 2 44 207
z 2 86 44 207
m86 81 2 44 207
z 2 86 44 207
m86 151 2 44 207
z 2 86 44 207
m86 182 2 44 207
z 2 86 44 207
m86 193 2 44 207
z 2 86 44 207
m86 207 2 44 207
z 2 86 44 207
m86 209 2 44 207
B86 3 44 207
z 3 86 44 207
m86 151 3 9.0 90.33333333333334 0.0
z 3 86 44 207
m86 193 3 9.0 90.33333333333334 0.0
z 3 86 44 207
m86 207 3 9.0 90.33333333333334 0.0
B88 3 248 312
B103 2 95 245
z 2 103 95 245
m103 64 2 95 245
z 2 103 95 245
m103 81 2 95 245
z 2 103 95 245
m103 147 2 95 245
z 2 103 95 245
m103 151 2 95 245
B112 0 234 360
B112 1 234 360
B112 3 234 360
B114 0 195 392
B114 1 195 392
B114 3 195 392
B115 0 180 262
z 0 115 180 262
m115 140 0 180 262
B115 1 180 262
z 1 115 180 262
m115 140 1 180 262
B115 3 180 262
z 3 115 180 262
m115 140 3 9.0 108.0 1.0
B117 0 182 390
B117 1 182 390
B117 3 182 390
B119 2 267 487
B119 3 267 487
B120 0 127 368
B120 1 127 368
B120 3 127 368
B122 0 292 498
B122 1 292 498
B122 3 292 498
B123 2 24 287
z 2 123 24 287
m123 17 2 24 287
B130 1 305 400
z 1 130 305 400
m130 73 1 305 400
z 1 130 305 400
m130 190 1 305 400
B138 0 318 322
z 0 138 318 322
m138 16 0 318 322
z 0 138 318 322
m138 20 0 318 322
z 0 138 318 322
m138 22 0 318 322
z 0 138 318 322
m138 38 0 318 322
z 0 138 318 322
m138 163 0 318 322
z 0 138 318 322
m138 194 0 318 322
B138 1 318 322
z 1 138 318 322
m138 16 1 318 322
z 1 138 318 322
m138 20 1 318 322
z 1 138 318 322
m138 22 1 318 322
z 1 138 318 322
m138 38 1 318 322
z 1 138 318 322
m138 163 1 318 322
z 1 138 318 322
m138 194 1 318 322
B138 3 318 322
z 3 138 318 322
m138 22 3 9.833333333333334 113.83333333333333 0.19621755279220704
z 3 138 318 322
m138 16 3 9.833333333333334 113.83333333333333 0.19621755279220704
z 3 138 318 322
m138 163 3 9.833333333333334 113.83333333333333 0.19621755279220704
B142 0 243 449
B142 1 243 449
z 1 142 243 449
m142 190 1 243 449
B142 3 243 449
B143 2 122 387
z 2 143 122 387
m143 114 2 122 387
z 2 143 122 387
m143 117 2 122 387
z 2 143 122 387
m143 120 2 122 387
B146 0 347 477
z 0 146 347 477
m146 46 0 347 477
z 0 146 347 477
m146 104 0 347 477
B146 1 347 477
z 1 146 347 477
m146 46 1 347 477
z 1 146 347 477
m146 73 1 347 477
z 1 146 347 477
m146 104 1 347 477
z 1 146 347 477
m146 190 1 347 477
B146 3 347 477
z 3 146 347 477
m146 190 3 9.166666666666666 100.83333333333334 0.0
B150 2 215 345
B165 0 284 477
B165 1 284 477
z 1 165 284 477
m165 73 1 284 477
z 1 165 284 477
m165 190 1 284 477
B165 3 284 477
B172 0 252 488
B172 1 252 488
z 1 172 252 488
m172 73 1 252 488
B172 3 252 488
z 3 172 252 488
m172 73 3 8.666666666666666 98.33333333333334 1.0
B175 0 174 303
z 0 175 174 303
m175 140 0 174 303
B175 1 174 303
z 1 175 174 303
m175 140 1 174 303
B175 3 174 303
B178 2 250 492
z 2 178 250 492
m178 31 2 250 492
z 2 178 250 492
m178 36 2 250 492
z 2 178 250 492
m178 142 2 250 492
z 2 178 250 492
m178 165 2 250 492
z 2 178 250 492
m178 172 2 250 492
B188 0 339 266
z 0 188 339 266
m188 16 0 339 266
z 0 188 339 266
m188 20 0 339 266
z 0 188 339 266
m188 38 0 339 266
z 0 188 339 266
m188 163 0 339 266
z 0 188 339 266
m188 194 0 339 266
B188 1 339 266
z 1 188 339 266
m188 16 1 339 266
z 1 188 339 266
m188 20 1 339 266
z 1 188 339 266
m188 38 1 339 266
z 1 188 339 266
m188 163 1 339 266
z 1 188 339 266
m188 194 1 339 266
B188 3 339 266
z 3 188 339 266
m188 20 3 9.666666666666666 111.33333333333334 0.0
z 3 188 339 266
m188 163 3 9.666666666666666 111.33333333333334 0.0
B190 0 286 397
z 0 190 286 397
m190 46 0 286 397
z 0 190 286 397
m190 171 0 286 397
B205 0 204 325
B205 1 204 325
B205 3 204 325
B206 0 81 338
B206 1 81 338
B206 2 81 338
B206 3 81 338
B211 0 325 481
B211 1 325 481
B211 3 325 481
B219 0 159 246
z 0 219 159 246
m219 84 0 159 246
z 0 219 159 246
m219 92 0 159 246
z 0 219 159 246
m219 140 0 159 246
z 0 219 159 246
m219 151 0 159 246
B219 1 159 246
z 1 219 159 246
m219 84 1 159 246
z 1 219 159 246
m219 92 1 159 246
z 1 219 159 246
m219 140 1 159 246
z 1 219 159 246
m219 151 1 159 246
B219 3 159 246
z 3 219 159 246
m219 92 3 10.166666666666666 118.83333333333331 0.3056733320597871
z 3 219 159 246
m219 84 3 10.166666666666666 118.83333333333331 0.3056733320597871
z 3 219 159 246
m219 64 3 10.166666666666666 118.83333333333331 0.3056733320597871
B16 0 380 251
z 0 16 380 251
m16 62 0 380 251
z 0 16 380 251
m16 91 0 380 251
z 0 16 380 251
m16 134 0 380 251
z 0 16 380 251
m16 149 0 380 251
z 0 16 380 251
m16 160 0 380 251
z 0 16 380 251
m16 164 0 380 251
B16 1 380 251
B16 3 380 251
z 3 16 380 251
m16 134 3 9.142857142857142 101.14285714285714 0.0
z 3 16 380 251
m16 194 3 9.142857142857142 101.14285714285714 0.0
z 3 16 380 251
m16 160 3 9.142857142857142 101.14285714285714 0.0
z 3 16 380 251
m16 149 3 9.142857142857142 101.14285714285714 0.0
z 3 16 380 251
m16 91 3 9.142857142857142 101.14285714285714 0.0
B17 1 27 283
B17 2 27 283
B20 0 280 309
z 0 20 280 309
m20 110 0 280 309
B20 1 280 309
z 1 20 280 309
m20 110 1 280 309
B20 3 280 309
B22 0 410 255
z 0 22 410 255
m22 62 0 410 255
z 0 22 410 255
m22 91 0 410 255
z 0 22 410 255
m22 124 0 410 255
z 0 22 410 255
m22 160 0 410 255
z 0 22 410 255
m22 164 0 410 255
B22 1 410 255
z 1 22 410 255
m22 62 1 410 255
z 1 22 410 255
m22 91 1 410 255
z 1 22 410 255
m22 124 1 410 255
z 1 22 410 255
m22 160 1 410 255
z 1 22 410 255
m22 164 1 410 255
B22 3 410 255
z 3 22 410 255
m22 194 3 9.571428571428571 106.71428571428571 0.2512136608007002
z 3 22 410 255
m22 91 3 9.571428571428571 106.71428571428571 0.2512136608007002
z 3 22 410 255
m22 62 3 9.571428571428571 106.71428571428571 0.2512136608007002
z 3 22 410 255
m22 160 3 9.571428571428571 106.71428571428571 0.2512136608007002
B31 2 245 453
z 2 31 245 453
m31 190 2 245 453
B36 2 241 464
B38 0 355 276
B38 1 355 276
B46 0 356 461
z 0 46 356 461
m46 87 0 356 461
B46 1 356 461
B58 3 6 353
B64 2 125 182
z 2 64 125 182
m64 37 2 125 182
z 2 64 125 182
m64 63 2 125 182
z 2 64 125 182
m64 84 2 125 182
z 2 64 125 182
m64 198 2 125 182
B64 3 125 182
z 3 64 125 182
m64 81 3 8.714285714285714 87.0 0.0
B73 1 286 420
B73 2 286 420
z 2 73 286 420
m73 10 2 286 420
z 2 73 286 420
m73 19 2 286 420
z 2 73 286 420
m73 46 2 286 420
z 2 73 286 420
m73 190 2 286 420
B73 3 286 420
z 3 73 286 420
m73 46 3 7.571428571428572 84.42857142857143 1.0
B81 0 105 244
B81 1 105 244
B81 2 105 244
B84 0 102 203
z 0 84 102 203
m84 63 0 102 203
B84 1 102 203
z 1 84 102 203
m84 63 1 102 203
B84 3 102 203
z 3 84 102 203
m84 198 3 8.857142857142856 88.28571428571428 0.0
B92 0 179 213
z 0 92 179 213
m92 90 0 179 213
B92 1 179 213
z 1 92 179 213
m92 90 1 179 213
B92 3 179 213
B104 0 355 474
B104 1 355 474
B107 0 373 401
B107 1 373 401
B114 2 197 416
z 2 114 197 416
m114 112 2 197 416
z 2 114 197 416
m114 205 2 197 416
B117 2 181 414
z 2 117 181 414
m117 112 2 181 414
z 2 117 181 414
m117 205 2 181 414
B120 2 131 391
B121 0 415 392
z 0 121 415 392
m121 94 0 415 392
B121 1 415 392
z 1 121 415 392
m121 94 1 415 392
B121 3 415 392
z 3 121 415 392
m121 94 3 9.666666666666666 113.33333333333331 -1.0
B122 2 268 497
B130 2 301 376
z 2 130 301 376
m130 10 2 301 376
z 2 130 301 376
m130 19 2 301 376
z 2 130 301 376
m130 107 2 301 376
z 2 130 301 376
m130 171 2 301 376
z 2 130 301 376
m130 190 2 301 376
z 2 130 301 376
m130 204 2 301 376
B137 0 163 98
z 0 137 163 98
m137 27 0 163 98
z 0 137 163 98
m137 96 0 163 98
z 0 137 163 98
m137 116 0 163 98
z 0 137 163 98
m137 179 0 163 98
z 0 137 163 98
m137 203 0 163 98
B137 1 163 98
B137 3 163 98
z 3 137 163 98
m137 203 3 9.714285714285714 102.0 0.0
z 3 137 163 98
m137 96 3 9.714285714285714 102.0 0.0
z 3 137 163 98
m137 198 3 9.714285714285714 102.0 0.0
z 3 137 163 98
m137 116 3 9.714285714285714 102.0 0.0
z 3 137 163 98
m137 27 3 9.714285714285714 102.0 0.0
B140 0 197 243
z 0 140 197 243
m140 90 0 197 243
B140 1 197 243
B140 3 197 243
z 3 140 197 243
m140 90 3 8.0 93.14285714285714 1.0
B142 2 222 460
B146 2 351 497
B147 0 74 234
z 0 147 74 234
m147 63 0 74 234
B147 1 74 234
z 1 147 74 234
m147 63 1 74 234
B147 2 74 234
B147 3 74 234
B151 0 122 284
B151 1 122 284
B151 2 122 284
B151 3 122 284
z 3 151 122 284
m151 81 3 8.285714285714285 84.85714285714285 1.0
B163 0 389 278
z 0 163 389 278
m163 91 0 389 278
z 0 163 389 278
m163 149 0 389 278
B163 1 389 278
z 1 163 389 278
m163 91 1 389 278
z 1 163 389 278
m163 149 1 389 278
B163 3 389 278
z 3 163 389 278
m163 91 3 8.857142857142858 97.14285714285714 0.0
z 3 163 389 278
m163 194 3 8.857142857142858 97.14285714285714 0.0
B165 2 269 496
B171 0 325 343
B171 1 325 343
B172 2 228 485
B174 0 156 118
z 0 174 156 118
m174 116 0 156 118
z 0 174 156 118
m174 179 0 156 118
z 0 174 156 118
m174 203 0 156 118
B174 1 156 118
z 1 174 156 118
m174 116 1 156 118
z 1 174 156 118
m174 179 1 156 118
z 1 174 156 118
m174 203 1 156 118
B174 3 156 118
z 3 174 156 118
m174 203 3 9.571428571428571 99.0 0.0
B182 0 40 137
z 0 182 40 137
m182 18 0 40 137
z 0 182 40 137
m182 43 0 40 137
z 0 182 40 137
m182 63 0 40 137
z 0 182 40 137
m182 80 0 40 137
B182 1 40 137
z 1 182 40 137
m182 18 1 40 137
z 1 182 40 137
m182 43 1 40 137
z 1 182 40 137
m182 63 1 40 137
z 1 182 40 137
m182 80 1 40 137
B182 2 40 137
B190 1 263 392
B190 3 263 392
B193 0 4 137
z 0 193 4 137
m193 43 0 4 137
z 0 193 4 137
m193 80 0 4 137
B193 1 4 137
z 1 193 4 137
m193 43 1 4 137
z 1 193 4 137
m193 80 1 4 137
B193 2 4 137
z 2 193 4 137
m193 43 2 4 137
z 2 193 4 137
m193 80 2 4 137
B193 3 4 137
z 3 193 4 137
m193 209 3 8.714285714285715 84.42857142857143 0.0
z 3 193 4 137
m193 182 3 8.714285714285715 84.42857142857143 0.0
B194 0 315 298
z 0 194 315 298
m194 149 0 315 298
B194 1 315 298
z 1 194 315 298
m194 149 1 315 298
B198 0 173 153
z 0 198 173 153
m198 116 0 173 153
z 0 198 173 153
m198 179 0 173 153
B198 1 173 153
z 1 198 173 153
m198 116 1 173 153
z 1 198 173 153
m198 179 1 173 153
B207 0 13 256
B207 1 13 256
B207 2 13 256
B207 3 13 256
z 3 207 13 256
m207 209 3 7.857142857142858 77.57142857142857 1.0
B209 0 23 227
B209 1 23 227
B209 2 23 227
B211 2 340 463
z 2 211 340 463
m211 46 2 340 463
z 2 211 340 463
m211 104 2 340 463
B10 2 351 436
B18 0 65 108
z 0 18 65 108
m18 75 0 65 108
z 0 18 65 108
m18 109 0 65 108
z 0 18 65 108
m18 173 0 65 108
B18 1 65 108
z 1 18 65 108
m18 75 1 65 108
z 1 18 65 108
m18 96 1 65 108
z 1 18 65 108
m18 109 1 65 108
z 1 18 65 108
m18 173 1 65 108
B19 2 279 419
B27 0 227 74
z 0 27 227 74
m27 35 0 227 74
z 0 27 227 74
m27 41 0 227 74
z 0 27 227 74
m27 47 0 227 74
z 0 27 227 74
m27 51 0 227 74
z 0 27 227 74
m27 77 0 227 74
z 0 27 227 74
m27 83 0 227 74
z 0 27 227 74
m27 98 0 227 74
z 0 27 227 74
m27 135 0 227 74
z 0 27 227 74
m27 152 0 227 74
z 0 27 227 74
m27 155 0 227 74
z 0 27 227 74
m27 185 0 227 74
z 0 27 227 74
m27 186 0 227 74
z 0 27 227 74
m27 192 0 227 74
z 0 27 227 74
m27 210 0 227 74
B27 3 227 74
z 3 27 227 74
m27 41 3 10.875 134.375 0.0
z 3 27 227 74
m27 186 3 10.875 134.375 0.0
z 3 27 227 74
m27 210 3 10.875 134.375 0.0
z 3 27 227 74
m27 83 3 10.875 134.375 0.0
z 3 27 227 74
m27 98 3 10.875 134.375 0.0
z 3 27 227 74
m27 77 3 10.875 134.375 0.0
z 3 27 227 74
m27 155 3 10.875 134.375 0.0
z 3 27 227 74
m27 152 3 10.875 134.375 0.0
z 3 27 227 74
m27 47 3 10.875 134.375 0.0
z 3 27 227 74
m27 35 3 10.875 134.375 0.0
z 3 27 227 74
m27 51 3 10.875 134.375 0.0
B37 2 212 161
z 2 37 212 161
m37 9 2 212 161
z 2 37 212 161
m37 33 2 212 161
z 2 37 212 161
m37 85 2 212 161
z 2 37 212 161
m37 90 2 212 161
z 2 37 212 161
m37 92 2 212 161
z 2 37 212 161
m37 140 2 212 161
z 2 37 212 161
m37 168 2 212 161
B43 0 18 145
z 0 43 18 145
m43 75 0 18 145
B43 1 18 145
z 1 43 18 145
m43 75 1 18 145
B43 2 18 145
z 2 43 18 145
m43 18 2 18 145
z 2 43 18 145
m43 75 2 18 145
B46 2 345 483
B46 3 345 483
z 3 46 345 483
m46 87 3 7.000000000000001 75.0 1.0
z 3 46 345 483
m46 104 3 7.000000000000001 75.0 1.0
B62 0 351 245
z 0 62 351 245
m62 60 0 351 245
z 0 62 351 245
m62 79 0 351 245
z 0 62 351 245
m62 108 0 351 245
B62 1 351 245
B62 3 351 245
z 3 62 351 245
m62 164 3 9.125 97.875 0.18144333437901763
z 3 62 351 245
m62 108 3 9.125 97.875 0.18144333437901763
B63 0 103 196
B63 1 103 196
B63 2 103 196
B80 0 14 87
z 0 80 14 87
m80 75 0 14 87
z 0 80 14 87
m80 173 0 14 87
B80 1 14 87
z 1 80 14 87
m80 75 1 14 87
z 1 80 14 87
m80 173 1 14 87
B80 2 14 87
B81 3 122 261
B84 2 79 206
B87 0 394 445
z 0 87 394 445
m87 25 0 394 445
z 0 87 394 445
m87 102 0 394 445
z 0 87 394 445
m87 184 0 394 445
z 0 87 394 445
m87 208 0 394 445
B90 0 163 178
z 0 90 163 178
m90 168 0 163 178
B90 1 163 178
z 1 90 163 178
m90 168 1 163 178
B90 3 163 178
B91 0 361 176
z 0 91 361 176
m91 14 0 361 176
z 0 91 361 176
m91 60 0 361 176
z 0 91 361 176
m91 79 0 361 176
z 0 91 361 176
m91 101 0 361 176
z 0 91 361 176
m91 108 0 361 176
z 0 91 361 176
m91 180 0 361 176
B91 1 361 176
z 1 91 361 176
m91 14 1 361 176
z 1 91 361 176
m91 60 1 361 176
z 1 91 361 176
m91 79 1 361 176
z 1 91 361 176
m91 101 1 361 176
z 1 91 361 176
m91 108 1 361 176
z 1 91 361 176
m91 134 1 361 176
z 1 91 361 176
m91 180 1 361 176
B91 3 361 176
z 3 91 361 176
m91 101 3 9.0 96.5 0.0
z 3 91 361 176
m91 164 3 9.0 96.5 0.0
z 3 91 361 176
m91 60 3 9.0 96.5 0.0
z 3 91 361 176
m91 180 3 9.0 96.5 0.0
B96 0 119 155
B96 3 119 155
B104 2 331 469
z 2 104 331 469
m104 87 2 331 469
B107 2 375 425
z 2 107 375 425
m107 94 2 375 425
B110 0 276 287
z 0 110 276 287
m110 60 0 276 287
B110 1 276 287
z 1 110 276 287
m110 60 1 276 287
B112 2 186 360
B116 0 118 119
z 0 116 118 119
m116 83 0 118 119
z 0 116 118 119
m116 152 0 118 119
z 0 116 118 119
m116 186 0 118 119
B116 1 118 119
z 1 116 118 119
m116 83 1 118 119
z 1 116 118 119
m116 96 1 118 119
z 1 116 118 119
m116 152 1 118 119
z 1 116 118 119
m116 186 1 118 119
B116 3 118 119
z 3 116 118 119
m116 63 3 9.25 93.75 0.0
z 3 116 118 119
m116 152 3 9.25 93.75 0.0
z 3 116 118 119
m116 83 3 9.25 93.75 0.0
B124 0 416 230
z 0 124 416 230
m124 4 0 416 230
z 0 124 416 230
m124 108 0 416 230
B124 1 416 230
B134 0 368 143
z 0 134 368 143
m134 14 0 368 143
z 0 134 368 143
m134 60 0 368 143
z 0 134 368 143
m134 79 0 368 143
z 0 134 368 143
m134 89 0 368 143
z 0 134 368 143
m134 101 0 368 143
z 0 134 368 143
m134 106 0 368 143
z 0 134 368 143
m134 108 0 368 143
z 0 134 368 143
m134 213 0 368 143
z 0 134 368 143
m134 217 0 368 143
B134 3 368 143
z 3 134 368 143
m134 60 3 9.5 106.5 0.0
z 3 134 368 143
m134 89 3 9.5 106.5 0.0
z 3 134 368 143
m134 101 3 9.5 106.5 0.0
z 3 134 368 143
m134 106 3 9.5 106.5 0.0
z 3 134 368 143
m134 79 3 9.5 106.5 0.0
z 3 134 368 143
m134 108 3 9.5 106.5 0.0
z 3 134 368 143
m134 213 3 9.5 106.5 0.0
B149 0 374 323
z 0 149 374 323
m149 170 0 374 323
z 0 149 374 323
m149 187 0 374 323
z 0 149 374 323
m149 216 0 374 323
B149 1 374 323
z 1 149 374 323
m149 170 1 374 323
z 1 149 374 323
m149 187 1 374 323
z 1 149 374 323
m149 216 1 374 323
B149 3 374 323
z 3 149 374 323
m149 216 3 8.625 91.625 0.0
B160 0 468 225
z 0 160 468 225
m160 4 0 468 225
z 0 160 468 225
m160 79 0 468 225
z 0 160 468 225
m160 108 0 468 225
z 0 160 468 225
m160 156 0 468 225
z 0 160 468 225
m160 199 0 468 225
B160 1 468 225
z 1 160 468 225
m160 4 1 468 225
z 1 160 468 225
m160 79 1 468 225
z 1 160 468 225
m160 108 1 468 225
z 1 160 468 225
m160 156 1 468 225
z 1 160 468 225
m160 199 1 468 225
B160 3 468 225
z 3 160 468 225
m160 79 3 9.375 103.625 0.0
z 3 160 468 225
m160 108 3 9.375 103.625 0.0
z 3 160 468 225
m160 4 3 9.375 103.625 0.0
z 3 160 468 225
m160 199 3 9.375 103.625 0.0
B164 0 432 213
z 0 164 432 213
m164 79 0 432 213
z 0 164 432 213
m164 108 0 432 213
z 0 164 432 213
m164 180 0 432 213
B164 1 432 213
B171 2 303 334
z 2 171 303 334
m171 20 2 303 334
z 2 171 303 334
m171 38 2 303 334
z 2 171 303 334
m171 44 2 303 334
z 2 171 303 334
m171 138 2 303 334
z 2 171 303 334
m171 194 2 303 334
B179 0 122 134
z 0 179 122 134
m179 35 0 122 134
z 0 179 122 134
m179 77 0 122 134
z 0 179 122 134
m179 83 0 122 134
z 0 179 122 134
m179 152 0 122 134
z 0 179 122 134
m179 186 0 122 134
B179 1 122 134
z 1 179 122 134
m179 35 1 122 134
z 1 179 122 134
m179 77 1 122 134
z 1 179 122 134
m179 83 1 122 134
z 1 179 122 134
m179 96 1 122 134
z 1 179 122 134
m179 152 1 122 134
z 1 179 122 134
m179 186 1 122 134
B182 3 36 113
z 3 182 36 113
m182 43 3 8.25 77.0 0.0
B190 2 239 388
B194 3 294 310
B198 2 195 146
z 2 198 195 146
m198 77 2 195 146
z 2 198 195 146
m198 90 2 195 146
z 2 198 195 146
m198 96 2 195 146
z 2 198 195 146
m198 116 2 195 146
z 2 198 195 146
m198 137 2 195 146
z 2 198 195 146
m198 168 2 195 146
z 2 198 195 146
m198 174 2 195 146
z 2 198 195 146
m198 179 2 195 146
B198 3 195 146
z 3 198 195 146
m198 179 3 8.375 80.375 0.0
B203 0 260 117
z 0 203 260 117
m203 47 0 260 117
z 0 203 260 117
m203 51 0 260 117
z 0 203 260 117
m203 53 0 260 117
z 0 203 260 117
m203 67 0 260 117
z 0 203 260 117
m203 77 0 260 117
z 0 203 260 117
m203 85 0 260 117
z 0 203 260 117
m203 113 0 260 117
z 0 203 260 117
m203 168 0 260 117
z 0 203 260 117
m203 169 0 260 117
z 0 203 260 117
m203 185 0 260 117
z 0 203 260 117
m203 186 0 260 117
z 0 203 260 117
m203 192 0 260 117
z 0 203 260 117
m203 210 0 260 117
B203 1 260 117
z 1 203 260 117
m203 27 1 260 117
z 1 203 260 117
m203 47 1 260 117
z 1 203 260 117
m203 51 1 260 117
z 1 203 260 117
m203 53 1 260 117
z 1 203 260 117
m203 67 1 260 117
z 1 203 260 117
m203 77 1 260 117
z 1 203 260 117
m203 85 1 260 117
z 1 203 260 117
m203 113 1 260 117
z 1 203 260 117
m203 168 1 260 117
z 1 203 260 117
m203 169 1 260 117
z 1 203 260 117
m203 185 1 260 117
z 1 203 260 117
m203 186 1 260 117
z 1 203 260 117
m203 192 1 260 117
z 1 203 260 117
m203 210 1 260 117
B203 3 260 117
z 3 203 260 117
m203 47 3 10.375 117.375 0.0
z 3 203 260 117
m203 186 3 10.375 117.375 0.0
z 3 203 260 117
m203 168 3 10.375 117.375 0.0
z 3 203 260 117
m203 192 3 10.375 117.375 0.0
z 3 203 260 117
m203 51 3 10.375 117.375 0.0
z 3 203 260 117
m203 185 3 10.375 117.375 0.0
z 3 203 260 117
m203 77 3 10.375 117.375 0.0
z 3 203 260 117
m203 85 3 10.375 117.375 0.0
z 3 203 260 117
m203 53 3 10.375 117.375 0.0
z 3 203 260 117
m203 210 3 10.375 117.375 0.0
B204 2 313 312
z 2 204 313 312
m204 20 2 313 312
z 2 204 313 312
m204 40 2 313 312
z 2 204 313 312
m204 44 2 313 312
z 2 204 313 312
m204 48 2 313 312
z 2 204 313 312
m204 88 2 313 312
z 2 204 313 312
m204 138 2 313 312
z 2 204 313 312
m204 194 2 313 312
B205 2 192 372
z 2 205 192 372
m205 175 2 192 372
z 2 205 192 372
m205 181 2 192 372
B209 3 40 243
B4 0 495 310
z 0 4 495 310
m4 49 0 495 310
z 0 4 495 310
m4 128 0 495 310
z 0 4 495 310
m4 161 0 495 310
B4 1 495 310
B4 3 495 310
B9 2 212 184
z 2 9 212 184
m9 68 2 212 184
B14 0 378 181
z 0 14 378 181
m14 52 0 378 181
z 0 14 378 181
m14 100 0 378 181
z 0 14 378 181
m14 105 0 378 181
B14 1 378 181
z 1 14 378 181
m14 52 1 378 181
z 1 14 378 181
m14 100 1 378 181
z 1 14 378 181
m14 105 1 378 181
z 1 14 378 181
m14 106 1 378 181
z 1 14 378 181
m14 213 1 378 181
B18 2 61 84
B20 2 279 357
z 2 20 279 357
m20 110 2 279 357
B25 0 418 364
z 0 25 418 364
m25 94 0 418 364
B27 1 251 72
z 1 27 251 72
m27 98 1 251 72
z 1 27 251 72
m27 135 1 251 72
z 1 27 251 72
m27 183 1 251 72
B33 2 254 183
z 2 33 254 183
m33 26 2 254 183
z 2 33 254 183
m33 53 2 254 183
z 2 33 254 183
m33 82 2 254 183
B35 0 179 114
z 0 35 179 114
m35 59 0 179 114
B35 1 179 114
z 1 35 179 114
m35 59 1 179 114
B35 3 179 114
B38 2 402 288
B40 2 324 221
B41 0 171 10
z 0 41 171 10
m41 24 0 171 10
z 0 41 171 10
m41 189 0 171 10
B41 3 171 10
B43 3 20 169
B44 2 382 363
z 2 44 382 363
m44 94 2 382 363
B47 0 159 42
z 0 47 159 42
m47 24 0 159 42
z 0 47 159 42
m47 59 0 159 42
B47 1 159 42
B47 3 159 42
B48 2 303 243
z 2 48 303 243
m48 26 2 303 243
z 2 48 303 243
m48 60 2 303 243
z 2 48 303 243
m48 82 2 303 243
z 2 48 303 243
m48 110 2 303 243
B51 0 286 58
z 0 51 286 58
m51 34 0 286 58
z 0 51 286 58
m51 183 0 286 58
B51 1 286 58
z 1 51 286 58
m51 34 1 286 58
z 1 51 286 58
m51 98 1 286 58
z 1 51 286 58
m51 135 1 286 58
z 1 51 286 58
m51 155 1 286 58
z 1 51 286 58
m51 183 1 286 58
B51 3 286 58
z 3 51 286 58
m51 113 3 10.444444444444445 124.88888888888889 0.0
z 3 51 286 58
m51 169 3 10.444444444444445 124.88888888888889 0.0
z 3 51 286 58
m51 34 3 10.444444444444445 124.88888888888889 0.0
B53 0 254 167
B53 1 254 167
B53 3 254 167
z 3 53 254 167
m53 169 3 9.666666666666666 106.1111111111111 0.0
B60 0 322 260
z 0 60 322 260
m60 82 0 322 260
B60 1 322 260
z 1 60 322 260
m60 82 1 322 260
B60 3 322 260
B63 3 118 215
B67 0 291 153
z 0 67 291 153
m67 2 0 291 153
B67 1 291 153
z 1 67 291 153
m67 2 1 291 153
B75 0 24 158
B75 1 24 158
B75 2 24 158
B77 0 193 151
B77 1 193 151
B77 2 193 151
z 2 77 193 151
m77 27 2 193 151
z 2 77 193 151
m77 35 2 193 151
z 2 77 193 151
m77 53 2 193 151
z 2 77 193 151
m77 83 2 193 151
z 2 77 193 151
m77 113 2 193 151
z 2 77 193 151
m77 152 2 193 151
z 2 77 193 151
m77 169 2 193 151
z 2 77 193 151
m77 185 2 193 151
z 2 77 193 151
m77 186 2 193 151
z 2 77 193 151
m77 192 2 193 151
z 2 77 193 151
m77 203 2 193 151
z 2 77 193 151
m77 210 2 193 151
B77 3 193 151
B79 0 362 222
B79 1 362 222
B79 3 362 222
B83 0 185 91
z 0 83 185 91
m83 59 0 185 91
B83 1 185 91
z 1 83 185 91
m83 59 1 185 91
B83 3 185 91
z 3 83 185 91
m83 59 3 9.777777777777777 119.55555555555556 1.0
B85 0 205 124
B85 1 205 124
B85 2 205 124
z 2 85 205 124
m85 27 2 205 124
z 2 85 205 124
m85 35 2 205 124
z 2 85 205 124
m85 53 2 205 124
z 2 85 205 124
m85 113 2 205 124
z 2 85 205 124
m85 169 2 205 124
z 2 85 205 124
m85 203 2 205 124
z 2 85 205 124
m85 210 2 205 124
B85 3 205 124
B87 2 389 468
z 2 87 389 468
m87 102 2 389 468
z 2 87 389 468
m87 121 2 389 468
z 2 87 389 468
m87 184 2 389 468
B87 3 389 468
z 3 87 389 468
m87 102 3 6.777777777777779 69.44444444444444 1.0
z 3 87 389 468
m87 107 3 6.777777777777779 69.44444444444444 1.0
z 3 87 389 468
m87 184 3 6.777777777777779 69.44444444444444 1.0
B88 2 302 265
z 2 88 302 265
m88 26 2 302 265
z 2 88 302 265
m88 60 2 302 265
z 2 88 302 265
m88 110 2 302 265
B89 0 338 45
z 0 89 338 45
m89 0 0 338 45
z 0 89 338 45
m89 2 0 338 45
z 0 89 338 45
m89 28 0 338 45
z 0 89 338 45
m89 34 0 338 45
z 0 89 338 45
m89 45 0 338 45
z 0 89 338 45
m89 52 0 338 45
z 0 89 338 45
m89 54 0 338 45
z 0 89 338 45
m89 93 0 338 45
z 0 89 338 45
m89 105 0 338 45
z 0 89 338 45
m89 176 0 338 45
z 0 89 338 45
m89 196 0 338 45
B89 3 338 45
z 3 89 338 45
m89 105 3 10.0 116.44444444444446 0.0
z 3 89 338 45
m89 52 3 10.0 116.44444444444446 0.0
z 3 89 338 45
m89 217 3 10.0 116.44444444444446 0.0
z 3 89 338 45
m89 34 3 10.0 116.44444444444446 0.0
z 3 89 338 45
m89 2 3 10.0 116.44444444444446 0.0
z 3 89 338 45
m89 176 3 10.0 116.44444444444446 0.0
z 3 89 338 45
m89 93 3 10.0 116.44444444444446 0.0
z 3 89 338 45
m89 45 3 10.0 116.44444444444446 0.0
z 3 89 338 45
m89 28 3 10.0 116.44444444444446 0.0
B90 2 139 177
z 2 90 139 177
m90 68 2 139 177
z 2 90 139 177
m90 115 2 139 177
B92 2 169 260
z 2 92 169 260
m92 68 2 169 260
z 2 92 169 260
m92 115 2 169 260
z 2 92 169 260
m92 219 2 169 260
B96 1 136 172
B96 2 136 172
B98 0 191 38
z 0 98 191 38
m98 24 0 191 38
z 0 98 191 38
m98 183 0 191 38
z 0 98 191 38
m98 189 0 191 38
B98 3 191 38
z 3 98 191 38
m98 135 3 10.11111111111111 121.22222222222221 0.0
B101 0 457 117
z 0 101 457 117
m101 11 0 457 117
z 0 101 457 117
m101 21 0 457 117
z 0 101 457 117
m101 52 0 457 117
z 0 101 457 117
m101 55 0 457 117
z 0 101 457 117
m101 69 0 457 117
z 0 101 457 117
m101 99 0 457 117
z 0 101 457 117
m101 100 0 457 117
z 0 101 457 117
m101 105 0 457 117
z 0 101 457 117
m101 111 0 457 117
z 0 101 457 117
m101 177 0 457 117
B101 1 457 117
B101 3 457 117
z 3 101 457 117
m101 14 3 9.88888888888889 117.88888888888889 0.0
z 3 101 457 117
m101 105 3 9.88888888888889 117.88888888888889 0.0
z 3 101 457 117
m101 100 3 9.88888888888889 117.88888888888889 0.0
z 3 101 457 117
m101 177 3 9.88888888888889 117.88888888888889 0.0
z 3 101 457 117
m101 69 3 9.88888888888889 117.88888888888889 0.0
z 3 101 457 117
m101 52 3 9.88888888888889 117.88888888888889 0.0
z 3 101 457 117
m101 156 3 9.88888888888889 117.88888888888889 0.0
z 3 101 457 117
m101 55 3 9.88888888888889 117.88888888888889 0.0
z 3 101 457 117
m101 11 3 9.88888888888889 117.88888888888889 0.0
z 3 101 457 117
m101 21 3 9.88888888888889 117.88888888888889 0.0
B102 0 397 454
z 0 102 397 454
m102 71 0 397 454
B104 3 308 464
z 3 104 308 464
m104 107 3 6.333333333333334 66.77777777777779 1.0
B106 0 437 97
z 0 106 437 97
m106 21 0 437 97
z 0 106 437 97
m106 23 0 437 97
z 0 106 437 97
m106 28 0 437 97
z 0 106 437 97
m106 52 0 437 97
z 0 106 437 97
m106 55 0 437 97
z 0 106 437 97
m106 93 0 437 97
z 0 106 437 97
m106 99 0 437 97
z 0 106 437 97
m106 100 0 437 97
z 0 106 437 97
m106 105 0 437 97
z 0 106 437 97
m106 111 0 437 97
z 0 106 437 97
m106 136 0 437 97
z 0 106 437 97
m106 176 0 437 97
B106 3 437 97
z 3 106 437 97
m106 93 3 10.444444444444445 130.66666666666669 0.0
z 3 106 437 97
m106 14 3 10.444444444444445 130.66666666666669 0.0
z 3 106 437 97
m106 217 3 10.444444444444445 130.66666666666669 0.0
z 3 106 437 97
m106 105 3 10.444444444444445 130.66666666666669 0.0
z 3 106 437 97
m106 28 3 10.444444444444445 130.66666666666669 0.0
z 3 106 437 97
m106 100 3 10.444444444444445 130.66666666666669 0.0
z 3 106 437 97
m106 55 3 10.444444444444445 130.66666666666669 0.0
z 3 106 437 97
m106 176 3 10.444444444444445 130.66666666666669 0.0
z 3 106 437 97
m106 136 3 10.444444444444445 130.66666666666669 0.0
z 3 106 437 97
m106 52 3 10.444444444444445 130.66666666666669 0.0
z 3 106 437 97
m106 21 3 10.444444444444445 130.66666666666669 0.0
B108 0 368 186
z 0 108 368 186
m108 100 0 368 186
B108 1 368 186
z 1 108 368 186
m108 100 1 368 186
B108 3 368 186
z 3 108 368 186
m108 124 3 8.666666666666666 89.77777777777777 0.15337171124865612
B109 0 37 84
z 0 109 37 84
m109 167 0 37 84
B109 1 37 84
B113 0 226 139
B113 1 226 139
B116 2 101 102
z 2 116 101 102
m116 35 2 101 102
z 2 116 101 102
m116 59 2 101 102
z 2 116 101 102
m116 83 2 101 102
z 2 116 101 102
m116 186 2 101 102
B134 1 383 124
z 1 134 383 124
m134 52 1 383 124
z 1 134 383 124
m134 93 1 383 124
z 1 134 383 124
m134 100 1 383 124
z 1 134 383 124
m134 105 1 383 124
z 1 134 383 124
m134 106 1 383 124
z 1 134 383 124
m134 213 1 383 124
z 1 134 383 124
m134 217 1 383 124
B135 0 252 47
z 0 135 252 47
m135 183 0 252 47
z 0 135 252 47
m135 189 0 252 47
B137 2 180 54
z 2 137 180 54
m137 27 2 180 54
z 2 137 180 54
m137 35 2 180 54
z 2 137 180 54
m137 47 2 180 54
z 2 137 180 54
m137 59 2 180 54
z 2 137 180 54
m137 83 2 180 54
z 2 137 180 54
m137 152 2 180 54
z 2 137 180 54
m137 186 2 180 54
z 2 137 180 54
m137 192 2 180 54
B138 2 352 386
z 2 138 352 386
m138 94 2 352 386
B140 2 231 277
z 2 140 231 277
m140 68 2 231 277
z 2 140 231 277
m140 110 2 231 277
B152 0 199 73
z 0 152 199 73
m152 24 0 199 73
z 0 152 199 73
m152 59 0 199 73
B152 1 199 73
z 1 152 199 73
m152 24 1 199 73
z 1 152 199 73
m152 41 1 199 73
z 1 152 199 73
m152 59 1 199 73
z 1 152 199 73
m152 98 1 199 73
z 1 152 199 73
m152 135 1 199 73
z 1 152 199 73
m152 155 1 199 73
B152 3 199 73
z 3 152 199 73
m152 24 3 10.11111111111111 121.22222222222221 0.0
B155 0 221 41
z 0 155 221 41
m155 24 0 221 41
z 0 155 221 41
m155 183 0 221 41
z 0 155 221 41
m155 189 0 221 41
B155 3 221 41
z 3 155 221 41
m155 24 3 10.222222222222221 122.22222222222221 0.0
B156 0 476 165
z 0 156 476 165
m156 11 0 476 165
z 0 156 476 165
m156 55 0 476 165
z 0 156 476 165
m156 69 0 476 165
z 0 156 476 165
m156 177 0 476 165
B156 1 476 165
B164 3 451 199
z 3 164 451 199
m164 69 3 8.666666666666666 89.77777777777777 0.15337171124865612
z 3 164 451 199
m164 124 3 8.666666666666666 89.77777777777777 0.15337171124865612
B168 0 198 202
B168 1 198 202
B168 2 198 202
B168 3 198 202
B169 0 221 95
z 0 169 221 95
m169 34 0 221 95
B169 1 221 95
z 1 169 221 95
m169 34 1 221 95
B170 0 415 368
z 0 170 415 368
m170 94 0 415 368
B170 1 415 368
z 1 170 415 368
m170 94 1 415 368
B173 0 88 82
z 0 173 88 82
m173 167 0 88 82
B173 1 88 82
z 1 173 88 82
m173 167 1 88 82
B174 2 121 86
B175 2 174 375
B179 2 102 148
z 2 179 102 148
m179 35 2 102 148
z 2 179 102 148
m179 59 2 102 148
z 2 179 102 148
m179 83 2 102 148
z 2 179 102 148
m179 186 2 102 148
B179 3 102 148
B180 0 384 174
z 0 180 384 174
m180 52 0 384 174
z 0 180 384 174
m180 100 0 384 174
z 0 180 384 174
m180 105 0 384 174
z 0 180 384 174
m180 177 0 384 174
B180 1 384 174
z 1 180 384 174
m180 52 1 384 174
z 1 180 384 174
m180 100 1 384 174
z 1 180 384 174
m180 105 1 384 174
z 1 180 384 174
m180 106 1 384 174
z 1 180 384 174
m180 177 1 384 174
z 1 180 384 174
m180 213 1 384 174
B180 3 384 174
z 3 180 384 174
m180 177 3 9.11111111111111 96.88888888888889 0.0
z 3 180 384 174
m180 52 3 9.11111111111111 96.88888888888889 0.0
z 3 180 384 174
m180 124 3 9.11111111111111 96.88888888888889 0.0
B181 2 203 232
z 2 181 203 232
m181 68 2 203 232
B184 0 434 486
z 0 184 434 486
m184 15 0 434 486
z 0 184 434 486
m184 71 0 434 486
z 0 184 434 486
m184 148 0 434 486
B185 0 204 52
z 0 185 204 52
m185 59 0 204 52
z 0 185 204 52
m185 183 0 204 52
B185 1 204 52
z 1 185 204 52
m185 41 1 204 52
z 1 185 204 52
m185 59 1 204 52
z 1 185 204 52
m185 98 1 204 52
z 1 185 204 52
m185 135 1 204 52
z 1 185 204 52
m185 155 1 204 52
z 1 185 204 52
m185 183 1 204 52
B185 3 204 52
z 3 185 204 52
m185 113 3 10.0 109.77777777777777 0.0
z 3 185 204 52
m185 59 3 10.0 109.77777777777777 0.0
z 3 185 204 52
m185 135 3 10.0 109.77777777777777 0.0
B186 0 138 98
z 0 186 138 98
m186 59 0 138 98
B186 1 138 98
B186 3 138 98
z 3 186 138 98
m186 59 3 9.777777777777777 119.55555555555556 1.0
B187 0 427 297
z 0 187 427 297
m187 49 0 427 297
z 0 187 427 297
m187 128 0 427 297
z 0 187 427 297
m187 161 0 427 297
B187 1 427 297
z 1 187 427 297
m187 25 1 427 297
z 1 187 427 297
m187 49 1 427 297
z 1 187 427 297
m187 128 1 427 297
z 1 187 427 297
m187 161 1 427 297
B192 0 167 91
z 0 192 167 91
m192 59 0 167 91
B192 1 167 91
B192 3 167 91
B194 2 273 321
z 2 194 273 321
m194 110 2 273 321
B199 0 471 147
z 0 199 471 147
m199 11 0 471 147
z 0 199 471 147
m199 55 0 471 147
z 0 199 471 147
m199 69 0 471 147
z 0 199 471 147
m199 177 0 471 147
B199 1 471 147
z 1 199 471 147
m199 11 1 471 147
z 1 199 471 147
m199 55 1 471 147
z 1 199 471 147
m199 69 1 471 147
z 1 199 471 147
m199 177 1 471 147
B199 3 471 147
z 3 199 471 147
m199 177 3 9.222222222222223 99.22222222222223 0.0
z 3 199 471 147
m199 55 3 9.222222222222223 99.22222222222223 0.0
B208 0 446 400
z 0 208 446 400
m208 12 0 446 400
z 0 208 446 400
m208 71 0 446 400
z 0 208 446 400
m208 74 0 446 400
z 0 208 446 400
m208 125 0 446 400
B210 0 228 159
B210 1 228 159
B210 3 228 159
B213 0 365 104
z 0 213 365 104
m213 28 0 365 104
z 0 213 365 104
m213 52 0 365 104
z 0 213 365 104
m213 93 0 365 104
z 0 213 365 104
m213 100 0 365 104
z 0 213 365 104
m213 105 0 365 104
z 0 213 365 104
m213 111 0 365 104
z 0 213 365 104
m213 176 0 365 104
B213 3 365 104
z 3 213 365 104
m213 111 3 9.88888888888889 113.44444444444446 0.0
z 3 213 365 104
m213 14 3 9.88888888888889 113.44444444444446 0.0
z 3 213 365 104
m213 176 3 9.88888888888889 113.44444444444446 0.0
z 3 213 365 104
m213 100 3 9.88888888888889 113.44444444444446 0.0
z 3 213 365 104
m213 105 3 9.88888888888889 113.44444444444446 0.0
z 3 213 365 104
m213 52 3 9.88888888888889 113.44444444444446 0.0
z 3 213 365 104
m213 93 3 9.88888888888889 113.44444444444446 0.0
B216 0 472 376
z 0 216 472 376
m216 94 0 472 376
B216 1 472 376
z 1 216 472 376
m216 94 1 472 376
B216 3 472 376
z 3 216 472 376
m216 94 3 8.625 91.625 -1.0
B217 0 357 132
z 0 217 357 132
m217 0 0 357 132
z 0 217 357 132
m217 2 0 357 132
z 0 217 357 132
m217 28 0 357 132
z 0 217 357 132
m217 52 0 357 132
z 0 217 357 132
m217 93 0 357 132
z 0 217 357 132
m217 100 0 357 132
z 0 217 357 132
m217 105 0 357 132
z 0 217 357 132
m217 176 0 357 132
z 0 217 357 132
m217 196 0 357 132
B0 0 344 83
B2 0 305 144
B2 1 305 144
z 1 2 305 144
m2 0 1 305 144
z 1 2 305 144
m2 196 1 305 144
B2 3 305 144
B11 0 455 181
B11 1 455 181
B11 3 455 181
B12 0 468 409
B14 3 381 205
B15 0 425 491
B21 0 430 63
z 0 21 430 63
m21 29 0 430 63
z 0 21 430 63
m21 50 0 430 63
z 0 21 430 63
m21 129 0 430 63
z 0 21 430 63
m21 131 0 430 63
z 0 21 430 63
m21 157 0 430 63
z 0 21 430 63
m21 158 0 430 63
z 0 21 430 63
m21 166 0 430 63
B21 3 430 63
z 3 21 430 63
m21 166 3 10.1 120.5 0.0
z 3 21 430 63
m21 23 3 10.1 120.5 0.0
z 3 21 430 63
m21 131 3 10.1 120.5 0.0
z 3 21 430 63
m21 50 3 10.1 120.5 0.0
z 3 21 430 63
m21 158 3 10.1 120.5 0.0
z 3 21 430 63
m21 29 3 10.1 120.5 0.0
z 3 21 430 63
m21 129 3 10.1 120.5 0.0
B23 0 449 119
z 0 23 449 119
m23 50 0 449 119
z 0 23 449 119
m23 70 0 449 119
z 0 23 449 119
m23 78 0 449 119
z 0 23 449 119
m23 131 0 449 119
z 0 23 449 119
m23 157 0 449 119
B24 0 150 12
z 0 24 150 12
m24 8 0 150 12
B24 1 150 12
B24 3 150 12
B25 1 417 340
z 1 25 417 340
m25 94 1 417 340
B26 2 303 192
z 2 26 303 192
m26 67 2 303 192
z 2 26 303 192
m26 108 2 303 192
B27 2 275 70
z 2 27 275 70
m27 51 2 275 70
z 2 27 275 70
m27 98 2 275 70
z 2 27 275 70
m27 135 2 275 70
z 2 27 275 70
m27 155 2 275 70
z 2 27 275 70
m27 183 2 275 70
B28 0 344 60
z 0 28 344 60
m28 127 0 344 60
B28 3 344 60
z 3 28 344 60
m28 127 3 9.4 106.39999999999999 0.0
B34 0 303 142
B34 1 303 142
B34 3 303 142
B35 2 179 138
B41 1 149 19
z 1 41 149 19
m41 8 1 149 19
z 1 41 149 19
m41 189 1 149 19
B45 0 325 6
z 0 45 325 6
m45 6 0 325 6
z 0 45 325 6
m45 127 0 325 6
z 0 45 325 6
m45 191 0 325 6
B45 3 325 6
z 3 45 325 6
m45 196 3 9.6 108.39999999999999 0.0
z 3 45 325 6
m45 6 3 9.6 108.39999999999999 0.0
z 3 45 325 6
m45 54 3 9.6 108.39999999999999 0.0
B47 2 137 31
z 2 47 137 31
m47 24 2 137 31
z 2 47 137 31
m47 41 2 137 31
z 2 47 137 31
m47 98 2 137 31
z 2 47 137 31
m47 155 2 137 31
B49 0 399 311
z 0 49 399 311
m49 94 0 399 311
B49 1 399 311
z 1 49 399 311
m49 94 1 399 311
B52 0 416 145
B52 1 416 145
B52 3 416 145
z 3 52 416 145
m52 54 3 9.5 107.3 0.0
B53 2 243 188
B54 0 358 86
B55 0 432 186
B55 1 432 186
B55 3 432 186
B59 0 155 107
B59 1 155 107
B59 2 155 107
z 2 59 155 107
m59 98 2 155 107
B59 3 155 107
B60 2 324 283
B68 2 172 185
B69 0 484 153
B69 1 484 153
B69 3 484 153
B71 0 487 437
B74 0 487 424
B82 0 329 254
B82 1 329 254
B82 2 329 254
B83 2 208 100
z 2 83 208 100
m83 98 2 208 100
z 2 83 208 100
m83 183 2 208 100
B93 0 313 120
B93 1 313 120
z 1 93 313 120
m93 54 1 313 120
z 1 93 313 120
m93 89 1 313 120
z 1 93 313 120
m93 196 1 313 120
B93 3 313 120
z 3 93 313 120
m93 196 3 9.4 106.39999999999999 0.0
B98 1 181 60
z 1 98 181 60
m98 189 1 181 60
B99 0 422 90
z 0 99 422 90
m99 50 0 422 90
z 0 99 422 90
m99 131 0 422 90
z 0 99 422 90
m99 157 0 422 90
B100 0 367 166
B100 1 367 166
B100 3 367 166
B102 2 378 470
B102 3 378 470
B105 0 376 174
B105 1 376 174
B105 3 376 174
B106 1 461 95
z 1 106 461 95
m106 21 1 461 95
z 1 106 461 95
m106 23 1 461 95
z 1 106 461 95
m106 99 1 461 95
z 1 106 461 95
m106 111 1 461 95
z 1 106 461 95
m106 136 1 461 95
z 1 106 461 95
m106 157 1 461 95
z 1 106 461 95
m106 176 1 461 95
B107 3 379 473
B110 2 285 334
B111 0 447 83
z 0 111 447 83
m111 50 0 447 83
z 0 111 447 83
m111 70 0 447 83
z 0 111 447 83
m111 131 0 447 83
z 0 111 447 83
m111 157 0 447 83
B111 3 447 83
z 3 111 447 83
m111 131 3 9.5 105.7 0.0
z 3 111 447 83
m111 70 3 9.5 105.7 0.0
z 3 111 447 83
m111 50 3 9.5 105.7 0.0
B113 2 216 161
z 2 113 216 161
m113 67 2 216 161
B113 3 216 161
B115 2 98 211
B121 2 458 450
z 2 121 458 450
m121 125 2 458 450
z 2 121 458 450
m121 148 2 458 450
z 2 121 458 450
m121 170 2 458 450
z 2 121 458 450
m121 208 2 458 450
z 2 121 458 450
m121 216 2 458 450
B124 3 399 185
B125 0 477 450
B128 0 446 257
B128 1 446 257
B135 1 275 55
B135 3 275 55
B136 0 378 77
z 0 136 378 77
m136 129 0 378 77
z 0 136 378 77
m136 157 0 378 77
B136 3 378 77
z 3 136 378 77
m136 129 3 10.6 132.00000000000003 0.0
z 3 136 378 77
m136 23 3 10.6 132.00000000000003 0.0
z 3 136 378 77
m136 157 3 10.6 132.00000000000003 0.0
z 3 136 378 77
m136 99 3 10.6 132.00000000000003 0.0
B148 0 462 468
B152 2 222 78
B155 1 216 64
z 1 155 216 64
m155 189 1 216 64
z 1 155 216 64
m155 191 1 216 64
B156 3 468 142
B161 0 460 342
B161 1 460 342
z 1 161 460 342
m161 12 1 460 342
B167 0 6 36
z 0 167 6 36
m167 66 0 6 36
B167 1 6 36
z 1 167 6 36
m167 66 1 6 36
B169 2 206 75
z 2 169 206 75
m169 98 2 206 75
z 2 169 206 75
m169 135 2 206 75
z 2 169 206 75
m169 183 2 206 75
B169 3 206 75
z 3 169 206 75
m169 183 3 9.5 112.5 1.0
B176 0 432 40
z 0 176 432 40
m176 6 0 432 40
z 0 176 432 40
m176 29 0 432 40
z 0 176 432 40
m176 50 0 432 40
z 0 176 432 40
m176 70 0 432 40
z 0 176 432 40
m176 78 0 432 40
z 0 176 432 40
m176 127 0 432 40
z 0 176 432 40
m176 129 0 432 40
z 0 176 432 40
m176 131 0 432 40
z 0 176 432 40
m176 157 0 432 40
z 0 176 432 40
m176 158 0 432 40
B176 3 432 40
z 3 176 432 40
m176 0 3 10.5 127.3 0.0
z 3 176 432 40
m176 54 3 10.5 127.3 0.0
z 3 176 432 40
m176 23 3 10.5 127.3 0.0
z 3 176 432 40
m176 99 3 10.5 127.3 0.0
z 3 176 432 40
m176 70 3 10.5 127.3 0.0
z 3 176 432 40
m176 50 3 10.5 127.3 0.0
z 3 176 432 40
m176 158 3 10.5 127.3 0.0
z 3 176 432 40
m176 78 3 10.5 127.3 0.0
z 3 176 432 40
m176 127 3 10.5 127.3 0.0
z 3 176 432 40
m176 131 3 10.5 127.3 0.0
z 3 176 432 40
m176 6 3 10.5 127.3 0.0
B177 0 499 196
B177 1 499 196
B177 3 499 196
B183 0 223 80
B183 1 223 80
z 1 183 223 80
m183 189 1 223 80
B184 2 415 471
z 2 184 415 471
m184 15 2 415 471
z 2 184 415 471
m184 125 2 415 471
z 2 184 415 471
m184 148 2 415 471
B184 3 415 471
z 3 184 415 471
m184 125 3 6.4 63.4 0.39455895390070883
B185 2 196 29
z 2 185 196 29
m185 41 2 196 29
z 2 185 196 29
m185 98 2 196 29
z 2 185 196 29
m185 135 2 196 29
z 2 185 196 29
m185 155 2 196 29
z 2 185 196 29
m185 183 2 196 29
z 2 185 196 29
m185 189 2 196 29
B186 2 114 102
B189 0 209 18
B192 2 145 101
z 2 192 145 101
m192 98 2 145 101
B196 0 365 98
B203 2 306 129
z 2 203 306 129
m203 2 2 306 129
z 2 203 306 129
m203 34 2 306 129
z 2 203 306 129
m203 51 2 306 129
z 2 203 306 129
m203 67 2 306 129
z 2 203 306 129
m203 217 2 306 129
B210 2 215 179
B213 1 344 93
z 1 213 344 93
m213 0 1 344 93
z 1 213 344 93
m213 28 1 344 93
z 1 213 344 93
m213 54 1 344 93
z 1 213 344 93
m213 136 1 344 93
z 1 213 344 93
m213 196 1 344 93
B217 1 338 147
z 1 217 338 147
m217 0 1 338 147
z 1 217 338 147
m217 54 1 338 147
z 1 217 338 147
m217 196 1 338 147
B217 3 338 147
z 3 217 338 147
m217 0 3 9.4 106.39999999999999 0.0
B219 2 70 280
B0 1 324 95
B0 3 324 95
B2 2 290 163
B6 0 420 38
B6 3 420 38
B8 0 125 63
B8 1 125 63
B12 1 449 423
z 1 12 449 423
m12 71 1 449 423
z 1 12 449 423
m12 74 1 449 423
z 1 12 449 423
m12 148 1 449 423
z 1 12 449 423
m12 208 1 449 423
B15 2 401 487
B21 1 409 51
z 1 21 409 51
m21 29 1 409 51
z 1 21 409 51
m21 127 1 409 51
z 1 21 409 51
m21 129 1 409 51
z 1 21 409 51
m21 158 1 409 51
B23 1 451 143
B23 3 451 143
B24 2 126 15
z 2 24 126 15
m24 8 2 126 15
B28 1 322 50
z 1 28 322 50
m28 45 1 322 50
z 1 28 322 50
m28 127 1 322 50
B29 0 430 37
B29 3 430 37
B34 2 309 165
z 2 34 309 165
m34 0 2 309 165
z 2 34 309 165
m34 91 2 309 165
z 2 34 309 165
m34 93 2 309 165
z 2 34 309 165
m34 100 2 309 165
z 2 34 309 165
m34 213 2 309 165
B41 2 126 28
B50 0 468 9
B50 3 468 9
B51 2 331 75
z 2 51 331 75
m51 0 2 331 75
z 2 51 331 75
m51 28 2 331 75
z 2 51 331 75
m51 45 2 331 75
z 2 51 331 75
m51 54 2 331 75
z 2 51 331 75
m51 89 2 331 75
z 2 51 331 75
m51 93 2 331 75
z 2 51 331 75
m51 196 2 331 75
z 2 51 331 75
m51 213 2 331 75
B54 1 353 110
B54 3 353 110
B66 0 32 24
B66 1 32 24
B67 2 321 190
B70 0 490 45
B70 3 490 45
B78 0 484 57
B78 3 484 57
B89 1 319 1
z 1 89 319 1
m89 45 1 319 1
B98 2 172 82
B99 1 401 80
z 1 99 401 80
m99 29 1 401 80
z 1 99 401 80
m99 127 1 401 80
z 1 99 401 80
m99 129 1 401 80
z 1 99 401 80
m99 158 1 401 80
B99 3 401 80
B108 2 320 184
z 2 108 320 184
m108 14 2 320 184
z 2 108 320 184
m108 79 2 320 184
z 2 108 320 184
m108 91 2 320 184
z 2 108 320 184
m108 93 2 320 184
z 2 108 320 184
m108 100 2 320 184
z 2 108 320 184
m108 105 2 320 184
z 2 108 320 184
m108 124 2 320 184
z 2 108 320 184
m108 180 2 320 184
z 2 108 320 184
m108 188 2 320 184
B111 1 444 59
z 1 111 444 59
m111 6 1 444 59
z 1 111 444 59
m111 29 1 444 59
z 1 111 444 59
m111 50 1 444 59
z 1 111 444 59
m111 70 1 444 59
z 1 111 444 59
m111 78 1 444 59
z 1 111 444 59
m111 127 1 444 59
z 1 111 444 59
m111 129 1 444 59
z 1 111 444 59
m111 131 1 444 59
z 1 111 444 59
m111 158 1 444 59
B125 2 475 474
z 2 125 475 474
m125 71 2 475 474
z 2 125 475 474
m125 74 2 475 474
B125 3 475 474
z 3 125 475 474
m125 15 3 6.2727272727272725 59.90909090909091 0.56183268889538
z 3 125 475 474
m125 74 3 6.2727272727272725 59.90909090909091 0.56183268889538
z 3 125 475 474
m125 148 3 6.2727272727272725 59.90909090909091 0.56183268889538
B127 0 382 59
B127 3 382 59
B129 0 472 40
B129 3 472 40
B131 0 461 7
B131 3 461 7
B135 2 298 63
z 2 135 298 63
m135 0 2 298 63
z 2 135 298 63
m135 28 2 298 63
z 2 135 298 63
m135 45 2 298 63
z 2 135 298 63
m135 89 2 298 63
z 2 135 298 63
m135 191 2 298 63
B136 1 361 95
B148 2 446 450
B155 2 212 88
B157 0 435 89
B157 1 435 89
B157 3 435 89
B158 0 483 56
B158 3 483 56
B166 0 488 63
B166 3 488 63
B170 2 378 399
z 2 170 378 399
m170 149 2 378 399
B176 1 456 34
z 1 176 456 34
m176 6 1 456 34
z 1 176 456 34
m176 29 1 456 34
z 1 176 456 34
m176 50 1 456 34
z 1 176 456 34
m176 70 1 456 34
z 1 176 456 34
m176 78 1 456 34
z 1 176 456 34
m176 127 1 456 34
z 1 176 456 34
m176 129 1 456 34
z 1 176 456 34
m176 131 1 456 34
z 1 176 456 34
m176 158 1 456 34
z 1 176 456 34
m176 166 1 456 34
B183 2 203 92
B183 3 203 92
B189 1 185 21
B189 2 185 21
B191 0 228 18
B191 1 228 18
z 1 191 228 18
m191 45 1 228 18
B196 1 370 122
B196 3 370 122
B208 2 441 353
z 2 208 441 353
m208 4 2 441 353
z 2 208 441 353
m208 12 2 441 353
z 2 208 441 353
m208 25 2 441 353
z 2 208 441 353
m208 71 2 441 353
z 2 208 441 353
m208 74 2 441 353
z 2 208 441 353
m208 161 2 441 353
B216 2 493 419
z 2 216 493 419
m216 12 2 493 419
z 2 216 493 419
m216 71 2 493 419
z 2 216 493 419
m216 74 2 493 419
B217 2 319 161
z 2 217 319 161
m217 54 2 319 161
z 2 217 319 161
m217 91 2 319 161
z 2 217 319 161
m217 93 2 319 161
z 2 217 319 161
m217 100 2 319 161
z 2 217 319 161
m217 105 2 319 161
z 2 217 319 161
m217 180 2 319 161
z 2 217 319 161
m217 196 2 319 161
z 2 217 319 161
m217 213 2 319 161
B0 2 303 108
B4 2 493 382
B6 1 424 61
B8 2 136 84
z 2 8 136 84
m8 173 2 136 84
B12 2 429 437
B14 2 387 252
B15 3 377 483
B25 2 416 292
z 2 25 416 292
m25 49 2 416 292
z 2 25 416 292
m25 62 2 416 292
z 2 25 416 292
m25 128 2 416 292
z 2 25 416 292
m25 163 2 416 292
z 2 25 416 292
m25 187 2 416 292
B28 2 301 39
z 2 28 301 39
m28 127 2 301 39
B29 1 411 52
B45 1 279 18
B45 2 279 18
B50 1 467 15
B54 2 348 133
B70 1 466 43
B71 1 460 477
z 1 71 460 477
m71 125 1 460 477
B71 2 460 477
B74 1 443 444
z 1 74 443 444
m74 184 1 443 444
B74 2 443 444
B74 3 443 444
B78 1 494 69
B79 2 320 280
B89 2 331 20
B91 2 313 93
z 2 91 313 93
m91 136 2 313 93
B93 2 280 155
B100 2 327 191
B105 2 379 222
z 2 105 379 222
m105 11 2 379 222
z 2 105 379 222
m105 52 2 379 222
z 2 105 379 222
m105 55 2 379 222
z 2 105 379 222
m105 128 2 379 222
B124 2 383 140
z 2 124 383 140
m124 23 2 383 140
z 2 124 383 140
m124 52 2 383 140
z 2 124 383 140
m124 136 2 383 140
B127 1 367 77
B129 1 494 50
B131 1 482 18
B148 1 431 432
B148 3 431 432
B149 2 309 393
B158 1 496 76
B161 2 413 352
z 2 161 413 352
m161 94 2 413 352
B166 1 481 86
B180 2 314 192
B188 2 431 155
B191 2 205 22
B196 2 375 145
z 2 196 375 145
m196 136 2 375 145
B208 1 439 329
B213 2 302 70
z 2 213 302 70
m213 136 2 302 70
B11 2 406 234
z 2 11 406 234
m11 22 2 406 234
z 2 11 406 234
m11 160 2 406 234
z 2 11 406 234
m11 177 2 406 234
B23 2 454 191
B49 2 328 301
B52 2 461 201
z 2 52 461 201
m52 157 2 461 201
z 2 52 461 201
m52 160 2 461 201
z 2 52 461 201
m52 177 2 461 201
B55 2 396 249
z 2 55 396 249
m55 22 2 396 249
z 2 55 396 249
m55 160 2 396 249
z 2 55 396 249
m55 177 2 396 249
B62 2 342 365
z 2 62 342 365
m62 94 2 342 365
B125 1 453 485
z 1 125 453 485
m125 87 1 453 485
B127 2 351 95
z 2 127 351 95
m127 6 2 351 95
z 2 127 351 95
m127 21 2 351 95
z 2 127 351 95
m127 29 2 351 95
z 2 127 351 95
m127 99 2 351 95
z 2 127 351 95
m127 134 2 351 95
B128 2 390 212
z 2 128 390 212
m128 160 2 390 212
z 2 128 390 212
m128 177 2 390 212
B136 2 329 130
B163 2 467 288
B173 2 172 127
B184 1 360 425
B187 2 447 203
B6 2 432 109
z 2 6 432 109
m6 50 2 432 109
z 2 6 432 109
m6 69 2 432 109
z 2 6 432 109
m6 70 2 432 109
z 2 6 432 109
m6 78 2 432 109
z 2 6 432 109
m6 106 2 432 109
z 2 6 432 109
m6 129 2 432 109
z 2 6 432 109
m6 156 2 432 109
z 2 6 432 109
m6 158 2 432 109
z 2 6 432 109
m6 199 2 432 109
B21 2 346 16
B22 2 435 282
z 2 22 435 282
m22 16 2 435 282
B29 2 374 83
z 2 29 374 83
m29 69 2 374 83
z 2 29 374 83
m29 199 2 374 83
B87 1 458 450
z 1 87 458 450
m87 102 1 458 450
B99 2 335 49
B134 2 456 30
z 2 134 456 30
m134 50 2 456 30
z 2 134 456 30
m134 70 2 456 30
z 2 134 456 30
m134 78 2 456 30
z 2 134 456 30
m134 106 2 456 30
z 2 134 456 30
m134 111 2 456 30
z 2 134 456 30
m134 129 2 456 30
z 2 134 456 30
m134 131 2 456 30
z 2 134 456 30
m134 156 2 456 30
z 2 134 456 30
m134 158 2 456 30
z 2 134 456 30
m134 166 2 456 30
z 2 134 456 30
m134 176 2 456 30
z 2 134 456 30
m134 199 2 456 30
B157 2 428 161
B160 2 386 211
z 2 160 386 211
m160 16 2 386 211
B177 2 419 249
z 2 177 419 249
m177 16 2 419 249
B16 2 454 189
B50 2 470 86
z 2 50 470 86
m50 164 2 470 86
B69 2 388 80
B70 2 394 39
B78 2 424 50
z 2 78 424 50
m78 164 2 424 50
B102 1 399 444
z 1 102 399 444
m102 15 1 399 444
B106 2 416 86
B111 2 408 23
B129 2 466 112
B131 2 492 80
z 2 131 492 80
m131 164 2 492 80
B156 2 429 28
B158 2 431 88
z 2 158 431 88
m158 164 2 431 88
B166 2 460 155
B176 2 452 45
B199 2 443 6
B15 1 283 468
B164 2 441 71
