460 400 352 413
s 0 95 323 52 0
s 1 398 217 207 0
s 2 66 334 264 0
s 3 316 401 272 0
s 4 315 249 211 0
s 5 432 447 317 0
s 6 145 316 248 0
s 7 119 177 271 0
s 8 64 375 169 0
s 9 271 409 237 0
s 10 115 46 216 0
s 11 252 165 292 0
s 12 355 297 71 0
s 13 173 416 268 0
s 14 71 116 82 0
s 15 418 221 306 0
s 16 48 76 270 0
s 17 177 209 38 0
s 18 449 323 220 0
s 19 282 379 168 0
s 20 13 57 8 0
s 21 226 202 332 0
s 22 156 94 216 0
s 23 155 497 23 0
s 24 291 61 130 0
s 25 156 361 45 0
s 26 24 16 13 0
s 27 88 88 240 0
s 28 252 220 283 0
s 29 259 475 40 0
s 30 267 64 209 0
s 31 290 292 186 0
s 32 444 491 316 0
s 33 112 161 230 0
s 34 184 446 1 0
s 35 210 188 89 0
s 36 261 380 216 0
s 37 352 413 83 0
s 38 417 290 110 0
s 39 299 448 238 0
s 40 4 171 268 0
s 41 46 296 284 0
s 42 331 189 48 0
s 43 363 274 68 0
s 44 36 403 231 0
s 45 263 102 169 0
s 46 434 411 29 0
s 47 28 112 271 0
s 48 400 84 298 0
s 49 357 265 35 0
s 50 162 342 202 0
s 51 241 249 142 0
s 52 149 23 248 0
s 53 455 278 78 0
s 54 449 470 71 0
s 55 294 224 129 0
s 56 460 400 37 0
s 57 474 71 62 0
s 58 156 458 5 0
s 59 218 282 50 0
s 60 267 49 17 0
s 61 438 424 300 0
s 62 191 82 50 0
s 63 452 133 6 0
s 64 151 122 117 0
s 65 213 496 73 0
s 66 75 480 330 0
s 67 495 340 188 0
s 68 107 154 163 0
s 69 135 326 193 0
s 70 167 380 150 0
s 71 291 369 187 0
s 72 72 172 41 0
s 73 364 392 264 0
s 74 381 127 216 0
s 75 367 123 47 0
s 76 128 356 157 0
s 77 103 360 350 0
s 78 454 481 300 0
s 79 243 237 235 0
s 80 339 323 40 0
s 81 153 40 237 0
s 82 107 307 255 0
s 83 399 381 39 0
s 84 410 428 246 0
s 85 52 361 104 0
s 86 436 394 33 0
s 87 11 8 98 0
s 88 94 47 42 0
s 89 342 286 357 0
s 90 331 255 109 0
s 91 441 196 319 0
s 92 272 78 197 0
s 93 249 85 122 0
s 94 461 348 254 0
s 95 345 96 242 0
s 96 28 412 63 0
s 97 353 233 234 0
s 98 36 227 67 0
s 99 5 455 234 0
s 100 316 409 260 0
s 101 491 382 79 0
s 102 4 212 91 0
s 103 330 279 32 0
s 104 395 366 223 0
s 105 431 458 192 0
s 106 255 198 352 0
s 107 205 342 341 0
s 108 206 239 352 0
s 109 489 330 156 0
s 110 49 246 182 0
s 111 162 90 78 0
s 112 171 285 111 0
s 113 487 285 220 0
s 114 33 143 315 0
s 115 28 332 194 0
s 116 122 29 25 0
s 117 112 203 19 0
s 118 51 79 159 0
s 119 24 179 265 0
s 120 65 367 329 0
s 121 380 314 223 0
s 122 365 98 68 0
s 123 370 265 214 0
s 124 444 275 199 0
s 125 59 270 176 0
s 126 413 438 166 0
s 127 294 35 92 0
s 128 298 17 164 0
s 129 30 25 215 0
s 130 381 330 155 0
s 131 374 228 35 0
s 132 358 339 34 0
s 133 162 47 143 0
s 134 107 251 347 0
s 135 435 106 138 0
s 136 112 31 78 0
s 137 377 368 333 0
s 138 187 69 239 0
s 139 253 74 221 0
s 140 188 334 72 0
s 141 159 252 98 0
s 142 119 395 260 0
s 143 66 466 288 0
s 144 159 488 129 0
s 145 318 425 15 0
s 146 389 372 191 0
s 147 379 64 96 0
s 148 390 298 122 0
s 149 367 341 175 0
s 150 91 482 353 0
s 151 299 318 143 0
s 152 499 410 250 0
s 153 397 314 119 0
s 154 461 329 44 0
s 155 57 196 359 0
s 156 281 495 231 0
s 157 354 107 79 0
s 158 106 186 42 0
s 159 98 222 261 0
s 160 90 345 26 0
s 161 122 147 24 0
s 162 223 427 131 0
s 163 47 469 222 0
s 164 165 359 30 0
s 165 286 488 311 0
s 166 216 264 182 0
s 167 495 89 172 0
s 168 267 178 224 0
s 169 437 489 311 0
s 170 351 32 134 0
s 171 484 400 128 0
s 172 191 151 151 0
s 173 305 306 17 0
s 174 434 12 101 0
s 175 164 94 144 0
s 176 330 82 195 0
s 177 479 362 271 0
s 178 430 62 195 0
s 179 499 273 73 0
s 180 363 92 305 0
s 181 355 338 299 0
s 182 17 80 191 0
s 183 452 284 244 0
s 184 493 165 124 0
s 185 384 491 187 0
s 186 215 46 290 0
s 187 467 204 116 0
s 188 265 311 356 0
s 189 68 194 150 0
s 190 26 115 74 0
s 191 93 281 196 0
s 192 61 467 97 0
s 193 36 102 55 0
s 194 385 411 123 0
s 195 412 249 140 0
s 196 197 98 343 0
s 197 379 134 295 0
s 198 242 415 30 0
s 199 481 124 252 0
s 200 342 119 243 0
s 201 268 196 294 0
s 202 174 428 196 0
s 203 253 387 38 0
s 204 12 68 122 0
s 205 218 76 281 0
s 206 155 325 347 0
s 207 461 391 102 0
s 208 406 72 64 0
s 209 150 382 283 0
s 210 431 407 6 0
s 211 180 347 164 0
s 212 114 465 61 0
s 213 221 160 96 0
s 214 374 279 64 0
s 215 267 379 103 0
s 216 451 444 144 0
s 217 146 425 27 0
s 218 246 343 185 0
s 219 80 379 218 0
B56 0 462 401
z 0 56 462 401
m56 5 0 462 401
z 0 56 462 401
m56 46 0 462 401
z 0 56 462 401
m56 54 0 462 401
z 0 56 462 401
m56 61 0 462 401
z 0 56 462 401
m56 67 0 462 401
z 0 56 462 401
m56 83 0 462 401
z 0 56 462 401
m56 84 0 462 401
z 0 56 462 401
m56 86 0 462 401
z 0 56 462 401
m56 94 0 462 401
z 0 56 462 401
m56 101 0 462 401
z 0 56 462 401
m56 105 0 462 401
z 0 56 462 401
m56 109 0 462 401
z 0 56 462 401
m56 126 0 462 401
z 0 56 462 401
m56 152 0 462 401
z 0 56 462 401
m56 154 0 462 401
z 0 56 462 401
m56 171 0 462 401
z 0 56 462 401
m56 177 0 462 401
z 0 56 462 401
m56 207 0 462 401
z 0 56 462 401
m56 210 0 462 401
z 0 56 462 401
m56 216 0 462 401
B56 1 462 401
z 1 56 462 401
m56 5 1 462 401
z 1 56 462 401
m56 46 1 462 401
z 1 56 462 401
m56 54 1 462 401
z 1 56 462 401
m56 61 1 462 401
z 1 56 462 401
m56 67 1 462 401
z 1 56 462 401
m56 83 1 462 401
z 1 56 462 401
m56 84 1 462 401
z 1 56 462 401
m56 86 1 462 401
z 1 56 462 401
m56 94 1 462 401
z 1 56 462 401
m56 101 1 462 401
z 1 56 462 401
m56 105 1 462 401
z 1 56 462 401
m56 109 1 462 401
z 1 56 462 401
m56 126 1 462 401
z 1 56 462 401
m56 152 1 462 401
z 1 56 462 401
m56 154 1 462 401
z 1 56 462 401
m56 171 1 462 401
z 1 56 462 401
m56 177 1 462 401
z 1 56 462 401
m56 207 1 462 401
z 1 56 462 401
m56 210 1 462 401
z 1 56 462 401
m56 216 1 462 401
B56 2 462 401
z 2 56 462 401
m56 5 2 462 401
z 2 56 462 401
m56 46 2 462 401
z 2 56 462 401
m56 54 2 462 401
z 2 56 462 401
m56 61 2 462 401
z 2 56 462 401
m56 67 2 462 401
z 2 56 462 401
m56 83 2 462 401
z 2 56 462 401
m56 84 2 462 401
z 2 56 462 401
m56 86 2 462 401
z 2 56 462 401
m56 94 2 462 401
z 2 56 462 401
m56 101 2 462 401
z 2 56 462 401
m56 105 2 462 401
z 2 56 462 401
m56 109 2 462 401
z 2 56 462 401
m56 126 2 462 401
z 2 56 462 401
m56 152 2 462 401
z 2 56 462 401
m56 154 2 462 401
z 2 56 462 401
m56 171 2 462 401
z 2 56 462 401
m56 177 2 462 401
z 2 56 462 401
m56 207 2 462 401
z 2 56 462 401
m56 210 2 462 401
z 2 56 462 401
m56 216 2 462 401
B56 3 462 401
z 3 56 462 401
m56 5 3 20.0 400.0 1.0
z 3 56 462 401
m56 46 3 20.0 400.0 1.0
z 3 56 462 401
m56 54 3 20.0 400.0 1.0
z 3 56 462 401
m56 61 3 20.0 400.0 1.0
z 3 56 462 401
m56 67 3 20.0 400.0 1.0
z 3 56 462 401
m56 83 3 20.0 400.0 1.0
z 3 56 462 401
m56 84 3 20.0 400.0 1.0
z 3 56 462 401
m56 86 3 20.0 400.0 1.0
z 3 56 462 401
m56 94 3 20.0 400.0 1.0
z 3 56 462 401
m56 101 3 20.0 400.0 1.0
z 3 56 462 401
m56 105 3 20.0 400.0 1.0
z 3 56 462 401
m56 109 3 20.0 400.0 1.0
z 3 56 462 401
m56 126 3 20.0 400.0 1.0
z 3 56 462 401
m56 152 3 20.0 400.0 1.0
z 3 56 462 401
m56 154 3 20.0 400.0 1.0
z 3 56 462 401
m56 171 3 20.0 400.0 1.0
z 3 56 462 401
m56 177 3 20.0 400.0 1.0
z 3 56 462 401
m56 207 3 20.0 400.0 1.0
z 3 56 462 401
m56 210 3 20.0 400.0 1.0
z 3 56 462 401
m56 216 3 20.0 400.0 1.0
B5 0 434 445
z 0 5 434 445
m5 32 0 434 445
z 0 5 434 445
m5 78 0 434 445
z 0 5 434 445
m5 169 0 434 445
z 0 5 434 445
m5 185 0 434 445
z 0 5 434 445
m5 194 0 434 445
B5 1 434 445
z 1 5 434 445
m5 32 1 434 445
z 1 5 434 445
m5 78 1 434 445
z 1 5 434 445
m5 169 1 434 445
z 1 5 434 445
m5 185 1 434 445
z 1 5 434 445
m5 194 1 434 445
B5 2 434 445
B5 3 434 445
z 3 5 434 445
m5 32 3 15.0 275.0 1.0
z 3 5 434 445
m5 78 3 15.0 275.0 1.0
z 3 5 434 445
m5 169 3 15.0 275.0 1.0
z 3 5 434 445
m5 185 3 15.0 275.0 1.0
z 3 5 434 445
m5 194 3 15.0 275.0 1.0
B46 0 437 413
z 0 46 437 413
m46 104 0 437 413
z 0 46 437 413
m46 137 0 437 413
z 0 46 437 413
m46 146 0 437 413
B46 1 437 413
B46 2 437 413
B46 3 437 413
z 3 46 437 413
m46 137 3 14.333333333333334 269.6666666666667 0.7498980008159934
z 3 46 437 413
m46 104 3 14.333333333333334 269.6666666666667 0.7498980008159934
B54 0 450 473
B54 1 450 473
B54 2 450 473
z 2 54 450 473
m54 32 2 450 473
z 2 54 450 473
m54 78 2 450 473
z 2 54 450 473
m54 169 2 450 473
z 2 54 450 473
m54 185 2 450 473
B54 3 450 473
B61 0 440 421
B61 1 440 421
z 1 61 440 421
m61 104 1 440 421
z 1 61 440 421
m61 146 1 440 421
B61 2 440 421
z 2 61 440 421
m61 104 2 440 421
z 2 61 440 421
m61 146 2 440 421
z 2 61 440 421
m61 194 2 440 421
B61 3 440 421
z 3 61 440 421
m61 146 3 13.666666666666668 267.0 1.0
B67 0 492 340
z 0 67 492 340
m67 18 0 492 340
z 0 67 492 340
m67 53 0 492 340
z 0 67 492 340
m67 113 0 492 340
z 0 67 492 340
m67 179 0 492 340
z 0 67 492 340
m67 183 0 492 340
B67 1 492 340
z 1 67 492 340
m67 18 1 492 340
z 1 67 492 340
m67 53 1 492 340
z 1 67 492 340
m67 113 1 492 340
z 1 67 492 340
m67 179 1 492 340
z 1 67 492 340
m67 183 1 492 340
B67 2 492 340
z 2 67 492 340
m67 18 2 492 340
z 2 67 492 340
m67 53 2 492 340
z 2 67 492 340
m67 113 2 492 340
z 2 67 492 340
m67 179 2 492 340
z 2 67 492 340
m67 183 2 492 340
B67 3 492 340
z 3 67 492 340
m67 18 3 15.0 275.0 1.0
z 3 67 492 340
m67 53 3 15.0 275.0 1.0
z 3 67 492 340
m67 113 3 15.0 275.0 1.0
z 3 67 492 340
m67 179 3 15.0 275.0 1.0
z 3 67 492 340
m67 183 3 15.0 275.0 1.0
B83 0 402 383
z 0 83 402 383
m83 37 0 402 383
B83 1 402 383
z 1 83 402 383
m83 37 1 402 383
B83 2 402 383
z 2 83 402 383
m83 37 2 402 383
B83 3 402 383
z 3 83 402 383
m83 37 3 20.0 400.0 -1.0
B84 0 408 425
z 0 84 408 425
m84 37 0 408 425
B84 1 408 425
B84 2 408 425
z 2 84 408 425
m84 37 2 408 425
B84 3 408 425
z 3 84 408 425
m84 37 3 20.0 400.0 -1.0
B86 0 438 395
B86 1 438 395
z 1 86 438 395
m86 137 1 438 395
B86 2 438 395
z 2 86 438 395
m86 137 2 438 395
B86 3 438 395
B94 0 460 345
z 0 94 460 345
m94 38 0 460 345
z 0 94 460 345
m94 124 0 460 345
z 0 94 460 345
m94 153 0 460 345
B94 1 460 345
z 1 94 460 345
m94 38 1 460 345
z 1 94 460 345
m94 124 1 460 345
z 1 94 460 345
m94 153 1 460 345
B94 2 460 345
B94 3 460 345
z 3 94 460 345
m94 124 3 14.333333333333334 269.6666666666667 0.7498980008159934
z 3 94 460 345
m94 153 3 14.333333333333334 269.6666666666667 0.7498980008159934
B101 0 491 385
B101 1 491 385
B101 2 491 385
B101 3 491 385
B105 0 428 458
B105 1 428 458
B105 2 428 458
B105 3 428 458
B109 0 486 331
B109 1 486 331
B109 2 486 331
z 2 109 486 331
m109 124 2 486 331
B109 3 486 331
B126 0 410 439
z 0 126 410 439
m126 37 0 410 439
B126 1 410 439
z 1 126 410 439
m126 37 1 410 439
B126 2 410 439
B126 3 410 439
z 3 126 410 439
m126 37 3 20.0 400.0 -1.0
B152 0 497 413
B152 1 497 413
B152 2 497 413
B152 3 497 413
B154 0 463 331
B154 1 463 331
B154 2 463 331
z 2 154 463 331
m154 38 2 463 331
z 2 154 463 331
m154 153 2 463 331
B154 3 463 331
z 3 154 463 331
m154 38 3 13.666666666666668 267.0 1.0
B171 0 482 402
B171 1 482 402
B171 2 482 402
B171 3 482 402
B177 0 479 359
B177 1 479 359
B177 2 479 359
B177 3 479 359
B207 0 461 394
B207 1 461 394
B207 2 461 394
B207 3 461 394
B210 0 434 407
z 0 210 434 407
m210 73 0 434 407
B210 1 434 407
z 1 210 434 407
m210 73 1 434 407
B210 2 434 407
B210 3 434 407
z 3 210 434 407
m210 73 3 13.666666666666668 267.0 1.0
B216 0 449 446
B216 1 449 446
B216 2 449 446
B216 3 449 446
B18 0 446 320
z 0 18 446 320
m18 121 0 446 320
z 0 18 446 320
m18 130 0 446 320
z 0 18 446 320
m18 148 0 446 320
B18 1 446 320
z 1 18 446 320
m18 121 1 446 320
z 1 18 446 320
m18 130 1 446 320
z 1 18 446 320
m18 148 1 446 320
B18 2 446 320
z 2 18 446 320
m18 121 2 446 320
z 2 18 446 320
m18 130 2 446 320
z 2 18 446 320
m18 148 2 446 320
B18 3 446 320
z 3 18 446 320
m18 121 3 12.0 208.5 0.42548076923076894
B32 0 446 488
B32 1 446 488
B32 2 446 488
B32 3 446 488
B38 0 416 294
z 0 38 416 294
m38 12 0 416 294
z 0 38 416 294
m38 43 0 416 294
z 0 38 416 294
m38 49 0 416 294
z 0 38 416 294
m38 89 0 416 294
z 0 38 416 294
m38 123 0 416 294
z 0 38 416 294
m38 131 0 416 294
z 0 38 416 294
m38 132 0 416 294
z 0 38 416 294
m38 149 0 416 294
z 0 38 416 294
m38 181 0 416 294
z 0 38 416 294
m38 195 0 416 294
z 0 38 416 294
m38 214 0 416 294
B38 1 416 294
z 1 38 416 294
m38 12 1 416 294
z 1 38 416 294
m38 43 1 416 294
z 1 38 416 294
m38 49 1 416 294
z 1 38 416 294
m38 89 1 416 294
z 1 38 416 294
m38 123 1 416 294
z 1 38 416 294
m38 131 1 416 294
z 1 38 416 294
m38 132 1 416 294
z 1 38 416 294
m38 149 1 416 294
z 1 38 416 294
m38 181 1 416 294
z 1 38 416 294
m38 195 1 416 294
z 1 38 416 294
m38 214 1 416 294
B38 2 416 294
z 2 38 416 294
m38 12 2 416 294
z 2 38 416 294
m38 43 2 416 294
z 2 38 416 294
m38 49 2 416 294
z 2 38 416 294
m38 89 2 416 294
z 2 38 416 294
m38 123 2 416 294
z 2 38 416 294
m38 131 2 416 294
z 2 38 416 294
m38 132 2 416 294
z 2 38 416 294
m38 149 2 416 294
z 2 38 416 294
m38 181 2 416 294
z 2 38 416 294
m38 195 2 416 294
z 2 38 416 294
m38 214 2 416 294
B38 3 416 294
z 3 38 416 294
m38 12 3 13.5 242.5 1.0
z 3 38 416 294
m38 43 3 13.5 242.5 1.0
z 3 38 416 294
m38 49 3 13.5 242.5 1.0
z 3 38 416 294
m38 89 3 13.5 242.5 1.0
z 3 38 416 294
m38 123 3 13.5 242.5 1.0
z 3 38 416 294
m38 130 3 13.5 242.5 1.0
z 3 38 416 294
m38 131 3 13.5 242.5 1.0
z 3 38 416 294
m38 132 3 13.5 242.5 1.0
z 3 38 416 294
m38 148 3 13.5 242.5 1.0
z 3 38 416 294
m38 149 3 13.5 242.5 1.0
z 3 38 416 294
m38 181 3 13.5 242.5 1.0
z 3 38 416 294
m38 195 3 13.5 242.5 1.0
z 3 38 416 294
m38 214 3 13.5 242.5 1.0
B53 0 456 282
z 0 53 456 282
m53 15 0 456 282
B53 1 456 282
z 1 53 456 282
m53 15 1 456 282
B53 2 456 282
B53 3 456 282
z 3 53 456 282
m53 15 3 11.5 206.5 1.0
B73 0 363 388
z 0 73 363 388
m73 37 0 363 388
B73 1 363 388
z 1 73 363 388
m73 37 1 363 388
B73 3 363 388
z 3 73 363 388
m73 37 3 13.666666666666668 267.0 -1.0
B78 0 456 478
B78 1 456 478
B78 2 456 478
B78 3 456 478
B104 0 393 363
z 0 104 393 363
m104 37 0 393 363
B104 1 393 363
z 1 104 393 363
m104 37 1 393 363
B104 2 393 363
z 2 104 393 363
m104 37 2 393 363
B104 3 393 363
z 3 104 393 363
m104 37 3 14.333333333333334 269.6666666666667 -1.0
B113 0 484 282
B113 1 484 282
B113 2 484 282
B113 3 484 282
B124 0 440 274
z 0 124 440 274
m124 1 0 440 274
z 0 124 440 274
m124 187 0 440 274
B124 1 440 274
z 1 124 440 274
m124 1 1 440 274
z 1 124 440 274
m124 187 1 440 274
B124 2 440 274
B124 3 440 274
B137 0 380 366
z 0 137 380 366
m137 37 0 380 366
B137 1 380 366
z 1 137 380 366
m137 37 1 380 366
B137 2 380 366
z 2 137 380 366
m137 37 2 380 366
B137 3 380 366
z 3 137 380 366
m137 37 3 14.333333333333334 269.6666666666667 -1.0
B146 0 385 371
z 0 146 385 371
m146 37 0 385 371
B146 1 385 371
z 1 146 385 371
m146 37 1 385 371
B146 2 385 371
z 2 146 385 371
m146 37 2 385 371
B146 3 385 371
z 3 146 385 371
m146 37 3 13.666666666666668 267.0 -1.0
B153 0 395 317
z 0 153 395 317
m153 80 0 395 317
z 0 153 395 317
m153 103 0 395 317
B153 1 395 317
z 1 153 395 317
m153 80 1 395 317
z 1 153 395 317
m153 103 1 395 317
B153 2 395 317
z 2 153 395 317
m153 80 2 395 317
z 2 153 395 317
m153 103 2 395 317
B153 3 395 317
B169 0 440 486
B169 1 440 486
B169 2 440 486
B169 3 440 486
B179 0 497 269
B179 1 497 269
B179 2 497 269
z 2 179 497 269
m179 187 2 497 269
B179 3 497 269
z 3 179 497 269
m179 187 3 11.5 206.5 1.0
B183 0 450 280
B183 1 450 280
B183 2 450 280
z 2 183 450 280
m183 15 2 450 280
B183 3 450 280
B185 0 380 491
B185 1 380 491
B185 2 380 491
B185 3 380 491
B194 0 383 415
z 0 194 383 415
m194 37 0 383 415
B194 1 383 415
z 1 194 383 415
m194 37 1 383 415
B194 2 383 415
z 2 194 383 415
m194 37 2 383 415
B194 3 383 415
z 3 194 383 415
m194 37 3 15.0 275.0 -1.0
B1 0 394 214
z 0 1 394 214
m1 42 0 394 214
z 0 1 394 214
m1 91 0 394 214
z 0 1 394 214
m1 97 0 394 214
B1 1 394 214
z 1 1 394 214
m1 42 1 394 214
z 1 1 394 214
m1 91 1 394 214
z 1 1 394 214
m1 97 1 394 214
B12 0 357 301
z 0 12 357 301
m12 4 0 357 301
z 0 12 357 301
m12 31 0 357 301
z 0 12 357 301
m12 90 0 357 301
z 0 12 357 301
m12 151 0 357 301
z 0 12 357 301
m12 173 0 357 301
B12 1 357 301
z 1 12 357 301
m12 4 1 357 301
z 1 12 357 301
m12 31 1 357 301
z 1 12 357 301
m12 90 1 357 301
z 1 12 357 301
m12 151 1 357 301
z 1 12 357 301
m12 173 1 357 301
B12 2 357 301
B12 3 357 301
z 3 12 357 301
m12 97 3 12.4 206.8 0.49815114804902105
z 3 12 357 301
m12 31 3 12.4 206.8 0.49815114804902105
z 3 12 357 301
m12 4 3 12.4 206.8 0.49815114804902105
z 3 12 357 301
m12 151 3 12.4 206.8 0.49815114804902105
z 3 12 357 301
m12 90 3 12.4 206.8 0.49815114804902105
z 3 12 357 301
m12 173 3 12.4 206.8 0.49815114804902105
B15 0 421 217
B15 1 421 217
B15 2 421 217
B15 3 421 217
z 3 15 421 217
m15 1 3 9.6 166.0 1.0
z 3 15 421 217
m15 91 3 9.6 166.0 1.0
B43 0 364 279
B43 1 364 279
B43 2 364 279
z 2 43 364 279
m43 1 2 364 279
z 2 43 364 279
m43 4 2 364 279
z 2 43 364 279
m43 90 2 364 279
z 2 43 364 279
m43 97 2 364 279
z 2 43 364 279
m43 173 2 364 279
B43 3 364 279
B49 0 361 268
B49 1 361 268
B49 2 361 268
B49 3 361 268
B80 0 343 326
z 0 80 343 326
m80 3 0 343 326
z 0 80 343 326
m80 71 0 343 326
z 0 80 343 326
m80 188 0 343 326
B80 1 343 326
z 1 80 343 326
m80 3 1 343 326
z 1 80 343 326
m80 71 1 343 326
z 1 80 343 326
m80 188 1 343 326
B80 2 343 326
z 2 80 343 326
m80 3 2 343 326
z 2 80 343 326
m80 31 2 343 326
z 2 80 343 326
m80 71 2 343 326
z 2 80 343 326
m80 73 2 343 326
z 2 80 343 326
m80 151 2 343 326
z 2 80 343 326
m80 188 2 343 326
B89 0 347 285
B89 1 347 285
B89 2 347 285
B89 3 347 285
B103 0 334 281
z 0 103 334 281
m103 55 0 334 281
B103 1 334 281
z 1 103 334 281
m103 55 1 334 281
B103 2 334 281
B121 0 376 311
B121 1 376 311
B121 2 376 311
B121 3 376 311
B123 0 365 262
B123 1 365 262
B123 2 365 262
B123 3 365 262
B130 0 377 332
B130 1 377 332
B130 2 377 332
B130 3 377 332
B131 0 378 231
B131 1 378 231
B131 2 378 231
z 2 131 378 231
m131 42 2 378 231
B131 3 378 231
B132 0 363 342
B132 1 363 342
B132 2 363 342
B132 3 363 342
B148 0 388 302
B148 1 388 302
B148 2 388 302
B148 3 388 302
B149 0 362 341
B149 1 362 341
B149 2 362 341
B149 3 362 341
B181 0 358 334
B181 1 358 334
B181 2 358 334
B181 3 358 334
B187 0 465 209
z 0 187 465 209
m187 184 0 465 209
B187 1 465 209
z 1 187 465 209
m187 184 1 465 209
B187 2 465 209
z 2 187 465 209
m187 91 2 465 209
z 2 187 465 209
m187 184 2 465 209
B187 3 465 209
z 3 187 465 209
m187 184 3 9.399999999999999 165.39999999999998 1.0
B195 0 408 253
B195 1 408 253
B195 2 408 253
B195 3 408 253
B214 0 377 284
B214 1 377 284
B214 2 377 284
B214 3 377 284
B1 2 393 214
B1 3 393 214
B3 0 316 395
z 0 3 316 395
m3 37 0 316 395
B3 1 316 395
z 1 3 316 395
m3 37 1 316 395
B3 2 316 395
z 2 3 316 395
m3 37 2 316 395
B4 0 309 246
z 0 4 309 246
m4 28 0 309 246
z 0 4 309 246
m4 51 0 309 246
z 0 4 309 246
m4 79 0 309 246
z 0 4 309 246
m4 106 0 309 246
z 0 4 309 246
m4 201 0 309 246
B4 1 309 246
z 1 4 309 246
m4 28 1 309 246
z 1 4 309 246
m4 51 1 309 246
z 1 4 309 246
m4 79 1 309 246
z 1 4 309 246
m4 106 1 309 246
z 1 4 309 246
m4 201 1 309 246
B4 2 309 246
z 2 4 309 246
m4 28 2 309 246
z 2 4 309 246
m4 51 2 309 246
z 2 4 309 246
m4 55 2 309 246
z 2 4 309 246
m4 79 2 309 246
z 2 4 309 246
m4 106 2 309 246
z 2 4 309 246
m4 201 2 309 246
B4 3 309 246
z 3 4 309 246
m4 51 3 11.666666666666668 183.0 0.5296626492424806
z 3 4 309 246
m4 79 3 11.666666666666668 183.0 0.5296626492424806
z 3 4 309 246
m4 106 3 11.666666666666668 183.0 0.5296626492424806
z 3 4 309 246
m4 201 3 11.666666666666668 183.0 0.5296626492424806
z 3 4 309 246
m4 28 3 11.666666666666668 183.0 0.5296626492424806
z 3 4 309 246
m4 42 3 11.666666666666668 183.0 0.5296626492424806
z 3 4 309 246
m4 103 3 11.666666666666668 183.0 0.5296626492424806
B31 0 284 291
z 0 31 284 291
m31 59 0 284 291
z 0 31 284 291
m31 218 0 284 291
B31 1 284 291
B31 2 284 291
z 2 31 284 291
m31 59 2 284 291
z 2 31 284 291
m31 218 2 284 291
B31 3 284 291
z 3 31 284 291
m31 80 3 11.166666666666668 176.5 0.2435650389367623
z 3 31 284 291
m31 218 3 11.166666666666668 176.5 0.2435650389367623
B42 0 335 194
B42 1 335 194
B42 2 335 194
B55 0 290 229
z 0 55 290 229
m55 21 0 290 229
z 0 55 290 229
m55 168 0 290 229
B55 1 290 229
B71 0 285 368
z 0 71 285 368
m71 9 0 285 368
z 0 71 285 368
m71 19 0 285 368
z 0 71 285 368
m71 36 0 285 368
z 0 71 285 368
m71 100 0 285 368
z 0 71 285 368
m71 145 0 285 368
z 0 71 285 368
m71 198 0 285 368
z 0 71 285 368
m71 203 0 285 368
z 0 71 285 368
m71 215 0 285 368
B71 1 285 368
z 1 71 285 368
m71 9 1 285 368
z 1 71 285 368
m71 19 1 285 368
z 1 71 285 368
m71 36 1 285 368
z 1 71 285 368
m71 100 1 285 368
z 1 71 285 368
m71 145 1 285 368
z 1 71 285 368
m71 198 1 285 368
z 1 71 285 368
m71 203 1 285 368
z 1 71 285 368
m71 215 1 285 368
z 1 71 285 368
m71 218 1 285 368
B71 2 285 368
B73 2 363 386
z 2 73 363 386
m73 37 2 363 386
B90 0 329 261
B90 1 329 261
B90 2 329 261
B90 3 329 261
z 3 90 329 261
m90 55 3 10.5 172.5 1.0
B91 0 445 192
z 0 91 445 192
m91 63 0 445 192
B91 1 445 192
z 1 91 445 192
m91 63 1 445 192
B91 2 445 192
z 2 91 445 192
m91 63 2 445 192
B91 3 445 192
B97 0 349 228
B97 1 349 228
B97 2 349 228
B97 3 349 228
B151 0 295 322
B151 1 295 322
B151 2 295 322
z 2 151 295 322
m151 19 2 295 322
z 2 151 295 322
m151 36 2 295 322
z 2 151 295 322
m151 215 2 295 322
B151 3 295 322
z 3 151 295 322
m151 215 3 11.166666666666668 176.5 0.2435650389367623
z 3 151 295 322
m151 36 3 11.166666666666668 176.5 0.2435650389367623
B173 0 311 308
B173 1 311 308
B173 2 311 308
B173 3 311 308
B184 0 489 170
z 0 184 489 170
m184 199 0 489 170
B184 1 489 170
z 1 184 489 170
m184 199 1 489 170
B184 2 489 170
B184 3 489 170
z 3 184 489 170
m184 63 3 8.166666666666666 138.49999999999997 1.0
z 3 184 489 170
m184 199 3 8.166666666666666 138.49999999999997 1.0
B188 0 271 311
z 0 188 271 311
m188 107 0 271 311
B188 1 271 311
B188 2 271 311
z 2 188 271 311
m188 107 2 271 311
B9 0 268 403
z 0 9 268 403
m9 39 0 268 403
z 0 9 268 403
m9 162 0 268 403
B9 1 268 403
z 1 9 268 403
m9 39 1 268 403
z 1 9 268 403
m9 162 1 268 403
B19 0 276 380
B19 1 276 380
B19 2 276 380
z 2 19 276 380
m19 9 2 276 380
z 2 19 276 380
m19 39 2 276 380
z 2 19 276 380
m19 100 2 276 380
z 2 19 276 380
m19 145 2 276 380
z 2 19 276 380
m19 198 2 276 380
z 2 19 276 380
m19 203 2 276 380
B21 0 232 199
z 0 21 232 199
m21 11 0 232 199
z 0 21 232 199
m21 17 0 232 199
z 0 21 232 199
m21 35 0 232 199
z 0 21 232 199
m21 108 0 232 199
z 0 21 232 199
m21 166 0 232 199
z 0 21 232 199
m21 172 0 232 199
z 0 21 232 199
m21 213 0 232 199
B28 0 254 213
B28 1 254 213
z 1 28 254 213
m28 11 1 254 213
z 1 28 254 213
m28 17 1 254 213
z 1 28 254 213
m28 21 1 254 213
z 1 28 254 213
m28 35 1 254 213
z 1 28 254 213
m28 108 1 254 213
z 1 28 254 213
m28 166 1 254 213
z 1 28 254 213
m28 168 1 254 213
z 1 28 254 213
m28 213 1 254 213
B28 2 254 213
z 2 28 254 213
m28 11 2 254 213
z 2 28 254 213
m28 17 2 254 213
z 2 28 254 213
m28 21 2 254 213
z 2 28 254 213
m28 35 2 254 213
z 2 28 254 213
m28 108 2 254 213
z 2 28 254 213
m28 166 2 254 213
z 2 28 254 213
m28 168 2 254 213
z 2 28 254 213
m28 213 2 254 213
B28 3 254 213
z 3 28 254 213
m28 17 3 11.142857142857142 166.0 0.5580931097126446
z 3 28 254 213
m28 166 3 11.142857142857142 166.0 0.5580931097126446
z 3 28 254 213
m28 213 3 11.142857142857142 166.0 0.5580931097126446
z 3 28 254 213
m28 11 3 11.142857142857142 166.0 0.5580931097126446
z 3 28 254 213
m28 108 3 11.142857142857142 166.0 0.5580931097126446
z 3 28 254 213
m28 35 3 11.142857142857142 166.0 0.5580931097126446
z 3 28 254 213
m28 168 3 11.142857142857142 166.0 0.5580931097126446
B36 0 256 376
z 0 36 256 376
m36 140 0 256 376
B36 1 256 376
z 1 36 256 376
m36 107 1 256 376
z 1 36 256 376
m36 140 1 256 376
B36 2 256 376
B36 3 256 376
z 3 36 256 376
m36 140 3 11.142857142857142 168.57142857142856 0.3814866725607608
z 3 36 256 376
m36 188 3 11.142857142857142 168.57142857142856 0.3814866725607608
z 3 36 256 376
m36 162 3 11.142857142857142 168.57142857142856 0.3814866725607608
z 3 36 256 376
m36 100 3 11.142857142857142 168.57142857142856 0.3814866725607608
z 3 36 256 376
m36 3 3 11.142857142857142 168.57142857142856 0.3814866725607608
z 3 36 256 376
m36 107 3 11.142857142857142 168.57142857142856 0.3814866725607608
z 3 36 256 376
m36 198 3 11.142857142857142 168.57142857142856 0.3814866725607608
z 3 36 256 376
m36 71 3 11.142857142857142 168.57142857142856 0.3814866725607608
z 3 36 256 376
m36 9 3 11.142857142857142 168.57142857142856 0.3814866725607608
B42 3 336 194
B51 0 236 253
B51 1 236 253
z 1 51 236 253
m51 59 1 236 253
B51 2 236 253
B51 3 236 253
B55 2 290 230
B55 3 290 230
z 3 55 290 230
m55 21 3 9.142857142857142 148.0 1.0
B59 0 223 288
z 0 59 223 288
m59 112 0 223 288
z 0 59 223 288
m59 141 0 223 288
z 0 59 223 288
m59 206 0 223 288
B59 2 223 288
z 2 59 223 288
m59 112 2 223 288
z 2 59 223 288
m59 140 2 223 288
z 2 59 223 288
m59 141 2 223 288
z 2 59 223 288
m59 206 2 223 288
B63 0 459 134
z 0 63 459 134
m63 57 0 459 134
z 0 63 459 134
m63 135 0 459 134
z 0 63 459 134
m63 167 0 459 134
z 0 63 459 134
m63 208 0 459 134
B63 1 459 134
z 1 63 459 134
m63 57 1 459 134
z 1 63 459 134
m63 135 1 459 134
z 1 63 459 134
m63 167 1 459 134
z 1 63 459 134
m63 208 1 459 134
B63 2 459 134
z 2 63 459 134
m63 57 2 459 134
z 2 63 459 134
m63 135 2 459 134
z 2 63 459 134
m63 167 2 459 134
z 2 63 459 134
m63 199 2 459 134
z 2 63 459 134
m63 208 2 459 134
B63 3 459 134
z 3 63 459 134
m63 57 3 7.571428571428571 120.99999999999997 1.0
z 3 63 459 134
m63 135 3 7.571428571428571 120.99999999999997 1.0
z 3 63 459 134
m63 167 3 7.571428571428571 120.99999999999997 1.0
z 3 63 459 134
m63 208 3 7.571428571428571 120.99999999999997 1.0
B79 0 239 232
B79 1 239 232
B79 2 239 232
B79 3 239 232
z 3 79 239 232
m79 59 3 10.142857142857142 157.0 1.0
B80 3 344 328
B100 0 315 402
z 0 100 315 402
m100 37 0 315 402
B100 1 315 402
z 1 100 315 402
m100 37 1 315 402
B103 3 336 282
B106 0 262 197
B106 1 262 197
B106 2 262 197
B106 3 262 197
B107 0 212 340
z 0 107 212 340
m107 25 0 212 340
z 0 107 212 340
m107 50 0 212 340
z 0 107 212 340
m107 70 0 212 340
z 0 107 212 340
m107 164 0 212 340
z 0 107 212 340
m107 209 0 212 340
z 0 107 212 340
m107 211 0 212 340
B107 2 212 340
B145 0 325 427
z 0 145 325 427
m145 37 0 325 427
B145 1 325 427
z 1 145 325 427
m145 37 1 325 427
B168 0 262 173
z 0 168 262 173
m168 45 0 262 173
B198 0 249 419
z 0 198 249 419
m198 29 0 249 419
z 0 198 249 419
m198 34 0 249 419
B198 1 249 419
B199 0 479 118
B199 1 479 118
B199 3 479 118
B201 0 270 190
B201 1 270 190
B201 2 270 190
B201 3 270 190
B203 0 259 391
B203 1 259 391
B215 0 266 386
B215 1 266 386
B215 2 266 386
z 2 215 266 386
m215 162 2 266 386
B215 3 266 386
z 3 215 266 386
m215 145 3 10.142857142857142 153.57142857142856 0.19635079716308537
B218 0 239 342
B218 1 239 342
z 1 218 239 342
m218 164 1 239 342
z 1 218 239 342
m218 211 1 239 342
B218 2 239 342
B218 3 239 342
z 3 218 239 342
m218 164 3 10.142857142857142 153.57142857142856 0.19635079716308537
B3 3 316 393
z 3 3 316 393
m3 37 3 11.142857142857142 168.57142857142856 -1.0
B9 2 267 402
B9 3 267 402
B11 0 255 157
z 0 11 255 157
m11 93 0 255 157
B11 1 255 157
z 1 11 255 157
m11 45 1 255 157
z 1 11 255 157
m11 93 1 255 157
z 1 11 255 157
m11 172 1 255 157
B11 2 255 157
z 2 11 255 157
m11 45 2 255 157
z 2 11 255 157
m11 93 2 255 157
z 2 11 255 157
m11 172 2 255 157
B11 3 255 157
B17 0 184 214
z 0 17 184 214
m17 117 0 184 214
B17 1 184 214
z 1 17 184 214
m17 117 1 184 214
z 1 17 184 214
m17 141 1 184 214
B17 2 184 214
z 2 17 184 214
m17 117 2 184 214
B17 3 184 214
B21 1 233 198
B21 2 233 198
B21 3 233 198
z 3 21 233 198
m21 172 3 8.125 129.625 1.0
B25 0 162 367
z 0 25 162 367
m25 0 0 162 367
z 0 25 162 367
m25 6 0 162 367
z 0 25 162 367
m25 13 0 162 367
z 0 25 162 367
m25 69 0 162 367
z 0 25 162 367
m25 76 0 162 367
z 0 25 162 367
m25 77 0 162 367
z 0 25 162 367
m25 142 0 162 367
z 0 25 162 367
m25 160 0 162 367
z 0 25 162 367
m25 202 0 162 367
z 0 25 162 367
m25 217 0 162 367
B29 0 266 480
z 0 29 266 480
m29 65 0 266 480
z 0 29 266 480
m29 156 0 266 480
z 0 29 266 480
m29 165 0 266 480
B34 0 192 446
z 0 34 192 446
m34 23 0 192 446
z 0 34 192 446
m34 58 0 192 446
z 0 34 192 446
m34 144 0 192 446
B35 0 210 196
B35 1 210 196
B35 2 210 196
B35 3 210 196
B39 0 295 441
z 0 39 295 441
m39 37 0 295 441
B39 1 295 441
B39 2 295 441
z 2 39 295 441
m39 37 2 295 441
B45 0 255 103
z 0 45 255 103
m45 24 0 255 103
z 0 45 255 103
m45 30 0 255 103
z 0 45 255 103
m45 60 0 255 103
z 0 45 255 103
m45 62 0 255 103
z 0 45 255 103
m45 92 0 255 103
z 0 45 255 103
m45 127 0 255 103
z 0 45 255 103
m45 139 0 255 103
z 0 45 255 103
m45 176 0 255 103
z 0 45 255 103
m45 186 0 255 103
z 0 45 255 103
m45 196 0 255 103
z 0 45 255 103
m45 205 0 255 103
B50 0 154 339
z 0 50 154 339
m50 82 0 154 339
B57 0 478 78
z 0 57 478 78
m57 48 0 478 78
z 0 57 478 78
m57 174 0 478 78
z 0 57 478 78
m57 178 0 478 78
B57 1 478 78
z 1 57 478 78
m57 48 1 478 78
z 1 57 478 78
m57 174 1 478 78
z 1 57 478 78
m57 178 1 478 78
B57 2 478 78
z 2 57 478 78
m57 48 2 478 78
z 2 57 478 78
m57 174 2 478 78
z 2 57 478 78
m57 178 2 478 78
B57 3 478 78
z 3 57 478 78
m57 48 3 7.0 106.99999999999997 0.7285594338491066
z 3 57 478 78
m57 174 3 7.0 106.99999999999997 0.7285594338491066
B59 1 223 288
z 1 59 223 288
m59 112 1 223 288
z 1 59 223 288
m59 206 1 223 288
B59 3 223 288
z 3 59 223 288
m59 112 3 9.25 138.5 1.0
z 3 59 223 288
m59 141 3 9.25 138.5 1.0
z 3 59 223 288
m59 206 3 9.25 138.5 1.0
B70 0 160 384
B71 3 283 368
B100 2 314 401
B100 3 314 401
z 3 100 314 401
m100 37 3 11.142857142857142 168.57142857142856 -1.0
B107 1 213 340
B107 3 213 340
z 3 107 213 340
m107 19 3 10.625 153.625 0.1918970645234343
z 3 107 213 340
m107 203 3 10.625 153.625 0.1918970645234343
z 3 107 213 340
m107 209 3 10.625 153.625 0.1918970645234343
z 3 107 213 340
m107 70 3 10.625 153.625 0.1918970645234343
B108 0 214 238
B108 1 214 238
B108 2 214 238
B108 3 214 238
B112 0 168 292
z 0 112 168 292
m112 134 0 168 292
B112 2 168 292
B135 0 429 111
z 0 135 429 111
m135 74 0 429 111
z 0 135 429 111
m135 75 0 429 111
z 0 135 429 111
m135 122 0 429 111
z 0 135 429 111
m135 147 0 429 111
z 0 135 429 111
m135 157 0 429 111
z 0 135 429 111
m135 180 0 429 111
z 0 135 429 111
m135 197 0 429 111
B135 1 429 111
z 1 135 429 111
m135 74 1 429 111
z 1 135 429 111
m135 75 1 429 111
z 1 135 429 111
m135 122 1 429 111
z 1 135 429 111
m135 147 1 429 111
z 1 135 429 111
m135 157 1 429 111
z 1 135 429 111
m135 180 1 429 111
z 1 135 429 111
m135 197 1 429 111
B135 2 429 111
z 2 135 429 111
m135 74 2 429 111
z 2 135 429 111
m135 75 2 429 111
z 2 135 429 111
m135 122 2 429 111
z 2 135 429 111
m135 147 2 429 111
z 2 135 429 111
m135 157 2 429 111
z 2 135 429 111
m135 180 2 429 111
z 2 135 429 111
m135 197 2 429 111
B135 3 429 111
z 3 135 429 111
m135 74 3 7.625 113.87499999999997 1.0
z 3 135 429 111
m135 75 3 7.625 113.87499999999997 1.0
z 3 135 429 111
m135 122 3 7.625 113.87499999999997 1.0
z 3 135 429 111
m135 147 3 7.625 113.87499999999997 1.0
z 3 135 429 111
m135 157 3 7.625 113.87499999999997 1.0
z 3 135 429 111
m135 178 3 7.625 113.87499999999997 1.0
z 3 135 429 111
m135 180 3 7.625 113.87499999999997 1.0
z 3 135 429 111
m135 197 3 7.625 113.87499999999997 1.0
B140 0 190 342
B140 1 190 342
z 1 140 190 342
m140 6 1 190 342
z 1 140 190 342
m140 13 1 190 342
z 1 140 190 342
m140 25 1 190 342
z 1 140 190 342
m140 50 1 190 342
z 1 140 190 342
m140 69 1 190 342
z 1 140 190 342
m140 70 1 190 342
z 1 140 190 342
m140 76 1 190 342
z 1 140 190 342
m140 209 1 190 342
B140 2 190 342
z 2 140 190 342
m140 6 2 190 342
z 2 140 190 342
m140 13 2 190 342
z 2 140 190 342
m140 25 2 190 342
z 2 140 190 342
m140 50 2 190 342
z 2 140 190 342
m140 69 2 190 342
z 2 140 190 342
m140 70 2 190 342
z 2 140 190 342
m140 76 2 190 342
z 2 140 190 342
m140 164 2 190 342
z 2 140 190 342
m140 209 2 190 342
z 2 140 190 342
m140 211 2 190 342
B140 3 190 342
z 3 140 190 342
m140 76 3 10.625 153.625 0.1918970645234343
z 3 140 190 342
m140 13 3 10.625 153.625 0.1918970645234343
z 3 140 190 342
m140 69 3 10.625 153.625 0.1918970645234343
z 3 140 190 342
m140 6 3 10.625 153.625 0.1918970645234343
B141 0 157 260
z 0 141 157 260
m141 191 0 157 260
B141 2 157 260
B145 2 326 427
B145 3 326 427
z 3 145 326 427
m145 37 3 10.142857142857142 153.57142857142856 -1.0
B162 0 218 433
B162 1 218 433
B162 2 218 433
B162 3 218 433
z 3 162 218 433
m162 29 3 10.5 152.0 0.09585796391585961
z 3 162 218 433
m162 217 3 10.5 152.0 0.09585796391585961
z 3 162 218 433
m162 65 3 10.5 152.0 0.09585796391585961
B164 0 172 363
B164 1 172 363
z 1 164 172 363
m164 77 1 172 363
z 1 164 172 363
m164 142 1 172 363
z 1 164 172 363
m164 202 1 172 363
z 1 164 172 363
m164 217 1 172 363
B164 3 172 363
z 3 164 172 363
m164 202 3 9.625 138.875 0.26839451594764374
z 3 164 172 363
m164 77 3 9.625 138.875 0.26839451594764374
z 3 164 172 363
m164 142 3 9.625 138.875 0.26839451594764374
z 3 164 172 363
m164 50 3 9.625 138.875 0.26839451594764374
B166 0 208 263
B166 1 208 263
B166 2 208 263
B166 3 208 263
B167 0 487 90
B167 1 487 90
B167 2 487 90
B167 3 487 90
B168 1 261 172
B168 2 261 172
B168 3 261 172
z 3 168 261 172
m168 45 3 9.875 145.375 1.0
B172 0 184 155
z 0 172 184 155
m172 7 0 184 155
z 0 172 184 155
m172 22 0 184 155
z 0 172 184 155
m172 64 0 184 155
z 0 172 184 155
m172 111 0 184 155
z 0 172 184 155
m172 161 0 184 155
z 0 172 184 155
m172 175 0 184 155
B188 3 273 311
B198 2 249 419
z 2 198 249 419
m198 29 2 249 419
z 2 198 249 419
m198 34 2 249 419
z 2 198 249 419
m198 156 2 249 419
B198 3 249 419
B199 2 479 117
B203 2 260 392
B206 0 163 324
B206 2 163 324
z 2 206 163 324
m206 0 2 163 324
z 2 206 163 324
m206 77 2 163 324
z 2 206 163 324
m206 82 2 163 324
z 2 206 163 324
m206 160 2 163 324
B208 0 409 80
z 0 208 409 80
m208 95 0 409 80
B208 1 409 80
B208 2 409 80
z 2 208 409 80
m208 95 2 409 80
B208 3 409 80
z 3 208 409 80
m208 95 3 6.75 105.99999999999997 1.0
B209 0 152 374
B211 0 173 349
B211 1 173 349
B213 0 220 167
B213 1 220 167
z 1 213 220 167
m213 196 1 220 167
B213 2 220 167
B213 3 220 167
z 3 213 220 167
m213 196 3 9.875 145.375 1.0
B0 0 100 330
z 0 0 100 330
m0 2 0 100 330
z 0 0 100 330
m0 8 0 100 330
z 0 0 100 330
m0 41 0 100 330
z 0 0 100 330
m0 85 0 100 330
z 0 0 100 330
m0 120 0 100 330
z 0 0 100 330
m0 219 0 100 330
B0 2 100 330
B6 0 142 308
B6 1 142 308
z 1 6 142 308
m6 0 1 142 308
z 1 6 142 308
m6 82 1 142 308
z 1 6 142 308
m6 134 1 142 308
z 1 6 142 308
m6 160 1 142 308
z 1 6 142 308
m6 191 1 142 308
B6 2 142 308
B6 3 142 308
z 3 6 142 308
m6 134 3 10.222222222222223 142.0 0.19998880187098492
z 3 6 142 308
m6 191 3 10.222222222222223 142.0 0.19998880187098492
z 3 6 142 308
m6 25 3 10.222222222222223 142.0 0.19998880187098492
z 3 6 142 308
m6 160 3 10.222222222222223 142.0 0.19998880187098492
B7 0 120 168
z 0 7 120 168
m7 14 0 120 168
z 0 7 120 168
m7 33 0 120 168
z 0 7 120 168
m7 68 0 120 168
z 0 7 120 168
m7 72 0 120 168
z 0 7 120 168
m7 155 0 120 168
z 0 7 120 168
m7 158 0 120 168
z 0 7 120 168
m7 159 0 120 168
z 0 7 120 168
m7 189 0 120 168
B13 0 173 407
B13 1 173 407
z 1 13 173 407
m13 34 1 173 407
z 1 13 173 407
m13 58 1 173 407
B13 2 173 407
z 2 13 173 407
m13 58 2 173 407
z 2 13 173 407
m13 142 2 173 407
z 2 13 173 407
m13 202 2 173 407
z 2 13 173 407
m13 217 2 173 407
B13 3 173 407
B19 3 274 381
z 3 19 274 381
m19 39 3 9.555555555555555 136.66666666666666 1.0
B22 0 149 89
z 0 22 149 89
m22 10 0 149 89
z 0 22 149 89
m22 27 0 149 89
z 0 22 149 89
m22 52 0 149 89
z 0 22 149 89
m22 81 0 149 89
z 0 22 149 89
m22 88 0 149 89
z 0 22 149 89
m22 116 0 149 89
z 0 22 149 89
m22 133 0 149 89
z 0 22 149 89
m22 136 0 149 89
z 0 22 149 89
m22 138 0 149 89
B23 0 157 495
z 0 23 157 495
m23 150 0 157 495
z 0 23 157 495
m23 212 0 157 495
B24 0 285 68
z 0 24 285 68
m24 128 0 285 68
z 0 24 285 68
m24 170 0 285 68
z 0 24 285 68
m24 200 0 285 68
B25 1 162 367
B25 2 162 367
B29 2 266 480
z 2 29 266 480
m29 65 2 266 480
z 2 29 266 480
m29 165 2 266 480
B29 3 266 480
B30 0 259 59
B34 2 193 446
z 2 34 193 446
m34 23 2 193 446
z 2 34 193 446
m34 144 2 193 446
B45 1 254 103
z 1 45 254 103
m45 24 1 254 103
z 1 45 254 103
m45 30 1 254 103
z 1 45 254 103
m45 60 1 254 103
z 1 45 254 103
m45 62 1 254 103
z 1 45 254 103
m45 92 1 254 103
z 1 45 254 103
m45 127 1 254 103
z 1 45 254 103
m45 139 1 254 103
z 1 45 254 103
m45 176 1 254 103
z 1 45 254 103
m45 186 1 254 103
z 1 45 254 103
m45 205 1 254 103
B45 2 254 103
z 2 45 254 103
m45 24 2 254 103
z 2 45 254 103
m45 30 2 254 103
z 2 45 254 103
m45 60 2 254 103
z 2 45 254 103
m45 62 2 254 103
z 2 45 254 103
m45 92 2 254 103
z 2 45 254 103
m45 127 2 254 103
z 2 45 254 103
m45 139 2 254 103
z 2 45 254 103
m45 176 2 254 103
z 2 45 254 103
m45 186 2 254 103
z 2 45 254 103
m45 196 2 254 103
z 2 45 254 103
m45 205 2 254 103
B45 3 254 103
z 3 45 254 103
m45 24 3 10.0 142.66666666666669 1.0
z 3 45 254 103
m45 30 3 10.0 142.66666666666669 1.0
z 3 45 254 103
m45 60 3 10.0 142.66666666666669 1.0
z 3 45 254 103
m45 62 3 10.0 142.66666666666669 1.0
z 3 45 254 103
m45 92 3 10.0 142.66666666666669 1.0
z 3 45 254 103
m45 93 3 10.0 142.66666666666669 1.0
z 3 45 254 103
m45 127 3 10.0 142.66666666666669 1.0
z 3 45 254 103
m45 139 3 10.0 142.66666666666669 1.0
z 3 45 254 103
m45 176 3 10.0 142.66666666666669 1.0
z 3 45 254 103
m45 186 3 10.0 142.66666666666669 1.0
z 3 45 254 103
m45 205 3 10.0 142.66666666666669 1.0
B48 0 404 76
B48 1 404 76
z 1 48 404 76
m48 95 1 404 76
z 1 48 404 76
m48 170 1 404 76
B48 2 404 76
z 2 48 404 76
m48 170 2 404 76
B48 3 404 76
z 3 48 404 76
m48 170 3 6.333333333333333 95.2222222222222 1.0
B50 1 153 339
B50 2 153 339
B50 3 153 339
B58 0 165 459
B60 0 276 52
B62 0 197 89
B64 0 146 130
B65 0 210 493
B65 3 210 493
z 3 65 210 493
m65 156 3 9.88888888888889 137.88888888888889 0.08123055697917742
z 3 65 210 493
m65 144 3 9.88888888888889 137.88888888888889 0.08123055697917742
B69 0 126 324
B69 1 126 324
z 1 69 126 324
m69 2 1 126 324
z 1 69 126 324
m69 120 1 126 324
z 1 69 126 324
m69 219 1 126 324
B69 2 126 324
z 2 69 126 324
m69 2 2 126 324
z 2 69 126 324
m69 120 2 126 324
z 2 69 126 324
m69 191 2 126 324
z 2 69 126 324
m69 219 2 126 324
B69 3 126 324
z 3 69 126 324
m69 219 3 10.11111111111111 140.55555555555554 0.1691916538272892
z 3 69 126 324
m69 120 3 10.11111111111111 140.55555555555554 0.1691916538272892
z 3 69 126 324
m69 2 3 10.11111111111111 140.55555555555554 0.1691916538272892
B70 1 159 384
B70 2 159 384
B70 3 159 384
B74 0 374 122
B74 1 374 122
z 1 74 374 122
m74 200 1 374 122
B74 2 374 122
B74 3 374 122
z 3 74 374 122
m74 200 3 6.888888888888888 101.33333333333331 1.0
B75 0 373 130
B75 1 373 130
B75 2 373 130
z 2 75 373 130
m75 200 2 373 130
B75 3 373 130
B76 0 120 360
B76 1 120 360
z 1 76 120 360
m76 8 1 120 360
z 1 76 120 360
m76 85 1 120 360
B76 2 120 360
z 2 76 120 360
m76 8 2 120 360
z 2 76 120 360
m76 85 2 120 360
B76 3 120 360
z 3 76 120 360
m76 85 3 10.0 139.33333333333331 0.1256277169496656
z 3 76 120 360
m76 8 3 10.0 139.33333333333331 0.1256277169496656
B77 0 111 358
B77 1 111 358
B77 2 111 358
B77 3 111 358
B82 0 105 298
z 0 82 105 298
m82 125 0 105 298
B82 2 105 298
z 2 82 105 298
m82 41 2 105 298
z 2 82 105 298
m82 125 2 105 298
z 2 82 105 298
m82 134 2 105 298
B92 0 263 75
B93 0 245 93
B93 1 245 93
z 1 93 245 93
m93 138 1 245 93
B93 2 245 93
z 2 93 245 93
m93 138 2 245 93
B95 0 341 88
B95 2 341 88
B95 3 341 88
B111 0 164 99
B112 1 168 293
B112 3 168 293
z 3 112 168 293
m112 82 3 8.444444444444443 123.55555555555556 0.5366486816654785
B117 0 121 206
B117 1 121 206
z 1 117 121 206
m117 7 1 121 206
z 1 117 121 206
m117 33 1 121 206
z 1 117 121 206
m117 68 1 121 206
z 1 117 121 206
m117 72 1 121 206
z 1 117 121 206
m117 155 1 121 206
z 1 117 121 206
m117 158 1 121 206
z 1 117 121 206
m117 159 1 121 206
z 1 117 121 206
m117 161 1 121 206
z 1 117 121 206
m117 189 1 121 206
B117 2 121 206
B122 0 368 106
B122 1 368 106
B122 2 368 106
B122 3 368 106
B127 0 293 44
B134 0 116 249
B139 0 247 69
B141 1 157 261
B141 3 157 261
z 3 141 157 261
m141 117 3 8.333333333333332 123.22222222222223 1.0
B142 0 118 386
B142 1 118 386
B142 3 118 386
B144 0 154 495
z 0 144 154 495
m144 66 0 154 495
B147 0 378 73
B147 1 378 73
B147 2 378 73
B147 3 378 73
B156 0 275 488
B156 2 275 488
B157 0 355 116
B157 1 355 116
B157 2 355 116
B157 3 355 116
B160 0 98 349
B160 2 98 349
B161 0 130 151
B164 2 173 364
B165 0 292 481
B172 1 183 156
B172 2 183 156
z 2 172 183 156
m172 7 2 183 156
z 2 172 183 156
m172 22 2 183 156
z 2 172 183 156
m172 64 2 183 156
z 2 172 183 156
m172 111 2 183 156
z 2 172 183 156
m172 161 2 183 156
z 2 172 183 156
m172 175 2 183 156
B172 3 183 156
z 3 172 183 156
m172 7 3 7.888888888888889 119.22222222222223 1.0
z 3 172 183 156
m172 22 3 7.888888888888889 119.22222222222223 1.0
z 3 172 183 156
m172 64 3 7.888888888888889 119.22222222222223 1.0
z 3 172 183 156
m172 111 3 7.888888888888889 119.22222222222223 1.0
z 3 172 183 156
m172 161 3 7.888888888888889 119.22222222222223 1.0
z 3 172 183 156
m172 175 3 7.888888888888889 119.22222222222223 1.0
B174 0 432 21
B174 1 432 21
B174 2 432 21
B174 3 432 21
B175 0 157 100
B176 0 321 80
B178 0 421 60
B178 1 421 60
B178 2 421 60
B178 3 421 60
B180 0 368 85
B180 1 368 85
B180 2 368 85
B180 3 368 85
B186 0 218 38
B191 0 85 278
z 0 191 85 278
m191 98 0 85 278
z 0 191 85 278
m191 110 0 85 278
B196 0 206 96
B196 1 206 96
z 1 196 206 96
m196 22 1 206 96
z 1 196 206 96
m196 64 1 206 96
z 1 196 206 96
m196 111 1 206 96
z 1 196 206 96
m196 133 1 206 96
z 1 196 206 96
m196 175 1 206 96
B196 3 206 96
z 3 196 206 96
m196 133 3 9.0 129.66666666666669 1.0
z 3 196 206 96
m196 138 3 9.0 129.66666666666669 1.0
B197 0 383 126
B197 1 383 126
B197 2 383 126
B197 3 383 126
B202 0 166 425
B202 1 166 425
z 1 202 166 425
m202 23 1 166 425
z 1 202 166 425
m202 144 1 166 425
z 1 202 166 425
m202 212 1 166 425
B202 3 166 425
z 3 202 166 425
m202 23 3 9.0 125.22222222222221 0.14963681641683058
B203 3 260 393
B205 0 219 67
B206 1 164 323
B206 3 164 323
z 3 206 164 323
m206 0 3 8.444444444444443 123.55555555555556 0.5366486816654785
B209 1 152 373
B209 2 152 373
B209 3 152 373
z 3 209 152 373
m209 211 3 9.555555555555555 136.66666666666666 1.0
B211 2 172 350
B217 0 154 429
B217 1 154 429
z 1 217 154 429
m217 150 1 154 429
B217 3 154 429
z 3 217 154 429
m217 150 3 9.777777777777779 136.88888888888889 0.05300979276619091
B0 1 101 331
B0 3 101 331
B2 0 65 324
z 0 2 65 324
m2 115 0 65 324
B2 1 65 324
z 1 2 65 324
m2 41 1 65 324
z 1 2 65 324
m2 115 1 65 324
z 1 2 65 324
m2 125 1 65 324
B2 2 65 324
z 2 2 65 324
m2 115 2 65 324
B2 3 65 324
B7 1 120 167
z 1 7 120 167
m7 14 1 120 167
B7 2 120 167
z 2 7 120 167
m7 14 2 120 167
z 2 7 120 167
m7 33 2 120 167
z 2 7 120 167
m7 68 2 120 167
z 2 7 120 167
m7 72 2 120 167
z 2 7 120 167
m7 155 2 120 167
z 2 7 120 167
m7 158 2 120 167
z 2 7 120 167
m7 159 2 120 167
z 2 7 120 167
m7 189 2 120 167
B7 3 120 167
z 3 7 120 167
m7 14 3 7.8999999999999995 113.7 1.0
z 3 7 120 167
m7 33 3 7.8999999999999995 113.7 1.0
z 3 7 120 167
m7 68 3 7.8999999999999995 113.7 1.0
z 3 7 120 167
m7 72 3 7.8999999999999995 113.7 1.0
z 3 7 120 167
m7 155 3 7.8999999999999995 113.7 1.0
z 3 7 120 167
m7 158 3 7.8999999999999995 113.7 1.0
z 3 7 120 167
m7 159 3 7.8999999999999995 113.7 1.0
z 3 7 120 167
m7 189 3 7.8999999999999995 113.7 1.0
B8 0 54 377
z 0 8 54 377
m8 44 0 54 377
z 0 8 54 377
m8 96 0 54 377
B8 1 54 377
z 1 8 54 377
m8 44 1 54 377
z 1 8 54 377
m8 96 1 54 377
B8 2 54 377
z 2 8 54 377
m8 44 2 54 377
z 2 8 54 377
m8 96 2 54 377
B8 3 54 377
B10 0 107 41
z 0 10 107 41
m10 16 0 107 41
B14 0 72 126
z 0 14 72 126
m14 47 0 72 126
z 0 14 72 126
m14 114 0 72 126
z 0 14 72 126
m14 118 0 72 126
z 0 14 72 126
m14 119 0 72 126
z 0 14 72 126
m14 190 0 72 126
z 0 14 72 126
m14 193 0 72 126
B22 1 148 88
B22 2 148 88
B22 3 148 88
z 3 22 148 88
m22 10 3 7.8 112.2 1.0
z 3 22 148 88
m22 27 3 7.8 112.2 1.0
z 3 22 148 88
m22 52 3 7.8 112.2 1.0
z 3 22 148 88
m22 81 3 7.8 112.2 1.0
z 3 22 148 88
m22 88 3 7.8 112.2 1.0
z 3 22 148 88
m22 116 3 7.8 112.2 1.0
z 3 22 148 88
m22 136 3 7.8 112.2 1.0
B23 1 157 494
z 1 23 157 494
m23 65 1 157 494
z 1 23 157 494
m23 66 1 157 494
B23 2 157 494
z 2 23 157 494
m23 66 2 157 494
z 2 23 157 494
m23 150 2 157 494
z 2 23 157 494
m23 212 2 157 494
B23 3 157 494
z 3 23 157 494
m23 66 3 8.5 114.3 0.15504265889046526
B24 1 284 68
B24 2 284 68
B24 3 284 68
z 3 24 284 68
m24 128 3 9.1 128.50000000000003 1.0
B25 3 163 368
B27 0 83 79
z 0 27 83 79
m27 20 0 83 79
B30 1 258 59
z 1 30 258 59
m30 128 1 258 59
B30 2 258 59
z 2 30 258 59
m30 128 2 258 59
B30 3 258 59
B33 0 106 154
B33 1 106 154
z 1 33 106 154
m33 114 1 106 154
B34 1 194 446
B39 3 294 439
z 3 39 294 439
m39 37 3 9.555555555555555 136.66666666666666 -1.0
B41 0 49 287
B41 2 49 287
z 2 41 49 287
m41 98 2 49 287
z 2 41 49 287
m41 110 2 49 287
B52 0 145 14
B58 1 166 459
B58 2 166 459
B60 1 277 52
B60 2 277 52
B60 3 277 52
B62 1 197 90
B62 2 197 90
B62 3 197 90
B64 1 146 131
B64 2 146 131
B64 3 146 131
B65 2 210 492
B66 0 84 475
z 0 66 84 475
m66 143 0 84 475
z 0 66 84 475
m66 163 0 84 475
z 0 66 84 475
m66 192 0 84 475
B68 0 98 157
B68 1 98 157
z 1 68 98 157
m68 193 1 98 157
B72 0 79 178
B72 1 79 178
z 1 72 79 178
m72 98 1 79 178
z 1 72 79 178
m72 119 1 79 178
z 1 72 79 178
m72 190 1 79 178
B81 0 147 32
B82 1 105 297
B82 3 105 297
z 3 82 105 297
m82 125 3 7.799999999999999 111.60000000000001 0.5493994670926359
B85 0 50 371
B85 1 50 371
B85 2 50 371
B85 3 50 371
B88 0 102 53
B92 1 262 75
B92 2 262 75
B92 3 262 75
B93 3 244 94
B95 1 341 87
B98 0 40 236
z 0 98 40 236
m98 102 0 40 236
B110 0 39 246
B111 1 164 100
z 1 111 164 100
m111 81 1 164 100
z 1 111 164 100
m111 116 1 164 100
B111 2 164 100
z 2 111 164 100
m111 81 2 164 100
z 2 111 164 100
m111 116 2 164 100
z 2 111 164 100
m111 133 2 164 100
B111 3 164 100
B116 0 131 33
B117 3 122 207
B120 0 74 362
B120 1 74 362
B120 2 74 362
B120 3 74 362
B125 0 49 271
B125 2 49 271
B127 1 293 45
B127 2 293 45
B127 3 293 45
B128 0 288 20
B133 0 154 53
B133 1 154 53
z 1 133 154 53
m133 10 1 154 53
z 1 133 154 53
m133 52 1 154 53
z 1 133 154 53
m133 88 1 154 53
z 1 133 154 53
m133 136 1 154 53
B133 3 154 53
B134 1 117 249
B134 2 117 249
B134 3 117 249
B136 0 114 41
B138 0 182 60
B138 1 182 60
B138 2 182 60
B138 3 182 60
B139 1 246 68
B139 2 246 68
B139 3 246 68
B142 2 117 385
B144 1 153 496
B144 2 153 496
B144 3 153 496
B150 0 101 481
B150 1 101 481
z 1 150 101 481
m150 143 1 101 481
z 1 150 101 481
m150 163 1 101 481
z 1 150 101 481
m150 192 1 101 481
B150 3 101 481
z 3 150 101 481
m150 58 3 9.3 125.7 0.06519020668715686
z 3 150 101 481
m150 163 3 9.3 125.7 0.06519020668715686
B155 0 67 195
z 0 155 67 195
m155 40 0 67 195
B155 1 67 195
z 1 155 67 195
m155 40 1 67 195
z 1 155 67 195
m155 102 1 67 195
z 1 155 67 195
m155 110 1 67 195
B156 3 275 488
z 3 156 275 488
m156 165 3 9.0 124.19999999999999 1.0
B158 0 113 193
B158 1 113 193
B159 0 97 212
B159 1 97 212
B160 1 99 349
B160 3 99 349
B161 1 131 151
B161 2 131 151
B161 3 131 151
B165 2 293 480
B170 0 344 39
B170 1 344 39
B170 2 344 39
B170 3 344 39
B175 1 156 100
B175 2 156 100
z 2 175 156 100
m175 88 2 156 100
z 2 175 156 100
m175 136 2 156 100
B175 3 156 100
B176 1 320 80
B176 2 320 80
B176 3 320 80
B186 1 219 37
B186 2 219 37
B186 3 219 37
B189 0 60 199
B189 1 60 199
B191 1 84 278
B191 2 84 278
B191 3 84 278
B196 2 207 96
B200 0 337 111
B200 1 337 111
B200 2 337 111
B200 3 337 111
B202 2 165 425
B205 1 219 66
B205 2 219 66
B205 3 219 66
B211 3 171 350
B212 0 119 474
B212 1 119 474
B217 2 155 429
B219 0 72 373
B219 1 72 373
B219 2 72 373
B219 3 72 373
B10 1 106 40
z 1 10 106 40
m10 16 1 106 40
z 1 10 106 40
m10 26 1 106 40
z 1 10 106 40
m10 27 1 106 40
B10 3 106 40
B14 1 72 127
z 1 14 72 127
m14 47 1 72 127
z 1 14 72 127
m14 118 1 72 127
B14 2 72 127
z 2 14 72 127
m14 16 2 72 127
z 2 14 72 127
m14 27 2 72 127
z 2 14 72 127
m14 47 2 72 127
z 2 14 72 127
m14 114 2 72 127
z 2 14 72 127
m14 118 2 72 127
z 2 14 72 127
m14 119 2 72 127
z 2 14 72 127
m14 190 2 72 127
z 2 14 72 127
m14 193 2 72 127
B14 3 72 127
z 3 14 72 127
m14 16 3 7.818181818181818 107.81818181818181 0.9084902875732437
z 3 14 72 127
m14 119 3 7.818181818181818 107.81818181818181 0.9084902875732437
z 3 14 72 127
m14 118 3 7.818181818181818 107.81818181818181 0.9084902875732437
z 3 14 72 127
m14 47 3 7.818181818181818 107.81818181818181 0.9084902875732437
z 3 14 72 127
m14 190 3 7.818181818181818 107.81818181818181 0.9084902875732437
z 3 14 72 127
m14 193 3 7.818181818181818 107.81818181818181 0.9084902875732437
z 3 14 72 127
m14 114 3 7.818181818181818 107.81818181818181 0.9084902875732437
B16 0 48 65
z 0 16 48 65
m16 26 0 48 65
z 0 16 48 65
m16 87 0 48 65
z 0 16 48 65
m16 129 0 48 65
z 0 16 48 65
m16 182 0 48 65
z 0 16 48 65
m16 204 0 48 65
B20 0 24 59
B27 3 83 78
z 3 27 83 78
m27 20 3 7.181818181818182 102.0909090909091 1.0
B33 2 105 153
B33 3 105 153
B40 0 4 160
B40 1 4 160
B41 1 49 286
B44 0 29 395
z 0 44 29 395
m44 99 0 29 395
B44 1 29 395
B44 2 29 395
z 2 44 29 395
m44 99 2 29 395
z 2 44 29 395
m44 143 2 29 395
z 2 44 29 395
m44 163 2 29 395
B47 0 28 101
B52 1 145 13
B52 3 145 13
B58 3 167 459
B65 1 209 492
z 1 65 209 492
m65 29 1 209 492
z 1 65 209 492
m65 156 1 209 492
B66 1 85 475
B66 2 85 475
B66 3 85 475
z 3 66 85 475
m66 96 3 8.090909090909092 105.36363636363636 0.16033138491960838
B68 2 97 157
B68 3 97 157
B72 2 80 179
B72 3 80 179
z 3 72 80 179
m72 98 3 7.2727272727272725 103.45454545454545 1.0
B81 1 147 31
B81 2 147 31
B81 3 147 31
B88 1 102 54
B88 2 102 54
z 2 88 102 54
m88 10 2 102 54
z 2 88 102 54
m88 52 2 102 54
B88 3 102 54
B96 0 33 422
B96 1 33 422
B96 2 33 422
B98 1 41 237
B98 2 41 237
z 2 98 41 237
m98 102 2 41 237
B102 0 3 223
B102 1 3 223
B110 1 38 246
B110 2 38 246
B114 0 41 135
B114 1 41 135
z 1 114 41 135
m114 182 1 41 135
z 1 114 41 135
m114 204 1 41 135
B115 0 18 329
B115 1 18 329
B115 2 18 329
B116 1 132 34
B116 2 132 34
B116 3 132 34
B118 0 40 83
B119 0 23 168
B119 1 23 168
B125 1 48 271
B125 3 48 271
z 3 125 48 271
m125 115 3 7.454545454545453 102.9090909090909 0.8344783813227848
z 3 125 48 271
m125 102 3 7.454545454545453 102.9090909090909 0.8344783813227848
z 3 125 48 271
m125 110 3 7.454545454545453 102.9090909090909 0.8344783813227848
z 3 125 48 271
m125 41 3 7.454545454545453 102.9090909090909 0.8344783813227848
B128 1 287 20
B128 2 287 20
B128 3 287 20
B133 2 153 53
B136 1 114 42
B136 2 114 42
B136 3 114 42
B143 0 69 455
B143 1 69 455
z 1 143 69 455
m143 99 1 69 455
B150 2 102 480
z 2 150 102 480
m150 192 2 102 480
B155 2 68 195
B155 3 68 195
z 3 155 68 195
m155 40 3 7.2727272727272725 103.45454545454545 1.0
B158 2 114 194
B158 3 114 194
B159 2 96 211
B159 3 96 211
B163 0 39 461
B163 1 39 461
B163 3 39 461
z 3 163 39 461
m163 44 3 8.818181818181818 115.72727272727272 0.05144753743814255
B165 3 294 479
B189 2 59 200
z 2 189 59 200
m189 40 2 59 200
B189 3 59 200
B190 0 29 125
B190 1 29 125
z 1 190 29 125
m190 20 1 29 125
B192 0 60 478
B192 1 60 478
B193 0 43 111
B193 1 43 111
B212 2 119 475
B10 2 105 39
z 2 10 105 39
m10 26 2 105 39
B16 1 48 64
B16 2 48 64
B16 3 48 64
z 3 16 48 64
m16 87 3 7.583333333333334 100.91666666666666 0.5931234492855809
z 3 16 48 64
m16 129 3 7.583333333333334 100.91666666666666 0.5931234492855809
z 3 16 48 64
m16 26 3 7.583333333333334 100.91666666666666 0.5931234492855809
z 3 16 48 64
m16 182 3 7.583333333333334 100.91666666666666 0.5931234492855809
B20 1 25 59
B20 3 25 59
z 3 20 25 59
m20 204 3 6.666666666666666 93.66666666666666 1.0
B26 0 35 19
B26 1 35 19
z 1 26 35 19
m26 87 1 35 19
z 1 26 35 19
m26 129 1 35 19
B27 1 82 77
B27 2 82 77
z 2 27 82 77
m27 20 2 82 77
B29 1 269 482
z 1 29 269 482
m29 165 1 269 482
B40 2 4 159
B40 3 4 159
B41 3 49 285
B44 3 28 394
B47 1 28 100
B47 2 28 100
z 2 47 28 100
m47 182 2 28 100
z 2 47 28 100
m47 204 2 28 100
B47 3 28 100
B52 2 144 12
B87 0 10 20
B96 3 33 423
B98 3 41 238
B99 0 2 445
B99 1 2 445
B99 2 2 445
B102 2 3 224
B102 3 3 224
B110 3 37 246
B114 2 41 135
B114 3 41 135
B115 3 17 329
B118 1 39 83
B118 2 39 83
z 2 118 39 83
m118 87 2 39 83
z 2 118 39 83
m118 129 2 39 83
B118 3 39 83
B119 2 23 167
B119 3 23 167
B129 0 20 18
B143 2 69 455
B156 1 274 486
B163 2 38 461
B182 0 5 77
B182 1 5 77
B190 2 30 126
B190 3 30 126
B192 2 59 479
B193 2 43 112
B193 3 43 112
B204 0 6 78
B204 1 6 78
B20 2 26 59
B26 2 36 19
B26 3 36 19
B87 1 10 21
B87 2 10 21
B87 3 10 21
B129 1 19 17
B129 2 19 17
B129 3 19 17
B165 1 295 478
B182 2 4 77
B182 3 4 77
B204 2 5 79
B204 3 5 79
