204 403 10 420
s 0 429 294 233 0
s 1 418 229 290 0
s 2 305 460 16 0
s 3 474 173 185 0
s 4 192 400 29 0
s 5 240 388 259 0
s 6 326 134 359 0
s 7 460 342 19 0
s 8 37 295 19 0
s 9 250 220 331 0
s 10 484 68 1 0
s 11 148 115 288 0
s 12 490 331 182 0
s 13 425 299 352 0
s 14 51 118 286 0
s 15 442 187 234 0
s 16 462 122 205 0
s 17 492 388 256 0
s 18 442 439 250 0
s 19 151 60 188 0
s 20 438 86 24 0
s 21 205 347 60 0
s 22 61 348 32 0
s 23 317 91 91 0
s 24 169 51 199 0
s 25 156 491 182 0
s 26 276 353 81 0
s 27 366 234 319 0
s 28 95 345 201 0
s 29 483 145 2 0
s 30 44 78 261 0
s 31 100 480 346 0
s 32 447 347 177 0
s 33 11 79 103 0
s 34 3 68 231 0
s 35 288 158 87 0
s 36 394 49 185 0
s 37 292 94 78 0
s 38 444 461 244 0
s 39 322 365 322 0
s 40 37 224 58 0
s 41 133 201 112 0
s 42 24 221 219 0
s 43 96 187 189 0
s 44 167 314 48 0
s 45 101 144 330 0
s 46 458 97 109 0
s 47 480 179 263 0
s 48 394 189 9 0
s 49 110 401 219 0
s 50 76 163 52 0
s 51 403 197 94 0
s 52 54 388 93 0
s 53 21 316 283 0
s 54 207 226 214 0
s 55 228 188 85 0
s 56 231 488 278 0
s 57 315 128 324 0
s 58 235 49 74 0
s 59 247 413 356 0
s 60 249 162 24 0
s 61 160 413 115 0
s 62 479 228 328 0
s 63 219 269 342 0
s 64 121 473 152 0
s 65 305 252 295 0
s 66 134 202 140 0
s 67 31 5 5 0
s 68 193 378 0 0
s 69 476 437 79 0
s 70 22 238 251 0
s 71 98 8 86 0
s 72 77 334 0 0
s 73 1 40 151 0
s 74 242 329 91 0
s 75 236 198 346 0
s 76 416 292 229 0
s 77 119 363 42 0
s 78 20 281 165 0
s 79 293 169 90 0
s 80 120 289 4 0
s 81 459 55 120 0
s 82 103 338 276 0
s 83 352 275 192 0
s 84 372 178 46 0
s 85 353 60 160 0
s 86 1 482 326 0
s 87 368 223 59 0
s 88 3 419 308 0
s 89 140 72 237 0
s 90 125 108 121 0
s 91 116 458 314 0
s 92 247 203 322 0
s 93 309 256 35 0
s 94 46 16 125 0
s 95 311 247 183 0
s 96 367 476 207 0
s 97 229 226 305 0
s 98 83 196 175 0
s 99 250 304 212 0
s 100 310 286 338 0
s 101 420 80 40 0
s 102 292 100 347 0
s 103 302 123 31 0
s 104 223 122 318 0
s 105 175 231 353 0
s 106 161 87 352 0
s 107 19 358 144 0
s 108 45 234 45 0
s 109 8 325 57 0
s 110 370 432 174 0
s 111 62 113 249 0
s 112 312 170 303 0
s 113 240 144 159 0
s 114 462 220 50 0
s 115 81 432 275 0
s 116 386 13 306 0
s 117 155 233 308 0
s 118 4 145 191 0
s 119 79 473 158 0
s 120 469 32 226 0
s 121 486 260 112 0
s 122 48 145 301 0
s 123 177 22 25 0
s 124 45 198 1 0
s 125 63 185 353 0
s 126 158 418 324 0
s 127 79 437 20 0
s 128 297 189 166 0
s 129 238 354 94 0
s 130 191 302 336 0
s 131 387 459 163 0
s 132 498 213 225 0
s 133 286 332 87 0
s 134 226 63 325 0
s 135 264 497 269 0
s 136 33 151 275 0
s 137 193 123 22 0
s 138 157 19 59 0
s 139 263 80 295 0
s 140 370 148 137 0
s 141 298 323 279 0
s 142 391 499 298 0
s 143 457 37 20 0
s 144 157 473 241 0
s 145 475 272 50 0
s 146 447 462 93 0
s 147 298 257 127 0
s 148 45 23 314 0
s 149 10 420 318 0
s 150 385 147 338 0
s 151 412 15 118 0
s 152 370 27 159 0
s 153 54 365 14 0
s 154 57 410 302 0
s 155 303 303 256 0
s 156 477 27 139 0
s 157 471 372 310 0
s 158 52 443 100 0
s 159 184 498 222 0
s 160 255 361 140 0
s 161 67 131 166 0
s 162 456 310 278 0
s 163 394 366 51 0
s 164 284 362 275 0
s 165 114 121 196 0
s 166 183 227 249 0
s 167 64 483 79 0
s 168 497 97 192 0
s 169 224 86 317 0
s 170 67 249 123 0
s 171 415 74 6 0
s 172 354 456 241 0
s 173 12 456 227 0
s 174 267 468 119 0
s 175 231 69 20 0
s 176 199 434 99 0
s 177 83 425 223 0
s 178 215 52 262 0
s 179 254 283 228 0
s 180 296 442 262 0
s 181 276 416 207 0
s 182 387 333 262 0
s 183 369 173 330 0
s 184 460 473 228 0
s 185 116 285 134 0
s 186 80 378 110 0
s 187 114 449 7 0
s 188 204 403 304 0
s 189 308 339 314 0
s 190 159 301 158 0
s 191 151 76 52 0
s 192 481 176 282 0
s 193 116 89 88 0
s 194 356 289 178 0
s 195 459 227 148 0
s 196 331 37 352 0
s 197 274 93 1 0
s 198 188 91 318 0
s 199 96 266 253 0
s 200 102 421 61 0
s 201 109 321 319 0
s 202 417 402 241 0
s 203 445 57 278 0
s 204 379 490 85 0
s 205 281 127 126 0
s 206 173 344 285 0
s 207 439 116 321 0
s 208 315 217 37 0
s 209 73 184 46 0
s 210 425 356 5 0
s 211 291 110 281 0
s 212 264 263 37 0
s 213 361 143 230 0
s 214 417 92 300 0
s 215 281 89 155 0
s 216 386 295 168 0
s 217 370 252 250 0
s 218 455 453 355 0
s 219 182 83 327 0
B188 0 212 392
z 0 188 212 392
m188 4 0 212 392
z 0 188 212 392
m188 5 0 212 392
z 0 188 212 392
m188 21 0 212 392
z 0 188 212 392
m188 59 0 212 392
z 0 188 212 392
m188 61 0 212 392
z 0 188 212 392
m188 68 0 212 392
z 0 188 212 392
m188 126 0 212 392
z 0 188 212 392
m188 160 0 212 392
z 0 188 212 392
m188 176 0 212 392
z 0 188 212 392
m188 206 0 212 392
B188 1 212 392
z 1 188 212 392
m188 4 1 212 392
z 1 188 212 392
m188 5 1 212 392
z 1 188 212 392
m188 21 1 212 392
z 1 188 212 392
m188 59 1 212 392
z 1 188 212 392
m188 61 1 212 392
z 1 188 212 392
m188 68 1 212 392
z 1 188 212 392
m188 126 1 212 392
z 1 188 212 392
m188 160 1 212 392
z 1 188 212 392
m188 176 1 212 392
z 1 188 212 392
m188 206 1 212 392
B188 2 212 392
z 2 188 212 392
m188 4 2 212 392
z 2 188 212 392
m188 5 2 212 392
z 2 188 212 392
m188 21 2 212 392
z 2 188 212 392
m188 59 2 212 392
z 2 188 212 392
m188 61 2 212 392
z 2 188 212 392
m188 68 2 212 392
z 2 188 212 392
m188 126 2 212 392
z 2 188 212 392
m188 160 2 212 392
z 2 188 212 392
m188 176 2 212 392
z 2 188 212 392
m188 206 2 212 392
B188 3 212 392
z 3 188 212 392
m188 4 3 12.0 144.0 1.0
z 3 188 212 392
m188 5 3 12.0 144.0 1.0
z 3 188 212 392
m188 21 3 12.0 144.0 1.0
z 3 188 212 392
m188 59 3 12.0 144.0 1.0
z 3 188 212 392
m188 61 3 12.0 144.0 1.0
z 3 188 212 392
m188 68 3 12.0 144.0 1.0
z 3 188 212 392
m188 126 3 12.0 144.0 1.0
z 3 188 212 392
m188 160 3 12.0 144.0 1.0
z 3 188 212 392
m188 176 3 12.0 144.0 1.0
z 3 188 212 392
m188 206 3 12.0 144.0 1.0
B4 0 214 412
z 0 4 214 412
m4 74 0 214 412
z 0 4 214 412
m4 129 0 214 412
B4 1 214 412
z 1 4 214 412
m4 74 1 214 412
z 1 4 214 412
m4 129 1 214 412
B4 2 214 412
B4 3 214 412
z 3 4 214 412
m4 74 3 9.333333333333334 101.33333333333333 1.0
z 3 4 214 412
m4 129 3 9.333333333333334 101.33333333333333 1.0
B5 0 235 364
z 0 5 235 364
m5 26 0 235 364
z 0 5 235 364
m5 74 0 235 364
z 0 5 235 364
m5 129 0 235 364
z 0 5 235 364
m5 133 0 235 364
z 0 5 235 364
m5 164 0 235 364
z 0 5 235 364
m5 181 0 235 364
B5 1 235 364
z 1 5 235 364
m5 26 1 235 364
z 1 5 235 364
m5 74 1 235 364
z 1 5 235 364
m5 129 1 235 364
z 1 5 235 364
m5 133 1 235 364
z 1 5 235 364
m5 164 1 235 364
z 1 5 235 364
m5 181 1 235 364
B5 2 235 364
B5 3 235 364
z 3 5 235 364
m5 26 3 10.0 108.0 1.0
z 3 5 235 364
m5 74 3 10.0 108.0 1.0
z 3 5 235 364
m5 129 3 10.0 108.0 1.0
z 3 5 235 364
m5 133 3 10.0 108.0 1.0
z 3 5 235 364
m5 164 3 10.0 108.0 1.0
z 3 5 235 364
m5 181 3 10.0 108.0 1.0
B21 0 218 369
z 0 21 218 369
m21 44 0 218 369
z 0 21 218 369
m21 74 0 218 369
z 0 21 218 369
m21 129 0 218 369
z 0 21 218 369
m21 130 0 218 369
B21 1 218 369
B21 2 218 369
z 2 21 218 369
m21 44 2 218 369
z 2 21 218 369
m21 74 2 218 369
z 2 21 218 369
m21 129 2 218 369
z 2 21 218 369
m21 130 2 218 369
B21 3 218 369
z 3 21 218 369
m21 44 3 10.666666666666666 117.33333333333333 1.0
z 3 21 218 369
m21 74 3 10.666666666666666 117.33333333333333 1.0
z 3 21 218 369
m21 129 3 10.666666666666666 117.33333333333333 1.0
z 3 21 218 369
m21 130 3 10.666666666666666 117.33333333333333 1.0
B59 0 272 411
z 0 59 272 411
m59 26 0 272 411
z 0 59 272 411
m59 74 0 272 411
z 0 59 272 411
m59 129 0 272 411
z 0 59 272 411
m59 135 0 272 411
z 0 59 272 411
m59 164 0 272 411
z 0 59 272 411
m59 180 0 272 411
z 0 59 272 411
m59 181 0 272 411
B59 1 272 411
B59 2 272 411
z 2 59 272 411
m59 26 2 272 411
z 2 59 272 411
m59 74 2 272 411
z 2 59 272 411
m59 129 2 272 411
z 2 59 272 411
m59 135 2 272 411
z 2 59 272 411
m59 164 2 272 411
z 2 59 272 411
m59 180 2 272 411
z 2 59 272 411
m59 181 2 272 411
B59 3 272 411
z 3 59 272 411
m59 26 3 11.333333333333334 129.33333333333334 1.0
z 3 59 272 411
m59 74 3 11.333333333333334 129.33333333333334 1.0
z 3 59 272 411
m59 129 3 11.333333333333334 129.33333333333334 1.0
z 3 59 272 411
m59 135 3 11.333333333333334 129.33333333333334 1.0
z 3 59 272 411
m59 164 3 11.333333333333334 129.33333333333334 1.0
z 3 59 272 411
m59 180 3 11.333333333333334 129.33333333333334 1.0
z 3 59 272 411
m59 181 3 11.333333333333334 129.33333333333334 1.0
B61 0 149 436
z 0 61 149 436
m61 25 0 149 436
z 0 61 149 436
m61 31 0 149 436
z 0 61 149 436
m61 49 0 149 436
z 0 61 149 436
m61 64 0 149 436
z 0 61 149 436
m61 91 0 149 436
z 0 61 149 436
m61 115 0 149 436
z 0 61 149 436
m61 127 0 149 436
z 0 61 149 436
m61 144 0 149 436
z 0 61 149 436
m61 159 0 149 436
z 0 61 149 436
m61 187 0 149 436
z 0 61 149 436
m61 200 0 149 436
B61 1 149 436
B61 2 149 436
B61 3 149 436
z 3 61 149 436
m61 25 3 12.0 144.0 1.0
z 3 61 149 436
m61 31 3 12.0 144.0 1.0
z 3 61 149 436
m61 49 3 12.0 144.0 1.0
z 3 61 149 436
m61 64 3 12.0 144.0 1.0
z 3 61 149 436
m61 91 3 12.0 144.0 1.0
z 3 61 149 436
m61 115 3 12.0 144.0 1.0
z 3 61 149 436
m61 127 3 12.0 144.0 1.0
z 3 61 149 436
m61 144 3 12.0 144.0 1.0
z 3 61 149 436
m61 159 3 12.0 144.0 1.0
z 3 61 149 436
m61 187 3 12.0 144.0 1.0
z 3 61 149 436
m61 200 3 12.0 144.0 1.0
B68 0 218 378
z 0 68 218 378
m68 26 0 218 378
z 0 68 218 378
m68 74 0 218 378
z 0 68 218 378
m68 129 0 218 378
z 0 68 218 378
m68 181 0 218 378
B68 1 218 378
z 1 68 218 378
m68 26 1 218 378
z 1 68 218 378
m68 74 1 218 378
z 1 68 218 378
m68 129 1 218 378
z 1 68 218 378
m68 181 1 218 378
B68 2 218 378
z 2 68 218 378
m68 26 2 218 378
z 2 68 218 378
m68 74 2 218 378
z 2 68 218 378
m68 129 2 218 378
z 2 68 218 378
m68 181 2 218 378
B68 3 218 378
z 3 68 218 378
m68 26 3 9.666666666666666 104.33333333333333 1.0
z 3 68 218 378
m68 74 3 9.666666666666666 104.33333333333333 1.0
z 3 68 218 378
m68 129 3 9.666666666666666 104.33333333333333 1.0
z 3 68 218 378
m68 181 3 9.666666666666666 104.33333333333333 1.0
B126 0 178 403
z 0 126 178 403
m126 49 0 178 403
z 0 126 178 403
m126 77 0 178 403
z 0 126 178 403
m126 91 0 178 403
z 0 126 178 403
m126 144 0 178 403
z 0 126 178 403
m126 187 0 178 403
z 0 126 178 403
m126 200 0 178 403
B126 1 178 403
z 1 126 178 403
m126 49 1 178 403
z 1 126 178 403
m126 77 1 178 403
z 1 126 178 403
m126 91 1 178 403
z 1 126 178 403
m126 144 1 178 403
z 1 126 178 403
m126 187 1 178 403
z 1 126 178 403
m126 200 1 178 403
B126 2 178 403
z 2 126 178 403
m126 49 2 178 403
z 2 126 178 403
m126 77 2 178 403
z 2 126 178 403
m126 91 2 178 403
z 2 126 178 403
m126 144 2 178 403
z 2 126 178 403
m126 187 2 178 403
z 2 126 178 403
m126 200 2 178 403
B126 3 178 403
z 3 126 178 403
m126 49 3 10.0 108.0 1.0
z 3 126 178 403
m126 77 3 10.0 108.0 1.0
z 3 126 178 403
m126 91 3 10.0 108.0 1.0
z 3 126 178 403
m126 144 3 10.0 108.0 1.0
z 3 126 178 403
m126 187 3 10.0 108.0 1.0
z 3 126 178 403
m126 200 3 10.0 108.0 1.0
B160 0 236 377
z 0 160 236 377
m160 26 0 236 377
z 0 160 236 377
m160 74 0 236 377
z 0 160 236 377
m160 129 0 236 377
z 0 160 236 377
m160 133 0 236 377
z 0 160 236 377
m160 164 0 236 377
z 0 160 236 377
m160 181 0 236 377
B160 1 236 377
z 1 160 236 377
m160 26 1 236 377
z 1 160 236 377
m160 74 1 236 377
z 1 160 236 377
m160 129 1 236 377
z 1 160 236 377
m160 133 1 236 377
z 1 160 236 377
m160 164 1 236 377
z 1 160 236 377
m160 181 1 236 377
B160 2 236 377
B160 3 236 377
z 3 160 236 377
m160 26 3 10.333333333333334 112.33333333333333 1.0
z 3 160 236 377
m160 74 3 10.333333333333334 112.33333333333333 1.0
z 3 160 236 377
m160 129 3 10.333333333333334 112.33333333333333 1.0
z 3 160 236 377
m160 133 3 10.333333333333334 112.33333333333333 1.0
z 3 160 236 377
m160 164 3 10.333333333333334 112.33333333333333 1.0
z 3 160 236 377
m160 181 3 10.333333333333334 112.33333333333333 1.0
B176 0 195 458
z 0 176 195 458
m176 25 0 195 458
z 0 176 195 458
m176 56 0 195 458
z 0 176 195 458
m176 91 0 195 458
z 0 176 195 458
m176 144 0 195 458
z 0 176 195 458
m176 159 0 195 458
z 0 176 195 458
m176 187 0 195 458
B176 1 195 458
z 1 176 195 458
m176 25 1 195 458
z 1 176 195 458
m176 56 1 195 458
z 1 176 195 458
m176 91 1 195 458
z 1 176 195 458
m176 144 1 195 458
z 1 176 195 458
m176 159 1 195 458
z 1 176 195 458
m176 187 1 195 458
B176 2 195 458
z 2 176 195 458
m176 25 2 195 458
z 2 176 195 458
m176 56 2 195 458
z 2 176 195 458
m176 91 2 195 458
z 2 176 195 458
m176 144 2 195 458
z 2 176 195 458
m176 159 2 195 458
z 2 176 195 458
m176 187 2 195 458
B176 3 195 458
z 3 176 195 458
m176 25 3 10.333333333333334 112.33333333333333 1.0
z 3 176 195 458
m176 56 3 10.333333333333334 112.33333333333333 1.0
z 3 176 195 458
m176 91 3 10.333333333333334 112.33333333333333 1.0
z 3 176 195 458
m176 144 3 10.333333333333334 112.33333333333333 1.0
z 3 176 195 458
m176 159 3 10.333333333333334 112.33333333333333 1.0
z 3 176 195 458
m176 187 3 10.333333333333334 112.33333333333333 1.0
B206 0 179 319
z 0 206 179 319
m206 44 0 179 319
z 0 206 179 319
m206 74 0 179 319
z 0 206 179 319
m206 77 0 179 319
z 0 206 179 319
m206 80 0 179 319
z 0 206 179 319
m206 82 0 179 319
z 0 206 179 319
m206 130 0 179 319
z 0 206 179 319
m206 190 0 179 319
z 0 206 179 319
m206 201 0 179 319
B206 1 179 319
B206 2 179 319
B206 3 179 319
z 3 206 179 319
m206 44 3 11.333333333333334 129.33333333333334 1.0
z 3 206 179 319
m206 74 3 11.333333333333334 129.33333333333334 1.0
z 3 206 179 319
m206 77 3 11.333333333333334 129.33333333333334 1.0
z 3 206 179 319
m206 80 3 11.333333333333334 129.33333333333334 1.0
z 3 206 179 319
m206 82 3 11.333333333333334 129.33333333333334 1.0
z 3 206 179 319
m206 130 3 11.333333333333334 129.33333333333334 1.0
z 3 206 179 319
m206 190 3 11.333333333333334 129.33333333333334 1.0
z 3 206 179 319
m206 201 3 11.333333333333334 129.33333333333334 1.0
B25 0 119 489
z 0 25 119 489
m25 167 0 119 489
B25 1 119 489
z 1 25 119 489
m25 31 1 119 489
z 1 25 119 489
m25 64 1 119 489
z 1 25 119 489
m25 127 1 119 489
z 1 25 119 489
m25 167 1 119 489
B25 2 119 489
B25 3 119 489
z 3 25 119 489
m25 167 3 9.25 108.25 1.0
B26 0 282 390
z 0 26 282 390
m26 39 0 282 390
z 0 26 282 390
m26 189 0 282 390
B26 1 282 390
z 1 26 282 390
m26 39 1 282 390
z 1 26 282 390
m26 180 1 282 390
z 1 26 282 390
m26 189 1 282 390
B26 2 282 390
z 2 26 282 390
m26 39 2 282 390
z 2 26 282 390
m26 133 2 282 390
z 2 26 282 390
m26 189 2 282 390
B26 3 282 390
B31 0 136 471
z 0 31 136 471
m31 119 0 136 471
z 0 31 136 471
m31 167 0 136 471
B31 3 136 471
B44 0 192 342
z 0 44 192 342
m44 99 0 192 342
B44 2 192 342
z 2 44 192 342
m44 80 2 192 342
z 2 44 192 342
m44 99 2 192 342
z 2 44 192 342
m44 190 2 192 342
z 2 44 192 342
m44 201 2 192 342
B44 3 192 342
z 3 44 192 342
m44 99 3 8.25 88.25 1.0
B49 0 81 378
z 0 49 81 378
m49 149 0 81 378
B49 1 81 378
z 1 49 81 378
m49 149 1 81 378
B49 2 81 378
z 2 49 81 378
m49 149 2 81 378
B49 3 81 378
z 3 49 81 378
m49 149 3 12.0 144.0 -1.0
B56 0 236 452
z 0 56 236 452
m56 174 0 236 452
B56 1 236 452
z 1 56 236 452
m56 135 1 236 452
z 1 56 236 452
m56 174 1 236 452
B56 2 236 452
z 2 56 236 452
m56 174 2 236 452
B56 3 236 452
z 3 56 236 452
m56 174 3 8.0 84.5 1.0
B64 0 89 490
z 0 64 89 490
m64 119 0 89 490
z 0 64 89 490
m64 158 0 89 490
z 0 64 89 490
m64 167 0 89 490
B64 3 89 490
B74 0 241 366
B74 1 241 366
z 1 74 241 366
m74 44 1 241 366
z 1 74 241 366
m74 130 1 241 366
B74 2 241 366
z 2 74 241 366
m74 133 2 241 366
B74 3 241 366
B77 0 147 388
z 0 77 147 388
m77 22 0 147 388
z 0 77 147 388
m77 72 0 147 388
z 0 77 147 388
m77 153 0 147 388
z 0 77 147 388
m77 154 0 147 388
B77 1 147 388
B77 2 147 388
B77 3 147 388
z 3 77 147 388
m77 154 3 8.75 87.25 0.901457725947522
z 3 77 147 388
m77 72 3 8.75 87.25 0.901457725947522
z 3 77 147 388
m77 153 3 8.75 87.25 0.901457725947522
z 3 77 147 388
m77 22 3 8.75 87.25 0.901457725947522
B80 0 157 292
z 0 80 157 292
m80 41 0 157 292
z 0 80 157 292
m80 72 0 157 292
z 0 80 157 292
m80 185 0 157 292
B80 3 157 292
B82 0 107 301
z 0 82 107 301
m82 8 0 107 301
z 0 82 107 301
m82 22 0 107 301
z 0 82 107 301
m82 28 0 107 301
z 0 82 107 301
m82 72 0 107 301
z 0 82 107 301
m82 108 0 107 301
z 0 82 107 301
m82 185 0 107 301
z 0 82 107 301
m82 199 0 107 301
B82 3 107 301
z 3 82 107 301
m82 199 3 10.75 117.25 0.942758288442167
z 3 82 107 301
m82 22 3 10.75 117.25 0.942758288442167
z 3 82 107 301
m82 28 3 10.75 117.25 0.942758288442167
z 3 82 107 301
m82 108 3 10.75 117.25 0.942758288442167
z 3 82 107 301
m82 8 3 10.75 117.25 0.942758288442167
z 3 82 107 301
m82 72 3 10.75 117.25 0.942758288442167
z 3 82 107 301
m82 185 3 10.75 117.25 0.942758288442167
B91 0 142 431
B91 1 142 431
z 1 91 142 431
m91 31 1 142 431
z 1 91 142 431
m91 64 1 142 431
z 1 91 142 431
m91 115 1 142 431
z 1 91 142 431
m91 127 1 142 431
B91 2 142 431
z 2 91 142 431
m91 31 2 142 431
z 2 91 142 431
m91 64 2 142 431
z 2 91 142 431
m91 115 2 142 431
z 2 91 142 431
m91 127 2 142 431
B91 3 142 431
B115 0 85 396
z 0 115 85 396
m115 149 0 85 396
B115 3 85 396
z 3 115 85 396
m115 149 3 12.0 144.0 -1.0
B127 0 114 450
z 0 127 114 450
m127 52 0 114 450
z 0 127 114 450
m127 119 0 114 450
z 0 127 114 450
m127 154 0 114 450
z 0 127 114 450
m127 158 0 114 450
z 0 127 114 450
m127 167 0 114 450
z 0 127 114 450
m127 177 0 114 450
z 0 127 114 450
m127 186 0 114 450
B127 3 114 450
z 3 127 114 450
m127 154 3 10.75 120.25 0.41256418000604045
z 3 127 114 450
m127 119 3 10.75 120.25 0.41256418000604045
z 3 127 114 450
m127 177 3 10.75 120.25 0.41256418000604045
z 3 127 114 450
m127 158 3 10.75 120.25 0.41256418000604045
z 3 127 114 450
m127 52 3 10.75 120.25 0.41256418000604045
B129 0 236 391
B129 1 236 391
z 1 129 236 391
m129 180 1 236 391
B129 2 236 391
z 2 129 236 391
m129 133 2 236 391
B129 3 236 391
B130 0 225 287
z 0 130 225 287
m130 63 0 225 287
z 0 130 225 287
m130 99 0 225 287
z 0 130 225 287
m130 105 0 225 287
z 0 130 225 287
m130 179 0 225 287
B130 2 225 287
B130 3 225 287
z 3 130 225 287
m130 105 3 9.5 97.0 0.7719298245614035
z 3 130 225 287
m130 63 3 9.5 97.0 0.7719298245614035
z 3 130 225 287
m130 179 3 9.5 97.0 0.7719298245614035
z 3 130 225 287
m130 99 3 9.5 97.0 0.7719298245614035
B133 0 288 369
z 0 133 288 369
m133 39 0 288 369
z 0 133 288 369
m133 141 0 288 369
z 0 133 288 369
m133 189 0 288 369
B133 1 288 369
z 1 133 288 369
m133 39 1 288 369
z 1 133 288 369
m133 141 1 288 369
z 1 133 288 369
m133 180 1 288 369
z 1 133 288 369
m133 189 1 288 369
B133 3 288 369
B135 0 263 460
z 0 135 263 460
m135 2 0 263 460
z 0 135 263 460
m135 174 0 263 460
B135 2 263 460
B135 3 263 460
B144 0 139 440
B144 1 139 440
B144 2 139 440
B144 3 139 440
B159 0 156 473
B159 1 156 473
z 1 159 156 473
m159 31 1 156 473
z 1 159 156 473
m159 64 1 156 473
z 1 159 156 473
m159 127 1 156 473
B159 2 156 473
B159 3 156 473
B164 0 287 325
z 0 164 287 325
m164 39 0 287 325
z 0 164 287 325
m164 141 0 287 325
z 0 164 287 325
m164 147 0 287 325
z 0 164 287 325
m164 155 0 287 325
z 0 164 287 325
m164 189 0 287 325
z 0 164 287 325
m164 194 0 287 325
z 0 164 287 325
m164 212 0 287 325
B164 1 287 325
B164 2 287 325
z 2 164 287 325
m164 39 2 287 325
z 2 164 287 325
m164 133 2 287 325
z 2 164 287 325
m164 141 2 287 325
z 2 164 287 325
m164 147 2 287 325
z 2 164 287 325
m164 155 2 287 325
z 2 164 287 325
m164 189 2 287 325
z 2 164 287 325
m164 194 2 287 325
z 2 164 287 325
m164 212 2 287 325
B164 3 287 325
z 3 164 287 325
m164 39 3 9.5 97.0 1.0
z 3 164 287 325
m164 141 3 9.5 97.0 1.0
z 3 164 287 325
m164 147 3 9.5 97.0 1.0
z 3 164 287 325
m164 155 3 9.5 97.0 1.0
z 3 164 287 325
m164 189 3 9.5 97.0 1.0
z 3 164 287 325
m164 194 3 9.5 97.0 1.0
z 3 164 287 325
m164 212 3 9.5 97.0 1.0
B180 0 291 405
z 0 180 291 405
m180 2 0 291 405
z 0 180 291 405
m180 110 0 291 405
z 0 180 291 405
m180 172 0 291 405
B180 2 291 405
z 2 180 291 405
m180 2 2 291 405
z 2 180 291 405
m180 110 2 291 405
z 2 180 291 405
m180 133 2 291 405
z 2 180 291 405
m180 172 2 291 405
B180 3 291 405
z 3 180 291 405
m180 2 3 9.5 101.0 0.0
B181 0 243 399
B181 1 243 399
z 1 181 243 399
m181 135 1 243 399
z 1 181 243 399
m181 180 1 243 399
B181 2 243 399
z 2 181 243 399
m181 133 2 243 399
B181 3 243 399
B187 0 151 454
B187 1 151 454
z 1 187 151 454
m187 31 1 151 454
z 1 187 151 454
m187 64 1 151 454
z 1 187 151 454
m187 127 1 151 454
B187 2 151 454
z 2 187 151 454
m187 31 2 151 454
z 2 187 151 454
m187 64 2 151 454
z 2 187 151 454
m187 127 2 151 454
B187 3 151 454
B190 0 125 315
z 0 190 125 315
m190 8 0 125 315
z 0 190 125 315
m190 22 0 125 315
z 0 190 125 315
m190 28 0 125 315
z 0 190 125 315
m190 72 0 125 315
z 0 190 125 315
m190 185 0 125 315
B190 3 125 315
z 3 190 125 315
m190 28 3 9.75 103.25 0.15790236129219193
z 3 190 125 315
m190 22 3 9.75 103.25 0.15790236129219193
B200 0 120 453
z 0 200 120 453
m200 52 0 120 453
z 0 200 120 453
m200 154 0 120 453
z 0 200 120 453
m200 158 0 120 453
z 0 200 120 453
m200 167 0 120 453
z 0 200 120 453
m200 177 0 120 453
z 0 200 120 453
m200 186 0 120 453
B200 1 120 453
z 1 200 120 453
m200 31 1 120 453
z 1 200 120 453
m200 52 1 120 453
z 1 200 120 453
m200 64 1 120 453
z 1 200 120 453
m200 115 1 120 453
z 1 200 120 453
m200 127 1 120 453
z 1 200 120 453
m200 154 1 120 453
z 1 200 120 453
m200 158 1 120 453
z 1 200 120 453
m200 167 1 120 453
z 1 200 120 453
m200 177 1 120 453
z 1 200 120 453
m200 186 1 120 453
B200 2 120 453
B200 3 120 453
z 3 200 120 453
m200 154 3 10.75 120.25 0.41256418000604045
z 3 200 120 453
m200 177 3 10.75 120.25 0.41256418000604045
z 3 200 120 453
m200 158 3 10.75 120.25 0.41256418000604045
z 3 200 120 453
m200 52 3 10.75 120.25 0.41256418000604045
B201 0 137 297
z 0 201 137 297
m201 8 0 137 297
z 0 201 137 297
m201 28 0 137 297
z 0 201 137 297
m201 72 0 137 297
z 0 201 137 297
m201 185 0 137 297
z 0 201 137 297
m201 199 0 137 297
B201 3 137 297
z 3 201 137 297
m201 28 3 10.0 106.0 0.46327683615819226
z 3 201 137 297
m201 199 3 10.0 106.0 0.46327683615819226
z 3 201 137 297
m201 8 3 10.0 106.0 0.46327683615819226
B2 0 352 473
z 0 2 352 473
m2 96 0 352 473
z 0 2 352 473
m2 131 0 352 473
z 0 2 352 473
m2 142 0 352 473
z 0 2 352 473
m2 204 0 352 473
B2 2 352 473
z 2 2 352 473
m2 96 2 352 473
z 2 2 352 473
m2 131 2 352 473
z 2 2 352 473
m2 142 2 352 473
z 2 2 352 473
m2 204 2 352 473
B2 3 352 473
z 3 2 352 473
m2 172 3 8.799999999999999 88.0 0.0
z 3 2 352 473
m2 110 3 8.799999999999999 88.0 0.0
z 3 2 352 473
m2 142 3 8.799999999999999 88.0 0.0
B8 0 84 311
z 0 8 84 311
m8 40 0 84 311
z 0 8 84 311
m8 53 0 84 311
z 0 8 84 311
m8 109 0 84 311
z 0 8 84 311
m8 170 0 84 311
B8 3 84 311
z 3 8 84 311
m8 109 3 9.4 97.0 0.0
B22 0 103 374
z 0 22 103 374
m22 149 0 103 374
B22 3 103 374
z 3 22 103 374
m22 149 3 8.75 87.25 -1.0
B28 0 49 327
z 0 28 49 327
m28 149 0 49 327
B28 3 49 327
z 3 28 49 327
m28 149 3 10.75 117.25 -1.0
B31 1 147 468
B31 2 147 468
B39 0 361 335
z 0 39 361 335
m39 32 0 361 335
z 0 39 361 335
m39 182 0 361 335
z 0 39 361 335
m39 202 0 361 335
z 0 39 361 335
m39 216 0 361 335
B39 1 361 335
z 1 39 361 335
m39 32 1 361 335
z 1 39 361 335
m39 182 1 361 335
z 1 39 361 335
m39 194 1 361 335
z 1 39 361 335
m39 202 1 361 335
z 1 39 361 335
m39 216 1 361 335
B39 2 361 335
z 2 39 361 335
m39 32 2 361 335
z 2 39 361 335
m39 182 2 361 335
z 2 39 361 335
m39 202 2 361 335
z 2 39 361 335
m39 216 2 361 335
B39 3 361 335
z 3 39 361 335
m39 182 3 8.799999999999999 84.8 0.7497835497835499
z 3 39 361 335
m39 202 3 8.799999999999999 84.8 0.7497835497835499
z 3 39 361 335
m39 32 3 8.799999999999999 84.8 0.7497835497835499
B41 0 114 247
z 0 41 114 247
m41 50 0 114 247
z 0 41 114 247
m41 54 0 114 247
z 0 41 114 247
m41 66 0 114 247
z 0 41 114 247
m41 117 0 114 247
z 0 41 114 247
m41 124 0 114 247
z 0 41 114 247
m41 125 0 114 247
z 0 41 114 247
m41 166 0 114 247
z 0 41 114 247
m41 209 0 114 247
B44 1 200 351
z 1 44 200 351
m44 80 1 200 351
z 1 44 200 351
m44 99 1 200 351
z 1 44 200 351
m44 190 1 200 351
z 1 44 200 351
m44 201 1 200 351
B52 0 52 437
z 0 52 52 437
m52 149 0 52 437
B52 1 52 437
z 1 52 52 437
m52 149 1 52 437
B52 3 52 437
z 3 52 52 437
m52 149 3 10.75 120.25 -1.0
B63 0 266 254
z 0 63 266 254
m63 55 0 266 254
z 0 63 266 254
m63 79 0 266 254
z 0 63 266 254
m63 83 0 266 254
z 0 63 266 254
m63 95 0 266 254
z 0 63 266 254
m63 97 0 266 254
z 0 63 266 254
m63 128 0 266 254
B63 3 266 254
z 3 63 266 254
m63 55 3 9.4 93.8 1.0
z 3 63 266 254
m63 79 3 9.4 93.8 1.0
z 3 63 266 254
m63 83 3 9.4 93.8 1.0
z 3 63 266 254
m63 95 3 9.4 93.8 1.0
z 3 63 266 254
m63 97 3 9.4 93.8 1.0
z 3 63 266 254
m63 128 3 9.4 93.8 1.0
B64 1 78 496
B64 2 78 496
z 2 64 78 496
m64 86 2 78 496
z 2 64 78 496
m64 119 2 78 496
z 2 64 78 496
m64 158 2 78 496
z 2 64 78 496
m64 167 2 78 496
B72 0 126 334
B72 3 126 334
B80 2 169 293
z 2 80 169 293
m80 41 2 169 293
z 2 80 169 293
m80 72 2 169 293
z 2 80 169 293
m80 82 2 169 293
B99 0 208 278
z 0 99 208 278
m99 55 0 208 278
z 0 99 208 278
m99 95 0 208 278
B99 2 208 278
z 2 99 208 278
m99 55 2 208 278
z 2 99 208 278
m99 63 2 208 278
z 2 99 208 278
m99 95 2 208 278
z 2 99 208 278
m99 105 2 208 278
z 2 99 208 278
m99 179 2 208 278
B99 3 208 278
z 3 99 208 278
m99 55 3 7.0 71.39999999999999 1.0
z 3 99 208 278
m99 95 3 7.0 71.39999999999999 1.0
B105 0 224 226
z 0 105 224 226
m105 54 0 224 226
z 0 105 224 226
m105 55 0 224 226
z 0 105 224 226
m105 95 0 224 226
z 0 105 224 226
m105 97 0 224 226
z 0 105 224 226
m105 113 0 224 226
z 0 105 224 226
m105 117 0 224 226
z 0 105 224 226
m105 128 0 224 226
B105 3 224 226
z 3 105 224 226
m105 54 3 9.6 97.6 1.0
z 3 105 224 226
m105 55 3 9.6 97.6 1.0
z 3 105 224 226
m105 95 3 9.6 97.6 1.0
z 3 105 224 226
m105 97 3 9.6 97.6 1.0
z 3 105 224 226
m105 113 3 9.6 97.6 1.0
z 3 105 224 226
m105 117 3 9.6 97.6 1.0
z 3 105 224 226
m105 128 3 9.6 97.6 1.0
B108 0 80 268
z 0 108 80 268
m108 40 0 80 268
z 0 108 80 268
m108 50 0 80 268
z 0 108 80 268
m108 53 0 80 268
z 0 108 80 268
m108 66 0 80 268
z 0 108 80 268
m108 78 0 80 268
z 0 108 80 268
m108 124 0 80 268
z 0 108 80 268
m108 170 0 80 268
z 0 108 80 268
m108 209 0 80 268
B108 3 80 268
z 3 108 80 268
m108 40 3 10.6 113.8 1.0
z 3 108 80 268
m108 41 3 10.6 113.8 1.0
z 3 108 80 268
m108 50 3 10.6 113.8 1.0
z 3 108 80 268
m108 53 3 10.6 113.8 1.0
z 3 108 80 268
m108 66 3 10.6 113.8 1.0
z 3 108 80 268
m108 78 3 10.6 113.8 1.0
z 3 108 80 268
m108 124 3 10.6 113.8 1.0
z 3 108 80 268
m108 170 3 10.6 113.8 1.0
z 3 108 80 268
m108 209 3 10.6 113.8 1.0
B110 0 322 437
z 0 110 322 437
m110 96 0 322 437
z 0 110 322 437
m110 131 0 322 437
z 0 110 322 437
m110 142 0 322 437
B110 2 322 437
z 2 110 322 437
m110 96 2 322 437
z 2 110 322 437
m110 131 2 322 437
z 2 110 322 437
m110 142 2 322 437
B115 1 86 384
z 1 115 86 384
m115 149 1 86 384
B115 2 86 384
z 2 115 86 384
m115 149 2 86 384
B119 0 34 491
z 0 119 34 491
m119 86 0 34 491
z 0 119 34 491
m119 173 0 34 491
B119 3 34 491
B127 1 125 454
B127 2 125 454
B130 1 235 282
z 1 130 235 282
m130 55 1 235 282
z 1 130 235 282
m130 63 1 235 282
z 1 130 235 282
m130 80 1 235 282
z 1 130 235 282
m130 99 1 235 282
z 1 130 235 282
m130 105 1 235 282
z 1 130 235 282
m130 147 1 235 282
z 1 130 235 282
m130 179 1 235 282
B133 2 289 381
B135 1 263 448
z 1 135 263 448
m135 110 1 263 448
B141 0 306 275
z 0 141 306 275
m141 83 0 306 275
z 0 141 306 275
m141 93 0 306 275
z 0 141 306 275
m141 95 0 306 275
z 0 141 306 275
m141 100 0 306 275
z 0 141 306 275
m141 216 0 306 275
B141 1 306 275
z 1 141 306 275
m141 63 1 306 275
z 1 141 306 275
m141 83 1 306 275
z 1 141 306 275
m141 93 1 306 275
z 1 141 306 275
m141 95 1 306 275
z 1 141 306 275
m141 100 1 306 275
z 1 141 306 275
m141 147 1 306 275
z 1 141 306 275
m141 155 1 306 275
z 1 141 306 275
m141 194 1 306 275
z 1 141 306 275
m141 212 1 306 275
z 1 141 306 275
m141 216 1 306 275
B141 2 306 275
z 2 141 306 275
m141 63 2 306 275
z 2 141 306 275
m141 83 2 306 275
z 2 141 306 275
m141 93 2 306 275
z 2 141 306 275
m141 95 2 306 275
z 2 141 306 275
m141 100 2 306 275
z 2 141 306 275
m141 216 2 306 275
B141 3 306 275
z 3 141 306 275
m141 95 3 9.0 87.39999999999999 0.9191111111111114
z 3 141 306 275
m141 100 3 9.0 87.39999999999999 0.9191111111111114
z 3 141 306 275
m141 93 3 9.0 87.39999999999999 0.9191111111111114
z 3 141 306 275
m141 216 3 9.0 87.39999999999999 0.9191111111111114
z 3 141 306 275
m141 83 3 9.0 87.39999999999999 0.9191111111111114
B147 0 269 297
z 0 147 269 297
m147 83 0 269 297
z 0 147 269 297
m147 93 0 269 297
z 0 147 269 297
m147 95 0 269 297
B147 2 269 297
z 2 147 269 297
m147 63 2 269 297
z 2 147 269 297
m147 83 2 269 297
z 2 147 269 297
m147 93 2 269 297
z 2 147 269 297
m147 95 2 269 297
z 2 147 269 297
m147 179 2 269 297
B147 3 269 297
B153 0 101 377
z 0 153 101 377
m153 149 0 101 377
B153 3 101 377
z 3 153 101 377
m153 149 3 8.75 87.25 -1.0
B154 0 83 368
z 0 154 83 368
m154 149 0 83 368
B154 1 83 368
z 1 154 83 368
m154 149 1 83 368
B154 3 83 368
z 3 154 83 368
m154 149 3 8.75 87.25 -1.0
B155 0 291 255
z 0 155 291 255
m155 9 0 291 255
z 0 155 291 255
m155 35 0 291 255
z 0 155 291 255
m155 65 0 291 255
z 0 155 291 255
m155 79 0 291 255
z 0 155 291 255
m155 83 0 291 255
z 0 155 291 255
m155 93 0 291 255
z 0 155 291 255
m155 95 0 291 255
z 0 155 291 255
m155 100 0 291 255
z 0 155 291 255
m155 208 0 291 255
z 0 155 291 255
m155 216 0 291 255
B155 2 291 255
z 2 155 291 255
m155 9 2 291 255
z 2 155 291 255
m155 35 2 291 255
z 2 155 291 255
m155 63 2 291 255
z 2 155 291 255
m155 65 2 291 255
z 2 155 291 255
m155 79 2 291 255
z 2 155 291 255
m155 83 2 291 255
z 2 155 291 255
m155 93 2 291 255
z 2 155 291 255
m155 95 2 291 255
z 2 155 291 255
m155 100 2 291 255
z 2 155 291 255
m155 179 2 291 255
z 2 155 291 255
m155 208 2 291 255
z 2 155 291 255
m155 216 2 291 255
B155 3 291 255
z 3 155 291 255
m155 9 3 9.8 101.8 1.0
z 3 155 291 255
m155 35 3 9.8 101.8 1.0
z 3 155 291 255
m155 65 3 9.8 101.8 1.0
z 3 155 291 255
m155 79 3 9.8 101.8 1.0
z 3 155 291 255
m155 83 3 9.8 101.8 1.0
z 3 155 291 255
m155 93 3 9.8 101.8 1.0
z 3 155 291 255
m155 95 3 9.8 101.8 1.0
z 3 155 291 255
m155 100 3 9.8 101.8 1.0
z 3 155 291 255
m155 208 3 9.8 101.8 1.0
z 3 155 291 255
m155 216 3 9.8 101.8 1.0
B158 0 43 491
z 0 158 43 491
m158 86 0 43 491
z 0 158 43 491
m158 173 0 43 491
B158 1 43 491
z 1 158 43 491
m158 86 1 43 491
z 1 158 43 491
m158 119 1 43 491
z 1 158 43 491
m158 173 1 43 491
B158 3 43 491
B167 0 87 473
z 0 167 87 473
m167 86 0 87 473
B167 1 87 473
z 1 167 87 473
m167 86 1 87 473
z 1 167 87 473
m167 119 1 87 473
B167 3 87 473
z 3 167 87 473
m167 86 3 7.800000000000001 87.39999999999999 1.0
B172 0 330 413
z 0 172 330 413
m172 96 0 330 413
z 0 172 330 413
m172 131 0 330 413
z 0 172 330 413
m172 142 0 330 413
B172 2 330 413
B174 0 263 496
B174 1 263 496
B174 2 263 496
B174 3 263 496
B177 0 48 392
z 0 177 48 392
m177 149 0 48 392
B177 1 48 392
z 1 177 48 392
m177 149 1 48 392
B177 3 48 392
z 3 177 48 392
m177 149 3 10.75 120.25 -1.0
B179 0 221 247
z 0 179 221 247
m179 54 0 221 247
z 0 179 221 247
m179 55 0 221 247
z 0 179 221 247
m179 95 0 221 247
z 0 179 221 247
m179 117 0 221 247
z 0 179 221 247
m179 128 0 221 247
B179 3 221 247
z 3 179 221 247
m179 54 3 8.799999999999999 84.8 0.8200501253132831
z 3 179 221 247
m179 117 3 8.799999999999999 84.8 0.8200501253132831
z 3 179 221 247
m179 128 3 8.799999999999999 84.8 0.8200501253132831
z 3 179 221 247
m179 95 3 8.799999999999999 84.8 0.8200501253132831
z 3 179 221 247
m179 55 3 8.799999999999999 84.8 0.8200501253132831
B180 1 289 393
z 1 180 289 393
m180 110 1 289 393
z 1 180 289 393
m180 172 1 289 393
B185 0 82 320
z 0 185 82 320
m185 40 0 82 320
z 0 185 82 320
m185 53 0 82 320
z 0 185 82 320
m185 170 0 82 320
B185 3 82 320
B186 0 63 424
z 0 186 63 424
m186 149 0 63 424
B186 1 63 424
z 1 186 63 424
m186 149 1 63 424
B189 0 342 304
z 0 189 342 304
m189 76 0 342 304
z 0 189 342 304
m189 83 0 342 304
z 0 189 342 304
m189 93 0 342 304
z 0 189 342 304
m189 100 0 342 304
z 0 189 342 304
m189 182 0 342 304
z 0 189 342 304
m189 216 0 342 304
B189 1 342 304
z 1 189 342 304
m189 76 1 342 304
z 1 189 342 304
m189 83 1 342 304
z 1 189 342 304
m189 93 1 342 304
z 1 189 342 304
m189 100 1 342 304
z 1 189 342 304
m189 147 1 342 304
z 1 189 342 304
m189 182 1 342 304
z 1 189 342 304
m189 194 1 342 304
z 1 189 342 304
m189 212 1 342 304
z 1 189 342 304
m189 216 1 342 304
B189 2 342 304
B189 3 342 304
z 3 189 342 304
m189 76 3 9.0 87.39999999999999 0.9191111111111114
z 3 189 342 304
m189 83 3 9.0 87.39999999999999 0.9191111111111114
z 3 189 342 304
m189 182 3 9.0 87.39999999999999 0.9191111111111114
z 3 189 342 304
m189 100 3 9.0 87.39999999999999 0.9191111111111114
z 3 189 342 304
m189 93 3 9.0 87.39999999999999 0.9191111111111114
z 3 189 342 304
m189 216 3 9.0 87.39999999999999 0.9191111111111114
B190 2 114 319
z 2 190 114 319
m190 8 2 114 319
z 2 190 114 319
m190 22 2 114 319
z 2 190 114 319
m190 28 2 114 319
z 2 190 114 319
m190 72 2 114 319
z 2 190 114 319
m190 82 2 114 319
z 2 190 114 319
m190 153 2 114 319
z 2 190 114 319
m190 185 2 114 319
B194 0 307 290
z 0 194 307 290
m194 83 0 307 290
z 0 194 307 290
m194 93 0 307 290
z 0 194 307 290
m194 95 0 307 290
z 0 194 307 290
m194 100 0 307 290
z 0 194 307 290
m194 182 0 307 290
z 0 194 307 290
m194 216 0 307 290
B194 2 307 290
z 2 194 307 290
m194 83 2 307 290
z 2 194 307 290
m194 93 2 307 290
z 2 194 307 290
m194 95 2 307 290
z 2 194 307 290
m194 100 2 307 290
z 2 194 307 290
m194 182 2 307 290
z 2 194 307 290
m194 216 2 307 290
B194 3 307 290
z 3 194 307 290
m194 83 3 9.2 90.39999999999999 1.0
z 3 194 307 290
m194 93 3 9.2 90.39999999999999 1.0
z 3 194 307 290
m194 95 3 9.2 90.39999999999999 1.0
z 3 194 307 290
m194 100 3 9.2 90.39999999999999 1.0
z 3 194 307 290
m194 182 3 9.2 90.39999999999999 1.0
z 3 194 307 290
m194 216 3 9.2 90.39999999999999 1.0
B199 0 82 219
z 0 199 82 219
m199 40 0 82 219
z 0 199 82 219
m199 43 0 82 219
z 0 199 82 219
m199 50 0 82 219
z 0 199 82 219
m199 53 0 82 219
z 0 199 82 219
m199 66 0 82 219
z 0 199 82 219
m199 98 0 82 219
z 0 199 82 219
m199 124 0 82 219
z 0 199 82 219
m199 125 0 82 219
z 0 199 82 219
m199 170 0 82 219
z 0 199 82 219
m199 209 0 82 219
B199 3 82 219
z 3 199 82 219
m199 40 3 10.8 118.0 1.0
z 3 199 82 219
m199 41 3 10.8 118.0 1.0
z 3 199 82 219
m199 43 3 10.8 118.0 1.0
z 3 199 82 219
m199 50 3 10.8 118.0 1.0
z 3 199 82 219
m199 53 3 10.8 118.0 1.0
z 3 199 82 219
m199 66 3 10.8 118.0 1.0
z 3 199 82 219
m199 98 3 10.8 118.0 1.0
z 3 199 82 219
m199 124 3 10.8 118.0 1.0
z 3 199 82 219
m199 125 3 10.8 118.0 1.0
z 3 199 82 219
m199 170 3 10.8 118.0 1.0
z 3 199 82 219
m199 209 3 10.8 118.0 1.0
B201 2 146 289
z 2 201 146 289
m201 8 2 146 289
z 2 201 146 289
m201 41 2 146 289
z 2 201 146 289
m201 72 2 146 289
z 2 201 146 289
m201 82 2 146 289
z 2 201 146 289
m201 185 2 146 289
B212 0 303 292
z 0 212 303 292
m212 65 0 303 292
z 0 212 303 292
m212 83 0 303 292
z 0 212 303 292
m212 93 0 303 292
z 0 212 303 292
m212 95 0 303 292
z 0 212 303 292
m212 100 0 303 292
z 0 212 303 292
m212 208 0 303 292
z 0 212 303 292
m212 216 0 303 292
B212 2 303 292
z 2 212 303 292
m212 63 2 303 292
z 2 212 303 292
m212 65 2 303 292
z 2 212 303 292
m212 83 2 303 292
z 2 212 303 292
m212 93 2 303 292
z 2 212 303 292
m212 95 2 303 292
z 2 212 303 292
m212 100 2 303 292
z 2 212 303 292
m212 208 2 303 292
z 2 212 303 292
m212 216 2 303 292
B212 3 303 292
z 3 212 303 292
m212 65 3 9.0 87.39999999999999 0.9191111111111114
z 3 212 303 292
m212 208 3 9.0 87.39999999999999 0.9191111111111114
z 3 212 303 292
m212 95 3 9.0 87.39999999999999 0.9191111111111114
z 3 212 303 292
m212 100 3 9.0 87.39999999999999 0.9191111111111114
z 3 212 303 292
m212 93 3 9.0 87.39999999999999 0.9191111111111114
z 3 212 303 292
m212 216 3 9.0 87.39999999999999 0.9191111111111114
z 3 212 303 292
m212 83 3 9.0 87.39999999999999 0.9191111111111114
B8 2 95 315
B9 0 303 191
z 0 9 303 191
m9 23 0 303 191
z 0 9 303 191
m9 37 0 303 191
z 0 9 303 191
m9 60 0 303 191
z 0 9 303 191
m9 75 0 303 191
z 0 9 303 191
m9 92 0 303 191
z 0 9 303 191
m9 140 0 303 191
z 0 9 303 191
m9 205 0 303 191
z 0 9 303 191
m9 217 0 303 191
B9 2 303 191
z 2 9 303 191
m9 23 2 303 191
z 2 9 303 191
m9 37 2 303 191
z 2 9 303 191
m9 60 2 303 191
z 2 9 303 191
m9 75 2 303 191
z 2 9 303 191
m9 92 2 303 191
z 2 9 303 191
m9 97 2 303 191
z 2 9 303 191
m9 128 2 303 191
z 2 9 303 191
m9 140 2 303 191
z 2 9 303 191
m9 205 2 303 191
z 2 9 303 191
m9 217 2 303 191
B9 3 303 191
z 3 9 303 191
m9 205 3 9.666666666666666 98.33333333333333 0.8058137597867732
z 3 9 303 191
m9 217 3 9.666666666666666 98.33333333333333 0.8058137597867732
z 3 9 303 191
m9 23 3 9.666666666666666 98.33333333333333 0.8058137597867732
z 3 9 303 191
m9 37 3 9.666666666666666 98.33333333333333 0.8058137597867732
z 3 9 303 191
m9 92 3 9.666666666666666 98.33333333333333 0.8058137597867732
z 3 9 303 191
m9 140 3 9.666666666666666 98.33333333333333 0.8058137597867732
z 3 9 303 191
m9 75 3 9.666666666666666 98.33333333333333 0.8058137597867732
z 3 9 303 191
m9 60 3 9.666666666666666 98.33333333333333 0.8058137597867732
B22 2 113 380
B28 2 38 323
z 2 28 38 323
m28 149 2 38 323
B32 0 386 350
z 0 32 386 350
m32 12 0 386 350
z 0 32 386 350
m32 18 0 386 350
z 0 32 386 350
m32 38 0 386 350
z 0 32 386 350
m32 163 0 386 350
B32 1 386 350
z 1 32 386 350
m32 12 1 386 350
z 1 32 386 350
m32 18 1 386 350
z 1 32 386 350
m32 38 1 386 350
z 1 32 386 350
m32 163 1 386 350
B32 2 386 350
z 2 32 386 350
m32 12 2 386 350
z 2 32 386 350
m32 18 2 386 350
z 2 32 386 350
m32 38 2 386 350
z 2 32 386 350
m32 163 2 386 350
B32 3 386 350
z 3 32 386 350
m32 163 3 7.999999999999999 73.33333333333334 0.43605832763727465
z 3 32 386 350
m32 38 3 7.999999999999999 73.33333333333334 0.43605832763727465
B35 0 291 219
z 0 35 291 219
m35 23 0 291 219
z 0 35 291 219
m35 37 0 291 219
z 0 35 291 219
m35 60 0 291 219
z 0 35 291 219
m35 75 0 291 219
z 0 35 291 219
m35 92 0 291 219
z 0 35 291 219
m35 140 0 291 219
z 0 35 291 219
m35 205 0 291 219
z 0 35 291 219
m35 217 0 291 219
B35 2 291 219
z 2 35 291 219
m35 23 2 291 219
z 2 35 291 219
m35 37 2 291 219
z 2 35 291 219
m35 60 2 291 219
z 2 35 291 219
m35 75 2 291 219
z 2 35 291 219
m35 92 2 291 219
z 2 35 291 219
m35 97 2 291 219
z 2 35 291 219
m35 128 2 291 219
z 2 35 291 219
m35 140 2 291 219
z 2 35 291 219
m35 205 2 291 219
z 2 35 291 219
m35 217 2 291 219
B35 3 291 219
z 3 35 291 219
m35 23 3 9.5 95.5 0.6740846681922197
z 3 35 291 219
m35 37 3 9.5 95.5 0.6740846681922197
z 3 35 291 219
m35 205 3 9.5 95.5 0.6740846681922197
z 3 35 291 219
m35 217 3 9.5 95.5 0.6740846681922197
z 3 35 291 219
m35 92 3 9.5 95.5 0.6740846681922197
z 3 35 291 219
m35 140 3 9.5 95.5 0.6740846681922197
z 3 35 291 219
m35 75 3 9.5 95.5 0.6740846681922197
B40 0 69 276
z 0 40 69 276
m40 42 0 69 276
B40 3 69 276
z 3 40 69 276
m40 42 3 9.0 95.0 1.0
B41 2 110 258
B41 3 110 258
B43 0 36 177
z 0 43 36 177
m43 33 0 36 177
z 0 43 36 177
m43 42 0 36 177
z 0 43 36 177
m43 70 0 36 177
z 0 43 36 177
m43 90 0 36 177
z 0 43 36 177
m43 118 0 36 177
z 0 43 36 177
m43 161 0 36 177
z 0 43 36 177
m43 165 0 36 177
B43 3 36 177
z 3 43 36 177
m43 165 3 10.166666666666666 106.5 0.49989513789367
z 3 43 36 177
m43 90 3 10.166666666666666 106.5 0.49989513789367
z 3 43 36 177
m43 42 3 10.166666666666666 106.5 0.49989513789367
z 3 43 36 177
m43 33 3 10.166666666666666 106.5 0.49989513789367
z 3 43 36 177
m43 161 3 10.166666666666666 106.5 0.49989513789367
B50 0 114 211
z 0 50 114 211
m50 90 0 114 211
B50 3 114 211
B53 0 35 256
z 0 53 35 256
m53 42 0 35 256
B53 3 35 256
z 3 53 35 256
m53 42 3 9.0 95.0 1.0
B54 0 156 192
B54 3 156 192
z 3 54 156 192
m54 166 3 8.166666666666666 81.5 1.0
B55 0 234 249
B55 1 234 249
z 1 55 234 249
m55 79 1 234 249
z 1 55 234 249
m55 97 1 234 249
z 1 55 234 249
m55 117 1 234 249
z 1 55 234 249
m55 128 1 234 249
B55 2 234 249
B55 3 234 249
B63 1 277 250
z 1 63 277 250
m63 35 1 277 250
z 1 63 277 250
m63 79 1 277 250
z 1 63 277 250
m63 128 1 277 250
B63 2 277 250
B65 0 331 197
z 0 65 331 197
m65 23 0 331 197
z 0 65 331 197
m65 37 0 331 197
z 0 65 331 197
m65 60 0 331 197
z 0 65 331 197
m65 75 0 331 197
z 0 65 331 197
m65 92 0 331 197
z 0 65 331 197
m65 103 0 331 197
z 0 65 331 197
m65 140 0 331 197
z 0 65 331 197
m65 217 0 331 197
B65 2 331 197
z 2 65 331 197
m65 23 2 331 197
z 2 65 331 197
m65 37 2 331 197
z 2 65 331 197
m65 60 2 331 197
z 2 65 331 197
m65 75 2 331 197
z 2 65 331 197
m65 76 2 331 197
z 2 65 331 197
m65 92 2 331 197
z 2 65 331 197
m65 103 2 331 197
z 2 65 331 197
m65 140 2 331 197
z 2 65 331 197
m65 217 2 331 197
B65 3 331 197
z 3 65 331 197
m65 37 3 9.5 95.5 0.6740846681922197
z 3 65 331 197
m65 103 3 9.5 95.5 0.6740846681922197
z 3 65 331 197
m65 92 3 9.5 95.5 0.6740846681922197
z 3 65 331 197
m65 23 3 9.5 95.5 0.6740846681922197
z 3 65 331 197
m65 75 3 9.5 95.5 0.6740846681922197
z 3 65 331 197
m65 60 3 9.5 95.5 0.6740846681922197
z 3 65 331 197
m65 217 3 9.5 95.5 0.6740846681922197
B66 0 87 241
B66 3 87 241
B72 2 138 334
z 2 72 138 334
m72 154 2 138 334
B76 0 376 246
z 0 76 376 246
m76 0 0 376 246
z 0 76 376 246
m76 27 0 376 246
z 0 76 376 246
m76 51 0 376 246
z 0 76 376 246
m76 84 0 376 246
z 0 76 376 246
m76 87 0 376 246
z 0 76 376 246
m76 195 0 376 246
z 0 76 376 246
m76 217 0 376 246
B76 1 376 246
z 1 76 376 246
m76 0 1 376 246
z 1 76 376 246
m76 27 1 376 246
z 1 76 376 246
m76 51 1 376 246
z 1 76 376 246
m76 65 1 376 246
z 1 76 376 246
m76 84 1 376 246
z 1 76 376 246
m76 87 1 376 246
z 1 76 376 246
m76 195 1 376 246
z 1 76 376 246
m76 208 1 376 246
z 1 76 376 246
m76 217 1 376 246
B76 3 376 246
z 3 76 376 246
m76 27 3 8.666666666666666 81.0 0.9576178266178268
z 3 76 376 246
m76 217 3 8.666666666666666 81.0 0.9576178266178268
z 3 76 376 246
m76 84 3 8.666666666666666 81.0 0.9576178266178268
z 3 76 376 246
m76 87 3 8.666666666666666 81.0 0.9576178266178268
z 3 76 376 246
m76 195 3 8.666666666666666 81.0 0.9576178266178268
z 3 76 376 246
m76 51 3 8.666666666666666 81.0 0.9576178266178268
z 3 76 376 246
m76 0 3 8.666666666666666 81.0 0.9576178266178268
B78 0 5 246
z 0 78 5 246
m78 42 0 5 246
z 0 78 5 246
m78 70 0 5 246
B78 3 5 246
B79 0 293 230
z 0 79 293 230
m79 60 0 293 230
z 0 79 293 230
m79 75 0 293 230
z 0 79 293 230
m79 92 0 293 230
z 0 79 293 230
m79 140 0 293 230
z 0 79 293 230
m79 205 0 293 230
B79 2 293 230
z 2 79 293 230
m79 60 2 293 230
z 2 79 293 230
m79 75 2 293 230
z 2 79 293 230
m79 92 2 293 230
z 2 79 293 230
m79 97 2 293 230
z 2 79 293 230
m79 128 2 293 230
z 2 79 293 230
m79 140 2 293 230
z 2 79 293 230
m79 205 2 293 230
B79 3 293 230
z 3 79 293 230
m79 205 3 8.833333333333332 84.16666666666667 0.5752481445050517
z 3 79 293 230
m79 92 3 8.833333333333332 84.16666666666667 0.5752481445050517
z 3 79 293 230
m79 140 3 8.833333333333332 84.16666666666667 0.5752481445050517
z 3 79 293 230
m79 75 3 8.833333333333332 84.16666666666667 0.5752481445050517
B80 1 181 294
z 1 80 181 294
m80 41 1 181 294
z 1 80 181 294
m80 72 1 181 294
z 1 80 181 294
m80 82 1 181 294
B82 2 110 277
z 2 82 110 277
m82 40 2 110 277
z 2 82 110 277
m82 66 2 110 277
z 2 82 110 277
m82 108 2 110 277
z 2 82 110 277
m82 199 2 110 277
z 2 82 110 277
m82 209 2 110 277
B83 0 292 262
B83 1 292 262
z 1 83 292 262
m83 9 1 292 262
z 1 83 292 262
m83 35 1 292 262
z 1 83 292 262
m83 65 1 292 262
z 1 83 292 262
m83 79 1 292 262
z 1 83 292 262
m83 208 1 292 262
B83 2 292 262
B83 3 292 262
B86 0 52 448
z 0 86 52 448
m86 149 0 52 448
B86 1 52 448
z 1 86 52 448
m86 149 1 52 448
B86 2 52 448
z 2 86 52 448
m86 149 2 52 448
B86 3 52 448
z 3 86 52 448
m86 149 3 7.800000000000001 87.39999999999999 -1.0
B93 0 359 291
z 0 93 359 291
m93 0 0 359 291
z 0 93 359 291
m93 87 0 359 291
z 0 93 359 291
m93 195 0 359 291
B93 1 359 291
z 1 93 359 291
m93 0 1 359 291
z 1 93 359 291
m93 87 1 359 291
z 1 93 359 291
m93 195 1 359 291
z 1 93 359 291
m93 208 1 359 291
B93 2 359 291
B93 3 359 291
z 3 93 359 291
m93 195 3 8.166666666666666 75.5 0.31586070618723694
z 3 93 359 291
m93 0 3 8.166666666666666 75.5 0.31586070618723694
B95 0 250 243
z 0 95 250 243
m95 75 0 250 243
B95 1 250 243
B95 2 250 243
B95 3 250 243
B96 0 313 448
B96 2 313 448
B97 0 264 176
z 0 97 264 176
m97 23 0 264 176
z 0 97 264 176
m97 37 0 264 176
z 0 97 264 176
m97 60 0 264 176
z 0 97 264 176
m97 75 0 264 176
z 0 97 264 176
m97 92 0 264 176
z 0 97 264 176
m97 137 0 264 176
z 0 97 264 176
m97 205 0 264 176
B97 3 264 176
z 3 97 264 176
m97 23 3 9.0 86.33333333333334 0.7695779733694421
z 3 97 264 176
m97 37 3 9.0 86.33333333333334 0.7695779733694421
z 3 97 264 176
m97 60 3 9.0 86.33333333333334 0.7695779733694421
z 3 97 264 176
m97 137 3 9.0 86.33333333333334 0.7695779733694421
z 3 97 264 176
m97 92 3 9.0 86.33333333333334 0.7695779733694421
z 3 97 264 176
m97 75 3 9.0 86.33333333333334 0.7695779733694421
z 3 97 264 176
m97 205 3 9.0 86.33333333333334 0.7695779733694421
B98 0 22 201
z 0 98 22 201
m98 42 0 22 201
z 0 98 22 201
m98 70 0 22 201
z 0 98 22 201
m98 118 0 22 201
z 0 98 22 201
m98 161 0 22 201
B98 3 22 201
z 3 98 22 201
m98 161 3 9.666666666666666 101.0 0.0
B99 1 198 271
B100 0 367 263
z 0 100 367 263
m100 0 0 367 263
z 0 100 367 263
m100 51 0 367 263
z 0 100 367 263
m100 84 0 367 263
z 0 100 367 263
m100 87 0 367 263
z 0 100 367 263
m100 195 0 367 263
z 0 100 367 263
m100 217 0 367 263
B100 1 367 263
z 1 100 367 263
m100 0 1 367 263
z 1 100 367 263
m100 51 1 367 263
z 1 100 367 263
m100 65 1 367 263
z 1 100 367 263
m100 84 1 367 263
z 1 100 367 263
m100 87 1 367 263
z 1 100 367 263
m100 195 1 367 263
z 1 100 367 263
m100 208 1 367 263
z 1 100 367 263
m100 217 1 367 263
B100 2 367 263
B100 3 367 263
z 3 100 367 263
m100 217 3 8.5 78.83333333333333 0.819669467787115
z 3 100 367 263
m100 84 3 8.5 78.83333333333333 0.819669467787115
z 3 100 367 263
m100 195 3 8.5 78.83333333333333 0.819669467787115
z 3 100 367 263
m100 87 3 8.5 78.83333333333333 0.819669467787115
z 3 100 367 263
m100 51 3 8.5 78.83333333333333 0.819669467787115
z 3 100 367 263
m100 0 3 8.5 78.83333333333333 0.819669467787115
B105 1 235 224
z 1 105 235 224
m105 54 1 235 224
z 1 105 235 224
m105 79 1 235 224
z 1 105 235 224
m105 97 1 235 224
z 1 105 235 224
m105 113 1 235 224
z 1 105 235 224
m105 117 1 235 224
z 1 105 235 224
m105 128 1 235 224
z 1 105 235 224
m105 205 1 235 224
B105 2 235 224
z 2 105 235 224
m105 54 2 235 224
z 2 105 235 224
m105 97 2 235 224
z 2 105 235 224
m105 113 2 235 224
z 2 105 235 224
m105 117 2 235 224
z 2 105 235 224
m105 128 2 235 224
z 2 105 235 224
m105 205 2 235 224
B109 0 41 376
z 0 109 41 376
m109 149 0 41 376
B109 3 41 376
z 3 109 41 376
m109 149 3 9.4 97.0 -1.0
B110 1 310 439
B110 3 310 439
B113 0 183 166
z 0 113 183 166
m113 137 0 183 166
z 0 113 183 166
m113 191 0 183 166
z 0 113 183 166
m113 205 0 183 166
B113 3 183 166
z 3 113 183 166
m113 137 3 9.0 87.33333333333333 0.41750841750841783
z 3 113 183 166
m113 205 3 9.0 87.33333333333333 0.41750841750841783
B117 0 192 185
z 0 117 192 185
m117 205 0 192 185
B117 3 192 185
B119 1 23 496
B119 2 23 496
B124 0 106 199
z 0 124 106 199
m124 90 0 106 199
z 0 124 106 199
m124 193 0 106 199
B124 3 106 199
z 3 124 106 199
m124 166 3 9.5 97.5 0.0
B125 0 123 178
z 0 125 123 178
m125 45 0 123 178
z 0 125 123 178
m125 90 0 123 178
z 0 125 123 178
m125 193 0 123 178
B125 3 123 178
z 3 125 123 178
m125 45 3 9.833333333333334 102.5 0.0
B128 0 237 203
z 0 128 237 203
m128 60 0 237 203
z 0 128 237 203
m128 75 0 237 203
z 0 128 237 203
m128 92 0 237 203
z 0 128 237 203
m128 137 0 237 203
z 0 128 237 203
m128 205 0 237 203
B128 3 237 203
z 3 128 237 203
m128 60 3 8.666666666666666 82.33333333333334 0.2959715639810421
z 3 128 237 203
m128 92 3 8.666666666666666 82.33333333333334 0.2959715639810421
z 3 128 237 203
m128 75 3 8.666666666666666 82.33333333333334 0.2959715639810421
B131 0 329 476
B131 2 329 476
B142 0 383 437
z 0 142 383 437
m142 18 0 383 437
z 0 142 383 437
m142 38 0 383 437
z 0 142 383 437
m142 146 0 383 437
z 0 142 383 437
m142 163 0 383 437
z 0 142 383 437
m142 184 0 383 437
B142 2 383 437
z 2 142 383 437
m142 18 2 383 437
z 2 142 383 437
m142 38 2 383 437
z 2 142 383 437
m142 146 2 383 437
z 2 142 383 437
m142 163 2 383 437
z 2 142 383 437
m142 184 2 383 437
B142 3 383 437
z 3 142 383 437
m142 96 3 8.666666666666666 84.0 0.0
z 3 142 383 437
m142 131 3 8.666666666666666 84.0 0.0
z 3 142 383 437
m142 18 3 8.666666666666666 84.0 0.0
z 3 142 383 437
m142 146 3 8.666666666666666 84.0 0.0
z 3 142 383 437
m142 163 3 8.666666666666666 84.0 0.0
B147 1 261 306
B153 2 113 380
z 2 153 113 380
m153 149 2 113 380
B155 1 288 244
z 1 155 288 244
m155 9 1 288 244
z 1 155 288 244
m155 35 1 288 244
z 1 155 288 244
m155 60 1 288 244
z 1 155 288 244
m155 65 1 288 244
z 1 155 288 244
m155 75 1 288 244
z 1 155 288 244
m155 79 1 288 244
z 1 155 288 244
m155 128 1 288 244
z 1 155 288 244
m155 208 1 288 244
B158 2 40 495
B166 0 162 170
z 0 166 162 170
m166 45 0 162 170
z 0 166 162 170
m166 90 0 162 170
z 0 166 162 170
m166 191 0 162 170
z 0 166 162 170
m166 193 0 162 170
B167 2 94 464
z 2 167 94 464
m167 52 2 94 464
z 2 167 94 464
m167 173 2 94 464
z 2 167 94 464
m167 186 2 94 464
B170 0 34 300
B170 3 34 300
B172 1 325 403
z 1 172 325 403
m172 2 1 325 403
z 1 172 325 403
m172 96 1 325 403
z 1 172 325 403
m172 131 1 325 403
z 1 172 325 403
m172 142 1 325 403
B172 3 325 403
B173 0 38 420
z 0 173 38 420
m173 149 0 38 420
B173 1 38 420
B179 1 213 238
z 1 179 213 238
m179 54 1 213 238
z 1 179 213 238
m179 117 1 213 238
z 1 179 213 238
m179 128 1 213 238
B179 2 213 238
z 2 179 213 238
m179 54 2 213 238
z 2 179 213 238
m179 117 2 213 238
z 2 179 213 238
m179 128 2 213 238
B182 0 378 273
z 0 182 378 273
m182 0 0 378 273
z 0 182 378 273
m182 51 0 378 273
z 0 182 378 273
m182 84 0 378 273
z 0 182 378 273
m182 87 0 378 273
z 0 182 378 273
m182 195 0 378 273
B182 1 378 273
B182 2 378 273
B182 3 378 273
z 3 182 378 273
m182 84 3 8.166666666666666 74.83333333333334 0.6491144372991849
z 3 182 378 273
m182 195 3 8.166666666666666 74.83333333333334 0.6491144372991849
z 3 182 378 273
m182 0 3 8.166666666666666 74.83333333333334 0.6491144372991849
z 3 182 378 273
m182 51 3 8.166666666666666 74.83333333333334 0.6491144372991849
B185 2 74 329
z 2 185 74 329
m185 149 2 74 329
B190 1 103 324
z 1 190 103 324
m190 149 1 103 324
B194 1 295 291
z 1 194 295 291
m194 79 1 295 291
B201 1 155 281
z 1 201 155 281
m201 8 1 155 281
z 1 201 155 281
m201 41 1 155 281
z 1 201 155 281
m201 66 1 155 281
z 1 201 155 281
m201 72 1 155 281
z 1 201 155 281
m201 82 1 155 281
z 1 201 155 281
m201 108 1 155 281
B202 0 387 348
z 0 202 387 348
m202 18 0 387 348
z 0 202 387 348
m202 38 0 387 348
z 0 202 387 348
m202 163 0 387 348
B202 1 387 348
B202 2 387 348
B202 3 387 348
z 3 202 387 348
m202 163 3 7.999999999999999 73.33333333333334 0.43605832763727465
z 3 202 387 348
m202 38 3 7.999999999999999 73.33333333333334 0.43605832763727465
B204 0 392 448
z 0 204 392 448
m204 38 0 392 448
z 0 204 392 448
m204 146 0 392 448
z 0 204 392 448
m204 163 0 392 448
z 0 204 392 448
m204 184 0 392 448
B204 2 392 448
B208 0 363 253
z 0 208 363 253
m208 0 0 363 253
z 0 208 363 253
m208 27 0 363 253
z 0 208 363 253
m208 51 0 363 253
z 0 208 363 253
m208 84 0 363 253
z 0 208 363 253
m208 87 0 363 253
z 0 208 363 253
m208 140 0 363 253
z 0 208 363 253
m208 195 0 363 253
z 0 208 363 253
m208 217 0 363 253
B208 2 363 253
B208 3 363 253
z 3 208 363 253
m208 27 3 9.5 95.5 0.6740846681922197
z 3 208 363 253
m208 140 3 9.5 95.5 0.6740846681922197
z 3 208 363 253
m208 217 3 9.5 95.5 0.6740846681922197
z 3 208 363 253
m208 84 3 9.5 95.5 0.6740846681922197
z 3 208 363 253
m208 195 3 9.5 95.5 0.6740846681922197
z 3 208 363 253
m208 87 3 9.5 95.5 0.6740846681922197
z 3 208 363 253
m208 51 3 9.5 95.5 0.6740846681922197
B209 0 115 228
z 0 209 115 228
m209 90 0 115 228
B209 3 115 228
B212 1 313 299
z 1 212 313 299
m212 79 1 313 299
z 1 212 313 299
m212 208 1 313 299
B216 0 326 307
z 0 216 326 307
m216 87 0 326 307
B216 1 326 307
z 1 216 326 307
m216 87 1 326 307
z 1 216 326 307
m216 208 1 326 307
B216 2 326 307
B216 3 326 307
z 3 216 326 307
m216 87 3 7.666666666666667 73.0 1.0
B0 0 385 236
z 0 0 385 236
m0 162 0 385 236
B0 1 385 236
z 1 0 385 236
m0 162 1 385 236
B0 3 385 236
z 3 0 385 236
m0 162 3 7.571428571428572 69.57142857142857 1.0
B2 1 376 480
z 1 2 376 480
m2 146 1 376 480
z 1 2 376 480
m2 184 1 376 480
z 1 2 376 480
m2 204 1 376 480
B8 1 106 319
z 1 8 106 319
m8 22 1 106 319
z 1 8 106 319
m8 28 1 106 319
z 1 8 106 319
m8 40 1 106 319
z 1 8 106 319
m8 153 1 106 319
z 1 8 106 319
m8 185 1 106 319
B9 1 314 185
B12 0 417 329
z 0 12 417 329
m12 7 0 417 329
z 0 12 417 329
m12 13 0 417 329
z 0 12 417 329
m12 17 0 417 329
z 0 12 417 329
m12 121 0 417 329
z 0 12 417 329
m12 157 0 417 329
z 0 12 417 329
m12 210 0 417 329
B12 1 417 329
z 1 12 417 329
m12 7 1 417 329
z 1 12 417 329
m12 13 1 417 329
z 1 12 417 329
m12 17 1 417 329
z 1 12 417 329
m12 121 1 417 329
z 1 12 417 329
m12 157 1 417 329
z 1 12 417 329
m12 210 1 417 329
B12 2 417 329
z 2 12 417 329
m12 7 2 417 329
z 2 12 417 329
m12 13 2 417 329
z 2 12 417 329
m12 17 2 417 329
z 2 12 417 329
m12 87 2 417 329
z 2 12 417 329
m12 121 2 417 329
z 2 12 417 329
m12 157 2 417 329
z 2 12 417 329
m12 210 2 417 329
B18 0 417 370
z 0 18 417 370
m18 7 0 417 370
z 0 18 417 370
m18 210 0 417 370
B18 1 417 370
z 1 18 417 370
m18 7 1 417 370
z 1 18 417 370
m18 184 1 417 370
z 1 18 417 370
m18 210 1 417 370
B18 2 417 370
z 2 18 417 370
m18 7 2 417 370
z 2 18 417 370
m18 210 2 417 370
B18 3 417 370
z 3 18 417 370
m18 210 3 8.142857142857142 75.57142857142857 0.0
B23 0 316 164
z 0 23 316 164
m23 112 0 316 164
z 0 23 316 164
m23 175 0 316 164
z 0 23 316 164
m23 197 0 316 164
z 0 23 316 164
m23 213 0 316 164
B23 2 316 164
B23 3 316 164
z 3 23 316 164
m23 213 3 9.0 87.85714285714286 0.22607793131719134
B27 0 421 186
z 0 27 421 186
m27 1 0 421 186
z 0 27 421 186
m27 3 0 421 186
z 0 27 421 186
m27 6 0 421 186
z 0 27 421 186
m27 15 0 421 186
z 0 27 421 186
m27 29 0 421 186
z 0 27 421 186
m27 46 0 421 186
z 0 27 421 186
m27 48 0 421 186
z 0 27 421 186
m27 62 0 421 186
z 0 27 421 186
m27 132 0 421 186
z 0 27 421 186
m27 183 0 421 186
B27 1 421 186
B27 3 421 186
z 3 27 421 186
m27 1 3 8.857142857142858 83.71428571428572 1.0
z 3 27 421 186
m27 3 3 8.857142857142858 83.71428571428572 1.0
z 3 27 421 186
m27 6 3 8.857142857142858 83.71428571428572 1.0
z 3 27 421 186
m27 15 3 8.857142857142858 83.71428571428572 1.0
z 3 27 421 186
m27 29 3 8.857142857142858 83.71428571428572 1.0
z 3 27 421 186
m27 46 3 8.857142857142858 83.71428571428572 1.0
z 3 27 421 186
m27 48 3 8.857142857142858 83.71428571428572 1.0
z 3 27 421 186
m27 62 3 8.857142857142858 83.71428571428572 1.0
z 3 27 421 186
m27 132 3 8.857142857142858 83.71428571428572 1.0
z 3 27 421 186
m27 183 3 8.857142857142858 83.71428571428572 1.0
B33 0 28 121
z 0 33 28 121
m33 73 0 28 121
z 0 33 28 121
m33 94 0 28 121
z 0 33 28 121
m33 136 0 28 121
B33 3 28 121
z 3 33 28 121
m33 70 3 9.714285714285714 98.28571428571429 0.5187696642684463
z 3 33 28 121
m33 118 3 9.714285714285714 98.28571428571429 0.5187696642684463
z 3 33 28 121
m33 94 3 9.714285714285714 98.28571428571429 0.5187696642684463
z 3 33 28 121
m33 136 3 9.714285714285714 98.28571428571429 0.5187696642684463
B35 1 292 231
z 1 35 292 231
m35 23 1 292 231
z 1 35 292 231
m35 37 1 292 231
z 1 35 292 231
m35 92 1 292 231
z 1 35 292 231
m35 140 1 292 231
B37 0 307 166
z 0 37 307 166
m37 112 0 307 166
z 0 37 307 166
m37 175 0 307 166
z 0 37 307 166
m37 197 0 307 166
z 0 37 307 166
m37 213 0 307 166
B37 2 307 166
z 2 37 307 166
m37 112 2 307 166
z 2 37 307 166
m37 137 2 307 166
z 2 37 307 166
m37 175 2 307 166
z 2 37 307 166
m37 197 2 307 166
z 2 37 307 166
m37 213 2 307 166
B37 3 307 166
z 3 37 307 166
m37 197 3 9.142857142857144 89.42857142857143 0.4544535895038069
z 3 37 307 166
m37 213 3 9.142857142857144 89.42857142857143 0.4544535895038069
z 3 37 307 166
m37 175 3 9.142857142857144 89.42857142857143 0.4544535895038069
B38 0 412 395
B38 1 412 395
z 1 38 412 395
m38 184 1 412 395
z 1 38 412 395
m38 204 1 412 395
B38 2 412 395
B38 3 412 395
B40 2 75 286
z 2 40 75 286
m40 42 2 75 286
z 2 40 75 286
m40 53 2 75 286
z 2 40 75 286
m40 170 2 75 286
B41 1 105 269
z 1 41 105 269
m41 40 1 105 269
z 1 41 105 269
m41 50 1 105 269
z 1 41 105 269
m41 53 1 105 269
z 1 41 105 269
m41 124 1 105 269
z 1 41 105 269
m41 199 1 105 269
z 1 41 105 269
m41 209 1 105 269
B42 0 16 243
B42 3 16 243
z 3 42 16 243
m42 70 3 7.857142857142858 81.57142857142857 1.0
B45 0 164 108
z 0 45 164 108
m45 11 0 164 108
z 0 45 164 108
m45 71 0 164 108
z 0 45 164 108
m45 138 0 164 108
B45 3 164 108
z 3 45 164 108
m45 193 3 9.285714285714286 93.0 0.0
z 3 45 164 108
m45 71 3 9.285714285714286 93.0 0.0
z 3 45 164 108
m45 11 3 9.285714285714286 93.0 0.0
B51 0 398 270
z 0 51 398 270
m51 162 0 398 270
B51 1 398 270
B51 3 398 270
z 3 51 398 270
m51 162 3 7.571428571428572 69.57142857142857 1.0
B52 2 50 461
z 2 52 50 461
m52 107 2 50 461
z 2 52 50 461
m52 109 2 50 461
z 2 52 50 461
m52 177 2 50 461
B54 1 146 185
z 1 54 146 185
m54 50 1 146 185
z 1 54 146 185
m54 124 1 146 185
z 1 54 146 185
m54 125 1 146 185
z 1 54 146 185
m54 166 1 146 185
z 1 54 146 185
m54 191 1 146 185
z 1 54 146 185
m54 193 1 146 185
z 1 54 146 185
m54 209 1 146 185
B54 2 146 185
z 2 54 146 185
m54 50 2 146 185
z 2 54 146 185
m54 124 2 146 185
z 2 54 146 185
m54 125 2 146 185
z 2 54 146 185
m54 166 2 146 185
z 2 54 146 185
m54 191 2 146 185
z 2 54 146 185
m54 193 2 146 185
B60 0 316 192
B60 1 316 192
z 1 60 316 192
m60 23 1 316 192
z 1 60 316 192
m60 37 1 316 192
z 1 60 316 192
m60 92 1 316 192
z 1 60 316 192
m60 103 1 316 192
z 1 60 316 192
m60 140 1 316 192
B60 2 316 192
B60 3 316 192
B65 1 336 186
z 1 65 336 186
m65 23 1 336 186
z 1 65 336 186
m65 37 1 336 186
z 1 65 336 186
m65 92 1 336 186
z 1 65 336 186
m65 103 1 336 186
z 1 65 336 186
m65 140 1 336 186
B66 1 78 249
z 1 66 78 249
m66 40 1 78 249
z 1 66 78 249
m66 42 1 78 249
z 1 66 78 249
m66 50 1 78 249
z 1 66 78 249
m66 53 1 78 249
z 1 66 78 249
m66 124 1 78 249
z 1 66 78 249
m66 199 1 78 249
z 1 66 78 249
m66 209 1 78 249
B66 2 78 249
B70 0 9 180
B72 1 150 334
z 1 72 150 334
m72 22 1 150 334
z 1 72 150 334
m72 153 1 150 334
B75 0 307 180
B75 1 307 180
B75 2 307 180
B75 3 307 180
B76 2 368 237
z 2 76 368 237
m76 0 2 368 237
z 2 76 368 237
m76 51 2 368 237
z 2 76 368 237
m76 84 2 368 237
z 2 76 368 237
m76 87 2 368 237
z 2 76 368 237
m76 195 2 368 237
B79 1 293 242
z 1 79 293 242
m79 92 1 293 242
z 1 79 293 242
m79 140 1 293 242
B82 1 111 265
z 1 82 111 265
m82 40 1 111 265
z 1 82 111 265
m82 50 1 111 265
z 1 82 111 265
m82 209 1 111 265
B84 0 422 231
z 0 84 422 231
m84 1 0 422 231
z 0 84 422 231
m84 3 0 422 231
z 0 84 422 231
m84 46 0 422 231
z 0 84 422 231
m84 48 0 422 231
z 0 84 422 231
m84 162 0 422 231
B84 1 422 231
z 1 84 422 231
m84 1 1 422 231
z 1 84 422 231
m84 3 1 422 231
z 1 84 422 231
m84 46 1 422 231
z 1 84 422 231
m84 48 1 422 231
z 1 84 422 231
m84 162 1 422 231
B84 3 422 231
z 3 84 422 231
m84 1 3 8.428571428571429 76.42857142857143 0.9895558733229596
z 3 84 422 231
m84 3 3 8.428571428571429 76.42857142857143 0.9895558733229596
z 3 84 422 231
m84 46 3 8.428571428571429 76.42857142857143 0.9895558733229596
z 3 84 422 231
m84 48 3 8.428571428571429 76.42857142857143 0.9895558733229596
z 3 84 422 231
m84 162 3 8.428571428571429 76.42857142857143 0.9895558733229596
B87 0 405 286
B87 1 405 286
B87 3 405 286
B90 0 87 171
B90 3 87 171
B92 0 304 158
z 0 92 304 158
m92 112 0 304 158
z 0 92 304 158
m92 175 0 304 158
B92 2 304 158
z 2 92 304 158
m92 112 2 304 158
z 2 92 304 158
m92 137 2 304 158
z 2 92 304 158
m92 175 2 304 158
B92 3 304 158
B96 1 302 443
B96 3 302 443
B97 1 271 167
z 1 97 271 167
m97 23 1 271 167
z 1 97 271 167
m97 37 1 271 167
z 1 97 271 167
m97 58 1 271 167
z 1 97 271 167
m97 92 1 271 167
z 1 97 271 167
m97 137 1 271 167
z 1 97 271 167
m97 140 1 271 167
B97 2 271 167
z 2 97 271 167
m97 58 2 271 167
z 2 97 271 167
m97 137 2 271 167
B103 0 365 161
z 0 103 365 161
m103 3 0 365 161
z 0 103 365 161
m103 6 0 365 161
z 0 103 365 161
m103 15 0 365 161
z 0 103 365 161
m103 57 0 365 161
z 0 103 365 161
m103 102 0 365 161
z 0 103 365 161
m103 112 0 365 161
z 0 103 365 161
m103 183 0 365 161
z 0 103 365 161
m103 197 0 365 161
B103 2 365 161
B103 3 365 161
z 3 103 365 161
m103 102 3 9.428571428571429 93.42857142857143 0.7584838056473415
z 3 103 365 161
m103 57 3 9.428571428571429 93.42857142857143 0.7584838056473415
z 3 103 365 161
m103 183 3 9.428571428571429 93.42857142857143 0.7584838056473415
z 3 103 365 161
m103 197 3 9.428571428571429 93.42857142857143 0.7584838056473415
z 3 103 365 161
m103 112 3 9.428571428571429 93.42857142857143 0.7584838056473415
z 3 103 365 161
m103 15 3 9.428571428571429 93.42857142857143 0.7584838056473415
z 3 103 365 161
m103 6 3 9.428571428571429 93.42857142857143 0.7584838056473415
z 3 103 365 161
m103 3 3 9.428571428571429 93.42857142857143 0.7584838056473415
B108 1 96 285
z 1 108 96 285
m108 28 1 96 285
z 1 108 96 285
m108 40 1 96 285
z 1 108 96 285
m108 50 1 96 285
z 1 108 96 285
m108 53 1 96 285
z 1 108 96 285
m108 170 1 96 285
z 1 108 96 285
m108 185 1 96 285
z 1 108 96 285
m108 199 1 96 285
z 1 108 96 285
m108 209 1 96 285
B108 2 96 285
z 2 108 96 285
m108 50 2 96 285
z 2 108 96 285
m108 53 2 96 285
z 2 108 96 285
m108 170 2 96 285
B113 1 172 171
z 1 113 172 171
m113 45 1 172 171
z 1 113 172 171
m113 125 1 172 171
z 1 113 172 171
m113 137 1 172 171
z 1 113 172 171
m113 166 1 172 171
z 1 113 172 171
m113 191 1 172 171
z 1 113 172 171
m113 193 1 172 171
B113 2 172 171
B117 1 199 176
B117 2 199 176
z 2 117 199 176
m117 125 2 199 176
z 2 117 199 176
m117 137 2 199 176
z 2 117 199 176
m117 166 2 199 176
z 2 117 199 176
m117 191 2 199 176
B118 0 65 170
B128 1 226 206
z 1 128 226 206
m128 137 1 226 206
B128 2 226 206
z 2 128 226 206
m128 137 2 226 206
B131 1 317 480
B131 3 317 480
z 3 131 317 480
m131 204 3 7.571428571428572 72.14285714285714 1.0
B137 0 261 150
z 0 137 261 150
m137 58 0 261 150
z 0 137 261 150
m137 106 0 261 150
z 0 137 261 150
m137 175 0 261 150
z 0 137 261 150
m137 215 0 261 150
B137 3 261 150
z 3 137 261 150
m137 106 3 8.571428571428571 79.14285714285714 0.6788540183192083
z 3 137 261 150
m137 175 3 8.571428571428571 79.14285714285714 0.6788540183192083
z 3 137 261 150
m137 191 3 8.571428571428571 79.14285714285714 0.6788540183192083
z 3 137 261 150
m137 215 3 8.571428571428571 79.14285714285714 0.6788540183192083
B140 0 316 198
B140 2 316 198
B140 3 316 198
B142 1 382 425
z 1 142 382 425
m142 146 1 382 425
z 1 142 382 425
m142 184 1 382 425
z 1 142 382 425
m142 204 1 382 425
B146 0 411 487
z 0 146 411 487
m146 69 0 411 487
z 0 146 411 487
m146 218 0 411 487
B146 2 411 487
B146 3 411 487
z 3 146 411 487
m146 69 3 8.0 74.28571428571429 0.0
B154 2 96 348
z 2 154 96 348
m154 149 2 96 348
B161 0 4 151
z 0 161 4 151
m161 73 0 4 151
B161 3 4 151
B163 0 440 423
z 0 163 440 423
m163 7 0 440 423
z 0 163 440 423
m163 218 0 440 423
B163 1 440 423
z 1 163 440 423
m163 7 1 440 423
z 1 163 440 423
m163 184 1 440 423
z 1 163 440 423
m163 204 1 440 423
z 1 163 440 423
m163 218 1 440 423
B163 2 440 423
z 2 163 440 423
m163 7 2 440 423
z 2 163 440 423
m163 218 2 440 423
B163 3 440 423
z 3 163 440 423
m163 218 3 7.428571428571427 65.14285714285715 0.45727937654897877
z 3 163 440 423
m163 7 3 7.428571428571427 65.14285714285715 0.45727937654897877
B165 0 44 101
z 0 165 44 101
m165 14 0 44 101
z 0 165 44 101
m165 71 0 44 101
z 0 165 44 101
m165 73 0 44 101
z 0 165 44 101
m165 94 0 44 101
z 0 165 44 101
m165 111 0 44 101
z 0 165 44 101
m165 122 0 44 101
z 0 165 44 101
m165 136 0 44 101
B165 3 44 101
z 3 165 44 101
m165 118 3 10.0 102.85714285714286 0.6187667806415496
z 3 165 44 101
m165 71 3 10.0 102.85714285714286 0.6187667806415496
z 3 165 44 101
m165 14 3 10.0 102.85714285714286 0.6187667806415496
z 3 165 44 101
m165 111 3 10.0 102.85714285714286 0.6187667806415496
z 3 165 44 101
m165 94 3 10.0 102.85714285714286 0.6187667806415496
z 3 165 44 101
m165 122 3 10.0 102.85714285714286 0.6187667806415496
z 3 165 44 101
m165 73 3 10.0 102.85714285714286 0.6187667806415496
B166 3 157 159
z 3 166 157 159
m166 191 3 7.285714285714286 70.42857142857143 1.0
z 3 166 157 159
m166 193 3 7.285714285714286 70.42857142857143 1.0
B173 2 48 413
B184 0 412 418
B184 2 412 418
B186 2 55 446
z 2 186 55 446
m186 88 2 55 446
z 2 186 55 446
m186 107 2 55 446
z 2 186 55 446
m186 109 2 55 446
z 2 186 55 446
m186 177 2 55 446
B191 0 196 133
z 0 191 196 133
m191 106 0 196 133
z 0 191 196 133
m191 138 0 196 133
z 0 191 196 133
m191 215 0 196 133
B193 0 118 162
B195 0 398 266
z 0 195 398 266
m195 162 0 398 266
B195 1 398 266
B195 3 398 266
B199 2 75 196
z 2 199 75 196
m199 42 2 75 196
z 2 199 75 196
m199 43 2 75 196
z 2 199 75 196
m199 50 2 75 196
z 2 199 75 196
m199 53 2 75 196
z 2 199 75 196
m199 90 2 75 196
z 2 199 75 196
m199 98 2 75 196
z 2 199 75 196
m199 118 2 75 196
z 2 199 75 196
m199 124 2 75 196
z 2 199 75 196
m199 125 2 75 196
B205 0 238 186
B205 1 238 186
z 1 205 238 186
m205 37 1 238 186
z 1 205 238 186
m205 92 1 238 186
z 1 205 238 186
m205 137 1 238 186
B205 2 238 186
z 2 205 238 186
m205 137 2 238 186
B205 3 238 186
B208 1 373 261
B209 2 124 237
z 2 209 124 237
m209 50 2 124 237
z 2 209 124 237
m209 90 2 124 237
z 2 209 124 237
m209 124 2 124 237
z 2 209 124 237
m209 125 2 124 237
B217 0 345 183
z 0 217 345 183
m217 3 0 345 183
z 0 217 345 183
m217 6 0 345 183
z 0 217 345 183
m217 112 0 345 183
B217 1 345 183
z 1 217 345 183
m217 3 1 345 183
z 1 217 345 183
m217 6 1 345 183
z 1 217 345 183
m217 23 1 345 183
z 1 217 345 183
m217 37 1 345 183
z 1 217 345 183
m217 92 1 345 183
z 1 217 345 183
m217 103 1 345 183
z 1 217 345 183
m217 112 1 345 183
z 1 217 345 183
m217 140 1 345 183
B217 2 345 183
z 2 217 345 183
m217 3 2 345 183
z 2 217 345 183
m217 6 2 345 183
z 2 217 345 183
m217 27 2 345 183
z 2 217 345 183
m217 112 2 345 183
B217 3 345 183
B0 2 377 226
B1 0 447 149
z 0 1 447 149
m1 10 0 447 149
z 0 1 447 149
m1 81 0 447 149
z 0 1 447 149
m1 101 0 447 149
z 0 1 447 149
m1 150 0 447 149
B1 1 447 149
B1 3 447 149
z 3 1 447 149
m1 10 3 8.375 76.375 0.07861456078386686
B3 0 389 166
z 0 3 389 166
m3 81 0 389 166
B3 1 389 166
z 1 3 389 166
m3 15 1 389 166
z 1 3 389 166
m3 81 1 389 166
z 1 3 389 166
m3 132 1 389 166
z 1 3 389 166
m3 183 1 389 166
B3 2 389 166
z 2 3 389 166
m3 1 2 389 166
z 2 3 389 166
m3 15 2 389 166
z 2 3 389 166
m3 46 2 389 166
z 2 3 389 166
m3 81 2 389 166
z 2 3 389 166
m3 132 2 389 166
z 2 3 389 166
m3 183 2 389 166
B3 3 389 166
B6 0 411 132
z 0 6 411 132
m6 10 0 411 132
z 0 6 411 132
m6 16 0 411 132
z 0 6 411 132
m6 81 0 411 132
z 0 6 411 132
m6 150 0 411 132
z 0 6 411 132
m6 156 0 411 132
z 0 6 411 132
m6 168 0 411 132
B6 1 411 132
z 1 6 411 132
m6 10 1 411 132
z 1 6 411 132
m6 15 1 411 132
z 1 6 411 132
m6 16 1 411 132
z 1 6 411 132
m6 57 1 411 132
z 1 6 411 132
m6 81 1 411 132
z 1 6 411 132
m6 102 1 411 132
z 1 6 411 132
m6 132 1 411 132
z 1 6 411 132
m6 150 1 411 132
z 1 6 411 132
m6 156 1 411 132
z 1 6 411 132
m6 168 1 411 132
z 1 6 411 132
m6 183 1 411 132
z 1 6 411 132
m6 197 1 411 132
B6 2 411 132
B6 3 411 132
z 3 6 411 132
m6 150 3 8.625 79.375 0.6134686201065227
z 3 6 411 132
m6 168 3 8.625 79.375 0.6134686201065227
z 3 6 411 132
m6 16 3 8.625 79.375 0.6134686201065227
z 3 6 411 132
m6 156 3 8.625 79.375 0.6134686201065227
z 3 6 411 132
m6 10 3 8.625 79.375 0.6134686201065227
B7 0 470 389
B7 1 470 389
B7 2 470 389
B7 3 470 389
z 3 7 470 389
m7 17 3 6.874999999999998 58.12500000000001 0.32954847358855294
B11 0 175 34
z 0 11 175 34
m11 178 0 175 34
z 0 11 175 34
m11 198 0 175 34
B11 3 175 34
z 3 11 175 34
m11 198 3 9.0 87.5 0.0
B13 0 490 297
z 0 13 490 297
m13 114 0 490 297
z 0 13 490 297
m13 145 0 490 297
B13 1 490 297
z 1 13 490 297
m13 114 1 490 297
z 1 13 490 297
m13 145 1 490 297
B13 2 490 297
z 2 13 490 297
m13 114 2 490 297
z 2 13 490 297
m13 145 2 490 297
z 2 13 490 297
m13 162 2 490 297
B14 0 75 36
z 0 14 75 36
m14 19 0 75 36
z 0 14 75 36
m14 24 0 75 36
z 0 14 75 36
m14 30 0 75 36
z 0 14 75 36
m14 67 0 75 36
z 0 14 75 36
m14 89 0 75 36
z 0 14 75 36
m14 148 0 75 36
B14 3 75 36
z 3 14 75 36
m14 30 3 9.5 94.5 0.343202627319402
z 3 14 75 36
m14 67 3 9.5 94.5 0.343202627319402
z 3 14 75 36
m14 148 3 9.5 94.5 0.343202627319402
z 3 14 75 36
m14 89 3 9.5 94.5 0.343202627319402
B15 0 392 118
z 0 15 392 118
m15 10 0 392 118
z 0 15 392 118
m15 16 0 392 118
z 0 15 392 118
m15 81 0 392 118
z 0 15 392 118
m15 150 0 392 118
z 0 15 392 118
m15 151 0 392 118
z 0 15 392 118
m15 156 0 392 118
z 0 15 392 118
m15 168 0 392 118
B15 3 392 118
z 3 15 392 118
m15 150 3 8.75 81.25 0.7745365321701199
z 3 15 392 118
m15 10 3 8.75 81.25 0.7745365321701199
z 3 15 392 118
m15 168 3 8.75 81.25 0.7745365321701199
z 3 15 392 118
m15 156 3 8.75 81.25 0.7745365321701199
z 3 15 392 118
m15 151 3 8.75 81.25 0.7745365321701199
z 3 15 392 118
m15 16 3 8.75 81.25 0.7745365321701199
z 3 15 392 118
m15 81 3 8.75 81.25 0.7745365321701199
B17 0 472 306
z 0 17 472 306
m17 114 0 472 306
z 0 17 472 306
m17 145 0 472 306
B17 1 472 306
z 1 17 472 306
m17 114 1 472 306
z 1 17 472 306
m17 145 1 472 306
B17 2 472 306
B22 1 133 393
B23 1 316 176
z 1 23 316 176
m23 175 1 316 176
B27 2 430 179
z 2 27 430 179
m27 1 2 430 179
z 2 27 430 179
m27 15 2 430 179
z 2 27 430 179
m27 29 2 430 179
z 2 27 430 179
m27 46 2 430 179
z 2 27 430 179
m27 48 2 430 179
z 2 27 430 179
m27 62 2 430 179
z 2 27 430 179
m27 81 2 430 179
z 2 27 430 179
m27 132 2 430 179
z 2 27 430 179
m27 150 2 430 179
z 2 27 430 179
m27 183 2 430 179
B28 1 15 315
z 1 28 15 315
m28 149 1 15 315
B29 0 476 211
z 0 29 476 211
m29 114 0 476 211
z 0 29 476 211
m29 145 0 476 211
B29 3 476 211
B37 1 310 177
B40 1 82 296
B42 1 20 254
z 1 42 20 254
m42 43 1 20 254
z 1 42 20 254
m42 78 1 20 254
z 1 42 20 254
m42 98 1 20 254
B42 2 20 254
B43 2 12 174
z 2 43 12 174
m43 33 2 12 174
z 2 43 12 174
m43 70 2 12 174
z 2 43 12 174
m43 78 2 12 174
z 2 43 12 174
m43 161 2 12 174
B45 1 175 102
z 1 45 175 102
m45 11 1 175 102
z 1 45 175 102
m45 71 1 175 102
z 1 45 175 102
m45 138 1 175 102
z 1 45 175 102
m45 215 1 175 102
B46 0 430 178
z 0 46 430 178
m46 81 0 430 178
z 0 46 430 178
m46 101 0 430 178
z 0 46 430 178
m46 150 0 430 178
B46 1 430 178
z 1 46 430 178
m46 15 1 430 178
z 1 46 430 178
m46 29 1 430 178
z 1 46 430 178
m46 62 1 430 178
z 1 46 430 178
m46 81 1 430 178
z 1 46 430 178
m46 101 1 430 178
z 1 46 430 178
m46 132 1 430 178
z 1 46 430 178
m46 150 1 430 178
z 1 46 430 178
m46 183 1 430 178
B46 3 430 178
B48 0 478 202
z 0 48 478 202
m48 101 0 478 202
z 0 48 478 202
m48 114 0 478 202
B48 1 478 202
z 1 48 478 202
m48 29 1 478 202
z 1 48 478 202
m48 62 1 478 202
z 1 48 478 202
m48 101 1 478 202
z 1 48 478 202
m48 114 1 478 202
z 1 48 478 202
m48 132 1 478 202
B48 3 478 202
B50 1 129 230
z 1 50 129 230
m50 90 1 129 230
B50 2 129 230
B51 2 397 282
B53 1 40 233
z 1 53 40 233
m53 43 1 40 233
z 1 53 40 233
m53 78 1 40 233
z 1 53 40 233
m53 98 1 40 233
B53 2 40 233
z 2 53 40 233
m53 78 2 40 233
B57 0 384 78
z 0 57 384 78
m57 16 0 384 78
z 0 57 384 78
m57 36 0 384 78
z 0 57 384 78
m57 116 0 384 78
z 0 57 384 78
m57 151 0 384 78
z 0 57 384 78
m57 156 0 384 78
z 0 57 384 78
m57 168 0 384 78
z 0 57 384 78
m57 196 0 384 78
B57 3 384 78
z 3 57 384 78
m57 36 3 9.375 91.875 0.7677713624511863
z 3 57 384 78
m57 196 3 9.375 91.875 0.7677713624511863
z 3 57 384 78
m57 168 3 9.375 91.875 0.7677713624511863
z 3 57 384 78
m57 156 3 9.375 91.875 0.7677713624511863
z 3 57 384 78
m57 151 3 9.375 91.875 0.7677713624511863
z 3 57 384 78
m57 116 3 9.375 91.875 0.7677713624511863
z 3 57 384 78
m57 16 3 9.375 91.875 0.7677713624511863
B58 0 258 131
z 0 58 258 131
m58 85 0 258 131
z 0 58 258 131
m58 104 0 258 131
z 0 58 258 131
m58 123 0 258 131
B58 1 258 131
z 1 58 258 131
m58 85 1 258 131
z 1 58 258 131
m58 104 1 258 131
z 1 58 258 131
m58 106 1 258 131
z 1 58 258 131
m58 123 1 258 131
z 1 58 258 131
m58 138 1 258 131
z 1 58 258 131
m58 175 1 258 131
z 1 58 258 131
m58 213 1 258 131
z 1 58 258 131
m58 215 1 258 131
B58 2 258 131
z 2 58 258 131
m58 85 2 258 131
z 2 58 258 131
m58 104 2 258 131
z 2 58 258 131
m58 106 2 258 131
z 2 58 258 131
m58 123 2 258 131
z 2 58 258 131
m58 138 2 258 131
z 2 58 258 131
m58 215 2 258 131
B62 0 461 167
z 0 62 461 167
m62 47 0 461 167
z 0 62 461 167
m62 81 0 461 167
z 0 62 461 167
m62 101 0 461 167
z 0 62 461 167
m62 150 0 461 167
B62 3 461 167
z 3 62 461 167
m62 47 3 8.25 75.25 0.0
B69 0 488 492
B69 3 488 492
B70 3 20 185
B71 0 104 93
z 0 71 104 93
m71 19 0 104 93
z 0 71 104 93
m71 24 0 104 93
z 0 71 104 93
m71 67 0 104 93
z 0 71 104 93
m71 89 0 104 93
B71 3 104 93
z 3 71 104 93
m71 89 3 8.625 83.375 0.0
B73 0 17 123
B73 3 17 123
B84 2 431 239
B87 2 411 296
B88 2 56 352
z 2 88 56 352
m88 149 2 56 352
B90 2 81 181
B92 1 314 150
z 1 92 314 150
m92 175 1 314 150
B94 0 4 86
z 0 94 4 86
m94 34 0 4 86
z 0 94 4 86
m94 148 0 4 86
B94 3 4 86
B98 2 2 201
z 2 98 2 201
m98 70 2 2 201
z 2 98 2 201
m98 78 2 2 201
z 2 98 2 201
m98 161 2 2 201
B102 0 375 81
z 0 102 375 81
m102 16 0 375 81
z 0 102 375 81
m102 36 0 375 81
z 0 102 375 81
m102 81 0 375 81
z 0 102 375 81
m102 116 0 375 81
z 0 102 375 81
m102 151 0 375 81
z 0 102 375 81
m102 156 0 375 81
z 0 102 375 81
m102 168 0 375 81
B102 3 375 81
z 3 102 375 81
m102 36 3 9.5 94.25 0.83341565100117
z 3 102 375 81
m102 81 3 9.5 94.25 0.83341565100117
z 3 102 375 81
m102 168 3 9.5 94.25 0.83341565100117
z 3 102 375 81
m102 156 3 9.5 94.25 0.83341565100117
z 3 102 375 81
m102 116 3 9.5 94.25 0.83341565100117
z 3 102 375 81
m102 16 3 9.5 94.25 0.83341565100117
z 3 102 375 81
m102 151 3 9.5 94.25 0.83341565100117
B103 1 375 167
z 1 103 375 167
m103 15 1 375 167
z 1 103 375 167
m103 81 1 375 167
z 1 103 375 167
m103 183 1 375 167
z 1 103 375 167
m103 197 1 375 167
B106 0 245 75
z 0 106 245 75
m106 85 0 245 75
z 0 106 245 75
m106 104 0 245 75
z 0 106 245 75
m106 123 0 245 75
z 0 106 245 75
m106 152 0 245 75
z 0 106 245 75
m106 169 0 245 75
z 0 106 245 75
m106 198 0 245 75
z 0 106 245 75
m106 219 0 245 75
B106 3 245 75
z 3 106 245 75
m106 169 3 8.75 81.75 0.9449773576001563
z 3 106 245 75
m106 58 3 8.75 81.75 0.9449773576001563
z 3 106 245 75
m106 152 3 8.75 81.75 0.9449773576001563
z 3 106 245 75
m106 138 3 8.75 81.75 0.9449773576001563
z 3 106 245 75
m106 104 3 8.75 81.75 0.9449773576001563
z 3 106 245 75
m106 198 3 8.75 81.75 0.9449773576001563
z 3 106 245 75
m106 219 3 8.75 81.75 0.9449773576001563
z 3 106 245 75
m106 85 3 8.75 81.75 0.9449773576001563
z 3 106 245 75
m106 123 3 8.75 81.75 0.9449773576001563
B107 2 42 416
z 2 107 42 416
m107 149 2 42 416
B109 2 54 396
z 2 109 54 396
m109 149 2 54 396
B111 0 32 34
z 0 111 32 34
m111 19 0 32 34
z 0 111 32 34
m111 24 0 32 34
z 0 111 32 34
m111 30 0 32 34
z 0 111 32 34
m111 34 0 32 34
z 0 111 32 34
m111 148 0 32 34
B111 3 32 34
z 3 111 32 34
m111 24 3 9.5 94.5 0.343202627319402
z 3 111 32 34
m111 19 3 9.5 94.5 0.343202627319402
z 3 111 32 34
m111 34 3 9.5 94.5 0.343202627319402
B112 0 358 99
z 0 112 358 99
m112 16 0 358 99
z 0 112 358 99
m112 151 0 358 99
B112 1 358 99
z 1 112 358 99
m112 15 1 358 99
z 1 112 358 99
m112 16 1 358 99
z 1 112 358 99
m112 57 1 358 99
z 1 112 358 99
m112 102 1 358 99
z 1 112 358 99
m112 151 1 358 99
z 1 112 358 99
m112 175 1 358 99
z 1 112 358 99
m112 197 1 358 99
z 1 112 358 99
m112 213 1 358 99
B112 2 358 99
z 2 112 358 99
m112 15 2 358 99
z 2 112 358 99
m112 16 2 358 99
z 2 112 358 99
m112 57 2 358 99
z 2 112 358 99
m112 102 2 358 99
z 2 112 358 99
m112 151 2 358 99
B112 3 358 99
B118 2 76 175
B118 3 76 175
B121 0 454 339
z 0 121 454 339
m121 145 0 454 339
B121 1 454 339
z 1 121 454 339
m121 145 1 454 339
B121 2 454 339
z 2 121 454 339
m121 145 2 454 339
B122 0 91 72
z 0 122 91 72
m122 19 0 91 72
z 0 122 91 72
m122 24 0 91 72
B122 3 91 72
B124 1 130 200
z 1 124 130 200
m124 90 1 130 200
B124 2 130 200
B125 1 147 175
z 1 125 147 175
m125 90 1 147 175
B125 2 147 175
B132 0 438 153
z 0 132 438 153
m132 10 0 438 153
z 0 132 438 153
m132 20 0 438 153
z 0 132 438 153
m132 47 0 438 153
z 0 132 438 153
m132 81 0 438 153
z 0 132 438 153
m132 101 0 438 153
z 0 132 438 153
m132 150 0 438 153
B132 3 438 153
z 3 132 438 153
m132 20 3 8.5 77.75 0.39339170782816946
z 3 132 438 153
m132 47 3 8.5 77.75 0.39339170782816946
z 3 132 438 153
m132 10 3 8.5 77.75 0.39339170782816946
z 3 132 438 153
m132 101 3 8.5 77.75 0.39339170782816946
B136 0 41 66
z 0 136 41 66
m136 19 0 41 66
z 0 136 41 66
m136 30 0 41 66
z 0 136 41 66
m136 148 0 41 66
B136 3 41 66
B137 1 272 155
z 1 137 272 155
m137 85 1 272 155
z 1 137 272 155
m137 175 1 272 155
z 1 137 272 155
m137 215 1 272 155
B137 2 272 155
z 2 137 272 155
m137 85 2 272 155
z 2 137 272 155
m137 215 2 272 155
B138 0 201 92
z 0 138 201 92
m138 198 0 201 92
B140 1 308 206
B146 1 399 483
B153 1 136 386
B157 0 460 321
z 0 157 460 321
m157 145 0 460 321
B157 1 460 321
z 1 157 460 321
m157 145 1 460 321
B157 2 460 321
B162 0 468 226
z 0 162 468 226
m162 114 0 468 226
z 0 162 468 226
m162 145 0 468 226
B162 1 468 226
z 1 162 468 226
m162 29 1 468 226
z 1 162 468 226
m162 114 1 468 226
z 1 162 468 226
m162 145 1 468 226
B162 3 468 226
z 3 162 468 226
m162 13 3 7.000000000000001 62.0 1.0
z 3 162 468 226
m162 114 3 7.000000000000001 62.0 1.0
z 3 162 468 226
m162 145 3 7.000000000000001 62.0 1.0
B166 1 153 148
z 1 166 153 148
m166 90 1 153 148
z 1 166 153 148
m166 215 1 153 148
B166 2 153 148
B170 1 21 320
B170 2 21 320
B175 0 311 98
z 0 175 311 98
m175 36 0 311 98
z 0 175 311 98
m175 85 0 311 98
z 0 175 311 98
m175 104 0 311 98
z 0 175 311 98
m175 123 0 311 98
z 0 175 311 98
m175 152 0 311 98
B175 2 311 98
B175 3 311 98
z 3 175 311 98
m175 123 3 9.000000000000002 86.25 0.5757490315421896
z 3 175 311 98
m175 58 3 9.000000000000002 86.25 0.5757490315421896
z 3 175 311 98
m175 36 3 9.000000000000002 86.25 0.5757490315421896
z 3 175 311 98
m175 152 3 9.000000000000002 86.25 0.5757490315421896
z 3 175 311 98
m175 104 3 9.000000000000002 86.25 0.5757490315421896
B177 2 21 367
B183 0 443 130
z 0 183 443 130
m183 10 0 443 130
z 0 183 443 130
m183 16 0 443 130
z 0 183 443 130
m183 47 0 443 130
z 0 183 443 130
m183 81 0 443 130
z 0 183 443 130
m183 101 0 443 130
z 0 183 443 130
m183 150 0 443 130
z 0 183 443 130
m183 156 0 443 130
z 0 183 443 130
m183 168 0 443 130
B183 3 443 130
z 3 183 443 130
m183 16 3 9.0 85.75 0.9909881255301101
z 3 183 443 130
m183 168 3 9.0 85.75 0.9909881255301101
z 3 183 443 130
m183 156 3 9.0 85.75 0.9909881255301101
z 3 183 443 130
m183 47 3 9.0 85.75 0.9909881255301101
z 3 183 443 130
m183 101 3 9.0 85.75 0.9909881255301101
z 3 183 443 130
m183 10 3 9.0 85.75 0.9909881255301101
z 3 183 443 130
m183 81 3 9.0 85.75 0.9909881255301101
z 3 183 443 130
m183 150 3 9.0 85.75 0.9909881255301101
B184 1 404 409
B185 1 57 346
z 1 185 57 346
m185 149 1 57 346
B191 1 203 143
B191 2 203 143
B191 3 203 143
B193 1 119 174
B193 2 119 174
z 2 193 119 174
m193 45 2 119 174
B193 3 119 174
B195 2 387 272
B197 0 359 94
z 0 197 359 94
m197 16 0 359 94
z 0 197 359 94
m197 36 0 359 94
z 0 197 359 94
m197 116 0 359 94
z 0 197 359 94
m197 151 0 359 94
z 0 197 359 94
m197 152 0 359 94
B197 2 359 94
z 2 197 359 94
m197 15 2 359 94
z 2 197 359 94
m197 16 2 359 94
z 2 197 359 94
m197 36 2 359 94
z 2 197 359 94
m197 57 2 359 94
z 2 197 359 94
m197 102 2 359 94
z 2 197 359 94
m197 116 2 359 94
z 2 197 359 94
m197 151 2 359 94
z 2 197 359 94
m197 152 2 359 94
B197 3 359 94
z 3 197 359 94
m197 152 3 9.000000000000002 86.25 0.5757490315421896
z 3 197 359 94
m197 36 3 9.000000000000002 86.25 0.5757490315421896
z 3 197 359 94
m197 116 3 9.000000000000002 86.25 0.5757490315421896
z 3 197 359 94
m197 16 3 9.000000000000002 86.25 0.5757490315421896
B199 1 71 185
B204 1 397 424
B204 3 397 424
z 3 204 397 424
m204 184 3 6.750000000000001 63.25 1.0
B209 1 132 245
B210 0 487 361
B210 1 487 361
B210 2 487 361
B210 3 487 361
z 3 210 487 361
m210 13 3 7.625 68.125 0.0
B213 0 307 78
z 0 213 307 78
m213 36 0 307 78
z 0 213 307 78
m213 85 0 307 78
z 0 213 307 78
m213 104 0 307 78
z 0 213 307 78
m213 134 0 307 78
z 0 213 307 78
m213 152 0 307 78
z 0 213 307 78
m213 169 0 307 78
z 0 213 307 78
m213 211 0 307 78
B213 2 307 78
z 2 213 307 78
m213 36 2 307 78
z 2 213 307 78
m213 57 2 307 78
z 2 213 307 78
m213 85 2 307 78
z 2 213 307 78
m213 102 2 307 78
z 2 213 307 78
m213 104 2 307 78
z 2 213 307 78
m213 134 2 307 78
z 2 213 307 78
m213 152 2 307 78
z 2 213 307 78
m213 169 2 307 78
z 2 213 307 78
m213 211 2 307 78
B213 3 307 78
z 3 213 307 78
m213 58 3 9.125 89.375 0.3386961146438238
z 3 213 307 78
m213 134 3 9.125 89.375 0.3386961146438238
z 3 213 307 78
m213 169 3 9.125 89.375 0.3386961146438238
z 3 213 307 78
m213 211 3 9.125 89.375 0.3386961146438238
z 3 213 307 78
m213 36 3 9.125 89.375 0.3386961146438238
z 3 213 307 78
m213 85 3 9.125 89.375 0.3386961146438238
B215 0 204 125
B215 3 204 125
B218 0 470 477
B218 1 470 477
B218 2 470 477
z 2 218 470 477
m218 69 2 470 477
B218 3 470 477
B1 2 451 138
B10 0 426 108
z 0 10 426 108
m10 120 0 426 108
z 0 10 426 108
m10 171 0 426 108
z 0 10 426 108
m10 192 0 426 108
z 0 10 426 108
m10 207 0 426 108
B10 1 426 108
z 1 10 426 108
m10 20 1 426 108
z 1 10 426 108
m10 47 1 426 108
z 1 10 426 108
m10 120 1 426 108
z 1 10 426 108
m10 171 1 426 108
z 1 10 426 108
m10 192 1 426 108
z 1 10 426 108
m10 207 1 426 108
B10 3 426 108
z 3 10 426 108
m10 192 3 7.888888888888889 69.66666666666666 0.06245159922668257
B11 1 178 23
z 1 11 178 23
m11 67 1 178 23
z 1 11 178 23
m11 178 1 178 23
B13 3 482 306
z 3 13 482 306
m13 121 3 6.4444444444444455 55.55555555555556 0.545141065830721
B15 1 385 108
z 1 15 385 108
m15 116 1 385 108
B15 2 385 108
B16 0 375 81
B16 1 375 81
z 1 16 375 81
m16 116 1 375 81
z 1 16 375 81
m16 196 1 375 81
B16 2 375 81
B16 3 375 81
B17 3 469 294
z 3 17 469 294
m17 12 3 6.444444444444443 52.66666666666667 0.34202087166381356
B19 0 55 47
B19 3 55 47
B20 0 492 84
z 0 20 492 84
m20 120 0 492 84
z 0 20 492 84
m20 171 0 492 84
z 0 20 492 84
m20 192 0 492 84
z 0 20 492 84
m20 207 0 492 84
B20 3 492 84
z 3 20 492 84
m20 120 3 8.0 70.88888888888889 0.21740690953079045
B24 0 78 19
B24 3 78 19
B29 1 473 222
B29 2 473 222
B30 0 42 16
B30 3 42 16
B33 2 52 118
z 2 33 52 118
m33 71 2 52 118
z 2 33 52 118
m33 73 2 52 118
z 2 33 52 118
m33 94 2 52 118
z 2 33 52 118
m33 165 2 52 118
B34 0 13 28
B34 3 13 28
B36 0 297 41
z 0 36 297 41
m36 139 0 297 41
B36 2 297 41
B36 3 297 41
B43 1 0 172
z 1 43 0 172
m43 33 1 0 172
z 1 43 0 172
m43 70 1 0 172
z 1 43 0 172
m43 73 1 0 172
z 1 43 0 172
m43 118 1 0 172
z 1 43 0 172
m43 161 1 0 172
B45 2 185 96
z 2 45 185 96
m45 71 2 185 96
B46 2 426 189
z 2 46 426 189
m46 101 2 426 189
B47 0 468 83
z 0 47 468 83
m47 120 0 468 83
z 0 47 468 83
m47 171 0 468 83
z 0 47 468 83
m47 192 0 468 83
z 0 47 468 83
m47 207 0 468 83
B47 3 468 83
z 3 47 468 83
m47 120 3 7.777777777777778 68.66666666666666 0.0
B48 2 490 204
z 2 48 490 204
m48 101 2 490 204
B57 1 393 71
z 1 57 393 71
m57 116 1 393 71
z 1 57 393 71
m57 196 1 393 71
B57 2 393 71
B58 3 261 142
B62 1 453 158
B62 2 453 158
z 2 62 453 158
m62 10 2 453 158
z 2 62 453 158
m62 101 2 453 158
B67 0 128 13
B67 3 128 13
B69 2 476 489
B70 2 31 190
z 2 70 31 190
m70 73 2 31 190
B71 1 104 105
z 1 71 104 105
m71 14 1 104 105
z 1 71 104 105
m71 19 1 104 105
z 1 71 104 105
m71 24 1 104 105
z 1 71 104 105
m71 33 1 104 105
z 1 71 104 105
m71 122 1 104 105
z 1 71 104 105
m71 136 1 104 105
z 1 71 104 105
m71 165 1 104 105
B78 1 8 210
z 1 78 8 210
m78 70 1 8 210
z 1 78 8 210
m78 161 1 8 210
B78 2 8 210
B81 0 411 139
B81 1 411 139
z 1 81 411 139
m81 47 1 411 139
B81 2 411 139
B81 3 411 139
B85 0 261 93
B85 1 261 93
z 1 85 261 93
m85 36 1 261 93
z 1 85 261 93
m85 152 1 261 93
z 1 85 261 93
m85 169 1 261 93
z 1 85 261 93
m85 198 1 261 93
z 1 85 261 93
m85 219 1 261 93
B85 2 261 93
z 2 85 261 93
m85 198 2 261 93
z 2 85 261 93
m85 219 2 261 93
B85 3 261 93
B89 0 100 10
B89 3 100 10
B90 1 75 191
z 1 90 75 191
m90 33 1 75 191
z 1 90 75 191
m90 70 1 75 191
z 1 90 75 191
m90 118 1 75 191
B98 1 5 190
B101 0 494 142
z 0 101 494 142
m101 171 0 494 142
z 0 101 494 142
m101 192 0 494 142
z 0 101 494 142
m101 207 0 494 142
B101 1 494 142
z 1 101 494 142
m101 20 1 494 142
z 1 101 494 142
m101 47 1 494 142
z 1 101 494 142
m101 171 1 494 142
z 1 101 494 142
m101 192 1 494 142
z 1 101 494 142
m101 207 1 494 142
B101 3 494 142
B102 1 387 78
B102 2 387 78
z 2 102 387 78
m102 10 2 387 78
z 2 102 387 78
m102 156 2 387 78
z 2 102 387 78
m102 168 2 387 78
B104 0 295 57
z 0 104 295 57
m104 139 0 295 57
B104 1 295 57
z 1 104 295 57
m104 36 1 295 57
z 1 104 295 57
m104 134 1 295 57
z 1 104 295 57
m104 139 1 295 57
z 1 104 295 57
m104 152 1 295 57
z 1 104 295 57
m104 169 1 295 57
z 1 104 295 57
m104 178 1 295 57
z 1 104 295 57
m104 198 1 295 57
z 1 104 295 57
m104 211 1 295 57
z 1 104 295 57
m104 219 1 295 57
B104 2 295 57
z 2 104 295 57
m104 139 2 295 57
z 2 104 295 57
m104 178 2 295 57
z 2 104 295 57
m104 198 2 295 57
z 2 104 295 57
m104 219 2 295 57
B104 3 295 57
B106 1 257 74
B106 2 257 74
z 2 106 257 74
m106 178 2 257 74
z 2 106 257 74
m106 198 2 257 74
z 2 106 257 74
m106 219 2 257 74
B114 0 480 227
B114 1 480 227
B114 2 480 227
B114 3 480 227
B116 0 374 79
B116 2 374 79
z 2 116 374 79
m116 156 2 374 79
z 2 116 374 79
m116 168 2 374 79
z 2 116 374 79
m116 196 2 374 79
B116 3 374 79
B123 0 265 63
z 0 123 265 63
m123 139 0 265 63
B123 1 265 63
z 1 123 265 63
m123 36 1 265 63
z 1 123 265 63
m123 134 1 265 63
z 1 123 265 63
m123 139 1 265 63
z 1 123 265 63
m123 152 1 265 63
z 1 123 265 63
m123 169 1 265 63
z 1 123 265 63
m123 178 1 265 63
z 1 123 265 63
m123 198 1 265 63
z 1 123 265 63
m123 211 1 265 63
z 1 123 265 63
m123 219 1 265 63
B123 2 265 63
z 2 123 265 63
m123 139 2 265 63
z 2 123 265 63
m123 178 2 265 63
z 2 123 265 63
m123 198 2 265 63
z 2 123 265 63
m123 219 2 265 63
B123 3 265 63
B132 1 429 145
z 1 132 429 145
m132 47 1 429 145
B132 2 429 145
z 2 132 429 145
m132 10 2 429 145
z 2 132 429 145
m132 47 2 429 145
z 2 132 429 145
m132 101 2 429 145
z 2 132 429 145
m132 156 2 429 145
B134 0 306 8
z 0 134 306 8
m134 139 0 306 8
B134 2 306 8
B134 3 306 8
B138 1 207 102
B138 2 207 102
B138 3 207 102
B145 0 480 243
B145 1 480 243
B145 2 480 243
B145 3 480 243
z 3 145 480 243
m145 157 3 6.333333333333334 55.22222222222223 1.0
B148 0 21 46
B148 3 21 46
B150 0 475 111
z 0 150 475 111
m150 171 0 475 111
z 0 150 475 111
m150 192 0 475 111
z 0 150 475 111
m150 207 0 475 111
B150 1 475 111
z 1 150 475 111
m150 20 1 475 111
z 1 150 475 111
m150 47 1 475 111
z 1 150 475 111
m150 171 1 475 111
z 1 150 475 111
m150 192 1 475 111
z 1 150 475 111
m150 207 1 475 111
B150 2 475 111
z 2 150 475 111
m150 10 2 475 111
z 2 150 475 111
m150 20 2 475 111
z 2 150 475 111
m150 47 2 475 111
z 2 150 475 111
m150 101 2 475 111
z 2 150 475 111
m150 156 2 475 111
z 2 150 475 111
m150 168 2 475 111
z 2 150 475 111
m150 171 2 475 111
z 2 150 475 111
m150 192 2 475 111
z 2 150 475 111
m150 207 2 475 111
B150 3 475 111
B151 0 367 101
B151 1 367 101
z 1 151 367 101
m151 116 1 367 101
B151 2 367 101
z 2 151 367 101
m151 156 2 367 101
z 2 151 367 101
m151 168 2 367 101
B151 3 367 101
B152 0 279 61
z 0 152 279 61
m152 139 0 279 61
B152 2 279 61
z 2 152 279 61
m152 139 2 279 61
z 2 152 279 61
m152 198 2 279 61
z 2 152 279 61
m152 219 2 279 61
B152 3 279 61
B156 0 404 91
z 0 156 404 91
m156 120 0 404 91
B156 1 404 91
z 1 156 404 91
m156 47 1 404 91
z 1 156 404 91
m156 116 1 404 91
z 1 156 404 91
m156 120 1 404 91
z 1 156 404 91
m156 196 1 404 91
B156 3 404 91
z 3 156 404 91
m156 120 3 7.777777777777778 70.66666666666667 1.0
B161 2 20 169
z 2 161 20 169
m161 73 2 20 169
z 2 161 20 169
m161 94 2 20 169
z 2 161 20 169
m161 165 2 20 169
B162 2 470 214
B168 0 402 77
z 0 168 402 77
m168 120 0 402 77
B168 1 402 77
z 1 168 402 77
m168 47 1 402 77
z 1 168 402 77
m168 116 1 402 77
z 1 168 402 77
m168 120 1 402 77
z 1 168 402 77
m168 196 1 402 77
B168 3 402 77
z 3 168 402 77
m168 120 3 7.777777777777778 70.66666666666667 1.0
B169 0 295 20
z 0 169 295 20
m169 139 0 295 20
B169 2 295 20
z 2 169 295 20
m169 139 2 295 20
z 2 169 295 20
m169 178 2 295 20
z 2 169 295 20
m169 198 2 295 20
z 2 169 295 20
m169 219 2 295 20
B169 3 295 20
B175 1 322 102
z 1 175 322 102
m175 36 1 322 102
z 1 175 322 102
m175 152 1 322 102
B178 0 251 14
B183 1 453 124
z 1 183 453 124
m183 47 1 453 124
B183 2 453 124
B184 3 396 400
B196 0 427 23
z 0 196 427 23
m196 120 0 427 23
z 0 196 427 23
m196 203 0 427 23
z 0 196 427 23
m196 214 0 427 23
B196 3 427 23
B197 1 371 95
z 1 197 371 95
m197 116 1 371 95
B198 0 260 26
z 0 198 260 26
m198 139 0 260 26
B198 3 260 26
B211 0 310 15
z 0 211 310 15
m211 139 0 310 15
B211 2 310 15
B211 3 310 15
B213 1 299 69
B215 1 193 130
B215 2 193 130
B219 0 263 30
z 0 219 263 30
m219 139 0 263 30
B219 3 263 30
B10 2 415 114
z 2 10 415 114
m10 120 2 415 114
B12 3 381 327
B14 1 81 13
z 1 14 81 13
m14 30 1 81 13
z 1 14 81 13
m14 34 1 81 13
z 1 14 81 13
m14 89 1 81 13
z 1 14 81 13
m14 111 1 81 13
z 1 14 81 13
m14 148 1 81 13
B19 1 43 45
z 1 19 43 45
m19 30 1 43 45
z 1 19 43 45
m19 34 1 43 45
z 1 19 43 45
m19 89 1 43 45
z 1 19 43 45
m19 111 1 43 45
z 1 19 43 45
m19 148 1 43 45
B20 1 489 72
B20 2 489 72
z 2 20 489 72
m20 120 2 489 72
B24 1 66 15
B33 1 64 116
z 1 33 64 116
m33 94 1 64 116
B36 1 285 40
B47 1 467 71
B47 2 467 71
z 2 47 467 71
m47 120 2 467 71
B67 1 140 14
z 1 67 140 14
m67 89 1 140 14
B70 1 42 195
B71 2 105 117
z 2 71 105 117
m71 122 2 105 117
B73 1 22 146
z 1 73 22 146
m73 94 1 22 146
B73 2 22 146
B94 2 15 108
B101 2 492 144
B116 1 370 91
B118 1 99 184
B120 0 459 61
z 0 120 459 61
m120 143 0 459 61
B120 1 459 61
z 1 120 459 61
m120 143 1 459 61
z 1 120 459 61
m120 214 1 459 61
B120 3 459 61
z 3 120 459 61
m120 143 3 7.7 66.3 0.2664354550227922
z 3 120 459 61
m120 214 3 7.7 66.3 0.2664354550227922
B121 3 445 361
B122 1 104 51
B134 1 316 1
B136 1 43 42
B139 0 280 8
B139 1 280 8
B139 2 280 8
B152 1 268 66
B156 2 395 99
z 2 156 395 99
m156 120 2 395 99
B157 3 438 310
B161 1 28 178
z 1 161 28 178
m161 94 1 28 178
B165 1 9 91
z 1 165 9 91
m165 94 1 9 91
z 1 165 9 91
m165 148 1 9 91
B165 2 9 91
B168 2 390 74
z 2 168 390 74
m168 120 2 390 74
B169 1 304 12
B171 0 479 97
B171 1 479 97
B171 2 479 97
z 2 171 479 97
m171 120 2 479 97
B178 1 262 17
B178 2 262 17
z 2 178 262 17
m178 11 2 262 17
B192 0 492 69
B192 1 492 69
B192 2 492 69
z 2 192 492 69
m192 120 2 492 69
B192 3 492 69
B196 1 439 22
z 1 196 439 22
m196 143 1 439 22
z 1 196 439 22
m196 203 1 439 22
z 1 196 439 22
m196 214 1 439 22
B196 2 439 22
B198 1 269 18
B198 2 269 18
B203 0 494 8
z 0 203 494 8
m203 143 0 494 8
B207 0 470 83
B207 1 470 83
B207 2 470 83
B211 1 312 3
B214 0 470 4
z 0 214 470 4
m214 143 0 470 4
B219 1 273 24
B219 2 273 24
B11 2 186 0
B30 1 55 35
B34 1 20 50
B89 1 115 29
B94 1 20 119
B111 1 19 0
B120 2 462 73
z 2 120 462 73
m120 143 2 462 73
z 2 120 462 73
m120 203 2 462 73
B122 2 110 41
B143 0 480 5
B143 1 480 5
B143 3 480 5
z 3 143 480 5
m143 203 3 7.090909090909091 60.36363636363637 1.0
B148 1 3 63
B203 1 484 2
B214 1 470 16
B214 3 470 16
z 3 214 470 16
m214 203 3 7.090909090909091 60.36363636363637 1.0
B143 2 468 5
z 2 143 468 5
m143 214 2 468 5
B203 2 475 7
z 2 203 475 7
m203 214 2 475 7
B203 3 475 7
B214 2 472 40
