282 276 316 472
s 0 425 306 351 0
s 1 222 71 174 0
s 2 254 22 48 0
s 3 358 264 131 0
s 4 56 32 63 0
s 5 199 138 23 0
s 6 400 58 131 0
s 7 204 469 343 0
s 8 303 204 282 0
s 9 275 383 90 0
s 10 127 346 31 0
s 11 411 32 86 0
s 12 98 485 7 0
s 13 262 247 302 0
s 14 335 482 0 0
s 15 493 332 354 0
s 16 31 141 230 0
s 17 357 95 3 0
s 18 411 459 258 0
s 19 434 285 26 0
s 20 386 343 248 0
s 21 329 245 37 0
s 22 60 290 332 0
s 23 89 462 53 0
s 24 364 457 82 0
s 25 357 141 255 0
s 26 46 382 304 0
s 27 151 380 93 0
s 28 418 383 296 0
s 29 386 309 344 0
s 30 363 485 7 0
s 31 15 350 284 0
s 32 490 68 252 0
s 33 273 311 72 0
s 34 427 23 215 0
s 35 94 351 113 0
s 36 427 368 272 0
s 37 168 118 322 0
s 38 394 318 351 0
s 39 318 289 10 0
s 40 432 447 278 0
s 41 427 70 138 0
s 42 8 225 280 0
s 43 264 312 114 0
s 44 121 444 5 0
s 45 2 39 143 0
s 46 87 342 357 0
s 47 17 488 35 0
s 48 38 108 198 0
s 49 57 385 200 0
s 50 310 414 99 0
s 51 11 143 187 0
s 52 425 98 137 0
s 53 206 435 34 0
s 54 350 208 80 0
s 55 267 42 9 0
s 56 43 120 283 0
s 57 21 440 183 0
s 58 209 30 229 0
s 59 27 281 343 0
s 60 4 3 298 0
s 61 65 298 110 0
s 62 196 180 31 0
s 63 436 391 321 0
s 64 282 276 278 0
s 65 467 281 328 0
s 66 499 33 328 0
s 67 469 33 340 0
s 68 471 208 8 0
s 69 69 67 280 0
s 70 147 488 137 0
s 71 427 12 14 0
s 72 275 195 277 0
s 73 465 40 177 0
s 74 355 412 3 0
s 75 338 484 154 0
s 76 317 247 195 0
s 77 203 84 138 0
s 78 320 244 216 0
s 79 186 215 300 0
s 80 33 234 321 0
s 81 183 22 124 0
s 82 446 224 37 0
s 83 389 191 264 0
s 84 200 359 170 0
s 85 207 283 353 0
s 86 280 281 65 0
s 87 484 49 205 0
s 88 42 229 265 0
s 89 369 56 53 0
s 90 65 348 245 0
s 91 460 451 319 0
s 92 397 159 52 0
s 93 361 334 135 0
s 94 327 399 60 0
s 95 171 432 207 0
s 96 15 206 131 0
s 97 474 137 263 0
s 98 282 250 3 0
s 99 227 106 219 0
s 100 297 200 113 0
s 101 442 78 184 0
s 102 44 118 313 0
s 103 216 260 131 0
s 104 144 316 128 0
s 105 408 21 135 0
s 106 239 165 55 0
s 107 29 421 280 0
s 108 486 13 24 0
s 109 183 217 328 0
s 110 22 181 352 0
s 111 8 359 61 0
s 112 179 399 64 0
s 113 36 41 86 0
s 114 330 252 40 0
s 115 22 244 273 0
s 116 64 316 66 0
s 117 115 367 99 0
s 118 342 157 295 0
s 119 466 295 306 0
s 120 304 171 97 0
s 121 145 61 50 0
s 122 148 394 238 0
s 123 62 233 202 0
s 124 478 218 13 0
s 125 369 167 10 0
s 126 489 127 95 0
s 127 188 143 117 0
s 128 405 191 60 0
s 129 237 87 37 0
s 130 195 426 64 0
s 131 314 112 79 0
s 132 285 380 289 0
s 133 89 306 131 0
s 134 9 70 279 0
s 135 438 478 192 0
s 136 449 354 71 0
s 137 140 198 155 0
s 138 473 224 141 0
s 139 237 496 18 0
s 140 348 205 325 0
s 141 257 420 193 0
s 142 345 158 78 0
s 143 441 462 224 0
s 144 306 319 251 0
s 145 32 63 255 0
s 146 204 189 325 0
s 147 208 476 183 0
s 148 157 244 106 0
s 149 354 468 191 0
s 150 419 351 323 0
s 151 59 11 112 0
s 152 491 368 110 0
s 153 115 468 333 0
s 154 66 305 161 0
s 155 169 287 243 0
s 156 15 165 245 0
s 157 389 282 24 0
s 158 132 244 272 0
s 159 40 186 355 0
s 160 411 338 48 0
s 161 302 360 217 0
s 162 421 64 6 0
s 163 316 472 95 0
s 164 24 229 288 0
s 165 487 153 121 0
s 166 111 286 154 0
s 167 176 32 6 0
s 168 341 404 266 0
s 169 391 85 309 0
s 170 175 164 4 0
s 171 459 123 72 0
s 172 383 335 282 0
s 173 303 404 276 0
s 174 118 115 313 0
s 175 314 258 275 0
s 176 463 79 73 0
s 177 342 77 182 0
s 178 10 53 84 0
s 179 337 372 178 0
s 180 163 366 185 0
s 181 214 56 326 0
s 182 198 336 109 0
s 183 308 249 230 0
s 184 434 463 86 0
s 185 379 421 111 0
s 186 370 462 245 0
s 187 244 451 208 0
s 188 320 122 22 0
s 189 303 291 137 0
s 190 245 263 134 0
s 191 95 26 106 0
s 192 90 373 168 0
s 193 283 306 332 0
s 194 180 233 149 0
s 195 20 248 348 0
s 196 384 332 256 0
s 197 328 62 337 0
s 198 294 194 154 0
s 199 237 418 108 0
B64 0 284 263
z 0 64 284 263
m64 13 0 284 263
z 0 64 284 263
m64 21 0 284 263
z 0 64 284 263
m64 33 0 284 263
z 0 64 284 263
m64 39 0 284 263
z 0 64 284 263
m64 43 0 284 263
z 0 64 284 263
m64 76 0 284 263
z 0 64 284 263
m64 78 0 284 263
z 0 64 284 263
m64 85 0 284 263
z 0 64 284 263
m64 86 0 284 263
z 0 64 284 263
m64 98 0 284 263
z 0 64 284 263
m64 103 0 284 263
z 0 64 284 263
m64 114 0 284 263
z 0 64 284 263
m64 144 0 284 263
z 0 64 284 263
m64 175 0 284 263
z 0 64 284 263
m64 183 0 284 263
z 0 64 284 263
m64 189 0 284 263
z 0 64 284 263
m64 190 0 284 263
z 0 64 284 263
m64 193 0 284 263
B64 1 284 263
z 1 64 284 263
m64 13 1 284 263
z 1 64 284 263
m64 21 1 284 263
z 1 64 284 263
m64 33 1 284 263
z 1 64 284 263
m64 39 1 284 263
z 1 64 284 263
m64 43 1 284 263
z 1 64 284 263
m64 76 1 284 263
z 1 64 284 263
m64 78 1 284 263
z 1 64 284 263
m64 85 1 284 263
z 1 64 284 263
m64 86 1 284 263
z 1 64 284 263
m64 98 1 284 263
z 1 64 284 263
m64 103 1 284 263
z 1 64 284 263
m64 114 1 284 263
z 1 64 284 263
m64 144 1 284 263
z 1 64 284 263
m64 175 1 284 263
z 1 64 284 263
m64 183 1 284 263
z 1 64 284 263
m64 189 1 284 263
z 1 64 284 263
m64 190 1 284 263
z 1 64 284 263
m64 193 1 284 263
B64 2 284 263
z 2 64 284 263
m64 13 2 284 263
z 2 64 284 263
m64 21 2 284 263
z 2 64 284 263
m64 33 2 284 263
z 2 64 284 263
m64 39 2 284 263
z 2 64 284 263
m64 43 2 284 263
z 2 64 284 263
m64 76 2 284 263
z 2 64 284 263
m64 78 2 284 263
z 2 64 284 263
m64 85 2 284 263
z 2 64 284 263
m64 86 2 284 263
z 2 64 284 263
m64 98 2 284 263
z 2 64 284 263
m64 103 2 284 263
z 2 64 284 263
m64 114 2 284 263
z 2 64 284 263
m64 144 2 284 263
z 2 64 284 263
m64 175 2 284 263
z 2 64 284 263
m64 183 2 284 263
z 2 64 284 263
m64 189 2 284 263
z 2 64 284 263
m64 190 2 284 263
z 2 64 284 263
m64 193 2 284 263
B64 3 284 263
z 3 64 284 263
m64 13 3 20.0 400.0 1.0
z 3 64 284 263
m64 21 3 20.0 400.0 1.0
z 3 64 284 263
m64 33 3 20.0 400.0 1.0
z 3 64 284 263
m64 39 3 20.0 400.0 1.0
z 3 64 284 263
m64 43 3 20.0 400.0 1.0
z 3 64 284 263
m64 76 3 20.0 400.0 1.0
z 3 64 284 263
m64 78 3 20.0 400.0 1.0
z 3 64 284 263
m64 85 3 20.0 400.0 1.0
z 3 64 284 263
m64 86 3 20.0 400.0 1.0
z 3 64 284 263
m64 98 3 20.0 400.0 1.0
z 3 64 284 263
m64 103 3 20.0 400.0 1.0
z 3 64 284 263
m64 114 3 20.0 400.0 1.0
z 3 64 284 263
m64 144 3 20.0 400.0 1.0
z 3 64 284 263
m64 175 3 20.0 400.0 1.0
z 3 64 284 263
m64 183 3 20.0 400.0 1.0
z 3 64 284 263
m64 189 3 20.0 400.0 1.0
z 3 64 284 263
m64 190 3 20.0 400.0 1.0
z 3 64 284 263
m64 193 3 20.0 400.0 1.0
B13 0 276 226
z 0 13 276 226
m13 8 0 276 226
z 0 13 276 226
m13 72 0 276 226
z 0 13 276 226
m13 100 0 276 226
z 0 13 276 226
m13 120 0 276 226
z 0 13 276 226
m13 198 0 276 226
B13 1 276 226
z 1 13 276 226
m13 8 1 276 226
z 1 13 276 226
m13 72 1 276 226
z 1 13 276 226
m13 100 1 276 226
z 1 13 276 226
m13 120 1 276 226
z 1 13 276 226
m13 198 1 276 226
B13 2 276 226
z 2 13 276 226
m13 8 2 276 226
z 2 13 276 226
m13 72 2 276 226
z 2 13 276 226
m13 100 2 276 226
z 2 13 276 226
m13 120 2 276 226
z 2 13 276 226
m13 198 2 276 226
B13 3 276 226
z 3 13 276 226
m13 8 3 15.333333333333334 278.6666666666667 1.0
z 3 13 276 226
m13 72 3 15.333333333333334 278.6666666666667 1.0
z 3 13 276 226
m13 100 3 15.333333333333334 278.6666666666667 1.0
z 3 13 276 226
m13 120 3 15.333333333333334 278.6666666666667 1.0
z 3 13 276 226
m13 198 3 15.333333333333334 278.6666666666667 1.0
B21 0 349 260
z 0 21 349 260
m21 3 0 349 260
z 0 21 349 260
m21 8 0 349 260
z 0 21 349 260
m21 54 0 349 260
z 0 21 349 260
m21 100 0 349 260
z 0 21 349 260
m21 140 0 349 260
z 0 21 349 260
m21 157 0 349 260
B21 1 349 260
z 1 21 349 260
m21 3 1 349 260
z 1 21 349 260
m21 8 1 349 260
z 1 21 349 260
m21 54 1 349 260
z 1 21 349 260
m21 100 1 349 260
z 1 21 349 260
m21 140 1 349 260
z 1 21 349 260
m21 157 1 349 260
B21 2 349 260
z 2 21 349 260
m21 3 2 349 260
z 2 21 349 260
m21 8 2 349 260
z 2 21 349 260
m21 54 2 349 260
z 2 21 349 260
m21 100 2 349 260
z 2 21 349 260
m21 140 2 349 260
z 2 21 349 260
m21 157 2 349 260
B21 3 349 260
z 3 21 349 260
m21 3 3 15.333333333333334 278.6666666666667 1.0
z 3 21 349 260
m21 8 3 15.333333333333334 278.6666666666667 1.0
z 3 21 349 260
m21 54 3 15.333333333333334 278.6666666666667 1.0
z 3 21 349 260
m21 100 3 15.333333333333334 278.6666666666667 1.0
z 3 21 349 260
m21 140 3 15.333333333333334 278.6666666666667 1.0
z 3 21 349 260
m21 157 3 15.333333333333334 278.6666666666667 1.0
B33 0 281 335
z 0 33 281 335
m33 132 0 281 335
z 0 33 281 335
m33 161 0 281 335
z 0 33 281 335
m33 173 0 281 335
z 0 33 281 335
m33 179 0 281 335
B33 1 281 335
B33 2 281 335
B33 3 281 335
z 3 33 281 335
m33 132 3 15.0 275.0 1.0
z 3 33 281 335
m33 161 3 15.0 275.0 1.0
z 3 33 281 335
m33 173 3 15.0 275.0 1.0
z 3 33 281 335
m33 179 3 15.0 275.0 1.0
B39 0 343 293
z 0 39 343 293
m39 3 0 343 293
z 0 39 343 293
m39 20 0 343 293
z 0 39 343 293
m39 93 0 343 293
z 0 39 343 293
m39 196 0 343 293
B39 1 343 293
z 1 39 343 293
m39 3 1 343 293
z 1 39 343 293
m39 20 1 343 293
z 1 39 343 293
m39 93 1 343 293
z 1 39 343 293
m39 196 1 343 293
B39 2 343 293
z 2 39 343 293
m39 3 2 343 293
z 2 39 343 293
m39 20 2 343 293
z 2 39 343 293
m39 93 2 343 293
z 2 39 343 293
m39 196 2 343 293
B39 3 343 293
z 3 39 343 293
m39 3 3 16.333333333333336 293.6666666666667 1.0
z 3 39 343 293
m39 20 3 16.333333333333336 293.6666666666667 1.0
z 3 39 343 293
m39 93 3 16.333333333333336 293.6666666666667 1.0
z 3 39 343 293
m39 196 3 16.333333333333336 293.6666666666667 1.0
B43 0 254 335
z 0 43 254 335
m43 9 0 254 335
z 0 43 254 335
m43 132 0 254 335
z 0 43 254 335
m43 161 0 254 335
B43 1 254 335
z 1 43 254 335
m43 9 1 254 335
z 1 43 254 335
m43 132 1 254 335
z 1 43 254 335
m43 161 1 254 335
B43 2 254 335
B43 3 254 335
z 3 43 254 335
m43 9 3 14.666666666666668 272.0 1.0
z 3 43 254 335
m43 132 3 14.666666666666668 272.0 1.0
z 3 43 254 335
m43 161 3 14.666666666666668 272.0 1.0
B76 0 292 241
z 0 76 292 241
m76 3 0 292 241
z 0 76 292 241
m76 8 0 292 241
z 0 76 292 241
m76 54 0 292 241
z 0 76 292 241
m76 72 0 292 241
z 0 76 292 241
m76 100 0 292 241
z 0 76 292 241
m76 120 0 292 241
z 0 76 292 241
m76 140 0 292 241
z 0 76 292 241
m76 198 0 292 241
B76 1 292 241
z 1 76 292 241
m76 3 1 292 241
z 1 76 292 241
m76 8 1 292 241
z 1 76 292 241
m76 54 1 292 241
z 1 76 292 241
m76 72 1 292 241
z 1 76 292 241
m76 100 1 292 241
z 1 76 292 241
m76 120 1 292 241
z 1 76 292 241
m76 140 1 292 241
z 1 76 292 241
m76 198 1 292 241
B76 2 292 241
z 2 76 292 241
m76 3 2 292 241
z 2 76 292 241
m76 8 2 292 241
z 2 76 292 241
m76 54 2 292 241
z 2 76 292 241
m76 72 2 292 241
z 2 76 292 241
m76 100 2 292 241
z 2 76 292 241
m76 120 2 292 241
z 2 76 292 241
m76 140 2 292 241
z 2 76 292 241
m76 198 2 292 241
B76 3 292 241
z 3 76 292 241
m76 3 3 16.0 288.0 1.0
z 3 76 292 241
m76 8 3 16.0 288.0 1.0
z 3 76 292 241
m76 54 3 16.0 288.0 1.0
z 3 76 292 241
m76 72 3 16.0 288.0 1.0
z 3 76 292 241
m76 100 3 16.0 288.0 1.0
z 3 76 292 241
m76 120 3 16.0 288.0 1.0
z 3 76 292 241
m76 140 3 16.0 288.0 1.0
z 3 76 292 241
m76 198 3 16.0 288.0 1.0
B78 0 300 229
z 0 78 300 229
m78 3 0 300 229
z 0 78 300 229
m78 8 0 300 229
z 0 78 300 229
m78 54 0 300 229
z 0 78 300 229
m78 72 0 300 229
z 0 78 300 229
m78 100 0 300 229
z 0 78 300 229
m78 120 0 300 229
z 0 78 300 229
m78 198 0 300 229
B78 1 300 229
z 1 78 300 229
m78 3 1 300 229
z 1 78 300 229
m78 8 1 300 229
z 1 78 300 229
m78 54 1 300 229
z 1 78 300 229
m78 72 1 300 229
z 1 78 300 229
m78 100 1 300 229
z 1 78 300 229
m78 120 1 300 229
z 1 78 300 229
m78 198 1 300 229
B78 2 300 229
z 2 78 300 229
m78 3 2 300 229
z 2 78 300 229
m78 8 2 300 229
z 2 78 300 229
m78 54 2 300 229
z 2 78 300 229
m78 72 2 300 229
z 2 78 300 229
m78 100 2 300 229
z 2 78 300 229
m78 120 2 300 229
z 2 78 300 229
m78 198 2 300 229
B78 3 300 229
z 3 78 300 229
m78 3 3 16.333333333333336 293.6666666666667 1.0
z 3 78 300 229
m78 8 3 16.333333333333336 293.6666666666667 1.0
z 3 78 300 229
m78 54 3 16.333333333333336 293.6666666666667 1.0
z 3 78 300 229
m78 72 3 16.333333333333336 293.6666666666667 1.0
z 3 78 300 229
m78 100 3 16.333333333333336 293.6666666666667 1.0
z 3 78 300 229
m78 120 3 16.333333333333336 293.6666666666667 1.0
z 3 78 300 229
m78 198 3 16.333333333333336 293.6666666666667 1.0
B85 0 232 280
z 0 85 232 280
m85 155 0 232 280
B85 1 232 280
B85 2 232 280
z 2 85 232 280
m85 155 2 232 280
B85 3 232 280
z 3 85 232 280
m85 155 3 14.666666666666668 272.0 1.0
B86 0 290 304
z 0 86 290 304
m86 132 0 290 304
z 0 86 290 304
m86 161 0 290 304
B86 1 290 304
z 1 86 290 304
m86 132 1 290 304
z 1 86 290 304
m86 161 1 290 304
B86 2 290 304
B86 3 290 304
z 3 86 290 304
m86 132 3 14.333333333333334 269.6666666666667 0.7498980008159934
z 3 86 290 304
m86 161 3 14.333333333333334 269.6666666666667 0.7498980008159934
B98 0 307 252
z 0 98 307 252
m98 3 0 307 252
z 0 98 307 252
m98 72 0 307 252
z 0 98 307 252
m98 100 0 307 252
z 0 98 307 252
m98 120 0 307 252
z 0 98 307 252
m98 198 0 307 252
B98 1 307 252
z 1 98 307 252
m98 3 1 307 252
z 1 98 307 252
m98 72 1 307 252
z 1 98 307 252
m98 100 1 307 252
z 1 98 307 252
m98 120 1 307 252
z 1 98 307 252
m98 198 1 307 252
B98 2 307 252
z 2 98 307 252
m98 3 2 307 252
z 2 98 307 252
m98 72 2 307 252
z 2 98 307 252
m98 100 2 307 252
z 2 98 307 252
m98 120 2 307 252
z 2 98 307 252
m98 198 2 307 252
B98 3 307 252
z 3 98 307 252
m98 3 3 15.666666666666668 283.0 1.0
z 3 98 307 252
m98 72 3 15.666666666666668 283.0 1.0
z 3 98 307 252
m98 100 3 15.666666666666668 283.0 1.0
z 3 98 307 252
m98 120 3 15.666666666666668 283.0 1.0
z 3 98 307 252
m98 198 3 15.666666666666668 283.0 1.0
B103 0 200 279
z 0 103 200 279
m103 79 0 200 279
z 0 103 200 279
m103 109 0 200 279
z 0 103 200 279
m103 148 0 200 279
z 0 103 200 279
m103 155 0 200 279
z 0 103 200 279
m103 194 0 200 279
B103 1 200 279
z 1 103 200 279
m103 79 1 200 279
z 1 103 200 279
m103 109 1 200 279
z 1 103 200 279
m103 148 1 200 279
z 1 103 200 279
m103 155 1 200 279
z 1 103 200 279
m103 194 1 200 279
B103 2 200 279
z 2 103 200 279
m103 79 2 200 279
z 2 103 200 279
m103 109 2 200 279
z 2 103 200 279
m103 148 2 200 279
z 2 103 200 279
m103 155 2 200 279
z 2 103 200 279
m103 194 2 200 279
B103 3 200 279
z 3 103 200 279
m103 79 3 15.0 275.0 1.0
z 3 103 200 279
m103 109 3 15.0 275.0 1.0
z 3 103 200 279
m103 148 3 15.0 275.0 1.0
z 3 103 200 279
m103 155 3 15.0 275.0 1.0
z 3 103 200 279
m103 194 3 15.0 275.0 1.0
B114 0 349 268
z 0 114 349 268
m114 3 0 349 268
z 0 114 349 268
m114 29 0 349 268
z 0 114 349 268
m114 54 0 349 268
z 0 114 349 268
m114 100 0 349 268
z 0 114 349 268
m114 157 0 349 268
z 0 114 349 268
m114 196 0 349 268
B114 1 349 268
B114 2 349 268
B114 3 349 268
z 3 114 349 268
m114 3 3 15.666666666666668 283.0 1.0
z 3 114 349 268
m114 29 3 15.666666666666668 283.0 1.0
z 3 114 349 268
m114 54 3 15.666666666666668 283.0 1.0
z 3 114 349 268
m114 100 3 15.666666666666668 283.0 1.0
z 3 114 349 268
m114 157 3 15.666666666666668 283.0 1.0
z 3 114 349 268
m114 196 3 15.666666666666668 283.0 1.0
B144 0 298 296
z 0 144 298 296
m144 3 0 298 296
z 0 144 298 296
m144 93 0 298 296
z 0 144 298 296
m144 132 0 298 296
z 0 144 298 296
m144 161 0 298 296
B144 1 298 296
B144 2 298 296
z 2 144 298 296
m144 3 2 298 296
z 2 144 298 296
m144 93 2 298 296
z 2 144 298 296
m144 132 2 298 296
z 2 144 298 296
m144 161 2 298 296
B144 3 298 296
z 3 144 298 296
m144 3 3 15.0 275.0 1.0
z 3 144 298 296
m144 93 3 15.0 275.0 1.0
z 3 144 298 296
m144 132 3 15.0 275.0 1.0
z 3 144 298 296
m144 161 3 15.0 275.0 1.0
B175 0 316 233
z 0 175 316 233
m175 3 0 316 233
z 0 175 316 233
m175 8 0 316 233
z 0 175 316 233
m175 54 0 316 233
z 0 175 316 233
m175 72 0 316 233
z 0 175 316 233
m175 100 0 316 233
z 0 175 316 233
m175 120 0 316 233
z 0 175 316 233
m175 140 0 316 233
z 0 175 316 233
m175 198 0 316 233
B175 1 316 233
z 1 175 316 233
m175 3 1 316 233
z 1 175 316 233
m175 8 1 316 233
z 1 175 316 233
m175 54 1 316 233
z 1 175 316 233
m175 72 1 316 233
z 1 175 316 233
m175 100 1 316 233
z 1 175 316 233
m175 120 1 316 233
z 1 175 316 233
m175 140 1 316 233
z 1 175 316 233
m175 198 1 316 233
B175 2 316 233
z 2 175 316 233
m175 3 2 316 233
z 2 175 316 233
m175 8 2 316 233
z 2 175 316 233
m175 54 2 316 233
z 2 175 316 233
m175 72 2 316 233
z 2 175 316 233
m175 100 2 316 233
z 2 175 316 233
m175 120 2 316 233
z 2 175 316 233
m175 140 2 316 233
z 2 175 316 233
m175 198 2 316 233
B175 3 316 233
z 3 175 316 233
m175 3 3 16.0 288.0 1.0
z 3 175 316 233
m175 8 3 16.0 288.0 1.0
z 3 175 316 233
m175 54 3 16.0 288.0 1.0
z 3 175 316 233
m175 72 3 16.0 288.0 1.0
z 3 175 316 233
m175 100 3 16.0 288.0 1.0
z 3 175 316 233
m175 120 3 16.0 288.0 1.0
z 3 175 316 233
m175 140 3 16.0 288.0 1.0
z 3 175 316 233
m175 198 3 16.0 288.0 1.0
B183 0 292 230
z 0 183 292 230
m183 3 0 292 230
z 0 183 292 230
m183 8 0 292 230
z 0 183 292 230
m183 54 0 292 230
z 0 183 292 230
m183 72 0 292 230
z 0 183 292 230
m183 100 0 292 230
z 0 183 292 230
m183 120 0 292 230
z 0 183 292 230
m183 198 0 292 230
B183 1 292 230
z 1 183 292 230
m183 3 1 292 230
z 1 183 292 230
m183 8 1 292 230
z 1 183 292 230
m183 54 1 292 230
z 1 183 292 230
m183 72 1 292 230
z 1 183 292 230
m183 100 1 292 230
z 1 183 292 230
m183 120 1 292 230
z 1 183 292 230
m183 198 1 292 230
B183 2 292 230
z 2 183 292 230
m183 3 2 292 230
z 2 183 292 230
m183 8 2 292 230
z 2 183 292 230
m183 54 2 292 230
z 2 183 292 230
m183 72 2 292 230
z 2 183 292 230
m183 100 2 292 230
z 2 183 292 230
m183 120 2 292 230
z 2 183 292 230
m183 198 2 292 230
B183 3 292 230
z 3 183 292 230
m183 3 3 16.0 288.0 1.0
z 3 183 292 230
m183 8 3 16.0 288.0 1.0
z 3 183 292 230
m183 54 3 16.0 288.0 1.0
z 3 183 292 230
m183 72 3 16.0 288.0 1.0
z 3 183 292 230
m183 100 3 16.0 288.0 1.0
z 3 183 292 230
m183 120 3 16.0 288.0 1.0
z 3 183 292 230
m183 198 3 16.0 288.0 1.0
B189 0 285 308
z 0 189 285 308
m189 3 0 285 308
z 0 189 285 308
m189 93 0 285 308
z 0 189 285 308
m189 161 0 285 308
B189 1 285 308
B189 2 285 308
z 2 189 285 308
m189 3 2 285 308
z 2 189 285 308
m189 93 2 285 308
z 2 189 285 308
m189 161 2 285 308
B189 3 285 308
z 3 189 285 308
m189 3 3 14.666666666666668 272.0 1.0
z 3 189 285 308
m189 93 3 14.666666666666668 272.0 1.0
z 3 189 285 308
m189 161 3 14.666666666666668 272.0 1.0
B190 0 228 281
z 0 190 228 281
m190 155 0 228 281
B190 1 228 281
z 1 190 228 281
m190 155 1 228 281
B190 2 228 281
z 2 190 228 281
m190 155 2 228 281
B190 3 228 281
B193 0 305 295
z 0 193 305 295
m193 3 0 305 295
z 0 193 305 295
m193 93 0 305 295
z 0 193 305 295
m193 161 0 305 295
B193 1 305 295
z 1 193 305 295
m193 3 1 305 295
z 1 193 305 295
m193 93 1 305 295
z 1 193 305 295
m193 161 1 305 295
B193 2 305 295
B193 3 305 295
z 3 193 305 295
m193 3 3 14.666666666666668 272.0 1.0
z 3 193 305 295
m193 93 3 14.666666666666668 272.0 1.0
z 3 193 305 295
m193 161 3 14.666666666666668 272.0 1.0
B3 0 334 291
z 0 3 334 291
m3 172 0 334 291
B3 1 334 291
z 1 3 334 291
m3 29 1 334 291
z 1 3 334 291
m3 172 1 334 291
B3 2 334 291
z 2 3 334 291
m3 29 2 334 291
z 2 3 334 291
m3 172 2 334 291
B3 3 334 291
z 3 3 334 291
m3 172 3 11.75 209.25 1.0
B8 0 310 168
z 0 8 310 168
m8 106 0 310 168
z 0 8 310 168
m8 118 0 310 168
z 0 8 310 168
m8 131 0 310 168
z 0 8 310 168
m8 142 0 310 168
z 0 8 310 168
m8 188 0 310 168
B8 1 310 168
z 1 8 310 168
m8 106 1 310 168
z 1 8 310 168
m8 118 1 310 168
z 1 8 310 168
m8 131 1 310 168
z 1 8 310 168
m8 142 1 310 168
z 1 8 310 168
m8 188 1 310 168
B8 2 310 168
z 2 8 310 168
m8 106 2 310 168
z 2 8 310 168
m8 118 2 310 168
z 2 8 310 168
m8 131 2 310 168
z 2 8 310 168
m8 142 2 310 168
z 2 8 310 168
m8 188 2 310 168
B8 3 310 168
z 3 8 310 168
m8 118 3 12.75 215.25 0.890245718540581
z 3 8 310 168
m8 106 3 12.75 215.25 0.890245718540581
z 3 8 310 168
m8 188 3 12.75 215.25 0.890245718540581
z 3 8 310 168
m8 142 3 12.75 215.25 0.890245718540581
z 3 8 310 168
m8 131 3 12.75 215.25 0.890245718540581
B9 0 275 420
z 0 9 275 420
m9 7 0 275 420
z 0 9 275 420
m9 50 0 275 420
z 0 9 275 420
m9 53 0 275 420
z 0 9 275 420
m9 94 0 275 420
z 0 9 275 420
m9 141 0 275 420
z 0 9 275 420
m9 168 0 275 420
z 0 9 275 420
m9 187 0 275 420
z 0 9 275 420
m9 199 0 275 420
B9 1 275 420
z 1 9 275 420
m9 7 1 275 420
z 1 9 275 420
m9 50 1 275 420
z 1 9 275 420
m9 53 1 275 420
z 1 9 275 420
m9 94 1 275 420
z 1 9 275 420
m9 141 1 275 420
z 1 9 275 420
m9 168 1 275 420
z 1 9 275 420
m9 173 1 275 420
z 1 9 275 420
m9 179 1 275 420
z 1 9 275 420
m9 187 1 275 420
z 1 9 275 420
m9 199 1 275 420
B9 3 275 420
z 3 9 275 420
m9 7 3 13.0 220.0 1.0
z 3 9 275 420
m9 50 3 13.0 220.0 1.0
z 3 9 275 420
m9 53 3 13.0 220.0 1.0
z 3 9 275 420
m9 94 3 13.0 220.0 1.0
z 3 9 275 420
m9 141 3 13.0 220.0 1.0
z 3 9 275 420
m9 168 3 13.0 220.0 1.0
z 3 9 275 420
m9 187 3 13.0 220.0 1.0
z 3 9 275 420
m9 199 3 13.0 220.0 1.0
B20 0 372 309
z 0 20 372 309
m20 36 0 372 309
z 0 20 372 309
m20 38 0 372 309
z 0 20 372 309
m20 150 0 372 309
z 0 20 372 309
m20 160 0 372 309
z 0 20 372 309
m20 168 0 372 309
z 0 20 372 309
m20 172 0 372 309
B20 1 372 309
z 1 20 372 309
m20 29 1 372 309
z 1 20 372 309
m20 36 1 372 309
z 1 20 372 309
m20 38 1 372 309
z 1 20 372 309
m20 150 1 372 309
z 1 20 372 309
m20 160 1 372 309
z 1 20 372 309
m20 168 1 372 309
z 1 20 372 309
m20 172 1 372 309
B20 2 372 309
z 2 20 372 309
m20 29 2 372 309
z 2 20 372 309
m20 36 2 372 309
z 2 20 372 309
m20 38 2 372 309
z 2 20 372 309
m20 150 2 372 309
z 2 20 372 309
m20 160 2 372 309
z 2 20 372 309
m20 168 2 372 309
z 2 20 372 309
m20 172 2 372 309
B20 3 372 309
z 3 20 372 309
m20 160 3 14.000000000000002 232.5 0.8182091346153848
z 3 20 372 309
m20 150 3 14.000000000000002 232.5 0.8182091346153848
z 3 20 372 309
m20 168 3 14.000000000000002 232.5 0.8182091346153848
z 3 20 372 309
m20 36 3 14.000000000000002 232.5 0.8182091346153848
z 3 20 372 309
m20 38 3 14.000000000000002 232.5 0.8182091346153848
z 3 20 372 309
m20 172 3 14.000000000000002 232.5 0.8182091346153848
