321 307 3 461
s 0 426 378 192 0
s 1 186 409 132 0
s 2 340 164 266 0
s 3 244 108 264 0
s 4 470 209 222 0
s 5 127 370 182 0
s 6 482 372 203 0
s 7 104 334 280 0
s 8 442 14 199 0
s 9 365 363 51 0
s 10 228 217 183 0
s 11 207 79 337 0
s 12 199 306 75 0
s 13 222 149 324 0
s 14 449 444 96 0
s 15 51 152 157 0
s 16 131 101 90 0
s 17 302 330 282 0
s 18 214 279 301 0
s 19 464 471 21 0
s 20 178 204 327 0
s 21 219 42 104 0
s 22 165 280 77 0
s 23 482 149 105 0
s 24 405 173 47 0
s 25 255 121 51 0
s 26 197 462 306 0
s 27 105 151 3 0
s 28 209 124 354 0
s 29 179 312 179 0
s 30 111 23 329 0
s 31 241 212 135 0
s 32 162 35 152 0
s 33 165 437 185 0
s 34 142 117 191 0
s 35 319 116 91 0
s 36 206 466 147 0
s 37 499 156 153 0
s 38 129 146 277 0
s 39 455 67 193 0
s 40 68 128 26 0
s 41 488 489 73 0
s 42 106 98 11 0
s 43 220 22 59 0
s 44 202 429 283 0
s 45 170 231 207 0
s 46 146 498 295 0
s 47 424 170 229 0
s 48 408 100 86 0
s 49 125 139 326 0
s 50 4 46 46 0
s 51 454 137 158 0
s 52 477 188 183 0
s 53 338 444 191 0
s 54 414 3 288 0
s 55 53 499 21 0
s 56 243 156 155 0
s 57 249 222 98 0
s 58 299 394 247 0
s 59 8 322 143 0
s 60 343 451 345 0
s 61 233 18 134 0
s 62 204 45 294 0
s 63 42 154 318 0
s 64 255 340 201 0
s 65 392 375 75 0
s 66 363 419 357 0
s 67 253 255 169 0
s 68 296 413 71 0
s 69 164 437 6 0
s 70 78 178 242 0
s 71 213 283 313 0
s 72 279 48 79 0
s 73 306 303 11 0
s 74 449 287 216 0
s 75 414 224 329 0
s 76 331 191 304 0
s 77 423 49 291 0
s 78 427 404 122 0
s 79 433 498 28 0
s 80 133 197 44 0
s 81 260 44 86 0
s 82 270 175 183 0
s 83 239 486 217 0
s 84 354 481 181 0
s 85 22 165 112 0
s 86 139 434 143 0
s 87 262 61 25 0
s 88 10 88 89 0
s 89 7 416 47 0
s 90 367 167 179 0
s 91 299 254 37 0
s 92 264 296 205 0
s 93 373 182 242 0
s 94 353 430 79 0
s 95 48 234 75 0
s 96 291 138 284 0
s 97 332 460 106 0
s 98 17 253 58 0
s 99 465 46 9 0
s 100 381 265 207 0
s 101 76 332 59 0
s 102 388 366 11 0
s 103 321 334 264 0
s 104 285 268 21 0
s 105 178 314 170 0
s 106 119 371 148 0
s 107 220 233 281 0
s 108 27 98 76 0
s 109 177 318 175 0
s 110 74 281 337 0
s 111 478 143 193 0
s 112 20 385 324 0
s 113 7 77 115 0
s 114 55 90 24 0
s 115 120 253 278 0
s 116 209 455 145 0
s 117 312 201 89 0
s 118 321 307 9 0
s 119 369 447 122 0
s 120 328 473 144 0
s 121 140 346 24 0
s 122 200 110 166 0
s 123 308 81 63 0
s 124 451 73 87 0
s 125 348 45 150 0
s 126 384 484 243 0
s 127 1 117 352 0
s 128 98 499 264 0
s 129 480 246 93 0
s 130 356 429 142 0
s 131 126 175 156 0
s 132 471 129 30 0
s 133 187 435 40 0
s 134 440 2 87 0
s 135 234 258 61 0
s 136 199 397 173 0
s 137 124 378 277 0
s 138 11 105 319 0
s 139 12 239 251 0
s 140 3 461 140 0
s 141 95 122 267 0
s 142 166 139 155 0
s 143 439 73 252 0
s 144 194 69 269 0
s 145 3 247 28 0
s 146 452 211 32 0
s 147 453 267 343 0
s 148 212 361 354 0
s 149 475 163 355 0
s 150 177 278 31 0
s 151 237 238 315 0
s 152 87 443 97 0
s 153 314 367 350 0
s 154 396 165 58 0
s 155 433 465 106 0
s 156 249 310 343 0
s 157 178 55 75 0
s 158 286 12 347 0
s 159 40 173 235 0
s 160 489 253 294 0
s 161 143 337 253 0
s 162 403 279 210 0
s 163 417 259 338 0
s 164 146 130 154 0
s 165 58 497 126 0
s 166 179 490 247 0
s 167 260 251 120 0
s 168 188 346 135 0
s 169 272 335 5 0
s 170 488 460 114 0
s 171 23 246 144 0
s 172 343 172 219 0
s 173 75 4 33 0
s 174 218 253 169 0
s 175 164 102 111 0
s 176 252 422 176 0
s 177 322 86 242 0
s 178 454 159 80 0
s 179 211 33 234 0
s 180 310 256 17 0
s 181 421 271 318 0
s 182 219 460 249 0
s 183 480 269 241 0
s 184 422 272 115 0
s 185 3 493 128 0
s 186 104 247 133 0
s 187 375 79 313 0
s 188 290 233 252 0
s 189 233 278 337 0
s 190 169 8 79 0
s 191 1 157 148 0
s 192 139 158 342 0
s 193 342 234 89 0
s 194 113 167 30 0
s 195 406 242 194 0
s 196 379 145 300 0
s 197 89 238 53 0
s 198 473 191 170 0
s 199 16 265 322 0
s 200 245 155 114 0
s 201 409 269 266 0
s 202 454 291 269 0
s 203 381 374 152 0
s 204 236 95 255 0
s 205 133 177 103 0
s 206 451 160 2 0
s 207 86 386 104 0
s 208 443 357 333 0
s 209 191 315 277 0
s 210 422 79 256 0
s 211 186 436 47 0
s 212 366 56 14 0
s 213 258 478 273 0
s 214 420 77 158 0
s 215 241 38 183 0
s 216 289 2 239 0
s 217 361 475 63 0
s 218 402 227 343 0
s 219 482 222 2 0
B118 0 333 309
z 0 118 333 309
m118 17 0 333 309
z 0 118 333 309
m118 73 0 333 309
z 0 118 333 309
m118 91 0 333 309
z 0 118 333 309
m118 92 0 333 309
z 0 118 333 309
m118 103 0 333 309
z 0 118 333 309
m118 104 0 333 309
z 0 118 333 309
m118 153 0 333 309
z 0 118 333 309
m118 156 0 333 309
z 0 118 333 309
m118 169 0 333 309
z 0 118 333 309
m118 180 0 333 309
B118 1 333 309
z 1 118 333 309
m118 17 1 333 309
z 1 118 333 309
m118 73 1 333 309
z 1 118 333 309
m118 91 1 333 309
z 1 118 333 309
m118 92 1 333 309
z 1 118 333 309
m118 103 1 333 309
z 1 118 333 309
m118 104 1 333 309
z 1 118 333 309
m118 153 1 333 309
z 1 118 333 309
m118 156 1 333 309
z 1 118 333 309
m118 169 1 333 309
z 1 118 333 309
m118 180 1 333 309
B118 2 333 309
z 2 118 333 309
m118 17 2 333 309
z 2 118 333 309
m118 73 2 333 309
z 2 118 333 309
m118 91 2 333 309
z 2 118 333 309
m118 92 2 333 309
z 2 118 333 309
m118 103 2 333 309
z 2 118 333 309
m118 104 2 333 309
z 2 118 333 309
m118 153 2 333 309
z 2 118 333 309
m118 156 2 333 309
z 2 118 333 309
m118 169 2 333 309
z 2 118 333 309
m118 180 2 333 309
B118 3 333 309
z 3 118 333 309
m118 17 3 13.0 169.0 1.0
z 3 118 333 309
m118 73 3 13.0 169.0 1.0
z 3 118 333 309
m118 91 3 13.0 169.0 1.0
z 3 118 333 309
m118 92 3 13.0 169.0 1.0
z 3 118 333 309
m118 103 3 13.0 169.0 1.0
z 3 118 333 309
m118 104 3 13.0 169.0 1.0
z 3 118 333 309
m118 153 3 13.0 169.0 1.0
z 3 118 333 309
m118 156 3 13.0 169.0 1.0
z 3 118 333 309
m118 169 3 13.0 169.0 1.0
z 3 118 333 309
m118 180 3 13.0 169.0 1.0
B17 0 308 305
z 0 17 308 305
m17 64 0 308 305
z 0 17 308 305
m17 167 0 308 305
B17 1 308 305
z 1 17 308 305
m17 64 1 308 305
z 1 17 308 305
m17 167 1 308 305
B17 2 308 305
z 2 17 308 305
m17 64 2 308 305
z 2 17 308 305
m17 167 2 308 305
B17 3 308 305
z 3 17 308 305
m17 64 3 10.0 118.0 1.0
z 3 17 308 305
m17 167 3 10.0 118.0 1.0
B73 0 331 308
z 0 73 331 308
m73 100 0 331 308
z 0 73 331 308
m73 193 0 331 308
B73 1 331 308
B73 2 331 308
z 2 73 331 308
m73 100 2 331 308
z 2 73 331 308
m73 193 2 331 308
B73 3 331 308
B91 0 319 269
z 0 91 319 269
m91 67 0 319 269
z 0 91 319 269
m91 100 0 319 269
z 0 91 319 269
m91 117 0 319 269
z 0 91 319 269
m91 151 0 319 269
z 0 91 319 269
m91 167 0 319 269
z 0 91 319 269
m91 188 0 319 269
z 0 91 319 269
m91 193 0 319 269
B91 1 319 269
z 1 91 319 269
m91 67 1 319 269
z 1 91 319 269
m91 100 1 319 269
z 1 91 319 269
m91 117 1 319 269
z 1 91 319 269
m91 151 1 319 269
z 1 91 319 269
m91 167 1 319 269
z 1 91 319 269
m91 188 1 319 269
z 1 91 319 269
m91 193 1 319 269
B91 2 319 269
B91 3 319 269
z 3 91 319 269
m91 67 3 12.0 146.0 1.0
z 3 91 319 269
m91 100 3 12.0 146.0 1.0
z 3 91 319 269
m91 117 3 12.0 146.0 1.0
z 3 91 319 269
m91 151 3 12.0 146.0 1.0
z 3 91 319 269
m91 167 3 12.0 146.0 1.0
z 3 91 319 269
m91 188 3 12.0 146.0 1.0
z 3 91 319 269
m91 193 3 12.0 146.0 1.0
B92 0 242 285
z 0 92 242 285
m92 12 0 242 285
z 0 92 242 285
m92 18 0 242 285
z 0 92 242 285
m92 31 0 242 285
z 0 92 242 285
m92 57 0 242 285
z 0 92 242 285
m92 64 0 242 285
z 0 92 242 285
m92 67 0 242 285
z 0 92 242 285
m92 71 0 242 285
z 0 92 242 285
m92 135 0 242 285
z 0 92 242 285
m92 150 0 242 285
z 0 92 242 285
m92 151 0 242 285
z 0 92 242 285
m92 167 0 242 285
z 0 92 242 285
m92 174 0 242 285
z 0 92 242 285
m92 189 0 242 285
z 0 92 242 285
m92 209 0 242 285
B92 1 242 285
z 1 92 242 285
m92 12 1 242 285
z 1 92 242 285
m92 18 1 242 285
z 1 92 242 285
m92 31 1 242 285
z 1 92 242 285
m92 57 1 242 285
z 1 92 242 285
m92 64 1 242 285
z 1 92 242 285
m92 67 1 242 285
z 1 92 242 285
m92 71 1 242 285
z 1 92 242 285
m92 135 1 242 285
z 1 92 242 285
m92 150 1 242 285
z 1 92 242 285
m92 151 1 242 285
z 1 92 242 285
m92 167 1 242 285
z 1 92 242 285
m92 174 1 242 285
z 1 92 242 285
m92 189 1 242 285
z 1 92 242 285
m92 209 1 242 285
B92 2 242 285
B92 3 242 285
z 3 92 242 285
m92 12 3 13.666666666666666 187.66666666666669 1.0
z 3 92 242 285
m92 18 3 13.666666666666666 187.66666666666669 1.0
z 3 92 242 285
m92 31 3 13.666666666666666 187.66666666666669 1.0
z 3 92 242 285
m92 57 3 13.666666666666666 187.66666666666669 1.0
z 3 92 242 285
m92 64 3 13.666666666666666 187.66666666666669 1.0
z 3 92 242 285
m92 67 3 13.666666666666666 187.66666666666669 1.0
z 3 92 242 285
m92 71 3 13.666666666666666 187.66666666666669 1.0
z 3 92 242 285
m92 135 3 13.666666666666666 187.66666666666669 1.0
z 3 92 242 285
m92 150 3 13.666666666666666 187.66666666666669 1.0
z 3 92 242 285
m92 151 3 13.666666666666666 187.66666666666669 1.0
z 3 92 242 285
m92 167 3 13.666666666666666 187.66666666666669 1.0
z 3 92 242 285
m92 174 3 13.666666666666666 187.66666666666669 1.0
z 3 92 242 285
m92 189 3 13.666666666666666 187.66666666666669 1.0
z 3 92 242 285
m92 209 3 13.666666666666666 187.66666666666669 1.0
B103 0 318 309
B103 1 318 309
B103 2 318 309
B103 3 318 309
B104 0 308 277
z 0 104 308 277
m104 67 0 308 277
z 0 104 308 277
m104 117 0 308 277
z 0 104 308 277
m104 135 0 308 277
z 0 104 308 277
m104 151 0 308 277
z 0 104 308 277
m104 167 0 308 277
z 0 104 308 277
m104 188 0 308 277
z 0 104 308 277
m104 189 0 308 277
z 0 104 308 277
m104 193 0 308 277
B104 1 308 277
z 1 104 308 277
m104 67 1 308 277
z 1 104 308 277
m104 117 1 308 277
z 1 104 308 277
m104 135 1 308 277
z 1 104 308 277
m104 151 1 308 277
z 1 104 308 277
m104 167 1 308 277
z 1 104 308 277
m104 188 1 308 277
z 1 104 308 277
m104 189 1 308 277
z 1 104 308 277
m104 193 1 308 277
B104 2 308 277
z 2 104 308 277
m104 67 2 308 277
z 2 104 308 277
m104 117 2 308 277
z 2 104 308 277
m104 135 2 308 277
z 2 104 308 277
m104 151 2 308 277
z 2 104 308 277
m104 167 2 308 277
z 2 104 308 277
m104 188 2 308 277
z 2 104 308 277
m104 189 2 308 277
z 2 104 308 277
m104 193 2 308 277
B104 3 308 277
z 3 104 308 277
m104 67 3 12.0 146.0 1.0
z 3 104 308 277
m104 117 3 12.0 146.0 1.0
z 3 104 308 277
m104 135 3 12.0 146.0 1.0
z 3 104 308 277
m104 151 3 12.0 146.0 1.0
z 3 104 308 277
m104 167 3 12.0 146.0 1.0
z 3 104 308 277
m104 188 3 12.0 146.0 1.0
z 3 104 308 277
m104 189 3 12.0 146.0 1.0
z 3 104 308 277
m104 193 3 12.0 146.0 1.0
B153 0 339 363
z 0 153 339 363
m153 9 0 339 363
z 0 153 339 363
m153 58 0 339 363
z 0 153 339 363
m153 203 0 339 363
B153 1 339 363
z 1 153 339 363
m153 9 1 339 363
z 1 153 339 363
m153 58 1 339 363
z 1 153 339 363
m153 203 1 339 363
B153 2 339 363
z 2 153 339 363
m153 9 2 339 363
z 2 153 339 363
m153 58 2 339 363
z 2 153 339 363
m153 203 2 339 363
B153 3 339 363
z 3 153 339 363
m153 9 3 11.0 129.0 1.0
z 3 153 339 363
m153 58 3 11.0 129.0 1.0
z 3 153 339 363
m153 203 3 11.0 129.0 1.0
B156 0 273 302
z 0 156 273 302
m156 12 0 273 302
z 0 156 273 302
m156 18 0 273 302
z 0 156 273 302
m156 57 0 273 302
z 0 156 273 302
m156 64 0 273 302
z 0 156 273 302
m156 67 0 273 302
z 0 156 273 302
m156 71 0 273 302
z 0 156 273 302
m156 135 0 273 302
z 0 156 273 302
m156 167 0 273 302
z 0 156 273 302
m156 189 0 273 302
z 0 156 273 302
m156 209 0 273 302
B156 1 273 302
B156 2 273 302
z 2 156 273 302
m156 12 2 273 302
z 2 156 273 302
m156 18 2 273 302
z 2 156 273 302
m156 57 2 273 302
z 2 156 273 302
m156 64 2 273 302
z 2 156 273 302
m156 67 2 273 302
z 2 156 273 302
m156 71 2 273 302
z 2 156 273 302
m156 135 2 273 302
z 2 156 273 302
m156 167 2 273 302
z 2 156 273 302
m156 189 2 273 302
z 2 156 273 302
m156 209 2 273 302
B156 3 273 302
z 3 156 273 302
m156 12 3 12.333333333333332 153.0 1.0
z 3 156 273 302
m156 18 3 12.333333333333332 153.0 1.0
z 3 156 273 302
m156 57 3 12.333333333333332 153.0 1.0
z 3 156 273 302
m156 64 3 12.333333333333332 153.0 1.0
z 3 156 273 302
m156 67 3 12.333333333333332 153.0 1.0
z 3 156 273 302
m156 71 3 12.333333333333332 153.0 1.0
z 3 156 273 302
m156 135 3 12.333333333333332 153.0 1.0
z 3 156 273 302
m156 167 3 12.333333333333332 153.0 1.0
z 3 156 273 302
m156 189 3 12.333333333333332 153.0 1.0
z 3 156 273 302
m156 209 3 12.333333333333332 153.0 1.0
B169 0 296 337
z 0 169 296 337
m169 58 0 296 337
z 0 169 296 337
m169 64 0 296 337
B169 1 296 337
B169 2 296 337
z 2 169 296 337
m169 58 2 296 337
z 2 169 296 337
m169 64 2 296 337
B169 3 296 337
z 3 169 296 337
m169 64 3 9.666666666666666 115.66666666666667 0.7816091954022988
z 3 169 296 337
m169 58 3 9.666666666666666 115.66666666666667 0.7816091954022988
B180 0 334 263
z 0 180 334 263
m180 100 0 334 263
z 0 180 334 263
m180 117 0 334 263
z 0 180 334 263
m180 162 0 334 263
z 0 180 334 263
m180 167 0 334 263
z 0 180 334 263
m180 188 0 334 263
z 0 180 334 263
m180 193 0 334 263
B180 1 334 263
B180 2 334 263
z 2 180 334 263
m180 100 2 334 263
z 2 180 334 263
m180 117 2 334 263
z 2 180 334 263
m180 162 2 334 263
z 2 180 334 263
m180 167 2 334 263
z 2 180 334 263
m180 188 2 334 263
z 2 180 334 263
m180 193 2 334 263
B180 3 334 263
z 3 180 334 263
m180 100 3 11.0 129.0 1.0
z 3 180 334 263
m180 117 3 11.0 129.0 1.0
z 3 180 334 263
m180 162 3 11.0 129.0 1.0
z 3 180 334 263
m180 167 3 11.0 129.0 1.0
z 3 180 334 263
m180 188 3 11.0 129.0 1.0
z 3 180 334 263
m180 193 3 11.0 129.0 1.0
B9 0 389 391
z 0 9 389 391
m9 0 0 389 391
z 0 9 389 391
m9 60 0 389 391
z 0 9 389 391
m9 65 0 389 391
z 0 9 389 391
m9 66 0 389 391
z 0 9 389 391
m9 78 0 389 391
z 0 9 389 391
m9 102 0 389 391
B9 1 389 391
z 1 9 389 391
m9 0 1 389 391
z 1 9 389 391
m9 60 1 389 391
z 1 9 389 391
m9 65 1 389 391
z 1 9 389 391
m9 66 1 389 391
z 1 9 389 391
m9 78 1 389 391
z 1 9 389 391
m9 102 1 389 391
B9 2 389 391
z 2 9 389 391
m9 0 2 389 391
z 2 9 389 391
m9 60 2 389 391
z 2 9 389 391
m9 65 2 389 391
z 2 9 389 391
m9 66 2 389 391
z 2 9 389 391
m9 78 2 389 391
z 2 9 389 391
m9 102 2 389 391
B9 3 389 391
z 3 9 389 391
m9 60 3 9.75 105.75 0.9291612342459799
z 3 9 389 391
m9 78 3 9.75 105.75 0.9291612342459799
z 3 9 389 391
m9 102 3 9.75 105.75 0.9291612342459799
z 3 9 389 391
m9 66 3 9.75 105.75 0.9291612342459799
z 3 9 389 391
m9 65 3 9.75 105.75 0.9291612342459799
z 3 9 389 391
m9 0 3 9.75 105.75 0.9291612342459799
B12 0 209 341
z 0 12 209 341
m12 22 0 209 341
z 0 12 209 341
m12 29 0 209 341
z 0 12 209 341
m12 105 0 209 341
z 0 12 209 341
m12 109 0 209 341
z 0 12 209 341
m12 121 0 209 341
z 0 12 209 341
m12 148 0 209 341
z 0 12 209 341
m12 168 0 209 341
B12 1 209 341
z 1 12 209 341
m12 22 1 209 341
z 1 12 209 341
m12 29 1 209 341
z 1 12 209 341
m12 105 1 209 341
z 1 12 209 341
m12 109 1 209 341
z 1 12 209 341
m12 121 1 209 341
z 1 12 209 341
m12 148 1 209 341
z 1 12 209 341
m12 168 1 209 341
B12 2 209 341
z 2 12 209 341
m12 22 2 209 341
z 2 12 209 341
m12 29 2 209 341
z 2 12 209 341
m12 105 2 209 341
z 2 12 209 341
m12 109 2 209 341
z 2 12 209 341
m12 121 2 209 341
z 2 12 209 341
m12 148 2 209 341
z 2 12 209 341
m12 150 2 209 341
z 2 12 209 341
m12 168 2 209 341
B12 3 209 341
z 3 12 209 341
m12 29 3 12.5 161.0 0.44482758620689666
z 3 12 209 341
m12 109 3 12.5 161.0 0.44482758620689666
z 3 12 209 341
m12 105 3 12.5 161.0 0.44482758620689666
z 3 12 209 341
m12 168 3 12.5 161.0 0.44482758620689666
z 3 12 209 341
m12 22 3 12.5 161.0 0.44482758620689666
B18 0 233 247
z 0 18 233 247
m18 10 0 233 247
z 0 18 233 247
m18 20 0 233 247
z 0 18 233 247
m18 107 0 233 247
B18 1 233 247
z 1 18 233 247
m18 10 1 233 247
z 1 18 233 247
m18 20 1 233 247
z 1 18 233 247
m18 107 1 233 247
B18 2 233 247
B18 3 233 247
B31 0 215 238
z 0 31 215 238
m31 10 0 215 238
z 0 31 215 238
m31 20 0 215 238
z 0 31 215 238
m31 56 0 215 238
z 0 31 215 238
m31 80 0 215 238
z 0 31 215 238
m31 82 0 215 238
z 0 31 215 238
m31 107 0 215 238
z 0 31 215 238
m31 200 0 215 238
B31 1 215 238
z 1 31 215 238
m31 10 1 215 238
z 1 31 215 238
m31 20 1 215 238
z 1 31 215 238
m31 56 1 215 238
z 1 31 215 238
m31 80 1 215 238
z 1 31 215 238
m31 82 1 215 238
z 1 31 215 238
m31 107 1 215 238
z 1 31 215 238
m31 200 1 215 238
B31 3 215 238
z 3 31 215 238
m31 82 3 12.0 153.0 0.02237274220032881
z 3 31 215 238
m31 56 3 12.0 153.0 0.02237274220032881
z 3 31 215 238
m31 80 3 12.0 153.0 0.02237274220032881
z 3 31 215 238
m31 20 3 12.0 153.0 0.02237274220032881
B57 0 244 258
z 0 57 244 258
m57 10 0 244 258
z 0 57 244 258
m57 20 0 244 258
z 0 57 244 258
m57 82 0 244 258
z 0 57 244 258
m57 107 0 244 258
z 0 57 244 258
m57 200 0 244 258
B57 1 244 258
z 1 57 244 258
m57 10 1 244 258
z 1 57 244 258
m57 20 1 244 258
z 1 57 244 258
m57 82 1 244 258
z 1 57 244 258
m57 107 1 244 258
z 1 57 244 258
m57 200 1 244 258
B57 2 244 258
z 2 57 244 258
m57 10 2 244 258
z 2 57 244 258
m57 20 2 244 258
z 2 57 244 258
m57 31 2 244 258
z 2 57 244 258
m57 82 2 244 258
z 2 57 244 258
m57 107 2 244 258
z 2 57 244 258
m57 150 2 244 258
z 2 57 244 258
m57 174 2 244 258
z 2 57 244 258
m57 200 2 244 258
B57 3 244 258
z 3 57 244 258
m57 82 3 11.5 147.0 0.0
z 3 57 244 258
m57 20 3 11.5 147.0 0.0
B58 0 284 360
z 0 58 284 360
m58 53 0 284 360
z 0 58 284 360
m58 68 0 284 360
z 0 58 284 360
m58 148 0 284 360
B58 1 284 360
z 1 58 284 360
m58 53 1 284 360
z 1 58 284 360
m58 68 1 284 360
z 1 58 284 360
m58 148 1 284 360
B58 2 284 360
z 2 58 284 360
m58 53 2 284 360
z 2 58 284 360
m58 68 2 284 360
z 2 58 284 360
m58 148 2 284 360
B58 3 284 360
B64 0 220 326
z 0 64 220 326
m64 22 0 220 326
z 0 64 220 326
m64 148 0 220 326
B64 1 220 326
z 1 64 220 326
m64 22 1 220 326
z 1 64 220 326
m64 148 1 220 326
B64 2 220 326
z 2 64 220 326
m64 22 2 220 326
z 2 64 220 326
m64 148 2 220 326
z 2 64 220 326
m64 150 2 220 326
B64 3 220 326
z 3 64 220 326
m64 22 3 8.5 92.5 1.0
z 3 64 220 326
m64 148 3 8.5 92.5 1.0
B67 0 216 262
z 0 67 216 262
m67 10 0 216 262
z 0 67 216 262
m67 107 0 216 262
B67 1 216 262
z 1 67 216 262
m67 10 1 216 262
z 1 67 216 262
m67 107 1 216 262
B67 2 216 262
B67 3 216 262
B71 0 238 256
z 0 71 238 256
m71 10 0 238 256
z 0 71 238 256
m71 107 0 238 256
B71 1 238 256
z 1 71 238 256
m71 10 1 238 256
z 1 71 238 256
m71 107 1 238 256
B71 2 238 256
B71 3 238 256
B100 0 348 248
z 0 100 348 248
m100 74 0 348 248
z 0 100 348 248
m100 184 0 348 248
z 0 100 348 248
m100 195 0 348 248
z 0 100 348 248
m100 201 0 348 248
B100 1 348 248
z 1 100 348 248
m100 74 1 348 248
z 1 100 348 248
m100 162 1 348 248
z 1 100 348 248
m100 184 1 348 248
z 1 100 348 248
m100 195 1 348 248
z 1 100 348 248
m100 201 1 348 248
B100 2 348 248
z 2 100 348 248
m100 74 2 348 248
z 2 100 348 248
m100 184 2 348 248
z 2 100 348 248
m100 195 2 348 248
z 2 100 348 248
m100 201 2 348 248
B100 3 348 248
z 3 100 348 248
m100 184 3 10.0 113.5 0.0
B117 0 313 238
z 0 117 313 238
m117 76 0 313 238
z 0 117 313 238
m117 90 0 313 238
z 0 117 313 238
m117 195 0 313 238
B117 1 313 238
z 1 117 313 238
m117 76 1 313 238
z 1 117 313 238
m117 90 1 313 238
z 1 117 313 238
m117 195 1 313 238
B117 2 313 238
z 2 117 313 238
m117 76 2 313 238
z 2 117 313 238
m117 90 2 313 238
z 2 117 313 238
m117 195 2 313 238
B117 3 313 238
B135 0 252 290
B135 1 252 290
B135 2 252 290
B135 3 252 290
B150 0 209 297
z 0 150 209 297
m150 22 0 209 297
z 0 150 209 297
m150 29 0 209 297
z 0 150 209 297
m150 105 0 209 297
z 0 150 209 297
m150 109 0 209 297
z 0 150 209 297
m150 121 0 209 297
B150 1 209 297
z 1 150 209 297
m150 22 1 209 297
z 1 150 209 297
m150 29 1 209 297
z 1 150 209 297
m150 105 1 209 297
z 1 150 209 297
m150 109 1 209 297
z 1 150 209 297
m150 121 1 209 297
B150 3 209 297
z 3 150 209 297
m150 109 3 11.75 149.75 0.0
z 3 150 209 297
m150 121 3 11.75 149.75 0.0
B151 0 263 212
z 0 151 263 212
m151 10 0 263 212
z 0 151 263 212
m151 20 0 263 212
z 0 151 263 212
m151 82 0 263 212
z 0 151 263 212
m151 107 0 263 212
z 0 151 263 212
m151 200 0 263 212
B151 1 263 212
z 1 151 263 212
m151 10 1 263 212
z 1 151 263 212
m151 20 1 263 212
z 1 151 263 212
m151 82 1 263 212
z 1 151 263 212
m151 107 1 263 212
z 1 151 263 212
m151 200 1 263 212
B151 2 263 212
B151 3 263 212
z 3 151 263 212
m151 10 3 10.5 118.5 0.46481876332622574
z 3 151 263 212
m151 20 3 10.5 118.5 0.46481876332622574
z 3 151 263 212
m151 82 3 10.5 118.5 0.46481876332622574
B162 0 371 260
z 0 162 371 260
m162 74 0 371 260
z 0 162 371 260
m162 181 0 371 260
z 0 162 371 260
m162 184 0 371 260
z 0 162 371 260
m162 195 0 371 260
z 0 162 371 260
m162 201 0 371 260
z 0 162 371 260
m162 218 0 371 260
B162 2 371 260
B162 3 371 260
z 3 162 371 260
m162 74 3 10.25 112.75 1.0
z 3 162 371 260
m162 181 3 10.25 112.75 1.0
z 3 162 371 260
m162 184 3 10.25 112.75 1.0
z 3 162 371 260
m162 195 3 10.25 112.75 1.0
z 3 162 371 260
m162 201 3 10.25 112.75 1.0
z 3 162 371 260
m162 218 3 10.25 112.75 1.0
B167 0 242 283
z 0 167 242 283
m167 10 0 242 283
B167 1 242 283
z 1 167 242 283
m167 10 1 242 283
B167 2 242 283
B167 3 242 283
B174 0 181 260
z 0 174 181 260
m174 10 0 181 260
z 0 174 181 260
m174 20 0 181 260
z 0 174 181 260
m174 22 0 181 260
z 0 174 181 260
m174 45 0 181 260
z 0 174 181 260
m174 80 0 181 260
z 0 174 181 260
m174 107 0 181 260
z 0 174 181 260
m174 109 0 181 260
B174 1 181 260
z 1 174 181 260
m174 10 1 181 260
z 1 174 181 260
m174 20 1 181 260
z 1 174 181 260
m174 22 1 181 260
z 1 174 181 260
m174 45 1 181 260
z 1 174 181 260
m174 80 1 181 260
z 1 174 181 260
m174 107 1 181 260
z 1 174 181 260
m174 109 1 181 260
B174 3 181 260
z 3 174 181 260
m174 20 3 12.75 165.75 0.5862068965517244
z 3 174 181 260
m174 107 3 12.75 165.75 0.5862068965517244
z 3 174 181 260
m174 109 3 12.75 165.75 0.5862068965517244
z 3 174 181 260
m174 45 3 12.75 165.75 0.5862068965517244
z 3 174 181 260
m174 22 3 12.75 165.75 0.5862068965517244
z 3 174 181 260
m174 10 3 12.75 165.75 0.5862068965517244
B188 0 279 198
z 0 188 279 198
m188 25 0 279 198
z 0 188 279 198
m188 76 0 279 198
z 0 188 279 198
m188 82 0 279 198
z 0 188 279 198
m188 90 0 279 198
z 0 188 279 198
m188 107 0 279 198
z 0 188 279 198
m188 200 0 279 198
B188 1 279 198
z 1 188 279 198
m188 25 1 279 198
z 1 188 279 198
m188 76 1 279 198
z 1 188 279 198
m188 82 1 279 198
z 1 188 279 198
m188 90 1 279 198
z 1 188 279 198
m188 107 1 279 198
z 1 188 279 198
m188 200 1 279 198
B188 2 279 198
z 2 188 279 198
m188 25 2 279 198
z 2 188 279 198
m188 76 2 279 198
z 2 188 279 198
m188 82 2 279 198
z 2 188 279 198
m188 90 2 279 198
z 2 188 279 198
m188 107 2 279 198
z 2 188 279 198
m188 200 2 279 198
B188 3 279 198
z 3 188 279 198
m188 76 3 10.75 121.75 0.6790300986760547
z 3 188 279 198
m188 90 3 10.75 121.75 0.6790300986760547
z 3 188 279 198
m188 107 3 10.75 121.75 0.6790300986760547
z 3 188 279 198
m188 82 3 10.75 121.75 0.6790300986760547
z 3 188 279 198
m188 200 3 10.75 121.75 0.6790300986760547
B189 0 267 263
z 0 189 267 263
m189 107 0 267 263
B189 1 267 263
z 1 189 267 263
m189 107 1 267 263
B189 2 267 263
B189 3 267 263
z 3 189 267 263
m189 107 3 10.5 141.0 1.0
B193 0 343 271
z 0 193 343 271
m193 195 0 343 271
z 0 193 343 271
m193 201 0 343 271
B193 1 343 271
z 1 193 343 271
m193 162 1 343 271
z 1 193 343 271
m193 195 1 343 271
z 1 193 343 271
m193 201 1 343 271
B193 2 343 271
z 2 193 343 271
m193 195 2 343 271
z 2 193 343 271
m193 201 2 343 271
B193 3 343 271
B203 0 348 392
z 0 203 348 392
m203 0 0 348 392
z 0 203 348 392
m203 60 0 348 392
z 0 203 348 392
m203 65 0 348 392
z 0 203 348 392
m203 66 0 348 392
z 0 203 348 392
m203 78 0 348 392
z 0 203 348 392
m203 94 0 348 392
z 0 203 348 392
m203 102 0 348 392
z 0 203 348 392
m203 130 0 348 392
B203 1 348 392
z 1 203 348 392
m203 0 1 348 392
z 1 203 348 392
m203 60 1 348 392
z 1 203 348 392
m203 65 1 348 392
z 1 203 348 392
m203 66 1 348 392
z 1 203 348 392
m203 78 1 348 392
z 1 203 348 392
m203 94 1 348 392
z 1 203 348 392
m203 102 1 348 392
z 1 203 348 392
m203 130 1 348 392
B203 2 348 392
z 2 203 348 392
m203 0 2 348 392
z 2 203 348 392
m203 60 2 348 392
z 2 203 348 392
m203 65 2 348 392
z 2 203 348 392
m203 66 2 348 392
z 2 203 348 392
m203 78 2 348 392
z 2 203 348 392
m203 94 2 348 392
z 2 203 348 392
m203 102 2 348 392
z 2 203 348 392
m203 130 2 348 392
B203 3 348 392
z 3 203 348 392
m203 0 3 10.75 121.75 1.0
z 3 203 348 392
m203 60 3 10.75 121.75 1.0
z 3 203 348 392
m203 65 3 10.75 121.75 1.0
z 3 203 348 392
m203 66 3 10.75 121.75 1.0
z 3 203 348 392
m203 78 3 10.75 121.75 1.0
z 3 203 348 392
m203 94 3 10.75 121.75 1.0
z 3 203 348 392
m203 102 3 10.75 121.75 1.0
z 3 203 348 392
m203 130 3 10.75 121.75 1.0
B209 0 195 279
z 0 209 195 279
m209 10 0 195 279
z 0 209 195 279
m209 22 0 195 279
z 0 209 195 279
m209 29 0 195 279
z 0 209 195 279
m209 105 0 195 279
z 0 209 195 279
m209 109 0 195 279
z 0 209 195 279
m209 121 0 195 279
z 0 209 195 279
m209 161 0 195 279
B209 1 195 279
z 1 209 195 279
m209 10 1 195 279
z 1 209 195 279
m209 22 1 195 279
z 1 209 195 279
m209 29 1 195 279
z 1 209 195 279
m209 105 1 195 279
z 1 209 195 279
m209 109 1 195 279
z 1 209 195 279
m209 121 1 195 279
z 1 209 195 279
m209 161 1 195 279
B209 2 195 279
z 2 209 195 279
m209 10 2 195 279
z 2 209 195 279
m209 22 2 195 279
z 2 209 195 279
m209 29 2 195 279
z 2 209 195 279
m209 31 2 195 279
z 2 209 195 279
m209 105 2 195 279
z 2 209 195 279
m209 109 2 195 279
z 2 209 195 279
m209 121 2 195 279
z 2 209 195 279
m209 150 2 195 279
z 2 209 195 279
m209 161 2 195 279
z 2 209 195 279
m209 174 2 195 279
B209 3 195 279
z 3 209 195 279
m209 121 3 12.0 153.0 0.02237274220032881
z 3 209 195 279
m209 109 3 12.0 153.0 0.02237274220032881
z 3 209 195 279
m209 105 3 12.0 153.0 0.02237274220032881
z 3 209 195 279
m209 161 3 12.0 153.0 0.02237274220032881
B0 0 378 368
z 0 0 378 368
m0 6 0 378 368
B0 1 378 368
z 1 0 378 368
m0 6 1 378 368
B0 2 378 368
z 2 0 378 368
m0 6 2 378 368
B0 3 378 368
z 3 0 378 368
m0 6 3 8.0 84.8 1.0
B10 0 179 214
z 0 10 179 214
m10 115 0 179 214
z 0 10 179 214
m10 194 0 179 214
B10 1 179 214
z 1 10 179 214
m10 115 1 179 214
z 1 10 179 214
m10 194 1 179 214
B10 2 179 214
z 2 10 179 214
m10 45 2 179 214
z 2 10 179 214
m10 56 2 179 214
z 2 10 179 214
m10 80 2 179 214
z 2 10 179 214
m10 115 2 179 214
z 2 10 179 214
m10 194 2 179 214
B10 3 179 214
B20 0 219 177
z 0 20 219 177
m20 13 0 219 177
z 0 20 219 177
m20 28 0 219 177
z 0 20 219 177
m20 192 0 219 177
z 0 20 219 177
m20 194 0 219 177
B20 1 219 177
z 1 20 219 177
m20 13 1 219 177
z 1 20 219 177
m20 28 1 219 177
z 1 20 219 177
m20 192 1 219 177
z 1 20 219 177
m20 194 1 219 177
B20 2 219 177
z 2 20 219 177
m20 13 2 219 177
z 2 20 219 177
m20 28 2 219 177
z 2 20 219 177
m20 56 2 219 177
z 2 20 219 177
m20 80 2 219 177
z 2 20 219 177
m20 192 2 219 177
z 2 20 219 177
m20 194 2 219 177
B20 3 219 177
z 3 20 219 177
m20 13 3 10.6 127.4 0.015372615636323883
z 3 20 219 177
m20 28 3 10.6 127.4 0.015372615636323883
B22 0 176 328
z 0 22 176 328
m22 137 0 176 328
B22 1 176 328
z 1 22 176 328
m22 137 1 176 328
B22 2 176 328
B22 3 176 328
B25 0 286 160
z 0 25 286 160
m25 2 0 286 160
z 0 25 286 160
m25 13 0 286 160
z 0 25 286 160
m25 28 0 286 160
z 0 25 286 160
m25 35 0 286 160
z 0 25 286 160
m25 96 0 286 160
z 0 25 286 160
m25 123 0 286 160
z 0 25 286 160
m25 172 0 286 160
B25 1 286 160
z 1 25 286 160
m25 2 1 286 160
z 1 25 286 160
m25 13 1 286 160
z 1 25 286 160
m25 28 1 286 160
z 1 25 286 160
m25 35 1 286 160
z 1 25 286 160
m25 96 1 286 160
z 1 25 286 160
m25 123 1 286 160
z 1 25 286 160
m25 172 1 286 160
B25 2 286 160
z 2 25 286 160
m25 2 2 286 160
z 2 25 286 160
m25 13 2 286 160
z 2 25 286 160
m25 28 2 286 160
z 2 25 286 160
m25 35 2 286 160
z 2 25 286 160
m25 96 2 286 160
z 2 25 286 160
m25 123 2 286 160
z 2 25 286 160
m25 172 2 286 160
B29 0 130 313
z 0 29 130 313
m29 7 0 130 313
z 0 29 130 313
m29 101 0 130 313
z 0 29 130 313
m29 110 0 130 313
z 0 29 130 313
m29 137 0 130 313
z 0 29 130 313
m29 186 0 130 313
z 0 29 130 313
m29 197 0 130 313
B29 1 130 313
z 1 29 130 313
m29 7 1 130 313
z 1 29 130 313
m29 101 1 130 313
z 1 29 130 313
m29 110 1 130 313
z 1 29 130 313
m29 137 1 130 313
z 1 29 130 313
m29 186 1 130 313
z 1 29 130 313
m29 197 1 130 313
B29 2 130 313
z 2 29 130 313
m29 7 2 130 313
z 2 29 130 313
m29 101 2 130 313
z 2 29 130 313
m29 110 2 130 313
z 2 29 130 313
m29 137 2 130 313
z 2 29 130 313
m29 186 2 130 313
z 2 29 130 313
m29 197 2 130 313
B29 3 130 313
z 3 29 130 313
m29 101 3 11.2 136.0 0.2638154948499777
z 3 29 130 313
m29 186 3 11.2 136.0 0.2638154948499777
z 3 29 130 313
m29 110 3 11.2 136.0 0.2638154948499777
z 3 29 130 313
m29 197 3 11.2 136.0 0.2638154948499777
B31 2 207 247
B45 0 126 208
z 0 45 126 208
m45 16 0 126 208
z 0 45 126 208
m45 27 0 126 208
z 0 45 126 208
m45 110 0 126 208
z 0 45 126 208
m45 115 0 126 208
z 0 45 126 208
m45 131 0 126 208
z 0 45 126 208
m45 142 0 126 208
z 0 45 126 208
m45 194 0 126 208
z 0 45 126 208
m45 205 0 126 208
B45 1 126 208
z 1 45 126 208
m45 16 1 126 208
z 1 45 126 208
m45 27 1 126 208
z 1 45 126 208
m45 110 1 126 208
z 1 45 126 208
m45 115 1 126 208
z 1 45 126 208
m45 131 1 126 208
z 1 45 126 208
m45 142 1 126 208
z 1 45 126 208
m45 194 1 126 208
z 1 45 126 208
m45 205 1 126 208
B45 3 126 208
z 3 45 126 208
m45 27 3 12.2 152.6 0.6102317693612213
z 3 45 126 208
m45 16 3 12.2 152.6 0.6102317693612213
z 3 45 126 208
m45 110 3 12.2 152.6 0.6102317693612213
z 3 45 126 208
m45 142 3 12.2 152.6 0.6102317693612213
z 3 45 126 208
m45 131 3 12.2 152.6 0.6102317693612213
z 3 45 126 208
m45 194 3 12.2 152.6 0.6102317693612213
z 3 45 126 208
m45 205 3 12.2 152.6 0.6102317693612213
B53 0 290 435
z 0 53 290 435
m53 84 0 290 435
z 0 53 290 435
m53 97 0 290 435
z 0 53 290 435
m53 119 0 290 435
z 0 53 290 435
m53 120 0 290 435
z 0 53 290 435
m53 126 0 290 435
z 0 53 290 435
m53 213 0 290 435
B53 1 290 435
z 1 53 290 435
m53 84 1 290 435
z 1 53 290 435
m53 97 1 290 435
z 1 53 290 435
m53 119 1 290 435
z 1 53 290 435
m53 120 1 290 435
z 1 53 290 435
m53 126 1 290 435
z 1 53 290 435
m53 213 1 290 435
B53 2 290 435
B56 0 198 177
z 0 56 198 177
m56 13 0 198 177
z 0 56 198 177
m56 27 0 198 177
z 0 56 198 177
m56 28 0 198 177
z 0 56 198 177
m56 122 0 198 177
z 0 56 198 177
m56 175 0 198 177
z 0 56 198 177
m56 192 0 198 177
z 0 56 198 177
m56 194 0 198 177
B56 1 198 177
z 1 56 198 177
m56 13 1 198 177
z 1 56 198 177
m56 27 1 198 177
z 1 56 198 177
m56 28 1 198 177
z 1 56 198 177
m56 122 1 198 177
z 1 56 198 177
m56 175 1 198 177
z 1 56 198 177
m56 192 1 198 177
z 1 56 198 177
m56 194 1 198 177
B56 3 198 177
z 3 56 198 177
m56 13 3 11.2 135.20000000000002 0.02629987248017376
z 3 56 198 177
m56 28 3 11.2 135.20000000000002 0.02629987248017376
z 3 56 198 177
m56 122 3 11.2 135.20000000000002 0.02629987248017376
z 3 56 198 177
m56 175 3 11.2 135.20000000000002 0.02629987248017376
B60 0 390 438
z 0 60 390 438
m60 79 0 390 438
z 0 60 390 438
m60 119 0 390 438
z 0 60 390 438
m60 126 0 390 438
z 0 60 390 438
m60 217 0 390 438
B60 1 390 438
B60 2 390 438
B60 3 390 438
z 3 60 390 438
m60 79 3 9.2 94.39999999999999 1.0
z 3 60 390 438
m60 119 3 9.2 94.39999999999999 1.0
z 3 60 390 438
m60 126 3 9.2 94.39999999999999 1.0
z 3 60 390 438
m60 217 3 9.2 94.39999999999999 1.0
B65 0 405 422
z 0 65 405 422
m65 6 0 405 422
z 0 65 405 422
m65 79 0 405 422
z 0 65 405 422
m65 126 0 405 422
B65 1 405 422
z 1 65 405 422
m65 6 1 405 422
z 1 65 405 422
m65 79 1 405 422
z 1 65 405 422
m65 126 1 405 422
B65 2 405 422
B65 3 405 422
B66 0 412 417
z 0 66 412 417
m66 79 0 412 417
z 0 66 412 417
m66 126 0 412 417
B66 1 412 417
B66 2 412 417
z 2 66 412 417
m66 79 2 412 417
z 2 66 412 417
m66 126 2 412 417
B66 3 412 417
B68 0 312 460
z 0 68 312 460
m68 84 0 312 460
z 0 68 312 460
m68 97 0 312 460
z 0 68 312 460
m68 119 0 312 460
z 0 68 312 460
m68 120 0 312 460
z 0 68 312 460
m68 126 0 312 460
z 0 68 312 460
m68 213 0 312 460
B68 1 312 460
z 1 68 312 460
m68 84 1 312 460
z 1 68 312 460
m68 97 1 312 460
z 1 68 312 460
m68 119 1 312 460
z 1 68 312 460
m68 120 1 312 460
z 1 68 312 460
m68 126 1 312 460
z 1 68 312 460
m68 213 1 312 460
B68 2 312 460
z 2 68 312 460
m68 84 2 312 460
z 2 68 312 460
m68 97 2 312 460
z 2 68 312 460
m68 119 2 312 460
z 2 68 312 460
m68 120 2 312 460
z 2 68 312 460
m68 126 2 312 460
z 2 68 312 460
m68 213 2 312 460
B74 0 409 258
z 0 74 409 258
m74 24 0 409 258
z 0 74 409 258
m74 75 0 409 258
z 0 74 409 258
m74 129 0 409 258
z 0 74 409 258
m74 147 0 409 258
z 0 74 409 258
m74 154 0 409 258
z 0 74 409 258
m74 163 0 409 258
z 0 74 409 258
m74 183 0 409 258
z 0 74 409 258
m74 202 0 409 258
B74 1 409 258
z 1 74 409 258
m74 24 1 409 258
z 1 74 409 258
m74 75 1 409 258
z 1 74 409 258
m74 129 1 409 258
z 1 74 409 258
m74 147 1 409 258
z 1 74 409 258
m74 154 1 409 258
z 1 74 409 258
m74 163 1 409 258
z 1 74 409 258
m74 181 1 409 258
z 1 74 409 258
m74 183 1 409 258
z 1 74 409 258
m74 202 1 409 258
z 1 74 409 258
m74 218 1 409 258
B74 2 409 258
z 2 74 409 258
m74 24 2 409 258
z 2 74 409 258
m74 75 2 409 258
z 2 74 409 258
m74 129 2 409 258
z 2 74 409 258
m74 147 2 409 258
z 2 74 409 258
m74 154 2 409 258
z 2 74 409 258
m74 163 2 409 258
z 2 74 409 258
m74 181 2 409 258
z 2 74 409 258
m74 183 2 409 258
z 2 74 409 258
m74 202 2 409 258
z 2 74 409 258
m74 218 2 409 258
B74 3 409 258
z 3 74 409 258
m74 24 3 10.2 110.2 1.0
z 3 74 409 258
m74 75 3 10.2 110.2 1.0
z 3 74 409 258
m74 129 3 10.2 110.2 1.0
z 3 74 409 258
m74 147 3 10.2 110.2 1.0
z 3 74 409 258
m74 154 3 10.2 110.2 1.0
z 3 74 409 258
m74 163 3 10.2 110.2 1.0
z 3 74 409 258
m74 183 3 10.2 110.2 1.0
z 3 74 409 258
m74 202 3 10.2 110.2 1.0
B76 0 358 150
z 0 76 358 150
m76 2 0 358 150
z 0 76 358 150
m76 35 0 358 150
z 0 76 358 150
m76 47 0 358 150
z 0 76 358 150
m76 48 0 358 150
z 0 76 358 150
m76 93 0 358 150
z 0 76 358 150
m76 123 0 358 150
z 0 76 358 150
m76 172 0 358 150
B76 1 358 150
B76 2 358 150
B76 3 358 150
z 3 76 358 150
m76 25 3 10.8 121.60000000000001 0.928725616276235
z 3 76 358 150
m76 172 3 10.8 121.60000000000001 0.928725616276235
z 3 76 358 150
m76 48 3 10.8 121.60000000000001 0.928725616276235
z 3 76 358 150
m76 35 3 10.8 121.60000000000001 0.928725616276235
z 3 76 358 150
m76 2 3 10.8 121.60000000000001 0.928725616276235
z 3 76 358 150
m76 123 3 10.8 121.60000000000001 0.928725616276235
z 3 76 358 150
m76 47 3 10.8 121.60000000000001 0.928725616276235
z 3 76 358 150
m76 93 3 10.8 121.60000000000001 0.928725616276235
B78 0 401 445
z 0 78 401 445
m78 14 0 401 445
z 0 78 401 445
m78 79 0 401 445
z 0 78 401 445
m78 119 0 401 445
z 0 78 401 445
m78 126 0 401 445
z 0 78 401 445
m78 155 0 401 445
z 0 78 401 445
m78 217 0 401 445
B78 1 401 445
z 1 78 401 445
m78 14 1 401 445
z 1 78 401 445
m78 79 1 401 445
z 1 78 401 445
m78 119 1 401 445
z 1 78 401 445
m78 126 1 401 445
z 1 78 401 445
m78 155 1 401 445
z 1 78 401 445
m78 217 1 401 445
B78 2 401 445
z 2 78 401 445
m78 14 2 401 445
z 2 78 401 445
m78 79 2 401 445
z 2 78 401 445
m78 119 2 401 445
z 2 78 401 445
m78 126 2 401 445
z 2 78 401 445
m78 155 2 401 445
z 2 78 401 445
m78 217 2 401 445
B78 3 401 445
z 3 78 401 445
m78 119 3 9.0 91.8 0.9901374402433726
z 3 78 401 445
m78 14 3 9.0 91.8 0.9901374402433726
z 3 78 401 445
m78 155 3 9.0 91.8 0.9901374402433726
z 3 78 401 445
m78 126 3 9.0 91.8 0.9901374402433726
z 3 78 401 445
m78 217 3 9.0 91.8 0.9901374402433726
z 3 78 401 445
m78 79 3 9.0 91.8 0.9901374402433726
B80 0 168 231
z 0 80 168 231
m80 115 0 168 231
z 0 80 168 231
m80 194 0 168 231
z 0 80 168 231
m80 205 0 168 231
B80 1 168 231
z 1 80 168 231
m80 115 1 168 231
z 1 80 168 231
m80 194 1 168 231
z 1 80 168 231
m80 205 1 168 231
B80 3 168 231
B82 0 222 172
z 0 82 222 172
m82 13 0 222 172
z 0 82 222 172
m82 28 0 222 172
B82 1 222 172
z 1 82 222 172
m82 13 1 222 172
z 1 82 222 172
m82 28 1 222 172
B82 2 222 172
z 2 82 222 172
m82 13 2 222 172
z 2 82 222 172
m82 28 2 222 172
z 2 82 222 172
m82 56 2 222 172
B82 3 222 172
z 3 82 222 172
m82 13 3 10.4 125.60000000000001 0.007835952260016966
B90 0 318 168
z 0 90 318 168
m90 2 0 318 168
z 0 90 318 168
m90 35 0 318 168
z 0 90 318 168
m90 93 0 318 168
z 0 90 318 168
m90 96 0 318 168
z 0 90 318 168
m90 123 0 318 168
z 0 90 318 168
m90 172 0 318 168
B90 1 318 168
z 1 90 318 168
m90 2 1 318 168
z 1 90 318 168
m90 35 1 318 168
z 1 90 318 168
m90 93 1 318 168
z 1 90 318 168
m90 96 1 318 168
z 1 90 318 168
m90 123 1 318 168
z 1 90 318 168
m90 172 1 318 168
B90 2 318 168
z 2 90 318 168
m90 2 2 318 168
z 2 90 318 168
m90 35 2 318 168
z 2 90 318 168
m90 93 2 318 168
z 2 90 318 168
m90 96 2 318 168
z 2 90 318 168
m90 123 2 318 168
z 2 90 318 168
m90 172 2 318 168
B90 3 318 168
z 3 90 318 168
m90 96 3 10.0 107.2 0.7188542963551638
z 3 90 318 168
m90 2 3 10.0 107.2 0.7188542963551638
z 3 90 318 168
m90 123 3 10.0 107.2 0.7188542963551638
z 3 90 318 168
m90 93 3 10.0 107.2 0.7188542963551638
z 3 90 318 168
m90 25 3 10.0 107.2 0.7188542963551638
z 3 90 318 168
m90 172 3 10.0 107.2 0.7188542963551638
B94 0 362 478
z 0 94 362 478
m94 79 0 362 478
z 0 94 362 478
m94 84 0 362 478
z 0 94 362 478
m94 97 0 362 478
z 0 94 362 478
m94 119 0 362 478
z 0 94 362 478
m94 120 0 362 478
z 0 94 362 478
m94 126 0 362 478
z 0 94 362 478
m94 217 0 362 478
B94 1 362 478
z 1 94 362 478
m94 79 1 362 478
z 1 94 362 478
m94 84 1 362 478
z 1 94 362 478
m94 97 1 362 478
z 1 94 362 478
m94 119 1 362 478
z 1 94 362 478
m94 120 1 362 478
z 1 94 362 478
m94 126 1 362 478
z 1 94 362 478
m94 217 1 362 478
B94 2 362 478
z 2 94 362 478
m94 79 2 362 478
z 2 94 362 478
m94 84 2 362 478
z 2 94 362 478
m94 97 2 362 478
z 2 94 362 478
m94 119 2 362 478
z 2 94 362 478
m94 120 2 362 478
z 2 94 362 478
m94 126 2 362 478
z 2 94 362 478
m94 217 2 362 478
B94 3 362 478
z 3 94 362 478
m94 53 3 10.6 117.4 1.0
z 3 94 362 478
m94 68 3 10.6 117.4 1.0
z 3 94 362 478
m94 79 3 10.6 117.4 1.0
z 3 94 362 478
m94 84 3 10.6 117.4 1.0
z 3 94 362 478
m94 97 3 10.6 117.4 1.0
z 3 94 362 478
m94 119 3 10.6 117.4 1.0
z 3 94 362 478
m94 120 3 10.6 117.4 1.0
z 3 94 362 478
m94 126 3 10.6 117.4 1.0
z 3 94 362 478
m94 217 3 10.6 117.4 1.0
B102 0 436 375
z 0 102 436 375
m102 6 0 436 375
z 0 102 436 375
m102 208 0 436 375
B102 1 436 375
z 1 102 436 375
m102 6 1 436 375
z 1 102 436 375
m102 208 1 436 375
B102 2 436 375
z 2 102 436 375
m102 6 2 436 375
z 2 102 436 375
m102 208 2 436 375
B102 3 436 375
B105 0 129 322
z 0 105 129 322
m105 5 0 129 322
z 0 105 129 322
m105 7 0 129 322
z 0 105 129 322
m105 137 0 129 322
z 0 105 129 322
m105 197 0 129 322
B105 1 129 322
z 1 105 129 322
m105 5 1 129 322
z 1 105 129 322
m105 7 1 129 322
z 1 105 129 322
m105 137 1 129 322
z 1 105 129 322
m105 197 1 129 322
B105 2 129 322
z 2 105 129 322
m105 5 2 129 322
z 2 105 129 322
m105 7 2 129 322
z 2 105 129 322
m105 137 2 129 322
z 2 105 129 322
m105 197 2 129 322
B105 3 129 322
z 3 105 129 322
m105 5 3 11.2 136.0 0.2638154948499777
z 3 105 129 322
m105 197 3 11.2 136.0 0.2638154948499777
B107 0 229 185
z 0 107 229 185
m107 13 0 229 185
z 0 107 229 185
m107 192 0 229 185
B107 1 229 185
z 1 107 229 185
m107 13 1 229 185
z 1 107 229 185
m107 192 1 229 185
B107 2 229 185
B107 3 229 185
B109 0 128 322
z 0 109 128 322
m109 5 0 128 322
z 0 109 128 322
m109 7 0 128 322
z 0 109 128 322
m109 110 0 128 322
z 0 109 128 322
m109 137 0 128 322
z 0 109 128 322
m109 197 0 128 322
B109 1 128 322
z 1 109 128 322
m109 5 1 128 322
z 1 109 128 322
m109 7 1 128 322
z 1 109 128 322
m109 110 1 128 322
z 1 109 128 322
m109 137 1 128 322
z 1 109 128 322
m109 197 1 128 322
B109 2 128 322
B109 3 128 322
z 3 109 128 322
m109 5 3 11.2 136.0 0.2638154948499777
z 3 109 128 322
m109 110 3 11.2 136.0 0.2638154948499777
z 3 109 128 322
m109 197 3 11.2 136.0 0.2638154948499777
B121 0 185 366
z 0 121 185 366
m121 44 0 185 366
z 0 121 185 366
m121 136 0 185 366
z 0 121 185 366
m121 137 0 185 366
z 0 121 185 366
m121 182 0 185 366
B121 1 185 366
z 1 121 185 366
m121 44 1 185 366
z 1 121 185 366
m121 136 1 185 366
z 1 121 185 366
m121 137 1 185 366
z 1 121 185 366
m121 182 1 185 366
B121 2 185 366
B121 3 185 366
z 3 121 185 366
m121 137 3 10.4 124.8 0.0
B130 0 318 459
z 0 130 318 459
m130 84 0 318 459
z 0 130 318 459
m130 97 0 318 459
z 0 130 318 459
m130 119 0 318 459
z 0 130 318 459
m130 120 0 318 459
z 0 130 318 459
m130 126 0 318 459
z 0 130 318 459
m130 213 0 318 459
B130 1 318 459
z 1 130 318 459
m130 84 1 318 459
z 1 130 318 459
m130 97 1 318 459
z 1 130 318 459
m130 119 1 318 459
z 1 130 318 459
m130 120 1 318 459
z 1 130 318 459
m130 126 1 318 459
z 1 130 318 459
m130 213 1 318 459
B130 2 318 459
z 2 130 318 459
m130 84 2 318 459
z 2 130 318 459
m130 97 2 318 459
z 2 130 318 459
m130 119 2 318 459
z 2 130 318 459
m130 120 2 318 459
z 2 130 318 459
m130 126 2 318 459
z 2 130 318 459
m130 213 2 318 459
B130 3 318 459
z 3 130 318 459
m130 213 3 10.4 113.60000000000001 0.9322014322014323
z 3 130 318 459
m130 126 3 10.4 113.60000000000001 0.9322014322014323
z 3 130 318 459
m130 120 3 10.4 113.60000000000001 0.9322014322014323
z 3 130 318 459
m130 119 3 10.4 113.60000000000001 0.9322014322014323
z 3 130 318 459
m130 53 3 10.4 113.60000000000001 0.9322014322014323
z 3 130 318 459
m130 97 3 10.4 113.60000000000001 0.9322014322014323
z 3 130 318 459
m130 84 3 10.4 113.60000000000001 0.9322014322014323
z 3 130 318 459
m130 68 3 10.4 113.60000000000001 0.9322014322014323
B148 0 261 356
z 0 148 261 356
m148 44 0 261 356
B148 1 261 356
z 1 148 261 356
m148 44 1 261 356
B148 2 261 356
z 2 148 261 356
m148 44 2 261 356
B148 3 261 356
z 3 148 261 356
m148 44 3 7.0 74.2 1.0
B150 2 219 303
B161 0 129 290
z 0 161 129 290
m161 7 0 129 290
z 0 161 129 290
m161 101 0 129 290
z 0 161 129 290
m161 110 0 129 290
z 0 161 129 290
m161 137 0 129 290
z 0 161 129 290
m161 186 0 129 290
z 0 161 129 290
m161 197 0 129 290
B161 1 129 290
z 1 161 129 290
m161 7 1 129 290
z 1 161 129 290
m161 101 1 129 290
z 1 161 129 290
m161 110 1 129 290
z 1 161 129 290
m161 137 1 129 290
z 1 161 129 290
m161 186 1 129 290
z 1 161 129 290
m161 197 1 129 290
B161 2 129 290
z 2 161 129 290
m161 7 2 129 290
z 2 161 129 290
m161 101 2 129 290
z 2 161 129 290
m161 110 2 129 290
z 2 161 129 290
m161 137 2 129 290
z 2 161 129 290
m161 186 2 129 290
z 2 161 129 290
m161 197 2 129 290
B161 3 129 290
z 3 161 129 290
m161 101 3 10.799999999999999 129.6 0.020310007103844594
z 3 161 129 290
m161 186 3 10.799999999999999 129.6 0.020310007103844594
z 3 161 129 290
m161 137 3 10.799999999999999 129.6 0.020310007103844594
B162 1 361 254
B168 0 153 380
z 0 168 153 380
m168 1 0 153 380
z 0 168 153 380
m168 5 0 153 380
z 0 168 153 380
m168 33 0 153 380
z 0 168 153 380
m168 101 0 153 380
z 0 168 153 380
m168 136 0 153 380
z 0 168 153 380
m168 137 0 153 380
z 0 168 153 380
m168 182 0 153 380
B168 1 153 380
z 1 168 153 380
m168 1 1 153 380
z 1 168 153 380
m168 5 1 153 380
z 1 168 153 380
m168 33 1 153 380
z 1 168 153 380
m168 101 1 153 380
z 1 168 153 380
m168 136 1 153 380
z 1 168 153 380
m168 137 1 153 380
z 1 168 153 380
m168 182 1 153 380
B168 2 153 380
z 2 168 153 380
m168 1 2 153 380
z 2 168 153 380
m168 5 2 153 380
z 2 168 153 380
m168 33 2 153 380
z 2 168 153 380
m168 101 2 153 380
z 2 168 153 380
m168 136 2 153 380
z 2 168 153 380
m168 137 2 153 380
z 2 168 153 380
m168 182 2 153 380
B168 3 153 380
z 3 168 153 380
m168 5 3 11.6 141.60000000000002 0.41757782942384614
z 3 168 153 380
m168 1 3 11.6 141.60000000000002 0.41757782942384614
z 3 168 153 380
m168 33 3 11.6 141.60000000000002 0.41757782942384614
z 3 168 153 380
m168 182 3 11.6 141.60000000000002 0.41757782942384614
z 3 168 153 380
m168 137 3 11.6 141.60000000000002 0.41757782942384614
B174 2 169 263
z 2 174 169 263
m174 45 2 169 263
z 2 174 169 263
m174 80 2 169 263
z 2 174 169 263
m174 115 2 169 263
B181 0 458 239
z 0 181 458 239
m181 4 0 458 239
z 0 181 458 239
m181 23 0 458 239
z 0 181 458 239
m181 24 0 458 239
z 0 181 458 239
m181 52 0 458 239
z 0 181 458 239
m181 75 0 458 239
z 0 181 458 239
m181 129 0 458 239
z 0 181 458 239
m181 146 0 458 239
z 0 181 458 239
m181 147 0 458 239
z 0 181 458 239
m181 154 0 458 239
z 0 181 458 239
m181 160 0 458 239
z 0 181 458 239
m181 163 0 458 239
z 0 181 458 239
m181 178 0 458 239
z 0 181 458 239
m181 183 0 458 239
z 0 181 458 239
m181 198 0 458 239
z 0 181 458 239
m181 202 0 458 239
B181 3 458 239
z 3 181 458 239
m181 4 3 11.399999999999999 141.4 1.0
z 3 181 458 239
m181 23 3 11.399999999999999 141.4 1.0
z 3 181 458 239
m181 24 3 11.399999999999999 141.4 1.0
z 3 181 458 239
m181 52 3 11.399999999999999 141.4 1.0
z 3 181 458 239
m181 75 3 11.399999999999999 141.4 1.0
z 3 181 458 239
m181 129 3 11.399999999999999 141.4 1.0
z 3 181 458 239
m181 146 3 11.399999999999999 141.4 1.0
z 3 181 458 239
m181 147 3 11.399999999999999 141.4 1.0
z 3 181 458 239
m181 154 3 11.399999999999999 141.4 1.0
z 3 181 458 239
m181 160 3 11.399999999999999 141.4 1.0
z 3 181 458 239
m181 163 3 11.399999999999999 141.4 1.0
z 3 181 458 239
m181 178 3 11.399999999999999 141.4 1.0
z 3 181 458 239
m181 183 3 11.399999999999999 141.4 1.0
z 3 181 458 239
m181 198 3 11.399999999999999 141.4 1.0
z 3 181 458 239
m181 202 3 11.399999999999999 141.4 1.0
B184 0 401 316
z 0 184 401 316
m184 6 0 401 316
B184 1 401 316
B184 2 401 316
B184 3 401 316
B195 0 358 231
z 0 195 358 231
m195 24 0 358 231
z 0 195 358 231
m195 154 0 358 231
B195 1 358 231
z 1 195 358 231
m195 24 1 358 231
z 1 195 358 231
m195 154 1 358 231
z 1 195 358 231
m195 218 1 358 231
B195 2 358 231
z 2 195 358 231
m195 24 2 358 231
z 2 195 358 231
m195 154 2 358 231
z 2 195 358 231
m195 218 2 358 231
B195 3 358 231
B200 0 225 200
z 0 200 225 200
m200 28 0 225 200
B200 1 225 200
z 1 200 225 200
m200 28 1 225 200
B200 2 225 200
z 2 200 225 200
m200 28 2 225 200
z 2 200 225 200
m200 56 2 225 200
B200 3 225 200
B201 0 405 220
z 0 201 405 220
m201 4 0 405 220
z 0 201 405 220
m201 24 0 405 220
z 0 201 405 220
m201 52 0 405 220
z 0 201 405 220
m201 75 0 405 220
z 0 201 405 220
m201 154 0 405 220
z 0 201 405 220
m201 163 0 405 220
z 0 201 405 220
m201 183 0 405 220
z 0 201 405 220
m201 198 0 405 220
z 0 201 405 220
m201 202 0 405 220
B201 1 405 220
z 1 201 405 220
m201 4 1 405 220
z 1 201 405 220
m201 24 1 405 220
z 1 201 405 220
m201 52 1 405 220
z 1 201 405 220
m201 75 1 405 220
z 1 201 405 220
m201 154 1 405 220
z 1 201 405 220
m201 163 1 405 220
z 1 201 405 220
m201 181 1 405 220
z 1 201 405 220
m201 183 1 405 220
z 1 201 405 220
m201 198 1 405 220
z 1 201 405 220
m201 202 1 405 220
z 1 201 405 220
m201 218 1 405 220
B201 2 405 220
z 2 201 405 220
m201 4 2 405 220
z 2 201 405 220
m201 24 2 405 220
z 2 201 405 220
m201 52 2 405 220
z 2 201 405 220
m201 75 2 405 220
z 2 201 405 220
m201 154 2 405 220
z 2 201 405 220
m201 163 2 405 220
z 2 201 405 220
m201 181 2 405 220
z 2 201 405 220
m201 183 2 405 220
z 2 201 405 220
m201 198 2 405 220
z 2 201 405 220
m201 202 2 405 220
z 2 201 405 220
m201 218 2 405 220
B201 3 405 220
z 3 201 405 220
m201 4 3 10.2 110.2 1.0
z 3 201 405 220
m201 24 3 10.2 110.2 1.0
z 3 201 405 220
m201 52 3 10.2 110.2 1.0
z 3 201 405 220
m201 75 3 10.2 110.2 1.0
z 3 201 405 220
m201 154 3 10.2 110.2 1.0
z 3 201 405 220
m201 163 3 10.2 110.2 1.0
z 3 201 405 220
m201 183 3 10.2 110.2 1.0
z 3 201 405 220
m201 198 3 10.2 110.2 1.0
z 3 201 405 220
m201 202 3 10.2 110.2 1.0
B218 0 449 213
z 0 218 449 213
m218 4 0 449 213
z 0 218 449 213
m218 23 0 449 213
z 0 218 449 213
m218 24 0 449 213
z 0 218 449 213
m218 51 0 449 213
z 0 218 449 213
m218 52 0 449 213
z 0 218 449 213
m218 75 0 449 213
z 0 218 449 213
m218 146 0 449 213
z 0 218 449 213
m218 147 0 449 213
z 0 218 449 213
m218 154 0 449 213
z 0 218 449 213
m218 160 0 449 213
z 0 218 449 213
m218 163 0 449 213
z 0 218 449 213
m218 178 0 449 213
z 0 218 449 213
m218 183 0 449 213
z 0 218 449 213
m218 198 0 449 213
z 0 218 449 213
m218 202 0 449 213
z 0 218 449 213
m218 206 0 449 213
z 0 218 449 213
m218 219 0 449 213
B218 3 449 213
z 3 218 449 213
m218 4 3 11.6 148.0 1.0
z 3 218 449 213
m218 23 3 11.6 148.0 1.0
z 3 218 449 213
m218 24 3 11.6 148.0 1.0
z 3 218 449 213
m218 51 3 11.6 148.0 1.0
z 3 218 449 213
m218 52 3 11.6 148.0 1.0
z 3 218 449 213
m218 75 3 11.6 148.0 1.0
z 3 218 449 213
m218 146 3 11.6 148.0 1.0
z 3 218 449 213
m218 147 3 11.6 148.0 1.0
z 3 218 449 213
m218 154 3 11.6 148.0 1.0
z 3 218 449 213
m218 160 3 11.6 148.0 1.0
z 3 218 449 213
m218 163 3 11.6 148.0 1.0
z 3 218 449 213
m218 178 3 11.6 148.0 1.0
z 3 218 449 213
m218 183 3 11.6 148.0 1.0
z 3 218 449 213
m218 198 3 11.6 148.0 1.0
z 3 218 449 213
m218 202 3 11.6 148.0 1.0
z 3 218 449 213
m218 206 3 11.6 148.0 1.0
z 3 218 449 213
m218 219 3 11.6 148.0 1.0
B1 0 145 454
z 0 1 145 454
m1 36 0 145 454
z 0 1 145 454
m1 46 0 145 454
z 0 1 145 454
m1 69 0 145 454
z 0 1 145 454
m1 83 0 145 454
z 0 1 145 454
m1 86 0 145 454
z 0 1 145 454
m1 116 0 145 454
z 0 1 145 454
m1 128 0 145 454
z 0 1 145 454
m1 166 0 145 454
z 0 1 145 454
m1 176 0 145 454
z 0 1 145 454
m1 211 0 145 454
B1 1 145 454
B1 2 145 454
z 2 1 145 454
m1 36 2 145 454
z 2 1 145 454
m1 46 2 145 454
z 2 1 145 454
m1 69 2 145 454
z 2 1 145 454
m1 83 2 145 454
z 2 1 145 454
m1 86 2 145 454
z 2 1 145 454
m1 116 2 145 454
z 2 1 145 454
m1 128 2 145 454
z 2 1 145 454
m1 166 2 145 454
z 2 1 145 454
m1 176 2 145 454
z 2 1 145 454
m1 211 2 145 454
B1 3 145 454
z 3 1 145 454
m1 211 3 11.5 138.16666666666669 0.5366765957727453
z 3 1 145 454
m1 69 3 11.5 138.16666666666669 0.5366765957727453
z 3 1 145 454
m1 128 3 11.5 138.16666666666669 0.5366765957727453
z 3 1 145 454
m1 86 3 11.5 138.16666666666669 0.5366765957727453
z 3 1 145 454
m1 176 3 11.5 138.16666666666669 0.5366765957727453
z 3 1 145 454
m1 136 3 11.5 138.16666666666669 0.5366765957727453
z 3 1 145 454
m1 36 3 11.5 138.16666666666669 0.5366765957727453
z 3 1 145 454
m1 83 3 11.5 138.16666666666669 0.5366765957727453
z 3 1 145 454
m1 116 3 11.5 138.16666666666669 0.5366765957727453
z 3 1 145 454
m1 46 3 11.5 138.16666666666669 0.5366765957727453
B2 0 336 103
z 0 2 336 103
m2 72 0 336 103
z 0 2 336 103
m2 87 0 336 103
z 0 2 336 103
m2 125 0 336 103
z 0 2 336 103
m2 214 0 336 103
B2 1 336 103
z 1 2 336 103
m2 47 1 336 103
z 1 2 336 103
m2 72 1 336 103
z 1 2 336 103
m2 87 1 336 103
z 1 2 336 103
m2 125 1 336 103
z 1 2 336 103
m2 214 1 336 103
B2 2 336 103
z 2 2 336 103
m2 47 2 336 103
z 2 2 336 103
m2 72 2 336 103
z 2 2 336 103
m2 87 2 336 103
z 2 2 336 103
m2 125 2 336 103
z 2 2 336 103
m2 214 2 336 103
B2 3 336 103
z 3 2 336 103
m2 125 3 9.833333333333334 105.5 0.0
B4 0 425 168
z 0 4 425 168
m4 37 0 425 168
z 0 4 425 168
m4 111 0 425 168
z 0 4 425 168
m4 132 0 425 168
B4 1 425 168
B4 2 425 168
z 2 4 425 168
m4 23 2 425 168
z 2 4 425 168
m4 37 2 425 168
z 2 4 425 168
m4 47 2 425 168
z 2 4 425 168
m4 48 2 425 168
z 2 4 425 168
m4 51 2 425 168
z 2 4 425 168
m4 111 2 425 168
z 2 4 425 168
m4 132 2 425 168
z 2 4 425 168
m4 160 2 425 168
z 2 4 425 168
m4 178 2 425 168
z 2 4 425 168
m4 206 2 425 168
z 2 4 425 168
m4 219 2 425 168
B4 3 425 168
z 3 4 425 168
m4 132 3 10.166666666666664 120.5 0.0
B5 0 66 368
z 0 5 66 368
m5 106 0 66 368
z 0 5 66 368
m5 112 0 66 368
z 0 5 66 368
m5 207 0 66 368
B5 1 66 368
z 1 5 66 368
m5 106 1 66 368
z 1 5 66 368
m5 112 1 66 368
z 1 5 66 368
m5 207 1 66 368
B5 2 66 368
z 2 5 66 368
m5 106 2 66 368
z 2 5 66 368
m5 112 2 66 368
z 2 5 66 368
m5 207 2 66 368
B5 3 66 368
B6 0 426 348
B6 1 426 348
B6 2 426 348
B6 3 426 348
z 3 6 426 348
m6 208 3 6.833333333333334 70.83333333333334 1.0
B7 0 115 274
z 0 7 115 274
m7 95 0 115 274
z 0 7 115 274
m7 98 0 115 274
z 0 7 115 274
m7 145 0 115 274
B7 1 115 274
B7 2 115 274
z 2 7 115 274
m7 95 2 115 274
z 2 7 115 274
m7 98 2 115 274
z 2 7 115 274
m7 145 2 115 274
z 2 7 115 274
m7 205 2 115 274
B13 0 271 113
z 0 13 271 113
m13 3 0 271 113
z 0 13 271 113
m13 11 0 271 113
z 0 13 271 113
m13 21 0 271 113
z 0 13 271 113
m13 43 0 271 113
z 0 13 271 113
m13 72 0 271 113
z 0 13 271 113
m13 81 0 271 113
z 0 13 271 113
m13 87 0 271 113
z 0 13 271 113
m13 157 0 271 113
B13 1 271 113
z 1 13 271 113
m13 3 1 271 113
z 1 13 271 113
m13 11 1 271 113
z 1 13 271 113
m13 21 1 271 113
z 1 13 271 113
m13 43 1 271 113
z 1 13 271 113
m13 72 1 271 113
z 1 13 271 113
m13 81 1 271 113
z 1 13 271 113
m13 87 1 271 113
z 1 13 271 113
m13 157 1 271 113
B13 2 271 113
z 2 13 271 113
m13 3 2 271 113
z 2 13 271 113
m13 11 2 271 113
z 2 13 271 113
m13 21 2 271 113
z 2 13 271 113
m13 43 2 271 113
z 2 13 271 113
m13 72 2 271 113
z 2 13 271 113
m13 81 2 271 113
z 2 13 271 113
m13 87 2 271 113
z 2 13 271 113
m13 157 2 271 113
B13 3 271 113
z 3 13 271 113
m13 157 3 10.333333333333334 119.66666666666667 0.022544540503822756
z 3 13 271 113
m13 3 3 10.333333333333334 119.66666666666667 0.022544540503822756
z 3 13 271 113
m13 21 3 10.333333333333334 119.66666666666667 0.022544540503822756
z 3 13 271 113
m13 11 3 10.333333333333334 119.66666666666667 0.022544540503822756
z 3 13 271 113
m13 87 3 10.333333333333334 119.66666666666667 0.022544540503822756
B14 0 437 496
z 0 14 437 496
m14 19 0 437 496
z 0 14 437 496
m14 41 0 437 496
z 0 14 437 496
m14 170 0 437 496
B14 1 437 496
B14 2 437 496
z 2 14 437 496
m14 19 2 437 496
z 2 14 437 496
m14 41 2 437 496
z 2 14 437 496
m14 170 2 437 496
B14 3 437 496
B16 0 131 162
z 0 16 131 162
m16 34 0 131 162
z 0 16 131 162
m16 38 0 131 162
z 0 16 131 162
m16 40 0 131 162
z 0 16 131 162
m16 42 0 131 162
z 0 16 131 162
m16 63 0 131 162
z 0 16 131 162
m16 114 0 131 162
z 0 16 131 162
m16 164 0 131 162
B16 1 131 162
z 1 16 131 162
m16 34 1 131 162
z 1 16 131 162
m16 38 1 131 162
z 1 16 131 162
m16 40 1 131 162
z 1 16 131 162
m16 42 1 131 162
z 1 16 131 162
m16 63 1 131 162
z 1 16 131 162
m16 114 1 131 162
z 1 16 131 162
m16 164 1 131 162
B16 3 131 162
z 3 16 131 162
m16 38 3 11.833333333333332 143.83333333333334 0.6289640555279615
z 3 16 131 162
m16 34 3 11.833333333333332 143.83333333333334 0.6289640555279615
z 3 16 131 162
m16 192 3 11.833333333333332 143.83333333333334 0.6289640555279615
z 3 16 131 162
m16 63 3 11.833333333333332 143.83333333333334 0.6289640555279615
z 3 16 131 162
m16 42 3 11.833333333333332 143.83333333333334 0.6289640555279615
z 3 16 131 162
m16 114 3 11.833333333333332 143.83333333333334 0.6289640555279615
z 3 16 131 162
m16 164 3 11.833333333333332 143.83333333333334 0.6289640555279615
z 3 16 131 162
m16 115 3 11.833333333333332 143.83333333333334 0.6289640555279615
B23 0 467 208
z 0 23 467 208
m23 37 0 467 208
z 0 23 467 208
m23 132 0 467 208
z 0 23 467 208
m23 149 0 467 208
B23 3 467 208
B24 0 446 217
B24 1 446 217
z 1 24 446 217
m24 23 1 446 217
z 1 24 446 217
m24 48 1 446 217
z 1 24 446 217
m24 51 1 446 217
z 1 24 446 217
m24 160 1 446 217
z 1 24 446 217
m24 178 1 446 217
z 1 24 446 217
m24 206 1 446 217
B24 2 446 217
B24 3 446 217
B25 3 293 169
B27 0 166 154
z 0 27 166 154
m27 38 0 166 154
z 0 27 166 154
m27 40 0 166 154
z 0 27 166 154
m27 42 0 166 154
z 0 27 166 154
m27 49 0 166 154
z 0 27 166 154
m27 114 0 166 154
z 0 27 166 154
m27 164 0 166 154
B27 1 166 154
z 1 27 166 154
m27 38 1 166 154
z 1 27 166 154
m27 40 1 166 154
z 1 27 166 154
m27 42 1 166 154
z 1 27 166 154
m27 49 1 166 154
z 1 27 166 154
m27 114 1 166 154
z 1 27 166 154
m27 164 1 166 154
B27 3 166 154
z 3 27 166 154
m27 164 3 11.666666666666666 140.66666666666669 0.5690032493311182
z 3 27 166 154
m27 38 3 11.666666666666666 140.66666666666669 0.5690032493311182
z 3 27 166 154
m27 114 3 11.666666666666666 140.66666666666669 0.5690032493311182
z 3 27 166 154
m27 115 3 11.666666666666666 140.66666666666669 0.5690032493311182
z 3 27 166 154
m27 49 3 11.666666666666666 140.66666666666669 0.5690032493311182
z 3 27 166 154
m27 42 3 11.666666666666666 140.66666666666669 0.5690032493311182
z 3 27 166 154
m27 40 3 11.666666666666666 140.66666666666669 0.5690032493311182
B28 0 270 118
z 0 28 270 118
m28 3 0 270 118
z 0 28 270 118
m28 21 0 270 118
z 0 28 270 118
m28 43 0 270 118
z 0 28 270 118
m28 72 0 270 118
z 0 28 270 118
m28 81 0 270 118
z 0 28 270 118
m28 157 0 270 118
B28 1 270 118
z 1 28 270 118
m28 3 1 270 118
z 1 28 270 118
m28 21 1 270 118
z 1 28 270 118
m28 43 1 270 118
z 1 28 270 118
m28 72 1 270 118
z 1 28 270 118
m28 81 1 270 118
z 1 28 270 118
m28 157 1 270 118
B28 2 270 118
z 2 28 270 118
m28 3 2 270 118
z 2 28 270 118
m28 21 2 270 118
z 2 28 270 118
m28 43 2 270 118
z 2 28 270 118
m28 72 2 270 118
z 2 28 270 118
m28 81 2 270 118
z 2 28 270 118
m28 157 2 270 118
B28 3 270 118
z 3 28 270 118
m28 3 3 10.333333333333334 119.66666666666667 0.022544540503822756
z 3 28 270 118
m28 157 3 10.333333333333334 119.66666666666667 0.022544540503822756
z 3 28 270 118
m28 21 3 10.333333333333334 119.66666666666667 0.022544540503822756
B33 0 105 432
z 0 33 105 432
m33 46 0 105 432
z 0 33 105 432
m33 86 0 105 432
z 0 33 105 432
m33 106 0 105 432
z 0 33 105 432
m33 128 0 105 432
z 0 33 105 432
m33 152 0 105 432
z 0 33 105 432
m33 166 0 105 432
z 0 33 105 432
m33 207 0 105 432
B33 1 105 432
z 1 33 105 432
m33 46 1 105 432
z 1 33 105 432
m33 86 1 105 432
z 1 33 105 432
m33 106 1 105 432
z 1 33 105 432
m33 128 1 105 432
z 1 33 105 432
m33 152 1 105 432
z 1 33 105 432
m33 166 1 105 432
z 1 33 105 432
m33 207 1 105 432
B33 2 105 432
z 2 33 105 432
m33 46 2 105 432
z 2 33 105 432
m33 86 2 105 432
z 2 33 105 432
m33 106 2 105 432
z 2 33 105 432
m33 128 2 105 432
z 2 33 105 432
m33 152 2 105 432
z 2 33 105 432
m33 166 2 105 432
z 2 33 105 432
m33 207 2 105 432
B33 3 105 432
z 3 33 105 432
m33 152 3 11.166666666666666 131.5 0.47824300805135656
z 3 33 105 432
m33 46 3 11.166666666666666 131.5 0.47824300805135656
z 3 33 105 432
m33 166 3 11.166666666666666 131.5 0.47824300805135656
z 3 33 105 432
m33 106 3 11.166666666666666 131.5 0.47824300805135656
z 3 33 105 432
m33 136 3 11.166666666666666 131.5 0.47824300805135656
z 3 33 105 432
m33 86 3 11.166666666666666 131.5 0.47824300805135656
B35 0 318 177
B35 1 318 177
B35 2 318 177
B35 3 318 177
B44 0 216 370
z 0 44 216 370
m44 26 0 216 370
z 0 44 216 370
m44 69 0 216 370
z 0 44 216 370
m44 176 0 216 370
B44 1 216 370
z 1 44 216 370
m44 26 1 216 370
z 1 44 216 370
m44 69 1 216 370
z 1 44 216 370
m44 176 1 216 370
B44 2 216 370
z 2 44 216 370
m44 26 2 216 370
z 2 44 216 370
m44 69 2 216 370
z 2 44 216 370
m44 176 2 216 370
B44 3 216 370
z 3 44 216 370
m44 26 3 6.5 64.5 1.0
z 3 44 216 370
m44 69 3 6.5 64.5 1.0
z 3 44 216 370
m44 176 3 6.5 64.5 1.0
B45 2 115 203
z 2 45 115 203
m45 16 2 115 203
z 2 45 115 203
m45 27 2 115 203
z 2 45 115 203
m45 40 2 115 203
z 2 45 115 203
m45 131 2 115 203
z 2 45 115 203
m45 142 2 115 203
z 2 45 115 203
m45 164 2 115 203
z 2 45 115 203
m45 175 2 115 203
z 2 45 115 203
m45 205 2 115 203
B47 0 384 124
z 0 47 384 124
m47 37 0 384 124
z 0 47 384 124
m47 111 0 384 124
z 0 47 384 124
m47 196 0 384 124
z 0 47 384 124
m47 212 0 384 124
z 0 47 384 124
m47 214 0 384 124
B47 3 384 124
z 3 47 384 124
m47 212 3 10.0 107.33333333333333 0.24207216424239783
z 3 47 384 124
m47 37 3 10.0 107.33333333333333 0.24207216424239783
B48 0 413 161
z 0 48 413 161
m48 37 0 413 161
z 0 48 413 161
m48 111 0 413 161
z 0 48 413 161
m48 124 0 413 161
z 0 48 413 161
m48 196 0 413 161
z 0 48 413 161
m48 214 0 413 161
B48 3 413 161
z 3 48 413 161
m48 214 3 10.0 107.33333333333333 0.24207216424239783
z 3 48 413 161
m48 196 3 10.0 107.33333333333333 0.24207216424239783
B51 0 398 160
z 0 51 398 160
m51 37 0 398 160
z 0 51 398 160
m51 111 0 398 160
z 0 51 398 160
m51 124 0 398 160
z 0 51 398 160
m51 196 0 398 160
z 0 51 398 160
m51 214 0 398 160
B51 3 398 160
z 3 51 398 160
m51 214 3 10.5 127.5 0.0
z 3 51 398 160
m51 196 3 10.5 127.5 0.0
B52 0 416 185
z 0 52 416 185
m52 37 0 416 185
z 0 52 416 185
m52 111 0 416 185
z 0 52 416 185
m52 132 0 416 185
B52 1 416 185
z 1 52 416 185
m52 23 1 416 185
z 1 52 416 185
m52 37 1 416 185
z 1 52 416 185
m52 48 1 416 185
z 1 52 416 185
m52 51 1 416 185
z 1 52 416 185
m52 111 1 416 185
z 1 52 416 185
m52 132 1 416 185
z 1 52 416 185
m52 160 1 416 185
z 1 52 416 185
m52 178 1 416 185
z 1 52 416 185
m52 206 1 416 185
z 1 52 416 185
m52 219 1 416 185
B52 2 416 185
B52 3 416 185
z 3 52 416 185
m52 132 3 10.166666666666664 120.5 0.0
B53 3 278 433
B56 2 187 182
z 2 56 187 182
m56 16 2 187 182
z 2 56 187 182
m56 27 2 187 182
z 2 56 187 182
m56 49 2 187 182
z 2 56 187 182
m56 122 2 187 182
z 2 56 187 182
m56 157 2 187 182
z 2 56 187 182
m56 175 2 187 182
B68 3 316 471
B75 0 466 192
z 0 75 466 192
m75 132 0 466 192
z 0 75 466 192
m75 149 0 466 192
B75 1 466 192
z 1 75 466 192
m75 23 1 466 192
z 1 75 466 192
m75 51 1 466 192
z 1 75 466 192
m75 132 1 466 192
z 1 75 466 192
m75 146 1 466 192
z 1 75 466 192
m75 149 1 466 192
z 1 75 466 192
m75 160 1 466 192
z 1 75 466 192
m75 178 1 466 192
z 1 75 466 192
m75 206 1 466 192
z 1 75 466 192
m75 219 1 466 192
B75 2 466 192
B75 3 466 192
B79 0 424 438
z 0 79 424 438
m79 41 0 424 438
B79 1 424 438
z 1 79 424 438
m79 41 1 424 438
B79 2 424 438
z 2 79 424 438
m79 41 2 424 438
B79 3 424 438
B80 2 177 239
z 2 80 177 239
m80 205 2 177 239
B84 0 293 480
B84 1 293 480
B84 2 293 480
B84 3 293 480
B93 0 344 128
z 0 93 344 128
m93 87 0 344 128
z 0 93 344 128
m93 214 0 344 128
B93 1 344 128
z 1 93 344 128
m93 47 1 344 128
z 1 93 344 128
m93 48 1 344 128
z 1 93 344 128
m93 87 1 344 128
z 1 93 344 128
m93 214 1 344 128
B93 2 344 128
z 2 93 344 128
m93 47 2 344 128
z 2 93 344 128
m93 48 2 344 128
z 2 93 344 128
m93 87 2 344 128
z 2 93 344 128
m93 214 2 344 128
B93 3 344 128
B96 0 306 79
z 0 96 306 79
m96 3 0 306 79
z 0 96 306 79
m96 43 0 306 79
z 0 96 306 79
m96 72 0 306 79
z 0 96 306 79
m96 81 0 306 79
z 0 96 306 79
m96 87 0 306 79
z 0 96 306 79
m96 125 0 306 79
z 0 96 306 79
m96 177 0 306 79
z 0 96 306 79
m96 214 0 306 79
B96 1 306 79
z 1 96 306 79
m96 3 1 306 79
z 1 96 306 79
m96 43 1 306 79
z 1 96 306 79
m96 72 1 306 79
z 1 96 306 79
m96 81 1 306 79
z 1 96 306 79
m96 87 1 306 79
z 1 96 306 79
m96 125 1 306 79
z 1 96 306 79
m96 177 1 306 79
z 1 96 306 79
m96 214 1 306 79
B96 2 306 79
z 2 96 306 79
m96 3 2 306 79
z 2 96 306 79
m96 43 2 306 79
z 2 96 306 79
m96 72 2 306 79
z 2 96 306 79
m96 81 2 306 79
z 2 96 306 79
m96 87 2 306 79
z 2 96 306 79
m96 125 2 306 79
z 2 96 306 79
m96 177 2 306 79
z 2 96 306 79
m96 214 2 306 79
B96 3 306 79
z 3 96 306 79
m96 3 3 9.833333333333334 102.83333333333333 0.893691775004146
z 3 96 306 79
m96 214 3 9.833333333333334 102.83333333333333 0.893691775004146
z 3 96 306 79
m96 43 3 9.833333333333334 102.83333333333333 0.893691775004146
z 3 96 306 79
m96 81 3 9.833333333333334 102.83333333333333 0.893691775004146
z 3 96 306 79
m96 177 3 9.833333333333334 102.83333333333333 0.893691775004146
z 3 96 306 79
m96 72 3 9.833333333333334 102.83333333333333 0.893691775004146
z 3 96 306 79
m96 87 3 9.833333333333334 102.83333333333333 0.893691775004146
z 3 96 306 79
m96 125 3 9.833333333333334 102.83333333333333 0.893691775004146
B97 0 304 487
B97 1 304 487
B97 2 304 487
B97 3 304 487
B101 0 108 385
z 0 101 108 385
m101 106 0 108 385
z 0 101 108 385
m101 112 0 108 385
z 0 101 108 385
m101 207 0 108 385
B101 1 108 385
z 1 101 108 385
m101 106 1 108 385
z 1 101 108 385
m101 112 1 108 385
z 1 101 108 385
m101 207 1 108 385
B101 2 108 385
B101 3 108 385
z 3 101 108 385
m101 207 3 10.166666666666668 117.5 0.22768641194870723
B110 0 131 257
z 0 110 131 257
m110 95 0 131 257
z 0 110 131 257
m110 199 0 131 257
B110 1 131 257
z 1 110 131 257
m110 95 1 131 257
z 1 110 131 257
m110 199 1 131 257
B110 2 131 257
z 2 110 131 257
m110 95 2 131 257
z 2 110 131 257
m110 199 2 131 257
z 2 110 131 257
m110 205 2 131 257
B110 3 131 257
z 3 110 131 257
m110 95 3 10.166666666666668 117.5 0.22768641194870723
B115 0 129 193
z 0 115 129 193
m115 40 0 129 193
z 0 115 129 193
m115 164 0 129 193
B115 1 129 193
z 1 115 129 193
m115 40 1 129 193
z 1 115 129 193
m115 164 1 129 193
B115 2 129 193
B119 0 337 499
B119 1 337 499
B119 2 337 499
B119 3 337 499
B120 0 276 492
z 0 120 276 492
m120 133 0 276 492
B120 1 276 492
z 1 120 276 492
m120 133 1 276 492
B120 2 276 492
z 2 120 276 492
m120 133 2 276 492
B120 3 276 492
B122 0 141 125
z 0 122 141 125
m122 21 0 141 125
z 0 122 141 125
m122 32 0 141 125
z 0 122 141 125
m122 34 0 141 125
z 0 122 141 125
m122 38 0 141 125
z 0 122 141 125
m122 40 0 141 125
z 0 122 141 125
m122 42 0 141 125
z 0 122 141 125
m122 49 0 141 125
z 0 122 141 125
m122 63 0 141 125
z 0 122 141 125
m122 114 0 141 125
z 0 122 141 125
m122 157 0 141 125
z 0 122 141 125
m122 164 0 141 125
B122 1 141 125
B122 3 141 125
z 3 122 141 125
m122 32 3 11.5 140.83333333333334 0.03615946361394653
z 3 122 141 125
m122 21 3 11.5 140.83333333333334 0.03615946361394653
z 3 122 141 125
m122 34 3 11.5 140.83333333333334 0.03615946361394653
z 3 122 141 125
m122 164 3 11.5 140.83333333333334 0.03615946361394653
z 3 122 141 125
m122 192 3 11.5 140.83333333333334 0.03615946361394653
z 3 122 141 125
m122 63 3 11.5 140.83333333333334 0.03615946361394653
z 3 122 141 125
m122 157 3 11.5 140.83333333333334 0.03615946361394653
z 3 122 141 125
m122 49 3 11.5 140.83333333333334 0.03615946361394653
z 3 122 141 125
m122 38 3 11.5 140.83333333333334 0.03615946361394653
B123 0 336 135
z 0 123 336 135
m123 72 0 336 135
z 0 123 336 135
m123 87 0 336 135
z 0 123 336 135
m123 125 0 336 135
z 0 123 336 135
m123 214 0 336 135
B123 1 336 135
B123 2 336 135
z 2 123 336 135
m123 47 2 336 135
z 2 123 336 135
m123 72 2 336 135
z 2 123 336 135
m123 87 2 336 135
z 2 123 336 135
m123 125 2 336 135
z 2 123 336 135
m123 214 2 336 135
B123 3 336 135
z 3 123 336 135
m123 125 3 9.833333333333334 105.5 0.0
B126 0 356 429
B126 1 356 429
B126 2 356 429
B126 3 356 429
B129 0 477 307
B129 1 477 307
z 1 129 477 307
m129 146 1 477 307
B129 2 477 307
B129 3 477 307
z 3 129 477 307
m129 208 3 8.666666666666666 92.0 1.0
B131 0 71 200
z 0 131 71 200
m131 40 0 71 200
z 0 131 71 200
m131 63 0 71 200
z 0 131 71 200
m131 70 0 71 200
z 0 131 71 200
m131 108 0 71 200
z 0 131 71 200
m131 139 0 71 200
z 0 131 71 200
m131 164 0 71 200
z 0 131 71 200
m131 199 0 71 200
B131 1 71 200
z 1 131 71 200
m131 40 1 71 200
z 1 131 71 200
m131 63 1 71 200
z 1 131 71 200
m131 70 1 71 200
z 1 131 71 200
m131 108 1 71 200
z 1 131 71 200
m131 139 1 71 200
z 1 131 71 200
m131 164 1 71 200
z 1 131 71 200
m131 199 1 71 200
B131 3 71 200
z 3 131 71 200
m131 63 3 11.5 137.83333333333334 0.4923188859775896
z 3 131 71 200
m131 70 3 11.5 137.83333333333334 0.4923188859775896
z 3 131 71 200
m131 40 3 11.5 137.83333333333334 0.4923188859775896
z 3 131 71 200
m131 115 3 11.5 137.83333333333334 0.4923188859775896
z 3 131 71 200
m131 139 3 11.5 137.83333333333334 0.4923188859775896
z 3 131 71 200
m131 108 3 11.5 137.83333333333334 0.4923188859775896
B136 0 139 404
z 0 136 139 404
m136 46 0 139 404
z 0 136 139 404
m136 83 0 139 404
z 0 136 139 404
m136 106 0 139 404
z 0 136 139 404
m136 166 0 139 404
B136 1 139 404
z 1 136 139 404
m136 46 1 139 404
z 1 136 139 404
m136 83 1 139 404
z 1 136 139 404
m136 106 1 139 404
z 1 136 139 404
m136 166 1 139 404
B136 2 139 404
z 2 136 139 404
m136 46 2 139 404
z 2 136 139 404
m136 83 2 139 404
z 2 136 139 404
m136 106 2 139 404
z 2 136 139 404
m136 166 2 139 404
B137 0 132 317
B137 1 132 317
B137 2 132 317
B137 3 132 317
z 3 137 132 317
m137 7 3 8.833333333333332 104.16666666666667 1.0
B142 0 111 165
z 0 142 111 165
m142 34 0 111 165
z 0 142 111 165
m142 38 0 111 165
z 0 142 111 165
m142 40 0 111 165
z 0 142 111 165
m142 42 0 111 165
z 0 142 111 165
m142 63 0 111 165
z 0 142 111 165
m142 70 0 111 165
z 0 142 111 165
m142 114 0 111 165
z 0 142 111 165
m142 164 0 111 165
B142 1 111 165
z 1 142 111 165
m142 34 1 111 165
z 1 142 111 165
m142 38 1 111 165
z 1 142 111 165
m142 40 1 111 165
z 1 142 111 165
m142 42 1 111 165
z 1 142 111 165
m142 63 1 111 165
z 1 142 111 165
m142 70 1 111 165
z 1 142 111 165
m142 114 1 111 165
z 1 142 111 165
m142 164 1 111 165
B142 3 111 165
z 3 142 111 165
m142 192 3 12.0 147.33333333333334 0.6768148006292598
z 3 142 111 165
m142 38 3 12.0 147.33333333333334 0.6768148006292598
z 3 142 111 165
m142 42 3 12.0 147.33333333333334 0.6768148006292598
z 3 142 111 165
m142 70 3 12.0 147.33333333333334 0.6768148006292598
z 3 142 111 165
m142 34 3 12.0 147.33333333333334 0.6768148006292598
z 3 142 111 165
m142 63 3 12.0 147.33333333333334 0.6768148006292598
z 3 142 111 165
m142 114 3 12.0 147.33333333333334 0.6768148006292598
z 3 142 111 165
m142 115 3 12.0 147.33333333333334 0.6768148006292598
z 3 142 111 165
m142 164 3 12.0 147.33333333333334 0.6768148006292598
B146 0 493 237
B146 3 493 237
B147 0 488 247
B147 1 488 247
z 1 147 488 247
m147 23 1 488 247
z 1 147 488 247
m147 146 1 488 247
z 1 147 488 247
m147 160 1 488 247
z 1 147 488 247
m147 178 1 488 247
z 1 147 488 247
m147 219 1 488 247
B147 2 488 247
z 2 147 488 247
m147 23 2 488 247
z 2 147 488 247
m147 146 2 488 247
z 2 147 488 247
m147 160 2 488 247
z 2 147 488 247
m147 178 2 488 247
z 2 147 488 247
m147 219 2 488 247
B147 3 488 247
B154 0 429 217
B154 1 429 217
z 1 154 429 217
m154 23 1 429 217
z 1 154 429 217
m154 51 1 429 217
z 1 154 429 217
m154 160 1 429 217
z 1 154 429 217
m154 178 1 429 217
B154 2 429 217
B154 3 429 217
B155 0 450 494
z 0 155 450 494
m155 19 0 450 494
z 0 155 450 494
m155 41 0 450 494
z 0 155 450 494
m155 170 0 450 494
B155 1 450 494
z 1 155 450 494
m155 19 1 450 494
z 1 155 450 494
m155 41 1 450 494
z 1 155 450 494
m155 170 1 450 494
B155 2 450 494
B155 3 450 494
B160 0 482 198
z 0 160 482 198
m160 132 0 482 198
z 0 160 482 198
m160 149 0 482 198
B160 3 482 198
B163 0 473 237
B163 1 473 237
z 1 163 473 237
m163 23 1 473 237
z 1 163 473 237
m163 146 1 473 237
z 1 163 473 237
m163 160 1 473 237
z 1 163 473 237
m163 178 1 473 237
z 1 163 473 237
m163 219 1 473 237
B163 2 473 237
B163 3 473 237
B172 0 296 133
z 0 172 296 133
m172 72 0 296 133
z 0 172 296 133
m172 81 0 296 133
z 0 172 296 133
m172 87 0 296 133
z 0 172 296 133
m172 125 0 296 133
B172 1 296 133
z 1 172 296 133
m172 72 1 296 133
z 1 172 296 133
m172 81 1 296 133
z 1 172 296 133
m172 87 1 296 133
z 1 172 296 133
m172 125 1 296 133
B172 2 296 133
B172 3 296 133
z 3 172 296 133
m172 125 3 9.666666666666666 104.0 0.0
B175 0 142 159
z 0 175 142 159
m175 34 0 142 159
z 0 175 142 159
m175 38 0 142 159
z 0 175 142 159
m175 40 0 142 159
z 0 175 142 159
m175 42 0 142 159
z 0 175 142 159
m175 49 0 142 159
z 0 175 142 159
m175 63 0 142 159
z 0 175 142 159
m175 114 0 142 159
z 0 175 142 159
m175 157 0 142 159
z 0 175 142 159
m175 164 0 142 159
B175 1 142 159
z 1 175 142 159
m175 34 1 142 159
z 1 175 142 159
m175 38 1 142 159
z 1 175 142 159
m175 40 1 142 159
z 1 175 142 159
m175 42 1 142 159
z 1 175 142 159
m175 49 1 142 159
z 1 175 142 159
m175 63 1 142 159
z 1 175 142 159
m175 114 1 142 159
z 1 175 142 159
m175 157 1 142 159
z 1 175 142 159
m175 164 1 142 159
B175 3 142 159
z 3 175 142 159
m175 34 3 11.166666666666668 132.83333333333334 0.03377646335681965
z 3 175 142 159
m175 38 3 11.166666666666668 132.83333333333334 0.03377646335681965
z 3 175 142 159
m175 63 3 11.166666666666668 132.83333333333334 0.03377646335681965
z 3 175 142 159
m175 157 3 11.166666666666668 132.83333333333334 0.03377646335681965
z 3 175 142 159
m175 49 3 11.166666666666668 132.83333333333334 0.03377646335681965
z 3 175 142 159
m175 192 3 11.166666666666668 132.83333333333334 0.03377646335681965
z 3 175 142 159
m175 42 3 11.166666666666668 132.83333333333334 0.03377646335681965
z 3 175 142 159
m175 114 3 11.166666666666668 132.83333333333334 0.03377646335681965
B178 0 464 219
z 0 178 464 219
m178 37 0 464 219
z 0 178 464 219
m178 132 0 464 219
B178 3 464 219
B181 1 467 231
z 1 181 467 231
m181 23 1 467 231
z 1 181 467 231
m181 146 1 467 231
z 1 181 467 231
m181 160 1 467 231
z 1 181 467 231
m181 178 1 467 231
z 1 181 467 231
m181 219 1 467 231
B181 2 467 231
B182 0 197 403
z 0 182 197 403
m182 26 0 197 403
z 0 182 197 403
m182 46 0 197 403
z 0 182 197 403
m182 69 0 197 403
z 0 182 197 403
m182 83 0 197 403
z 0 182 197 403
m182 133 0 197 403
z 0 182 197 403
m182 166 0 197 403
z 0 182 197 403
m182 176 0 197 403
z 0 182 197 403
m182 211 0 197 403
B182 1 197 403
z 1 182 197 403
m182 26 1 197 403
z 1 182 197 403
m182 46 1 197 403
z 1 182 197 403
m182 69 1 197 403
z 1 182 197 403
m182 83 1 197 403
z 1 182 197 403
m182 133 1 197 403
z 1 182 197 403
m182 166 1 197 403
z 1 182 197 403
m182 176 1 197 403
z 1 182 197 403
m182 211 1 197 403
B182 2 197 403
z 2 182 197 403
m182 26 2 197 403
z 2 182 197 403
m182 46 2 197 403
z 2 182 197 403
m182 69 2 197 403
z 2 182 197 403
m182 83 2 197 403
z 2 182 197 403
m182 133 2 197 403
z 2 182 197 403
m182 166 2 197 403
z 2 182 197 403
m182 176 2 197 403
z 2 182 197 403
m182 211 2 197 403
B182 3 197 403
z 3 182 197 403
m182 211 3 11.166666666666666 131.5 0.47824300805135656
z 3 182 197 403
m182 133 3 11.166666666666666 131.5 0.47824300805135656
z 3 182 197 403
m182 136 3 11.166666666666666 131.5 0.47824300805135656
z 3 182 197 403
m182 166 3 11.166666666666666 131.5 0.47824300805135656
z 3 182 197 403
m182 69 3 11.166666666666666 131.5 0.47824300805135656
z 3 182 197 403
m182 46 3 11.166666666666666 131.5 0.47824300805135656
z 3 182 197 403
m182 83 3 11.166666666666666 131.5 0.47824300805135656
B183 0 451 216
B183 1 451 216
B183 2 451 216
B183 3 451 216
B186 0 62 292
z 0 186 62 292
m186 59 0 62 292
z 0 186 62 292
m186 95 0 62 292
z 0 186 62 292
m186 98 0 62 292
z 0 186 62 292
m186 112 0 62 292
z 0 186 62 292
m186 145 0 62 292
z 0 186 62 292
m186 171 0 62 292
z 0 186 62 292
m186 199 0 62 292
B186 1 62 292
z 1 186 62 292
m186 59 1 62 292
z 1 186 62 292
m186 95 1 62 292
z 1 186 62 292
m186 98 1 62 292
z 1 186 62 292
m186 112 1 62 292
z 1 186 62 292
m186 145 1 62 292
z 1 186 62 292
m186 171 1 62 292
z 1 186 62 292
m186 199 1 62 292
B186 2 62 292
B186 3 62 292
z 3 186 62 292
m186 199 3 10.666666666666668 124.0 0.33896486057046415
z 3 186 62 292
m186 112 3 10.666666666666668 124.0 0.33896486057046415
z 3 186 62 292
m186 7 3 10.666666666666668 124.0 0.33896486057046415
z 3 186 62 292
m186 171 3 10.666666666666668 124.0 0.33896486057046415
z 3 186 62 292
m186 59 3 10.666666666666668 124.0 0.33896486057046415
z 3 186 62 292
m186 98 3 10.666666666666668 124.0 0.33896486057046415
B192 0 197 139
z 0 192 197 139
m192 21 0 197 139
z 0 192 197 139
m192 38 0 197 139
z 0 192 197 139
m192 40 0 197 139
z 0 192 197 139
m192 42 0 197 139
z 0 192 197 139
m192 49 0 197 139
z 0 192 197 139
m192 157 0 197 139
B192 1 197 139
z 1 192 197 139
m192 21 1 197 139
z 1 192 197 139
m192 38 1 197 139
z 1 192 197 139
m192 40 1 197 139
z 1 192 197 139
m192 42 1 197 139
z 1 192 197 139
m192 49 1 197 139
z 1 192 197 139
m192 157 1 197 139
B192 2 197 139
B194 0 165 197
z 0 194 165 197
m194 40 0 165 197
z 0 194 165 197
m194 164 0 165 197
B194 1 165 197
z 1 194 165 197
m194 40 1 165 197
z 1 194 165 197
m194 164 1 165 197
B194 2 165 197
z 2 194 165 197
m194 16 2 165 197
z 2 194 165 197
m194 27 2 165 197
z 2 194 165 197
m194 40 2 165 197
z 2 194 165 197
m194 122 2 165 197
z 2 194 165 197
m194 142 2 165 197
z 2 194 165 197
m194 164 2 165 197
z 2 194 165 197
m194 175 2 165 197
z 2 194 165 197
m194 205 2 165 197
B194 3 165 197
z 3 194 165 197
m194 164 3 10.833333333333332 129.83333333333334 0.0
B197 0 126 287
z 0 197 126 287
m197 95 0 126 287
z 0 197 126 287
m197 145 0 126 287
B197 1 126 287
z 1 197 126 287
m197 95 1 126 287
z 1 197 126 287
m197 145 1 126 287
B197 2 126 287
B197 3 126 287
z 3 197 126 287
m197 115 3 10.0 116.0 0.1511865720486411
B198 0 413 201
z 0 198 413 201
m198 37 0 413 201
z 0 198 413 201
m198 132 0 413 201
B198 1 413 201
z 1 198 413 201
m198 23 1 413 201
z 1 198 413 201
m198 37 1 413 201
z 1 198 413 201
m198 48 1 413 201
z 1 198 413 201
m198 51 1 413 201
z 1 198 413 201
m198 132 1 413 201
z 1 198 413 201
m198 160 1 413 201
z 1 198 413 201
m198 178 1 413 201
z 1 198 413 201
m198 219 1 413 201
B198 2 413 201
z 2 198 413 201
m198 23 2 413 201
z 2 198 413 201
m198 37 2 413 201
z 2 198 413 201
m198 48 2 413 201
z 2 198 413 201
m198 51 2 413 201
z 2 198 413 201
m198 132 2 413 201
z 2 198 413 201
m198 160 2 413 201
z 2 198 413 201
m198 178 2 413 201
z 2 198 413 201
m198 219 2 413 201
B198 3 413 201
B202 0 452 230
B202 1 452 230
z 1 202 452 230
m202 23 1 452 230
z 1 202 452 230
m202 146 1 452 230
z 1 202 452 230
m202 160 1 452 230
z 1 202 452 230
m202 178 1 452 230
z 1 202 452 230
m202 219 1 452 230
B202 2 452 230
z 2 202 452 230
m202 23 2 452 230
z 2 202 452 230
m202 146 2 452 230
z 2 202 452 230
m202 160 2 452 230
z 2 202 452 230
m202 178 2 452 230
z 2 202 452 230
m202 219 2 452 230
B202 3 452 230
B205 0 120 236
z 0 205 120 236
m205 199 0 120 236
B205 1 120 236
z 1 205 120 236
m205 199 1 120 236
B205 3 120 236
B206 0 493 174
z 0 206 493 174
m206 37 0 493 174
z 0 206 493 174
m206 124 0 493 174
z 0 206 493 174
m206 132 0 493 174
z 0 206 493 174
m206 149 0 493 174
B206 3 493 174
z 3 206 493 174
m206 37 3 10.333333333333332 126.0 0.0
B208 0 497 329
B208 1 497 329
B208 2 497 329
B213 0 261 417
z 0 213 261 417
m213 26 0 261 417
z 0 213 261 417
m213 69 0 261 417
z 0 213 261 417
m213 83 0 261 417
z 0 213 261 417
m213 133 0 261 417
z 0 213 261 417
m213 176 0 261 417
z 0 213 261 417
m213 211 0 261 417
B213 1 261 417
B213 2 261 417
B213 3 261 417
z 3 213 261 417
m213 83 3 9.666666666666666 100.66666666666667 0.5378660228299362
z 3 213 261 417
m213 211 3 9.666666666666666 100.66666666666667 0.5378660228299362
z 3 213 261 417
m213 176 3 9.666666666666666 100.66666666666667 0.5378660228299362
z 3 213 261 417
m213 133 3 9.666666666666666 100.66666666666667 0.5378660228299362
z 3 213 261 417
m213 69 3 9.666666666666666 100.66666666666667 0.5378660228299362
B217 0 396 471
B217 1 396 471
B217 2 396 471
B217 3 396 471
B218 1 460 210
B218 2 460 210
B219 0 497 179
z 0 219 497 179
m219 37 0 497 179
z 0 219 497 179
m219 132 0 497 179
z 0 219 497 179
m219 149 0 497 179
B219 3 497 179
B3 0 236 35
z 0 3 236 35
m3 61 0 236 35
z 0 3 236 35
m3 62 0 236 35
z 0 3 236 35
m3 144 0 236 35
z 0 3 236 35
m3 204 0 236 35
z 0 3 236 35
m3 215 0 236 35
B3 1 236 35
z 1 3 236 35
m3 61 1 236 35
z 1 3 236 35
m3 62 1 236 35
z 1 3 236 35
m3 144 1 236 35
z 1 3 236 35
m3 204 1 236 35
z 1 3 236 35
m3 215 1 236 35
B3 2 236 35
B3 3 236 35
z 3 3 236 35
m3 215 3 9.857142857142858 109.57142857142857 0.01737630449148981
z 3 3 236 35
m3 61 3 9.857142857142858 109.57142857142857 0.01737630449148981
B7 3 117 263
z 3 7 117 263
m7 145 3 7.7142857142857135 89.42857142857143 1.0
B11 0 275 50
z 0 11 275 50
m11 62 0 275 50
z 0 11 275 50
m11 204 0 275 50
B11 1 275 50
z 1 11 275 50
m11 62 1 275 50
z 1 11 275 50
m11 204 1 275 50
B11 2 275 50
B11 3 275 50
B16 2 131 174
B19 0 462 484
B19 1 462 484
B19 2 462 484
B21 0 201 113
z 0 21 201 113
m21 61 0 201 113
z 0 21 201 113
m21 190 0 201 113
z 0 21 201 113
m21 204 0 201 113
z 0 21 201 113
m21 215 0 201 113
B21 1 201 113
z 1 21 201 113
m21 61 1 201 113
z 1 21 201 113
m21 190 1 201 113
z 1 21 201 113
m21 204 1 201 113
z 1 21 201 113
m21 215 1 201 113
B21 2 201 113
z 2 21 201 113
m21 38 2 201 113
z 2 21 201 113
m21 42 2 201 113
z 2 21 201 113
m21 61 2 201 113
z 2 21 201 113
m21 190 2 201 113
z 2 21 201 113
m21 204 2 201 113
z 2 21 201 113
m21 215 2 201 113
B21 3 201 113
z 3 21 201 113
m21 204 3 9.428571428571429 104.85714285714286 0.0
B23 1 463 219
z 1 23 463 219
m23 124 1 463 219
B23 2 463 219
z 2 23 463 219
m23 124 2 463 219
B26 0 240 403
B26 1 240 403
B26 2 240 403
B26 3 240 403
B27 2 178 155
z 2 27 178 155
m27 42 2 178 155
z 2 27 178 155
m27 114 2 178 155
B32 0 97 69
z 0 32 97 69
m32 30 0 97 69
z 0 32 97 69
m32 50 0 97 69
z 0 32 97 69
m32 127 0 97 69
z 0 32 97 69
m32 138 0 97 69
z 0 32 97 69
m32 141 0 97 69
z 0 32 97 69
m32 173 0 97 69
z 0 32 97 69
m32 190 0 97 69
B32 3 97 69
z 3 32 97 69
m32 190 3 10.857142857142858 127.71428571428571 0.008050988238476518
z 3 32 97 69
m32 30 3 10.857142857142858 127.71428571428571 0.008050988238476518
z 3 32 97 69
m32 50 3 10.857142857142858 127.71428571428571 0.008050988238476518
z 3 32 97 69
m32 173 3 10.857142857142858 127.71428571428571 0.008050988238476518
B34 0 70 103
z 0 34 70 103
m34 50 0 70 103
z 0 34 70 103
m34 113 0 70 103
z 0 34 70 103
m34 127 0 70 103
z 0 34 70 103
m34 138 0 70 103
z 0 34 70 103
m34 141 0 70 103
z 0 34 70 103
m34 191 0 70 103
B34 1 70 103
B34 3 70 103
z 3 34 70 103
m34 113 3 11.0 128.42857142857144 0.25472507942131695
z 3 34 70 103
m34 141 3 11.0 128.42857142857144 0.25472507942131695
z 3 34 70 103
m34 138 3 11.0 128.42857142857144 0.25472507942131695
z 3 34 70 103
m34 191 3 11.0 128.42857142857144 0.25472507942131695
B36 0 155 486
B36 2 155 486
B36 3 155 486
B37 0 429 132
z 0 37 429 132
m37 134 0 429 132
B37 1 429 132
z 1 37 429 132
m37 124 1 429 132
z 1 37 429 132
m37 134 1 429 132
z 1 37 429 132
m37 196 1 429 132
z 1 37 429 132
m37 212 1 429 132
B37 2 429 132
B37 3 429 132
z 3 37 429 132
m37 149 3 9.142857142857142 94.28571428571429 0.13673553969085778
B38 0 137 74
z 0 38 137 74
m38 30 0 137 74
z 0 38 137 74
m38 61 0 137 74
z 0 38 137 74
m38 141 0 137 74
z 0 38 137 74
m38 173 0 137 74
z 0 38 137 74
m38 190 0 137 74
z 0 38 137 74
m38 215 0 137 74
B38 1 137 74
z 1 38 137 74
m38 30 1 137 74
z 1 38 137 74
m38 32 1 137 74
z 1 38 137 74
m38 61 1 137 74
z 1 38 137 74
m38 141 1 137 74
z 1 38 137 74
m38 173 1 137 74
z 1 38 137 74
m38 190 1 137 74
z 1 38 137 74
m38 215 1 137 74
B38 3 137 74
z 3 38 137 74
m38 141 3 11.0 128.42857142857144 0.25472507942131695
z 3 38 137 74
m38 215 3 11.0 128.42857142857144 0.25472507942131695
z 3 38 137 74
m38 190 3 11.0 128.42857142857144 0.25472507942131695
z 3 38 137 74
m38 30 3 11.0 128.42857142857144 0.25472507942131695
B40 0 134 160
B40 1 134 160
B40 2 134 160
z 2 40 134 160
m40 38 2 134 160
z 2 40 134 160
m40 42 2 134 160
z 2 40 134 160
m40 114 2 134 160
B40 3 134 160
B41 0 432 477
B41 1 432 477
B41 2 432 477
B42 0 177 112
z 0 42 177 112
m42 61 0 177 112
z 0 42 177 112
m42 190 0 177 112
B42 1 177 112
z 1 42 177 112
m42 61 1 177 112
z 1 42 177 112
m42 190 1 177 112
B42 3 177 112
B43 0 257 85
z 0 43 257 85
m43 61 0 257 85
z 0 43 257 85
m43 190 0 257 85
z 0 43 257 85
m43 204 0 257 85
B43 1 257 85
B43 2 257 85
z 2 43 257 85
m43 61 2 257 85
z 2 43 257 85
m43 190 2 257 85
z 2 43 257 85
m43 204 2 257 85
B43 3 257 85
B46 0 177 432
B46 1 177 432
z 1 46 177 432
m46 116 1 177 432
B46 2 177 432
B46 3 177 432
B47 1 376 115
B47 2 376 115
z 2 47 376 115
m47 54 2 376 115
z 2 47 376 115
m47 196 2 376 115
z 2 47 376 115
m47 212 2 376 115
B48 1 413 173
z 1 48 413 173
m48 124 1 413 173
z 1 48 413 173
m48 196 1 413 173
B48 2 413 173
z 2 48 413 173
m48 124 2 413 173
z 2 48 413 173
m48 196 2 413 173
B49 0 185 98
z 0 49 185 98
m49 61 0 185 98
z 0 49 185 98
m49 190 0 185 98
z 0 49 185 98
m49 215 0 185 98
B49 1 185 98
z 1 49 185 98
m49 61 1 185 98
z 1 49 185 98
m49 190 1 185 98
z 1 49 185 98
m49 215 1 185 98
B49 2 185 98
B49 3 185 98
B51 1 387 164
z 1 51 387 164
m51 124 1 387 164
B51 2 387 164
z 2 51 387 164
m51 124 2 387 164
B59 0 44 280
z 0 59 44 280
m59 85 0 44 280
B59 1 44 280
z 1 59 44 280
m59 85 1 44 280
B59 3 44 280
B63 0 97 105
z 0 63 97 105
m63 50 0 97 105
z 0 63 97 105
m63 113 0 97 105
z 0 63 97 105
m63 127 0 97 105
z 0 63 97 105
m63 138 0 97 105
z 0 63 97 105
m63 141 0 97 105
z 0 63 97 105
m63 191 0 97 105
B63 1 97 105
z 1 63 97 105
m63 32 1 97 105
z 1 63 97 105
m63 50 1 97 105
z 1 63 97 105
m63 113 1 97 105
z 1 63 97 105
m63 127 1 97 105
z 1 63 97 105
m63 138 1 97 105
z 1 63 97 105
m63 141 1 97 105
z 1 63 97 105
m63 191 1 97 105
B63 3 97 105
z 3 63 97 105
m63 113 3 11.0 128.42857142857144 0.25472507942131695
z 3 63 97 105
m63 138 3 11.0 128.42857142857144 0.25472507942131695
z 3 63 97 105
m63 141 3 11.0 128.42857142857144 0.25472507942131695
z 3 63 97 105
m63 50 3 11.0 128.42857142857144 0.25472507942131695
B69 0 237 445
B69 1 237 445
B69 2 237 445
B69 3 237 445
B70 0 44 114
z 0 70 44 114
m70 15 0 44 114
z 0 70 44 114
m70 50 0 44 114
z 0 70 44 114
m70 88 0 44 114
z 0 70 44 114
m70 113 0 44 114
z 0 70 44 114
m70 127 0 44 114
z 0 70 44 114
m70 138 0 44 114
z 0 70 44 114
m70 159 0 44 114
z 0 70 44 114
m70 191 0 44 114
B70 1 44 114
B70 3 44 114
z 3 70 44 114
m70 138 3 11.0 127.28571428571428 0.5108759491505105
z 3 70 44 114
m70 88 3 11.0 127.28571428571428 0.5108759491505105
z 3 70 44 114
m70 15 3 11.0 127.28571428571428 0.5108759491505105
z 3 70 44 114
m70 159 3 11.0 127.28571428571428 0.5108759491505105
z 3 70 44 114
m70 113 3 11.0 127.28571428571428 0.5108759491505105
z 3 70 44 114
m70 127 3 11.0 127.28571428571428 0.5108759491505105
z 3 70 44 114
m70 50 3 11.0 127.28571428571428 0.5108759491505105
B72 0 293 119
B72 1 293 119
B72 2 293 119
B72 3 293 119
B81 0 265 117
B81 1 265 117
B81 2 265 117
B81 3 265 117
B83 0 181 442
B83 1 181 442
z 1 83 181 442
m83 36 1 181 442
z 1 83 181 442
m83 116 1 181 442
B83 2 181 442
B83 3 181 442
B86 0 81 478
z 0 86 81 478
m86 140 0 81 478
B86 1 81 478
z 1 86 81 478
m86 140 1 81 478
B86 2 81 478
z 2 86 81 478
m86 140 2 81 478
B86 3 81 478
z 3 86 81 478
m86 140 3 11.5 138.16666666666669 -1.0
B87 0 328 92
B87 1 328 92
B87 2 328 92
B87 3 328 92
B95 0 67 304
B95 1 67 304
B95 2 67 304
z 2 95 67 304
m95 59 2 67 304
z 2 95 67 304
m95 171 2 67 304
B95 3 67 304
z 3 95 67 304
m95 145 3 8.857142857142858 100.85714285714285 1.0
B98 0 56 315
B98 1 56 315
B98 2 56 315
z 2 98 56 315
m98 59 2 56 315
z 2 98 56 315
m98 171 2 56 315
B98 3 56 315
z 3 98 56 315
m98 145 3 9.285714285714285 106.42857142857143 1.0
B106 0 57 410
z 0 106 57 410
m106 55 0 57 410
z 0 106 57 410
m106 89 0 57 410
z 0 106 57 410
m106 165 0 57 410
B106 1 57 410
z 1 106 57 410
m106 55 1 57 410
z 1 106 57 410
m106 89 1 57 410
z 1 106 57 410
m106 165 1 57 410
B106 2 57 410
z 2 106 57 410
m106 55 2 57 410
z 2 106 57 410
m106 89 2 57 410
z 2 106 57 410
m106 165 2 57 410
B106 3 57 410
B108 0 45 169
z 0 108 45 169
m108 15 0 45 169
z 0 108 45 169
m108 50 0 45 169
z 0 108 45 169
m108 85 0 45 169
z 0 108 45 169
m108 88 0 45 169
z 0 108 45 169
m108 113 0 45 169
z 0 108 45 169
m108 127 0 45 169
z 0 108 45 169
m108 159 0 45 169
z 0 108 45 169
m108 191 0 45 169
B108 1 45 169
z 1 108 45 169
m108 15 1 45 169
z 1 108 45 169
m108 50 1 45 169
z 1 108 45 169
m108 85 1 45 169
z 1 108 45 169
m108 88 1 45 169
z 1 108 45 169
m108 113 1 45 169
z 1 108 45 169
m108 127 1 45 169
z 1 108 45 169
m108 159 1 45 169
z 1 108 45 169
m108 191 1 45 169
B108 3 45 169
z 3 108 45 169
m108 50 3 11.0 127.28571428571428 0.5108759491505105
z 3 108 45 169
m108 127 3 11.0 127.28571428571428 0.5108759491505105
z 3 108 45 169
m108 85 3 11.0 127.28571428571428 0.5108759491505105
z 3 108 45 169
m108 159 3 11.0 127.28571428571428 0.5108759491505105
z 3 108 45 169
m108 191 3 11.0 127.28571428571428 0.5108759491505105
z 3 108 45 169
m108 88 3 11.0 127.28571428571428 0.5108759491505105
z 3 108 45 169
m108 113 3 11.0 127.28571428571428 0.5108759491505105
B111 0 407 126
z 0 111 407 126
m111 54 0 407 126
z 0 111 407 126
m111 134 0 407 126
B111 1 407 126
B111 2 407 126
z 2 111 407 126
m111 54 2 407 126
z 2 111 407 126
m111 124 2 407 126
z 2 111 407 126
m111 134 2 407 126
z 2 111 407 126
m111 196 2 407 126
z 2 111 407 126
m111 212 2 407 126
B112 0 79 342
B112 1 79 342
B112 2 79 342
B112 3 79 342
z 3 112 79 342
m112 145 3 9.285714285714285 106.42857142857143 1.0
B114 0 122 119
z 0 114 122 119
m114 50 0 122 119
z 0 114 122 119
m114 127 0 122 119
z 0 114 122 119
m114 141 0 122 119
B114 1 122 119
z 1 114 122 119
m114 32 1 122 119
z 1 114 122 119
m114 50 1 122 119
z 1 114 122 119
m114 127 1 122 119
z 1 114 122 119
m114 141 1 122 119
B114 3 122 119
z 3 114 122 119
m114 141 3 10.857142857142856 126.85714285714286 0.05308242627063468
B115 3 131 181
B116 0 149 497
B116 2 149 497
B116 3 149 497
B122 2 129 128
B124 0 455 146
z 0 124 455 146
m124 99 0 455 146
z 0 124 455 146
m124 134 0 455 146
B125 0 285 81
B125 1 285 81
B125 2 285 81
B125 3 285 81
B128 0 84 426
z 0 128 84 426
m128 55 0 84 426
z 0 128 84 426
m128 89 0 84 426
z 0 128 84 426
m128 165 0 84 426
B128 1 84 426
z 1 128 84 426
m128 55 1 84 426
z 1 128 84 426
m128 89 1 84 426
z 1 128 84 426
m128 165 1 84 426
B128 2 84 426
z 2 128 84 426
m128 55 2 84 426
z 2 128 84 426
m128 89 2 84 426
z 2 128 84 426
m128 165 2 84 426
B128 3 84 426
B131 2 60 204
z 2 131 60 204
m131 108 2 60 204
z 2 131 60 204
m131 139 2 60 204
B132 0 470 175
B132 1 470 175
z 1 132 470 175
m132 124 1 470 175
B132 2 470 175
B132 3 470 175
B133 0 243 482
B133 1 243 482
B133 2 243 482
B133 3 243 482
B136 3 127 406
B139 0 25 176
z 0 139 25 176
m139 15 0 25 176
z 0 139 25 176
m139 85 0 25 176
z 0 139 25 176
m139 88 0 25 176
z 0 139 25 176
m139 113 0 25 176
z 0 139 25 176
m139 159 0 25 176
B139 1 25 176
B139 3 25 176
z 3 139 25 176
m139 159 3 10.714285714285715 123.28571428571428 0.3568251077892809
z 3 139 25 176
m139 85 3 10.714285714285715 123.28571428571428 0.3568251077892809
z 3 139 25 176
m139 113 3 10.714285714285715 123.28571428571428 0.3568251077892809
B142 2 100 170
B145 0 67 281
B145 1 67 281
B145 2 67 281
z 2 145 67 281
m145 59 2 67 281
z 2 145 67 281
m145 171 2 67 281
B146 1 483 230
B146 2 483 230
B149 0 495 113
z 0 149 495 113
m149 99 0 495 113
B149 1 495 113
z 1 149 495 113
m149 99 1 495 113
z 1 149 495 113
m149 124 1 495 113
B152 0 64 492
z 0 152 64 492
m152 140 0 64 492
B152 1 64 492
z 1 152 64 492
m152 140 1 64 492
B152 2 64 492
z 2 152 64 492
m152 140 2 64 492
B152 3 64 492
z 3 152 64 492
m152 140 3 11.166666666666666 131.5 -1.0
B157 0 197 126
z 0 157 197 126
m157 61 0 197 126
z 0 157 197 126
m157 190 0 197 126
B157 1 197 126
z 1 157 197 126
m157 61 1 197 126
z 1 157 197 126
m157 190 1 197 126
B157 2 197 126
B157 3 197 126
B160 1 477 187
B160 2 477 187
z 2 160 477 187
m160 149 2 477 187
B164 0 80 162
z 0 164 80 162
m164 127 0 80 162
z 0 164 80 162
m164 191 0 80 162
B164 1 80 162
z 1 164 80 162
m164 127 1 80 162
z 1 164 80 162
m164 191 1 80 162
B164 2 80 162
z 2 164 80 162
m164 34 2 80 162
z 2 164 80 162
m164 63 2 80 162
z 2 164 80 162
m164 70 2 80 162
z 2 164 80 162
m164 108 2 80 162
z 2 164 80 162
m164 114 2 80 162
z 2 164 80 162
m164 127 2 80 162
z 2 164 80 162
m164 191 2 80 162
B164 3 80 162
B166 0 150 423
B166 1 150 423
z 1 166 150 423
m166 36 1 150 423
z 1 166 150 423
m166 116 1 150 423
B166 2 150 423
B166 3 150 423
B170 0 448 477
B170 1 448 477
B170 2 448 477
B171 0 18 304
B171 1 18 304
B171 3 18 304
B175 2 137 170
B176 0 180 427
B176 1 180 427
B176 2 180 427
B176 3 180 427
B177 0 288 22
z 0 177 288 22
m177 62 0 288 22
z 0 177 288 22
m177 158 0 288 22
z 0 177 288 22
m177 204 0 288 22
z 0 177 288 22
m177 216 0 288 22
B177 1 288 22
z 1 177 288 22
m177 62 1 288 22
z 1 177 288 22
m177 158 1 288 22
z 1 177 288 22
m177 204 1 288 22
z 1 177 288 22
m177 216 1 288 22
B177 2 288 22
z 2 177 288 22
m177 62 2 288 22
z 2 177 288 22
m177 158 2 288 22
z 2 177 288 22
m177 204 2 288 22
z 2 177 288 22
m177 216 2 288 22
B177 3 288 22
z 3 177 288 22
m177 216 3 9.0 90.42857142857143 0.0
B178 1 466 231
B178 2 466 231
B192 3 208 135
B196 0 415 82
z 0 196 415 82
m196 39 0 415 82
z 0 196 415 82
m196 54 0 415 82
z 0 196 415 82
m196 134 0 415 82
z 0 196 415 82
m196 187 0 415 82
z 0 196 415 82
m196 210 0 415 82
B196 3 415 82
z 3 196 415 82
m196 124 3 9.571428571428571 99.0 0.2849687912967141
z 3 196 415 82
m196 210 3 9.571428571428571 99.0 0.2849687912967141
z 3 196 415 82
m196 187 3 9.571428571428571 99.0 0.2849687912967141
z 3 196 415 82
m196 111 3 9.571428571428571 99.0 0.2849687912967141
z 3 196 415 82
m196 39 3 9.571428571428571 99.0 0.2849687912967141
B199 0 73 220
z 0 199 73 220
m199 85 0 73 220
B199 1 73 220
z 1 199 73 220
m199 85 1 73 220
B199 2 73 220
z 2 199 73 220
m199 59 2 73 220
z 2 199 73 220
m199 85 2 73 220
z 2 199 73 220
m199 108 2 73 220
z 2 199 73 220
m199 139 2 73 220
B199 3 73 220
B205 2 117 248
B206 1 490 186
B206 2 490 186
z 2 206 490 186
m206 124 2 490 186
z 2 206 490 186
m206 149 2 490 186
B207 0 68 457
z 0 207 68 457
m207 140 0 68 457
B207 1 68 457
z 1 207 68 457
m207 140 1 68 457
B207 2 68 457
B207 3 68 457
z 3 207 68 457
m207 140 3 10.166666666666668 117.5 -1.0
B208 3 492 336
B211 0 236 489
B211 1 236 489
z 1 211 236 489
m211 116 1 236 489
B211 2 236 489
B211 3 236 489
B212 0 437 74
z 0 212 437 74
m212 8 0 437 74
z 0 212 437 74
m212 39 0 437 74
z 0 212 437 74
m212 54 0 437 74
z 0 212 437 74
m212 99 0 437 74
z 0 212 437 74
m212 134 0 437 74
z 0 212 437 74
m212 143 0 437 74
z 0 212 437 74
m212 187 0 437 74
B212 3 437 74
z 3 212 437 74
m212 8 3 10.142857142857142 109.28571428571428 0.35154450582522534
z 3 212 437 74
m212 124 3 10.142857142857142 109.28571428571428 0.35154450582522534
z 3 212 437 74
m212 143 3 10.142857142857142 109.28571428571428 0.35154450582522534
z 3 212 437 74
m212 111 3 10.142857142857142 109.28571428571428 0.35154450582522534
z 3 212 437 74
m212 39 3 10.142857142857142 109.28571428571428 0.35154450582522534
z 3 212 437 74
m212 187 3 10.142857142857142 109.28571428571428 0.35154450582522534
z 3 212 437 74
m212 99 3 10.142857142857142 109.28571428571428 0.35154450582522534
B214 0 352 104
z 0 214 352 104
m214 39 0 352 104
z 0 214 352 104
m214 54 0 352 104
B214 1 352 104
z 1 214 352 104
m214 39 1 352 104
z 1 214 352 104
m214 54 1 352 104
z 1 214 352 104
m214 196 1 352 104
z 1 214 352 104
m214 212 1 352 104
B214 2 352 104
B214 3 352 104
B219 1 497 167
z 1 219 497 167
m219 124 1 497 167
B219 2 497 167
B8 0 373 34
z 0 8 373 34
m8 77 0 373 34
B8 3 373 34
B15 0 21 151
B15 1 21 151
B15 3 21 151
B30 0 132 40
z 0 30 132 40
m30 179 0 132 40
B30 1 132 40
z 1 30 132 40
m30 179 1 132 40
B30 3 132 40
B32 1 87 75
B34 2 59 101
B36 1 155 474
B38 2 139 62
z 2 38 139 62
m38 30 2 139 62
z 2 38 139 62
m38 32 2 139 62
z 2 38 139 62
m38 141 2 139 62
z 2 38 139 62
m38 173 2 139 62
z 2 38 139 62
m38 179 2 139 62
B39 0 372 48
z 0 39 372 48
m39 77 0 372 48
B39 1 372 48
z 1 39 372 48
m39 8 1 372 48
z 1 39 372 48
m39 77 1 372 48
z 1 39 372 48
m39 143 1 372 48
z 1 39 372 48
m39 187 1 372 48
z 1 39 372 48
m39 210 1 372 48
B39 3 372 48
z 3 39 372 48
m39 134 3 8.875 88.625 0.09031662868652222
B42 2 189 114
B50 0 63 107
B50 1 63 107
B50 3 63 107
B54 0 413 83
z 0 54 413 83
m54 77 0 413 83
B54 1 413 83
z 1 54 413 83
m54 8 1 413 83
z 1 54 413 83
m54 77 1 413 83
z 1 54 413 83
m54 143 1 413 83
z 1 54 413 83
m54 187 1 413 83
B54 2 413 83
B55 0 22 419
z 0 55 22 419
m55 185 0 22 419
B55 1 22 419
z 1 55 22 419
m55 185 1 22 419
B55 2 22 419
B59 2 52 271
B61 0 174 79
z 0 61 174 79
m61 179 0 174 79
B61 1 174 79
B61 2 174 79
z 2 61 174 79
m61 30 2 174 79
z 2 61 174 79
m61 173 2 174 79
z 2 61 174 79
m61 179 2 174 79
B61 3 174 79
B62 0 259 8
B62 1 259 8
B62 2 259 8
B63 2 106 97
z 2 63 106 97
m63 32 2 106 97
z 2 63 106 97
m63 50 2 106 97
z 2 63 106 97
m63 138 2 106 97
z 2 63 106 97
m63 141 2 106 97
z 2 63 106 97
m63 173 2 106 97
B70 2 38 103
z 2 70 38 103
m70 15 2 38 103
z 2 70 38 103
m70 32 2 38 103
z 2 70 38 103
m70 50 2 38 103
z 2 70 38 103
m70 88 2 38 103
z 2 70 38 103
m70 113 2 38 103
z 2 70 38 103
m70 138 2 38 103
z 2 70 38 103
m70 159 2 38 103
B85 0 22 235
B85 1 22 235
B85 2 22 235
B85 3 22 235
B88 0 12 173
B88 1 12 173
B88 3 12 173
B89 0 65 478
z 0 89 65 478
m89 140 0 65 478
B89 1 65 478
z 1 89 65 478
m89 140 1 65 478
B89 2 65 478
z 2 89 65 478
m89 140 2 65 478
B99 0 474 95
B99 1 474 95
B99 3 474 95
B108 2 48 180
z 2 108 48 180
m108 15 2 48 180
z 2 108 48 180
m108 50 2 48 180
z 2 108 48 180
m108 88 2 48 180
z 2 108 48 180
m108 113 2 48 180
B111 3 395 124
B113 0 25 156
B113 1 25 156
B113 3 25 156
B114 2 133 124
B116 1 156 496
B124 1 456 158
B124 2 456 158
z 2 124 456 158
m124 99 2 456 158
B124 3 456 158
z 3 124 456 158
m124 134 3 8.5 86.75 1.0
B127 0 86 105
B127 1 86 105
B127 2 86 105
z 2 127 86 105
m127 32 2 86 105
z 2 127 86 105
m127 50 2 86 105
z 2 127 86 105
m127 113 2 86 105
z 2 127 86 105
m127 138 2 86 105
z 2 127 86 105
m127 141 2 86 105
B127 3 86 105
B134 0 445 86
z 0 134 445 86
m134 77 0 445 86
B134 1 445 86
z 1 134 445 86
m134 77 1 445 86
z 1 134 445 86
m134 187 1 445 86
B134 2 445 86
B138 0 75 50
B138 1 75 50
B138 3 75 50
B139 2 32 167
B141 0 91 37
B141 1 91 37
B141 3 91 37
B143 0 411 8
z 0 143 411 8
m143 77 0 411 8
B143 3 411 8
B144 0 209 5
z 0 144 209 5
m144 179 0 209 5
B144 1 209 5
B145 3 78 287
B149 2 494 101
z 2 149 494 101
m149 99 2 494 101
B149 3 494 101
z 3 149 494 101
m149 134 3 8.125 82.625 1.0
B158 0 326 31
B158 1 326 31
B158 2 326 31
z 2 158 326 31
m158 8 2 326 31
z 2 158 326 31
m158 39 2 326 31
B159 0 16 122
B159 1 16 122
B159 3 16 122
B165 0 19 424
z 0 165 19 424
m165 185 0 19 424
B165 1 19 424
z 1 165 19 424
m165 185 1 19 424
B165 2 19 424
z 2 165 19 424
m165 185 2 19 424
B171 2 22 315
B173 0 146 50
z 0 173 146 50
m173 179 0 146 50
B173 1 146 50
z 1 173 146 50
m173 179 1 146 50
B173 3 146 50
B187 0 433 17
z 0 187 433 17
m187 77 0 433 17
B187 3 433 17
B190 0 185 91
z 0 190 185 91
m190 179 0 185 91
B190 1 185 91
z 1 190 185 91
m190 179 1 185 91
B190 2 185 91
z 2 190 185 91
m190 30 2 185 91
z 2 190 185 91
m190 173 2 185 91
z 2 190 185 91
m190 179 2 185 91
B190 3 185 91
z 3 190 185 91
m190 179 3 9.625 111.875 1.0
B191 0 69 108
B191 1 69 108
B191 2 69 108
B191 3 69 108
B196 1 421 71
B196 2 421 71
B204 0 214 13
z 0 204 214 13
m204 179 0 214 13
B204 1 214 13
B204 2 214 13
z 2 204 214 13
m204 144 2 214 13
z 2 204 214 13
m204 179 2 214 13
B204 3 214 13
B210 0 403 5
z 0 210 403 5
m210 77 0 403 5
B210 3 403 5
B212 1 449 77
z 1 212 449 77
m212 8 1 449 77
z 1 212 449 77
m212 187 1 449 77
B212 2 449 77
z 2 212 449 77
m212 8 2 449 77
z 2 212 449 77
m212 39 2 449 77
z 2 212 449 77
m212 99 2 449 77
z 2 212 449 77
m212 187 2 449 77
B215 0 156 34
z 0 215 156 34
m215 179 0 156 34
B215 1 156 34
z 1 215 156 34
m215 179 1 156 34
B215 2 156 34
z 2 215 156 34
m215 30 2 156 34
z 2 215 156 34
m215 144 2 156 34
z 2 215 156 34
m215 173 2 156 34
z 2 215 156 34
m215 179 2 156 34
B215 3 156 34
B216 0 369 17
z 0 216 369 17
m216 77 0 369 17
B216 1 369 17
z 1 216 369 17
m216 8 1 369 17
z 1 216 369 17
m216 77 1 369 17
z 1 216 369 17
m216 143 1 369 17
z 1 216 369 17
m216 187 1 369 17
z 1 216 369 17
m216 210 1 369 17
B216 2 369 17
B216 3 369 17
B8 1 365 42
B8 2 365 42
B15 2 29 142
B30 2 127 51
B32 2 76 81
B39 2 360 46
B50 2 72 116
B77 0 397 9
B77 1 397 9
B88 2 12 185
B99 2 468 105
B113 2 29 167
B134 3 445 98
z 3 134 445 98
m134 54 3 8.0 78.88888888888889 1.0
B138 2 84 42
B141 2 90 25
B143 1 405 19
B144 2 220 7
B159 2 27 127
B173 2 156 56
B179 0 163 53
B179 1 163 53
B179 2 163 53
B179 3 163 53
z 3 179 163 53
m179 144 3 8.666666666666666 99.55555555555556 1.0
B185 0 25 450
B185 1 25 450
B185 2 25 450
B187 1 441 8
B187 2 441 8
z 2 187 441 8
m187 77 2 441 8
z 2 187 441 8
m187 143 2 441 8
z 2 187 441 8
m187 210 2 441 8
B210 1 404 17
B54 3 413 107
B77 2 385 11
B143 2 400 29
B144 3 232 10
z 3 144 232 10
m144 62 3 7.8999999999999995 89.69999999999999 1.0
B210 2 406 29
B62 3 294 15
z 3 62 294 15
m62 158 3 7.2727272727272725 81.63636363636363 1.0
B158 3 309 76
