287 414 478 121
s 0 194 242 129 0
s 1 276 362 264 0
s 2 159 217 193 0
s 3 20 408 36 0
s 4 131 88 29 0
s 5 95 103 135 0
s 6 102 367 103 0
s 7 60 263 136 0
s 8 125 172 301 0
s 9 180 236 327 0
s 10 209 232 94 0
s 11 456 55 22 0
s 12 228 111 194 0
s 13 53 403 348 0
s 14 166 133 286 0
s 15 60 264 129 0
s 16 298 142 305 0
s 17 223 360 121 0
s 18 137 153 61 0
s 19 266 358 278 0
s 20 366 185 61 0
s 21 68 198 245 0
s 22 374 278 263 0
s 23 324 113 355 0
s 24 389 169 95 0
s 25 373 79 13 0
s 26 40 445 129 0
s 27 439 122 163 0
s 28 363 226 344 0
s 29 412 447 264 0
s 30 328 189 168 0
s 31 226 113 15 0
s 32 139 284 292 0
s 33 49 470 204 0
s 34 45 312 85 0
s 35 384 307 173 0
s 36 268 328 288 0
s 37 451 177 189 0
s 38 176 409 42 0
s 39 117 4 340 0
s 40 0 192 43 0
s 41 323 472 5 0
s 42 0 15 205 0
s 43 337 217 357 0
s 44 26 254 48 0
s 45 450 412 51 0
s 46 147 265 83 0
s 47 85 53 153 0
s 48 331 198 128 0
s 49 297 335 47 0
s 50 15 142 172 0
s 51 305 153 336 0
s 52 417 222 226 0
s 53 78 68 186 0
s 54 230 185 332 0
s 55 245 377 86 0
s 56 478 121 238 0
s 57 363 124 305 0
s 58 359 471 326 0
s 59 181 456 262 0
s 60 388 48 116 0
s 61 141 419 266 0
s 62 301 177 106 0
s 63 489 218 27 0
s 64 192 89 176 0
s 65 202 183 276 0
s 66 290 205 39 0
s 67 270 478 48 0
s 68 64 335 224 0
s 69 203 314 42 0
s 70 107 52 248 0
s 71 253 29 126 0
s 72 442 199 82 0
s 73 476 66 87 0
s 74 88 497 306 0
s 75 100 155 229 0
s 76 312 14 225 0
s 77 371 479 137 0
s 78 165 123 274 0
s 79 0 358 127 0
s 80 356 175 304 0
s 81 302 77 233 0
s 82 104 273 106 0
s 83 23 481 235 0
s 84 371 176 76 0
s 85 150 361 335 0
s 86 233 203 179 0
s 87 217 134 351 0
s 88 87 261 173 0
s 89 246 181 193 0
s 90 355 26 275 0
s 91 217 288 19 0
s 92 198 254 12 0
s 93 396 79 340 0
s 94 154 383 215 0
s 95 362 90 108 0
s 96 72 235 29 0
s 97 152 176 248 0
s 98 227 353 120 0
s 99 346 398 221 0
s 100 285 238 292 0
s 101 24 193 191 0
s 102 498 176 65 0
s 103 331 176 277 0
s 104 251 34 122 0
s 105 291 132 13 0
s 106 57 134 149 0
s 107 252 299 142 0
s 108 332 239 208 0
s 109 244 107 55 0
s 110 36 245 124 0
s 111 120 449 211 0
s 112 455 115 353 0
s 113 418 254 142 0
s 114 423 394 190 0
s 115 170 145 120 0
s 116 304 334 27 0
s 117 236 68 84 0
s 118 222 61 333 0
s 119 1 46 141 0
s 120 287 296 133 0
s 121 444 409 357 0
s 122 144 495 214 0
s 123 94 13 354 0
s 124 494 249 161 0
s 125 290 331 94 0
s 126 482 442 334 0
s 127 140 473 218 0
s 128 436 459 106 0
s 129 85 228 71 0
s 130 81 429 104 0
s 131 40 437 163 0
s 132 368 81 189 0
s 133 70 192 51 0
s 134 219 90 284 0
s 135 225 61 66 0
s 136 22 105 330 0
s 137 429 277 254 0
s 138 487 143 32 0
s 139 82 409 194 0
s 140 75 343 83 0
s 141 268 216 149 0
s 142 90 319 273 0
s 143 282 86 53 0
s 144 152 388 114 0
s 145 37 450 159 0
s 146 253 389 265 0
s 147 155 141 191 0
s 148 139 294 286 0
s 149 72 105 209 0
s 150 218 333 130 0
s 151 497 141 321 0
s 152 28 376 310 0
s 153 281 345 156 0
s 154 34 288 311 0
s 155 251 487 290 0
s 156 462 102 162 0
s 157 460 301 311 0
s 158 136 7 17 0
s 159 471 15 190 0
s 160 46 405 335 0
s 161 257 3 298 0
s 162 367 361 222 0
s 163 252 105 210 0
s 164 420 20 283 0
s 165 485 497 216 0
s 166 386 273 250 0
s 167 481 411 341 0
s 168 472 41 171 0
s 169 260 32 59 0
s 170 8 443 112 0
s 171 285 493 127 0
s 172 421 401 91 0
s 173 322 408 34 0
s 174 308 327 345 0
s 175 418 7 308 0
s 176 397 253 36 0
s 177 387 259 124 0
s 178 349 18 18 0
s 179 76 218 240 0
s 180 452 477 6 0
s 181 494 235 189 0
s 182 205 492 273 0
s 183 221 460 26 0
s 184 283 54 183 0
s 185 7 157 7 0
s 186 396 101 295 0
s 187 447 250 276 0
s 188 248 456 104 0
s 189 287 414 224 0
s 190 163 205 165 0
s 191 245 77 200 0
s 192 67 492 118 0
s 193 422 452 313 0
s 194 415 486 219 0
s 195 191 443 28 0
s 196 349 146 45 0
s 197 29 332 339 0
s 198 455 233 234 0
s 199 114 25 85 0
s 200 394 470 45 0
s 201 200 420 83 0
s 202 480 224 104 0
s 203 204 338 38 0
s 204 427 390 151 0
s 205 0 356 190 0
s 206 71 313 27 0
s 207 255 52 128 0
s 208 176 37 359 0
s 209 261 1 173 0
s 210 277 392 51 0
s 211 372 82 154 0
s 212 415 260 139 0
s 213 376 112 88 0
s 214 46 78 146 0
s 215 417 331 73 0
s 216 307 381 185 0
s 217 443 17 317 0
s 218 155 287 118 0
s 219 328 380 296 0
s 220 47 80 347 0
s 221 242 97 265 0
s 222 378 220 245 0
s 223 107 158 8 0
s 224 489 410 293 0
s 225 380 351 307 0
s 226 16 339 262 0
s 227 342 24 294 0
s 228 103 440 220 0
s 229 335 323 47 0
s 230 457 496 277 0
s 231 24 360 267 0
s 232 230 419 207 0
s 233 164 137 47 0
s 234 295 131 14 0
s 235 203 180 54 0
s 236 230 33 296 0
s 237 272 322 43 0
s 238 52 278 263 0
s 239 139 396 266 0
B189 0 269 397
z 0 189 269 397
m189 1 0 269 397
z 0 189 269 397
m189 19 0 269 397
z 0 189 269 397
m189 55 0 269 397
z 0 189 269 397
m189 67 0 269 397
z 0 189 269 397
m189 146 0 269 397
z 0 189 269 397
m189 153 0 269 397
z 0 189 269 397
m189 173 0 269 397
z 0 189 269 397
m189 188 0 269 397
z 0 189 269 397
m189 210 0 269 397
z 0 189 269 397
m189 216 0 269 397
z 0 189 269 397
m189 219 0 269 397
z 0 189 269 397
m189 232 0 269 397
B189 1 269 397
z 1 189 269 397
m189 1 1 269 397
z 1 189 269 397
m189 19 1 269 397
z 1 189 269 397
m189 55 1 269 397
z 1 189 269 397
m189 67 1 269 397
z 1 189 269 397
m189 146 1 269 397
z 1 189 269 397
m189 153 1 269 397
z 1 189 269 397
m189 173 1 269 397
z 1 189 269 397
m189 188 1 269 397
z 1 189 269 397
m189 210 1 269 397
z 1 189 269 397
m189 216 1 269 397
z 1 189 269 397
m189 219 1 269 397
z 1 189 269 397
m189 232 1 269 397
B189 2 269 397
z 2 189 269 397
m189 1 2 269 397
z 2 189 269 397
m189 19 2 269 397
z 2 189 269 397
m189 55 2 269 397
z 2 189 269 397
m189 67 2 269 397
z 2 189 269 397
m189 146 2 269 397
z 2 189 269 397
m189 153 2 269 397
z 2 189 269 397
m189 173 2 269 397
z 2 189 269 397
m189 188 2 269 397
z 2 189 269 397
m189 210 2 269 397
z 2 189 269 397
m189 216 2 269 397
z 2 189 269 397
m189 219 2 269 397
z 2 189 269 397
m189 232 2 269 397
B189 3 269 397
z 3 189 269 397
m189 1 3 14.0 196.0 1.0
z 3 189 269 397
m189 19 3 14.0 196.0 1.0
z 3 189 269 397
m189 55 3 14.0 196.0 1.0
z 3 189 269 397
m189 67 3 14.0 196.0 1.0
z 3 189 269 397
m189 146 3 14.0 196.0 1.0
z 3 189 269 397
m189 153 3 14.0 196.0 1.0
z 3 189 269 397
m189 173 3 14.0 196.0 1.0
z 3 189 269 397
m189 188 3 14.0 196.0 1.0
z 3 189 269 397
m189 210 3 14.0 196.0 1.0
z 3 189 269 397
m189 216 3 14.0 196.0 1.0
z 3 189 269 397
m189 219 3 14.0 196.0 1.0
z 3 189 269 397
m189 232 3 14.0 196.0 1.0
B1 0 271 313
z 0 1 271 313
m1 36 0 271 313
z 0 1 271 313
m1 49 0 271 313
z 0 1 271 313
m1 91 0 271 313
z 0 1 271 313
m1 116 0 271 313
z 0 1 271 313
m1 120 0 271 313
z 0 1 271 313
m1 125 0 271 313
z 0 1 271 313
m1 162 0 271 313
z 0 1 271 313
m1 174 0 271 313
z 0 1 271 313
m1 203 0 271 313
z 0 1 271 313
m1 237 0 271 313
B1 1 271 313
z 1 1 271 313
m1 36 1 271 313
z 1 1 271 313
m1 49 1 271 313
z 1 1 271 313
m1 91 1 271 313
z 1 1 271 313
m1 116 1 271 313
z 1 1 271 313
m1 120 1 271 313
z 1 1 271 313
m1 125 1 271 313
z 1 1 271 313
m1 162 1 271 313
z 1 1 271 313
m1 174 1 271 313
z 1 1 271 313
m1 203 1 271 313
z 1 1 271 313
m1 237 1 271 313
B1 2 271 313
B1 3 271 313
z 3 1 271 313
m1 36 3 14.333333333333334 205.66666666666666 1.0
z 3 1 271 313
m1 49 3 14.333333333333334 205.66666666666666 1.0
z 3 1 271 313
m1 91 3 14.333333333333334 205.66666666666666 1.0
z 3 1 271 313
m1 116 3 14.333333333333334 205.66666666666666 1.0
z 3 1 271 313
m1 120 3 14.333333333333334 205.66666666666666 1.0
z 3 1 271 313
m1 125 3 14.333333333333334 205.66666666666666 1.0
z 3 1 271 313
m1 162 3 14.333333333333334 205.66666666666666 1.0
z 3 1 271 313
m1 174 3 14.333333333333334 205.66666666666666 1.0
z 3 1 271 313
m1 203 3 14.333333333333334 205.66666666666666 1.0
z 3 1 271 313
m1 237 3 14.333333333333334 205.66666666666666 1.0
B19 0 273 310
z 0 19 273 310
m19 69 0 273 310
z 0 19 273 310
m19 98 0 273 310
B19 1 273 310
z 1 19 273 310
m19 69 1 273 310
z 1 19 273 310
m19 98 1 273 310
B19 2 273 310
z 2 19 273 310
m19 36 2 273 310
z 2 19 273 310
m19 49 2 273 310
z 2 19 273 310
m19 69 2 273 310
z 2 19 273 310
m19 91 2 273 310
z 2 19 273 310
m19 98 2 273 310
z 2 19 273 310
m19 116 2 273 310
z 2 19 273 310
m19 120 2 273 310
z 2 19 273 310
m19 125 2 273 310
z 2 19 273 310
m19 203 2 273 310
z 2 19 273 310
m19 237 2 273 310
B19 3 273 310
z 3 19 273 310
m19 69 3 11.0 139.0 1.0
z 3 19 273 310
m19 98 3 11.0 139.0 1.0
B55 0 249 426
z 0 55 249 426
m55 17 0 249 426
z 0 55 249 426
m55 38 0 249 426
z 0 55 249 426
m55 150 0 249 426
B55 1 249 426
z 1 55 249 426
m55 17 1 249 426
z 1 55 249 426
m55 38 1 249 426
z 1 55 249 426
m55 150 1 249 426
B55 2 249 426
z 2 55 249 426
m55 17 2 249 426
z 2 55 249 426
m55 38 2 249 426
z 2 55 249 426
m55 150 2 249 426
B55 3 249 426
z 3 55 249 426
m55 17 3 11.666666666666668 147.0 1.0
z 3 55 249 426
m55 38 3 11.666666666666668 147.0 1.0
z 3 55 249 426
m55 150 3 11.666666666666668 147.0 1.0
B67 0 270 491
z 0 67 270 491
m67 155 0 270 491
z 0 67 270 491
m67 171 0 270 491
z 0 67 270 491
m67 183 0 270 491
B67 1 270 491
z 1 67 270 491
m67 155 1 270 491
z 1 67 270 491
m67 171 1 270 491
z 1 67 270 491
m67 183 1 270 491
B67 2 270 491
B67 3 270 491
z 3 67 270 491
m67 155 3 11.0 139.0 1.0
z 3 67 270 491
m67 171 3 11.0 139.0 1.0
z 3 67 270 491
m67 183 3 11.0 139.0 1.0
B146 0 249 340
B146 1 249 340
B146 2 249 340
B146 3 249 340
B153 0 236 365
z 0 153 236 365
m153 107 0 236 365
B153 1 236 365
z 1 153 236 365
m153 107 1 236 365
B153 2 236 365
z 2 153 236 365
m153 107 2 236 365
B153 3 236 365
B173 0 363 435
z 0 173 363 435
m173 41 0 363 435
z 0 173 363 435
m173 58 0 363 435
z 0 173 363 435
m173 77 0 363 435
z 0 173 363 435
m173 99 0 363 435
B173 1 363 435
z 1 173 363 435
m173 41 1 363 435
z 1 173 363 435
m173 58 1 363 435
z 1 173 363 435
m173 77 1 363 435
z 1 173 363 435
m173 99 1 363 435
B173 2 363 435
z 2 173 363 435
m173 41 2 363 435
z 2 173 363 435
m173 58 2 363 435
z 2 173 363 435
m173 77 2 363 435
z 2 173 363 435
m173 99 2 363 435
B173 3 363 435
z 3 173 363 435
m173 41 3 12.0 152.0 1.0
z 3 173 363 435
m173 58 3 12.0 152.0 1.0
z 3 173 363 435
m173 77 3 12.0 152.0 1.0
z 3 173 363 435
m173 99 3 12.0 152.0 1.0
B188 0 235 494
z 0 188 235 494
m188 182 0 235 494
z 0 188 235 494
m188 195 0 235 494
z 0 188 235 494
m188 201 0 235 494
B188 1 235 494
z 1 188 235 494
m188 182 1 235 494
z 1 188 235 494
m188 195 1 235 494
z 1 188 235 494
m188 201 1 235 494
B188 2 235 494
B188 3 235 494
z 3 188 235 494
m188 182 3 10.333333333333334 133.66666666666666 0.7758478081058728
z 3 188 235 494
m188 201 3 10.333333333333334 133.66666666666666 0.7758478081058728
z 3 188 235 494
m188 195 3 10.333333333333334 133.66666666666666 0.7758478081058728
B210 0 308 430
B210 1 308 430
B210 2 308 430
B210 3 308 430
B216 0 258 376
B216 1 258 376
B216 2 258 376
B216 3 258 376
B219 0 349 336
z 0 219 349 336
m219 35 0 349 336
z 0 219 349 336
m219 114 0 349 336
z 0 219 349 336
m219 229 0 349 336
B219 1 349 336
z 1 219 349 336
m219 35 1 349 336
z 1 219 349 336
m219 114 1 349 336
z 1 219 349 336
m219 229 1 349 336
B219 2 349 336
z 2 219 349 336
m219 35 2 349 336
z 2 219 349 336
m219 114 2 349 336
z 2 219 349 336
m219 162 2 349 336
z 2 219 349 336
m219 174 2 349 336
z 2 219 349 336
m219 229 2 349 336
B219 3 349 336
z 3 219 349 336
m219 35 3 10.666666666666668 136.0 1.0
z 3 219 349 336
m219 114 3 10.666666666666668 136.0 1.0
z 3 219 349 336
m219 229 3 10.666666666666668 136.0 1.0
B232 0 187 397
z 0 232 187 397
m232 59 0 187 397
z 0 232 187 397
m232 85 0 187 397
B232 1 187 397
z 1 232 187 397
m232 59 1 187 397
z 1 232 187 397
m232 85 1 187 397
B232 2 187 397
z 2 232 187 397
m232 59 2 187 397
z 2 232 187 397
m232 85 2 187 397
z 2 232 187 397
m232 195 2 187 397
z 2 232 187 397
m232 201 2 187 397
B232 3 187 397
z 3 232 187 397
m232 59 3 10.666666666666668 136.0 1.0
z 3 232 187 397
m232 85 3 10.666666666666668 136.0 1.0
B17 0 185 422
z 0 17 185 422
m17 144 0 185 422
B17 1 185 422
z 1 17 185 422
m17 144 1 185 422
B17 2 185 422
B17 3 185 422
B35 0 312 316
z 0 35 312 316
m35 113 0 312 316
z 0 35 312 316
m35 177 0 312 316
B35 1 312 316
z 1 35 312 316
m35 113 1 312 316
z 1 35 312 316
m35 177 1 312 316
B35 2 312 316
B35 3 312 316
z 3 35 312 316
m35 113 3 8.75 104.25 0.7614994934143868
z 3 35 312 316
m35 177 3 8.75 104.25 0.7614994934143868
B36 0 290 258
z 0 36 290 258
m36 48 0 290 258
z 0 36 290 258
m36 62 0 290 258
z 0 36 290 258
m36 66 0 290 258
z 0 36 290 258
m36 92 0 290 258
z 0 36 290 258
m36 108 0 290 258
B36 1 290 258
B36 2 290 258
z 2 36 290 258
m36 48 2 290 258
z 2 36 290 258
m36 62 2 290 258
z 2 36 290 258
m36 66 2 290 258
z 2 36 290 258
m36 92 2 290 258
z 2 36 290 258
m36 108 2 290 258
B36 3 290 258
z 3 36 290 258
m36 108 3 12.25 163.25 0.0
z 3 36 290 258
m36 66 3 12.25 163.25 0.0
B38 0 231 458
B38 1 231 458
B38 2 231 458
z 2 38 231 458
m38 182 2 231 458
B38 3 231 458
B41 0 396 478
z 0 41 396 478
m41 165 0 396 478
z 0 41 396 478
m41 172 0 396 478
z 0 41 396 478
m41 194 0 396 478
z 0 41 396 478
m41 200 0 396 478
z 0 41 396 478
m41 204 0 396 478
B41 1 396 478
z 1 41 396 478
m41 165 1 396 478
z 1 41 396 478
m41 172 1 396 478
z 1 41 396 478
m41 194 1 396 478
z 1 41 396 478
m41 200 1 396 478
z 1 41 396 478
m41 204 1 396 478
B41 2 396 478
z 2 41 396 478
m41 165 2 396 478
z 2 41 396 478
m41 172 2 396 478
z 2 41 396 478
m41 194 2 396 478
z 2 41 396 478
m41 200 2 396 478
z 2 41 396 478
m41 204 2 396 478
B41 3 396 478
z 3 41 396 478
m41 204 3 10.5 123.0 0.7755102040816326
z 3 41 396 478
m41 194 3 10.5 123.0 0.7755102040816326
z 3 41 396 478
m41 165 3 10.5 123.0 0.7755102040816326
z 3 41 396 478
m41 200 3 10.5 123.0 0.7755102040816326
z 3 41 396 478
m41 172 3 10.5 123.0 0.7755102040816326
B49 0 346 388
B49 1 346 388
B49 2 346 388
B49 3 346 388
B58 0 419 430
z 0 58 419 430
m58 29 0 419 430
z 0 58 419 430
m58 167 0 419 430
z 0 58 419 430
m58 193 0 419 430
z 0 58 419 430
m58 215 0 419 430
z 0 58 419 430
m58 230 0 419 430
B58 1 419 430
z 1 58 419 430
m58 29 1 419 430
z 1 58 419 430
m58 167 1 419 430
z 1 58 419 430
m58 193 1 419 430
z 1 58 419 430
m58 215 1 419 430
z 1 58 419 430
m58 230 1 419 430
B58 2 419 430
z 2 58 419 430
m58 29 2 419 430
z 2 58 419 430
m58 167 2 419 430
z 2 58 419 430
m58 193 2 419 430
z 2 58 419 430
m58 215 2 419 430
z 2 58 419 430
m58 230 2 419 430
B58 3 419 430
z 3 58 419 430
m58 193 3 10.5 123.0 0.7755102040816326
z 3 58 419 430
m58 29 3 10.5 123.0 0.7755102040816326
z 3 58 419 430
m58 230 3 10.5 123.0 0.7755102040816326
z 3 58 419 430
m58 215 3 10.5 123.0 0.7755102040816326
z 3 58 419 430
m58 167 3 10.5 123.0 0.7755102040816326
B59 0 171 384
z 0 59 171 384
m59 61 0 171 384
z 0 59 171 384
m59 239 0 171 384
B59 1 171 384
z 1 59 171 384
m59 61 1 171 384
z 1 59 171 384
m59 239 1 171 384
B59 2 171 384
z 2 59 171 384
m59 61 2 171 384
z 2 59 171 384
m59 144 2 171 384
z 2 59 171 384
m59 239 2 171 384
B59 3 171 384
z 3 59 171 384
m59 61 3 9.0 106.0 1.0
z 3 59 171 384
m59 144 3 9.0 106.0 1.0
z 3 59 171 384
m59 239 3 9.0 106.0 1.0
B69 0 257 363
z 0 69 257 363
m69 10 0 257 363
B69 1 257 363
B69 2 257 363
z 2 69 257 363
m69 10 2 257 363
B69 3 257 363
B77 0 385 475
z 0 77 385 475
m77 128 0 385 475
B77 1 385 475
z 1 77 385 475
m77 128 1 385 475
B77 2 385 475
z 2 77 385 475
m77 128 2 385 475
B77 3 385 475
z 3 77 385 475
m77 128 3 9.25 114.25 1.0
B85 0 216 330
z 0 85 216 330
m85 46 0 216 330
z 0 85 216 330
m85 218 0 216 330
B85 1 216 330
B85 2 216 330
z 2 85 216 330
m85 46 2 216 330
z 2 85 216 330
m85 218 2 216 330
B85 3 216 330
z 3 85 216 330
m85 46 3 9.25 108.25 1.0
z 3 85 216 330
m85 107 3 9.25 108.25 1.0
z 3 85 216 330
m85 218 3 9.25 108.25 1.0
B91 0 286 312
B91 1 286 312
B91 2 286 312
B91 3 286 312
B98 0 190 416
B98 1 190 416
B98 2 190 416
B98 3 190 416
B99 0 291 351
B99 1 291 351
B99 2 291 351
B99 3 291 351
B107 0 195 344
z 0 107 195 344
m107 0 0 195 344
B107 1 195 344
z 1 107 195 344
m107 0 1 195 344
z 1 107 195 344
m107 10 1 195 344
z 1 107 195 344
m107 46 1 195 344
B107 2 195 344
B114 0 351 382
B114 1 351 382
B114 2 351 382
B114 3 351 382
B116 0 369 367
B116 1 369 367
B116 2 369 367
B116 3 369 367
B120 0 237 350
B120 1 237 350
B120 2 237 350
B120 3 237 350
B125 0 285 404
B125 1 285 404
B125 2 285 404
B125 3 285 404
B150 0 171 389
B150 1 171 389
z 1 150 171 389
m150 218 1 171 389
B150 2 171 389
B150 3 171 389
B155 0 275 418
B155 1 275 418
B155 3 275 418
B162 0 313 312
B162 1 313 312
B162 2 313 312
B162 3 313 312
B171 0 297 434
B171 1 297 434
B171 3 297 434
B174 0 378 308
z 0 174 378 308
m174 212 0 378 308
z 0 174 378 308
m174 225 0 378 308
B174 1 378 308
z 1 174 378 308
m174 212 1 378 308
z 1 174 378 308
m174 225 1 378 308
B174 2 378 308
B174 3 378 308
B182 0 209 419
B182 1 209 419
B182 3 209 419
B183 0 287 492
B183 1 287 492
B183 3 287 492
B195 0 255 477
B195 1 255 477
B195 2 255 477
z 2 195 255 477
m195 155 2 255 477
z 2 195 255 477
m195 183 2 255 477
B195 3 255 477
B201 0 209 492
B201 1 209 492
B201 2 209 492
B201 3 209 492
B203 0 262 383
B203 1 262 383
B203 2 262 383
B203 3 262 383
B229 0 385 377
B229 1 385 377
B229 2 385 377
z 2 229 385 377
m229 212 2 385 377
B229 3 385 377
B237 0 326 372
B237 1 326 372
B237 2 326 372
B237 3 326 372
B0 0 133 318
z 0 0 133 318
m0 44 0 133 318
z 0 0 133 318
m0 94 0 133 318
z 0 0 133 318
m0 96 0 133 318
z 0 0 133 318
m0 129 0 133 318
z 0 0 133 318
m0 133 0 133 318
z 0 0 133 318
m0 197 0 133 318
z 0 0 133 318
m0 206 0 133 318
B0 1 133 318
z 1 0 133 318
m0 44 1 133 318
z 1 0 133 318
m0 94 1 133 318
z 1 0 133 318
m0 96 1 133 318
z 1 0 133 318
m0 129 1 133 318
z 1 0 133 318
m0 133 1 133 318
z 1 0 133 318
m0 197 1 133 318
z 1 0 133 318
m0 206 1 133 318
B10 0 202 329
z 0 10 202 329
m10 141 0 202 329
B10 1 202 329
z 1 10 202 329
m10 141 1 202 329
B10 2 202 329
B29 0 402 350
B29 1 402 350
B29 2 402 350
B29 3 402 350
B46 0 159 362
z 0 46 159 362
m46 13 0 159 362
z 0 46 159 362
m46 82 0 159 362
z 0 46 159 362
m46 160 0 159 362
B46 1 159 362
z 1 46 159 362
m46 13 1 159 362
z 1 46 159 362
m46 82 1 159 362
z 1 46 159 362
m46 160 1 159 362
B46 2 159 362
z 2 46 159 362
m46 13 2 159 362
z 2 46 159 362
m46 82 2 159 362
z 2 46 159 362
m46 94 2 159 362
z 2 46 159 362
m46 129 2 159 362
z 2 46 159 362
m46 160 2 159 362
z 2 46 159 362
m46 197 2 159 362
z 2 46 159 362
m46 206 2 159 362
B46 3 159 362
z 3 46 159 362
m46 13 3 9.4 106.6 1.0
z 3 46 159 362
m46 82 3 9.4 106.6 1.0
z 3 46 159 362
m46 94 3 9.4 106.6 1.0
z 3 46 159 362
m46 129 3 9.4 106.6 1.0
z 3 46 159 362
m46 160 3 9.4 106.6 1.0
z 3 46 159 362
m46 197 3 9.4 106.6 1.0
z 3 46 159 362
m46 206 3 9.4 106.6 1.0
B48 0 271 274
z 0 48 271 274
m48 9 0 271 274
z 0 48 271 274
m48 235 0 271 274
B48 2 271 274
B61 0 135 323
z 0 61 135 323
m61 152 0 135 323
B61 1 135 323
z 1 61 135 323
m61 152 1 135 323
B61 2 135 323
z 2 61 135 323
m61 0 2 135 323
z 2 61 135 323
m61 152 2 135 323
B61 3 135 323
z 3 61 135 323
m61 152 3 7.8 86.6 0.7501982553528947
z 3 61 135 323
m61 0 3 7.8 86.6 0.7501982553528947
B62 0 274 270
z 0 62 274 270
m62 30 0 274 270
B62 2 274 270
z 2 62 274 270
m62 9 2 274 270
z 2 62 274 270
m62 30 2 274 270
z 2 62 274 270
m62 235 2 274 270
B66 0 366 266
z 0 66 366 266
m66 20 0 366 266
z 0 66 366 266
m66 24 0 366 266
z 0 66 366 266
m66 84 0 366 266
B66 2 366 266
z 2 66 366 266
m66 20 2 366 266
z 2 66 366 266
m66 24 2 366 266
z 2 66 366 266
m66 84 2 366 266
z 2 66 366 266
m66 113 2 366 266
z 2 66 366 266
m66 177 2 366 266
B66 3 366 266
z 3 66 366 266
m66 62 3 12.0 154.79999999999998 0.0
z 3 66 366 266
m66 212 3 12.0 154.79999999999998 0.0
B92 0 293 274
B92 2 293 274
B107 3 176 358
z 3 107 176 358
m107 10 3 7.6000000000000005 86.8 1.0
B108 0 247 194
z 0 108 247 194
m108 100 0 247 194
z 0 108 247 194
m108 109 0 247 194
B108 2 247 194
B108 3 247 194
z 3 108 247 194
m108 92 3 11.8 150.6 0.0
z 3 108 247 194
m108 100 3 11.8 150.6 0.0
z 3 108 247 194
m108 48 3 11.8 150.6 0.0
z 3 108 247 194
m108 235 3 11.8 150.6 0.0
z 3 108 247 194
m108 109 3 11.8 150.6 0.0
B113 0 341 313
z 0 113 341 313
m113 124 0 341 313
B113 1 341 313
z 1 113 341 313
m113 24 1 341 313
z 1 113 341 313
m113 66 1 341 313
z 1 113 341 313
m113 84 1 341 313
z 1 113 341 313
m113 124 1 341 313
B113 3 341 313
z 3 113 341 313
m113 24 3 8.0 88.4 1.0
z 3 113 341 313
m113 84 3 8.0 88.4 1.0
z 3 113 341 313
m113 124 3 8.0 88.4 1.0
B128 0 379 468
z 0 128 379 468
m128 126 0 379 468
B128 1 379 468
B128 2 379 468
B128 3 379 468
z 3 128 379 468
m128 126 3 7.6000000000000005 91.60000000000001 1.0
B144 0 113 477
z 0 144 113 477
m144 3 0 113 477
z 0 144 113 477
m144 6 0 113 477
z 0 144 113 477
m144 74 0 113 477
z 0 144 113 477
m144 122 0 113 477
z 0 144 113 477
m144 130 0 113 477
z 0 144 113 477
m144 140 0 113 477
z 0 144 113 477
m144 192 0 113 477
B144 1 113 477
B144 2 113 477
z 2 144 113 477
m144 3 2 113 477
z 2 144 113 477
m144 6 2 113 477
z 2 144 113 477
m144 74 2 113 477
z 2 144 113 477
m144 122 2 113 477
z 2 144 113 477
m144 130 2 113 477
z 2 144 113 477
m144 140 2 113 477
z 2 144 113 477
m144 192 2 113 477
B144 3 113 477
z 3 144 113 477
m144 3 3 8.8 97.6 1.0
z 3 144 113 477
m144 6 3 8.8 97.6 1.0
z 3 144 113 477
m144 74 3 8.8 97.6 1.0
z 3 144 113 477
m144 122 3 8.8 97.6 1.0
z 3 144 113 477
m144 130 3 8.8 97.6 1.0
z 3 144 113 477
m144 140 3 8.8 97.6 1.0
z 3 144 113 477
m144 192 3 8.8 97.6 1.0
B155 2 284 396
z 2 155 284 396
m155 171 2 284 396
B165 0 406 440
B165 1 406 440
B165 2 406 440
z 2 165 406 440
m165 126 2 406 440
B165 3 406 440
B167 0 425 431
z 0 167 425 431
m167 180 0 425 431
B167 1 425 431
B167 2 425 431
z 2 167 425 431
m167 180 2 425 431
B167 3 425 431
B172 0 420 498
B172 1 420 498
B172 2 420 498
B172 3 420 498
B177 0 333 340
B177 1 333 340
B177 3 333 340
B182 2 210 395
B183 2 292 496
B193 0 489 381
z 0 193 489 381
m193 121 0 489 381
z 0 193 489 381
m193 224 0 489 381
B193 1 489 381
z 1 193 489 381
m193 121 1 489 381
z 1 193 489 381
m193 224 1 489 381
B193 2 489 381
z 2 193 489 381
m193 121 2 489 381
z 2 193 489 381
m193 224 2 489 381
B193 3 489 381
B194 0 340 425
B194 1 340 425
B194 2 340 425
B194 3 340 425
B200 0 439 443
B200 1 439 443
z 1 200 439 443
m200 126 1 439 443
z 1 200 439 443
m200 180 1 439 443
B200 2 439 443
B200 3 439 443
B204 0 342 437
B204 1 342 437
B204 2 342 437
B204 3 342 437
B212 0 342 324
B212 1 342 324
B212 2 342 324
z 2 212 342 324
m212 124 2 342 324
B215 0 445 424
B215 1 445 424
B215 2 445 424
B215 3 445 424
B218 0 109 373
B218 1 109 373
B218 2 109 373
z 2 218 109 373
m218 44 2 109 373
B218 3 109 373
z 3 218 109 373
m218 44 3 7.6000000000000005 86.8 1.0
B225 0 438 273
z 0 225 438 273
m225 63 0 438 273
z 0 225 438 273
m225 72 0 438 273
z 0 225 438 273
m225 157 0 438 273
z 0 225 438 273
m225 176 0 438 273
z 0 225 438 273
m225 181 0 438 273
z 0 225 438 273
m225 202 0 438 273
B225 1 438 273
z 1 225 438 273
m225 20 1 438 273
z 1 225 438 273
m225 63 1 438 273
z 1 225 438 273
m225 72 1 438 273
z 1 225 438 273
m225 157 1 438 273
z 1 225 438 273
m225 176 1 438 273
z 1 225 438 273
m225 181 1 438 273
z 1 225 438 273
m225 202 1 438 273
B230 0 469 400
z 0 230 469 400
m230 45 0 469 400
B230 1 469 400
B230 2 469 400
B230 3 469 400
B239 0 132 299
B239 1 132 299
B239 2 132 299
B239 3 132 299
B0 2 118 336
z 2 0 118 336
m0 96 2 118 336
z 2 0 118 336
m0 133 2 118 336
z 2 0 118 336
m0 205 2 118 336
B0 3 118 336
z 3 0 118 336
m0 96 3 7.166666666666667 74.83333333333334 0.9745448177862226
z 3 0 118 336
m0 205 3 7.166666666666667 74.83333333333334 0.9745448177862226
z 3 0 118 336
m0 133 3 7.166666666666667 74.83333333333334 0.9745448177862226
B3 0 118 479
z 0 3 118 479
m3 34 0 118 479
z 0 3 118 479
m3 79 0 118 479
z 0 3 118 479
m3 127 0 118 479
z 0 3 118 479
m3 131 0 118 479
z 0 3 118 479
m3 145 0 118 479
B3 2 118 479
z 2 3 118 479
m3 34 2 118 479
z 2 3 118 479
m3 79 2 118 479
z 2 3 118 479
m3 127 2 118 479
z 2 3 118 479
m3 131 2 118 479
z 2 3 118 479
m3 145 2 118 479
B3 3 118 479
z 3 3 118 479
m3 127 3 8.333333333333332 87.33333333333333 0.7473873873873871
z 3 3 118 479
m3 34 3 8.333333333333332 87.33333333333333 0.7473873873873871
z 3 3 118 479
m3 79 3 8.333333333333332 87.33333333333333 0.7473873873873871
z 3 3 118 479
m3 145 3 8.333333333333332 87.33333333333333 0.7473873873873871
B6 0 75 485
z 0 6 75 485
m6 26 0 75 485
z 0 6 75 485
m6 33 0 75 485
z 0 6 75 485
m6 83 0 75 485
B6 2 75 485
B6 3 75 485
z 3 6 75 485
m6 83 3 8.0 84.0 0.11711711711711703
B9 0 281 170
z 0 9 281 170
m9 31 0 281 170
z 0 9 281 170
m9 95 0 281 170
z 0 9 281 170
m9 117 0 281 170
z 0 9 281 170
m9 135 0 281 170
z 0 9 281 170
m9 211 0 281 170
B9 2 281 170
z 2 9 281 170
m9 31 2 281 170
z 2 9 281 170
m9 95 2 281 170
z 2 9 281 170
m9 100 2 281 170
z 2 9 281 170
m9 109 2 281 170
z 2 9 281 170
m9 117 2 281 170
z 2 9 281 170
m9 135 2 281 170
z 2 9 281 170
m9 211 2 281 170
B10 3 201 353
B13 0 171 378
B13 1 171 378
B13 2 171 378
B13 3 171 378
B20 0 424 291
z 0 20 424 291
m20 43 0 424 291
z 0 20 424 291
m20 196 0 424 291
z 0 20 424 291
m20 213 0 424 291
B20 1 424 291
z 1 20 424 291
m20 43 1 424 291
z 1 20 424 291
m20 196 1 424 291
z 1 20 424 291
m20 213 1 424 291
B20 2 424 291
z 2 20 424 291
m20 43 2 424 291
z 2 20 424 291
m20 157 2 424 291
z 2 20 424 291
m20 181 2 424 291
z 2 20 424 291
m20 196 2 424 291
z 2 20 424 291
m20 202 2 424 291
z 2 20 424 291
m20 213 2 424 291
z 2 20 424 291
m20 225 2 424 291
B24 0 379 290
B24 1 379 290
B24 2 379 290
z 2 24 379 290
m24 63 2 379 290
B24 3 379 290
z 3 24 379 290
m24 20 3 7.666666666666667 79.66666666666667 1.0
z 3 24 379 290
m24 63 3 7.666666666666667 79.66666666666667 1.0
z 3 24 379 290
m24 181 3 7.666666666666667 79.66666666666667 1.0
z 3 24 379 290
m24 196 3 7.666666666666667 79.66666666666667 1.0
z 3 24 379 290
m24 213 3 7.666666666666667 79.66666666666667 1.0
z 3 24 379 290
m24 225 3 7.666666666666667 79.66666666666667 1.0
B30 0 210 214
z 0 30 210 214
m30 18 0 210 214
z 0 30 210 214
m30 223 0 210 214
z 0 30 210 214
m30 233 0 210 214
B30 2 210 214
z 2 30 210 214
m30 18 2 210 214
z 2 30 210 214
m30 223 2 210 214
z 2 30 210 214
m30 233 2 210 214
B44 0 107 344
z 0 44 107 344
m44 40 0 107 344
z 0 44 107 344
m44 110 0 107 344
z 0 44 107 344
m44 205 0 107 344
B44 1 107 344
z 1 44 107 344
m44 40 1 107 344
z 1 44 107 344
m44 110 1 107 344
z 1 44 107 344
m44 205 1 107 344
B44 2 107 344
B44 3 107 344
z 3 44 107 344
m44 40 3 6.666666666666666 73.0 1.0
z 3 44 107 344
m44 110 3 6.666666666666666 73.0 1.0
B45 0 459 455
B48 3 256 293
B62 3 268 293
B63 0 433 312
B63 1 433 312
B66 1 384 281
z 1 66 384 281
m66 92 1 384 281
B72 0 459 319
B72 1 459 319
B74 0 159 399
B74 2 159 399
B74 3 159 399
B82 0 71 389
z 0 82 71 389
m82 228 0 71 389
B82 1 71 389
z 1 82 71 389
m82 79 1 71 389
z 1 82 71 389
m82 127 1 71 389
z 1 82 71 389
m82 192 1 71 389
z 1 82 71 389
m82 228 1 71 389
B82 2 71 389
B82 3 71 389
z 3 82 71 389
m82 228 3 8.5 91.5 0.0
B84 0 400 293
B84 1 400 293
B84 2 400 293
z 2 84 400 293
m84 72 2 400 293
B84 3 400 293
B92 3 317 279
B94 0 55 313
z 0 94 55 313
m94 15 0 55 313
B94 1 55 313
B94 2 55 313
z 2 94 55 313
m94 15 2 55 313
z 2 94 55 313
m94 110 2 55 313
z 2 94 55 313
m94 228 2 55 313
B94 3 55 313
B96 0 178 293
z 0 96 178 293
m96 115 0 178 293
B96 1 178 293
z 1 96 178 293
m96 18 1 178 293
z 1 96 178 293
m96 115 1 178 293
B100 0 331 126
z 0 100 331 126
m100 27 0 331 126
z 0 100 331 126
m100 52 0 331 126
z 0 100 331 126
m100 54 0 331 126
z 0 100 331 126
m100 60 0 331 126
z 0 100 331 126
m100 87 0 331 126
z 0 100 331 126
m100 143 0 331 126
z 0 100 331 126
m100 166 0 331 126
z 0 100 331 126
m100 169 0 331 126
z 0 100 331 126
m100 222 0 331 126
B100 3 331 126
z 3 100 331 126
m100 95 3 13.166666666666668 192.16666666666669 0.0
z 3 100 331 126
m100 135 3 13.166666666666668 192.16666666666669 0.0
z 3 100 331 126
m100 211 3 13.166666666666668 192.16666666666669 0.0
z 3 100 331 126
m100 9 3 13.166666666666668 192.16666666666669 0.0
z 3 100 331 126
m100 143 3 13.166666666666668 192.16666666666669 0.0
z 3 100 331 126
m100 166 3 13.166666666666668 192.16666666666669 0.0
z 3 100 331 126
m100 27 3 13.166666666666668 192.16666666666669 0.0
z 3 100 331 126
m100 60 3 13.166666666666668 192.16666666666669 0.0
z 3 100 331 126
m100 31 3 13.166666666666668 192.16666666666669 0.0
z 3 100 331 126
m100 222 3 13.166666666666668 192.16666666666669 0.0
z 3 100 331 126
m100 169 3 13.166666666666668 192.16666666666669 0.0
B109 0 313 206
z 0 109 313 206
m109 37 0 313 206
B109 3 313 206
z 3 109 313 206
m109 30 3 11.166666666666668 136.16666666666666 0.0
z 3 109 313 206
m109 87 3 11.166666666666668 136.16666666666666 0.0
z 3 109 313 206
m109 54 3 11.166666666666668 136.16666666666666 0.0
z 3 109 313 206
m109 52 3 11.166666666666668 136.16666666666666 0.0
B113 2 322 328
B121 0 466 464
B121 1 466 464
z 1 121 466 464
m121 45 1 466 464
B121 2 466 464
z 2 121 466 464
m121 45 2 466 464
B122 0 43 427
B122 2 43 427
B122 3 43 427
z 3 122 43 427
m122 131 3 8.333333333333332 87.33333333333333 0.7473873873873871
B124 0 379 289
B124 1 379 289
B124 2 379 289
B124 3 379 289
z 3 124 379 289
m124 202 3 7.166666666666667 75.16666666666667 0.4264722897142199
B126 0 428 488
B126 1 428 488
B126 2 428 488
B126 3 428 488
z 3 126 428 488
m126 45 3 6.833333333333333 77.83333333333334 1.0
B129 0 124 343
B129 1 124 343
B129 2 124 343
B129 3 124 343
B130 0 28 463
B130 2 28 463
B130 3 28 463
B133 0 146 287
B133 1 146 287
B140 0 90 463
B140 2 90 463
B140 3 90 463
B141 0 164 278
z 0 141 164 278
m141 32 0 164 278
z 0 141 164 278
m141 148 0 164 278
B141 1 164 278
z 1 141 164 278
m141 32 1 164 278
z 1 141 164 278
m141 148 1 164 278
z 1 141 164 278
m141 233 1 164 278
B152 0 106 283
z 0 152 106 283
m152 190 0 106 283
B152 1 106 283
z 1 152 106 283
m152 190 1 106 283
B152 2 106 283
B152 3 106 283
z 3 152 106 283
m152 190 3 6.666666666666667 72.33333333333334 1.0
B157 0 437 266
B157 1 437 266
B160 0 155 354
B160 1 155 354
z 1 160 155 354
m160 74 1 155 354
B160 2 155 354
B160 3 155 354
B171 2 309 387
B176 0 495 324
B176 1 495 324
B177 2 320 360
B180 0 436 441
B180 1 436 441
B180 2 436 441
B181 0 374 216
z 0 181 374 216
m181 28 0 374 216
z 0 181 374 216
m181 105 0 374 216
z 0 181 374 216
m181 137 0 374 216
z 0 181 374 216
m181 138 0 374 216
z 0 181 374 216
m181 198 0 374 216
z 0 181 374 216
m181 234 0 374 216
B181 1 374 216
z 1 181 374 216
m181 28 1 374 216
z 1 181 374 216
m181 37 1 374 216
z 1 181 374 216
m181 105 1 374 216
z 1 181 374 216
m181 137 1 374 216
z 1 181 374 216
m181 138 1 374 216
z 1 181 374 216
m181 198 1 374 216
z 1 181 374 216
m181 234 1 374 216
B192 0 131 408
B192 2 131 408
z 2 192 131 408
m192 83 2 131 408
B192 3 131 408
B197 0 142 289
B197 1 142 289
B197 2 142 289
z 2 197 142 289
m197 115 2 142 289
z 2 197 142 289
m197 141 2 142 289
B197 3 142 289
B202 0 451 341
B202 1 451 341
B206 0 179 368
B206 1 179 368
B206 2 179 368
B206 3 179 368
B212 3 323 339
B224 0 465 297
B224 1 465 297
B224 2 465 297
B235 0 274 278
B235 2 274 278
B235 3 274 278
z 3 235 274 278
m235 233 3 10.0 125.66666666666667 1.0
B9 3 302 157
B15 0 49 350
z 0 15 49 350
m15 7 0 49 350
z 0 15 49 350
m15 111 0 49 350
z 0 15 49 350
m15 139 0 49 350
z 0 15 49 350
m15 170 0 49 350
B15 2 49 350
z 2 15 49 350
m15 7 2 49 350
z 2 15 49 350
m15 111 2 49 350
z 2 15 49 350
m15 139 2 49 350
z 2 15 49 350
m15 170 2 49 350
B18 0 207 279
B18 1 207 279
z 1 18 207 279
m18 30 1 207 279
B18 2 207 279
B20 3 436 312
B26 0 23 415
B27 0 300 164
z 0 27 300 164
m27 22 0 300 164
z 0 27 300 164
m27 76 0 300 164
z 0 27 300 164
m27 156 0 300 164
B27 3 300 164
z 3 27 300 164
m27 137 3 12.142857142857144 169.85714285714286 0.0
z 3 27 300 164
m27 198 3 12.142857142857144 169.85714285714286 0.0
z 3 27 300 164
m27 22 3 12.142857142857144 169.85714285714286 0.0
B28 0 495 187
z 0 28 495 187
m28 73 0 495 187
z 0 28 495 187
m28 187 0 495 187
B28 1 495 187
z 1 28 495 187
m28 73 1 495 187
z 1 28 495 187
m28 187 1 495 187
B30 3 186 219
z 3 30 186 219
m30 4 3 10.571428571428571 123.71428571428571 0.0
z 3 30 186 219
m30 223 3 10.571428571428571 123.71428571428571 0.0
z 3 30 186 219
m30 32 3 10.571428571428571 123.71428571428571 0.0
z 3 30 186 219
m30 117 3 10.571428571428571 123.71428571428571 0.0
B31 0 366 151
z 0 31 366 151
m31 102 0 366 151
B31 2 366 151
z 2 31 366 151
m31 22 2 366 151
z 2 31 366 151
m31 27 2 366 151
z 2 31 366 151
m31 37 2 366 151
z 2 31 366 151
m31 52 2 366 151
z 2 31 366 151
m31 54 2 366 151
z 2 31 366 151
m31 60 2 366 151
z 2 31 366 151
m31 87 2 366 151
z 2 31 366 151
m31 102 2 366 151
z 2 31 366 151
m31 137 2 366 151
z 2 31 366 151
m31 143 2 366 151
z 2 31 366 151
m31 156 2 366 151
z 2 31 366 151
m31 166 2 366 151
z 2 31 366 151
m31 169 2 366 151
z 2 31 366 151
m31 198 2 366 151
z 2 31 366 151
m31 222 2 366 151
B31 3 366 151
B32 0 194 149
z 0 32 194 149
m32 4 0 194 149
z 0 32 194 149
m32 71 0 194 149
z 0 32 194 149
m32 89 0 194 149
z 0 32 194 149
m32 104 0 194 149
z 0 32 194 149
m32 161 0 194 149
z 0 32 194 149
m32 185 0 194 149
z 0 32 194 149
m32 199 0 194 149
z 0 32 194 149
m32 207 0 194 149
B32 1 194 149
z 1 32 194 149
m32 4 1 194 149
z 1 32 194 149
m32 71 1 194 149
z 1 32 194 149
m32 89 1 194 149
z 1 32 194 149
m32 104 1 194 149
z 1 32 194 149
m32 161 1 194 149
z 1 32 194 149
m32 185 1 194 149
z 1 32 194 149
m32 199 1 194 149
z 1 32 194 149
m32 207 1 194 149
z 1 32 194 149
m32 223 1 194 149
B33 0 63 486
B34 0 58 457
B34 2 58 457
z 2 34 58 457
m34 26 2 58 457
B34 3 58 457
z 3 34 58 457
m34 111 3 7.857142857142856 78.42857142857143 0.6450408982054551
z 3 34 58 457
m34 26 3 7.857142857142856 78.42857142857143 0.6450408982054551
z 3 34 58 457
m34 139 3 7.857142857142856 78.42857142857143 0.6450408982054551
B37 0 307 155
B37 1 307 155
B40 0 110 287
z 0 40 110 287
m40 86 0 110 287
z 0 40 110 287
m40 101 0 110 287
z 0 40 110 287
m40 142 0 110 287
B40 1 110 287
z 1 40 110 287
m40 86 1 110 287
z 1 40 110 287
m40 101 1 110 287
z 1 40 110 287
m40 142 1 110 287
B40 3 110 287
z 3 40 110 287
m40 86 3 6.428571428571429 66.14285714285714 1.0
z 3 40 110 287
m40 101 3 6.428571428571429 66.14285714285714 1.0
z 3 40 110 287
m40 115 3 6.428571428571429 66.14285714285714 1.0
z 3 40 110 287
m40 142 3 6.428571428571429 66.14285714285714 1.0
B43 0 482 210
B43 1 482 210
B43 2 482 210
z 2 43 482 210
m43 28 2 482 210
z 2 43 482 210
m43 73 2 482 210
z 2 43 482 210
m43 105 2 482 210
z 2 43 482 210
m43 234 2 482 210
B45 1 437 445
B45 2 437 445
B45 3 437 445
z 3 45 437 445
m45 121 3 6.142857142857142 67.28571428571429 0.5630527350147396
B52 0 316 118
B52 3 316 118
z 3 52 316 118
m52 102 3 10.285714285714285 120.28571428571428 0.0
B54 0 359 117
z 0 54 359 117
m54 103 0 359 117
z 0 54 359 117
m54 164 0 359 117
z 0 54 359 117
m54 168 0 359 117
B54 3 359 117
z 3 54 359 117
m54 76 3 10.428571428571429 121.85714285714285 0.0
z 3 54 359 117
m54 103 3 10.428571428571429 121.85714285714285 0.0
z 3 54 359 117
m54 37 3 10.428571428571429 121.85714285714285 0.0
B60 0 324 179
B60 3 324 179
z 3 60 324 179
m60 156 3 11.428571428571429 164.85714285714286 1.0
B63 2 419 331
B63 3 419 331
z 3 63 419 331
m63 224 3 7.142857142857142 70.57142857142858 0.5816666666666661
z 3 63 419 331
m63 176 3 7.142857142857142 70.57142857142858 0.5816666666666661
z 3 63 419 331
m63 157 3 7.142857142857142 70.57142857142858 0.5816666666666661
B72 2 462 343
B74 1 173 380
B79 0 96 467
B79 1 96 467
z 1 79 96 467
m79 3 1 96 467
z 1 79 96 467
m79 34 1 96 467
z 1 79 96 467
m79 83 1 96 467
z 1 79 96 467
m79 122 1 96 467
z 1 79 96 467
m79 130 1 96 467
z 1 79 96 467
m79 131 1 96 467
z 1 79 96 467
m79 139 1 96 467
z 1 79 96 467
m79 140 1 96 467
z 1 79 96 467
m79 145 1 96 467
B79 2 96 467
B79 3 96 467
B83 0 82 382
B83 2 82 382
B83 3 82 382
B87 0 360 111
z 0 87 360 111
m87 151 0 360 111
z 0 87 360 111
m87 217 0 360 111
B87 3 360 111
z 3 87 360 111
m87 168 3 10.142857142857142 119.0 0.0
B92 1 340 284
z 1 92 340 284
m92 62 1 340 284
z 1 92 340 284
m92 95 1 340 284
B95 0 318 228
B95 2 318 228
B95 3 318 228
B96 2 199 305
B96 3 199 305
B100 2 340 104
B105 0 433 165
z 0 105 433 165
m105 11 0 433 165
z 0 105 433 165
m105 23 0 433 165
z 0 105 433 165
m105 51 0 433 165
z 0 105 433 165
m105 175 0 433 165
B105 1 433 165
B109 2 327 225
B110 0 82 300
z 0 110 82 300
m110 68 0 82 300
B110 1 82 300
z 1 110 82 300
m110 7 1 82 300
z 1 110 82 300
m110 15 1 82 300
z 1 110 82 300
m110 68 1 82 300
z 1 110 82 300
m110 170 1 82 300
B110 2 82 300
z 2 110 82 300
m110 40 2 82 300
z 2 110 82 300
m110 68 2 82 300
z 2 110 82 300
m110 101 2 82 300
z 2 110 82 300
m110 190 2 82 300
B110 3 82 300
z 3 110 82 300
m110 7 3 6.571428571428571 67.71428571428571 1.0
z 3 110 82 300
m110 15 3 6.571428571428571 67.71428571428571 1.0
z 3 110 82 300
m110 68 3 6.571428571428571 67.71428571428571 1.0
z 3 110 82 300
m110 170 3 6.571428571428571 67.71428571428571 1.0
B115 0 98 271
B115 1 98 271
B115 2 98 271
B117 0 251 212
B117 2 251 212
B127 0 26 384
B127 1 26 384
z 1 127 26 384
m127 111 1 26 384
B127 2 26 384
B127 3 26 384
B131 0 97 488
B131 2 97 488
z 2 131 97 488
m131 33 2 97 488
B131 3 97 488
z 3 131 97 488
m131 33 3 7.285714285714285 75.0 1.0
B133 2 161 305
B133 3 161 305
B135 0 284 194
B135 2 284 194
B135 3 284 194
z 3 135 284 194
m135 161 3 11.428571428571429 164.85714285714286 1.0
B137 0 389 137
B137 1 389 137
z 1 137 389 137
m137 22 1 389 137
z 1 137 389 137
m137 27 1 389 137
z 1 137 389 137
m137 31 1 389 137
z 1 137 389 137
m137 51 1 389 137
z 1 137 389 137
m137 52 1 389 137
z 1 137 389 137
m137 54 1 389 137
z 1 137 389 137
m137 60 1 389 137
z 1 137 389 137
m137 102 1 389 137
z 1 137 389 137
m137 143 1 389 137
z 1 137 389 137
m137 156 1 389 137
z 1 137 389 137
m137 166 1 389 137
B138 0 380 207
B138 1 380 207
B141 2 144 290
B143 0 369 201
B143 3 369 201
B145 0 105 448
B145 2 105 448
B145 3 105 448
B148 0 179 155
z 0 148 179 155
m148 154 0 179 155
B148 1 179 155
z 1 148 179 155
m148 154 1 179 155
B157 2 413 270
B166 0 336 137
B166 3 336 137
B169 0 334 157
B169 3 334 157
B181 2 350 213
z 2 181 350 213
m181 138 2 350 213
B181 3 350 213
B190 0 23 242
z 0 190 23 242
m190 88 0 23 242
z 0 190 23 242
m190 226 0 23 242
z 0 190 23 242
m190 231 0 23 242
B190 1 23 242
z 1 190 23 242
m190 88 1 23 242
z 1 190 23 242
m190 226 1 23 242
z 1 190 23 242
m190 231 1 23 242
B190 3 23 242
z 3 190 23 242
m190 88 3 6.571428571428571 67.14285714285715 1.0
z 3 190 23 242
m190 226 3 6.571428571428571 67.14285714285715 1.0
z 3 190 23 242
m190 231 3 6.571428571428571 67.14285714285715 1.0
B192 1 145 388
B196 0 451 249
B196 1 451 249
B196 2 451 249
B196 3 451 249
B198 0 370 115
z 0 198 370 115
m198 80 0 370 115
B198 1 370 115
z 1 198 370 115
m198 23 1 370 115
z 1 198 370 115
m198 80 1 370 115
z 1 198 370 115
m198 87 1 370 115
z 1 198 370 115
m198 222 1 370 115
B202 2 445 365
z 2 202 445 365
m202 176 2 445 365
B202 3 445 365
z 3 202 445 365
m202 72 3 6.2857142857142865 64.57142857142857 1.0
B205 0 111 261
B205 1 111 261
B205 2 111 261
z 2 205 111 261
m205 86 2 111 261
B205 3 111 261
z 3 205 111 261
m205 141 3 6.2857142857142865 64.28571428571429 1.0
B211 0 241 146
B211 2 241 146
z 2 211 241 146
m211 4 2 241 146
z 2 211 241 146
m211 76 2 241 146
z 2 211 241 146
m211 161 2 241 146
B211 3 241 146
B213 0 381 257
B213 1 381 257
B213 2 381 257
B213 3 381 257
z 3 213 381 257
m213 138 3 6.714285714285714 68.42857142857143 1.0
B222 0 317 89
B222 3 317 89
z 3 222 317 89
m222 164 3 11.428571428571429 164.85714285714286 1.0
B223 0 251 179
B223 2 251 179
z 2 223 251 179
m223 32 2 251 179
z 2 223 251 179
m223 71 2 251 179
z 2 223 251 179
m223 207 2 251 179
B225 2 467 235
B225 3 467 235
B228 0 3 344
B228 1 3 344
B228 2 3 344
B228 3 3 344
B233 0 263 243
B233 1 263 243
z 1 233 263 243
m233 108 1 263 243
z 1 233 263 243
m233 117 1 263 243
z 1 233 263 243
m233 135 1 263 243
z 1 233 263 243
m233 235 1 263 243
B233 2 263 243
B233 3 263 243
z 3 233 263 243
m233 18 3 8.714285714285714 107.85714285714285 1.0
B234 0 435 166
B234 1 435 166
B3 1 141 483
B4 0 279 169
B4 1 279 169
z 1 4 279 169
m4 76 1 279 169
z 1 4 279 169
m4 211 1 279 169
B4 2 279 169
B4 3 279 169
B7 0 86 336
B7 1 86 336
B7 2 86 336
B7 3 86 336
B11 0 380 107
z 0 11 380 107
m11 90 0 380 107
z 0 11 380 107
m11 112 0 380 107
z 0 11 380 107
m11 227 0 380 107
B15 1 72 356
z 1 15 72 356
m15 26 1 72 356
B15 3 72 356
B18 3 219 300
B22 0 353 110
B22 1 353 110
z 1 22 353 110
m22 9 1 353 110
z 1 22 353 110
m22 11 1 353 110
z 1 22 353 110
m22 100 1 353 110
z 1 22 353 110
m22 151 1 353 110
z 1 22 353 110
m22 168 1 353 110
z 1 22 353 110
m22 217 1 353 110
B22 2 353 110
z 2 22 353 110
m22 11 2 353 110
z 2 22 353 110
m22 151 2 353 110
z 2 22 353 110
m22 168 2 353 110
z 2 22 353 110
m22 217 2 353 110
B22 3 353 110
B23 0 493 98
z 0 23 493 98
m23 25 0 493 98
z 0 23 493 98
m23 93 0 493 98
z 0 23 493 98
m23 186 0 493 98
B23 1 493 98
B26 2 29 392
B26 3 29 392
B27 1 278 171
z 1 27 278 171
m27 109 1 278 171
z 1 27 278 171
m27 169 1 278 171
B27 2 278 171
B28 2 473 196
B30 1 163 224
B31 1 389 157
B32 2 203 127
z 2 32 203 127
m32 39 2 203 127
z 2 32 203 127
m32 104 2 203 127
z 2 32 203 127
m32 148 2 203 127
z 2 32 203 127
m32 154 2 203 127
z 2 32 203 127
m32 185 2 203 127
z 2 32 203 127
m32 199 2 203 127
B32 3 203 127
z 3 32 203 127
m32 199 3 10.25 116.25 0.0
z 3 32 203 127
m32 207 3 10.25 116.25 0.0
z 3 32 203 127
m32 39 3 10.25 116.25 0.0
z 3 32 203 127
m32 154 3 10.25 116.25 0.0
z 3 32 203 127
m32 104 3 10.25 116.25 0.0
B33 2 85 476
B33 3 85 476
B34 1 60 480
z 1 34 60 480
m34 6 1 60 480
z 1 34 60 480
m34 33 1 60 480
B37 2 284 151
B37 3 284 151
B40 2 129 303
B51 0 459 85
B51 1 459 85
z 1 51 459 85
m51 90 1 459 85
z 1 51 459 85
m51 93 1 459 85
z 1 51 459 85
m51 112 1 459 85
z 1 51 459 85
m51 186 1 459 85
z 1 51 459 85
m51 227 1 459 85
B52 1 300 101
z 1 52 300 101
m52 164 1 300 101
B52 2 300 101
z 2 52 300 101
m52 164 2 300 101
B54 1 380 106
B54 2 380 106
B60 1 314 200
B60 2 314 200
B62 1 255 339
B68 0 5 353
B68 1 5 353
B68 2 5 353
z 2 68 5 353
m68 226 2 5 353
B68 3 5 353
B71 0 153 165
B71 1 153 165
B71 2 153 165
B72 3 465 367
B73 0 485 234
B73 1 485 234
B73 2 485 234
B76 0 267 148
B76 2 267 148
B76 3 267 148
B80 0 450 35
z 0 80 450 35
m80 56 0 450 35
B80 1 450 35
B83 1 100 367
B86 0 64 206
z 0 86 64 206
m86 2 0 64 206
z 0 86 64 206
m86 106 0 64 206
B86 1 64 206
z 1 86 64 206
m86 2 1 64 206
z 1 86 64 206
m86 106 1 64 206
B86 2 64 206
z 2 86 64 206
m86 2 2 64 206
z 2 86 64 206
m86 88 2 64 206
z 2 86 64 206
m86 106 2 64 206
z 2 86 64 206
m86 142 2 64 206
z 2 86 64 206
m86 231 2 64 206
B86 3 64 206
z 3 86 64 206
m86 2 3 6.25 61.0 1.0
z 3 86 64 206
m86 106 3 6.25 61.0 1.0
B87 1 384 108
B87 2 384 108
z 2 87 384 108
m87 227 2 384 108
B88 0 39 200
z 0 88 39 200
m88 5 0 39 200
z 0 88 39 200
m88 42 0 39 200
B88 1 39 200
B88 3 39 200
B89 0 82 143
z 0 89 82 143
m89 12 0 82 143
z 0 89 82 143
m89 39 0 82 143
z 0 89 82 143
m89 50 0 82 143
z 0 89 82 143
m89 214 0 82 143
z 0 89 82 143
m89 238 0 82 143
B89 1 82 143
z 1 89 82 143
m89 12 1 82 143
z 1 89 82 143
m89 39 1 82 143
z 1 89 82 143
m89 50 1 82 143
z 1 89 82 143
m89 214 1 82 143
z 1 89 82 143
m89 238 1 82 143
B95 1 310 251
B101 0 55 322
B101 1 55 322
B101 2 55 322
B101 3 55 322
B102 0 353 94
B102 1 353 94
B102 2 353 94
z 2 102 353 94
m102 51 2 353 94
B102 3 353 94
z 3 102 353 94
m102 51 3 9.625 108.375 0.0
B103 0 352 8
z 0 103 352 8
m103 56 0 352 8
B103 3 352 8
z 3 103 352 8
m103 56 3 10.428571428571429 121.85714285714285 -1.0
B104 0 161 178
B104 1 161 178
B105 2 456 170
B108 1 183 160
B111 0 30 374
B111 1 30 374
B111 2 30 374
B111 3 30 374
B115 3 86 292
B117 1 253 236
B117 3 253 236
B121 3 451 492
B122 1 4 400
B130 1 4 427
B131 1 119 497
B135 1 294 215
B137 2 382 114
B137 3 382 114
B138 2 358 218
B138 3 358 218
B139 0 69 438
B139 1 69 438
B139 2 69 438
B139 3 69 438
B140 1 95 486
B141 3 123 303
B142 0 99 151
z 0 142 99 151
m142 47 0 99 151
B142 1 99 151
z 1 142 99 151
m142 47 1 99 151
B142 3 99 151
z 3 142 99 151
m142 47 3 6.25 61.0 1.0
z 3 142 99 151
m142 89 3 6.25 61.0 1.0
z 3 142 99 151
m142 214 3 6.25 61.0 1.0
B143 1 384 220
B143 2 384 220
B145 1 129 444
B151 0 357 51
z 0 151 357 51
m151 16 0 357 51
z 0 151 357 51
m151 118 0 357 51
z 0 151 357 51
m151 159 0 357 51
z 0 151 357 51
m151 208 0 357 51
B154 0 145 161
B154 1 145 161
B156 0 302 154
B156 1 302 154
B156 2 302 154
B156 3 302 154
B157 3 389 274
B161 0 221 163
B161 1 221 163
B161 2 221 163
B161 3 221 163
z 3 161 221 163
m161 71 3 10.25 144.75 1.0
z 3 161 221 163
m161 148 3 10.25 144.75 1.0
B164 0 307 93
z 0 164 307 93
m164 81 0 307 93
z 0 164 307 93
m164 134 0 307 93
z 0 164 307 93
m164 158 0 307 93
z 0 164 307 93
m164 221 0 307 93
B164 3 307 93
z 3 164 307 93
m164 81 3 11.0 152.25 1.0
z 3 164 307 93
m164 134 3 11.0 152.25 1.0
z 3 164 307 93
m164 151 3 11.0 152.25 1.0
z 3 164 307 93
m164 158 3 11.0 152.25 1.0
z 3 164 307 93
m164 159 3 11.0 152.25 1.0
z 3 164 307 93
m164 208 3 11.0 152.25 1.0
z 3 164 307 93
m164 217 3 11.0 152.25 1.0
z 3 164 307 93
m164 221 3 11.0 152.25 1.0
B166 1 328 114
B166 2 328 114
B168 0 305 68
B168 3 305 68
B169 2 347 177
B170 0 59 327
B170 1 59 327
B170 2 59 327
B170 3 59 327
B175 0 462 156
B176 2 458 313
B176 3 458 313
B185 0 175 178
B185 1 175 178
B187 0 465 82
z 0 187 465 82
m187 178 0 465 82
B187 1 465 82
B190 2 0 249
z 2 190 0 249
m190 5 2 0 249
B198 2 356 96
B198 3 356 96
B199 0 129 193
B199 1 129 193
B207 0 151 185
B207 1 151 185
B207 2 151 185
B217 0 367 112
B222 1 307 67
z 1 222 307 67
m222 103 1 307 67
z 1 222 307 67
m222 159 1 307 67
z 1 222 307 67
m222 208 1 307 67
B222 2 307 67
z 2 222 307 67
m222 103 2 307 67
z 2 222 307 67
m222 159 2 307 67
z 2 222 307 67
m222 208 2 307 67
B223 1 275 182
B223 3 275 182
B224 3 449 252
B226 0 21 282
B226 1 21 282
B226 3 21 282
z 3 226 21 282
m226 5 3 5.875 58.87500000000001 1.0
B231 0 15 191
B231 1 15 191
B231 3 15 191
z 3 231 15 191
m231 42 3 5.875 58.87500000000001 1.0
B234 2 459 172
B235 1 302 317
z 1 235 302 317
m235 48 1 302 317
B2 0 28 166
z 0 2 28 166
m2 147 0 28 166
B2 1 28 166
z 1 2 28 166
m2 42 1 28 166
z 1 2 28 166
m2 147 1 28 166
B2 2 28 166
B2 3 28 166
B5 0 47 235
B5 2 47 235
B5 3 47 235
B6 1 15 488
B9 1 342 131
B11 1 357 113
B11 2 357 113
B12 0 41 65
z 0 12 41 65
m12 21 0 41 65
z 0 12 41 65
m12 53 0 41 65
z 0 12 41 65
m12 64 0 41 65
z 0 12 41 65
m12 70 0 41 65
z 0 12 41 65
m12 97 0 41 65
z 0 12 41 65
m12 119 0 41 65
z 0 12 41 65
m12 149 0 41 65
z 0 12 41 65
m12 163 0 41 65
z 0 12 41 65
m12 179 0 41 65
z 0 12 41 65
m12 184 0 41 65
z 0 12 41 65
m12 191 0 41 65
z 0 12 41 65
m12 209 0 41 65
z 0 12 41 65
m12 236 0 41 65
B12 1 41 65
z 1 12 41 65
m12 21 1 41 65
z 1 12 41 65
m12 53 1 41 65
z 1 12 41 65
m12 64 1 41 65
z 1 12 41 65
m12 70 1 41 65
z 1 12 41 65
m12 97 1 41 65
z 1 12 41 65
m12 119 1 41 65
z 1 12 41 65
m12 149 1 41 65
z 1 12 41 65
m12 163 1 41 65
z 1 12 41 65
m12 179 1 41 65
z 1 12 41 65
m12 184 1 41 65
z 1 12 41 65
m12 191 1 41 65
z 1 12 41 65
m12 209 1 41 65
z 1 12 41 65
m12 236 1 41 65
B16 0 405 19
z 0 16 405 19
m16 56 0 405 19
B25 0 477 48
z 0 25 477 48
m25 56 0 477 48
B26 1 35 369
B33 1 107 466
B39 0 143 183
B39 1 143 183
B39 2 143 183
B39 3 143 183
B42 0 21 207
B42 3 21 207
z 3 42 21 207
m42 147 3 5.333333333333333 52.44444444444446 1.0
B47 0 83 151
B47 1 83 151
B47 3 83 151
z 3 47 83 151
m47 64 3 6.111111111111111 57.0 1.0
z 3 47 83 151
m47 119 3 6.111111111111111 57.0 1.0
z 3 47 83 151
m47 179 3 6.111111111111111 57.0 1.0
z 3 47 83 151
m47 238 3 6.111111111111111 57.0 1.0
B48 1 212 350
B50 0 154 56
z 0 50 154 56
m50 78 0 154 56
z 0 50 154 56
m50 136 0 154 56
B50 1 154 56
z 1 50 154 56
m50 78 1 154 56
z 1 50 154 56
m50 136 1 154 56
B51 2 481 75
B51 3 481 75
z 3 51 481 75
m51 56 3 9.625 108.375 -1.0
B71 3 139 185
B76 1 262 171
B81 0 300 81
z 0 81 300 81
m81 123 0 300 81
B81 3 300 81
z 3 81 300 81
m81 123 3 9.88888888888889 135.44444444444446 1.0
B88 2 50 179
z 2 88 50 179
m88 42 2 50 179
z 2 88 50 179
m88 47 2 50 179
B89 3 58 138
B90 0 479 115
B90 1 479 115
z 1 90 479 115
m90 25 1 479 115
z 1 90 479 115
m90 178 1 479 115
B93 0 430 88
B93 1 430 88
B100 1 358 59
z 1 100 358 59
m100 81 1 358 59
z 1 100 358 59
m100 158 1 358 59
z 1 100 358 59
m100 221 1 358 59
B103 1 341 12
z 1 103 341 12
m103 16 1 341 12
z 1 103 341 12
m103 56 1 341 12
z 1 103 341 12
m103 118 1 341 12
B103 2 341 12
z 2 103 341 12
m103 16 2 341 12
z 2 103 341 12
m103 56 2 341 12
z 2 103 341 12
m103 112 2 341 12
z 2 103 341 12
m103 118 2 341 12
B104 2 148 198
z 2 104 148 198
m104 214 2 148 198
B104 3 148 198
z 3 104 148 198
m104 185 3 9.222222222222221 103.44444444444444 1.0
B106 0 116 221
B106 1 116 221
B106 2 116 221
B106 3 116 221
B109 1 355 265
B112 0 384 14
z 0 112 384 14
m112 56 0 384 14
B112 1 384 14
z 1 112 384 14
m112 56 1 384 14
B118 0 400 11
z 0 118 400 11
m118 56 0 400 11
B134 0 279 93
z 0 134 279 93
m134 8 0 279 93
z 0 134 279 93
m134 132 0 279 93
z 0 134 279 93
m134 220 0 279 93
B134 3 279 93
B142 2 100 127
B148 2 192 108
B148 3 192 108
B151 1 337 39
B151 2 337 39
B151 3 337 39
B154 2 161 143
B154 3 161 143
B158 0 321 63
B158 3 321 63
B159 0 294 55
B159 1 294 55
z 1 159 294 55
m159 134 1 294 55
B159 2 294 55
B159 3 294 55
z 3 159 294 55
m159 118 3 9.88888888888889 135.44444444444446 1.0
B164 1 288 108
B164 2 288 108
z 2 164 288 108
m164 81 2 288 108
z 2 164 288 108
m164 134 2 288 108
z 2 164 288 108
m164 158 2 288 108
z 2 164 288 108
m164 221 2 288 108
B168 1 282 72
B168 2 282 72
B169 1 359 198
B178 0 463 77
z 0 178 463 77
m178 56 0 463 77
B185 2 199 181
B186 0 496 60
z 0 186 496 60
m186 56 0 496 60
B186 1 496 60
B199 2 131 217
B199 3 131 217
B207 3 137 204
B208 0 369 34
z 0 208 369 34
m208 56 0 369 34
B208 1 369 34
z 1 208 369 34
m208 56 1 369 34
B208 2 369 34
B208 3 369 34
z 3 208 369 34
m208 56 3 11.0 152.25 -1.0
B211 1 198 167
B214 0 127 163
B214 1 127 163
B214 3 127 163
B217 1 352 131
B217 2 352 131
B217 3 352 131
z 3 217 352 131
m217 11 3 9.88888888888889 135.44444444444446 1.0
B221 0 313 55
B221 3 313 55
B226 2 29 304
B227 0 458 130
B227 1 458 130
B227 2 458 130
z 2 227 458 130
m227 23 2 458 130
z 2 227 458 130
m227 90 2 458 130
z 2 227 458 130
m227 93 2 458 130
z 2 227 458 130
m227 175 2 458 130
z 2 227 458 130
m227 187 2 458 130
B231 2 14 167
z 2 231 14 167
m231 147 2 14 167
B238 0 29 86
B238 1 29 86
B8 0 213 6
z 0 8 213 6
m8 65 0 213 6
B11 3 334 120
B16 1 414 42
B16 2 414 42
B21 0 56 64
B21 1 56 64
B23 2 456 103
B25 1 469 25
z 1 25 469 25
m25 56 1 469 25
B42 1 24 231
z 1 42 24 231
m42 5 1 24 231
B42 2 24 231
B47 2 102 164
z 2 47 102 164
m47 89 2 102 164
z 2 47 102 164
m47 119 2 102 164
z 2 47 102 164
m47 236 2 102 164
B53 0 71 60
B53 1 71 60
B64 0 24 112
B64 1 24 112
B64 3 24 112
z 3 64 24 112
m64 21 3 5.8 52.199999999999996 0.39883551673944706
B70 0 47 63
B70 1 47 63
B78 0 96 51
B78 1 96 51
B81 1 314 100
z 1 81 314 100
m81 123 1 314 100
B81 2 314 100
B90 2 497 131
z 2 90 497 131
m90 25 2 497 131
z 2 90 497 131
m90 178 2 497 131
z 2 90 497 131
m90 186 2 497 131
B93 2 410 101
B97 0 69 25
z 0 97 69 25
m97 75 0 69 25
B97 1 69 25
z 1 97 69 25
m97 75 1 69 25
B112 2 369 1
B118 1 424 15
z 1 118 424 15
m118 56 1 424 15
B118 2 424 15
z 2 118 424 15
m118 56 2 424 15
B118 3 424 15
z 3 118 424 15
m118 56 3 9.88888888888889 135.44444444444446 -1.0
B119 0 97 147
B119 1 97 147
B119 3 97 147
z 3 119 97 147
m119 236 3 5.6 51.4 1.0
B123 0 230 95
B123 3 230 95
z 3 123 230 95
m123 132 3 9.5 125.5 1.0
z 3 123 230 95
m123 220 3 9.5 125.5 1.0
B132 0 153 47
z 0 132 153 47
m132 14 0 153 47
B134 1 288 116
z 1 134 288 116
m134 220 1 288 116
B134 2 288 116
z 2 134 288 116
m134 123 2 288 116
z 2 134 288 116
m134 220 2 288 116
B136 0 197 3
B136 1 197 3
B147 0 8 169
B147 1 8 169
B147 2 8 169
B147 3 8 169
B149 0 67 54
B149 1 67 54
B158 1 344 70
B158 2 344 70
B163 0 75 6
B163 1 75 6
B175 2 474 203
B178 1 440 84
B179 0 66 77
B179 1 66 77
B179 3 66 77
z 3 179 66 77
m179 12 3 6.2 56.199999999999996 1.0
z 3 179 66 77
m179 53 3 6.2 56.199999999999996 1.0
z 3 179 66 77
m179 70 3 6.2 56.199999999999996 1.0
z 3 179 66 77
m179 149 3 6.2 56.199999999999996 1.0
z 3 179 66 77
m179 184 3 6.2 56.199999999999996 1.0
z 3 179 66 77
m179 209 3 6.2 56.199999999999996 1.0
B184 0 66 42
B184 1 66 42
B185 3 223 183
B187 2 470 34
B191 0 41 3
B191 1 41 3
B209 0 45 28
B209 1 45 28
B214 2 149 172
B220 0 258 31
B221 1 333 68
B221 2 333 68
B236 0 95 99
B236 1 95 99
B238 3 26 62
B5 1 84 266
B12 3 7 54
B14 0 110 43
B21 3 80 69
z 3 21 80 69
m21 191 3 5.727272727272727 49.72727272727273 0.5678658071671174
z 3 21 80 69
m21 163 3 5.727272727272727 49.72727272727273 0.5678658071671174
z 3 21 80 69
m21 97 3 5.727272727272727 49.72727272727273 0.5678658071671174
B25 2 461 3
z 2 25 461 3
m25 57 2 461 3
z 2 25 461 3
m25 80 2 461 3
B53 3 83 81
B65 0 260 43
B70 3 62 82
B75 0 46 23
B75 1 46 23
B89 2 12 127
z 2 89 12 127
m89 21 2 12 127
z 2 89 12 127
m89 64 2 12 127
z 2 89 12 127
m89 70 2 12 127
z 2 89 12 127
m89 179 2 12 127
z 2 89 12 127
m89 238 2 12 127
B119 2 109 168
B123 1 233 118
B123 2 233 118
B132 3 130 43
z 3 132 130 43
m132 8 3 9.090909090909092 116.36363636363636 0.8403448275862071
z 3 132 130 43
m132 50 3 9.090909090909092 116.36363636363636 0.8403448275862071
z 3 132 130 43
m132 14 3 9.090909090909092 116.36363636363636 0.8403448275862071
B149 3 77 75
B178 2 417 91
z 2 178 417 91
m178 56 2 417 91
B184 3 42 41
B186 2 455 85
B209 3 21 31
B220 1 282 26
z 1 220 282 26
m220 65 1 282 26
B220 2 282 26
B220 3 282 26
B236 2 75 112
z 2 236 75 112
m236 53 2 75 112
z 2 236 75 112
m236 78 2 75 112
z 2 236 75 112
m236 149 2 75 112
z 2 236 75 112
m236 184 2 75 112
B236 3 75 112
z 3 236 75 112
m236 78 3 5.181818181818182 46.81818181818182 1.0
B8 3 168 23
z 3 8 168 23
m8 136 3 8.416666666666668 106.75 1.0
B14 3 88 53
B21 2 103 74
B50 3 216 20
z 3 50 216 20
m50 65 3 8.416666666666668 106.75 1.0
B53 2 95 101
B57 2 484 93
B64 2 68 131
B65 1 276 61
B70 2 77 101
z 2 70 77 101
m70 12 2 77 101
z 2 70 77 101
m70 97 2 77 101
B78 2 56 77
z 2 78 56 77
m78 75 2 56 77
B78 3 56 77
z 3 78 56 77
m78 75 3 4.833333333333333 43.0 1.0
B80 2 434 38
B97 3 48 68
B149 2 87 97
B163 3 110 39
B179 2 113 71
z 2 179 113 71
m179 14 2 113 71
z 2 179 113 71
m179 132 2 113 71
z 2 179 113 71
m179 163 2 113 71
B184 2 18 40
B191 3 16 37
B238 2 20 15
z 2 238 20 15
m238 191 2 20 15
z 2 238 20 15
m238 209 2 20 15
B12 2 55 47
B14 2 66 62
B65 3 292 79
B75 2 88 46
B75 3 88 46
B97 2 38 90
B132 2 82 36
z 2 132 82 36
m132 8 2 82 36
z 2 132 82 36
m132 136 2 82 36
B136 3 128 24
B163 2 128 55
B191 2 4 59
B209 2 10 58
B8 2 123 39
B136 2 105 31
