179 177 160 87
s 0 162 435 117 0
s 1 244 224 294 0
s 2 283 466 226 0
s 3 264 181 287 0
s 4 231 229 28 0
s 5 167 3 158 0
s 6 60 391 213 0
s 7 421 383 312 0
s 8 308 34 276 0
s 9 311 36 285 0
s 10 283 282 298 0
s 11 34 465 202 0
s 12 286 407 285 0
s 13 290 265 162 0
s 14 138 76 15 0
s 15 157 179 169 0
s 16 240 475 316 0
s 17 162 171 55 0
s 18 444 381 359 0
s 19 140 435 324 0
s 20 382 170 209 0
s 21 285 406 269 0
s 22 377 18 357 0
s 23 282 136 10 0
s 24 451 321 147 0
s 25 253 340 26 0
s 26 214 186 86 0
s 27 110 120 86 0
s 28 227 396 116 0
s 29 163 348 222 0
s 30 369 270 90 0
s 31 22 398 298 0
s 32 251 467 202 0
s 33 250 77 88 0
s 34 160 87 178 0
s 35 259 450 254 0
s 36 441 392 98 0
s 37 144 150 11 0
s 38 439 28 82 0
s 39 457 283 328 0
s 40 148 210 213 0
s 41 44 186 206 0
s 42 344 23 190 0
s 43 450 473 83 0
s 44 276 355 342 0
s 45 16 160 46 0
s 46 103 166 327 0
s 47 29 365 252 0
s 48 423 46 32 0
s 49 380 73 117 0
s 50 409 0 126 0
s 51 490 63 87 0
s 52 22 21 291 0
s 53 291 466 205 0
s 54 31 101 262 0
s 55 46 287 188 0
s 56 286 253 311 0
s 57 107 239 60 0
s 58 379 489 237 0
s 59 47 55 343 0
s 60 264 334 190 0
s 61 458 292 96 0
s 62 351 233 219 0
s 63 397 116 58 0
s 64 60 382 85 0
s 65 177 368 107 0
s 66 326 254 223 0
s 67 135 394 68 0
s 68 289 94 354 0
s 69 279 36 215 0
s 70 234 341 199 0
s 71 340 93 92 0
s 72 32 467 277 0
s 73 128 44 225 0
s 74 144 311 224 0
s 75 303 499 76 0
s 76 50 191 105 0
s 77 189 337 320 0
s 78 340 422 64 0
s 79 299 307 145 0
s 80 177 333 35 0
s 81 440 279 229 0
s 82 345 308 90 0
s 83 329 164 297 0
s 84 252 128 17 0
s 85 474 136 251 0
s 86 337 103 112 0
s 87 291 434 346 0
s 88 137 44 195 0
s 89 244 135 231 0
s 90 375 281 329 0
s 91 299 443 328 0
s 92 210 183 267 0
s 93 50 340 225 0
s 94 298 379 236 0
s 95 177 299 294 0
s 96 418 150 335 0
s 97 27 367 239 0
s 98 90 335 161 0
s 99 124 105 177 0
s 100 287 174 276 0
s 101 270 328 31 0
s 102 446 33 238 0
s 103 97 145 51 0
s 104 419 493 212 0
s 105 63 133 205 0
s 106 156 435 254 0
s 107 127 360 237 0
s 108 326 423 240 0
s 109 332 156 191 0
s 110 317 255 65 0
s 111 43 139 131 0
s 112 28 496 325 0
s 113 456 431 222 0
s 114 276 130 202 0
s 115 0 168 114 0
s 116 127 123 313 0
s 117 451 431 199 0
s 118 37 70 211 0
s 119 164 235 19 0
s 120 143 462 149 0
s 121 280 72 100 0
s 122 228 129 306 0
s 123 22 103 168 0
s 124 127 468 59 0
s 125 130 481 190 0
s 126 43 336 149 0
s 127 29 170 109 0
s 128 97 15 272 0
s 129 462 98 198 0
s 130 381 299 160 0
s 131 66 325 95 0
s 132 92 499 114 0
s 133 452 40 54 0
s 134 207 164 292 0
s 135 178 475 94 0
s 136 87 499 65 0
s 137 121 196 106 0
s 138 441 271 288 0
s 139 61 386 53 0
s 140 235 264 241 0
s 141 456 302 27 0
s 142 425 283 291 0
s 143 431 22 144 0
s 144 364 207 325 0
s 145 275 273 26 0
s 146 311 464 351 0
s 147 179 177 219 0
s 148 296 4 339 0
s 149 278 341 208 0
s 150 380 453 334 0
s 151 56 237 96 0
s 152 8 487 133 0
s 153 382 494 283 0
s 154 91 453 143 0
s 155 154 470 80 0
s 156 270 215 221 0
s 157 385 497 178 0
s 158 304 188 120 0
s 159 494 247 200 0
s 160 300 370 23 0
s 161 357 190 350 0
s 162 341 257 339 0
s 163 260 145 172 0
s 164 72 46 146 0
s 165 311 454 129 0
s 166 196 153 332 0
s 167 7 352 133 0
s 168 282 11 333 0
s 169 305 204 106 0
s 170 388 226 80 0
s 171 106 286 245 0
s 172 47 124 260 0
s 173 478 376 342 0
s 174 57 234 230 0
s 175 191 329 104 0
s 176 238 334 19 0
s 177 349 314 142 0
s 178 53 328 200 0
s 179 29 480 324 0
s 180 392 27 224 0
s 181 279 80 335 0
s 182 361 415 210 0
s 183 468 219 161 0
s 184 461 415 149 0
s 185 40 57 179 0
s 186 312 288 112 0
s 187 477 269 296 0
s 188 136 247 322 0
s 189 226 360 243 0
s 190 76 186 131 0
s 191 252 338 102 0
s 192 286 264 349 0
s 193 487 353 223 0
s 194 42 131 331 0
s 195 431 338 144 0
s 196 0 107 332 0
s 197 118 179 131 0
s 198 187 391 292 0
s 199 157 432 47 0
s 200 489 276 48 0
s 201 444 488 99 0
s 202 99 311 324 0
s 203 1 125 29 0
s 204 22 221 202 0
s 205 268 102 14 0
s 206 311 471 297 0
s 207 181 459 45 0
s 208 294 261 240 0
s 209 228 116 237 0
s 210 128 243 142 0
s 211 489 192 85 0
s 212 34 227 48 0
s 213 488 446 195 0
s 214 79 265 310 0
s 215 496 160 141 0
s 216 342 76 330 0
s 217 473 81 53 0
s 218 117 173 262 0
s 219 313 307 207 0
B147 0 177 176
z 0 147 177 176
m147 15 0 177 176
z 0 147 177 176
m147 17 0 177 176
z 0 147 177 176
m147 26 0 177 176
z 0 147 177 176
m147 37 0 177 176
z 0 147 177 176
m147 40 0 177 176
z 0 147 177 176
m147 46 0 177 176
z 0 147 177 176
m147 92 0 177 176
z 0 147 177 176
m147 116 0 177 176
z 0 147 177 176
m147 119 0 177 176
z 0 147 177 176
m147 122 0 177 176
z 0 147 177 176
m147 134 0 177 176
z 0 147 177 176
m147 137 0 177 176
z 0 147 177 176
m147 166 0 177 176
z 0 147 177 176
m147 197 0 177 176
z 0 147 177 176
m147 218 0 177 176
B147 1 177 176
z 1 147 177 176
m147 15 1 177 176
z 1 147 177 176
m147 17 1 177 176
z 1 147 177 176
m147 26 1 177 176
z 1 147 177 176
m147 37 1 177 176
z 1 147 177 176
m147 40 1 177 176
z 1 147 177 176
m147 46 1 177 176
z 1 147 177 176
m147 92 1 177 176
z 1 147 177 176
m147 116 1 177 176
z 1 147 177 176
m147 119 1 177 176
z 1 147 177 176
m147 122 1 177 176
z 1 147 177 176
m147 134 1 177 176
z 1 147 177 176
m147 137 1 177 176
z 1 147 177 176
m147 166 1 177 176
z 1 147 177 176
m147 197 1 177 176
z 1 147 177 176
m147 218 1 177 176
B147 2 177 176
z 2 147 177 176
m147 15 2 177 176
z 2 147 177 176
m147 17 2 177 176
z 2 147 177 176
m147 26 2 177 176
z 2 147 177 176
m147 37 2 177 176
z 2 147 177 176
m147 40 2 177 176
z 2 147 177 176
m147 46 2 177 176
z 2 147 177 176
m147 92 2 177 176
z 2 147 177 176
m147 116 2 177 176
z 2 147 177 176
m147 119 2 177 176
z 2 147 177 176
m147 122 2 177 176
z 2 147 177 176
m147 134 2 177 176
z 2 147 177 176
m147 137 2 177 176
z 2 147 177 176
m147 166 2 177 176
z 2 147 177 176
m147 197 2 177 176
z 2 147 177 176
m147 218 2 177 176
B147 3 177 176
z 3 147 177 176
m147 15 3 15.0 225.0 1.0
z 3 147 177 176
m147 17 3 15.0 225.0 1.0
z 3 147 177 176
m147 26 3 15.0 225.0 1.0
z 3 147 177 176
m147 37 3 15.0 225.0 1.0
z 3 147 177 176
m147 40 3 15.0 225.0 1.0
z 3 147 177 176
m147 46 3 15.0 225.0 1.0
z 3 147 177 176
m147 92 3 15.0 225.0 1.0
z 3 147 177 176
m147 116 3 15.0 225.0 1.0
z 3 147 177 176
m147 119 3 15.0 225.0 1.0
z 3 147 177 176
m147 122 3 15.0 225.0 1.0
z 3 147 177 176
m147 134 3 15.0 225.0 1.0
z 3 147 177 176
m147 137 3 15.0 225.0 1.0
z 3 147 177 176
m147 166 3 15.0 225.0 1.0
z 3 147 177 176
m147 197 3 15.0 225.0 1.0
z 3 147 177 176
m147 218 3 15.0 225.0 1.0
B15 0 154 179
z 0 15 154 179
m15 27 0 154 179
z 0 15 154 179
m15 103 0 154 179
z 0 15 154 179
m15 188 0 154 179
z 0 15 154 179
m15 210 0 154 179
B15 1 154 179
z 1 15 154 179
m15 27 1 154 179
z 1 15 154 179
m15 103 1 154 179
z 1 15 154 179
m15 188 1 154 179
z 1 15 154 179
m15 210 1 154 179
B15 2 154 179
z 2 15 154 179
m15 27 2 154 179
z 2 15 154 179
m15 103 2 154 179
z 2 15 154 179
m15 188 2 154 179
z 2 15 154 179
m15 210 2 154 179
B15 3 154 179
z 3 15 154 179
m15 27 3 11.333333333333334 155.33333333333334 1.0
z 3 15 154 179
m15 103 3 11.333333333333334 155.33333333333334 1.0
z 3 15 154 179
m15 188 3 11.333333333333334 155.33333333333334 1.0
z 3 15 154 179
m15 210 3 11.333333333333334 155.33333333333334 1.0
B17 0 164 174
B17 1 164 174
B17 2 164 174
B17 3 164 174
B26 0 215 189
z 0 26 215 189
m26 1 0 215 189
z 0 26 215 189
m26 3 0 215 189
z 0 26 215 189
m26 4 0 215 189
z 0 26 215 189
m26 84 0 215 189
z 0 26 215 189
m26 89 0 215 189
z 0 26 215 189
m26 100 0 215 189
z 0 26 215 189
m26 140 0 215 189
z 0 26 215 189
m26 156 0 215 189
z 0 26 215 189
m26 163 0 215 189
B26 1 215 189
z 1 26 215 189
m26 1 1 215 189
z 1 26 215 189
m26 3 1 215 189
z 1 26 215 189
m26 4 1 215 189
z 1 26 215 189
m26 84 1 215 189
z 1 26 215 189
m26 89 1 215 189
z 1 26 215 189
m26 100 1 215 189
z 1 26 215 189
m26 140 1 215 189
z 1 26 215 189
m26 156 1 215 189
z 1 26 215 189
m26 163 1 215 189
B26 2 215 189
B26 3 215 189
z 3 26 215 189
m26 1 3 13.0 177.0 1.0
z 3 26 215 189
m26 3 3 13.0 177.0 1.0
z 3 26 215 189
m26 4 3 13.0 177.0 1.0
z 3 26 215 189
m26 84 3 13.0 177.0 1.0
z 3 26 215 189
m26 89 3 13.0 177.0 1.0
z 3 26 215 189
m26 100 3 13.0 177.0 1.0
z 3 26 215 189
m26 140 3 13.0 177.0 1.0
z 3 26 215 189
m26 156 3 13.0 177.0 1.0
z 3 26 215 189
m26 163 3 13.0 177.0 1.0
B37 0 147 151
z 0 37 147 151
m37 34 0 147 151
B37 1 147 151
B37 2 147 151
B37 3 147 151
z 3 37 147 151
m37 34 3 15.0 225.0 -1.0
B40 0 145 208
z 0 40 145 208
m40 57 0 145 208
z 0 40 145 208
m40 190 0 145 208
B40 1 145 208
z 1 40 145 208
m40 57 1 145 208
z 1 40 145 208
m40 190 1 145 208
B40 2 145 208
z 2 40 145 208
m40 57 2 145 208
z 2 40 145 208
m40 190 2 145 208
B40 3 145 208
B46 0 105 165
z 0 46 105 165
m46 41 0 105 165
z 0 46 105 165
m46 76 0 105 165
z 0 46 105 165
m46 99 0 105 165
z 0 46 105 165
m46 105 0 105 165
z 0 46 105 165
m46 111 0 105 165
z 0 46 105 165
m46 172 0 105 165
z 0 46 105 165
m46 194 0 105 165
B46 1 105 165
B46 2 105 165
z 2 46 105 165
m46 41 2 105 165
z 2 46 105 165
m46 76 2 105 165
z 2 46 105 165
m46 99 2 105 165
z 2 46 105 165
m46 105 2 105 165
z 2 46 105 165
m46 111 2 105 165
z 2 46 105 165
m46 172 2 105 165
z 2 46 105 165
m46 194 2 105 165
B46 3 105 165
z 3 46 105 165
m46 41 3 12.666666666666666 171.33333333333334 1.0
z 3 46 105 165
m46 76 3 12.666666666666666 171.33333333333334 1.0
z 3 46 105 165
m46 99 3 12.666666666666666 171.33333333333334 1.0
z 3 46 105 165
m46 105 3 12.666666666666666 171.33333333333334 1.0
z 3 46 105 165
m46 111 3 12.666666666666666 171.33333333333334 1.0
z 3 46 105 165
m46 172 3 12.666666666666666 171.33333333333334 1.0
z 3 46 105 165
m46 190 3 12.666666666666666 171.33333333333334 1.0
z 3 46 105 165
m46 194 3 12.666666666666666 171.33333333333334 1.0
B92 0 210 180
z 0 92 210 180
m92 209 0 210 180
B92 1 210 180
z 1 92 210 180
m92 209 1 210 180
B92 2 210 180
B92 3 210 180
z 3 92 210 180
m92 209 3 10.333333333333334 150.33333333333334 1.0
B116 0 129 121
z 0 116 129 121
m116 34 0 129 121
B116 1 129 121
z 1 116 129 121
m116 34 1 129 121
B116 2 129 121
z 2 116 129 121
m116 34 2 129 121
B116 3 129 121
z 3 116 129 121
m116 34 3 15.0 225.0 -1.0
B119 0 167 236
z 0 119 167 236
m119 95 0 167 236
B119 1 167 236
z 1 119 167 236
m119 95 1 167 236
B119 2 167 236
z 2 119 167 236
m119 4 2 167 236
z 2 119 167 236
m119 95 2 167 236
z 2 119 167 236
m119 140 2 167 236
B119 3 167 236
B122 0 229 127
z 0 122 229 127
m122 23 0 229 127
z 0 122 229 127
m122 33 0 229 127
z 0 122 229 127
m122 68 0 229 127
z 0 122 229 127
m122 114 0 229 127
z 0 122 229 127
m122 121 0 229 127
z 0 122 229 127
m122 181 0 229 127
z 0 122 229 127
m122 205 0 229 127
B122 1 229 127
z 1 122 229 127
m122 23 1 229 127
z 1 122 229 127
m122 33 1 229 127
z 1 122 229 127
m122 68 1 229 127
z 1 122 229 127
m122 114 1 229 127
z 1 122 229 127
m122 121 1 229 127
z 1 122 229 127
m122 181 1 229 127
z 1 122 229 127
m122 205 1 229 127
B122 2 229 127
B122 3 229 127
z 3 122 229 127
m122 23 3 12.333333333333334 166.33333333333334 1.0
z 3 122 229 127
m122 33 3 12.333333333333334 166.33333333333334 1.0
z 3 122 229 127
m122 68 3 12.333333333333334 166.33333333333334 1.0
z 3 122 229 127
m122 114 3 12.333333333333334 166.33333333333334 1.0
z 3 122 229 127
m122 121 3 12.333333333333334 166.33333333333334 1.0
z 3 122 229 127
m122 181 3 12.333333333333334 166.33333333333334 1.0
z 3 122 229 127
m122 205 3 12.333333333333334 166.33333333333334 1.0
B134 0 208 162
B134 1 208 162
B134 2 208 162
z 2 134 208 162
m134 1 2 208 162
z 2 134 208 162
m134 3 2 208 162
z 2 134 208 162
m134 84 2 208 162
z 2 134 208 162
m134 89 2 208 162
z 2 134 208 162
m134 114 2 208 162
z 2 134 208 162
m134 163 2 208 162
z 2 134 208 162
m134 209 2 208 162
B134 3 208 162
B137 0 120 199
z 0 137 120 199
m137 174 0 120 199
z 0 137 120 199
m137 214 0 120 199
B137 1 120 199
z 1 137 120 199
m137 76 1 120 199
z 1 137 120 199
m137 174 1 120 199
z 1 137 120 199
m137 214 1 120 199
B137 2 120 199
B137 3 120 199
z 3 137 120 199
m137 214 3 11.0 153.0 0.7705627705627707
z 3 137 120 199
m137 174 3 11.0 153.0 0.7705627705627707
z 3 137 120 199
m137 57 3 11.0 153.0 0.7705627705627707
B166 0 199 151
B166 1 199 151
B166 2 199 151
B166 3 199 151
B197 0 116 181
B197 1 116 181
z 1 197 116 181
m197 41 1 116 181
z 1 197 116 181
m197 105 1 116 181
B197 2 116 181
B197 3 116 181
B218 0 117 170
B218 1 117 170
B218 2 117 170
B218 3 117 170
B1 0 246 220
z 0 1 246 220
m1 10 0 246 220
z 0 1 246 220
m1 13 0 246 220
z 0 1 246 220
m1 56 0 246 220
z 0 1 246 220
m1 145 0 246 220
z 0 1 246 220
m1 158 0 246 220
z 0 1 246 220
m1 169 0 246 220
z 0 1 246 220
m1 192 0 246 220
z 0 1 246 220
m1 208 0 246 220
B1 1 246 220
z 1 1 246 220
m1 10 1 246 220
z 1 1 246 220
m1 13 1 246 220
z 1 1 246 220
m1 56 1 246 220
z 1 1 246 220
m1 145 1 246 220
z 1 1 246 220
m1 158 1 246 220
z 1 1 246 220
m1 169 1 246 220
z 1 1 246 220
m1 192 1 246 220
z 1 1 246 220
m1 208 1 246 220
B1 2 246 220
z 2 1 246 220
m1 10 2 246 220
z 2 1 246 220
m1 13 2 246 220
z 2 1 246 220
m1 56 2 246 220
z 2 1 246 220
m1 100 2 246 220
z 2 1 246 220
m1 145 2 246 220
z 2 1 246 220
m1 156 2 246 220
z 2 1 246 220
m1 158 2 246 220
z 2 1 246 220
m1 169 2 246 220
z 2 1 246 220
m1 192 2 246 220
z 2 1 246 220
m1 208 2 246 220
B1 3 246 220
z 3 1 246 220
m1 10 3 11.75 148.75 0.9602361183186301
z 3 1 246 220
m1 145 3 11.75 148.75 0.9602361183186301
z 3 1 246 220
m1 158 3 11.75 148.75 0.9602361183186301
z 3 1 246 220
m1 192 3 11.75 148.75 0.9602361183186301
z 3 1 246 220
m1 13 3 11.75 148.75 0.9602361183186301
z 3 1 246 220
m1 169 3 11.75 148.75 0.9602361183186301
z 3 1 246 220
m1 208 3 11.75 148.75 0.9602361183186301
z 3 1 246 220
m1 56 3 11.75 148.75 0.9602361183186301
B3 0 265 177
z 0 3 265 177
m3 83 0 265 177
z 0 3 265 177
m3 109 0 265 177
B3 1 265 177
z 1 3 265 177
m3 83 1 265 177
z 1 3 265 177
m3 109 1 265 177
B3 2 265 177
z 2 3 265 177
m3 23 2 265 177
z 2 3 265 177
m3 83 2 265 177
z 2 3 265 177
m3 109 2 265 177
z 2 3 265 177
m3 205 2 265 177
B3 3 265 177
B4 0 234 231
B4 1 234 231
B4 2 234 231
B4 3 234 231
B23 0 286 137
z 0 23 286 137
m23 71 0 286 137
z 0 23 286 137
m23 86 0 286 137
B23 1 286 137
z 1 23 286 137
m23 71 1 286 137
z 1 23 286 137
m23 86 1 286 137
B23 3 286 137
z 3 23 286 137
m23 71 3 10.25 128.75 0.3797117516629711
z 3 23 286 137
m23 86 3 10.25 128.75 0.3797117516629711
B27 0 110 124
z 0 27 110 124
m27 34 0 110 124
B27 1 110 124
z 1 27 110 124
m27 34 1 110 124
B27 2 110 124
B27 3 110 124
z 3 27 110 124
m27 34 3 11.333333333333334 155.33333333333334 -1.0
B33 0 250 81
z 0 33 250 81
m33 69 0 250 81
B33 1 250 81
z 1 33 250 81
m33 69 1 250 81
B33 3 250 81
z 3 33 250 81
m33 69 3 9.5 125.0 1.0
B41 0 40 184
z 0 41 40 184
m41 45 0 40 184
z 0 41 40 184
m41 115 0 40 184
z 0 41 40 184
m41 127 0 40 184
z 0 41 40 184
m41 151 0 40 184
z 0 41 40 184
m41 203 0 40 184
z 0 41 40 184
m41 204 0 40 184
z 0 41 40 184
m41 212 0 40 184
B41 1 40 184
z 1 41 40 184
m41 45 1 40 184
z 1 41 40 184
m41 111 1 40 184
z 1 41 40 184
m41 115 1 40 184
z 1 41 40 184
m41 127 1 40 184
z 1 41 40 184
m41 151 1 40 184
z 1 41 40 184
m41 172 1 40 184
z 1 41 40 184
m41 194 1 40 184
z 1 41 40 184
m41 203 1 40 184
z 1 41 40 184
m41 204 1 40 184
z 1 41 40 184
m41 212 1 40 184
B41 2 40 184
z 2 41 40 184
m41 45 2 40 184
z 2 41 40 184
m41 115 2 40 184
z 2 41 40 184
m41 127 2 40 184
z 2 41 40 184
m41 151 2 40 184
z 2 41 40 184
m41 174 2 40 184
z 2 41 40 184
m41 203 2 40 184
z 2 41 40 184
m41 204 2 40 184
z 2 41 40 184
m41 212 2 40 184
B41 3 40 184
z 3 41 40 184
m41 203 3 11.25 140.75 0.9497665732959852
z 3 41 40 184
m41 151 3 11.25 140.75 0.9497665732959852
z 3 41 40 184
m41 212 3 11.25 140.75 0.9497665732959852
z 3 41 40 184
m41 204 3 11.25 140.75 0.9497665732959852
z 3 41 40 184
m41 115 3 11.25 140.75 0.9497665732959852
z 3 41 40 184
m41 45 3 11.25 140.75 0.9497665732959852
z 3 41 40 184
m41 127 3 11.25 140.75 0.9497665732959852
B57 0 109 243
z 0 57 109 243
m57 74 0 109 243
z 0 57 109 243
m57 171 0 109 243
z 0 57 109 243
m57 202 0 109 243
B57 1 109 243
B57 2 109 243
B57 3 109 243
z 3 57 109 243
m57 74 3 9.0 117.0 0.8248277544052193
z 3 57 109 243
m57 202 3 9.0 117.0 0.8248277544052193
z 3 57 109 243
m57 171 3 9.0 117.0 0.8248277544052193
B68 0 293 94
z 0 68 293 94
m68 8 0 293 94
z 0 68 293 94
m68 9 0 293 94
z 0 68 293 94
m68 216 0 293 94
B68 1 293 94
B68 3 293 94
z 3 68 293 94
m68 109 3 10.25 128.75 0.3797117516629711
z 3 68 293 94
m68 8 3 10.25 128.75 0.3797117516629711
B76 0 49 195
B76 1 49 195
B76 2 49 195
B76 3 49 195
B84 0 256 129
B84 1 256 129
B84 2 256 129
B84 3 256 129
B89 0 241 131
B89 1 241 131
B89 2 241 131
z 2 89 241 131
m89 33 2 241 131
z 2 89 241 131
m89 68 2 241 131
z 2 89 241 131
m89 121 2 241 131
z 2 89 241 131
m89 181 2 241 131
B89 3 241 131
B95 0 179 295
z 0 95 179 295
m95 29 0 179 295
z 0 95 179 295
m95 70 0 179 295
z 0 95 179 295
m95 77 0 179 295
z 0 95 179 295
m95 80 0 179 295
z 0 95 179 295
m95 175 0 179 295
z 0 95 179 295
m95 176 0 179 295
B95 1 179 295
z 1 95 179 295
m95 29 1 179 295
z 1 95 179 295
m95 70 1 179 295
z 1 95 179 295
m95 74 1 179 295
z 1 95 179 295
m95 77 1 179 295
z 1 95 179 295
m95 80 1 179 295
z 1 95 179 295
m95 175 1 179 295
z 1 95 179 295
m95 176 1 179 295
B95 2 179 295
z 2 95 179 295
m95 29 2 179 295
z 2 95 179 295
m95 70 2 179 295
z 2 95 179 295
m95 74 2 179 295
z 2 95 179 295
m95 77 2 179 295
z 2 95 179 295
m95 80 2 179 295
z 2 95 179 295
m95 175 2 179 295
z 2 95 179 295
m95 176 2 179 295
B99 0 120 105
z 0 99 120 105
m99 34 0 120 105
B99 2 120 105
z 2 99 120 105
m99 34 2 120 105
B99 3 120 105
z 3 99 120 105
m99 34 3 12.666666666666666 171.33333333333334 -1.0
B100 0 287 170
B100 1 287 170
B100 3 287 170
z 3 100 287 170
m100 83 3 10.0 133.0 1.0
B103 0 100 148
B103 1 100 148
B103 2 100 148
B103 3 100 148
B105 0 60 131
z 0 105 60 131
m105 54 0 60 131
z 0 105 60 131
m105 118 0 60 131
z 0 105 60 131
m105 123 0 60 131
z 0 105 60 131
m105 196 0 60 131
B105 1 60 131
z 1 105 60 131
m105 54 1 60 131
z 1 105 60 131
m105 99 1 60 131
z 1 105 60 131
m105 118 1 60 131
z 1 105 60 131
m105 123 1 60 131
z 1 105 60 131
m105 196 1 60 131
B105 2 60 131
B105 3 60 131
z 3 105 60 131
m105 118 3 10.5 132.5 0.1448579431772714
B111 0 40 142
B111 2 40 142
z 2 111 40 142
m111 54 2 40 142
z 2 111 40 142
m111 118 2 40 142
z 2 111 40 142
m111 123 2 40 142
z 2 111 40 142
m111 196 2 40 142
B111 3 40 142
B114 0 272 129
B114 1 272 129
B114 2 272 129
z 2 114 272 129
m114 71 2 272 129
z 2 114 272 129
m114 86 2 272 129
B114 3 272 129
B121 0 279 76
z 0 121 279 76
m121 168 0 279 76
B121 1 279 76
B121 3 279 76
B140 0 233 260
B140 1 233 260
B140 2 233 260
B140 3 233 260
z 3 140 233 260
m140 95 3 10.0 133.0 1.0
B156 0 267 212
z 0 156 267 212
m156 66 0 267 212
z 0 156 267 212
m156 110 0 267 212
B156 1 267 212
z 1 156 267 212
m156 66 1 267 212
z 1 156 267 212
m156 110 1 267 212
B156 3 267 212
B163 0 256 146
B163 1 256 146
B163 2 256 146
B163 3 256 146
B172 0 47 120
z 0 172 47 120
m172 59 0 47 120
z 0 172 47 120
m172 164 0 47 120
z 0 172 47 120
m172 185 0 47 120
B172 2 47 120
B172 3 47 120
z 3 172 47 120
m172 164 3 11.0 137.5 0.7759103641456586
z 3 172 47 120
m172 59 3 11.0 137.5 0.7759103641456586
z 3 172 47 120
m172 185 3 11.0 137.5 0.7759103641456586
z 3 172 47 120
m172 196 3 11.0 137.5 0.7759103641456586
z 3 172 47 120
m172 123 3 11.0 137.5 0.7759103641456586
z 3 172 47 120
m172 54 3 11.0 137.5 0.7759103641456586
B174 0 55 231
z 0 174 55 231
m174 55 0 55 231
B174 1 55 231
z 1 174 55 231
m174 55 1 55 231
z 1 174 55 231
m174 171 1 55 231
B174 3 55 231
z 3 174 55 231
m174 55 3 8.5 115.0 1.0
B181 0 282 78
B181 1 282 78
B181 3 282 78
B188 0 140 244
B188 1 140 244
z 1 188 140 244
m188 202 1 140 244
B188 2 140 244
B188 3 140 244
B190 0 73 190
B190 1 73 190
B190 2 73 190
B190 3 73 190
B194 0 45 129
B194 2 45 129
B194 3 45 129
B205 0 271 103
B205 1 271 103
B205 3 271 103
B209 0 226 112
z 0 209 226 112
m209 34 0 226 112
B209 1 226 112
B209 2 226 112
B209 3 226 112
z 3 209 226 112
m209 34 3 10.333333333333334 150.33333333333334 -1.0
B210 0 125 245
B210 1 125 245
B210 2 125 245
z 2 210 125 245
m210 171 2 125 245
z 2 210 125 245
m210 202 2 125 245
z 2 210 125 245
m210 214 2 125 245
B210 3 125 245
B214 0 81 262
z 0 214 81 262
m214 98 0 81 262
z 0 214 81 262
m214 131 0 81 262
z 0 214 81 262
m214 178 0 81 262
B214 1 81 262
z 1 214 81 262
m214 98 1 81 262
z 1 214 81 262
m214 131 1 81 262
z 1 214 81 262
m214 178 1 81 262
B214 3 81 262
z 3 214 81 262
m214 98 3 9.0 117.0 0.8248277544052193
z 3 214 81 262
m214 178 3 9.0 117.0 0.8248277544052193
z 3 214 81 262
m214 131 3 9.0 117.0 0.8248277544052193
B8 0 309 29
z 0 8 309 29
m8 22 0 309 29
z 0 8 309 29
m8 42 0 309 29
z 0 8 309 29
m8 148 0 309 29
B8 3 309 29
z 3 8 309 29
m8 22 3 9.399999999999999 110.2 0.524621946143561
z 3 8 309 29
m8 216 3 9.399999999999999 110.2 0.524621946143561
z 3 8 309 29
m8 42 3 9.399999999999999 110.2 0.524621946143561
z 3 8 309 29
m8 168 3 9.399999999999999 110.2 0.524621946143561
z 3 8 309 29
m8 148 3 9.399999999999999 110.2 0.524621946143561
B9 0 312 32
B10 0 285 278
z 0 10 285 278
m10 25 0 285 278
z 0 10 285 278
m10 60 0 285 278
z 0 10 285 278
m10 79 0 285 278
z 0 10 285 278
m10 82 0 285 278
z 0 10 285 278
m10 101 0 285 278
z 0 10 285 278
m10 149 0 285 278
z 0 10 285 278
m10 162 0 285 278
z 0 10 285 278
m10 177 0 285 278
z 0 10 285 278
m10 186 0 285 278
z 0 10 285 278
m10 191 0 285 278
z 0 10 285 278
m10 219 0 285 278
B10 1 285 278
z 1 10 285 278
m10 25 1 285 278
z 1 10 285 278
m10 60 1 285 278
z 1 10 285 278
m10 79 1 285 278
z 1 10 285 278
m10 82 1 285 278
z 1 10 285 278
m10 101 1 285 278
z 1 10 285 278
m10 149 1 285 278
z 1 10 285 278
m10 162 1 285 278
z 1 10 285 278
m10 177 1 285 278
z 1 10 285 278
m10 186 1 285 278
z 1 10 285 278
m10 191 1 285 278
z 1 10 285 278
m10 219 1 285 278
B10 2 285 278
z 2 10 285 278
m10 25 2 285 278
z 2 10 285 278
m10 60 2 285 278
z 2 10 285 278
m10 66 2 285 278
z 2 10 285 278
m10 79 2 285 278
z 2 10 285 278
m10 82 2 285 278
z 2 10 285 278
m10 101 2 285 278
z 2 10 285 278
m10 110 2 285 278
z 2 10 285 278
m10 149 2 285 278
z 2 10 285 278
m10 162 2 285 278
z 2 10 285 278
m10 177 2 285 278
z 2 10 285 278
m10 186 2 285 278
z 2 10 285 278
m10 191 2 285 278
z 2 10 285 278
m10 219 2 285 278
B10 3 285 278
z 3 10 285 278
m10 25 3 12.2 158.2 1.0
z 3 10 285 278
m10 60 3 12.2 158.2 1.0
z 3 10 285 278
m10 66 3 12.2 158.2 1.0
z 3 10 285 278
m10 79 3 12.2 158.2 1.0
z 3 10 285 278
m10 82 3 12.2 158.2 1.0
z 3 10 285 278
m10 101 3 12.2 158.2 1.0
z 3 10 285 278
m10 110 3 12.2 158.2 1.0
z 3 10 285 278
m10 149 3 12.2 158.2 1.0
z 3 10 285 278
m10 162 3 12.2 158.2 1.0
z 3 10 285 278
m10 176 3 12.2 158.2 1.0
z 3 10 285 278
m10 177 3 12.2 158.2 1.0
z 3 10 285 278
m10 186 3 12.2 158.2 1.0
z 3 10 285 278
m10 191 3 12.2 158.2 1.0
z 3 10 285 278
m10 219 3 12.2 158.2 1.0
B13 0 285 266
z 0 13 285 266
m13 62 0 285 266
B13 1 285 266
z 1 13 285 266
m13 62 1 285 266
B13 2 285 266
B13 3 285 266
z 3 13 285 266
m13 62 3 9.6 119.2 1.0
B23 2 287 137
B29 0 159 344
z 0 29 159 344
m29 65 0 159 344
z 0 29 159 344
m29 67 0 159 344
z 0 29 159 344
m29 107 0 159 344
z 0 29 159 344
m29 189 0 159 344
z 0 29 159 344
m29 198 0 159 344
B29 1 159 344
z 1 29 159 344
m29 65 1 159 344
z 1 29 159 344
m29 67 1 159 344
z 1 29 159 344
m29 107 1 159 344
z 1 29 159 344
m29 189 1 159 344
z 1 29 159 344
m29 198 1 159 344
B29 2 159 344
z 2 29 159 344
m29 65 2 159 344
z 2 29 159 344
m29 67 2 159 344
z 2 29 159 344
m29 98 2 159 344
z 2 29 159 344
m29 107 2 159 344
z 2 29 159 344
m29 189 2 159 344
z 2 29 159 344
m29 198 2 159 344
B33 2 250 82
z 2 33 250 82
m33 69 2 250 82
B45 0 20 163
B45 1 20 163
B45 2 20 163
B45 3 20 163
B54 0 30 96
B54 1 30 96
z 1 54 30 96
m54 59 1 30 96
z 1 54 30 96
m54 164 1 30 96
z 1 54 30 96
m54 185 1 30 96
B54 2 30 96
z 2 54 30 96
m54 59 2 30 96
z 2 54 30 96
m54 164 2 30 96
z 2 54 30 96
m54 185 2 30 96
B54 3 30 96
B55 0 41 286
z 0 55 41 286
m55 47 0 41 286
z 0 55 41 286
m55 93 0 41 286
z 0 55 41 286
m55 126 0 41 286
B55 1 41 286
z 1 55 41 286
m55 47 1 41 286
z 1 55 41 286
m55 93 1 41 286
z 1 55 41 286
m55 126 1 41 286
B55 3 41 286
z 3 55 41 286
m55 47 3 7.3999999999999995 93.8 1.0
z 3 55 41 286
m55 93 3 7.3999999999999995 93.8 1.0
z 3 55 41 286
m55 126 3 7.3999999999999995 93.8 1.0
B56 0 289 249
B56 1 289 249
B56 2 289 249
z 2 56 289 249
m56 62 2 289 249
B56 3 289 249
B59 0 52 53
z 0 59 52 53
m59 52 0 52 53
z 0 59 52 53
m59 73 0 52 53
z 0 59 52 53
m59 128 0 52 53
B59 3 52 53
B66 0 322 250
z 0 66 322 250
m66 30 0 322 250
z 0 66 322 250
m66 90 0 322 250
z 0 66 322 250
m66 130 0 322 250
z 0 66 322 250
m66 144 0 322 250
z 0 66 322 250
m66 161 0 322 250
z 0 66 322 250
m66 170 0 322 250
B66 1 322 250
z 1 66 322 250
m66 30 1 322 250
z 1 66 322 250
m66 90 1 322 250
z 1 66 322 250
m66 130 1 322 250
z 1 66 322 250
m66 144 1 322 250
z 1 66 322 250
m66 161 1 322 250
z 1 66 322 250
m66 170 1 322 250
B68 2 294 94
B69 0 275 33
B69 1 275 33
z 1 69 275 33
m69 8 1 275 33
z 1 69 275 33
m69 9 1 275 33
z 1 69 275 33
m69 42 1 275 33
z 1 69 275 33
m69 148 1 275 33
z 1 69 275 33
m69 168 1 275 33
B69 3 275 33
z 3 69 275 33
m69 9 3 7.8 100.2 1.0
B70 0 229 340
z 0 70 229 340
m70 28 0 229 340
z 0 70 229 340
m70 44 0 229 340
B70 1 229 340
B70 2 229 340
B71 0 340 98
z 0 71 340 98
m71 49 0 340 98
z 0 71 340 98
m71 63 0 340 98
B71 1 340 98
z 1 71 340 98
m71 49 1 340 98
z 1 71 340 98
m71 63 1 340 98
z 1 71 340 98
m71 216 1 340 98
B71 2 340 98
B71 3 340 98
B74 0 140 307
B74 1 140 307
B74 2 140 307
B74 3 140 307
z 3 74 140 307
m74 29 3 8.4 100.8 1.0
z 3 74 140 307
m74 65 3 8.4 100.8 1.0
z 3 74 140 307
m74 77 3 8.4 100.8 1.0
z 3 74 140 307
m74 80 3 8.4 100.8 1.0
z 3 74 140 307
m74 107 3 8.4 100.8 1.0
z 3 74 140 307
m74 175 3 8.4 100.8 1.0
B77 0 193 334
B77 1 193 334
B77 2 193 334
B80 0 181 335
B80 1 181 335
B80 2 181 335
B83 0 331 160
z 0 83 331 160
m83 20 0 331 160
B83 1 331 160
z 1 83 331 160
m83 20 1 331 160
B83 2 331 160
B83 3 331 160
z 3 83 331 160
m83 20 3 8.6 108.2 1.0
z 3 83 331 160
m83 144 3 8.6 108.2 1.0
z 3 83 331 160
m83 161 3 8.6 108.2 1.0
B86 0 335 108
B86 1 335 108
B86 2 335 108
z 2 86 335 108
m86 20 2 335 108
z 2 86 335 108
m86 49 2 335 108
z 2 86 335 108
m86 63 2 335 108
z 2 86 335 108
m86 216 2 335 108
B86 3 335 108
B95 3 179 294
z 3 95 179 294
m95 70 3 8.2 106.60000000000001 1.0
B98 0 85 336
z 0 98 85 336
m98 6 0 85 336
z 0 98 85 336
m98 64 0 85 336
z 0 98 85 336
m98 97 0 85 336
z 0 98 85 336
m98 139 0 85 336
B98 1 85 336
B98 3 85 336
z 3 98 85 336
m98 6 3 8.0 96.8 1.0
z 3 98 85 336
m98 64 3 8.0 96.8 1.0
z 3 98 85 336
m98 97 3 8.0 96.8 1.0
z 3 98 85 336
m98 139 3 8.0 96.8 1.0
B99 1 119 105
z 1 99 119 105
m99 34 1 119 105
B100 2 288 169
B109 0 327 155
B109 1 327 155
B109 2 327 155
z 2 109 327 155
m109 144 2 327 155
z 2 109 327 155
m109 161 2 327 155
B109 3 327 155
B110 0 319 259
B110 1 319 259
B111 1 39 143
B115 0 6 168
B115 1 6 168
B115 2 6 168
B115 3 6 168
B118 0 32 68
B118 1 32 68
z 1 118 32 68
m118 52 1 32 68
B118 2 32 68
B118 3 32 68
z 3 118 32 68
m118 52 3 8.6 106.2 1.0
B121 2 279 77
z 2 121 279 77
m121 8 2 279 77
z 2 121 279 77
m121 9 2 279 77
z 2 121 279 77
m121 168 2 279 77
B123 0 17 104
B123 1 17 104
B123 2 17 104
B123 3 17 104
B127 0 27 175
B127 1 27 175
B127 2 27 175
B127 3 27 175
B131 0 65 330
z 0 131 65 330
m131 167 0 65 330
B131 1 65 330
z 1 131 65 330
m131 6 1 65 330
z 1 131 65 330
m131 64 1 65 330
z 1 131 65 330
m131 97 1 65 330
z 1 131 65 330
m131 139 1 65 330
z 1 131 65 330
m131 167 1 65 330
B131 3 65 330
z 3 131 65 330
m131 167 3 7.4 93.8 1.0
B145 0 279 276
B145 1 279 276
B145 2 279 276
B145 3 279 276
B151 0 55 242
B151 1 55 242
B151 2 55 242
z 2 151 55 242
m151 55 2 55 242
B151 3 55 242
B156 2 267 212
B158 0 302 192
B158 1 302 192
B158 2 302 192
B158 3 302 192
B164 0 68 49
z 0 164 68 49
m164 88 0 68 49
B164 3 68 49
B168 0 287 9
B169 0 304 209
B169 1 304 209
B169 2 304 209
B169 3 304 209
B171 0 104 282
B171 1 104 282
B171 2 104 282
z 2 171 104 282
m171 131 2 104 282
z 2 171 104 282
m171 178 2 104 282
B171 3 104 282
B172 1 47 119
B174 2 54 230
B175 0 190 334
B175 1 190 334
B175 2 190 334
B176 0 242 336
z 0 176 242 336
m176 94 0 242 336
z 0 176 242 336
m176 160 0 242 336
B176 1 242 336
z 1 176 242 336
m176 28 1 242 336
z 1 176 242 336
m176 44 1 242 336
z 1 176 242 336
m176 94 1 242 336
z 1 176 242 336
m176 160 1 242 336
B176 2 242 336
z 2 176 242 336
m176 28 2 242 336
z 2 176 242 336
m176 44 2 242 336
z 2 176 242 336
m176 94 2 242 336
z 2 176 242 336
m176 160 2 242 336
B178 0 48 326
z 0 178 48 326
m178 31 0 48 326
B178 1 48 326
z 1 178 48 326
m178 31 1 48 326
B178 3 48 326
z 3 178 48 326
m178 31 3 7.4 93.8 1.0
B181 2 283 78
B185 0 35 57
B185 3 35 57
B192 0 291 263
B192 1 291 263
B192 2 291 263
B192 3 291 263
B194 1 46 129
B196 0 1 102
B196 1 1 102
B196 2 1 102
B196 3 1 102
B202 0 103 308
B202 1 103 308
B202 2 103 308
B202 3 103 308
B203 0 6 127
B203 1 6 127
B203 2 6 127
B203 3 6 127
B204 0 18 220
B204 1 18 220
B204 2 18 220
B204 3 18 220
B205 2 272 103
B208 0 292 256
B208 1 292 256
B208 2 292 256
B208 3 292 256
B212 0 37 231
B212 1 37 231
B212 2 37 231
B212 3 37 231
B214 2 82 261
B216 0 346 74
z 0 216 346 74
m216 180 0 346 74
B6 0 55 388
B6 1 55 388
B6 3 55 388
B8 1 309 28
z 1 8 309 28
m8 22 1 309 28
B8 2 309 28
z 2 8 309 28
m8 22 2 309 28
z 2 8 309 28
m8 42 2 309 28
z 2 8 309 28
m8 148 2 309 28
B9 1 312 31
B9 2 312 31
B9 3 312 31
B20 0 376 167
z 0 20 376 167
m20 96 0 376 167
B20 1 376 167
z 1 20 376 167
m20 96 1 376 167
B20 2 376 167
B20 3 376 167
z 3 20 376 167
m20 63 3 7.666666666666667 91.66666666666667 1.0
z 3 20 376 167
m20 96 3 7.666666666666667 91.66666666666667 1.0
z 3 20 376 167
m20 170 3 7.666666666666667 91.66666666666667 1.0
B22 0 383 17
z 0 22 383 17
m22 38 0 383 17
z 0 22 383 17
m22 48 0 383 17
z 0 22 383 17
m22 50 0 383 17
z 0 22 383 17
m22 102 0 383 17
z 0 22 383 17
m22 143 0 383 17
B22 3 383 17
z 3 22 383 17
m22 49 3 8.999999999999998 100.0 0.6252438802583974
z 3 22 383 17
m22 102 3 8.999999999999998 100.0 0.6252438802583974
z 3 22 383 17
m22 38 3 8.999999999999998 100.0 0.6252438802583974
z 3 22 383 17
m22 48 3 8.999999999999998 100.0 0.6252438802583974
z 3 22 383 17
m22 143 3 8.999999999999998 100.0 0.6252438802583974
z 3 22 383 17
m22 50 3 8.999999999999998 100.0 0.6252438802583974
B25 0 258 343
z 0 25 258 343
m25 12 0 258 343
z 0 25 258 343
m25 21 0 258 343
B25 1 258 343
z 1 25 258 343
m25 12 1 258 343
z 1 25 258 343
m25 21 1 258 343
B25 2 258 343
z 2 25 258 343
m25 12 2 258 343
z 2 25 258 343
m25 21 2 258 343
B25 3 258 343
z 3 25 258 343
m25 28 3 11.333333333333332 140.0 0.10265914585012093
z 3 25 258 343
m25 12 3 11.333333333333332 140.0 0.10265914585012093
z 3 25 258 343
m25 21 3 11.333333333333332 140.0 0.10265914585012093
z 3 25 258 343
m25 160 3 11.333333333333332 140.0 0.10265914585012093
B28 0 224 402
z 0 28 224 402
m28 16 0 224 402
z 0 28 224 402
m28 32 0 224 402
z 0 28 224 402
m28 35 0 224 402
z 0 28 224 402
m28 106 0 224 402
z 0 28 224 402
m28 199 0 224 402
z 0 28 224 402
m28 207 0 224 402
B28 1 224 402
z 1 28 224 402
m28 16 1 224 402
z 1 28 224 402
m28 32 1 224 402
z 1 28 224 402
m28 35 1 224 402
z 1 28 224 402
m28 106 1 224 402
z 1 28 224 402
m28 199 1 224 402
z 1 28 224 402
m28 207 1 224 402
B28 2 224 402
B29 3 159 344
B30 0 369 276
z 0 30 369 276
m30 81 0 369 276
z 0 30 369 276
m30 138 0 369 276
z 0 30 369 276
m30 142 0 369 276
B30 1 369 276
B31 0 24 392
z 0 31 24 392
m31 11 0 24 392
z 0 31 24 392
m31 72 0 24 392
B31 1 24 392
z 1 31 24 392
m31 11 1 24 392
z 1 31 24 392
m31 72 1 24 392
B31 3 24 392
z 3 31 24 392
m31 11 3 6.5 78.83333333333334 1.0
z 3 31 24 392
m31 72 3 6.5 78.83333333333334 1.0
B42 0 338 22
B42 1 338 22
z 1 42 338 22
m42 180 1 338 22
B42 3 338 22
z 3 42 338 22
m42 180 3 7.999999999999999 92.0 1.0
B44 0 282 353
B44 1 282 353
B44 2 282 353
B47 0 28 359
B47 1 28 359
B47 3 28 359
B49 0 377 78
B49 1 377 78
z 1 49 377 78
m49 48 1 377 78
z 1 49 377 78
m49 143 1 377 78
B49 2 377 78
B52 0 24 15
B52 1 24 15
z 1 52 24 15
m52 128 1 24 15
B52 3 24 15
z 3 52 24 15
m52 128 3 7.333333333333334 88.66666666666667 1.0
B55 2 40 286
z 2 55 40 286
m55 47 2 40 286
z 2 55 40 286
m55 93 2 40 286
z 2 55 40 286
m55 126 2 40 286
B59 1 53 53
z 1 59 53 53
m59 73 1 53 53
B59 2 53 53
z 2 59 53 53
m59 52 2 53 53
z 2 59 53 53
m59 73 2 53 53
z 2 59 53 53
m59 128 2 53 53
B60 0 258 333
B60 1 258 333
B60 2 258 333
B60 3 258 333
B62 0 346 230
B62 1 346 230
B62 2 346 230
z 2 62 346 230
m62 30 2 346 230
z 2 62 346 230
m62 90 2 346 230
z 2 62 346 230
m62 170 2 346 230
B62 3 346 230
z 3 62 346 230
m62 30 3 8.333333333333334 100.0 1.0
z 3 62 346 230
m62 90 3 8.333333333333334 100.0 1.0
B63 0 400 121
z 0 63 400 121
m63 85 0 400 121
z 0 63 400 121
m63 129 0 400 121
B63 1 400 121
B63 2 400 121
z 2 63 400 121
m63 85 2 400 121
z 2 63 400 121
m63 96 2 400 121
z 2 63 400 121
m63 129 2 400 121
B64 0 61 388
z 0 64 61 388
m64 154 0 61 388
B64 1 61 388
B64 3 61 388
z 3 64 61 388
m64 154 3 6.833333333333334 80.83333333333334 1.0
B65 0 175 374
z 0 65 175 374
m65 0 0 175 374
z 0 65 175 374
m65 19 0 175 374
B65 1 175 374
B65 2 175 374
z 2 65 175 374
m65 0 2 175 374
z 2 65 175 374
m65 19 2 175 374
z 2 65 175 374
m65 106 2 175 374
z 2 65 175 374
m65 199 2 175 374
B65 3 175 374
z 3 65 175 374
m65 0 3 8.166666666666666 92.16666666666667 1.0
z 3 65 175 374
m65 19 3 8.166666666666666 92.16666666666667 1.0
z 3 65 175 374
m65 67 3 8.166666666666666 92.16666666666667 1.0
z 3 65 175 374
m65 106 3 8.166666666666666 92.16666666666667 1.0
z 3 65 175 374
m65 189 3 8.166666666666666 92.16666666666667 1.0
z 3 65 175 374
m65 198 3 8.166666666666666 92.16666666666667 1.0
z 3 65 175 374
m65 199 3 8.166666666666666 92.16666666666667 1.0
B66 2 322 250
B66 3 322 250
z 3 66 322 250
m66 130 3 10.333333333333332 132.0 1.0
B67 0 137 399
z 0 67 137 399
m67 120 0 137 399
z 0 67 137 399
m67 124 0 137 399
B67 1 137 399
B67 2 137 399
B69 2 274 32
B70 3 228 339
z 3 70 228 339
m70 44 3 7.0 89.0 1.0
B73 0 124 40
z 0 73 124 40
m73 34 0 124 40
B77 3 194 333
B79 0 294 310
B79 1 294 310
B79 2 294 310
B79 3 294 310
z 3 79 294 310
m79 94 3 10.333333333333332 132.0 1.0
B80 3 182 336
B82 0 345 314
B82 1 345 314
B82 2 345 314
B82 3 345 314
B88 0 132 43
z 0 88 132 43
m88 34 0 132 43
B90 0 381 278
B90 1 381 278
z 1 90 381 278
m90 81 1 381 278
z 1 90 381 278
m90 138 1 381 278
z 1 90 381 278
m90 142 1 381 278
B93 0 45 336
B93 1 45 336
B93 3 45 336
B94 0 294 374
z 0 94 294 374
m94 78 0 294 374
z 0 94 294 374
m94 87 0 294 374
z 0 94 294 374
m94 91 0 294 374
z 0 94 294 374
m94 108 0 294 374
z 0 94 294 374
m94 182 0 294 374
B94 1 294 374
z 1 94 294 374
m94 78 1 294 374
z 1 94 294 374
m94 87 1 294 374
z 1 94 294 374
m94 91 1 294 374
z 1 94 294 374
m94 108 1 294 374
z 1 94 294 374
m94 182 1 294 374
B94 2 294 374
z 2 94 294 374
m94 78 2 294 374
z 2 94 294 374
m94 87 2 294 374
z 2 94 294 374
m94 91 2 294 374
z 2 94 294 374
m94 108 2 294 374
z 2 94 294 374
m94 182 2 294 374
B97 0 24 362
B97 1 24 362
B97 3 24 362
B98 2 84 337
z 2 98 84 337
m98 6 2 84 337
z 2 98 84 337
m98 64 2 84 337
z 2 98 84 337
m98 97 2 84 337
z 2 98 84 337
m98 139 2 84 337
B101 0 275 331
B101 1 275 331
B101 2 275 331
B101 3 275 331
B107 0 123 355
B107 1 123 355
B107 2 123 355
B107 3 123 355
B110 2 320 260
z 2 110 320 260
m110 130 2 320 260
B110 3 320 260
B126 0 38 339
B126 1 38 339
B126 3 38 339
B128 0 97 9
z 0 128 97 9
m128 5 0 97 9
B130 0 375 301
z 0 130 375 301
m130 24 0 375 301
z 0 130 375 301
m130 195 0 375 301
B130 1 375 301
z 1 130 375 301
m130 24 1 375 301
z 1 130 375 301
m130 195 1 375 301
B131 2 65 331
B139 0 64 391
B139 1 64 391
B139 3 64 391
B144 0 369 204
B144 1 369 204
B144 2 369 204
B144 3 369 204
B148 0 301 1
B148 1 301 1
B148 3 301 1
B149 0 273 338
B149 1 273 338
B149 2 273 338
B149 3 273 338
B160 0 306 372
B160 1 306 372
B160 2 306 372
B161 0 362 189
B161 1 362 189
B161 2 362 189
B161 3 362 189
B162 0 346 255
B162 1 346 255
B162 2 346 255
B162 3 346 255
B164 1 67 50
z 1 164 67 50
m164 88 1 67 50
B164 2 67 50
B167 0 3 356
B167 1 3 356
B167 3 3 356
B168 1 288 9
B168 2 288 9
B168 3 288 9
B170 0 389 232
z 0 170 389 232
m170 183 0 389 232
B170 1 389 232
z 1 170 389 232
m170 183 1 389 232
B175 3 190 335
B176 3 243 336
B177 0 344 318
B177 1 344 318
B177 2 344 318
B177 3 344 318
B178 2 47 326
B180 0 387 22
z 0 180 387 22
m180 133 0 387 22
B185 1 34 57
B185 2 34 57
B186 0 310 294
B186 1 310 294
B186 2 310 294
B186 3 310 294
B189 0 223 355
B189 1 223 355
B189 2 223 355
B191 0 251 344
B191 1 251 344
B191 2 251 344
B191 3 251 344
B198 0 189 385
B198 1 189 385
z 1 198 189 385
m198 0 1 189 385
z 1 198 189 385
m198 19 1 189 385
B198 2 189 385
B216 1 347 73
B216 2 347 73
z 2 216 347 73
m216 180 2 347 73
B216 3 347 73
B219 0 308 304
B219 1 308 304
B219 2 308 304
B219 3 308 304
B0 0 159 441
z 0 0 159 441
m0 125 0 159 441
z 0 0 159 441
m0 135 0 159 441
z 0 0 159 441
m0 155 0 159 441
B0 1 159 441
B0 2 159 441
z 2 0 159 441
m0 120 2 159 441
z 2 0 159 441
m0 124 2 159 441
z 2 0 159 441
m0 125 2 159 441
z 2 0 159 441
m0 135 2 159 441
z 2 0 159 441
m0 155 2 159 441
z 2 0 159 441
m0 207 2 159 441
B0 3 159 441
z 3 0 159 441
m0 125 3 7.857142857142857 84.14285714285714 0.8987373737373738
z 3 0 159 441
m0 135 3 7.857142857142857 84.14285714285714 0.8987373737373738
z 3 0 159 441
m0 124 3 7.857142857142857 84.14285714285714 0.8987373737373738
z 3 0 159 441
m0 155 3 7.857142857142857 84.14285714285714 0.8987373737373738
z 3 0 159 441
m0 207 3 7.857142857142857 84.14285714285714 0.8987373737373738
z 3 0 159 441
m0 120 3 7.857142857142857 84.14285714285714 0.8987373737373738
B5 0 160 6
z 0 5 160 6
m5 14 0 160 6
B6 2 54 387
z 2 6 54 387
m6 31 2 54 387
z 2 6 54 387
m6 167 2 54 387
B11 0 27 462
z 0 11 27 462
m11 112 0 27 462
z 0 11 27 462
m11 132 0 27 462
z 0 11 27 462
m11 136 0 27 462
z 0 11 27 462
m11 152 0 27 462
z 0 11 27 462
m11 179 0 27 462
B11 1 27 462
z 1 11 27 462
m11 112 1 27 462
z 1 11 27 462
m11 132 1 27 462
z 1 11 27 462
m11 136 1 27 462
z 1 11 27 462
m11 152 1 27 462
z 1 11 27 462
m11 154 1 27 462
z 1 11 27 462
m11 179 1 27 462
B11 3 27 462
z 3 11 27 462
m11 112 3 6.285714285714286 71.14285714285715 1.0
z 3 11 27 462
m11 132 3 6.285714285714286 71.14285714285715 1.0
z 3 11 27 462
m11 136 3 6.285714285714286 71.14285714285715 1.0
z 3 11 27 462
m11 152 3 6.285714285714286 71.14285714285715 1.0
z 3 11 27 462
m11 179 3 6.285714285714286 71.14285714285715 1.0
B12 0 288 401
z 0 12 288 401
m12 2 0 288 401
z 0 12 288 401
m12 53 0 288 401
z 0 12 288 401
m12 146 0 288 401
z 0 12 288 401
m12 165 0 288 401
z 0 12 288 401
m12 206 0 288 401
B12 1 288 401
B12 2 288 401
z 2 12 288 401
m12 2 2 288 401
z 2 12 288 401
m12 35 2 288 401
z 2 12 288 401
m12 53 2 288 401
z 2 12 288 401
m12 146 2 288 401
z 2 12 288 401
m12 165 2 288 401
z 2 12 288 401
m12 206 2 288 401
B12 3 288 401
z 3 12 288 401
m12 146 3 11.285714285714285 137.28571428571428 0.14107376890209383
z 3 12 288 401
m12 206 3 11.285714285714285 137.28571428571428 0.14107376890209383
z 3 12 288 401
m12 182 3 11.285714285714285 137.28571428571428 0.14107376890209383
z 3 12 288 401
m12 53 3 11.285714285714285 137.28571428571428 0.14107376890209383
z 3 12 288 401
m12 165 3 11.285714285714285 137.28571428571428 0.14107376890209383
z 3 12 288 401
m12 78 3 11.285714285714285 137.28571428571428 0.14107376890209383
z 3 12 288 401
m12 2 3 11.285714285714285 137.28571428571428 0.14107376890209383
z 3 12 288 401
m12 35 3 11.285714285714285 137.28571428571428 0.14107376890209383
B16 0 245 470
z 0 16 245 470
m16 75 0 245 470
B16 1 245 470
z 1 16 245 470
m16 2 1 245 470
z 1 16 245 470
m16 53 1 245 470
z 1 16 245 470
m16 75 1 245 470
z 1 16 245 470
m16 135 1 245 470
z 1 16 245 470
m16 146 1 245 470
z 1 16 245 470
m16 165 1 245 470
z 1 16 245 470
m16 206 1 245 470
B19 0 145 430
B19 1 145 430
z 1 19 145 430
m19 120 1 145 430
z 1 19 145 430
m19 124 1 145 430
z 1 19 145 430
m19 125 1 145 430
z 1 19 145 430
m19 155 1 145 430
B19 2 145 430
z 2 19 145 430
m19 154 2 145 430
B19 3 145 430
B21 0 285 399
B21 1 285 399
B21 2 285 399
B21 3 285 399
B22 1 384 17
z 1 22 384 17
m22 38 1 384 17
z 1 22 384 17
m22 50 1 384 17
z 1 22 384 17
m22 102 1 384 17
B22 2 384 17
z 2 22 384 17
m22 38 2 384 17
z 2 22 384 17
m22 48 2 384 17
z 2 22 384 17
m22 50 2 384 17
z 2 22 384 17
m22 102 2 384 17
z 2 22 384 17
m22 143 2 384 17
B24 0 445 325
z 0 24 445 325
m24 7 0 445 325
z 0 24 445 325
m24 18 0 445 325
z 0 24 445 325
m24 36 0 445 325
z 0 24 445 325
m24 39 0 445 325
z 0 24 445 325
m24 61 0 445 325
z 0 24 445 325
m24 141 0 445 325
z 0 24 445 325
m24 173 0 445 325
z 0 24 445 325
m24 187 0 445 325
z 0 24 445 325
m24 193 0 445 325
z 0 24 445 325
m24 200 0 445 325
B24 1 445 325
z 1 24 445 325
m24 7 1 445 325
z 1 24 445 325
m24 18 1 445 325
z 1 24 445 325
m24 36 1 445 325
z 1 24 445 325
m24 39 1 445 325
z 1 24 445 325
m24 61 1 445 325
z 1 24 445 325
m24 141 1 445 325
z 1 24 445 325
m24 173 1 445 325
z 1 24 445 325
m24 187 1 445 325
z 1 24 445 325
m24 193 1 445 325
z 1 24 445 325
m24 200 1 445 325
B28 3 224 403
B30 2 369 277
z 2 30 369 277
m30 81 2 369 277
z 2 30 369 277
m30 138 2 369 277
z 2 30 369 277
m30 142 2 369 277
B30 3 369 277
z 3 30 369 277
m30 81 3 7.571428571428572 87.0 1.0
z 3 30 369 277
m30 138 3 7.571428571428572 87.0 1.0
z 3 30 369 277
m30 142 3 7.571428571428572 87.0 1.0
B32 0 245 465
B32 1 245 465
B35 0 257 443
B35 1 257 443
B38 0 440 35
z 0 38 440 35
m38 51 0 440 35
z 0 38 440 35
m38 217 0 440 35
B38 3 440 35
z 3 38 440 35
m38 217 3 8.285714285714285 88.0 0.2093820686541714
B42 2 337 22
B44 3 283 353
B47 2 27 358
B48 0 429 50
B48 1 429 50
B48 3 429 50
B49 3 377 79
B50 0 413 7
B50 3 413 7
z 3 50 413 7
m50 133 3 7.857142857142856 85.85714285714285 1.0
B52 2 24 14
B63 3 401 122
z 3 63 401 122
m63 85 3 6.857142857142857 79.14285714285714 0.5567956349206349
B64 2 61 389
B67 3 137 400
B72 0 32 460
B72 1 32 460
B72 3 32 460
B73 1 123 39
z 1 73 123 39
m73 34 1 123 39
B73 2 123 39
z 2 73 123 39
m73 34 2 123 39
B78 0 343 428
z 0 78 343 428
m78 58 0 343 428
z 0 78 343 428
m78 150 0 343 428
z 0 78 343 428
m78 153 0 343 428
B78 1 343 428
z 1 78 343 428
m78 58 1 343 428
z 1 78 343 428
m78 150 1 343 428
z 1 78 343 428
m78 153 1 343 428
B78 2 343 428
z 2 78 343 428
m78 58 2 343 428
z 2 78 343 428
m78 150 2 343 428
z 2 78 343 428
m78 153 2 343 428
B81 0 435 273
z 0 81 435 273
m81 159 0 435 273
B81 1 435 273
z 1 81 435 273
m81 159 1 435 273
B85 0 472 130
z 0 85 472 130
m85 211 0 472 130
z 0 85 472 130
m85 215 0 472 130
B85 2 472 130
z 2 85 472 130
m85 51 2 472 130
z 2 85 472 130
m85 211 2 472 130
z 2 85 472 130
m85 215 2 472 130
z 2 85 472 130
m85 217 2 472 130
B87 0 298 432
B87 1 298 432
B87 2 298 432
z 2 87 298 432
m87 16 2 298 432
z 2 87 298 432
m87 32 2 298 432
z 2 87 298 432
m87 75 2 298 432
B88 1 131 42
z 1 88 131 42
m88 34 1 131 42
B90 2 381 278
B90 3 381 278
B91 0 305 439
B91 1 305 439
B91 2 305 439
B93 2 45 335
B94 3 294 374
z 3 94 294 374
m94 87 3 9.285714285714285 114.42857142857143 1.0
z 3 94 294 374
m94 91 3 9.285714285714285 114.42857142857143 1.0
z 3 94 294 374
m94 108 3 9.285714285714285 114.42857142857143 1.0
B96 0 425 147
B96 1 425 147
z 1 96 425 147
m96 85 1 425 147
z 1 96 425 147
m96 129 1 425 147
z 1 96 425 147
m96 215 1 425 147
B96 2 425 147
B96 3 425 147
z 3 96 425 147
m96 215 3 6.857142857142857 79.14285714285714 0.5567956349206349
B97 2 23 361
B102 0 442 27
B102 3 442 27
B106 0 154 428
B106 1 154 428
B106 2 154 428
B106 3 154 428
B108 0 323 417
B108 1 323 417
B108 2 323 417
B120 0 137 465
B124 0 130 474
B126 2 37 340
B128 1 97 8
z 1 128 97 8
m128 5 1 97 8
B128 2 97 8
z 2 128 97 8
m128 5 2 97 8
z 2 128 97 8
m128 88 2 97 8
B128 3 97 8
z 3 128 97 8
m128 5 3 6.714285714285714 77.28571428571429 1.0
z 3 128 97 8
m128 73 3 6.714285714285714 77.28571428571429 1.0
z 3 128 97 8
m128 88 3 6.714285714285714 77.28571428571429 1.0
B129 0 455 96
B129 2 455 96
z 2 129 455 96
m129 133 2 455 96
B130 2 374 301
B130 3 374 301
z 3 130 374 301
m130 24 3 9.142857142857142 113.71428571428571 1.0
z 3 130 374 301
m130 195 3 9.142857142857142 113.71428571428571 1.0
B133 0 457 46
B138 0 443 265
B138 1 443 265
B139 2 65 392
B142 0 428 277
B142 1 428 277
B143 0 426 26
B143 1 426 26
z 1 143 426 26
m143 133 1 426 26
B143 3 426 26
B148 2 302 1
B154 0 85 457
B154 3 85 457
B160 3 307 373
B170 2 389 233
z 2 170 389 233
m170 183 2 389 233
B170 3 389 233
z 3 170 389 233
m170 183 3 6.714285714285714 78.71428571428571 1.0
B180 1 387 22
B180 2 387 22
B180 3 387 22
B182 0 355 411
B182 1 355 411
B182 2 355 411
B183 0 461 221
B183 1 461 221
z 1 183 461 221
m183 211 1 461 221
B189 3 223 354
B195 0 426 342
B195 1 426 342
B198 3 190 384
B199 0 162 437
B199 1 162 437
B199 2 162 437
B199 3 162 437
B207 0 186 464
B207 1 186 464
B2 0 277 460
B2 1 277 460
B2 2 277 460
B2 3 277 460
B5 1 159 6
z 1 5 159 6
m5 14 1 159 6
B5 2 159 6
z 2 5 159 6
m5 14 2 159 6
B5 3 159 6
z 3 5 159 6
m5 14 3 6.0 67.75 1.0
B7 0 426 377
z 0 7 426 377
m7 113 0 426 377
z 0 7 426 377
m7 117 0 426 377
z 0 7 426 377
m7 184 0 426 377
B7 1 426 377
z 1 7 426 377
m7 113 1 426 377
z 1 7 426 377
m7 117 1 426 377
z 1 7 426 377
m7 184 1 426 377
B14 0 145 78
z 0 14 145 78
m14 34 0 145 78
B16 2 246 470
B18 0 452 381
z 0 18 452 381
m18 213 0 452 381
B18 1 452 381
z 1 18 452 381
m18 213 1 452 381
B24 3 444 325
z 3 24 444 325
m24 7 3 9.25 112.0 1.0
z 3 24 444 325
m24 18 3 9.25 112.0 1.0
z 3 24 444 325
m24 36 3 9.25 112.0 1.0
z 3 24 444 325
m24 39 3 9.25 112.0 1.0
z 3 24 444 325
m24 61 3 9.25 112.0 1.0
z 3 24 444 325
m24 141 3 9.25 112.0 1.0
z 3 24 444 325
m24 173 3 9.25 112.0 1.0
z 3 24 444 325
m24 187 3 9.25 112.0 1.0
z 3 24 444 325
m24 193 3 9.25 112.0 1.0
z 3 24 444 325
m24 200 3 9.25 112.0 1.0
B31 2 25 390
z 2 31 25 390
m31 11 2 25 390
z 2 31 25 390
m31 72 2 25 390
B32 2 244 464
B35 2 256 442
B35 3 256 442
B36 0 440 400
B36 1 440 400
B38 1 440 36
z 1 38 440 36
m38 51 1 440 36
z 1 38 440 36
m38 217 1 440 36
B38 2 440 36
B39 0 464 279
B39 1 464 279
B48 2 430 50
B50 1 414 7
B50 2 414 7
B51 0 490 71
B51 2 490 71
B53 0 284 463
B53 1 284 463
B53 2 284 463
B53 3 284 463
B58 0 375 482
z 0 58 375 482
m58 104 0 375 482
z 0 58 375 482
m58 157 0 375 482
z 0 58 375 482
m58 201 0 375 482
B58 1 375 482
z 1 58 375 482
m58 104 1 375 482
z 1 58 375 482
m58 157 1 375 482
z 1 58 375 482
m58 201 1 375 482
B58 2 375 482
z 2 58 375 482
m58 104 2 375 482
z 2 58 375 482
m58 157 2 375 482
z 2 58 375 482
m58 201 2 375 482
B61 0 457 300
B61 1 457 300
B73 3 122 38
z 3 73 122 38
m73 34 3 6.714285714285714 77.28571428571429 -1.0
B75 0 300 491
B75 1 300 491
B75 2 300 491
B78 3 344 429
B81 2 434 273
z 2 81 434 273
m81 24 2 434 273
z 2 81 434 273
m81 39 2 434 273
z 2 81 434 273
m81 61 2 434 273
z 2 81 434 273
m81 141 2 434 273
z 2 81 434 273
m81 159 2 434 273
z 2 81 434 273
m81 187 2 434 273
z 2 81 434 273
m81 195 2 434 273
z 2 81 434 273
m81 200 2 434 273
B81 3 434 273
z 3 81 434 273
m81 159 3 6.750000000000001 76.25 1.0
B85 1 472 129
B85 3 472 129
z 3 85 472 129
m85 211 3 6.375 70.375 0.760086670812374
z 3 85 472 129
m85 51 3 6.375 70.375 0.760086670812374
z 3 85 472 129
m85 129 3 6.375 70.375 0.760086670812374
B87 3 299 432
z 3 87 299 432
m87 16 3 8.5 101.25 1.0
z 3 87 299 432
m87 32 3 8.5 101.25 1.0
z 3 87 299 432
m87 75 3 8.5 101.25 1.0
B88 2 130 42
B88 3 130 42
z 3 88 130 42
m88 34 3 6.714285714285714 77.28571428571429 -1.0
B91 3 306 438
B102 1 442 26
B102 2 442 26
B108 3 322 416
z 3 108 322 416
m108 150 3 8.25 100.25 1.0
B112 0 34 492
B112 1 34 492
B112 3 34 492
B120 1 136 466
B120 2 136 466
z 2 120 136 466
m120 132 2 136 466
z 2 120 136 466
m120 136 2 136 466
B120 3 136 466
B124 1 131 475
B124 2 131 475
B124 3 131 475
B125 0 122 480
B125 1 122 480
B125 2 122 480
B125 3 122 480
B129 1 454 96
B132 0 85 498
B132 1 85 498
B132 3 85 498
B133 1 457 47
B133 2 457 47
B133 3 457 47
B135 0 177 483
B135 1 177 483
B135 2 177 483
B135 3 177 483
B136 0 89 490
B136 1 89 490
B136 3 89 490
B138 2 443 264
B138 3 443 264
B141 0 463 305
B141 1 463 305
B142 2 428 276
B142 3 428 276
B143 2 425 27
B146 0 319 463
B146 1 319 463
B146 2 319 463
B146 3 319 463
B150 0 387 449
z 0 150 387 449
m150 43 0 387 449
B150 1 387 449
z 1 150 387 449
m150 43 1 387 449
B150 2 387 449
z 2 150 387 449
m150 36 2 387 449
z 2 150 387 449
m150 43 2 387 449
z 2 150 387 449
m150 113 2 387 449
z 2 150 387 449
m150 117 2 387 449
z 2 150 387 449
m150 184 2 387 449
B152 0 2 493
B152 1 2 493
B152 3 2 493
B153 0 384 486
B153 1 384 486
B153 2 384 486
B154 1 84 457
B154 2 84 457
z 2 154 84 457
m154 112 2 84 457
z 2 154 84 457
m154 179 2 84 457
B155 0 155 478
B155 1 155 478
B155 2 155 478
B155 3 155 478
B159 0 486 244
B159 1 486 244
B165 0 306 460
B165 1 306 460
B165 2 306 460
B165 3 306 460
z 3 165 306 460
m165 58 3 10.0 120.25 1.0
B167 2 1 358
B173 0 486 373
B173 1 486 373
B179 0 35 475
B179 1 35 475
B179 3 35 475
B182 3 354 411
B183 2 460 221
B183 3 460 221
B187 0 481 262
B187 1 481 262
B193 0 481 347
B193 1 481 347
B195 3 425 342
B200 0 494 282
B200 1 494 282
B206 0 314 464
B206 1 314 464
B206 2 314 464
B206 3 314 464
B207 2 187 465
B207 3 187 465
B211 0 489 200
B211 1 489 200
B211 2 489 200
B215 0 490 165
B215 1 490 165
B215 2 490 165
B215 3 490 165
B217 0 478 88
B217 2 478 88
B217 3 478 88
B7 3 427 376
B11 2 25 461
z 2 11 25 461
m11 152 2 25 461
B14 1 146 78
z 1 14 146 78
m14 34 1 146 78
B14 2 146 78
z 2 14 146 78
m14 34 2 146 78
B14 3 146 78
z 3 14 146 78
m14 34 3 6.0 67.75 -1.0
B16 3 246 469
B18 3 453 381
z 3 18 453 381
m18 213 3 8.666666666666666 101.33333333333333 0.0
B24 2 443 326
z 2 24 443 326
m24 7 2 443 326
z 2 24 443 326
m24 18 2 443 326
z 2 24 443 326
m24 173 2 443 326
z 2 24 443 326
m24 193 2 443 326
B32 3 243 464
B36 2 440 401
B36 3 440 401
B39 2 464 279
B39 3 464 279
B43 0 451 482
B43 1 451 482
B43 2 451 482
z 2 43 451 482
m43 213 2 451 482
B51 1 490 72
B51 3 490 72
B58 3 374 481
z 3 58 374 481
m58 104 3 9.333333333333334 108.66666666666666 1.0
z 3 58 374 481
m58 153 3 9.333333333333334 108.66666666666666 1.0
z 3 58 374 481
m58 157 3 9.333333333333334 108.66666666666666 1.0
z 3 58 374 481
m58 201 3 9.333333333333334 108.66666666666666 1.0
B61 2 457 301
B61 3 457 301
B72 2 33 458
B75 3 299 490
B104 0 411 488
B104 1 411 488
B104 2 411 488
B112 2 35 491
B113 0 449 425
B113 1 449 425
B113 2 449 425
B117 0 442 428
B117 1 442 428
B117 2 442 428
B129 3 453 95
B132 2 84 497
B136 2 89 489
B141 2 464 306
B141 3 464 306
B150 3 388 449
z 3 150 388 449
m150 43 3 7.777777777777778 90.88888888888889 1.0
z 3 150 388 449
m150 113 3 7.777777777777778 90.88888888888889 1.0
z 3 150 388 449
m150 117 3 7.777777777777778 90.88888888888889 1.0
z 3 150 388 449
m150 184 3 7.777777777777778 90.88888888888889 1.0
B157 0 376 498
B157 1 376 498
B157 2 376 498
B159 2 486 244
B159 3 486 244
B173 3 487 373
B179 2 36 474
B184 0 453 419
B184 1 453 419
B184 2 453 419
B187 2 481 261
B187 3 481 261
B193 3 481 347
B195 2 424 343
B200 2 495 283
B200 3 495 283
B201 0 443 497
B201 1 443 497
B201 2 443 497
B211 3 490 201
B213 0 480 444
B213 1 480 444
B217 1 479 89
B7 2 427 375
B18 2 454 381
B43 3 451 483
B104 3 410 487
B113 3 448 424
B117 3 441 427
B152 2 1 494
B153 3 384 484
B157 3 375 498
B173 2 488 372
B184 3 452 420
B193 2 480 346
B201 3 443 498
B213 2 479 444
B213 3 479 444
