267 395 221 297
s 0 185 424 10 0
s 1 149 397 80 0
s 2 72 458 221 0
s 3 271 378 201 0
s 4 158 74 203 0
s 5 341 90 132 0
s 6 454 10 17 0
s 7 31 334 205 0
s 8 7 44 323 0
s 9 333 89 338 0
s 10 243 429 64 0
s 11 218 90 48 0
s 12 166 423 186 0
s 13 412 343 15 0
s 14 369 482 121 0
s 15 10 333 228 0
s 16 355 468 28 0
s 17 456 402 75 0
s 18 466 117 323 0
s 19 66 72 46 0
s 20 7 376 67 0
s 21 89 328 230 0
s 22 203 39 359 0
s 23 324 290 339 0
s 24 155 128 120 0
s 25 99 242 170 0
s 26 203 405 354 0
s 27 445 302 348 0
s 28 409 55 106 0
s 29 416 139 14 0
s 30 150 313 167 0
s 31 139 76 57 0
s 32 263 7 332 0
s 33 446 322 135 0
s 34 435 151 287 0
s 35 173 291 24 0
s 36 376 250 282 0
s 37 383 287 199 0
s 38 339 180 155 0
s 39 92 435 5 0
s 40 91 141 18 0
s 41 301 60 146 0
s 42 432 350 223 0
s 43 459 218 314 0
s 44 284 159 174 0
s 45 388 431 98 0
s 46 35 365 48 0
s 47 353 83 184 0
s 48 240 441 223 0
s 49 91 192 81 0
s 50 215 370 85 0
s 51 396 63 258 0
s 52 64 243 193 0
s 53 199 366 294 0
s 54 408 348 192 0
s 55 191 158 296 0
s 56 186 81 317 0
s 57 38 79 4 0
s 58 394 401 109 0
s 59 328 379 24 0
s 60 313 219 329 0
s 61 412 51 305 0
s 62 401 35 88 0
s 63 444 493 140 0
s 64 196 277 144 0
s 65 304 316 228 0
s 66 228 350 74 0
s 67 303 443 66 0
s 68 338 362 279 0
s 69 22 102 261 0
s 70 330 226 219 0
s 71 423 261 102 0
s 72 268 419 124 0
s 73 59 369 335 0
s 74 329 64 343 0
s 75 467 209 264 0
s 76 218 380 320 0
s 77 370 300 319 0
s 78 483 89 11 0
s 79 405 218 251 0
s 80 7 171 188 0
s 81 18 112 284 0
s 82 121 377 224 0
s 83 352 38 298 0
s 84 131 277 150 0
s 85 324 267 152 0
s 86 95 439 38 0
s 87 497 350 284 0
s 88 485 226 164 0
s 89 138 233 4 0
s 90 225 101 89 0
s 91 164 382 191 0
s 92 297 225 270 0
s 93 196 130 175 0
s 94 237 254 38 0
s 95 267 395 151 0
s 96 268 82 127 0
s 97 291 120 342 0
s 98 114 219 277 0
s 99 268 155 279 0
s 100 24 102 99 0
s 101 22 67 179 0
s 102 222 4 278 0
s 103 180 294 277 0
s 104 378 294 321 0
s 105 343 464 337 0
s 106 487 133 239 0
s 107 236 198 185 0
s 108 457 482 336 0
s 109 455 300 69 0
s 110 332 457 331 0
s 111 490 294 54 0
s 112 142 294 228 0
s 113 192 430 325 0
s 114 427 493 107 0
s 115 405 343 325 0
s 116 274 466 82 0
s 117 131 194 163 0
s 118 221 297 200 0
s 119 367 10 39 0
s 120 443 1 38 0
s 121 470 381 330 0
s 122 58 204 5 0
s 123 47 219 83 0
s 124 169 406 122 0
s 125 22 262 334 0
s 126 27 467 208 0
s 127 162 415 266 0
s 128 68 59 129 0
s 129 202 270 270 0
s 130 25 371 96 0
s 131 363 63 136 0
s 132 129 148 222 0
s 133 391 487 212 0
s 134 325 309 343 0
s 135 343 316 317 0
s 136 424 170 16 0
s 137 362 411 2 0
s 138 233 62 120 0
s 139 147 419 239 0
s 140 84 102 344 0
s 141 93 26 309 0
s 142 186 189 120 0
s 143 252 34 248 0
s 144 68 113 111 0
s 145 397 16 324 0
s 146 443 366 167 0
s 147 86 248 308 0
s 148 189 19 252 0
s 149 106 437 96 0
s 150 225 411 359 0
s 151 469 106 210 0
s 152 72 171 283 0
s 153 385 457 341 0
s 154 417 397 90 0
s 155 281 84 201 0
s 156 73 22 301 0
s 157 282 252 6 0
s 158 171 356 287 0
s 159 174 452 292 0
s 160 409 302 157 0
s 161 159 366 188 0
s 162 425 464 189 0
s 163 217 494 285 0
s 164 55 37 7 0
s 165 439 301 246 0
s 166 63 412 276 0
s 167 57 105 132 0
s 168 146 21 306 0
s 169 310 317 224 0
s 170 92 299 33 0
s 171 15 236 143 0
s 172 422 399 110 0
s 173 58 325 158 0
s 174 379 373 249 0
s 175 405 181 138 0
s 176 370 89 245 0
s 177 155 428 304 0
s 178 136 338 308 0
s 179 438 136 15 0
B95 0 256 401
z 0 95 256 401
m95 3 0 256 401
z 0 95 256 401
m95 10 0 256 401
z 0 95 256 401
m95 48 0 256 401
z 0 95 256 401
m95 59 0 256 401
z 0 95 256 401
m95 66 0 256 401
z 0 95 256 401
m95 67 0 256 401
z 0 95 256 401
m95 72 0 256 401
z 0 95 256 401
m95 76 0 256 401
z 0 95 256 401
m95 116 0 256 401
z 0 95 256 401
m95 150 0 256 401
B95 1 256 401
z 1 95 256 401
m95 3 1 256 401
z 1 95 256 401
m95 10 1 256 401
z 1 95 256 401
m95 48 1 256 401
z 1 95 256 401
m95 59 1 256 401
z 1 95 256 401
m95 66 1 256 401
z 1 95 256 401
m95 67 1 256 401
z 1 95 256 401
m95 72 1 256 401
z 1 95 256 401
m95 76 1 256 401
z 1 95 256 401
m95 116 1 256 401
z 1 95 256 401
m95 150 1 256 401
B95 2 256 401
z 2 95 256 401
m95 3 2 256 401
z 2 95 256 401
m95 10 2 256 401
z 2 95 256 401
m95 48 2 256 401
z 2 95 256 401
m95 59 2 256 401
z 2 95 256 401
m95 66 2 256 401
z 2 95 256 401
m95 67 2 256 401
z 2 95 256 401
m95 72 2 256 401
z 2 95 256 401
m95 76 2 256 401
z 2 95 256 401
m95 116 2 256 401
z 2 95 256 401
m95 150 2 256 401
B95 3 256 401
z 3 95 256 401
m95 3 3 13.0 169.0 1.0
z 3 95 256 401
m95 10 3 13.0 169.0 1.0
z 3 95 256 401
m95 48 3 13.0 169.0 1.0
z 3 95 256 401
m95 59 3 13.0 169.0 1.0
z 3 95 256 401
m95 66 3 13.0 169.0 1.0
z 3 95 256 401
m95 67 3 13.0 169.0 1.0
z 3 95 256 401
m95 72 3 13.0 169.0 1.0
z 3 95 256 401
m95 76 3 13.0 169.0 1.0
z 3 95 256 401
m95 116 3 13.0 169.0 1.0
z 3 95 256 401
m95 150 3 13.0 169.0 1.0
B3 0 248 369
z 0 3 248 369
m3 26 0 248 369
z 0 3 248 369
m3 50 0 248 369
z 0 3 248 369
m3 53 0 248 369
B3 1 248 369
z 1 3 248 369
m3 26 1 248 369
z 1 3 248 369
m3 50 1 248 369
z 1 3 248 369
m3 53 1 248 369
B3 2 248 369
B3 3 248 369
z 3 3 248 369
m3 26 3 10.0 118.0 1.0
z 3 3 248 369
m3 50 3 10.0 118.0 1.0
z 3 3 248 369
m3 53 3 10.0 118.0 1.0
B10 0 254 452
z 0 10 254 452
m10 0 0 254 452
z 0 10 254 452
m10 26 0 254 452
z 0 10 254 452
m10 113 0 254 452
z 0 10 254 452
m10 163 0 254 452
B10 1 254 452
z 1 10 254 452
m10 0 1 254 452
z 1 10 254 452
m10 26 1 254 452
z 1 10 254 452
m10 113 1 254 452
z 1 10 254 452
m10 163 1 254 452
B10 2 254 452
z 2 10 254 452
m10 0 2 254 452
z 2 10 254 452
m10 26 2 254 452
z 2 10 254 452
m10 113 2 254 452
z 2 10 254 452
m10 163 2 254 452
B10 3 254 452
z 3 10 254 452
m10 0 3 10.666666666666666 124.66666666666667 1.0
z 3 10 254 452
m10 26 3 10.666666666666666 124.66666666666667 1.0
z 3 10 254 452
m10 113 3 10.666666666666666 124.66666666666667 1.0
z 3 10 254 452
m10 163 3 10.666666666666666 124.66666666666667 1.0
B48 0 222 424
z 0 48 222 424
m48 0 0 222 424
z 0 48 222 424
m48 26 0 222 424
z 0 48 222 424
m48 50 0 222 424
z 0 48 222 424
m48 113 0 222 424
z 0 48 222 424
m48 124 0 222 424
z 0 48 222 424
m48 159 0 222 424
z 0 48 222 424
m48 163 0 222 424
z 0 48 222 424
m48 177 0 222 424
B48 1 222 424
z 1 48 222 424
m48 0 1 222 424
z 1 48 222 424
m48 26 1 222 424
z 1 48 222 424
m48 50 1 222 424
z 1 48 222 424
m48 113 1 222 424
z 1 48 222 424
m48 124 1 222 424
z 1 48 222 424
m48 159 1 222 424
z 1 48 222 424
m48 163 1 222 424
z 1 48 222 424
m48 177 1 222 424
B48 2 222 424
B48 3 222 424
z 3 48 222 424
m48 0 3 11.333333333333332 134.0 1.0
z 3 48 222 424
m48 26 3 11.333333333333332 134.0 1.0
z 3 48 222 424
m48 50 3 11.333333333333332 134.0 1.0
z 3 48 222 424
m48 113 3 11.333333333333332 134.0 1.0
z 3 48 222 424
m48 124 3 11.333333333333332 134.0 1.0
z 3 48 222 424
m48 159 3 11.333333333333332 134.0 1.0
z 3 48 222 424
m48 163 3 11.333333333333332 134.0 1.0
z 3 48 222 424
m48 177 3 11.333333333333332 134.0 1.0
B59 0 351 389
z 0 59 351 389
m59 54 0 351 389
z 0 59 351 389
m59 58 0 351 389
z 0 59 351 389
m59 68 0 351 389
z 0 59 351 389
m59 110 0 351 389
z 0 59 351 389
m59 137 0 351 389
z 0 59 351 389
m59 174 0 351 389
B59 1 351 389
z 1 59 351 389
m59 54 1 351 389
z 1 59 351 389
m59 58 1 351 389
z 1 59 351 389
m59 68 1 351 389
z 1 59 351 389
m59 110 1 351 389
z 1 59 351 389
m59 137 1 351 389
z 1 59 351 389
m59 174 1 351 389
B59 2 351 389
B59 3 351 389
z 3 59 351 389
m59 54 3 10.666666666666666 124.66666666666667 1.0
z 3 59 351 389
m59 58 3 10.666666666666666 124.66666666666667 1.0
z 3 59 351 389
m59 68 3 10.666666666666666 124.66666666666667 1.0
z 3 59 351 389
m59 110 3 10.666666666666666 124.66666666666667 1.0
z 3 59 351 389
m59 137 3 10.666666666666666 124.66666666666667 1.0
z 3 59 351 389
m59 174 3 10.666666666666666 124.66666666666667 1.0
B66 0 235 374
z 0 66 235 374
m66 26 0 235 374
z 0 66 235 374
m66 50 0 235 374
z 0 66 235 374
m66 53 0 235 374
z 0 66 235 374
m66 113 0 235 374
z 0 66 235 374
m66 158 0 235 374
B66 1 235 374
B66 2 235 374
B66 3 235 374
z 3 66 235 374
m66 26 3 10.666666666666666 124.66666666666667 1.0
z 3 66 235 374
m66 50 3 10.666666666666666 124.66666666666667 1.0
z 3 66 235 374
m66 53 3 10.666666666666666 124.66666666666667 1.0
z 3 66 235 374
m66 113 3 10.666666666666666 124.66666666666667 1.0
z 3 66 235 374
m66 158 3 10.666666666666666 124.66666666666667 1.0
B67 0 313 466
z 0 67 313 466
m67 16 0 313 466
z 0 67 313 466
m67 105 0 313 466
z 0 67 313 466
m67 110 0 313 466
B67 1 313 466
z 1 67 313 466
m67 16 1 313 466
z 1 67 313 466
m67 105 1 313 466
z 1 67 313 466
m67 110 1 313 466
B67 2 313 466
B67 3 313 466
z 3 67 313 466
m67 16 3 10.333333333333332 121.0 1.0
z 3 67 313 466
m67 105 3 10.333333333333332 121.0 1.0
z 3 67 313 466
m67 110 3 10.333333333333332 121.0 1.0
B72 0 254 440
z 0 72 254 440
m72 0 0 254 440
z 0 72 254 440
m72 26 0 254 440
z 0 72 254 440
m72 50 0 254 440
z 0 72 254 440
m72 113 0 254 440
B72 1 254 440
z 1 72 254 440
m72 0 1 254 440
z 1 72 254 440
m72 26 1 254 440
z 1 72 254 440
m72 50 1 254 440
z 1 72 254 440
m72 113 1 254 440
B72 2 254 440
B72 3 254 440
z 3 72 254 440
m72 0 3 10.333333333333332 121.0 1.0
z 3 72 254 440
m72 26 3 10.333333333333332 121.0 1.0
z 3 72 254 440
m72 50 3 10.333333333333332 121.0 1.0
z 3 72 254 440
m72 113 3 10.333333333333332 121.0 1.0
B76 0 237 364
z 0 76 237 364
m76 0 0 237 364
z 0 76 237 364
m76 26 0 237 364
z 0 76 237 364
m76 50 0 237 364
z 0 76 237 364
m76 53 0 237 364
z 0 76 237 364
m76 113 0 237 364
B76 1 237 364
z 1 76 237 364
m76 0 1 237 364
z 1 76 237 364
m76 26 1 237 364
z 1 76 237 364
m76 50 1 237 364
z 1 76 237 364
m76 53 1 237 364
z 1 76 237 364
m76 113 1 237 364
B76 2 237 364
B76 3 237 364
z 3 76 237 364
m76 0 3 11.0 129.0 1.0
z 3 76 237 364
m76 26 3 11.0 129.0 1.0
z 3 76 237 364
m76 50 3 11.0 129.0 1.0
z 3 76 237 364
m76 53 3 11.0 129.0 1.0
z 3 76 237 364
m76 113 3 11.0 129.0 1.0
B116 0 277 491
z 0 116 277 491
m116 110 0 277 491
z 0 116 277 491
m116 163 0 277 491
B116 1 277 491
z 1 116 277 491
m116 110 1 277 491
z 1 116 277 491
m116 163 1 277 491
B116 2 277 491
B116 3 277 491
B150 0 250 411
z 0 150 250 411
m150 0 0 250 411
z 0 150 250 411
m150 26 0 250 411
z 0 150 250 411
m150 50 0 250 411
z 0 150 250 411
m150 113 0 250 411
B150 1 250 411
z 1 150 250 411
m150 0 1 250 411
z 1 150 250 411
m150 26 1 250 411
z 1 150 250 411
m150 50 1 250 411
z 1 150 250 411
m150 113 1 250 411
B150 2 250 411
B150 3 250 411
z 3 150 250 411
m150 0 3 11.0 129.0 1.0
z 3 150 250 411
m150 26 3 11.0 129.0 1.0
z 3 150 250 411
m150 50 3 11.0 129.0 1.0
z 3 150 250 411
m150 113 3 11.0 129.0 1.0
B0 0 222 431
z 0 0 222 431
m0 1 0 222 431
z 0 0 222 431
m0 12 0 222 431
z 0 0 222 431
m0 127 0 222 431
B0 1 222 431
z 1 0 222 431
m0 1 1 222 431
z 1 0 222 431
m0 12 1 222 431
z 1 0 222 431
m0 127 1 222 431
B0 2 222 431
B0 3 222 431
B16 0 388 485
z 0 16 388 485
m16 14 0 388 485
z 0 16 388 485
m16 45 0 388 485
z 0 16 388 485
m16 63 0 388 485
z 0 16 388 485
m16 114 0 388 485
z 0 16 388 485
m16 133 0 388 485
z 0 16 388 485
m16 153 0 388 485
z 0 16 388 485
m16 154 0 388 485
z 0 16 388 485
m16 162 0 388 485
z 0 16 388 485
m16 172 0 388 485
B16 1 388 485
z 1 16 388 485
m16 14 1 388 485
z 1 16 388 485
m16 45 1 388 485
z 1 16 388 485
m16 63 1 388 485
z 1 16 388 485
m16 114 1 388 485
z 1 16 388 485
m16 133 1 388 485
z 1 16 388 485
m16 153 1 388 485
z 1 16 388 485
m16 154 1 388 485
z 1 16 388 485
m16 162 1 388 485
z 1 16 388 485
m16 172 1 388 485
B16 3 388 485
z 3 16 388 485
m16 14 3 10.0 111.0 1.0
z 3 16 388 485
m16 45 3 10.0 111.0 1.0
z 3 16 388 485
m16 63 3 10.0 111.0 1.0
z 3 16 388 485
m16 114 3 10.0 111.0 1.0
z 3 16 388 485
m16 133 3 10.0 111.0 1.0
z 3 16 388 485
m16 153 3 10.0 111.0 1.0
z 3 16 388 485
m16 154 3 10.0 111.0 1.0
z 3 16 388 485
m16 162 3 10.0 111.0 1.0
z 3 16 388 485
m16 172 3 10.0 111.0 1.0
B26 0 240 401
z 0 26 240 401
m26 127 0 240 401
B26 1 240 401
z 1 26 240 401
m26 127 1 240 401
B26 2 240 401
B26 3 240 401
z 3 26 240 401
m26 127 3 7.75 88.75 1.0
B50 0 218 407
z 0 50 218 407
m50 1 0 218 407
z 0 50 218 407
m50 127 0 218 407
B50 1 218 407
z 1 50 218 407
m50 1 1 218 407
z 1 50 218 407
m50 127 1 218 407
B50 3 218 407
B53 0 214 333
z 0 53 214 333
m53 118 0 214 333
B53 1 214 333
z 1 53 214 333
m53 118 1 214 333
B53 3 214 333
z 3 53 214 333
m53 118 3 10.0 118.0 -1.0
B54 0 372 340
z 0 54 372 340
m54 13 0 372 340
z 0 54 372 340
m54 23 0 372 340
z 0 54 372 340
m54 33 0 372 340
z 0 54 372 340
m54 37 0 372 340
z 0 54 372 340
m54 42 0 372 340
z 0 54 372 340
m54 71 0 372 340
z 0 54 372 340
m54 77 0 372 340
z 0 54 372 340
m54 104 0 372 340
z 0 54 372 340
m54 115 0 372 340
z 0 54 372 340
m54 134 0 372 340
z 0 54 372 340
m54 135 0 372 340
z 0 54 372 340
m54 146 0 372 340
z 0 54 372 340
m54 160 0 372 340
B54 1 372 340
z 1 54 372 340
m54 13 1 372 340
z 1 54 372 340
m54 23 1 372 340
z 1 54 372 340
m54 33 1 372 340
z 1 54 372 340
m54 37 1 372 340
z 1 54 372 340
m54 42 1 372 340
z 1 54 372 340
m54 71 1 372 340
z 1 54 372 340
m54 77 1 372 340
z 1 54 372 340
m54 104 1 372 340
z 1 54 372 340
m54 115 1 372 340
z 1 54 372 340
m54 134 1 372 340
z 1 54 372 340
m54 135 1 372 340
z 1 54 372 340
m54 146 1 372 340
z 1 54 372 340
m54 160 1 372 340
B54 3 372 340
z 3 54 372 340
m54 13 3 11.25 135.75 1.0
z 3 54 372 340
m54 23 3 11.25 135.75 1.0
z 3 54 372 340
m54 33 3 11.25 135.75 1.0
z 3 54 372 340
m54 37 3 11.25 135.75 1.0
z 3 54 372 340
m54 42 3 11.25 135.75 1.0
z 3 54 372 340
m54 71 3 11.25 135.75 1.0
z 3 54 372 340
m54 77 3 11.25 135.75 1.0
z 3 54 372 340
m54 104 3 11.25 135.75 1.0
z 3 54 372 340
m54 115 3 11.25 135.75 1.0
z 3 54 372 340
m54 134 3 11.25 135.75 1.0
z 3 54 372 340
m54 135 3 11.25 135.75 1.0
z 3 54 372 340
m54 146 3 11.25 135.75 1.0
z 3 54 372 340
m54 160 3 11.25 135.75 1.0
B58 0 382 436
z 0 58 382 436
m58 45 0 382 436
z 0 58 382 436
m58 133 0 382 436
z 0 58 382 436
m58 146 0 382 436
z 0 58 382 436
m58 153 0 382 436
z 0 58 382 436
m58 154 0 382 436
z 0 58 382 436
m58 162 0 382 436
z 0 58 382 436
m58 172 0 382 436
B58 1 382 436
z 1 58 382 436
m58 45 1 382 436
z 1 58 382 436
m58 133 1 382 436
z 1 58 382 436
m58 146 1 382 436
z 1 58 382 436
m58 153 1 382 436
z 1 58 382 436
m58 154 1 382 436
z 1 58 382 436
m58 162 1 382 436
z 1 58 382 436
m58 172 1 382 436
B58 3 382 436
z 3 58 382 436
m58 45 3 10.0 109.5 1.0
z 3 58 382 436
m58 133 3 10.0 109.5 1.0
z 3 58 382 436
m58 146 3 10.0 109.5 1.0
z 3 58 382 436
m58 153 3 10.0 109.5 1.0
z 3 58 382 436
m58 154 3 10.0 109.5 1.0
z 3 58 382 436
m58 162 3 10.0 109.5 1.0
z 3 58 382 436
m58 172 3 10.0 109.5 1.0
B68 0 344 325
z 0 68 344 325
m68 23 0 344 325
z 0 68 344 325
m68 42 0 344 325
z 0 68 344 325
m68 65 0 344 325
z 0 68 344 325
m68 85 0 344 325
z 0 68 344 325
m68 134 0 344 325
z 0 68 344 325
m68 135 0 344 325
z 0 68 344 325
m68 160 0 344 325
z 0 68 344 325
m68 169 0 344 325
B68 1 344 325
z 1 68 344 325
m68 23 1 344 325
z 1 68 344 325
m68 42 1 344 325
z 1 68 344 325
m68 65 1 344 325
z 1 68 344 325
m68 85 1 344 325
z 1 68 344 325
m68 134 1 344 325
z 1 68 344 325
m68 135 1 344 325
z 1 68 344 325
m68 160 1 344 325
z 1 68 344 325
m68 169 1 344 325
B68 3 344 325
z 3 68 344 325
m68 23 3 10.5 118.5 1.0
z 3 68 344 325
m68 42 3 10.5 118.5 1.0
z 3 68 344 325
m68 65 3 10.5 118.5 1.0
z 3 68 344 325
m68 85 3 10.5 118.5 1.0
z 3 68 344 325
m68 134 3 10.5 118.5 1.0
z 3 68 344 325
m68 135 3 10.5 118.5 1.0
z 3 68 344 325
m68 160 3 10.5 118.5 1.0
z 3 68 344 325
m68 169 3 10.5 118.5 1.0
B105 0 377 450
z 0 105 377 450
m105 14 0 377 450
z 0 105 377 450
m105 45 0 377 450
z 0 105 377 450
m105 133 0 377 450
z 0 105 377 450
m105 153 0 377 450
z 0 105 377 450
m105 154 0 377 450
z 0 105 377 450
m105 162 0 377 450
z 0 105 377 450
m105 172 0 377 450
B105 1 377 450
z 1 105 377 450
m105 14 1 377 450
z 1 105 377 450
m105 45 1 377 450
z 1 105 377 450
m105 133 1 377 450
z 1 105 377 450
m105 153 1 377 450
z 1 105 377 450
m105 154 1 377 450
z 1 105 377 450
m105 162 1 377 450
z 1 105 377 450
m105 172 1 377 450
B105 3 377 450
z 3 105 377 450
m105 14 3 9.75 106.75 1.0
z 3 105 377 450
m105 45 3 9.75 106.75 1.0
z 3 105 377 450
m105 133 3 9.75 106.75 1.0
z 3 105 377 450
m105 153 3 9.75 106.75 1.0
z 3 105 377 450
m105 154 3 9.75 106.75 1.0
z 3 105 377 450
m105 162 3 9.75 106.75 1.0
z 3 105 377 450
m105 172 3 9.75 106.75 1.0
B110 0 364 439
z 0 110 364 439
m110 14 0 364 439
z 0 110 364 439
m110 45 0 364 439
z 0 110 364 439
m110 133 0 364 439
z 0 110 364 439
m110 153 0 364 439
z 0 110 364 439
m110 154 0 364 439
z 0 110 364 439
m110 162 0 364 439
z 0 110 364 439
m110 172 0 364 439
B110 1 364 439
z 1 110 364 439
m110 14 1 364 439
z 1 110 364 439
m110 45 1 364 439
z 1 110 364 439
m110 133 1 364 439
z 1 110 364 439
m110 153 1 364 439
z 1 110 364 439
m110 154 1 364 439
z 1 110 364 439
m110 162 1 364 439
z 1 110 364 439
m110 172 1 364 439
B110 3 364 439
z 3 110 364 439
m110 14 3 9.75 105.75 1.0
z 3 110 364 439
m110 45 3 9.75 105.75 1.0
z 3 110 364 439
m110 133 3 9.75 105.75 1.0
z 3 110 364 439
m110 153 3 9.75 105.75 1.0
z 3 110 364 439
m110 154 3 9.75 105.75 1.0
z 3 110 364 439
m110 162 3 9.75 105.75 1.0
z 3 110 364 439
m110 172 3 9.75 105.75 1.0
B113 0 223 408
z 0 113 223 408
m113 1 0 223 408
z 0 113 223 408
m113 127 0 223 408
B113 1 223 408
z 1 113 223 408
m113 1 1 223 408
z 1 113 223 408
m113 127 1 223 408
B113 2 223 408
z 2 113 223 408
m113 1 2 223 408
z 2 113 223 408
m113 50 2 223 408
z 2 113 223 408
m113 53 2 223 408
z 2 113 223 408
m113 124 2 223 408
z 2 113 223 408
m113 127 2 223 408
z 2 113 223 408
m113 159 2 223 408
z 2 113 223 408
m113 177 2 223 408
B113 3 223 408
B124 0 149 438
z 0 124 149 438
m124 1 0 149 438
z 0 124 149 438
m124 12 0 149 438
z 0 124 149 438
m124 39 0 149 438
z 0 124 149 438
m124 86 0 149 438
z 0 124 149 438
m124 91 0 149 438
z 0 124 149 438
m124 127 0 149 438
z 0 124 149 438
m124 139 0 149 438
z 0 124 149 438
m124 149 0 149 438
B124 1 149 438
B124 3 149 438
z 3 124 149 438
m124 1 3 10.75 120.75 1.0
z 3 124 149 438
m124 12 3 10.75 120.75 1.0
z 3 124 149 438
m124 39 3 10.75 120.75 1.0
z 3 124 149 438
m124 86 3 10.75 120.75 1.0
z 3 124 149 438
m124 91 3 10.75 120.75 1.0
z 3 124 149 438
m124 127 3 10.75 120.75 1.0
z 3 124 149 438
m124 139 3 10.75 120.75 1.0
z 3 124 149 438
m124 149 3 10.75 120.75 1.0
B137 0 399 412
z 0 137 399 412
m137 45 0 399 412
z 0 137 399 412
m137 133 0 399 412
z 0 137 399 412
m137 146 0 399 412
z 0 137 399 412
m137 153 0 399 412
z 0 137 399 412
m137 154 0 399 412
z 0 137 399 412
m137 162 0 399 412
z 0 137 399 412
m137 172 0 399 412
B137 1 399 412
z 1 137 399 412
m137 45 1 399 412
z 1 137 399 412
m137 133 1 399 412
z 1 137 399 412
m137 146 1 399 412
z 1 137 399 412
m137 153 1 399 412
z 1 137 399 412
m137 154 1 399 412
z 1 137 399 412
m137 162 1 399 412
z 1 137 399 412
m137 172 1 399 412
B137 3 399 412
z 3 137 399 412
m137 45 3 9.75 105.75 1.0
z 3 137 399 412
m137 133 3 9.75 105.75 1.0
z 3 137 399 412
m137 146 3 9.75 105.75 1.0
z 3 137 399 412
m137 153 3 9.75 105.75 1.0
z 3 137 399 412
m137 154 3 9.75 105.75 1.0
z 3 137 399 412
m137 162 3 9.75 105.75 1.0
z 3 137 399 412
m137 172 3 9.75 105.75 1.0
B158 0 181 321
z 0 158 181 321
m158 118 0 181 321
B158 3 181 321
z 3 158 181 321
m158 118 3 10.666666666666666 124.66666666666667 -1.0
B159 0 188 417
z 0 159 188 417
m159 1 0 188 417
z 0 159 188 417
m159 12 0 188 417
z 0 159 188 417
m159 39 0 188 417
z 0 159 188 417
m159 86 0 188 417
z 0 159 188 417
m159 91 0 188 417
z 0 159 188 417
m159 127 0 188 417
z 0 159 188 417
m159 139 0 188 417
B159 1 188 417
z 1 159 188 417
m159 1 1 188 417
z 1 159 188 417
m159 12 1 188 417
z 1 159 188 417
m159 39 1 188 417
z 1 159 188 417
m159 86 1 188 417
z 1 159 188 417
m159 91 1 188 417
z 1 159 188 417
m159 127 1 188 417
z 1 159 188 417
m159 139 1 188 417
B159 3 188 417
z 3 159 188 417
m159 86 3 10.25 112.75 0.9440993788819878
z 3 159 188 417
m159 91 3 10.25 112.75 0.9440993788819878
z 3 159 188 417
m159 139 3 10.25 112.75 0.9440993788819878
z 3 159 188 417
m159 39 3 10.25 112.75 0.9440993788819878
z 3 159 188 417
m159 12 3 10.25 112.75 0.9440993788819878
z 3 159 188 417
m159 127 3 10.25 112.75 0.9440993788819878
z 3 159 188 417
m159 1 3 10.25 112.75 0.9440993788819878
B163 0 226 458
B163 1 226 458
B163 2 226 458
B163 3 226 458
B174 0 365 339
z 0 174 365 339
m174 13 0 365 339
z 0 174 365 339
m174 23 0 365 339
z 0 174 365 339
m174 33 0 365 339
z 0 174 365 339
m174 37 0 365 339
z 0 174 365 339
m174 42 0 365 339
z 0 174 365 339
m174 115 0 365 339
z 0 174 365 339
m174 134 0 365 339
z 0 174 365 339
m174 135 0 365 339
z 0 174 365 339
m174 146 0 365 339
z 0 174 365 339
m174 160 0 365 339
B174 1 365 339
B174 3 365 339
z 3 174 365 339
m174 13 3 10.75 123.75 1.0
z 3 174 365 339
m174 23 3 10.75 123.75 1.0
z 3 174 365 339
m174 33 3 10.75 123.75 1.0
z 3 174 365 339
m174 37 3 10.75 123.75 1.0
z 3 174 365 339
m174 42 3 10.75 123.75 1.0
z 3 174 365 339
m174 115 3 10.75 123.75 1.0
z 3 174 365 339
m174 134 3 10.75 123.75 1.0
z 3 174 365 339
m174 135 3 10.75 123.75 1.0
z 3 174 365 339
m174 146 3 10.75 123.75 1.0
z 3 174 365 339
m174 160 3 10.75 123.75 1.0
B177 0 175 397
z 0 177 175 397
m177 1 0 175 397
z 0 177 175 397
m177 12 0 175 397
z 0 177 175 397
m177 39 0 175 397
z 0 177 175 397
m177 86 0 175 397
z 0 177 175 397
m177 91 0 175 397
z 0 177 175 397
m177 127 0 175 397
z 0 177 175 397
m177 139 0 175 397
z 0 177 175 397
m177 161 0 175 397
B177 1 175 397
z 1 177 175 397
m177 1 1 175 397
z 1 177 175 397
m177 12 1 175 397
z 1 177 175 397
m177 39 1 175 397
z 1 177 175 397
m177 86 1 175 397
z 1 177 175 397
m177 91 1 175 397
z 1 177 175 397
m177 127 1 175 397
z 1 177 175 397
m177 139 1 175 397
z 1 177 175 397
m177 161 1 175 397
B177 3 175 397
z 3 177 175 397
m177 1 3 10.5 116.5 1.0
z 3 177 175 397
m177 12 3 10.5 116.5 1.0
z 3 177 175 397
m177 39 3 10.5 116.5 1.0
z 3 177 175 397
m177 86 3 10.5 116.5 1.0
z 3 177 175 397
m177 91 3 10.5 116.5 1.0
z 3 177 175 397
m177 127 3 10.5 116.5 1.0
z 3 177 175 397
m177 139 3 10.5 116.5 1.0
z 3 177 175 397
m177 161 3 10.5 116.5 1.0
B1 0 157 445
B1 1 157 445
B1 2 157 445
B1 3 157 445
B12 0 117 418
z 0 12 117 418
m12 46 0 117 418
z 0 12 117 418
m12 73 0 117 418
B12 1 117 418
z 1 12 117 418
m12 46 1 117 418
z 1 12 117 418
m12 73 1 117 418
B12 3 117 418
B13 0 460 356
z 0 13 460 356
m13 27 0 460 356
z 0 13 460 356
m13 87 0 460 356
z 0 13 460 356
m13 109 0 460 356
z 0 13 460 356
m13 111 0 460 356
z 0 13 460 356
m13 121 0 460 356
B13 1 460 356
z 1 13 460 356
m13 27 1 460 356
z 1 13 460 356
m13 87 1 460 356
z 1 13 460 356
m13 109 1 460 356
z 1 13 460 356
m13 111 1 460 356
z 1 13 460 356
m13 121 1 460 356
B13 3 460 356
z 3 13 460 356
m13 27 3 10.0 113.6 0.0
B14 0 334 483
B14 1 334 483
B14 3 334 483
B23 0 369 272
z 0 23 369 272
m23 36 0 369 272
z 0 23 369 272
m23 157 0 369 272
z 0 23 369 272
m23 165 0 369 272
z 0 23 369 272
m23 175 0 369 272
B23 1 369 272
z 1 23 369 272
m23 36 1 369 272
z 1 23 369 272
m23 157 1 369 272
z 1 23 369 272
m23 165 1 369 272
z 1 23 369 272
m23 175 1 369 272
B23 3 369 272
B33 0 411 357
z 0 33 411 357
m33 87 0 411 357
z 0 33 411 357
m33 109 0 411 357
B33 1 411 357
z 1 33 411 357
m33 87 1 411 357
z 1 33 411 357
m33 109 1 411 357
B33 3 411 357
B37 0 336 271
z 0 37 336 271
m37 157 0 336 271
B37 1 336 271
z 1 37 336 271
m37 157 1 336 271
B37 3 336 271
B39 0 141 440
B39 1 141 440
z 1 39 141 440
m39 149 1 141 440
B39 3 141 440
B42 0 396 316
z 0 42 396 316
m42 87 0 396 316
z 0 42 396 316
m42 165 0 396 316
B42 1 396 316
z 1 42 396 316
m42 87 1 396 316
z 1 42 396 316
m42 165 1 396 316
B42 3 396 316
B45 0 381 480
B45 1 381 480
B45 3 381 480
B50 2 219 419
B53 2 219 322
z 2 53 219 322
m53 118 2 219 322
B63 0 453 461
z 0 63 453 461
m63 17 0 453 461
z 0 63 453 461
m63 108 0 453 461
B63 1 453 461
z 1 63 453 461
m63 17 1 453 461
z 1 63 453 461
m63 108 1 453 461
B63 3 453 461
B65 0 271 279
z 0 65 271 279
m65 35 0 271 279
z 0 65 271 279
m65 94 0 271 279
z 0 65 271 279
m65 157 0 271 279
B65 1 271 279
B65 3 271 279
B71 0 412 309
z 0 71 412 309
m71 27 0 412 309
z 0 71 412 309
m71 109 0 412 309
z 0 71 412 309
m71 165 0 412 309
B71 1 412 309
z 1 71 412 309
m71 27 1 412 309
z 1 71 412 309
m71 109 1 412 309
z 1 71 412 309
m71 165 1 412 309
B71 3 412 309
B77 0 407 268
z 0 77 407 268
m77 36 0 407 268
z 0 77 407 268
m77 88 0 407 268
z 0 77 407 268
m77 165 0 407 268
z 0 77 407 268
m77 175 0 407 268
B77 1 407 268
z 1 77 407 268
m77 36 1 407 268
z 1 77 407 268
m77 88 1 407 268
z 1 77 407 268
m77 165 1 407 268
z 1 77 407 268
m77 175 1 407 268
B77 3 407 268
B85 0 281 290
z 0 85 281 290
m85 94 0 281 290
z 0 85 281 290
m85 157 0 281 290
B85 1 281 290
z 1 85 281 290
m85 94 1 281 290
z 1 85 281 290
m85 157 1 281 290
B85 3 281 290
B86 0 134 469
B86 1 134 469
z 1 86 134 469
m86 149 1 134 469
B86 3 134 469
B91 0 116 373
z 0 91 116 373
m91 30 0 116 373
z 0 91 116 373
m91 46 0 116 373
z 0 91 116 373
m91 73 0 116 373
z 0 91 116 373
m91 82 0 116 373
z 0 91 116 373
m91 166 0 116 373
z 0 91 116 373
m91 170 0 116 373
B91 1 116 373
B91 3 116 373
z 3 91 116 373
m91 46 3 10.0 106.39999999999999 0.7887402597402597
z 3 91 116 373
m91 30 3 10.0 106.39999999999999 0.7887402597402597
z 3 91 116 373
m91 170 3 10.0 106.39999999999999 0.7887402597402597
z 3 91 116 373
m91 166 3 10.0 106.39999999999999 0.7887402597402597
z 3 91 116 373
m91 82 3 10.0 106.39999999999999 0.7887402597402597
z 3 91 116 373
m91 73 3 10.0 106.39999999999999 0.7887402597402597
B104 0 416 263
z 0 104 416 263
m104 88 0 416 263
z 0 104 416 263
m104 165 0 416 263
B104 1 416 263
z 1 104 416 263
m104 88 1 416 263
z 1 104 416 263
m104 165 1 416 263
B104 3 416 263
B114 0 435 456
z 0 114 435 456
m114 17 0 435 456
z 0 114 435 456
m114 108 0 435 456
B114 1 435 456
z 1 114 435 456
m114 17 1 435 456
z 1 114 435 456
m114 108 1 435 456
B114 3 435 456
B115 0 446 315
z 0 115 446 315
m115 27 0 446 315
z 0 115 446 315
m115 87 0 446 315
z 0 115 446 315
m115 109 0 446 315
z 0 115 446 315
m115 111 0 446 315
z 0 115 446 315
m115 121 0 446 315
z 0 115 446 315
m115 165 0 446 315
B115 1 446 315
z 1 115 446 315
m115 27 1 446 315
z 1 115 446 315
m115 87 1 446 315
z 1 115 446 315
m115 109 1 446 315
z 1 115 446 315
m115 111 1 446 315
z 1 115 446 315
m115 121 1 446 315
z 1 115 446 315
m115 165 1 446 315
B115 3 446 315
z 3 115 446 315
m115 165 3 10.2 115.8 0.0
z 3 115 446 315
m115 121 3 10.2 115.8 0.0
B124 2 143 448
B127 0 158 366
z 0 127 158 366
m127 73 0 158 366
z 0 127 158 366
m127 170 0 158 366
B127 1 158 366
z 1 127 158 366
m127 73 1 158 366
z 1 127 158 366
m127 170 1 158 366
B127 2 158 366
B127 3 158 366
z 3 127 158 366
m127 73 3 7.2 76.0 1.0
z 3 127 158 366
m127 170 3 7.2 76.0 1.0
B133 0 350 461
B133 1 350 461
B133 3 350 461
B134 0 372 294
z 0 134 372 294
m134 157 0 372 294
B134 1 372 294
z 1 134 372 294
m134 157 1 372 294
B134 3 372 294
B135 0 378 282
z 0 135 378 282
m135 157 0 378 282
z 0 135 378 282
m135 165 0 378 282
B135 1 378 282
z 1 135 378 282
m135 157 1 378 282
z 1 135 378 282
m135 165 1 378 282
B135 3 378 282
B139 0 122 377
z 0 139 122 377
m139 73 0 122 377
z 0 139 122 377
m139 82 0 122 377
z 0 139 122 377
m139 166 0 122 377
z 0 139 122 377
m139 170 0 122 377
B139 1 122 377
z 1 139 122 377
m139 73 1 122 377
z 1 139 122 377
m139 82 1 122 377
z 1 139 122 377
m139 166 1 122 377
z 1 139 122 377
m139 170 1 122 377
B139 3 122 377
z 3 139 122 377
m139 166 3 9.799999999999999 103.8 0.5939239332096475
z 3 139 122 377
m139 170 3 9.799999999999999 103.8 0.5939239332096475
z 3 139 122 377
m139 82 3 9.799999999999999 103.8 0.5939239332096475
B146 0 396 377
z 0 146 396 377
m146 87 0 396 377
B146 1 396 377
z 1 146 396 377
m146 87 1 396 377
B146 3 396 377
B149 0 101 485
z 0 149 101 485
m149 2 0 101 485
B149 3 101 485
z 3 149 101 485
m149 2 3 8.799999999999999 96.8 1.0
B153 0 432 441
z 0 153 432 441
m153 17 0 432 441
z 0 153 432 441
m153 108 0 432 441
B153 1 432 441
B153 3 432 441
B154 0 417 446
z 0 154 417 446
m154 17 0 417 446
B154 1 417 446
z 1 154 417 446
m154 17 1 417 446
B154 3 417 446
z 3 154 417 446
m154 17 3 8.2 89.0 1.0
B159 2 193 406
z 2 159 193 406
m159 12 2 193 406
z 2 159 193 406
m159 39 2 193 406
z 2 159 193 406
m159 91 2 193 406
z 2 159 193 406
m159 139 2 193 406
B160 0 364 322
z 0 160 364 322
m160 165 0 364 322
B160 1 364 322
z 1 160 364 322
m160 165 1 364 322
B160 3 364 322
z 3 160 364 322
m160 165 3 9.2 108.8 1.0
B161 0 110 359
z 0 161 110 359
m161 30 0 110 359
z 0 161 110 359
m161 73 0 110 359
z 0 161 110 359
m161 82 0 110 359
z 0 161 110 359
m161 84 0 110 359
z 0 161 110 359
m161 166 0 110 359
z 0 161 110 359
m161 170 0 110 359
z 0 161 110 359
m161 178 0 110 359
B161 1 110 359
z 1 161 110 359
m161 30 1 110 359
z 1 161 110 359
m161 73 1 110 359
z 1 161 110 359
m161 82 1 110 359
z 1 161 110 359
m161 84 1 110 359
z 1 161 110 359
m161 158 1 110 359
z 1 161 110 359
m161 166 1 110 359
z 1 161 110 359
m161 170 1 110 359
z 1 161 110 359
m161 178 1 110 359
B161 3 110 359
z 3 161 110 359
m161 30 3 10.0 106.0 1.0
z 3 161 110 359
m161 73 3 10.0 106.0 1.0
z 3 161 110 359
m161 82 3 10.0 106.0 1.0
z 3 161 110 359
m161 84 3 10.0 106.0 1.0
z 3 161 110 359
m161 166 3 10.0 106.0 1.0
z 3 161 110 359
m161 170 3 10.0 106.0 1.0
z 3 161 110 359
m161 178 3 10.0 106.0 1.0
B162 0 377 456
B162 1 377 456
B162 3 377 456
B169 0 274 283
z 0 169 274 283
m169 94 0 274 283
z 0 169 274 283
m169 157 0 274 283
B169 1 274 283
z 1 169 274 283
m169 94 1 274 283
z 1 169 274 283
m169 157 1 274 283
B169 3 274 283
B172 0 406 445
B172 1 406 445
B172 3 406 445
B177 2 182 387
z 2 177 182 387
m177 12 2 182 387
z 2 177 182 387
m177 39 2 182 387
z 2 177 182 387
m177 91 2 182 387
z 2 177 182 387
m177 139 2 182 387
z 2 177 182 387
m177 161 2 182 387
B2 0 26 418
z 0 2 26 418
m2 20 0 26 418
z 0 2 26 418
m2 126 0 26 418
z 0 2 26 418
m2 130 0 26 418
B2 3 26 418
z 3 2 26 418
m2 20 3 7.833333333333332 82.16666666666667 1.0
z 3 2 26 418
m2 126 3 7.833333333333332 82.16666666666667 1.0
z 3 2 26 418
m2 130 3 7.833333333333332 82.16666666666667 1.0
B12 2 105 417
B17 0 471 461
B17 1 471 461
B17 3 471 461
z 3 17 471 461
m17 108 3 7.0 74.33333333333334 1.0
B27 0 493 288
B27 1 493 288
B27 3 493 288
B30 0 90 327
z 0 30 90 327
m30 15 0 90 327
z 0 30 90 327
m30 21 0 90 327
z 0 30 90 327
m30 112 0 90 327
z 0 30 90 327
m30 123 0 90 327
B30 1 90 327
B30 3 90 327
z 3 30 90 327
m30 112 3 9.166666666666668 92.83333333333334 0.5319757014015783
z 3 30 90 327
m30 21 3 9.166666666666668 92.83333333333334 0.5319757014015783
z 3 30 90 327
m30 123 3 9.166666666666668 92.83333333333334 0.5319757014015783
B35 0 229 316
z 0 35 229 316
m35 64 0 229 316
z 0 35 229 316
m35 103 0 229 316
B36 0 389 190
z 0 36 389 190
m36 60 0 389 190
z 0 36 389 190
m36 79 0 389 190
B36 1 389 190
z 1 36 389 190
m36 60 1 389 190
z 1 36 389 190
m36 79 1 389 190
B39 2 153 441
z 2 39 153 441
m39 86 2 153 441
B46 0 76 410
z 0 46 76 410
m46 20 0 76 410
z 0 46 76 410
m46 126 0 76 410
z 0 46 76 410
m46 130 0 76 410
B46 1 76 410
z 1 46 76 410
m46 2 1 76 410
z 1 46 76 410
m46 20 1 76 410
z 1 46 76 410
m46 126 1 76 410
z 1 46 76 410
m46 130 1 76 410
B46 3 76 410
B73 0 115 343
B73 1 115 343
B73 3 115 343
B82 0 77 335
z 0 82 77 335
m82 15 0 77 335
z 0 82 77 335
m82 21 0 77 335
z 0 82 77 335
m82 173 0 77 335
B82 1 77 335
z 1 82 77 335
m82 15 1 77 335
z 1 82 77 335
m82 21 1 77 335
z 1 82 77 335
m82 173 1 77 335
B82 3 77 335
B84 0 78 308
z 0 84 78 308
m84 15 0 78 308
z 0 84 78 308
m84 21 0 78 308
z 0 84 78 308
m84 25 0 78 308
z 0 84 78 308
m84 49 0 78 308
z 0 84 78 308
m84 64 0 78 308
z 0 84 78 308
m84 112 0 78 308
z 0 84 78 308
m84 123 0 78 308
z 0 84 78 308
m84 125 0 78 308
B84 1 78 308
z 1 84 78 308
m84 15 1 78 308
z 1 84 78 308
m84 21 1 78 308
z 1 84 78 308
m84 25 1 78 308
z 1 84 78 308
m84 49 1 78 308
z 1 84 78 308
m84 64 1 78 308
z 1 84 78 308
m84 112 1 78 308
z 1 84 78 308
m84 123 1 78 308
z 1 84 78 308
m84 125 1 78 308
B84 3 78 308
z 3 84 78 308
m84 15 3 9.666666666666668 99.0 1.0
z 3 84 78 308
m84 21 3 9.666666666666668 99.0 1.0
z 3 84 78 308
m84 25 3 9.666666666666668 99.0 1.0
z 3 84 78 308
m84 49 3 9.666666666666668 99.0 1.0
z 3 84 78 308
m84 64 3 9.666666666666668 99.0 1.0
z 3 84 78 308
m84 112 3 9.666666666666668 99.0 1.0
z 3 84 78 308
m84 123 3 9.666666666666668 99.0 1.0
z 3 84 78 308
m84 125 3 9.666666666666668 99.0 1.0
B87 0 448 367
B87 1 448 367
B88 0 427 243
z 0 88 427 243
m88 136 0 427 243
B88 1 427 243
B91 2 104 370
z 2 91 104 370
m91 30 2 104 370
z 2 91 104 370
m91 46 2 104 370
z 2 91 104 370
m91 73 2 104 370
z 2 91 104 370
m91 82 2 104 370
z 2 91 104 370
m91 166 2 104 370
z 2 91 104 370
m91 170 2 104 370
B94 0 285 292
B94 1 285 292
B108 0 493 448
B108 1 493 448
B109 0 477 357
B109 1 477 357
B111 0 481 349
B111 1 481 349
B121 0 474 350
B121 1 474 350
B121 3 474 350
B139 2 116 366
B149 1 100 497
B157 0 342 259
z 0 157 342 259
m157 60 0 342 259
B157 1 342 259
z 1 157 342 259
m157 60 1 342 259
B158 1 188 298
z 1 158 188 298
m158 118 1 188 298
B161 2 98 358
B165 0 415 245
B165 1 415 245
B165 3 415 245
B166 0 70 351
z 0 166 70 351
m166 15 0 70 351
z 0 166 70 351
m166 173 0 70 351
B166 1 70 351
z 1 166 70 351
m166 15 1 70 351
z 1 166 70 351
m166 173 1 70 351
B166 3 70 351
B170 0 143 332
z 0 170 143 332
m170 64 0 143 332
z 0 170 143 332
m170 112 0 143 332
B170 1 143 332
z 1 170 143 332
m170 64 1 143 332
z 1 170 143 332
m170 112 1 143 332
B170 3 143 332
B175 0 360 222
z 0 175 360 222
m175 60 0 360 222
z 0 175 360 222
m175 79 0 360 222
B175 1 360 222
z 1 175 360 222
m175 60 1 360 222
z 1 175 360 222
m175 79 1 360 222
B178 0 173 290
z 0 178 173 290
m178 118 0 173 290
B178 1 173 290
z 1 178 173 290
m178 118 1 173 290
B178 3 173 290
z 3 178 173 290
m178 118 3 10.0 106.0 -1.0
B2 1 17 410
B15 0 59 310
z 0 15 59 310
m15 7 0 59 310
B15 1 59 310
z 1 15 59 310
m15 7 1 59 310
B15 3 59 310
B20 0 35 444
B20 1 35 444
B20 3 35 444
B21 0 42 272
z 0 21 42 272
m21 7 0 42 272
z 0 21 42 272
m21 52 0 42 272
B21 1 42 272
z 1 21 42 272
m21 7 1 42 272
z 1 21 42 272
m21 52 1 42 272
B21 3 42 272
B25 0 27 255
z 0 25 27 255
m25 7 0 27 255
z 0 25 27 255
m25 52 0 27 255
z 0 25 27 255
m25 117 0 27 255
z 0 25 27 255
m25 171 0 27 255
B25 1 27 255
z 1 25 27 255
m25 7 1 27 255
z 1 25 27 255
m25 52 1 27 255
z 1 25 27 255
m25 117 1 27 255
z 1 25 27 255
m25 171 1 27 255
B25 3 27 255
z 3 25 27 255
m25 171 3 8.857142857142858 87.14285714285715 0.0871449205584971
B30 2 79 329
B46 2 84 419
B49 0 102 264
z 0 49 102 264
m49 118 0 102 264
B49 1 102 264
z 1 49 102 264
m49 118 1 102 264
B49 3 102 264
z 3 49 102 264
m49 118 3 9.666666666666668 99.0 -1.0
B60 0 375 181
z 0 60 375 181
m60 92 0 375 181
B60 1 375 181
z 1 60 375 181
m60 92 1 375 181
B64 0 137 320
z 0 64 137 320
m64 118 0 137 320
B64 1 137 320
z 1 64 137 320
m64 118 1 137 320
B64 3 137 320
z 3 64 137 320
m64 118 3 9.666666666666668 99.0 -1.0
B73 2 125 338
z 2 73 125 338
m73 64 2 125 338
z 2 73 125 338
m73 84 2 125 338
B79 0 381 149
z 0 79 381 149
m79 28 0 381 149
z 0 79 381 149
m79 62 0 381 149
z 0 79 381 149
m79 97 0 381 149
B79 1 381 149
z 1 79 381 149
m79 28 1 381 149
z 1 79 381 149
m79 62 1 381 149
z 1 79 381 149
m79 97 1 381 149
B82 2 69 326
z 2 82 69 326
m82 7 2 69 326
z 2 82 69 326
m82 15 2 69 326
z 2 82 69 326
m82 21 2 69 326
z 2 82 69 326
m82 84 2 69 326
z 2 82 69 326
m82 123 2 69 326
B86 2 153 484
z 2 86 153 484
m86 149 2 153 484
B103 0 189 222
z 0 103 189 222
m103 118 0 189 222
B108 3 490 437
B112 0 93 240
z 0 112 93 240
m112 118 0 93 240
B112 1 93 240
z 1 112 93 240
m112 118 1 93 240
B112 3 93 240
z 3 112 93 240
m112 118 3 9.166666666666668 92.83333333333334 -1.0
B123 0 56 292
z 0 123 56 292
m123 7 0 56 292
B123 1 56 292
z 1 123 56 292
m123 7 1 56 292
B123 3 56 292
B125 0 88 230
z 0 125 88 230
m125 24 0 88 230
z 0 125 88 230
m125 117 0 88 230
z 0 125 88 230
m125 122 0 88 230
z 0 125 88 230
m125 147 0 88 230
B125 1 88 230
z 1 125 88 230
m125 24 1 88 230
z 1 125 88 230
m125 117 1 88 230
z 1 125 88 230
m125 122 1 88 230
z 1 125 88 230
m125 147 1 88 230
B125 3 88 230
z 3 125 88 230
m125 147 3 9.142857142857144 90.0 0.7240360696517412
z 3 125 88 230
m125 24 3 9.142857142857144 90.0 0.7240360696517412
z 3 125 88 230
m125 122 3 9.142857142857144 90.0 0.7240360696517412
B126 0 4 410
B126 1 4 410
B126 3 4 410
z 3 126 4 410
m126 173 3 6.857142857142857 70.57142857142857 1.0
B130 0 17 444
B130 1 17 444
B130 3 17 444
B136 0 494 190
z 0 136 494 190
m136 29 0 494 190
z 0 136 494 190
m136 43 0 494 190
z 0 136 494 190
m136 75 0 494 190
z 0 136 494 190
m136 179 0 494 190
B166 2 71 340
B170 2 153 339
B173 0 7 339
z 0 173 7 339
m173 7 0 7 339
B173 1 7 339
B7 0 35 281
B7 1 35 281
B7 2 35 281
z 2 7 35 281
m7 25 2 35 281
z 2 7 35 281
m7 52 2 35 281
z 2 7 35 281
m7 173 2 35 281
B15 2 71 308
B21 2 34 263
z 2 21 34 263
m21 25 2 34 263
z 2 21 34 263
m21 52 2 34 263
z 2 21 34 263
m21 112 2 34 263
z 2 21 34 263
m21 117 2 34 263
z 2 21 34 263
m21 125 2 34 263
B24 0 112 201
z 0 24 112 201
m24 118 0 112 201
B24 1 112 201
z 1 24 112 201
m24 118 1 112 201
B24 3 112 201
z 3 24 112 201
m24 118 3 9.142857142857144 90.0 -1.0
B28 0 386 137
z 0 28 386 137
m28 9 0 386 137
z 0 28 386 137
m28 151 0 386 137
B28 1 386 137
z 1 28 386 137
m28 9 1 386 137
z 1 28 386 137
m28 151 1 386 137
B29 0 498 160
z 0 29 498 160
m29 18 0 498 160
B43 0 474 192
B52 0 19 219
z 0 52 19 219
m52 100 0 19 219
z 0 52 19 219
m52 144 0 19 219
z 0 52 19 219
m52 167 0 19 219
B52 1 19 219
z 1 52 19 219
m52 100 1 19 219
z 1 52 19 219
m52 144 1 19 219
z 1 52 19 219
m52 167 1 19 219
B62 0 404 119
z 0 62 404 119
m62 9 0 404 119
z 0 62 404 119
m62 18 0 404 119
z 0 62 404 119
m62 34 0 404 119
z 0 62 404 119
m62 106 0 404 119
z 0 62 404 119
m62 119 0 404 119
z 0 62 404 119
m62 151 0 404 119
B62 1 404 119
B64 2 127 327
B75 0 458 124
z 0 75 458 124
m75 18 0 458 124
z 0 75 458 124
m75 34 0 458 124
z 0 75 458 124
m75 106 0 458 124
B84 2 57 320
B92 0 297 140
z 0 92 297 140
m92 5 0 297 140
z 0 92 297 140
m92 11 0 297 140
z 0 92 297 140
m92 38 0 297 140
z 0 92 297 140
m92 70 0 297 140
z 0 92 297 140
m92 99 0 297 140
z 0 92 297 140
m92 131 0 297 140
B92 1 297 140
z 1 92 297 140
m92 5 1 297 140
z 1 92 297 140
m92 11 1 297 140
z 1 92 297 140
m92 38 1 297 140
z 1 92 297 140
m92 70 1 297 140
z 1 92 297 140
m92 99 1 297 140
z 1 92 297 140
m92 131 1 297 140
B97 0 372 94
z 0 97 372 94
m97 9 0 372 94
z 0 97 372 94
m97 131 0 372 94
z 0 97 372 94
m97 151 0 372 94
B97 1 372 94
z 1 97 372 94
m97 9 1 372 94
z 1 97 372 94
m97 131 1 372 94
z 1 97 372 94
m97 151 1 372 94
B117 0 49 219
z 0 117 49 219
m117 80 0 49 219
z 0 117 49 219
m117 100 0 49 219
z 0 117 49 219
m117 144 0 49 219
B117 1 49 219
z 1 117 49 219
m117 80 1 49 219
z 1 117 49 219
m117 100 1 49 219
z 1 117 49 219
m117 144 1 49 219
B122 0 143 211
z 0 122 143 211
m122 118 0 143 211
B122 1 143 211
z 1 122 143 211
m122 118 1 143 211
B122 3 143 211
z 3 122 143 211
m122 118 3 9.142857142857144 90.0 -1.0
B123 2 58 304
z 2 123 58 304
m123 25 2 58 304
z 2 123 58 304
m123 49 2 58 304
z 2 123 58 304
m123 112 2 58 304
z 2 123 58 304
m123 125 2 58 304
z 2 123 58 304
m123 173 2 58 304
B147 0 138 181
z 0 147 138 181
m147 19 0 138 181
z 0 147 138 181
m147 31 0 138 181
z 0 147 138 181
m147 40 0 138 181
z 0 147 138 181
m147 93 0 138 181
z 0 147 138 181
m147 98 0 138 181
z 0 147 138 181
m147 107 0 138 181
z 0 147 138 181
m147 129 0 138 181
z 0 147 138 181
m147 142 0 138 181
B147 1 138 181
B147 3 138 181
z 3 147 138 181
m147 142 3 9.125000000000002 88.875 0.9710590409602277
z 3 147 138 181
m147 129 3 9.125000000000002 88.875 0.9710590409602277
z 3 147 138 181
m147 103 3 9.125000000000002 88.875 0.9710590409602277
z 3 147 138 181
m147 31 3 9.125000000000002 88.875 0.9710590409602277
z 3 147 138 181
m147 93 3 9.125000000000002 88.875 0.9710590409602277
z 3 147 138 181
m147 19 3 9.125000000000002 88.875 0.9710590409602277
z 3 147 138 181
m147 98 3 9.125000000000002 88.875 0.9710590409602277
z 3 147 138 181
m147 40 3 9.125000000000002 88.875 0.9710590409602277
z 3 147 138 181
m147 107 3 9.125000000000002 88.875 0.9710590409602277
B149 2 114 481
B171 0 21 185
z 0 171 21 185
m171 80 0 21 185
z 0 171 21 185
m171 100 0 21 185
z 0 171 21 185
m171 144 0 21 185
z 0 171 21 185
m171 167 0 21 185
B171 1 21 185
z 1 171 21 185
m171 80 1 21 185
z 1 171 21 185
m171 100 1 21 185
z 1 171 21 185
m171 144 1 21 185
z 1 171 21 185
m171 167 1 21 185
B171 3 21 185
z 3 171 21 185
m171 80 3 8.5 80.75000000000001 0.11841955749859033
z 3 171 21 185
m171 117 3 8.5 80.75000000000001 0.11841955749859033
z 3 171 21 185
m171 52 3 8.5 80.75000000000001 0.11841955749859033
B173 3 14 329
z 3 173 14 329
m173 7 3 6.125 61.875 1.0
B179 0 482 166
z 0 179 482 166
m179 18 0 482 166
B5 0 276 163
z 0 5 276 163
m5 41 0 276 163
B5 1 276 163
z 1 5 276 163
m5 41 1 276 163
B7 3 43 272
B9 0 423 53
z 0 9 423 53
m9 51 0 423 53
z 0 9 423 53
m9 61 0 423 53
z 0 9 423 53
m9 74 0 423 53
z 0 9 423 53
m9 78 0 423 53
z 0 9 423 53
m9 83 0 423 53
z 0 9 423 53
m9 145 0 423 53
B9 1 423 53
B11 0 283 163
z 0 11 283 163
m11 41 0 283 163
z 0 11 283 163
m11 90 0 283 163
z 0 11 283 163
m11 96 0 283 163
B11 1 283 163
z 1 11 283 163
m11 41 1 283 163
z 1 11 283 163
m11 90 1 283 163
z 1 11 283 163
m11 96 1 283 163
B18 0 454 125
z 0 18 454 125
m18 6 0 454 125
z 0 18 454 125
m18 145 0 454 125
B19 0 133 141
z 0 19 133 141
m19 57 0 133 141
z 0 19 133 141
m19 132 0 133 141
z 0 19 133 141
m19 152 0 133 141
B19 3 133 141
z 3 19 133 141
m19 132 3 8.666666666666668 81.77777777777777 0.25497617306524983
z 3 19 133 141
m19 152 3 8.666666666666668 81.77777777777777 0.25497617306524983
B25 2 3 259
B31 0 192 157
z 0 31 192 157
m31 41 0 192 157
z 0 31 192 157
m31 44 0 192 157
z 0 31 192 157
m31 90 0 192 157
z 0 31 192 157
m31 96 0 192 157
z 0 31 192 157
m31 138 0 192 157
B31 3 192 157
z 3 31 192 157
m31 90 3 8.777777777777779 83.0 0.5328667702646316
z 3 31 192 157
m31 41 3 8.777777777777779 83.0 0.5328667702646316
z 3 31 192 157
m31 96 3 8.777777777777779 83.0 0.5328667702646316
z 3 31 192 157
m31 138 3 8.777777777777779 83.0 0.5328667702646316
B34 0 463 59
z 0 34 463 59
m34 6 0 463 59
z 0 34 463 59
m34 61 0 463 59
z 0 34 463 59
m34 74 0 463 59
z 0 34 463 59
m34 78 0 463 59
z 0 34 463 59
m34 120 0 463 59
z 0 34 463 59
m34 145 0 463 59
B38 0 251 221
z 0 38 251 221
m38 89 0 251 221
z 0 38 251 221
m38 90 0 251 221
B38 1 251 221
z 1 38 251 221
m38 89 1 251 221
z 1 38 251 221
m38 90 1 251 221
z 1 38 251 221
m38 103 1 251 221
z 1 38 251 221
m38 129 1 251 221
B40 0 184 171
z 0 40 184 171
m40 44 0 184 171
z 0 40 184 171
m40 90 0 184 171
z 0 40 184 171
m40 96 0 184 171
z 0 40 184 171
m40 138 0 184 171
B40 3 184 171
B49 2 106 288
z 2 49 106 288
m49 118 2 106 288
B52 2 29 213
z 2 52 29 213
m52 100 2 29 213
z 2 52 29 213
m52 144 2 29 213
z 2 52 29 213
m52 167 2 29 213
z 2 52 29 213
m52 171 2 29 213
B52 3 29 213
B70 0 255 164
z 0 70 255 164
m70 41 0 255 164
z 0 70 255 164
m70 90 0 255 164
z 0 70 255 164
m70 96 0 255 164
B70 1 255 164
B80 0 83 134
z 0 80 83 134
m80 128 0 83 134
z 0 80 83 134
m80 132 0 83 134
z 0 80 83 134
m80 152 0 83 134
B80 1 83 134
z 1 80 83 134
m80 19 1 83 134
z 1 80 83 134
m80 93 1 83 134
z 1 80 83 134
m80 98 1 83 134
z 1 80 83 134
m80 128 1 83 134
z 1 80 83 134
m80 132 1 83 134
z 1 80 83 134
m80 152 1 83 134
B80 3 83 134
z 3 80 83 134
m80 144 3 8.11111111111111 74.55555555555556 0.09988847122443548
z 3 80 83 134
m80 128 3 8.11111111111111 74.55555555555556 0.09988847122443548
B93 0 99 138
z 0 93 99 138
m93 57 0 99 138
z 0 93 99 138
m93 132 0 99 138
z 0 93 99 138
m93 152 0 99 138
B93 3 99 138
B98 0 126 122
z 0 98 126 122
m98 57 0 126 122
z 0 98 126 122
m98 138 0 126 122
z 0 98 126 122
m98 152 0 126 122
B98 3 126 122
z 3 98 126 122
m98 138 3 8.666666666666668 81.77777777777777 0.25497617306524983
B99 0 283 59
z 0 99 283 59
m99 22 0 283 59
z 0 99 283 59
m99 32 0 283 59
z 0 99 283 59
m99 41 0 283 59
z 0 99 283 59
m99 47 0 283 59
z 0 99 283 59
m99 55 0 283 59
z 0 99 283 59
m99 56 0 283 59
z 0 99 283 59
m99 143 0 283 59
B99 1 283 59
z 1 99 283 59
m99 22 1 283 59
z 1 99 283 59
m99 32 1 283 59
z 1 99 283 59
m99 41 1 283 59
z 1 99 283 59
m99 47 1 283 59
z 1 99 283 59
m99 55 1 283 59
z 1 99 283 59
m99 56 1 283 59
z 1 99 283 59
m99 143 1 283 59
B100 0 9 198
z 0 100 9 198
m100 128 0 9 198
B100 1 9 198
z 1 100 9 198
m100 128 1 9 198
B103 3 192 198
z 3 103 192 198
m103 38 3 8.777777777777779 83.0 0.5328667702646316
z 3 103 192 198
m103 89 3 8.777777777777779 83.0 0.5328667702646316
z 3 103 192 198
m103 138 3 8.777777777777779 83.0 0.5328667702646316
z 3 103 192 198
m103 96 3 8.777777777777779 83.0 0.5328667702646316
z 3 103 192 198
m103 90 3 8.777777777777779 83.0 0.5328667702646316
B106 0 437 50
z 0 106 437 50
m106 6 0 437 50
z 0 106 437 50
m106 51 0 437 50
z 0 106 437 50
m106 61 0 437 50
z 0 106 437 50
m106 74 0 437 50
z 0 106 437 50
m106 78 0 437 50
z 0 106 437 50
m106 83 0 437 50
z 0 106 437 50
m106 120 0 437 50
z 0 106 437 50
m106 145 0 437 50
B107 0 139 189
z 0 107 139 189
m107 44 0 139 189
B107 3 139 189
B112 2 77 222
z 2 112 77 222
m112 118 2 77 222
B117 2 38 223
z 2 117 38 223
m117 24 2 38 223
z 2 117 38 223
m117 100 2 38 223
z 2 117 38 223
m117 144 2 38 223
z 2 117 38 223
m117 167 2 38 223
z 2 117 38 223
m117 171 2 38 223
B117 3 38 223
B119 0 442 72
z 0 119 442 72
m119 6 0 442 72
z 0 119 442 72
m119 51 0 442 72
z 0 119 442 72
m119 61 0 442 72
z 0 119 442 72
m119 74 0 442 72
z 0 119 442 72
m119 78 0 442 72
z 0 119 442 72
m119 83 0 442 72
z 0 119 442 72
m119 120 0 442 72
z 0 119 442 72
m119 145 0 442 72
B125 2 110 219
z 2 125 110 219
m125 118 2 110 219
B129 0 202 173
z 0 129 202 173
m129 44 0 202 173
z 0 129 202 173
m129 89 0 202 173
z 0 129 202 173
m129 90 0 202 173
z 0 129 202 173
m129 96 0 202 173
z 0 129 202 173
m129 138 0 202 173
B129 3 202 173
z 3 129 202 173
m129 89 3 8.888888888888891 84.44444444444444 0.7278594132589257
z 3 129 202 173
m129 38 3 8.888888888888891 84.44444444444444 0.7278594132589257
z 3 129 202 173
m129 70 3 8.888888888888891 84.44444444444444 0.7278594132589257
z 3 129 202 173
m129 90 3 8.888888888888891 84.44444444444444 0.7278594132589257
z 3 129 202 173
m129 138 3 8.888888888888891 84.44444444444444 0.7278594132589257
z 3 129 202 173
m129 96 3 8.888888888888891 84.44444444444444 0.7278594132589257
B131 0 293 130
z 0 131 293 130
m131 41 0 293 130
z 0 131 293 130
m131 47 0 293 130
B131 1 293 130
z 1 131 293 130
m131 41 1 293 130
z 1 131 293 130
m131 47 1 293 130
B142 0 137 273
z 0 142 137 273
m142 118 0 137 273
B142 3 137 273
z 3 142 137 273
m142 118 3 9.125000000000002 88.875 -1.0
B144 0 33 204
z 0 144 33 204
m144 128 0 33 204
B144 1 33 204
z 1 144 33 204
m144 128 1 33 204
B151 0 385 57
z 0 151 385 57
m151 51 0 385 57
z 0 151 385 57
m151 74 0 385 57
z 0 151 385 57
m151 83 0 385 57
z 0 151 385 57
m151 145 0 385 57
B151 1 385 57
z 1 151 385 57
m151 34 1 385 57
z 1 151 385 57
m151 51 1 385 57
z 1 151 385 57
m151 74 1 385 57
z 1 151 385 57
m151 83 1 385 57
z 1 151 385 57
m151 106 1 385 57
z 1 151 385 57
m151 119 1 385 57
z 1 151 385 57
m151 145 1 385 57
B167 0 12 162
z 0 167 12 162
m167 128 0 12 162
B167 1 12 162
z 1 167 12 162
m167 128 1 12 162
B173 2 21 319
z 2 173 21 319
m173 2 2 21 319
z 2 173 21 319
m173 126 2 21 319
B2 2 11 387
B6 0 490 86
B19 1 142 150
z 1 19 142 150
m19 31 1 142 150
z 1 19 142 150
m19 40 1 142 150
z 1 19 142 150
m19 44 1 142 150
z 1 19 142 150
m19 57 1 142 150
z 1 19 142 150
m19 107 1 142 150
z 1 19 142 150
m19 138 1 142 150
z 1 19 142 150
m19 148 1 142 150
B22 0 312 37
z 0 22 312 37
m22 176 0 312 37
B22 1 312 37
z 1 22 312 37
m22 176 1 312 37
B24 2 100 222
B32 0 241 89
z 0 32 241 89
m32 140 0 241 89
z 0 32 241 89
m32 155 0 241 89
z 0 32 241 89
m32 168 0 241 89
B32 1 241 89
z 1 32 241 89
m32 140 1 241 89
z 1 32 241 89
m32 155 1 241 89
z 1 32 241 89
m32 168 1 241 89
B34 1 467 47
z 1 34 467 47
m34 6 1 467 47
z 1 34 467 47
m34 18 1 467 47
z 1 34 467 47
m34 61 1 467 47
z 1 34 467 47
m34 75 1 467 47
z 1 34 467 47
m34 78 1 467 47
z 1 34 467 47
m34 120 1 467 47
B38 3 240 226
B41 0 210 121
z 0 41 210 121
m41 140 0 210 121
B41 1 210 121
z 1 41 210 121
m41 31 1 210 121
z 1 41 210 121
m41 40 1 210 121
z 1 41 210 121
m41 44 1 210 121
z 1 41 210 121
m41 138 1 210 121
z 1 41 210 121
m41 140 1 210 121
B41 3 210 121
z 3 41 210 121
m41 131 3 9.0 86.8 0.7685909399667085
z 3 41 210 121
m41 143 3 9.0 86.8 0.7685909399667085
z 3 41 210 121
m41 55 3 9.0 86.8 0.7685909399667085
z 3 41 210 121
m41 44 3 9.0 86.8 0.7685909399667085
z 3 41 210 121
m41 47 3 9.0 86.8 0.7685909399667085
z 3 41 210 121
m41 140 3 9.0 86.8 0.7685909399667085
z 3 41 210 121
m41 32 3 9.0 86.8 0.7685909399667085
B44 0 176 171
B47 0 245 75
z 0 47 245 75
m47 155 0 245 75
z 0 47 245 75
m47 168 0 245 75
B47 1 245 75
B51 0 411 36
B51 1 411 36
z 1 51 411 36
m51 61 1 411 36
z 1 51 411 36
m51 78 1 411 36
z 1 51 411 36
m51 120 1 411 36
B55 0 239 60
z 0 55 239 60
m55 140 0 239 60
z 0 55 239 60
m55 155 0 239 60
z 0 55 239 60
m55 168 0 239 60
B55 1 239 60
z 1 55 239 60
m55 140 1 239 60
z 1 55 239 60
m55 155 1 239 60
z 1 55 239 60
m55 168 1 239 60
B56 0 265 7
z 0 56 265 7
m56 168 0 265 7
B56 1 265 7
z 1 56 265 7
m56 168 1 265 7
B57 0 146 87
z 0 57 146 87
m57 102 0 146 87
z 0 57 146 87
m57 140 0 146 87
z 0 57 146 87
m57 148 0 146 87
z 0 57 146 87
m57 164 0 146 87
B61 0 438 47
B70 3 245 157
z 3 70 245 157
m70 92 3 8.500000000000002 78.5 0.46844931095557146
z 3 70 245 157
m70 11 3 8.500000000000002 78.5 0.46844931095557146
B74 0 434 32
B74 1 434 32
z 1 74 434 32
m74 61 1 434 32
z 1 74 434 32
m74 78 1 434 32
z 1 74 434 32
m74 120 1 434 32
B78 0 451 14
B83 0 438 3
B83 1 438 3
B89 0 246 240
B89 1 246 240
B89 3 246 240
B90 0 227 210
B90 1 227 210
z 1 90 227 210
m90 31 1 227 210
z 1 90 227 210
m90 40 1 227 210
z 1 90 227 210
m90 44 1 227 210
z 1 90 227 210
m90 138 1 227 210
B90 3 227 210
B93 1 87 139
z 1 93 87 139
m93 57 1 87 139
z 1 93 87 139
m93 107 1 87 139
B96 0 202 169
B96 1 202 169
z 1 96 202 169
m96 31 1 202 169
z 1 96 202 169
m96 40 1 202 169
z 1 96 202 169
m96 44 1 202 169
z 1 96 202 169
m96 138 1 202 169
B96 3 202 169
B98 1 128 110
z 1 98 128 110
m98 57 1 128 110
z 1 98 128 110
m98 107 1 128 110
z 1 98 128 110
m98 138 1 128 110
z 1 98 128 110
m98 148 1 128 110
B100 2 7 210
z 2 100 7 210
m100 128 2 7 210
B103 1 193 186
B106 1 431 40
z 1 106 431 40
m106 6 1 431 40
z 1 106 431 40
m106 61 1 431 40
z 1 106 431 40
m106 75 1 431 40
z 1 106 431 40
m106 78 1 431 40
z 1 106 431 40
m106 120 1 431 40
B119 1 452 79
z 1 119 452 79
m119 6 1 452 79
z 1 119 452 79
m119 18 1 452 79
z 1 119 452 79
m119 61 1 452 79
z 1 119 452 79
m119 75 1 452 79
z 1 119 452 79
m119 78 1 452 79
z 1 119 452 79
m119 120 1 452 79
B120 0 460 35
B126 2 8 375
B128 0 2 143
B128 1 2 143
B128 3 2 143
B129 1 202 161
B132 0 48 75
z 0 132 48 75
m132 4 0 48 75
z 0 132 48 75
m132 81 0 48 75
B132 1 48 75
z 1 132 48 75
m132 4 1 48 75
z 1 132 48 75
m132 81 1 48 75
B132 3 48 75
B138 0 178 156
B138 3 178 156
B143 0 256 71
z 0 143 256 71
m143 155 0 256 71
z 0 143 256 71
m143 168 0 256 71
B143 1 256 71
z 1 143 256 71
m143 155 1 256 71
z 1 143 256 71
m143 168 1 256 71
B144 2 29 215
B144 3 29 215
B145 0 449 77
B145 1 449 77
z 1 145 449 77
m145 6 1 449 77
z 1 145 449 77
m145 18 1 449 77
z 1 145 449 77
m145 61 1 449 77
z 1 145 449 77
m145 75 1 449 77
z 1 145 449 77
m145 78 1 449 77
z 1 145 449 77
m145 120 1 449 77
B152 0 96 65
z 0 152 96 65
m152 4 0 96 65
z 0 152 96 65
m152 102 0 96 65
z 0 152 96 65
m152 148 0 96 65
z 0 152 96 65
m152 164 0 96 65
B152 1 96 65
z 1 152 96 65
m152 4 1 96 65
z 1 152 96 65
m152 57 1 96 65
z 1 152 96 65
m152 102 1 96 65
z 1 152 96 65
m152 148 1 96 65
z 1 152 96 65
m152 164 1 96 65
B152 3 96 65
z 3 152 96 65
m152 164 3 8.400000000000002 77.19999999999999 0.30365377796799475
z 3 152 96 65
m152 148 3 8.400000000000002 77.19999999999999 0.30365377796799475
z 3 152 96 65
m152 57 3 8.400000000000002 77.19999999999999 0.30365377796799475
B167 2 23 157
B171 2 29 162
z 2 171 29 162
m171 80 2 29 162
z 2 171 29 162
m171 128 2 29 162
B4 0 47 27
z 0 4 47 27
m4 8 0 47 27
z 0 4 47 27
m4 69 0 47 27
z 0 4 47 27
m4 101 0 47 27
z 0 4 47 27
m4 141 0 47 27
B4 1 47 27
B6 1 488 97
z 1 6 488 97
m6 29 1 488 97
B11 3 299 180
z 3 11 299 180
m11 5 3 7.818181818181819 71.45454545454545 1.0
B18 1 435 140
z 1 18 435 140
m18 29 1 435 140
z 1 18 435 140
m18 136 1 435 140
z 1 18 435 140
m18 179 1 435 140
B31 1 205 177
B32 3 236 100
B40 1 206 178
B44 1 164 172
B44 3 164 172
B47 3 233 74
B55 3 244 50
B57 1 158 88
B57 3 158 88
B61 1 436 59
B75 1 454 89
B78 1 445 3
B80 2 105 124
z 2 80 105 124
m80 19 2 105 124
z 2 80 105 124
m80 93 2 105 124
z 2 80 105 124
m80 98 2 105 124
z 2 80 105 124
m80 107 2 105 124
z 2 80 105 124
m80 132 2 105 124
z 2 80 105 124
m80 148 2 105 124
z 2 80 105 124
m80 152 2 105 124
B81 0 40 4
z 0 81 40 4
m81 8 0 40 4
z 0 81 40 4
m81 69 0 40 4
z 0 81 40 4
m81 101 0 40 4
z 0 81 40 4
m81 141 0 40 4
B81 1 40 4
B92 3 297 104
B102 0 113 43
z 0 102 113 43
m102 156 0 113 43
B102 1 113 43
z 1 102 113 43
m102 156 1 113 43
B107 1 116 187
B120 1 448 32
B128 2 12 137
B131 3 276 147
z 3 131 276 147
m131 5 3 8.272727272727273 79.0 1.0
B138 1 172 167
B140 0 201 69
z 0 140 201 69
m140 156 0 201 69
B140 1 201 69
z 1 140 201 69
m140 156 1 201 69
B140 3 201 69
B143 3 258 82
B148 0 150 96
B148 1 150 96
B148 3 150 96
B155 0 168 41
z 0 155 168 41
m155 156 0 168 41
B155 1 168 41
z 1 155 168 41
m155 156 1 168 41
B164 0 175 52
z 0 164 175 52
m164 156 0 175 52
B164 1 175 52
z 1 164 175 52
m164 156 1 175 52
B164 3 175 52
z 3 164 175 52
m164 102 3 8.000000000000004 71.63636363636363 0.16494723589144122
B168 0 216 79
B168 1 216 79
B176 0 348 13
B176 1 348 13
B5 3 252 189
B8 0 30 52
B19 2 158 167
z 2 19 158 167
m19 31 2 158 167
z 2 19 158 167
m19 40 2 158 167
z 2 19 158 167
m19 41 2 158 167
z 2 19 158 167
m19 44 2 158 167
z 2 19 158 167
m19 96 2 158 167
z 2 19 158 167
m19 103 2 158 167
z 2 19 158 167
m19 122 2 158 167
z 2 19 158 167
m19 129 2 158 167
z 2 19 158 167
m19 138 2 158 167
z 2 19 158 167
m19 147 2 158 167
B29 1 485 115
B69 0 4 30
B93 2 63 141
B98 2 130 87
z 2 98 130 87
m98 57 2 130 87
z 2 98 130 87
m98 102 2 130 87
z 2 98 130 87
m98 147 2 130 87
z 2 98 130 87
m98 155 2 130 87
z 2 98 130 87
m98 164 2 130 87
B101 0 46 34
B102 3 102 47
B107 2 104 186
z 2 107 104 186
m107 118 2 104 186
B132 2 30 59
B136 1 451 163
B141 0 15 12
B148 2 146 108
z 2 148 146 108
m148 41 2 146 108
z 2 148 146 108
m148 57 2 146 108
z 2 148 146 108
m148 102 2 146 108
z 2 148 146 108
m148 147 2 146 108
z 2 148 146 108
m148 155 2 146 108
z 2 148 146 108
m148 164 2 146 108
B152 2 102 42
z 2 152 102 42
m152 4 2 102 42
z 2 152 102 42
m152 57 2 102 42
z 2 152 102 42
m152 101 2 102 42
z 2 152 102 42
m152 102 2 102 42
z 2 152 102 42
m152 155 2 102 42
B156 0 194 3
B156 1 194 3
B179 1 446 197
z 1 179 446 197
m179 43 1 446 197
B4 2 25 18
z 2 4 25 18
m4 8 2 25 18
z 2 4 25 18
m4 69 2 25 18
z 2 4 25 18
m4 81 2 25 18
z 2 4 25 18
m4 141 2 25 18
B31 2 218 197
z 2 31 218 197
m31 5 2 218 197
z 2 31 218 197
m31 37 2 218 197
z 2 31 218 197
m31 38 2 218 197
z 2 31 218 197
m31 65 2 218 197
z 2 31 218 197
m31 70 2 218 197
z 2 31 218 197
m31 90 2 218 197
z 2 31 218 197
m31 131 2 218 197
z 2 31 218 197
m31 158 2 218 197
z 2 31 218 197
m31 169 2 218 197
z 2 31 218 197
m31 178 2 218 197
B40 2 229 186
z 2 40 229 186
m40 5 2 229 186
z 2 40 229 186
m40 32 2 229 186
z 2 40 229 186
m40 37 2 229 186
z 2 40 229 186
m40 38 2 229 186
z 2 40 229 186
m40 65 2 229 186
z 2 40 229 186
m40 70 2 229 186
z 2 40 229 186
m40 90 2 229 186
z 2 40 229 186
m40 131 2 229 186
z 2 40 229 186
m40 158 2 229 186
z 2 40 229 186
m40 169 2 229 186
z 2 40 229 186
m40 178 2 229 186
B41 2 180 141
B43 1 424 225
B44 2 140 175
B57 2 182 90
z 2 57 182 90
m57 47 2 182 90
z 2 57 182 90
m57 140 2 182 90
z 2 57 182 90
m57 168 2 182 90
B96 2 180 198
z 2 96 180 198
m96 5 2 180 198
z 2 96 180 198
m96 38 2 180 198
z 2 96 180 198
m96 65 2 180 198
z 2 96 180 198
m96 90 2 180 198
z 2 96 180 198
m96 158 2 180 198
z 2 96 180 198
m96 169 2 180 198
z 2 96 180 198
m96 178 2 180 198
B101 2 47 46
z 2 101 47 46
m101 8 2 47 46
z 2 101 47 46
m101 69 2 47 46
z 2 101 47 46
m101 81 2 47 46
z 2 101 47 46
m101 141 2 47 46
B102 2 91 51
z 2 102 91 51
m102 8 2 91 51
B103 2 198 150
B122 2 203 217
z 2 122 203 217
m122 5 2 203 217
z 2 122 203 217
m122 37 2 203 217
z 2 122 203 217
m122 38 2 203 217
z 2 122 203 217
m122 65 2 203 217
z 2 122 203 217
m122 90 2 203 217
z 2 122 203 217
m122 158 2 203 217
z 2 122 203 217
m122 169 2 203 217
z 2 122 203 217
m122 178 2 203 217
B129 2 202 125
z 2 129 202 125
m129 32 2 202 125
z 2 129 202 125
m129 47 2 202 125
z 2 129 202 125
m129 70 2 202 125
z 2 129 202 125
m129 131 2 202 125
z 2 129 202 125
m129 143 2 202 125
z 2 129 202 125
m129 168 2 202 125
B138 2 160 187
B147 2 175 134
z 2 147 175 134
m147 32 2 175 134
z 2 147 175 134
m147 70 2 175 134
B155 2 145 32
B164 2 199 54
B5 2 236 207
B8 2 17 72
B32 2 223 133
B37 2 234 236
B38 2 197 247
B47 2 197 72
B65 2 199 199
B69 2 3 54
B70 2 208 127
B81 2 8 21
B90 2 228 258
z 2 90 228 258
m90 89 2 228 258
B131 2 250 172
z 2 131 250 172
m131 11 2 250 172
B140 2 235 59
z 2 140 235 59
m140 55 2 235 59
z 2 140 235 59
m140 156 2 235 59
B141 2 9 16
B143 2 267 117
z 2 143 267 117
m143 92 2 267 117
B158 2 217 206
z 2 158 217 206
m158 89 2 217 206
B168 2 236 109
B169 2 197 208
B178 2 233 214
z 2 178 233 214
m178 89 2 233 214
B11 2 331 216
B55 2 265 6
B89 2 306 244
z 2 89 306 244
m89 42 2 306 244
z 2 89 306 244
m89 88 2 306 244
z 2 89 306 244
m89 174 2 306 244
z 2 89 306 244
m89 175 2 306 244
B92 2 297 56
z 2 92 297 56
m92 22 2 297 56
z 2 92 297 56
m92 56 2 297 56
z 2 92 297 56
m92 79 2 297 56
z 2 92 297 56
m92 99 2 297 56
z 2 92 297 56
m92 151 2 297 56
B156 2 230 3
B22 2 384 36
z 2 22 384 36
m22 36 2 384 36
z 2 22 384 36
m22 106 2 384 36
z 2 22 384 36
m22 120 2 384 36
z 2 22 384 36
m22 176 2 384 36
B42 2 300 226
B56 2 313 48
B79 2 346 46
z 2 79 346 46
m79 36 2 346 46
z 2 79 346 46
m79 120 2 346 46
z 2 79 346 46
m79 176 2 346 46
B88 2 311 276
z 2 88 311 276
m88 121 2 311 276
B99 2 272 14
B151 2 312 15
B174 2 314 204
B175 2 271 303
B36 2 416 61
z 2 36 416 61
m36 29 2 416 61
z 2 36 416 61
m36 34 2 416 61
z 2 36 416 61
m36 51 2 416 61
z 2 36 416 61
m36 61 2 416 61
z 2 36 416 61
m36 75 2 416 61
z 2 36 416 61
m36 78 2 416 61
z 2 36 416 61
m36 97 2 416 61
z 2 36 416 61
m36 136 2 416 61
B106 2 438 23
B120 2 378 14
B121 2 362 280
B176 2 410 50
z 2 176 410 50
m176 34 2 410 50
z 2 176 410 50
m176 75 2 410 50
z 2 176 410 50
m176 78 2 410 50
z 2 176 410 50
m176 97 2 410 50
B29 2 465 46
z 2 29 465 46
m29 9 2 465 46
z 2 29 465 46
m29 60 2 465 46
z 2 29 465 46
m29 74 2 465 46
z 2 29 465 46
m29 83 2 465 46
z 2 29 465 46
m29 119 2 465 46
B34 2 446 33
z 2 34 446 33
m34 9 2 446 33
z 2 34 446 33
m34 74 2 446 33
z 2 34 446 33
m34 83 2 446 33
B51 2 472 111
z 2 51 472 111
m51 6 2 472 111
z 2 51 472 111
m51 60 2 472 111
z 2 51 472 111
m51 119 2 472 111
z 2 51 472 111
m51 145 2 472 111
B61 2 420 142
B75 2 445 5
z 2 75 445 5
m75 9 2 445 5
z 2 75 445 5
m75 74 2 445 5
z 2 75 445 5
m75 83 2 445 5
B78 2 481 71
z 2 78 481 71
m78 9 2 481 71
z 2 78 481 71
m78 74 2 481 71
z 2 78 481 71
m78 83 2 481 71
z 2 78 481 71
m78 119 2 481 71
B97 2 486 57
z 2 97 486 57
m97 9 2 486 57
z 2 97 486 57
m97 60 2 486 57
z 2 97 486 57
m97 74 2 486 57
z 2 97 486 57
m97 83 2 486 57
z 2 97 486 57
m97 119 2 486 57
B136 2 389 126
B6 2 475 193
z 2 6 475 193
m6 23 2 475 193
z 2 6 475 193
m6 77 2 475 193
z 2 6 475 193
m6 104 2 475 193
z 2 6 475 193
m6 115 2 475 193
z 2 6 475 193
m6 134 2 475 193
z 2 6 475 193
m6 135 2 475 193
B9 2 460 23
B60 2 499 107
B74 2 464 34
B83 2 460 5
B119 2 453 103
B145 2 490 177
z 2 145 490 177
m145 23 2 490 177
z 2 145 490 177
m145 77 2 490 177
z 2 145 490 177
m145 104 2 490 177
z 2 145 490 177
m145 115 2 490 177
z 2 145 490 177
m145 135 2 490 177
B23 2 459 234
z 2 23 459 234
m23 62 2 459 234
z 2 23 459 234
m23 157 2 459 234
B77 2 439 179
B104 2 438 154
B115 2 437 180
B134 2 451 244
B135 2 488 159
