25 279 442 293
s 0 169 301 260 0
s 1 455 44 154 0
s 2 19 440 338 0
s 3 266 368 127 0
s 4 288 351 153 0
s 5 367 241 85 0
s 6 255 65 125 0
s 7 281 374 110 0
s 8 148 138 242 0
s 9 121 257 359 0
s 10 395 265 350 0
s 11 83 27 280 0
s 12 68 111 191 0
s 13 324 253 288 0
s 14 133 443 115 0
s 15 288 159 245 0
s 16 99 101 343 0
s 17 189 144 50 0
s 18 240 61 222 0
s 19 477 392 321 0
s 20 84 224 74 0
s 21 385 232 273 0
s 22 315 279 265 0
s 23 442 293 169 0
s 24 411 215 246 0
s 25 383 119 99 0
s 26 432 366 200 0
s 27 272 491 261 0
s 28 480 474 144 0
s 29 291 474 49 0
s 30 490 87 259 0
s 31 253 452 108 0
s 32 84 200 15 0
s 33 111 404 324 0
s 34 465 499 330 0
s 35 450 235 35 0
s 36 84 49 22 0
s 37 321 417 57 0
s 38 422 41 352 0
s 39 164 488 135 0
s 40 52 198 247 0
s 41 486 199 271 0
s 42 123 428 153 0
s 43 182 190 87 0
s 44 310 100 185 0
s 45 416 297 132 0
s 46 306 116 172 0
s 47 426 133 124 0
s 48 179 491 347 0
s 49 13 113 325 0
s 50 298 74 170 0
s 51 186 21 34 0
s 52 133 464 222 0
s 53 155 53 203 0
s 54 450 218 238 0
s 55 112 126 68 0
s 56 491 61 72 0
s 57 357 134 359 0
s 58 67 169 36 0
s 59 100 399 236 0
s 60 272 407 37 0
s 61 76 334 136 0
s 62 429 449 82 0
s 63 42 136 49 0
s 64 379 405 116 0
s 65 224 40 207 0
s 66 259 388 130 0
s 67 178 305 63 0
s 68 354 415 65 0
s 69 412 59 299 0
s 70 37 316 135 0
s 71 2 463 132 0
s 72 76 197 166 0
s 73 26 253 207 0
s 74 391 105 148 0
s 75 275 286 198 0
s 76 458 138 336 0
s 77 1 117 78 0
s 78 451 279 129 0
s 79 250 140 311 0
s 80 401 467 121 0
s 81 110 305 304 0
s 82 455 244 199 0
s 83 166 335 209 0
s 84 67 273 297 0
s 85 184 412 83 0
s 86 169 181 119 0
s 87 453 169 227 0
s 88 319 148 124 0
s 89 459 174 276 0
s 90 169 329 239 0
s 91 410 204 354 0
s 92 54 245 175 0
s 93 204 86 244 0
s 94 390 223 6 0
s 95 306 263 153 0
s 96 60 391 124 0
s 97 418 393 28 0
s 98 444 460 259 0
s 99 67 69 347 0
s 100 498 190 258 0
s 101 164 389 193 0
s 102 150 275 314 0
s 103 206 81 36 0
s 104 99 262 350 0
s 105 88 442 33 0
s 106 414 51 176 0
s 107 215 114 164 0
s 108 214 399 142 0
s 109 309 271 316 0
s 110 127 420 227 0
s 111 4 69 68 0
s 112 487 478 57 0
s 113 189 91 349 0
s 114 38 327 203 0
s 115 335 193 184 0
s 116 13 436 33 0
s 117 449 404 88 0
s 118 189 291 340 0
s 119 448 154 244 0
s 120 88 22 153 0
s 121 299 439 50 0
s 122 378 157 75 0
s 123 255 389 256 0
s 124 353 354 80 0
s 125 20 470 229 0
s 126 338 339 189 0
s 127 86 145 228 0
s 128 453 68 269 0
s 129 4 71 1 0
s 130 293 461 52 0
s 131 482 391 357 0
s 132 140 478 97 0
s 133 365 187 52 0
s 134 372 341 90 0
s 135 2 349 79 0
s 136 150 296 297 0
s 137 126 333 276 0
s 138 422 39 140 0
s 139 343 239 241 0
s 140 84 419 34 0
s 141 479 127 72 0
s 142 184 41 296 0
s 143 394 492 349 0
s 144 25 279 60 0
s 145 312 389 171 0
s 146 440 291 120 0
s 147 34 120 126 0
s 148 124 42 79 0
s 149 50 68 10 0
s 150 254 476 94 0
s 151 128 212 136 0
s 152 456 267 9 0
s 153 399 316 138 0
s 154 198 436 319 0
s 155 237 17 196 0
s 156 74 299 7 0
s 157 276 193 107 0
s 158 5 142 57 0
s 159 11 472 282 0
s 160 331 308 17 0
s 161 89 143 32 0
s 162 6 447 269 0
s 163 156 131 294 0
s 164 263 411 311 0
s 165 68 99 5 0
s 166 337 285 221 0
s 167 185 388 173 0
s 168 71 282 198 0
s 169 98 361 96 0
s 170 394 52 159 0
s 171 386 147 309 0
s 172 53 42 92 0
s 173 342 205 289 0
s 174 256 238 194 0
s 175 129 84 321 0
s 176 160 24 304 0
s 177 69 30 42 0
s 178 374 287 181 0
s 179 205 495 50 0
s 180 280 215 228 0
s 181 277 270 113 0
s 182 161 328 12 0
s 183 404 328 144 0
s 184 267 377 276 0
s 185 157 276 314 0
s 186 294 181 130 0
s 187 470 437 32 0
s 188 234 351 116 0
s 189 488 334 158 0
s 190 455 31 32 0
s 191 411 290 44 0
s 192 166 104 278 0
s 193 320 69 31 0
s 194 32 316 77 0
s 195 445 385 271 0
s 196 478 447 131 0
s 197 226 80 298 0
s 198 290 146 277 0
s 199 19 437 326 0
s 200 296 225 157 0
s 201 485 285 301 0
s 202 405 105 155 0
s 203 492 13 232 0
s 204 386 3 252 0
s 205 337 154 303 0
s 206 378 411 112 0
s 207 89 164 296 0
s 208 409 484 127 0
s 209 381 234 307 0
s 210 263 251 50 0
s 211 205 350 23 0
s 212 424 476 71 0
s 213 308 195 141 0
s 214 407 98 197 0
s 215 16 408 315 0
s 216 396 256 40 0
s 217 427 390 316 0
s 218 399 13 334 0
s 219 171 130 243 0
B144 0 26 280
z 0 144 26 280
m144 61 0 26 280
z 0 144 26 280
m144 70 0 26 280
z 0 144 26 280
m144 73 0 26 280
z 0 144 26 280
m144 84 0 26 280
z 0 144 26 280
m144 92 0 26 280
z 0 144 26 280
m144 114 0 26 280
z 0 144 26 280
m144 135 0 26 280
z 0 144 26 280
m144 156 0 26 280
z 0 144 26 280
m144 168 0 26 280
z 0 144 26 280
m144 194 0 26 280
B144 1 26 280
z 1 144 26 280
m144 61 1 26 280
z 1 144 26 280
m144 70 1 26 280
z 1 144 26 280
m144 73 1 26 280
z 1 144 26 280
m144 84 1 26 280
z 1 144 26 280
m144 92 1 26 280
z 1 144 26 280
m144 114 1 26 280
z 1 144 26 280
m144 135 1 26 280
z 1 144 26 280
m144 156 1 26 280
z 1 144 26 280
m144 168 1 26 280
z 1 144 26 280
m144 194 1 26 280
B144 2 26 280
z 2 144 26 280
m144 61 2 26 280
z 2 144 26 280
m144 70 2 26 280
z 2 144 26 280
m144 73 2 26 280
z 2 144 26 280
m144 84 2 26 280
z 2 144 26 280
m144 92 2 26 280
z 2 144 26 280
m144 114 2 26 280
z 2 144 26 280
m144 135 2 26 280
z 2 144 26 280
m144 156 2 26 280
z 2 144 26 280
m144 168 2 26 280
z 2 144 26 280
m144 194 2 26 280
B144 3 26 280
z 3 144 26 280
m144 61 3 10.0 100.0 1.0
z 3 144 26 280
m144 70 3 10.0 100.0 1.0
z 3 144 26 280
m144 73 3 10.0 100.0 1.0
z 3 144 26 280
m144 84 3 10.0 100.0 1.0
z 3 144 26 280
m144 92 3 10.0 100.0 1.0
z 3 144 26 280
m144 114 3 10.0 100.0 1.0
z 3 144 26 280
m144 135 3 10.0 100.0 1.0
z 3 144 26 280
m144 156 3 10.0 100.0 1.0
z 3 144 26 280
m144 168 3 10.0 100.0 1.0
z 3 144 26 280
m144 194 3 10.0 100.0 1.0
B61 0 73 336
z 0 61 73 336
m61 59 0 73 336
z 0 61 73 336
m61 81 0 73 336
z 0 61 73 336
m61 96 0 73 336
z 0 61 73 336
m61 137 0 73 336
z 0 61 73 336
m61 169 0 73 336
B61 1 73 336
z 1 61 73 336
m61 59 1 73 336
z 1 61 73 336
m61 81 1 73 336
z 1 61 73 336
m61 96 1 73 336
z 1 61 73 336
m61 137 1 73 336
z 1 61 73 336
m61 169 1 73 336
B61 2 73 336
z 2 61 73 336
m61 59 2 73 336
z 2 61 73 336
m61 81 2 73 336
z 2 61 73 336
m61 96 2 73 336
z 2 61 73 336
m61 137 2 73 336
z 2 61 73 336
m61 169 2 73 336
B61 3 73 336
z 3 61 73 336
m61 59 3 8.333333333333334 75.0 1.0
z 3 61 73 336
m61 81 3 8.333333333333334 75.0 1.0
z 3 61 73 336
m61 96 3 8.333333333333334 75.0 1.0
z 3 61 73 336
m61 137 3 8.333333333333334 75.0 1.0
z 3 61 73 336
m61 169 3 8.333333333333334 75.0 1.0
B70 0 35 318
B70 1 35 318
B70 2 35 318
B70 3 35 318
B73 0 23 251
z 0 73 23 251
m73 20 0 23 251
z 0 73 23 251
m73 40 0 23 251
z 0 73 23 251
m73 72 0 23 251
B73 1 23 251
B73 2 23 251
z 2 73 23 251
m73 20 2 23 251
z 2 73 23 251
m73 40 2 23 251
z 2 73 23 251
m73 72 2 23 251
B73 3 23 251
z 3 73 23 251
m73 72 3 7.666666666666667 69.66666666666667 0.8019323671497585
z 3 73 23 251
m73 20 3 7.666666666666667 69.66666666666667 0.8019323671497585
z 3 73 23 251
m73 40 3 7.666666666666667 69.66666666666667 0.8019323671497585
B84 0 68 271
z 0 84 68 271
m84 9 0 68 271
z 0 84 68 271
m84 32 0 68 271
z 0 84 68 271
m84 104 0 68 271
B84 1 68 271
z 1 84 68 271
m84 9 1 68 271
z 1 84 68 271
m84 20 1 68 271
z 1 84 68 271
m84 32 1 68 271
z 1 84 68 271
m84 72 1 68 271
z 1 84 68 271
m84 104 1 68 271
B84 2 68 271
z 2 84 68 271
m84 9 2 68 271
z 2 84 68 271
m84 32 2 68 271
z 2 84 68 271
m84 104 2 68 271
B84 3 68 271
z 3 84 68 271
m84 32 3 7.666666666666667 69.66666666666667 0.8019323671497585
z 3 84 68 271
m84 9 3 7.666666666666667 69.66666666666667 0.8019323671497585
z 3 84 68 271
m84 104 3 7.666666666666667 69.66666666666667 0.8019323671497585
B92 0 51 245
B92 1 51 245
z 1 92 51 245
m92 40 1 51 245
B92 2 51 245
B92 3 51 245
B114 0 35 326
B114 1 35 326
B114 2 35 326
B114 3 35 326
B135 0 2 352
z 0 135 2 352
m135 215 0 2 352
B135 1 2 352
z 1 135 2 352
m135 215 1 2 352
B135 2 2 352
z 2 135 2 352
m135 215 2 2 352
B135 3 2 352
z 3 135 2 352
m135 215 3 7.0 67.0 1.0
B156 0 77 299
z 0 156 77 299
m156 136 0 77 299
B156 1 77 299
z 1 156 77 299
m156 136 1 77 299
B156 2 77 299
z 2 156 77 299
m156 136 2 77 299
B156 3 77 299
z 3 156 77 299
m156 136 3 7.0 67.0 1.0
B168 0 68 281
B168 1 68 281
B168 2 68 281
B168 3 68 281
B194 0 33 319
B194 1 33 319
B194 2 33 319
B194 3 33 319
B9 0 125 257
z 0 9 125 257
m9 0 0 125 257
z 0 9 125 257
m9 102 0 125 257
z 0 9 125 257
m9 151 0 125 257
z 0 9 125 257
m9 185 0 125 257
B9 1 125 257
B9 2 125 257
B9 3 125 257
z 3 9 125 257
m9 0 3 6.75 56.25 1.0
z 3 9 125 257
m9 102 3 6.75 56.25 1.0
z 3 9 125 257
m9 151 3 6.75 56.25 1.0
z 3 9 125 257
m9 185 3 6.75 56.25 1.0
B20 0 85 228
z 0 20 85 228
m20 58 0 85 228
z 0 20 85 228
m20 207 0 85 228
B20 1 85 228
z 1 20 85 228
m20 58 1 85 228
z 1 20 85 228
m20 151 1 85 228
z 1 20 85 228
m20 207 1 85 228
B20 2 85 228
B20 3 85 228
B32 0 88 201
z 0 32 88 201
m32 127 0 88 201
z 0 32 88 201
m32 161 0 88 201
B32 1 88 201
z 1 32 88 201
m32 127 1 88 201
z 1 32 88 201
m32 161 1 88 201
B32 2 88 201
z 2 32 88 201
m32 58 2 88 201
z 2 32 88 201
m32 127 2 88 201
z 2 32 88 201
m32 151 2 88 201
z 2 32 88 201
m32 161 2 88 201
z 2 32 88 201
m32 207 2 88 201
B32 3 88 201
z 3 32 88 201
m32 58 3 6.75 56.25 1.0
z 3 32 88 201
m32 127 3 6.75 56.25 1.0
z 3 32 88 201
m32 161 3 6.75 56.25 1.0
z 3 32 88 201
m32 207 3 6.75 56.25 1.0
B40 0 51 194
z 0 40 51 194
m40 63 0 51 194
z 0 40 51 194
m40 147 0 51 194
z 0 40 51 194
m40 158 0 51 194
B40 1 51 194
z 1 40 51 194
m40 63 1 51 194
z 1 40 51 194
m40 147 1 51 194
z 1 40 51 194
m40 158 1 51 194
B40 2 51 194
B40 3 51 194
z 3 40 51 194
m40 147 3 6.5 54.5 0.8715790987880749
z 3 40 51 194
m40 158 3 6.5 54.5 0.8715790987880749
z 3 40 51 194
m40 63 3 6.5 54.5 0.8715790987880749
B59 0 98 396
z 0 59 98 396
m59 14 0 98 396
z 0 59 98 396
m59 33 0 98 396
z 0 59 98 396
m59 42 0 98 396
z 0 59 98 396
m59 52 0 98 396
z 0 59 98 396
m59 101 0 98 396
z 0 59 98 396
m59 105 0 98 396
z 0 59 98 396
m59 110 0 98 396
z 0 59 98 396
m59 140 0 98 396
B59 1 98 396
z 1 59 98 396
m59 14 1 98 396
z 1 59 98 396
m59 33 1 98 396
z 1 59 98 396
m59 42 1 98 396
z 1 59 98 396
m59 52 1 98 396
z 1 59 98 396
m59 101 1 98 396
z 1 59 98 396
m59 105 1 98 396
z 1 59 98 396
m59 110 1 98 396
z 1 59 98 396
m59 140 1 98 396
B59 2 98 396
z 2 59 98 396
m59 14 2 98 396
z 2 59 98 396
m59 33 2 98 396
z 2 59 98 396
m59 42 2 98 396
z 2 59 98 396
m59 52 2 98 396
z 2 59 98 396
m59 101 2 98 396
z 2 59 98 396
m59 105 2 98 396
z 2 59 98 396
m59 110 2 98 396
z 2 59 98 396
m59 140 2 98 396
B59 3 98 396
z 3 59 98 396
m59 14 3 8.25 72.25 1.0
z 3 59 98 396
m59 33 3 8.25 72.25 1.0
z 3 59 98 396
m59 42 3 8.25 72.25 1.0
z 3 59 98 396
m59 52 3 8.25 72.25 1.0
z 3 59 98 396
m59 101 3 8.25 72.25 1.0
z 3 59 98 396
m59 105 3 8.25 72.25 1.0
z 3 59 98 396
m59 110 3 8.25 72.25 1.0
z 3 59 98 396
m59 140 3 8.25 72.25 1.0
B72 0 73 198
B72 1 73 198
B72 2 73 198
B72 3 73 198
B81 0 112 301
z 0 81 112 301
m81 67 0 112 301
z 0 81 112 301
m81 83 0 112 301
z 0 81 112 301
m81 90 0 112 301
z 0 81 112 301
m81 182 0 112 301
B81 1 112 301
z 1 81 112 301
m81 0 1 112 301
z 1 81 112 301
m81 67 1 112 301
z 1 81 112 301
m81 83 1 112 301
z 1 81 112 301
m81 90 1 112 301
z 1 81 112 301
m81 102 1 112 301
z 1 81 112 301
m81 182 1 112 301
z 1 81 112 301
m81 185 1 112 301
B81 2 112 301
z 2 81 112 301
m81 0 2 112 301
z 2 81 112 301
m81 67 2 112 301
z 2 81 112 301
m81 83 2 112 301
z 2 81 112 301
m81 90 2 112 301
z 2 81 112 301
m81 102 2 112 301
z 2 81 112 301
m81 182 2 112 301
z 2 81 112 301
m81 185 2 112 301
B81 3 112 301
z 3 81 112 301
m81 67 3 7.25 60.25 0.857758620689655
z 3 81 112 301
m81 90 3 7.25 60.25 0.857758620689655
z 3 81 112 301
m81 182 3 7.25 60.25 0.857758620689655
z 3 81 112 301
m81 83 3 7.25 60.25 0.857758620689655
B96 0 57 394
z 0 96 57 394
m96 2 0 57 394
z 0 96 57 394
m96 116 0 57 394
z 0 96 57 394
m96 162 0 57 394
z 0 96 57 394
m96 199 0 57 394
B96 1 57 394
z 1 96 57 394
m96 2 1 57 394
z 1 96 57 394
m96 116 1 57 394
z 1 96 57 394
m96 162 1 57 394
z 1 96 57 394
m96 199 1 57 394
B96 2 57 394
z 2 96 57 394
m96 2 2 57 394
z 2 96 57 394
m96 116 2 57 394
z 2 96 57 394
m96 162 2 57 394
z 2 96 57 394
m96 199 2 57 394
B96 3 57 394
z 3 96 57 394
m96 162 3 7.25 60.25 0.857758620689655
z 3 96 57 394
m96 116 3 7.25 60.25 0.857758620689655
z 3 96 57 394
m96 2 3 7.25 60.25 0.857758620689655
z 3 96 57 394
m96 199 3 7.25 60.25 0.857758620689655
B104 0 103 261
B104 1 103 261
B104 2 103 261
B104 3 103 261
B136 0 152 292
z 0 136 152 292
m136 118 0 152 292
B136 1 152 292
z 1 136 152 292
m136 118 1 152 292
B136 2 152 292
B136 3 152 292
z 3 136 152 292
m136 118 3 5.5 50.5 1.0
B137 0 126 329
B137 1 126 329
B137 2 126 329
B137 3 126 329
B169 0 97 365
B169 1 97 365
B169 2 97 365
B169 3 97 365
B215 0 19 405
z 0 215 19 405
m215 71 0 19 405
z 0 215 19 405
m215 125 0 19 405
z 0 215 19 405
m215 159 0 19 405
B215 1 19 405
z 1 215 19 405
m215 71 1 19 405
z 1 215 19 405
m215 125 1 19 405
z 1 215 19 405
m215 159 1 19 405
B215 2 19 405
z 2 215 19 405
m215 71 2 19 405
z 2 215 19 405
m215 125 2 19 405
z 2 215 19 405
m215 159 2 19 405
B215 3 19 405
z 3 215 19 405
m215 71 3 6.0 52.5 1.0
z 3 215 19 405
m215 125 3 6.0 52.5 1.0
z 3 215 19 405
m215 159 3 6.0 52.5 1.0
B0 0 168 296
z 0 0 168 296
m0 211 0 168 296
B0 1 168 296
z 1 0 168 296
m0 211 1 168 296
B0 2 168 296
B0 3 168 296
z 3 0 168 296
m0 211 3 5.6000000000000005 45.2 1.0
B2 0 24 438
B2 1 24 438
B2 2 24 438
B2 3 24 438
B14 0 131 447
z 0 14 131 447
m14 39 0 131 447
z 0 14 131 447
m14 48 0 131 447
z 0 14 131 447
m14 85 0 131 447
z 0 14 131 447
m14 132 0 131 447
z 0 14 131 447
m14 154 0 131 447
B14 1 131 447
z 1 14 131 447
m14 39 1 131 447
z 1 14 131 447
m14 48 1 131 447
z 1 14 131 447
m14 85 1 131 447
z 1 14 131 447
m14 132 1 131 447
z 1 14 131 447
m14 154 1 131 447
B14 2 131 447
z 2 14 131 447
m14 39 2 131 447
z 2 14 131 447
m14 48 2 131 447
z 2 14 131 447
m14 85 2 131 447
z 2 14 131 447
m14 132 2 131 447
z 2 14 131 447
m14 154 2 131 447
B14 3 131 447
z 3 14 131 447
m14 154 3 7.6 62.8 0.5019736842105265
z 3 14 131 447
m14 48 3 7.6 62.8 0.5019736842105265
z 3 14 131 447
m14 85 3 7.6 62.8 0.5019736842105265
z 3 14 131 447
m14 39 3 7.6 62.8 0.5019736842105265
B33 0 115 402
z 0 33 115 402
m33 167 0 115 402
B33 1 115 402
B33 2 115 402
z 2 33 115 402
m33 167 2 115 402
B33 3 115 402
z 3 33 115 402
m33 167 3 6.8 58.0 1.0
B42 0 118 430
B42 1 118 430
B42 2 118 430
B42 3 118 430
z 3 42 118 430
m42 132 3 6.8 58.0 1.0
B52 0 129 460
B52 1 129 460
B52 2 129 460
B52 3 129 460
B58 0 71 172
z 0 58 71 172
m58 12 0 71 172
z 0 58 71 172
m58 55 0 71 172
z 0 58 71 172
m58 165 0 71 172
B58 1 71 172
B58 2 71 172
z 2 58 71 172
m58 12 2 71 172
z 2 58 71 172
m58 55 2 71 172
z 2 58 71 172
m58 63 2 71 172
z 2 58 71 172
m58 147 2 71 172
z 2 58 71 172
m58 158 2 71 172
z 2 58 71 172
m58 165 2 71 172
B58 3 71 172
z 3 58 71 172
m58 165 3 6.0 46.8 0.7636363636363637
z 3 58 71 172
m58 12 3 6.0 46.8 0.7636363636363637
z 3 58 71 172
m58 55 3 6.0 46.8 0.7636363636363637
B63 0 45 140
z 0 63 45 140
m63 16 0 45 140
z 0 63 45 140
m63 49 0 45 140
z 0 63 45 140
m63 77 0 45 140
z 0 63 45 140
m63 149 0 45 140
B63 1 45 140
z 1 63 45 140
m63 12 1 45 140
z 1 63 45 140
m63 16 1 45 140
z 1 63 45 140
m63 49 1 45 140
z 1 63 45 140
m63 55 1 45 140
z 1 63 45 140
m63 77 1 45 140
z 1 63 45 140
m63 149 1 45 140
z 1 63 45 140
m63 165 1 45 140
B63 3 45 140
z 3 63 45 140
m63 16 3 6.0 46.800000000000004 1.0
z 3 63 45 140
m63 49 3 6.0 46.800000000000004 1.0
z 3 63 45 140
m63 77 3 6.0 46.800000000000004 1.0
z 3 63 45 140
m63 149 3 6.0 46.800000000000004 1.0
B67 0 180 310
z 0 67 180 310
m67 188 0 180 310
B67 1 180 310
z 1 67 180 310
m67 188 1 180 310
B67 2 180 310
z 2 67 180 310
m67 118 2 180 310
z 2 67 180 310
m67 188 2 180 310
z 2 67 180 310
m67 211 2 180 310
B67 3 180 310
z 3 67 180 310
m67 188 3 6.0 48.400000000000006 1.0
B71 0 3 467
B71 1 3 467
B71 2 3 467
B71 3 3 467
B83 0 161 333
B83 1 161 333
z 1 83 161 333
m83 167 1 161 333
B83 2 161 333
B83 3 161 333
B90 0 167 325
B90 1 167 325
B90 2 167 325
B90 3 167 325
B101 0 159 388
z 0 101 159 388
m101 108 0 159 388
B101 1 159 388
z 1 101 159 388
m101 108 1 159 388
B101 2 159 388
z 2 101 159 388
m101 108 2 159 388
B101 3 159 388
z 3 101 159 388
m101 108 3 6.8 58.0 1.0
B102 0 153 271
B102 1 153 271
B102 2 153 271
B102 3 153 271
B105 0 92 445
B105 1 92 445
B105 2 92 445
B105 3 92 445
B110 0 124 417
B110 1 124 417
B110 2 124 417
B110 3 124 417
B116 0 18 439
B116 1 18 439
B116 2 18 439
B116 3 18 439
B118 0 194 289
B118 1 194 289
B118 3 194 289
B125 0 16 466
B125 1 16 466
B125 2 16 466
B125 3 16 466
B127 0 82 142
z 0 127 82 142
m127 8 0 82 142
z 0 127 82 142
m127 99 0 82 142
B127 1 82 142
z 1 127 82 142
m127 8 1 82 142
z 1 127 82 142
m127 99 1 82 142
B127 2 82 142
B127 3 82 142
B140 0 88 422
B140 1 88 422
B140 2 88 422
B140 3 88 422
B147 0 31 125
z 0 147 31 125
m147 111 0 31 125
z 0 147 31 125
m147 129 0 31 125
B147 1 31 125
z 1 147 31 125
m147 111 1 31 125
z 1 147 31 125
m147 129 1 31 125
B147 3 31 125
z 3 147 31 125
m147 99 3 5.8 45.4 0.9373232118432098
z 3 147 31 125
m147 129 3 5.8 45.4 0.9373232118432098
z 3 147 31 125
m147 111 3 5.8 45.4 0.9373232118432098
B151 0 124 216
z 0 151 124 216
m151 43 0 124 216
z 0 151 124 216
m151 86 0 124 216
B151 1 124 216
B151 2 124 216
z 2 151 124 216
m151 43 2 124 216
z 2 151 124 216
m151 86 2 124 216
B151 3 124 216
B158 0 8 146
B158 1 8 146
B158 3 8 146
B159 0 12 467
B159 1 12 467
B159 2 12 467
B159 3 12 467
B161 0 93 146
z 0 161 93 146
m161 163 0 93 146
B161 1 93 146
z 1 161 93 146
m161 163 1 93 146
B161 2 93 146
B161 3 93 146
B162 0 6 442
B162 1 6 442
B162 2 6 442
B162 3 6 442
B182 0 166 329
B182 1 166 329
B182 2 166 329
B182 3 166 329
B185 0 161 273
B185 1 161 273
B185 2 161 273
B185 3 161 273
B199 0 23 435
B199 1 23 435
B199 2 23 435
B199 3 23 435
B207 0 91 160
B207 1 91 160
B207 2 91 160
B207 3 91 160
z 3 207 91 160
m207 8 3 5.6000000000000005 45.2 1.0
B8 0 145 133
z 0 8 145 133
m8 17 0 145 133
z 0 8 145 133
m8 107 0 145 133
z 0 8 145 133
m8 113 0 145 133
z 0 8 145 133
m8 175 0 145 133
z 0 8 145 133
m8 192 0 145 133
z 0 8 145 133
m8 219 0 145 133
B8 1 145 133
z 1 8 145 133
m8 17 1 145 133
z 1 8 145 133
m8 43 1 145 133
z 1 8 145 133
m8 86 1 145 133
z 1 8 145 133
m8 107 1 145 133
z 1 8 145 133
m8 113 1 145 133
z 1 8 145 133
m8 175 1 145 133
z 1 8 145 133
m8 192 1 145 133
z 1 8 145 133
m8 219 1 145 133
B8 3 145 133
z 3 8 145 133
m8 17 3 6.166666666666667 51.166666666666664 1.0
z 3 8 145 133
m8 43 3 6.166666666666667 51.166666666666664 1.0
z 3 8 145 133
m8 86 3 6.166666666666667 51.166666666666664 1.0
z 3 8 145 133
m8 107 3 6.166666666666667 51.166666666666664 1.0
z 3 8 145 133
m8 113 3 6.166666666666667 51.166666666666664 1.0
z 3 8 145 133
m8 163 3 6.166666666666667 51.166666666666664 1.0
z 3 8 145 133
m8 175 3 6.166666666666667 51.166666666666664 1.0
z 3 8 145 133
m8 192 3 6.166666666666667 51.166666666666664 1.0
z 3 8 145 133
m8 219 3 6.166666666666667 51.166666666666664 1.0
B12 0 62 110
z 0 12 62 110
m12 36 0 62 110
z 0 12 62 110
m12 172 0 62 110
B12 1 62 110
z 1 12 62 110
m12 36 1 62 110
z 1 12 62 110
m12 172 1 62 110
B12 2 62 110
B12 3 62 110
B16 0 104 100
z 0 16 104 100
m16 53 0 104 100
z 0 16 104 100
m16 148 0 104 100
z 0 16 104 100
m16 177 0 104 100
B16 1 104 100
z 1 16 104 100
m16 53 1 104 100
z 1 16 104 100
m16 148 1 104 100
z 1 16 104 100
m16 177 1 104 100
B16 3 104 100
z 3 16 104 100
m16 36 3 5.833333333333333 43.16666666666667 1.0
z 3 16 104 100
m16 53 3 5.833333333333333 43.16666666666667 1.0
z 3 16 104 100
m16 148 3 5.833333333333333 43.16666666666667 1.0
z 3 16 104 100
m16 172 3 5.833333333333333 43.16666666666667 1.0
z 3 16 104 100
m16 177 3 5.833333333333333 43.16666666666667 1.0
B39 0 160 493
z 0 39 160 493
m39 179 0 160 493
B39 1 160 493
z 1 39 160 493
m39 179 1 160 493
B39 2 160 493
B39 3 160 493
z 3 39 160 493
m39 179 3 6.5 52.5 1.0
B43 0 182 196
B43 2 182 196
z 2 43 182 196
m43 8 2 182 196
z 2 43 182 196
m43 17 2 182 196
z 2 43 182 196
m43 163 2 182 196
z 2 43 182 196
m43 219 2 182 196
B48 0 184 489
z 0 48 184 489
m48 31 0 184 489
z 0 48 184 489
m48 150 0 184 489
B48 1 184 489
z 1 48 184 489
m48 31 1 184 489
z 1 48 184 489
m48 150 1 184 489
B48 2 184 489
z 2 48 184 489
m48 31 2 184 489
z 2 48 184 489
m48 150 2 184 489
z 2 48 184 489
m48 179 2 184 489
B48 3 184 489
B49 0 18 109
B49 1 18 109
B49 3 18 109
B55 0 114 131
B55 1 114 131
B55 2 114 131
B55 3 114 131
B63 2 46 140
z 2 63 46 140
m63 16 2 46 140
z 2 63 46 140
m63 49 2 46 140
z 2 63 46 140
m63 77 2 46 140
z 2 63 46 140
m63 149 2 46 140
B77 0 2 123
B77 1 2 123
B77 3 2 123
B85 0 185 418
z 0 85 185 418
m85 66 0 185 418
B85 1 185 418
z 1 85 185 418
m85 66 1 185 418
B85 2 185 418
B85 3 185 418
z 3 85 185 418
m85 66 3 6.5 52.5 1.0
B86 0 166 186
B86 2 166 186
B99 0 73 68
z 0 99 73 68
m99 11 0 73 68
z 0 99 73 68
m99 120 0 73 68
B99 1 73 68
z 1 99 73 68
m99 11 1 73 68
z 1 99 73 68
m99 120 1 73 68
B99 3 73 68
z 3 99 73 68
m99 11 3 5.166666666666666 38.5 0.5460846864697487
B108 0 210 403
z 0 108 210 403
m108 3 0 210 403
z 0 108 210 403
m108 7 0 210 403
z 0 108 210 403
m108 60 0 210 403
z 0 108 210 403
m108 123 0 210 403
z 0 108 210 403
m108 164 0 210 403
z 0 108 210 403
m108 184 0 210 403
B108 1 210 403
z 1 108 210 403
m108 3 1 210 403
z 1 108 210 403
m108 7 1 210 403
z 1 108 210 403
m108 60 1 210 403
z 1 108 210 403
m108 123 1 210 403
z 1 108 210 403
m108 164 1 210 403
z 1 108 210 403
m108 184 1 210 403
B108 2 210 403
z 2 108 210 403
m108 3 2 210 403
z 2 108 210 403
m108 7 2 210 403
z 2 108 210 403
m108 60 2 210 403
z 2 108 210 403
m108 66 2 210 403
z 2 108 210 403
m108 123 2 210 403
z 2 108 210 403
m108 164 2 210 403
z 2 108 210 403
m108 184 2 210 403
B108 3 210 403
z 3 108 210 403
m108 3 3 6.833333333333334 56.5 1.0
z 3 108 210 403
m108 7 3 6.833333333333334 56.5 1.0
z 3 108 210 403
m108 31 3 6.833333333333334 56.5 1.0
z 3 108 210 403
m108 60 3 6.833333333333334 56.5 1.0
z 3 108 210 403
m108 123 3 6.833333333333334 56.5 1.0
z 3 108 210 403
m108 164 3 6.833333333333334 56.5 1.0
z 3 108 210 403
m108 184 3 6.833333333333334 56.5 1.0
B111 0 6 75
B111 1 6 75
B111 3 6 75
B118 2 194 289
B129 0 10 71
B129 1 10 71
B129 3 10 71
B132 0 139 484
B132 1 139 484
B132 2 139 484
B132 3 139 484
B147 2 30 125
B149 0 56 69
B149 1 56 69
B149 3 56 69
z 3 149 56 69
m149 120 3 5.166666666666667 39.16666666666667 1.0
B154 0 203 432
B154 1 203 432
B154 2 203 432
B154 3 203 432
z 3 154 203 432
m154 150 3 6.5 52.5 1.0
B158 2 9 147
z 2 158 9 147
m158 111 2 9 147
B163 0 159 126
z 0 163 159 126
m163 93 0 159 126
z 0 163 159 126
m163 103 0 159 126
B163 1 159 126
B165 0 74 99
B165 1 74 99
B165 2 74 99
z 2 165 74 99
m165 36 2 74 99
z 2 165 74 99
m165 99 2 74 99
z 2 165 74 99
m165 129 2 74 99
z 2 165 74 99
m165 148 2 74 99
z 2 165 74 99
m165 172 2 74 99
z 2 165 74 99
m165 175 2 74 99
z 2 165 74 99
m165 177 2 74 99
B165 3 74 99
B167 0 179 388
B167 1 179 388
B167 2 179 388
B167 3 179 388
B188 0 231 357
z 0 188 231 357
m188 4 0 231 357
B188 1 231 357
z 1 188 231 357
m188 4 1 231 357
B188 2 231 357
B188 3 231 357
z 3 188 231 357
m188 4 3 5.166666666666667 40.5 1.0
B211 0 210 353
B211 1 210 353
B211 2 210 353
z 2 211 210 353
m211 4 2 210 353
B211 3 210 353
B3 0 262 374
z 0 3 262 374
m3 145 0 262 374
B3 1 262 374
z 1 3 262 374
m3 145 1 262 374
B3 2 262 374
B3 3 262 374
z 3 3 262 374
m3 145 3 6.0 48.57142857142858 1.0
B4 0 281 354
z 0 4 281 354
m4 75 0 281 354
z 0 4 281 354
m4 124 0 281 354
z 0 4 281 354
m4 126 0 281 354
z 0 4 281 354
m4 160 0 281 354
B4 1 281 354
z 1 4 281 354
m4 75 1 281 354
z 1 4 281 354
m4 124 1 281 354
z 1 4 281 354
m4 126 1 281 354
z 1 4 281 354
m4 160 1 281 354
B4 2 281 354
B4 3 281 354
z 3 4 281 354
m4 75 3 5.0 37.0 1.0
z 3 4 281 354
m4 124 3 5.0 37.0 1.0
z 3 4 281 354
m4 126 3 5.0 37.0 1.0
z 3 4 281 354
m4 160 3 5.0 37.0 1.0
B7 0 278 381
z 0 7 278 381
m7 37 0 278 381
z 0 7 278 381
m7 121 0 278 381
B7 1 278 381
z 1 7 278 381
m7 37 1 278 381
z 1 7 278 381
m7 121 1 278 381
B7 2 278 381
z 2 7 278 381
m7 37 2 278 381
z 2 7 278 381
m7 121 2 278 381
z 2 7 278 381
m7 126 2 278 381
z 2 7 278 381
m7 145 2 278 381
B7 3 278 381
B8 2 145 132
B11 0 84 20
B11 1 84 20
B11 3 84 20
B16 2 105 99
B17 0 193 150
z 0 17 193 150
m17 79 0 193 150
B17 1 193 150
z 1 17 193 150
m17 79 1 193 150
z 1 17 193 150
m17 93 1 193 150
z 1 17 193 150
m17 103 1 193 150
B17 2 193 150
B17 3 193 150
B31 0 250 459
z 0 31 250 459
m31 27 0 250 459
z 0 31 250 459
m31 29 0 250 459
z 0 31 250 459
m31 130 0 250 459
B31 1 250 459
z 1 31 250 459
m31 27 1 250 459
z 1 31 250 459
m31 29 1 250 459
z 1 31 250 459
m31 130 1 250 459
B31 2 250 459
B31 3 250 459
z 3 31 250 459
m31 121 3 6.428571428571428 50.714285714285715 0.3413497390007454
z 3 31 250 459
m31 29 3 6.428571428571428 50.714285714285715 0.3413497390007454
B36 0 90 51
B36 1 90 51
B36 2 90 51
z 2 36 90 51
m36 11 2 90 51
z 2 36 90 51
m36 53 2 90 51
z 2 36 90 51
m36 120 2 90 51
B36 3 90 51
B43 1 182 197
B43 3 182 197
B49 2 19 109
B53 0 149 50
z 0 53 149 50
m53 51 0 149 50
z 0 53 149 50
m53 65 0 149 50
z 0 53 149 50
m53 142 0 149 50
z 0 53 149 50
m53 176 0 149 50
B53 1 149 50
z 1 53 149 50
m53 51 1 149 50
z 1 53 149 50
m53 65 1 149 50
z 1 53 149 50
m53 142 1 149 50
z 1 53 149 50
m53 176 1 149 50
B53 3 149 50
z 3 53 149 50
m53 51 3 5.857142857142857 42.142857142857146 1.0
z 3 53 149 50
m53 65 3 5.857142857142857 42.142857142857146 1.0
z 3 53 149 50
m53 93 3 5.857142857142857 42.142857142857146 1.0
z 3 53 149 50
m53 103 3 5.857142857142857 42.142857142857146 1.0
z 3 53 149 50
m53 142 3 5.857142857142857 42.142857142857146 1.0
z 3 53 149 50
m53 176 3 5.857142857142857 42.142857142857146 1.0
B60 0 278 412
B60 1 278 412
B60 2 278 412
z 2 60 278 412
m60 27 2 278 412
z 2 60 278 412
m60 29 2 278 412
z 2 60 278 412
m60 130 2 278 412
B60 3 278 412
B66 0 255 393
B66 1 255 393
B66 2 255 393
B66 3 255 393
B77 2 2 124
B86 1 166 187
B86 3 166 187
B93 0 201 79
z 0 93 201 79
m93 6 0 201 79
z 0 93 201 79
m93 18 0 201 79
z 0 93 201 79
m93 155 0 201 79
z 0 93 201 79
m93 197 0 201 79
B99 2 74 67
B103 0 212 85
B107 0 209 116
B107 1 209 116
B107 3 209 116
z 3 107 209 116
m107 18 3 5.857142857142857 46.14285714285714 0.0
B111 2 7 75
B113 0 196 89
B113 1 196 89
z 1 113 196 89
m113 6 1 196 89
z 1 113 196 89
m113 18 1 196 89
z 1 113 196 89
m113 197 1 196 89
B113 3 196 89
B120 0 82 25
B120 1 82 25
B120 3 82 25
B123 0 254 382
B123 1 254 382
B123 2 254 382
B123 3 254 382
B129 2 11 71
B148 0 125 49
B148 1 125 49
B148 2 125 49
z 2 148 125 49
m148 51 2 125 49
z 2 148 125 49
m148 142 2 125 49
z 2 148 125 49
m148 176 2 125 49
z 2 148 125 49
m148 192 2 125 49
B148 3 125 49
B149 2 57 70
B150 0 254 483
B150 1 254 483
B150 2 254 483
B150 3 254 483
z 3 150 254 483
m150 27 3 5.857142857142857 45.57142857142857 1.0
z 3 150 254 483
m150 130 3 5.857142857142857 45.57142857142857 1.0
B163 2 159 125
B163 3 159 125
B164 0 267 406
B164 1 267 406
B164 2 267 406
B164 3 267 406
z 3 164 267 406
m164 37 3 6.0 48.57142857142858 1.0
B172 0 53 49
B172 1 53 49
B172 2 53 49
B172 3 53 49
B175 0 134 80
B175 1 134 80
B175 2 134 80
B175 3 134 80
B177 0 75 34
B177 1 75 34
B177 2 75 34
B177 3 75 34
B179 0 207 496
B179 1 207 496
B179 2 207 496
B179 3 207 496
B184 0 267 370
B184 1 267 370
B184 2 267 370
B184 3 267 370
B192 0 167 97
B192 1 167 97
B192 3 167 97
z 3 192 167 97
m192 197 3 5.428571428571429 44.0 1.0
B219 0 168 123
B219 1 168 123
B219 2 168 123
B219 3 168 123
B6 0 251 72
z 0 6 251 72
m6 44 0 251 72
z 0 6 251 72
m6 46 0 251 72
z 0 6 251 72
m6 50 0 251 72
B6 1 251 72
z 1 6 251 72
m6 44 1 251 72
z 1 6 251 72
m6 46 1 251 72
z 1 6 251 72
m6 50 1 251 72
z 1 6 251 72
m6 155 1 251 72
B11 2 84 19
B18 0 234 56
B18 1 234 56
B18 3 234 56
B27 0 271 484
B27 1 271 484
B27 2 271 484
B27 3 271 484
B29 0 297 480
B29 1 297 480
B29 2 297 480
B29 3 297 480
B37 0 326 424
z 0 37 326 424
m37 64 0 326 424
z 0 37 326 424
m37 68 0 326 424
z 0 37 326 424
m37 206 0 326 424
B37 1 326 424
B37 2 326 424
B37 3 326 424
z 3 37 326 424
m37 64 3 5.625 43.62500000000001 1.0
z 3 37 326 424
m37 68 3 5.625 43.62500000000001 1.0
z 3 37 326 424
m37 206 3 5.625 43.62500000000001 1.0
B51 0 193 25
B51 1 193 25
B51 2 193 25
z 2 51 193 25
m51 6 2 193 25
z 2 51 193 25
m51 18 2 193 25
z 2 51 193 25
m51 65 2 193 25
z 2 51 193 25
m51 93 2 193 25
z 2 51 193 25
m51 103 2 193 25
z 2 51 193 25
m51 113 2 193 25
z 2 51 193 25
m51 155 2 193 25
z 2 51 193 25
m51 197 2 193 25
B51 3 193 25
B53 2 148 50
B65 0 216 37
B65 1 216 37
B65 3 216 37
B75 0 267 284
z 0 75 267 284
m75 13 0 267 284
z 0 75 267 284
m75 22 0 267 284
z 0 75 267 284
m75 95 0 267 284
z 0 75 267 284
m75 109 0 267 284
z 0 75 267 284
m75 166 0 267 284
z 0 75 267 284
m75 174 0 267 284
z 0 75 267 284
m75 180 0 267 284
z 0 75 267 284
m75 181 0 267 284
z 0 75 267 284
m75 200 0 267 284
z 0 75 267 284
m75 210 0 267 284
B75 1 267 284
z 1 75 267 284
m75 13 1 267 284
z 1 75 267 284
m75 22 1 267 284
z 1 75 267 284
m75 95 1 267 284
z 1 75 267 284
m75 109 1 267 284
z 1 75 267 284
m75 166 1 267 284
z 1 75 267 284
m75 174 1 267 284
z 1 75 267 284
m75 180 1 267 284
z 1 75 267 284
m75 181 1 267 284
z 1 75 267 284
m75 200 1 267 284
z 1 75 267 284
m75 210 1 267 284
B75 3 267 284
z 3 75 267 284
m75 13 3 5.625 44.875 1.0
z 3 75 267 284
m75 22 3 5.625 44.875 1.0
z 3 75 267 284
m75 95 3 5.625 44.875 1.0
z 3 75 267 284
m75 109 3 5.625 44.875 1.0
z 3 75 267 284
m75 166 3 5.625 44.875 1.0
z 3 75 267 284
m75 174 3 5.625 44.875 1.0
z 3 75 267 284
m75 180 3 5.625 44.875 1.0
z 3 75 267 284
m75 181 3 5.625 44.875 1.0
z 3 75 267 284
m75 200 3 5.625 44.875 1.0
z 3 75 267 284
m75 210 3 5.625 44.875 1.0
B79 0 255 134
z 0 79 255 134
m79 15 0 255 134
z 0 79 255 134
m79 88 0 255 134
z 0 79 255 134
m79 157 0 255 134
z 0 79 255 134
m79 186 0 255 134
z 0 79 255 134
m79 198 0 255 134
B79 1 255 134
z 1 79 255 134
m79 15 1 255 134
z 1 79 255 134
m79 88 1 255 134
z 1 79 255 134
m79 157 1 255 134
z 1 79 255 134
m79 186 1 255 134
z 1 79 255 134
m79 198 1 255 134
B93 1 200 79
B93 3 200 79
B103 1 213 86
B103 3 213 86
B120 2 81 25
B121 0 304 445
B121 1 304 445
z 1 121 304 445
m121 68 1 304 445
B121 2 304 445
z 2 121 304 445
m121 68 2 304 445
B121 3 304 445
B124 0 354 362
z 0 124 354 362
m124 26 0 354 362
z 0 124 354 362
m124 134 0 354 362
z 0 124 354 362
m124 153 0 354 362
z 0 124 354 362
m124 183 0 354 362
B124 1 354 362
z 1 124 354 362
m124 26 1 354 362
z 1 124 354 362
m124 64 1 354 362
z 1 124 354 362
m124 134 1 354 362
z 1 124 354 362
m124 153 1 354 362
z 1 124 354 362
m124 183 1 354 362
z 1 124 354 362
m124 206 1 354 362
B124 3 354 362
z 3 124 354 362
m124 26 3 4.875 34.375 1.0
z 3 124 354 362
m124 134 3 4.875 34.375 1.0
z 3 124 354 362
m124 153 3 4.875 34.375 1.0
z 3 124 354 362
m124 183 3 4.875 34.375 1.0
B126 0 330 338
z 0 126 330 338
m126 178 0 330 338
B126 1 330 338
z 1 126 330 338
m126 178 1 330 338
B126 2 330 338
B126 3 330 338
z 3 126 330 338
m126 178 3 4.5 32.5 1.0
B130 0 298 467
B130 1 298 467
B130 2 298 467
B130 3 298 467
B142 0 188 34
B142 1 188 34
B142 2 188 34
B142 3 188 34
B145 0 304 391
B145 1 304 391
B145 2 304 391
z 2 145 304 391
m145 64 2 304 391
z 2 145 304 391
m145 124 2 304 391
B145 3 304 391
B155 0 230 14
B160 0 339 311
z 0 160 339 311
m160 5 0 339 311
z 0 160 339 311
m160 45 0 339 311
B160 1 339 311
B160 3 339 311
B176 0 165 17
B176 1 165 17
B176 2 165 17
B176 3 165 17
z 3 176 165 17
m176 155 3 5.25 37.0 1.0
B192 2 167 96
B197 0 230 73
B197 1 230 73
B197 3 230 73
z 3 197 230 73
m197 6 3 5.125 39.625 1.0
z 3 197 230 73
m197 50 3 5.125 39.625 1.0
z 3 197 230 73
m197 79 3 5.125 39.625 1.0
B5 0 368 250
z 0 5 368 250
m5 10 0 368 250
z 0 5 368 250
m5 21 0 368 250
z 0 5 368 250
m5 24 0 368 250
z 0 5 368 250
m5 91 0 368 250
z 0 5 368 250
m5 94 0 368 250
z 0 5 368 250
m5 115 0 368 250
z 0 5 368 250
m5 133 0 368 250
z 0 5 368 250
m5 139 0 368 250
z 0 5 368 250
m5 173 0 368 250
z 0 5 368 250
m5 191 0 368 250
z 0 5 368 250
m5 209 0 368 250
z 0 5 368 250
m5 216 0 368 250
B6 2 250 73
z 2 6 250 73
m6 44 2 250 73
z 2 6 250 73
m6 46 2 250 73
z 2 6 250 73
m6 50 2 250 73
z 2 6 250 73
m6 79 2 250 73
z 2 6 250 73
m6 107 2 250 73
B6 3 250 73
z 3 6 250 73
m6 46 3 4.777777777777778 35.666666666666664 0.5594034378159758
B13 0 327 245
z 0 13 327 245
m13 213 0 327 245
B13 1 327 245
B13 3 327 245
z 3 13 327 245
m13 186 3 6.111111111111111 51.0 0.9473074696004633
z 3 13 327 245
m13 157 3 6.111111111111111 51.0 0.9473074696004633
z 3 13 327 245
m13 133 3 6.111111111111111 51.0 0.9473074696004633
z 3 13 327 245
m13 21 3 6.111111111111111 51.0 0.9473074696004633
z 3 13 327 245
m13 209 3 6.111111111111111 51.0 0.9473074696004633
z 3 13 327 245
m13 115 3 6.111111111111111 51.0 0.9473074696004633
z 3 13 327 245
m13 213 3 6.111111111111111 51.0 0.9473074696004633
z 3 13 327 245
m13 173 3 6.111111111111111 51.0 0.9473074696004633
z 3 13 327 245
m13 5 3 6.111111111111111 51.0 0.9473074696004633
z 3 13 327 245
m13 139 3 6.111111111111111 51.0 0.9473074696004633
B15 0 284 151
z 0 15 284 151
m15 205 0 284 151
B15 1 284 151
z 1 15 284 151
m15 115 1 284 151
z 1 15 284 151
m15 205 1 284 151
z 1 15 284 151
m15 213 1 284 151
B18 2 233 55
B22 0 314 270
B22 1 314 270
z 1 22 314 270
m22 5 1 314 270
z 1 22 314 270
m22 139 1 314 270
B22 3 314 270
B26 0 424 362
z 0 26 424 362
m26 23 0 424 362
B26 1 424 362
z 1 26 424 362
m26 23 1 424 362
B26 3 424 362
z 3 26 424 362
m26 23 3 4.875 34.375 -1.0
B44 0 301 99
z 0 44 301 99
m44 57 0 301 99
z 0 44 301 99
m44 193 0 301 99
B44 1 301 99
z 1 44 301 99
m44 57 1 301 99
z 1 44 301 99
m44 193 1 301 99
B45 0 410 304
z 0 45 410 304
m45 23 0 410 304
B46 0 297 118
B46 1 297 118
B50 0 289 75
B50 1 289 75
B50 3 289 75
z 3 50 289 75
m50 44 3 4.888888888888888 36.22222222222222 1.0
z 3 50 289 75
m50 193 3 4.888888888888888 36.22222222222222 1.0
z 3 50 289 75
m50 198 3 4.888888888888888 36.22222222222222 1.0
B64 0 375 413
z 0 64 375 413
m64 62 0 375 413
z 0 64 375 413
m64 80 0 375 413
z 0 64 375 413
m64 97 0 375 413
z 0 64 375 413
m64 217 0 375 413
B64 1 375 413
z 1 64 375 413
m64 62 1 375 413
z 1 64 375 413
m64 80 1 375 413
z 1 64 375 413
m64 97 1 375 413
z 1 64 375 413
m64 217 1 375 413
B64 2 375 413
z 2 64 375 413
m64 26 2 375 413
z 2 64 375 413
m64 62 2 375 413
z 2 64 375 413
m64 80 2 375 413
z 2 64 375 413
m64 97 2 375 413
z 2 64 375 413
m64 134 2 375 413
z 2 64 375 413
m64 206 2 375 413
z 2 64 375 413
m64 217 2 375 413
B64 3 375 413
z 3 64 375 413
m64 62 3 5.444444444444445 40.555555555555564 1.0
z 3 64 375 413
m64 80 3 5.444444444444445 40.555555555555564 1.0
z 3 64 375 413
m64 97 3 5.444444444444445 40.555555555555564 1.0
z 3 64 375 413
m64 217 3 5.444444444444445 40.555555555555564 1.0
B65 2 216 36
B68 0 357 423
B68 1 357 423
B68 2 357 423
B68 3 357 423
B79 3 256 134
z 3 79 256 134
m79 88 3 4.777777777777778 35.666666666666664 0.5594034378159758
B88 0 314 155
z 0 88 314 155
m88 25 0 314 155
z 0 88 314 155
m88 122 0 314 155
B88 1 314 155
B93 2 200 78
B95 0 298 267
B95 1 298 267
B95 3 298 267
B103 2 214 86
B109 0 316 265
B109 1 316 265
B109 3 316 265
B113 2 198 89
B124 2 355 363
B134 0 372 350
B134 1 372 350
z 1 134 372 350
m134 45 1 372 350
z 1 134 372 350
m134 191 1 372 350
B134 3 372 350
B153 0 392 322
z 0 153 392 322
m153 23 0 392 322
B153 1 392 322
B153 3 392 322
z 3 153 392 322
m153 23 3 4.875 34.375 -1.0
B155 1 229 14
B155 2 229 14
B155 3 229 14
B157 0 274 202
B157 1 274 202
z 1 157 274 202
m157 173 1 274 202
B166 0 330 279
B166 1 330 279
B166 3 330 279
B174 0 247 236
B174 1 247 236
B174 3 247 236
B178 0 365 287
z 0 178 365 287
m178 23 0 365 287
B178 1 365 287
z 1 178 365 287
m178 23 1 365 287
B178 3 365 287
z 3 178 365 287
m178 23 3 4.5 32.5 -1.0
B180 0 274 208
B180 1 274 208
B180 3 274 208
z 3 180 274 208
m180 15 3 5.111111111111111 40.0 1.0
B181 0 274 278
B181 1 274 278
B181 3 274 278
B183 0 397 333
z 0 183 397 333
m183 23 0 397 333
B183 1 397 333
z 1 183 397 333
m183 23 1 397 333
B183 3 397 333
z 3 183 397 333
m183 23 3 4.875 34.375 -1.0
B186 0 288 187
B186 1 288 187
B197 2 230 72
B198 0 291 137
B198 1 291 137
B200 0 288 228
B200 1 288 228
B200 3 288 228
B206 0 374 420
z 0 206 374 420
m206 98 0 374 420
B206 1 374 420
z 1 206 374 420
m206 98 1 374 420
B206 3 374 420
z 3 206 374 420
m206 98 3 5.111111111111111 38.8888888888889 1.0
B210 0 268 258
B210 1 268 258
B210 3 268 258
B5 1 368 251
z 1 5 368 251
m5 10 1 368 251
z 1 5 368 251
m5 21 1 368 251
z 1 5 368 251
m5 24 1 368 251
z 1 5 368 251
m5 91 1 368 251
z 1 5 368 251
m5 94 1 368 251
z 1 5 368 251
m5 133 1 368 251
z 1 5 368 251
m5 209 1 368 251
z 1 5 368 251
m5 216 1 368 251
B5 3 368 251
z 3 5 368 251
m5 91 3 6.2 50.8 0.5693051209491493
z 3 5 368 251
m5 191 3 6.2 50.8 0.5693051209491493
z 3 5 368 251
m5 45 3 6.2 50.8 0.5693051209491493
z 3 5 368 251
m5 24 3 6.2 50.8 0.5693051209491493
z 3 5 368 251
m5 94 3 6.2 50.8 0.5693051209491493
z 3 5 368 251
m5 10 3 6.2 50.8 0.5693051209491493
B10 0 405 263
z 0 10 405 263
m10 23 0 405 263
B15 3 283 150
z 3 15 283 150
m15 205 3 4.699999999999999 36.1 1.0
B21 0 386 222
z 0 21 386 222
m21 35 0 386 222
z 0 21 386 222
m21 54 0 386 222
z 0 21 386 222
m21 82 0 386 222
B21 3 386 222
z 3 21 386 222
m21 35 3 6.0 48.4 0.07190782772544785
z 3 21 386 222
m21 82 3 6.0 48.4 0.07190782772544785
B24 0 407 206
z 0 24 407 206
m24 47 0 407 206
z 0 24 407 206
m24 87 0 407 206
z 0 24 407 206
m24 89 0 407 206
z 0 24 407 206
m24 119 0 407 206
z 0 24 407 206
m24 171 0 407 206
B25 0 381 129
z 0 25 381 129
m25 74 0 381 129
z 0 25 381 129
m25 170 0 381 129
z 0 25 381 129
m25 202 0 381 129
z 0 25 381 129
m25 214 0 381 129
B26 2 423 362
z 2 26 423 362
m26 23 2 423 362
B44 2 300 99
B44 3 300 99
B45 1 409 305
B46 2 296 118
B46 3 296 118
B50 2 288 76
z 2 50 288 76
m50 15 2 288 76
z 2 50 288 76
m50 193 2 288 76
z 2 50 288 76
m50 198 2 288 76
B57 0 367 134
B57 1 367 134
z 1 57 367 134
m57 25 1 367 134
z 1 57 367 134
m57 47 1 367 134
z 1 57 367 134
m57 74 1 367 134
z 1 57 367 134
m57 122 1 367 134
z 1 57 367 134
m57 171 1 367 134
z 1 57 367 134
m57 202 1 367 134
z 1 57 367 134
m57 214 1 367 134
B62 0 430 459
z 0 62 430 459
m62 28 0 430 459
z 0 62 430 459
m62 34 0 430 459
z 0 62 430 459
m62 112 0 430 459
z 0 62 430 459
m62 117 0 430 459
z 0 62 430 459
m62 143 0 430 459
z 0 62 430 459
m62 187 0 430 459
z 0 62 430 459
m62 196 0 430 459
z 0 62 430 459
m62 208 0 430 459
z 0 62 430 459
m62 212 0 430 459
B62 1 430 459
z 1 62 430 459
m62 28 1 430 459
z 1 62 430 459
m62 34 1 430 459
z 1 62 430 459
m62 112 1 430 459
z 1 62 430 459
m62 117 1 430 459
z 1 62 430 459
m62 143 1 430 459
z 1 62 430 459
m62 187 1 430 459
z 1 62 430 459
m62 196 1 430 459
z 1 62 430 459
m62 208 1 430 459
z 1 62 430 459
m62 212 1 430 459
B62 2 430 459
z 2 62 430 459
m62 28 2 430 459
z 2 62 430 459
m62 34 2 430 459
z 2 62 430 459
m62 98 2 430 459
z 2 62 430 459
m62 112 2 430 459
z 2 62 430 459
m62 117 2 430 459
z 2 62 430 459
m62 143 2 430 459
z 2 62 430 459
m62 187 2 430 459
z 2 62 430 459
m62 196 2 430 459
z 2 62 430 459
m62 208 2 430 459
z 2 62 430 459
m62 212 2 430 459
B62 3 430 459
z 3 62 430 459
m62 28 3 5.800000000000001 44.60000000000001 1.0
z 3 62 430 459
m62 34 3 5.800000000000001 44.60000000000001 1.0
z 3 62 430 459
m62 112 3 5.800000000000001 44.60000000000001 1.0
z 3 62 430 459
m62 117 3 5.800000000000001 44.60000000000001 1.0
z 3 62 430 459
m62 143 3 5.800000000000001 44.60000000000001 1.0
z 3 62 430 459
m62 187 3 5.800000000000001 44.60000000000001 1.0
z 3 62 430 459
m62 196 3 5.800000000000001 44.60000000000001 1.0
z 3 62 430 459
m62 208 3 5.800000000000001 44.60000000000001 1.0
z 3 62 430 459
m62 212 3 5.800000000000001 44.60000000000001 1.0
B79 2 256 133
B80 0 396 476
B80 1 396 476
B80 2 396 476
B80 3 396 476
B88 3 314 156
z 3 88 314 156
m88 25 3 4.6 33.0 0.7626691015412053
z 3 88 314 156
m88 122 3 4.6 33.0 0.7626691015412053
z 3 88 314 156
m88 57 3 4.6 33.0 0.7626691015412053
B91 0 420 203
z 0 91 420 203
m91 41 0 420 203
B94 0 400 224
B97 0 427 398
z 0 97 427 398
m97 19 0 427 398
z 0 97 427 398
m97 131 0 427 398
z 0 97 427 398
m97 195 0 427 398
B97 1 427 398
z 1 97 427 398
m97 19 1 427 398
z 1 97 427 398
m97 131 1 427 398
z 1 97 427 398
m97 195 1 427 398
B97 2 427 398
z 2 97 427 398
m97 19 2 427 398
z 2 97 427 398
m97 131 2 427 398
z 2 97 427 398
m97 183 2 427 398
z 2 97 427 398
m97 195 2 427 398
B97 3 427 398
z 3 97 427 398
m97 131 3 5.2 37.400000000000006 0.7197338526452455
z 3 97 427 398
m97 19 3 5.2 37.400000000000006 0.7197338526452455
B98 0 442 450
B98 1 442 450
B98 3 442 450
B107 2 206 117
B115 0 325 192
B115 1 325 192
B115 3 325 192
B122 0 380 167
B133 0 371 195
B133 3 371 195
B134 2 372 351
z 2 134 372 351
m134 45 2 372 351
z 2 134 372 351
m134 153 2 372 351
z 2 134 372 351
m134 160 2 372 351
z 2 134 372 351
m134 178 2 372 351
z 2 134 372 351
m134 191 2 372 351
B139 0 338 231
B139 1 338 231
B139 3 338 231
z 3 139 338 231
m139 216 3 5.6 46.0 1.0
B157 3 274 203
B173 0 346 196
B173 1 346 196
B173 3 346 196
z 3 173 346 196
m173 171 3 5.6 46.0 1.0
B186 3 287 188
B191 0 418 297
z 0 191 418 297
m191 23 0 418 297
B191 1 418 297
B193 0 328 74
B193 1 328 74
z 1 193 328 74
m193 170 1 328 74
B193 3 328 74
z 3 193 328 74
m193 74 3 4.699999999999999 33.5 1.0
z 3 193 328 74
m193 170 3 4.699999999999999 33.5 1.0
z 3 193 328 74
m193 214 3 4.699999999999999 33.5 1.0
B198 3 291 136
B205 0 342 145
B205 1 342 145
B206 2 374 420
B209 0 387 226
B209 3 387 226
z 3 209 387 226
m209 54 3 5.6 46.0 1.0
B213 0 301 201
B213 1 301 201
B213 3 301 201
B216 0 404 263
z 0 216 404 263
m216 23 0 404 263
B217 0 434 383
z 0 217 434 383
m217 189 0 434 383
B217 1 434 383
z 1 217 434 383
m217 189 1 434 383
B217 2 434 383
B217 3 434 383
B10 1 406 263
B10 3 406 263
z 3 10 406 263
m10 23 3 6.2 50.8 -1.0
B15 2 283 149
B19 0 485 385
B19 1 485 385
B19 2 485 385
z 2 19 485 385
m19 189 2 485 385
B19 3 485 385
B21 1 386 221
z 1 21 386 221
m21 54 1 386 221
z 1 21 386 221
m21 82 1 386 221
B24 1 407 205
z 1 24 407 205
m24 35 1 407 205
z 1 24 407 205
m24 87 1 407 205
z 1 24 407 205
m24 89 1 407 205
z 1 24 407 205
m24 119 1 407 205
B24 3 407 205
z 3 24 407 205
m24 119 3 6.0 47.63636363636363 0.17752587665417308
B25 1 381 130
B25 3 381 130
z 3 25 381 130
m25 87 3 4.454545454545454 30.818181818181817 0.7942368941890734
z 3 25 381 130
m25 47 3 4.454545454545454 30.818181818181817 0.7942368941890734
z 3 25 381 130
m25 202 3 4.454545454545454 30.818181818181817 0.7942368941890734
B28 0 472 481
B28 1 472 481
B28 2 472 481
B28 3 472 481
B34 0 476 496
B34 1 476 496
B34 2 476 496
B34 3 476 496
B35 0 459 241
z 0 35 459 241
m35 23 0 459 241
B35 3 459 241
z 3 35 459 241
m35 23 3 6.0 48.4 -1.0
B41 0 486 188
z 0 41 486 188
m41 76 0 486 188
z 0 41 486 188
m41 100 0 486 188
z 0 41 486 188
m41 141 0 486 188
B45 2 408 306
z 2 45 408 306
m45 23 2 408 306
B45 3 408 306
z 3 45 408 306
m45 23 3 6.2 50.8 -1.0
B47 0 420 142
B47 1 420 142
z 1 47 420 142
m47 76 1 420 142
z 1 47 420 142
m47 141 1 420 142
B54 0 444 209
z 0 54 444 209
m54 152 0 444 209
B54 3 444 209
z 3 54 444 209
m54 41 3 5.454545454545454 43.27272727272727 1.0
z 3 54 444 209
m54 89 3 5.454545454545454 43.27272727272727 1.0
z 3 54 444 209
m54 100 3 5.454545454545454 43.27272727272727 1.0
z 3 54 444 209
m54 152 3 5.454545454545454 43.27272727272727 1.0
B57 3 368 134
B74 0 382 111
z 0 74 382 111
m74 69 0 382 111
z 0 74 382 111
m74 106 0 382 111
z 0 74 382 111
m74 138 0 382 111
B74 1 382 111
z 1 74 382 111
m74 69 1 382 111
z 1 74 382 111
m74 106 1 382 111
z 1 74 382 111
m74 138 1 382 111
B74 3 382 111
z 3 74 382 111
m74 69 3 4.545454545454545 31.27272727272727 1.0
z 3 74 382 111
m74 106 3 4.545454545454545 31.27272727272727 1.0
z 3 74 382 111
m74 138 3 4.545454545454545 31.27272727272727 1.0
B82 0 445 240
z 0 82 445 240
m82 23 0 445 240
B82 3 445 240
z 3 82 445 240
m82 23 3 6.0 48.4 -1.0
B87 0 446 161
B89 0 460 164
B91 1 421 202
z 1 91 421 202
m91 41 1 421 202
B91 3 421 202
B94 1 401 224
B94 3 401 224
B98 2 442 449
B112 0 493 488
B112 1 493 488
B112 2 493 488
B112 3 493 488
B117 0 450 415
B117 1 450 415
B117 2 450 415
B117 3 450 415
z 3 117 450 415
m117 195 3 5.363636363636364 40.63636363636365 1.0
B119 0 443 144
B122 1 381 168
B122 3 381 168
B131 0 493 391
B131 1 493 391
B131 2 493 391
B131 3 493 391
z 3 131 493 391
m131 189 3 4.818181818181818 34.0909090909091 1.0
B133 1 371 196
B143 0 405 490
B143 1 405 490
B143 2 405 490
B143 3 405 490
B153 2 391 323
z 2 153 391 323
m153 23 2 391 323
B160 2 341 312
z 2 160 341 312
m160 5 2 341 312
z 2 160 341 312
m160 13 2 341 312
z 2 160 341 312
m160 22 2 341 312
z 2 160 341 312
m160 95 2 341 312
z 2 160 341 312
m160 109 2 341 312
z 2 160 341 312
m160 166 2 341 312
B170 0 384 56
z 0 170 384 56
m170 1 0 384 56
z 0 170 384 56
m170 38 0 384 56
z 0 170 384 56
m170 128 0 384 56
z 0 170 384 56
m170 204 0 384 56
z 0 170 384 56
m170 218 0 384 56
B170 1 384 56
z 1 170 384 56
m170 1 1 384 56
z 1 170 384 56
m170 38 1 384 56
z 1 170 384 56
m170 128 1 384 56
z 1 170 384 56
m170 204 1 384 56
z 1 170 384 56
m170 218 1 384 56
B170 3 384 56
z 3 170 384 56
m170 1 3 4.727272727272727 32.72727272727273 1.0
z 3 170 384 56
m170 38 3 4.727272727272727 32.72727272727273 1.0
z 3 170 384 56
m170 128 3 4.727272727272727 32.72727272727273 1.0
z 3 170 384 56
m170 204 3 4.727272727272727 32.72727272727273 1.0
z 3 170 384 56
m170 218 3 4.727272727272727 32.72727272727273 1.0
B171 0 393 138
B171 1 393 138
B171 3 393 138
B178 2 363 287
B183 2 395 335
z 2 183 395 335
m183 23 2 395 335
B187 0 479 443
B187 1 479 443
B187 2 479 443
B187 3 479 443
B189 0 478 339
z 0 189 478 339
m189 23 0 478 339
B189 1 478 339
B191 2 419 298
B191 3 419 298
z 3 191 419 298
m191 23 3 6.2 50.8 -1.0
B193 2 329 74
B195 0 445 374
z 0 195 445 374
m195 146 0 445 374
B195 1 445 374
z 1 195 445 374
m195 146 1 445 374
B195 2 445 374
z 2 195 445 374
m195 146 2 445 374
B196 0 471 455
B196 1 471 455
B196 2 471 455
B196 3 471 455
B198 2 291 135
B202 0 395 109
B202 1 395 109
B205 3 343 144
B208 0 402 493
B208 1 402 493
B208 2 402 493
B208 3 402 493
B209 1 387 226
B212 0 428 486
B212 1 428 486
B212 2 428 486
B212 3 428 486
B214 0 397 95
B214 1 397 95
B214 3 397 95
B216 1 405 263
z 1 216 405 263
m216 23 1 405 263
B216 3 405 263
z 3 216 405 263
m216 23 3 5.6 46.0 -1.0
B1 0 444 49
z 0 1 444 49
m1 30 0 444 49
z 0 1 444 49
m1 56 0 444 49
z 0 1 444 49
m1 190 0 444 49
z 0 1 444 49
m1 203 0 444 49
B1 1 444 49
z 1 1 444 49
m1 30 1 444 49
z 1 1 444 49
m1 56 1 444 49
z 1 1 444 49
m1 190 1 444 49
z 1 1 444 49
m1 203 1 444 49
B1 3 444 49
z 3 1 444 49
m1 203 3 4.666666666666666 31.333333333333332 0.7940630797773658
z 3 1 444 49
m1 56 3 4.666666666666666 31.333333333333332 0.7940630797773658
z 3 1 444 49
m1 30 3 4.666666666666666 31.333333333333332 0.7940630797773658
z 3 1 444 49
m1 190 3 4.666666666666666 31.333333333333332 0.7940630797773658
B5 2 368 253
B13 2 328 242
z 2 13 328 242
m13 21 2 328 242
z 2 13 328 242
m13 115 2 328 242
z 2 13 328 242
m13 133 2 328 242
z 2 13 328 242
m13 139 2 328 242
z 2 13 328 242
m13 157 2 328 242
z 2 13 328 242
m13 173 2 328 242
z 2 13 328 242
m13 180 2 328 242
z 2 13 328 242
m13 181 2 328 242
z 2 13 328 242
m13 186 2 328 242
z 2 13 328 242
m13 200 2 328 242
z 2 13 328 242
m13 209 2 328 242
z 2 13 328 242
m13 210 2 328 242
z 2 13 328 242
m13 213 2 328 242
B22 2 314 267
B35 1 460 242
z 1 35 460 242
m35 23 1 460 242
B38 0 434 39
B38 1 434 39
B38 3 434 39
B41 1 486 187
B41 3 486 187
B47 3 419 143
B54 1 444 208
z 1 54 444 208
m54 100 1 444 208
z 1 54 444 208
m54 152 1 444 208
B69 0 418 48
B69 1 418 48
B69 3 418 48
B76 0 469 133
B76 1 469 133
B82 1 444 240
z 1 82 444 240
m82 23 1 444 240
B87 1 445 161
B87 3 445 161
B89 1 460 163
B89 3 460 163
B95 2 296 269
B100 0 496 179
B100 3 496 179
B106 0 402 52
B106 1 402 52
B106 3 402 52
B109 2 318 263
B119 1 443 143
B119 3 443 143
B128 0 452 56
B128 1 452 56
B128 3 452 56
B138 0 413 46
B138 1 413 46
B138 3 413 46
B141 0 483 138
B141 1 483 138
B146 0 434 301
z 0 146 434 301
m146 23 0 434 301
B146 1 434 301
z 1 146 434 301
m146 23 1 434 301
B146 2 434 301
z 2 146 434 301
m146 23 2 434 301
B152 0 468 268
z 0 152 468 268
m152 23 0 468 268
B152 3 468 268
z 3 152 468 268
m152 23 3 5.454545454545454 43.27272727272727 -1.0
B166 2 328 277
B189 2 477 339
B189 3 477 339
z 3 189 477 339
m189 23 3 4.818181818181818 34.0909090909091 -1.0
B195 3 445 373
z 3 195 445 373
m195 146 3 5.0 37.33333333333334 1.0
B202 3 395 110
B204 0 378 7
B204 1 378 7
B204 3 378 7
B218 0 410 7
B218 1 410 7
B218 3 410 7
B21 2 386 219
z 2 21 386 219
m21 10 2 386 219
z 2 21 386 219
m21 24 2 386 219
z 2 21 386 219
m21 54 2 386 219
z 2 21 386 219
m21 82 2 386 219
z 2 21 386 219
m21 91 2 386 219
z 2 21 386 219
m21 94 2 386 219
z 2 21 386 219
m21 122 2 386 219
z 2 21 386 219
m21 216 2 386 219
B30 0 488 74
B30 1 488 74
B30 3 488 74
B56 0 495 73
B56 1 495 73
B56 3 495 73
B100 1 496 178
B115 2 322 192
z 2 115 322 192
m115 57 2 322 192
z 2 115 322 192
m115 88 2 322 192
z 2 115 322 192
m115 205 2 322 192
B133 2 373 197
z 2 133 373 197
m133 25 2 373 197
z 2 133 373 197
m133 47 2 373 197
z 2 133 373 197
m133 171 2 373 197
B139 2 337 228
B146 3 433 302
z 3 146 433 302
m146 23 3 5.0 37.33333333333334 -1.0
B152 1 469 269
z 1 152 469 269
m152 23 1 469 269
B157 2 273 206
B173 2 347 193
B180 2 271 205
B181 2 272 282
z 2 181 272 282
m181 75 2 272 282
z 2 181 272 282
m181 174 2 272 282
B186 2 285 191
B190 0 466 38
B190 1 466 38
B190 3 466 38
B200 2 284 230
B203 0 484 3
B203 1 484 3
B203 3 484 3
B209 2 389 224
B210 2 271 261
B213 2 298 203
B10 2 409 262
z 2 10 409 262
m10 23 2 409 262
B24 2 405 202
z 2 24 405 202
m24 35 2 405 202
z 2 24 405 202
m24 87 2 405 202
z 2 24 405 202
m24 89 2 405 202
z 2 24 405 202
m24 119 2 405 202
B25 2 381 133
z 2 25 381 133
m25 74 2 381 133
z 2 25 381 133
m25 202 2 381 133
z 2 25 381 133
m25 214 2 381 133
B47 2 418 144
B54 2 443 206
B57 2 371 134
B75 2 261 282
B82 2 442 239
B88 2 312 159
B91 2 424 202
B94 2 404 224
B122 2 382 170
B171 2 395 136
B174 2 243 234
B205 2 344 142
B216 2 407 265
B35 2 462 243
z 2 35 462 243
m35 23 2 462 243
B74 2 379 113
B87 2 443 158
B89 2 461 160
z 2 89 461 160
m89 41 2 461 160
z 2 89 461 160
m89 76 2 461 160
z 2 89 461 160
m89 100 2 461 160
z 2 89 461 160
m89 141 2 461 160
B119 2 441 140
B202 2 392 111
z 2 202 392 111
m202 69 2 392 111
z 2 202 392 111
m202 106 2 392 111
z 2 202 392 111
m202 138 2 392 111
z 2 202 392 111
m202 170 2 392 111
B214 2 393 94
B41 2 486 183
B69 2 420 45
z 2 69 420 45
m69 1 2 420 45
z 2 69 420 45
m69 30 2 420 45
z 2 69 420 45
m69 38 2 420 45
z 2 69 420 45
m69 128 2 420 45
z 2 69 420 45
m69 190 2 420 45
z 2 69 420 45
m69 204 2 420 45
z 2 69 420 45
m69 218 2 420 45
B76 2 473 131
z 2 76 473 131
m76 56 2 473 131
B100 2 495 175
B106 2 398 52
B138 2 410 49
B141 2 484 142
B170 2 379 58
B1 2 439 51
z 2 1 439 51
m1 203 2 439 51
B30 2 487 70
B38 2 439 38
B56 2 496 77
B128 2 452 51
B190 2 469 40
B204 2 374 10
B218 2 415 5
B203 2 481 2
