306 37 299 44
s 0 394 169 155 0
s 1 0 74 36 0
s 2 168 52 243 0
s 3 428 398 96 0
s 4 286 127 153 0
s 5 400 218 215 0
s 6 19 306 296 0
s 7 332 291 208 0
s 8 298 292 177 0
s 9 270 133 127 0
s 10 219 45 272 0
s 11 26 331 352 0
s 12 205 202 142 0
s 13 211 302 47 0
s 14 122 269 93 0
s 15 399 192 58 0
s 16 344 108 99 0
s 17 85 123 63 0
s 18 60 205 30 0
s 19 369 144 153 0
s 20 241 477 294 0
s 21 67 351 349 0
s 22 398 87 233 0
s 23 70 150 76 0
s 24 391 229 73 0
s 25 47 467 96 0
s 26 85 482 184 0
s 27 306 37 33 0
s 28 478 418 228 0
s 29 233 262 353 0
s 30 382 75 166 0
s 31 11 396 42 0
s 32 214 86 252 0
s 33 300 187 57 0
s 34 65 109 151 0
s 35 489 182 307 0
s 36 466 117 16 0
s 37 226 417 294 0
s 38 483 199 180 0
s 39 355 137 307 0
s 40 95 46 295 0
s 41 475 203 110 0
s 42 305 86 341 0
s 43 223 325 207 0
s 44 249 444 324 0
s 45 134 326 227 0
s 46 210 32 70 0
s 47 423 51 91 0
s 48 454 236 131 0
s 49 215 413 318 0
s 50 63 493 60 0
s 51 275 460 338 0
s 52 23 69 210 0
s 53 331 499 133 0
s 54 410 441 141 0
s 55 233 432 289 0
s 56 228 172 33 0
s 57 215 471 277 0
s 58 239 228 187 0
s 59 94 254 153 0
s 60 209 2 98 0
s 61 92 18 137 0
s 62 72 201 10 0
s 63 326 227 234 0
s 64 367 401 235 0
s 65 307 303 266 0
s 66 467 435 62 0
s 67 34 47 121 0
s 68 357 419 152 0
s 69 206 404 37 0
s 70 394 316 319 0
s 71 61 360 155 0
s 72 408 488 290 0
s 73 292 9 26 0
s 74 369 466 118 0
s 75 273 373 184 0
s 76 419 172 131 0
s 77 343 12 127 0
s 78 436 496 286 0
s 79 126 342 218 0
s 80 231 306 248 0
s 81 304 460 321 0
s 82 340 374 348 0
s 83 285 64 285 0
s 84 44 8 174 0
s 85 29 296 140 0
s 86 301 326 248 0
s 87 198 294 93 0
s 88 224 212 22 0
s 89 147 479 335 0
s 90 386 59 122 0
s 91 302 140 147 0
s 92 195 132 42 0
s 93 226 424 338 0
s 94 402 320 174 0
s 95 240 153 88 0
s 96 197 328 358 0
s 97 146 163 215 0
s 98 129 298 121 0
s 99 366 290 273 0
s 100 491 406 265 0
s 101 130 343 229 0
s 102 27 146 242 0
s 103 100 423 226 0
s 104 39 243 10 0
s 105 197 491 25 0
s 106 252 30 338 0
s 107 167 401 340 0
s 108 316 54 244 0
s 109 423 7 180 0
s 110 4 462 125 0
s 111 178 490 32 0
s 112 195 113 330 0
s 113 321 22 329 0
s 114 251 382 160 0
s 115 16 194 1 0
s 116 349 422 332 0
s 117 356 138 52 0
s 118 419 419 306 0
s 119 65 131 327 0
s 120 199 233 289 0
s 121 140 77 4 0
s 122 6 56 11 0
s 123 393 162 271 0
s 124 318 412 171 0
s 125 136 478 250 0
s 126 448 486 128 0
s 127 155 465 237 0
s 128 118 289 119 0
s 129 337 462 153 0
s 130 301 311 358 0
s 131 175 136 283 0
s 132 371 390 3 0
s 133 251 132 157 0
s 134 1 434 3 0
s 135 404 235 15 0
s 136 369 132 247 0
s 137 271 373 188 0
s 138 50 415 233 0
s 139 234 410 313 0
s 140 115 440 341 0
s 141 453 244 72 0
s 142 5 375 235 0
s 143 486 426 227 0
s 144 17 23 274 0
s 145 60 289 116 0
s 146 109 43 55 0
s 147 255 0 152 0
s 148 482 497 187 0
s 149 292 333 235 0
s 150 242 429 203 0
s 151 252 340 287 0
s 152 275 444 72 0
s 153 42 254 285 0
s 154 178 252 24 0
s 155 215 236 102 0
s 156 202 9 93 0
s 157 154 275 243 0
s 158 347 185 330 0
s 159 15 398 55 0
s 160 61 172 53 0
s 161 190 86 350 0
s 162 424 260 294 0
s 163 132 490 222 0
s 164 304 388 310 0
s 165 455 33 84 0
s 166 127 270 148 0
s 167 299 44 130 0
s 168 79 461 241 0
s 169 131 180 44 0
s 170 87 404 27 0
s 171 264 4 329 0
s 172 183 156 136 0
s 173 207 354 357 0
s 174 42 438 345 0
s 175 332 251 308 0
s 176 25 285 30 0
s 177 104 187 228 0
s 178 441 261 65 0
s 179 112 360 209 0
s 180 382 305 202 0
s 181 329 288 275 0
s 182 276 253 323 0
s 183 175 269 93 0
s 184 154 221 189 0
s 185 254 486 99 0
s 186 124 47 264 0
s 187 189 318 94 0
s 188 389 18 136 0
s 189 200 489 212 0
s 190 480 23 179 0
s 191 11 366 88 0
s 192 37 198 176 0
s 193 334 481 56 0
s 194 458 43 58 0
s 195 111 309 197 0
s 196 365 14 251 0
s 197 54 428 180 0
s 198 365 297 147 0
s 199 240 442 227 0
s 200 499 425 73 0
s 201 488 388 303 0
s 202 25 400 281 0
s 203 259 45 250 0
s 204 315 432 259 0
s 205 470 202 330 0
s 206 476 355 13 0
s 207 145 29 100 0
s 208 339 473 248 0
s 209 414 301 199 0
s 210 378 323 110 0
s 211 309 309 164 0
s 212 400 257 339 0
s 213 322 328 99 0
s 214 87 244 234 0
s 215 41 294 329 0
s 216 40 86 63 0
s 217 341 441 173 0
s 218 381 249 99 0
s 219 119 122 193 0
B27 0 317 44
z 0 27 317 44
m27 167 0 317 44
B27 1 317 44
z 1 27 317 44
m27 167 1 317 44
B27 2 317 44
z 2 27 317 44
m27 167 2 317 44
B27 3 317 44
z 3 27 317 44
m27 167 3 0.0 0.0 1.0
