84 26 494 37
s 0 160 55 183 0
s 1 446 28 287 0
s 2 69 44 100 0
s 3 237 151 272 0
s 4 401 445 310 0
s 5 226 383 237 0
s 6 454 226 57 0
s 7 19 163 252 0
s 8 90 182 108 0
s 9 232 201 190 0
s 10 0 466 263 0
s 11 56 437 76 0
s 12 43 158 37 0
s 13 461 233 115 0
s 14 174 16 232 0
s 15 225 291 26 0
s 16 493 142 325 0
s 17 187 41 270 0
s 18 447 80 52 0
s 19 241 127 23 0
s 20 119 192 132 0
s 21 28 117 27 0
s 22 119 336 98 0
s 23 47 11 228 0
s 24 193 490 148 0
s 25 492 421 151 0
s 26 103 330 102 0
s 27 246 436 242 0
s 28 329 162 336 0
s 29 83 316 114 0
s 30 137 384 210 0
s 31 242 450 256 0
s 32 134 238 181 0
s 33 30 15 7 0
s 34 126 438 192 0
s 35 250 151 332 0
s 36 302 443 84 0
s 37 405 213 305 0
s 38 279 82 76 0
s 39 289 63 87 0
s 40 453 313 245 0
s 41 120 184 359 0
s 42 339 8 149 0
s 43 451 148 316 0
s 44 260 352 315 0
s 45 183 159 312 0
s 46 157 171 68 0
s 47 416 229 136 0
s 48 84 26 45 0
s 49 51 372 294 0
s 50 489 153 42 0
s 51 109 292 322 0
s 52 104 285 202 0
s 53 44 166 189 0
s 54 283 487 133 0
s 55 257 128 283 0
s 56 48 106 91 0
s 57 428 80 91 0
s 58 334 122 233 0
s 59 259 433 70 0
s 60 348 197 83 0
s 61 137 337 136 0
s 62 27 208 322 0
s 63 382 449 223 0
s 64 181 488 304 0
s 65 485 123 327 0
s 66 7 6 207 0
s 67 145 364 94 0
s 68 486 407 90 0
s 69 250 34 138 0
s 70 383 453 94 0
s 71 74 96 147 0
s 72 193 169 162 0
s 73 161 497 319 0
s 74 171 249 238 0
s 75 94 228 122 0
s 76 493 359 203 0
s 77 56 429 176 0
s 78 439 291 335 0
s 79 355 195 328 0
s 80 69 64 58 0
s 81 319 303 5 0
s 82 160 311 170 0
s 83 96 474 115 0
s 84 294 85 128 0
s 85 201 199 35 0
s 86 14 290 270 0
s 87 375 305 268 0
s 88 457 420 278 0
s 89 157 311 55 0
s 90 390 427 335 0
s 91 64 92 111 0
s 92 129 245 70 0
s 93 69 252 282 0
s 94 64 398 192 0
s 95 419 396 223 0
s 96 295 476 216 0
s 97 452 355 150 0
s 98 456 82 153 0
s 99 316 497 333 0
s 100 421 239 65 0
s 101 206 7 125 0
s 102 115 60 359 0
s 103 411 256 193 0
s 104 84 187 139 0
s 105 429 399 319 0
s 106 469 404 177 0
s 107 460 32 110 0
s 108 323 20 26 0
s 109 479 351 60 0
s 110 47 91 216 0
s 111 395 122 321 0
s 112 294 434 116 0
s 113 148 209 76 0
s 114 300 309 37 0
s 115 9 205 145 0
s 116 283 343 47 0
s 117 201 50 13 0
s 118 239 471 110 0
s 119 131 447 39 0
s 120 74 288 182 0
s 121 441 225 139 0
s 122 22 388 272 0
s 123 152 384 165 0
s 124 73 339 35 0
s 125 44 1 8 0
s 126 170 339 244 0
s 127 54 372 130 0
s 128 2 14 76 0
s 129 58 313 20 0
s 130 475 106 45 0
s 131 233 321 266 0
s 132 367 406 256 0
s 133 240 327 133 0
s 134 203 77 206 0
s 135 458 43 49 0
s 136 277 124 105 0
s 137 302 248 15 0
s 138 494 37 239 0
s 139 146 472 320 0
s 140 49 31 195 0
s 141 117 471 195 0
s 142 429 37 160 0
s 143 416 85 84 0
s 144 367 415 162 0
s 145 41 355 259 0
s 146 473 483 355 0
s 147 432 233 13 0
s 148 107 307 247 0
s 149 233 41 50 0
s 150 29 40 5 0
s 151 46 160 123 0
s 152 243 52 170 0
s 153 156 402 143 0
s 154 66 438 219 0
s 155 31 317 194 0
s 156 32 7 111 0
s 157 411 295 249 0
s 158 279 446 120 0
s 159 387 126 325 0
s 160 479 382 180 0
s 161 45 437 139 0
s 162 425 481 180 0
s 163 242 129 157 0
s 164 327 211 80 0
s 165 173 285 0 0
s 166 429 192 268 0
s 167 238 2 178 0
s 168 83 288 268 0
s 169 493 397 294 0
s 170 51 339 144 0
s 171 77 133 247 0
s 172 303 124 252 0
s 173 137 299 118 0
s 174 295 320 167 0
s 175 481 5 1 0
s 176 98 22 133 0
s 177 292 444 233 0
s 178 391 428 139 0
s 179 324 295 295 0
s 180 8 315 87 0
s 181 115 355 339 0
s 182 79 163 50 0
s 183 491 97 321 0
s 184 90 76 59 0
s 185 146 95 58 0
s 186 14 371 1 0
s 187 243 365 172 0
s 188 225 264 101 0
s 189 248 149 174 0
s 190 492 459 258 0
s 191 387 77 331 0
s 192 307 273 146 0
s 193 22 360 33 0
s 194 250 65 149 0
s 195 474 326 93 0
s 196 127 201 25 0
s 197 138 456 302 0
s 198 434 302 185 0
s 199 12 391 5 0
s 200 373 393 212 0
s 201 216 204 301 0
s 202 370 15 171 0
s 203 322 16 20 0
s 204 279 378 182 0
s 205 72 145 228 0
s 206 75 452 188 0
s 207 113 462 39 0
s 208 59 271 93 0
s 209 45 286 334 0
s 210 445 292 150 0
s 211 252 13 38 0
s 212 322 5 112 0
s 213 64 37 175 0
s 214 333 169 118 0
s 215 365 442 289 0
s 216 243 419 193 0
s 217 188 53 28 0
s 218 212 60 210 0
s 219 499 22 139 0
B48 0 85 28
z 0 48 85 28
m48 2 0 85 28
z 0 48 85 28
m48 23 0 85 28
z 0 48 85 28
m48 33 0 85 28
z 0 48 85 28
m48 71 0 85 28
z 0 48 85 28
m48 80 0 85 28
z 0 48 85 28
m48 91 0 85 28
z 0 48 85 28
m48 102 0 85 28
z 0 48 85 28
m48 110 0 85 28
z 0 48 85 28
m48 125 0 85 28
z 0 48 85 28
m48 140 0 85 28
z 0 48 85 28
m48 150 0 85 28
z 0 48 85 28
m48 156 0 85 28
z 0 48 85 28
m48 176 0 85 28
z 0 48 85 28
m48 184 0 85 28
z 0 48 85 28
m48 213 0 85 28
B48 1 85 28
z 1 48 85 28
m48 2 1 85 28
z 1 48 85 28
m48 23 1 85 28
z 1 48 85 28
m48 33 1 85 28
z 1 48 85 28
m48 71 1 85 28
z 1 48 85 28
m48 80 1 85 28
z 1 48 85 28
m48 91 1 85 28
z 1 48 85 28
m48 102 1 85 28
z 1 48 85 28
m48 110 1 85 28
z 1 48 85 28
m48 125 1 85 28
z 1 48 85 28
m48 140 1 85 28
z 1 48 85 28
m48 150 1 85 28
z 1 48 85 28
m48 156 1 85 28
z 1 48 85 28
m48 176 1 85 28
z 1 48 85 28
m48 184 1 85 28
z 1 48 85 28
m48 213 1 85 28
B48 2 85 28
z 2 48 85 28
m48 2 2 85 28
z 2 48 85 28
m48 23 2 85 28
z 2 48 85 28
m48 33 2 85 28
z 2 48 85 28
m48 71 2 85 28
z 2 48 85 28
m48 80 2 85 28
z 2 48 85 28
m48 91 2 85 28
z 2 48 85 28
m48 102 2 85 28
z 2 48 85 28
m48 110 2 85 28
z 2 48 85 28
m48 125 2 85 28
z 2 48 85 28
m48 140 2 85 28
z 2 48 85 28
m48 150 2 85 28
z 2 48 85 28
m48 156 2 85 28
z 2 48 85 28
m48 176 2 85 28
z 2 48 85 28
m48 184 2 85 28
z 2 48 85 28
m48 213 2 85 28
B48 3 85 28
z 3 48 85 28
m48 2 3 15.0 225.0 1.0
z 3 48 85 28
m48 23 3 15.0 225.0 1.0
z 3 48 85 28
m48 33 3 15.0 225.0 1.0
z 3 48 85 28
m48 71 3 15.0 225.0 1.0
z 3 48 85 28
m48 80 3 15.0 225.0 1.0
z 3 48 85 28
m48 91 3 15.0 225.0 1.0
z 3 48 85 28
m48 102 3 15.0 225.0 1.0
z 3 48 85 28
m48 110 3 15.0 225.0 1.0
z 3 48 85 28
m48 125 3 15.0 225.0 1.0
z 3 48 85 28
m48 140 3 15.0 225.0 1.0
z 3 48 85 28
m48 150 3 15.0 225.0 1.0
z 3 48 85 28
m48 156 3 15.0 225.0 1.0
z 3 48 85 28
m48 176 3 15.0 225.0 1.0
z 3 48 85 28
m48 184 3 15.0 225.0 1.0
z 3 48 85 28
m48 213 3 15.0 225.0 1.0
B2 0 68 47
z 0 2 68 47
m2 56 0 68 47
z 0 2 68 47
m2 128 0 68 47
B2 1 68 47
z 1 2 68 47
m2 56 1 68 47
z 1 2 68 47
m2 128 1 68 47
B2 2 68 47
B2 3 68 47
B23 0 45 9
z 0 23 45 9
m23 66 0 45 9
B23 1 45 9
B23 2 45 9
B23 3 45 9
B33 0 33 15
B33 1 33 15
z 1 33 33 15
m33 66 1 33 15
B33 2 33 15
z 2 33 33 15
m33 66 2 33 15
z 2 33 33 15
m33 128 2 33 15
B33 3 33 15
B71 0 72 98
z 0 71 72 98
m71 12 0 72 98
z 0 71 72 98
m71 21 0 72 98
z 0 71 72 98
m71 53 0 72 98
z 0 71 72 98
m71 151 0 72 98
z 0 71 72 98
m71 171 0 72 98
z 0 71 72 98
m71 182 0 72 98
z 0 71 72 98
m71 205 0 72 98
B71 1 72 98
z 1 71 72 98
m71 12 1 72 98
z 1 71 72 98
m71 21 1 72 98
z 1 71 72 98
m71 53 1 72 98
z 1 71 72 98
m71 151 1 72 98
z 1 71 72 98
m71 171 1 72 98
z 1 71 72 98
m71 182 1 72 98
z 1 71 72 98
m71 205 1 72 98
B71 2 72 98
z 2 71 72 98
m71 12 2 72 98
z 2 71 72 98
m71 21 2 72 98
z 2 71 72 98
m71 53 2 72 98
z 2 71 72 98
m71 56 2 72 98
z 2 71 72 98
m71 151 2 72 98
z 2 71 72 98
m71 171 2 72 98
z 2 71 72 98
m71 182 2 72 98
z 2 71 72 98
m71 205 2 72 98
B71 3 72 98
z 3 71 72 98
m71 12 3 12.666666666666666 171.33333333333334 1.0
z 3 71 72 98
m71 21 3 12.666666666666666 171.33333333333334 1.0
z 3 71 72 98
m71 53 3 12.666666666666666 171.33333333333334 1.0
z 3 71 72 98
m71 56 3 12.666666666666666 171.33333333333334 1.0
z 3 71 72 98
m71 151 3 12.666666666666666 171.33333333333334 1.0
z 3 71 72 98
m71 171 3 12.666666666666666 171.33333333333334 1.0
z 3 71 72 98
m71 182 3 12.666666666666666 171.33333333333334 1.0
z 3 71 72 98
m71 205 3 12.666666666666666 171.33333333333334 1.0
B80 0 71 67
B80 1 71 67
B80 2 71 67
B80 3 71 67
B91 0 63 94
B91 1 63 94
B91 2 63 94
B91 3 63 94
B102 0 118 60
z 0 102 118 60
m102 0 0 118 60
z 0 102 118 60
m102 14 0 118 60
z 0 102 118 60
m102 17 0 118 60
z 0 102 118 60
m102 185 0 118 60
z 0 102 118 60
m102 217 0 118 60
B102 1 118 60
z 1 102 118 60
m102 0 1 118 60
z 1 102 118 60
m102 14 1 118 60
z 1 102 118 60
m102 17 1 118 60
z 1 102 118 60
m102 185 1 118 60
z 1 102 118 60
m102 217 1 118 60
B102 2 118 60
B102 3 118 60
z 3 102 118 60
m102 0 3 11.666666666666666 158.33333333333334 1.0
z 3 102 118 60
m102 14 3 11.666666666666666 158.33333333333334 1.0
z 3 102 118 60
m102 17 3 11.666666666666666 158.33333333333334 1.0
z 3 102 118 60
m102 185 3 11.666666666666666 158.33333333333334 1.0
z 3 102 118 60
m102 217 3 11.666666666666666 158.33333333333334 1.0
B110 0 44 89
B110 1 44 89
B110 2 44 89
B110 3 44 89
B125 0 47 1
B125 1 47 1
B125 2 47 1
B125 3 47 1
B140 0 46 30
B140 1 46 30
B140 2 46 30
B140 3 46 30
B150 0 32 40
B150 1 32 40
B150 2 32 40
B150 3 32 40
B156 0 31 9
B156 1 31 9
B156 2 31 9
B156 3 31 9
B176 0 95 24
B176 1 95 24
B176 2 95 24
z 2 176 95 24
m176 0 2 95 24
B176 3 95 24
B184 0 92 79
B184 1 92 79
B184 2 92 79
z 2 184 92 79
m184 185 2 92 79
B184 3 92 79
B213 0 61 37
B213 1 61 37
B213 2 61 37
B213 3 61 37
B0 0 156 55
z 0 0 156 55
m0 101 0 156 55
z 0 0 156 55
m0 117 0 156 55
z 0 0 156 55
m0 134 0 156 55
z 0 0 156 55
m0 218 0 156 55
B0 1 156 55
z 1 0 156 55
m0 101 1 156 55
z 1 0 156 55
m0 117 1 156 55
z 1 0 156 55
m0 134 1 156 55
z 1 0 156 55
m0 218 1 156 55
B0 2 156 55
z 2 0 156 55
m0 14 2 156 55
z 2 0 156 55
m0 17 2 156 55
z 2 0 156 55
m0 101 2 156 55
z 2 0 156 55
m0 117 2 156 55
z 2 0 156 55
m0 134 2 156 55
z 2 0 156 55
m0 217 2 156 55
z 2 0 156 55
m0 218 2 156 55
B0 3 156 55
z 3 0 156 55
m0 101 3 9.75 122.75 0.8476107226107228
z 3 0 156 55
m0 218 3 9.75 122.75 0.8476107226107228
z 3 0 156 55
m0 117 3 9.75 122.75 0.8476107226107228
z 3 0 156 55
m0 134 3 9.75 122.75 0.8476107226107228
B12 0 47 160
z 0 12 47 160
m12 7 0 47 160
z 0 12 47 160
m12 8 0 47 160
z 0 12 47 160
m12 62 0 47 160
z 0 12 47 160
m12 104 0 47 160
z 0 12 47 160
m12 115 0 47 160
B12 1 47 160
z 1 12 47 160
m12 7 1 47 160
z 1 12 47 160
m12 8 1 47 160
z 1 12 47 160
m12 62 1 47 160
z 1 12 47 160
m12 104 1 47 160
z 1 12 47 160
m12 115 1 47 160
B12 2 47 160
B12 3 47 160
z 3 12 47 160
m12 115 3 10.75 134.75 0.5266367011921051
z 3 12 47 160
m12 8 3 10.75 134.75 0.5266367011921051
z 3 12 47 160
m12 62 3 10.75 134.75 0.5266367011921051
z 3 12 47 160
m12 104 3 10.75 134.75 0.5266367011921051
B14 0 172 13
z 0 14 172 13
m14 149 0 172 13
z 0 14 172 13
m14 167 0 172 13
B14 1 172 13
z 1 14 172 13
m14 149 1 172 13
z 1 14 172 13
m14 167 1 172 13
B14 3 172 13
B17 0 187 37
z 0 17 187 37
m17 69 0 187 37
z 0 17 187 37
m17 152 0 187 37
z 0 17 187 37
m17 194 0 187 37
z 0 17 187 37
m17 211 0 187 37
B17 1 187 37
z 1 17 187 37
m17 69 1 187 37
z 1 17 187 37
m17 152 1 187 37
z 1 17 187 37
m17 194 1 187 37
z 1 17 187 37
m17 211 1 187 37
B17 3 187 37
z 3 17 187 37
m17 69 3 10.25 127.75 1.0
z 3 17 187 37
m17 149 3 10.25 127.75 1.0
z 3 17 187 37
m17 152 3 10.25 127.75 1.0
z 3 17 187 37
m17 167 3 10.25 127.75 1.0
z 3 17 187 37
m17 194 3 10.25 127.75 1.0
z 3 17 187 37
m17 211 3 10.25 127.75 1.0
B21 0 31 119
B21 1 31 119
B21 2 31 119
z 2 21 31 119
m21 7 2 31 119
B21 3 31 119
z 3 21 31 119
m21 7 3 9.75 128.75 1.0
B53 0 40 165
B53 1 40 165
B53 2 40 165
B53 3 40 165
B56 0 48 110
B56 1 48 110
B56 2 48 110
B56 3 48 110
B66 0 3 4
B66 1 3 4
B66 2 3 4
B128 0 3 18
B128 1 3 18
B128 2 3 18
B151 0 44 163
B151 1 44 163
B151 2 44 163
z 2 151 44 163
m151 8 2 44 163
z 2 151 44 163
m151 62 2 44 163
z 2 151 44 163
m151 104 2 44 163
z 2 151 44 163
m151 115 2 44 163
B151 3 44 163
B171 0 76 129
z 0 171 76 129
m171 41 0 76 129
B171 1 76 129
z 1 171 76 129
m171 41 1 76 129
B171 2 76 129
B171 3 76 129
z 3 171 76 129
m171 41 3 9.75 128.75 1.0
B182 0 81 166
z 0 182 81 166
m182 20 0 81 166
z 0 182 81 166
m182 75 0 81 166
z 0 182 81 166
m182 196 0 81 166
B182 1 81 166
z 1 182 81 166
m182 20 1 81 166
z 1 182 81 166
m182 75 1 81 166
z 1 182 81 166
m182 196 1 81 166
B182 2 81 166
z 2 182 81 166
m182 20 2 81 166
z 2 182 81 166
m182 41 2 81 166
z 2 182 81 166
m182 75 2 81 166
z 2 182 81 166
m182 196 2 81 166
B182 3 81 166
B185 0 148 98
z 0 185 148 98
m185 45 0 148 98
B185 1 148 98
B185 2 148 98
B185 3 148 98
z 3 185 148 98
m185 45 3 9.0 119.0 1.0
B205 0 69 142
B205 1 69 142
B205 2 69 142
B205 3 69 142
z 3 205 69 142
m205 20 3 9.75 128.75 1.0
B217 0 192 55
B217 1 192 55
B217 3 192 55
B7 0 17 158
B7 1 17 158
B7 2 17 158
B7 3 17 158
B8 0 88 186
z 0 8 88 186
m8 32 0 88 186
z 0 8 88 186
m8 46 0 88 186
z 0 8 88 186
m8 93 0 88 186
z 0 8 88 186
m8 113 0 88 186
B8 1 88 186
z 1 8 88 186
m8 32 1 88 186
z 1 8 88 186
m8 46 1 88 186
z 1 8 88 186
m8 93 1 88 186
z 1 8 88 186
m8 113 1 88 186
B8 2 88 186
B8 3 88 186
z 3 8 88 186
m8 46 3 9.799999999999999 115.0 0.6448540438573891
z 3 8 88 186
m8 113 3 9.799999999999999 115.0 0.6448540438573891
z 3 8 88 186
m8 32 3 9.799999999999999 115.0 0.6448540438573891
z 3 8 88 186
m8 93 3 9.799999999999999 115.0 0.6448540438573891
z 3 8 88 186
m8 196 3 9.799999999999999 115.0 0.6448540438573891
B14 2 171 12
z 2 14 171 12
m14 149 2 171 12
z 2 14 171 12
m14 167 2 171 12
B17 2 187 36
z 2 17 187 36
m17 69 2 187 36
z 2 17 187 36
m17 152 2 187 36
z 2 17 187 36
m17 194 2 187 36
z 2 17 187 36
m17 211 2 187 36
B20 0 115 195
z 0 20 115 195
m20 74 0 115 195
z 0 20 115 195
m20 92 0 115 195
B20 1 115 195
z 1 20 115 195
m20 74 1 115 195
z 1 20 115 195
m20 92 1 115 195
B20 2 115 195
B20 3 115 195
z 3 20 115 195
m20 74 3 8.4 104.8 1.0
z 3 20 115 195
m20 75 3 8.4 104.8 1.0
z 3 20 115 195
m20 92 3 8.4 104.8 1.0
B41 0 125 184
z 0 41 125 184
m41 72 0 125 184
B41 1 125 184
B41 2 125 184
B41 3 125 184
z 3 41 125 184
m41 72 3 8.0 103.2 1.0
B45 0 186 155
z 0 45 186 155
m45 3 0 186 155
z 0 45 186 155
m45 9 0 186 155
z 0 45 186 155
m45 19 0 186 155
z 0 45 186 155
m45 35 0 186 155
z 0 45 186 155
m45 85 0 186 155
z 0 45 186 155
m45 163 0 186 155
z 0 45 186 155
m45 189 0 186 155
z 0 45 186 155
m45 201 0 186 155
B45 3 186 155
z 3 45 186 155
m45 3 3 8.8 108.0 1.0
z 3 45 186 155
m45 9 3 8.8 108.0 1.0
z 3 45 186 155
m45 19 3 8.8 108.0 1.0
z 3 45 186 155
m45 35 3 8.8 108.0 1.0
z 3 45 186 155
m45 85 3 8.8 108.0 1.0
z 3 45 186 155
m45 163 3 8.8 108.0 1.0
z 3 45 186 155
m45 189 3 8.8 108.0 1.0
z 3 45 186 155
m45 201 3 8.8 108.0 1.0
B62 0 31 205
B62 1 31 205
B62 2 31 205
z 2 62 31 205
m62 93 2 31 205
B62 3 31 205
B69 0 246 37
z 0 69 246 37
m69 38 0 246 37
z 0 69 246 37
m69 39 0 246 37
z 0 69 246 37
m69 84 0 246 37
B69 1 246 37
z 1 69 246 37
m69 38 1 246 37
z 1 69 246 37
m69 39 1 246 37
z 1 69 246 37
m69 84 1 246 37
B69 3 246 37
B75 0 91 232
z 0 75 91 232
m75 51 0 91 232
z 0 75 91 232
m75 52 0 91 232
z 0 75 91 232
m75 120 0 91 232
z 0 75 91 232
m75 148 0 91 232
z 0 75 91 232
m75 168 0 91 232
z 0 75 91 232
m75 208 0 91 232
z 0 75 91 232
m75 209 0 91 232
B75 1 91 232
z 1 75 91 232
m75 51 1 91 232
z 1 75 91 232
m75 52 1 91 232
z 1 75 91 232
m75 120 1 91 232
z 1 75 91 232
m75 148 1 91 232
z 1 75 91 232
m75 168 1 91 232
z 1 75 91 232
m75 208 1 91 232
z 1 75 91 232
m75 209 1 91 232
B75 2 91 232
z 2 75 91 232
m75 32 2 91 232
z 2 75 91 232
m75 51 2 91 232
z 2 75 91 232
m75 52 2 91 232
z 2 75 91 232
m75 92 2 91 232
z 2 75 91 232
m75 113 2 91 232
z 2 75 91 232
m75 120 2 91 232
z 2 75 91 232
m75 148 2 91 232
z 2 75 91 232
m75 168 2 91 232
z 2 75 91 232
m75 208 2 91 232
z 2 75 91 232
m75 209 2 91 232
B101 0 203 11
B101 1 203 11
B101 2 203 11
B101 3 203 11
B104 0 80 190
B104 1 80 190
B104 2 80 190
B104 3 80 190
B115 0 5 208
B115 1 5 208
B115 2 5 208
B115 3 5 208
B117 0 205 51
B117 1 205 51
B117 2 205 51
B117 3 205 51
B134 0 198 75
B134 1 198 75
z 1 134 198 75
m134 19 1 198 75
z 1 134 198 75
m134 163 1 198 75
B134 2 198 75
B134 3 198 75
B149 0 236 45
B149 1 236 45
B149 3 236 45
B152 0 238 53
z 0 152 238 53
m152 55 0 238 53
B152 1 238 53
z 1 152 238 53
m152 55 1 238 53
B152 3 238 53
z 3 152 238 53
m152 55 3 9.0 105.4 0.5984397163120567
z 3 152 238 53
m152 84 3 9.0 105.4 0.5984397163120567
z 3 152 238 53
m152 38 3 9.0 105.4 0.5984397163120567
B167 0 233 2
B167 1 233 2
B167 3 233 2
B194 0 246 67
z 0 194 246 67
m194 136 0 246 67
B194 1 246 67
z 1 194 246 67
m194 136 1 246 67
B194 3 246 67
B196 0 132 203
B196 1 132 203
B196 2 132 203
z 2 196 132 203
m196 45 2 132 203
z 2 196 132 203
m196 46 2 132 203
z 2 196 132 203
m196 72 2 132 203
z 2 196 132 203
m196 74 2 132 203
z 2 196 132 203
m196 85 2 132 203
B211 0 256 16
z 0 211 256 16
m211 108 0 256 16
z 0 211 256 16
m211 203 0 256 16
z 0 211 256 16
m211 212 0 256 16
B211 1 256 16
z 1 211 256 16
m211 108 1 256 16
z 1 211 256 16
m211 203 1 256 16
z 1 211 256 16
m211 212 1 256 16
B211 3 256 16
z 3 211 256 16
m211 108 3 9.0 105.4 0.5984397163120567
z 3 211 256 16
m211 203 3 9.0 105.4 0.5984397163120567
z 3 211 256 16
m211 212 3 9.0 105.4 0.5984397163120567
B217 2 193 55
B218 0 207 58
B218 1 207 58
B218 2 207 58
B218 3 207 58
B3 0 237 145
z 0 3 237 145
m3 172 0 237 145
B3 3 237 145
B9 0 227 200
z 0 9 227 200
m9 188 0 227 200
B9 3 227 200
z 3 9 227 200
m9 188 3 7.5 90.16666666666667 1.0
B19 0 246 129
B19 1 246 129
z 1 19 246 129
m19 3 1 246 129
z 1 19 246 129
m19 9 1 246 129
z 1 19 246 129
m19 35 1 246 129
z 1 19 246 129
m19 45 1 246 129
z 1 19 246 129
m19 72 1 246 129
z 1 19 246 129
m19 172 1 246 129
z 1 19 246 129
m19 189 1 246 129
B19 3 246 129
B32 0 128 238
z 0 32 128 238
m32 165 0 128 238
z 0 32 128 238
m32 173 0 128 238
B32 1 128 238
z 1 32 128 238
m32 165 1 128 238
z 1 32 128 238
m32 173 1 128 238
B32 2 128 238
z 2 32 128 238
m32 165 2 128 238
z 2 32 128 238
m32 173 2 128 238
B32 3 128 238
z 3 32 128 238
m32 165 3 9.166666666666666 101.83333333333333 0.6824352370113318
z 3 32 128 238
m32 148 3 9.166666666666666 101.83333333333333 0.6824352370113318
z 3 32 128 238
m32 173 3 9.166666666666666 101.83333333333333 0.6824352370113318
z 3 32 128 238
m32 168 3 9.166666666666666 101.83333333333333 0.6824352370113318
z 3 32 128 238
m32 52 3 9.166666666666666 101.83333333333333 0.6824352370113318
B35 0 255 148
B35 3 255 148
B38 0 281 88
z 0 38 281 88
m38 58 0 281 88
B38 1 281 88
z 1 38 281 88
m38 58 1 281 88
B38 3 281 88
z 3 38 281 88
m38 58 3 8.166666666666666 90.5 0.6336092618383983
z 3 38 281 88
m38 136 3 8.166666666666666 90.5 0.6336092618383983
z 3 38 281 88
m38 172 3 8.166666666666666 90.5 0.6336092618383983
B39 0 289 69
z 0 39 289 69
m39 42 0 289 69
B39 1 289 69
z 1 39 289 69
m39 42 1 289 69
B45 2 187 154
B46 0 159 176
B46 1 159 176
B46 2 159 176
z 2 46 159 176
m46 9 2 159 176
z 2 46 159 176
m46 201 2 159 176
B46 3 159 176
B51 0 114 288
z 0 51 114 288
m51 22 0 114 288
z 0 51 114 288
m51 26 0 114 288
z 0 51 114 288
m51 29 0 114 288
z 0 51 114 288
m51 61 0 114 288
z 0 51 114 288
m51 82 0 114 288
z 0 51 114 288
m51 89 0 114 288
z 0 51 114 288
m51 124 0 114 288
z 0 51 114 288
m51 126 0 114 288
z 0 51 114 288
m51 129 0 114 288
z 0 51 114 288
m51 181 0 114 288
B51 1 114 288
z 1 51 114 288
m51 22 1 114 288
z 1 51 114 288
m51 26 1 114 288
z 1 51 114 288
m51 29 1 114 288
z 1 51 114 288
m51 61 1 114 288
z 1 51 114 288
m51 82 1 114 288
z 1 51 114 288
m51 89 1 114 288
z 1 51 114 288
m51 124 1 114 288
z 1 51 114 288
m51 126 1 114 288
z 1 51 114 288
m51 129 1 114 288
z 1 51 114 288
m51 181 1 114 288
B51 2 114 288
z 2 51 114 288
m51 22 2 114 288
z 2 51 114 288
m51 26 2 114 288
z 2 51 114 288
m51 29 2 114 288
z 2 51 114 288
m51 61 2 114 288
z 2 51 114 288
m51 82 2 114 288
z 2 51 114 288
m51 89 2 114 288
z 2 51 114 288
m51 124 2 114 288
z 2 51 114 288
m51 126 2 114 288
z 2 51 114 288
m51 129 2 114 288
z 2 51 114 288
m51 181 2 114 288
B52 0 99 283
B52 1 99 283
B52 2 99 283
B55 0 258 122
B55 1 258 122
B55 3 258 122
z 3 55 258 122
m55 39 3 7.666666666666667 88.0 1.0
B69 2 245 38
z 2 69 245 38
m69 38 2 245 38
z 2 69 245 38
m69 39 2 245 38
z 2 69 245 38
m69 84 2 245 38
B72 0 187 171
B72 2 187 171
z 2 72 187 171
m72 3 2 187 171
z 2 72 187 171
m72 19 2 187 171
z 2 72 187 171
m72 35 2 187 171
z 2 72 187 171
m72 163 2 187 171
z 2 72 187 171
m72 189 2 187 171
B72 3 187 171
B74 0 168 244
B74 1 168 244
z 1 74 168 244
m74 85 1 168 244
z 1 74 168 244
m74 188 1 168 244
z 1 74 168 244
m74 201 1 168 244
B74 2 168 244
z 2 74 168 244
m74 188 2 168 244
B74 3 168 244
z 3 74 168 244
m74 51 3 7.5 88.83333333333333 1.0
z 3 74 168 244
m74 82 3 7.5 88.83333333333333 1.0
z 3 74 168 244
m74 89 3 7.5 88.83333333333333 1.0
B75 3 91 233
z 3 75 91 233
m75 120 3 7.5 88.83333333333333 1.0
z 3 75 91 233
m75 208 3 7.5 88.83333333333333 1.0
z 3 75 91 233
m75 209 3 7.5 88.83333333333333 1.0
B84 0 290 90
B84 1 290 90
B84 3 290 90
B85 0 206 202
B85 2 206 202
B85 3 206 202
B92 0 131 250
B92 1 131 250
B92 2 131 250
B92 3 131 250
B93 0 70 246
z 0 93 70 246
m93 86 0 70 246
B93 1 70 246
z 1 93 70 246
m93 86 1 70 246
B93 2 70 246
z 2 93 70 246
m93 86 2 70 246
B93 3 70 246
B108 0 328 23
z 0 108 328 23
m108 202 0 328 23
B108 1 328 23
z 1 108 328 23
m108 202 1 328 23
B108 3 328 23
B113 0 150 215
B113 1 150 215
B113 2 150 215
B113 3 150 215
B120 0 68 288
z 0 120 68 288
m120 145 0 68 288
z 0 120 68 288
m120 155 0 68 288
z 0 120 68 288
m120 170 0 68 288
z 0 120 68 288
m120 180 0 68 288
B120 1 68 288
z 1 120 68 288
m120 145 1 68 288
z 1 120 68 288
m120 155 1 68 288
z 1 120 68 288
m120 170 1 68 288
z 1 120 68 288
m120 180 1 68 288
B120 2 68 288
B136 0 276 130
z 0 136 276 130
m136 28 0 276 130
z 0 136 276 130
m136 214 0 276 130
B136 1 276 130
z 1 136 276 130
m136 28 1 276 130
z 1 136 276 130
m136 214 1 276 130
B148 0 105 302
B148 1 105 302
B148 2 105 302
z 2 148 105 302
m148 170 2 105 302
B149 2 236 46
B152 2 237 53
B163 0 236 132
B163 1 236 132
B163 3 236 132
B167 2 232 2
B168 0 83 282
B168 1 83 282
B168 2 83 282
B189 0 243 149
B189 3 243 149
B194 2 245 68
B196 3 133 204
B201 0 219 199
B201 3 219 199
B203 0 328 19
B203 1 328 19
B203 3 328 19
B208 0 58 277
B208 1 58 277
B208 2 58 277
B209 0 50 283
B209 1 50 283
B209 2 50 283
z 2 209 50 283
m209 145 2 50 283
z 2 209 50 283
m209 155 2 50 283
z 2 209 50 283
m209 180 2 50 283
B211 2 256 16
z 2 211 256 16
m211 108 2 256 16
z 2 211 256 16
m211 203 2 256 16
z 2 211 256 16
m211 212 2 256 16
B212 0 320 11
B212 1 320 11
B212 3 320 11
B3 1 237 144
B3 2 237 144
z 2 3 237 144
m3 55 2 237 144
z 2 3 237 144
m3 136 2 237 144
z 2 3 237 144
m3 172 2 237 144
B9 1 226 200
B9 2 226 200
B19 2 247 129
B22 0 118 343
z 0 22 118 343
m22 30 0 118 343
z 0 22 118 343
m22 49 0 118 343
z 0 22 118 343
m22 67 0 118 343
z 0 22 118 343
m22 123 0 118 343
z 0 22 118 343
m22 153 0 118 343
B22 1 118 343
z 1 22 118 343
m22 30 1 118 343
z 1 22 118 343
m22 49 1 118 343
z 1 22 118 343
m22 67 1 118 343
z 1 22 118 343
m22 123 1 118 343
z 1 22 118 343
m22 153 1 118 343
B22 2 118 343
z 2 22 118 343
m22 30 2 118 343
z 2 22 118 343
m22 49 2 118 343
z 2 22 118 343
m22 67 2 118 343
z 2 22 118 343
m22 123 2 118 343
z 2 22 118 343
m22 153 2 118 343
B26 0 102 336
z 0 26 102 336
m26 94 0 102 336
z 0 26 102 336
m26 127 0 102 336
B26 1 102 336
z 1 26 102 336
m26 94 1 102 336
z 1 26 102 336
m26 127 1 102 336
B26 2 102 336
B28 0 336 159
z 0 28 336 159
m28 60 0 336 159
z 0 28 336 159
m28 79 0 336 159
z 0 28 336 159
m28 159 0 336 159
z 0 28 336 159
m28 164 0 336 159
B28 1 336 159
B29 0 80 322
z 0 29 80 322
m29 193 0 80 322
B29 1 80 322
z 1 29 80 322
m29 193 1 80 322
B29 2 80 322
B35 1 256 148
B35 2 256 148
B38 2 281 89
z 2 38 281 89
m38 58 2 281 89
B39 2 289 70
z 2 39 289 70
m39 42 2 289 70
B39 3 289 70
z 3 39 289 70
m39 42 3 6.714285714285714 75.57142857142857 1.0
B42 0 333 11
B42 1 333 11
B45 1 187 154
B51 3 115 288
z 3 51 115 288
m51 22 3 7.571428571428571 85.28571428571428 1.0
z 3 51 115 288
m51 26 3 7.571428571428571 85.28571428571428 1.0
z 3 51 115 288
m51 29 3 7.571428571428571 85.28571428571428 1.0
z 3 51 115 288
m51 61 3 7.571428571428571 85.28571428571428 1.0
z 3 51 115 288
m51 124 3 7.571428571428571 85.28571428571428 1.0
z 3 51 115 288
m51 126 3 7.571428571428571 85.28571428571428 1.0
z 3 51 115 288
m51 129 3 7.571428571428571 85.28571428571428 1.0
z 3 51 115 288
m51 181 3 7.571428571428571 85.28571428571428 1.0
B52 3 98 282
B58 0 330 117
z 0 58 330 117
m58 111 0 330 117
B58 1 330 117
z 1 58 330 117
m58 111 1 330 117
z 1 58 330 117
m58 159 1 330 117
B58 3 330 117
z 3 58 330 117
m58 111 3 7.571428571428571 79.85714285714286 0.6671991195815689
z 3 58 330 117
m58 159 3 7.571428571428571 79.85714285714286 0.6671991195815689
z 3 58 330 117
m58 214 3 7.571428571428571 79.85714285714286 0.6671991195815689
B61 0 132 342
B61 1 132 342
B61 2 132 342
B72 1 186 171
B82 0 153 312
B82 1 153 312
B82 2 153 312
B82 3 153 312
z 3 82 153 312
m82 30 3 6.857142857142858 77.42857142857143 1.0
z 3 82 153 312
m82 67 3 6.857142857142858 77.42857142857143 1.0
z 3 82 153 312
m82 123 3 6.857142857142858 77.42857142857143 1.0
B84 2 289 90
B85 1 206 203
B86 0 14 283
B86 1 14 283
B86 2 14 283
B89 0 161 316
z 0 89 161 316
m89 15 0 161 316
z 0 89 161 316
m89 131 0 161 316
B89 1 161 316
z 1 89 161 316
m89 15 1 161 316
z 1 89 161 316
m89 131 1 161 316
B89 2 161 316
z 2 89 161 316
m89 15 2 161 316
z 2 89 161 316
m89 131 2 161 316
B89 3 161 316
z 3 89 161 316
m89 15 3 6.714285714285714 76.71428571428571 0.5579438437391
B108 2 329 23
B120 3 67 288
z 3 120 67 288
m120 86 3 7.142857142857143 79.71428571428571 1.0
z 3 120 67 288
m120 145 3 7.142857142857143 79.71428571428571 1.0
z 3 120 67 288
m120 155 3 7.142857142857143 79.71428571428571 1.0
z 3 120 67 288
m120 170 3 7.142857142857143 79.71428571428571 1.0
z 3 120 67 288
m120 180 3 7.142857142857143 79.71428571428571 1.0
B124 0 79 343
z 0 124 79 343
m124 122 0 79 343
z 0 124 79 343
m124 186 0 79 343
B124 1 79 343
z 1 124 79 343
m124 122 1 79 343
z 1 124 79 343
m124 186 1 79 343
B124 2 79 343
z 2 124 79 343
m124 94 2 79 343
z 2 124 79 343
m124 122 2 79 343
z 2 124 79 343
m124 127 2 79 343
z 2 124 79 343
m124 186 2 79 343
z 2 124 79 343
m124 193 2 79 343
B126 0 167 332
z 0 126 167 332
m126 5 0 167 332
z 0 126 167 332
m126 133 0 167 332
B126 1 167 332
z 1 126 167 332
m126 5 1 167 332
z 1 126 167 332
m126 133 1 167 332
B126 2 167 332
B129 0 65 315
B129 1 65 315
B129 2 65 315
B136 3 275 131
z 3 136 275 131
m136 28 3 7.142857142857143 77.71428571428571 1.0
B145 0 40 348
z 0 145 40 348
m145 199 0 40 348
B145 1 40 348
z 1 145 40 348
m145 199 1 40 348
B145 2 40 348
B148 3 104 301
B155 0 24 315
B155 1 24 315
B155 2 24 315
B163 2 235 132
B165 0 180 285
B165 1 180 285
B165 2 180 285
z 2 165 180 285
m165 133 2 180 285
B165 3 180 285
B168 3 83 281
B170 0 45 343
B170 1 45 343
B170 2 45 343
z 2 170 45 343
m170 199 2 45 343
B172 0 301 117
B172 1 301 117
B172 3 301 117
B173 0 133 305
B173 1 133 305
B173 2 133 305
B173 3 133 305
B180 0 8 322
B180 1 8 322
B180 2 8 322
B181 0 121 353
B181 1 121 353
B181 2 121 353
B188 0 224 271
B188 1 224 271
B188 2 224 271
B188 3 224 271
z 3 188 224 271
m188 131 3 6.714285714285714 77.85714285714286 1.0
z 3 188 224 271
m188 133 3 6.714285714285714 77.85714285714286 1.0
B189 1 242 149
B189 2 242 149
B201 1 220 198
B201 2 220 198
B202 0 363 16
z 0 202 363 16
m202 142 0 363 16
z 0 202 363 16
m202 191 0 363 16
B202 1 363 16
B203 2 329 19
z 2 203 329 19
m203 202 2 329 19
B208 3 58 278
B209 3 51 283
B212 2 319 12
B214 0 330 175
B214 1 330 175
z 1 214 330 175
m214 60 1 330 175
z 1 214 330 175
m214 79 1 330 175
z 1 214 330 175
m214 164 1 330 175
B5 0 222 377
z 0 5 222 377
m5 27 0 222 377
z 0 5 222 377
m5 31 0 222 377
z 0 5 222 377
m5 44 0 222 377
z 0 5 222 377
m5 59 0 222 377
z 0 5 222 377
m5 116 0 222 377
z 0 5 222 377
m5 187 0 222 377
z 0 5 222 377
m5 204 0 222 377
z 0 5 222 377
m5 216 0 222 377
B5 1 222 377
B15 0 232 295
z 0 15 232 295
m15 174 0 232 295
z 0 15 232 295
m15 192 0 232 295
B15 1 232 295
z 1 15 232 295
m15 44 1 232 295
z 1 15 232 295
m15 174 1 232 295
z 1 15 232 295
m15 187 1 232 295
z 1 15 232 295
m15 192 1 232 295
B15 2 232 295
B15 3 232 295
z 3 15 232 295
m15 187 3 6.375 69.125 0.8524997913361366
z 3 15 232 295
m15 192 3 6.375 69.125 0.8524997913361366
z 3 15 232 295
m15 44 3 6.375 69.125 0.8524997913361366
z 3 15 232 295
m15 174 3 6.375 69.125 0.8524997913361366
B22 3 117 344
B26 3 102 337
B28 3 336 159
z 3 28 336 159
m28 60 3 6.625 69.125 1.0
z 3 28 336 159
m28 79 3 6.625 69.125 1.0
z 3 28 336 159
m28 164 3 6.625 69.125 1.0
B29 3 80 323
B30 0 130 380
z 0 30 130 380
m30 34 0 130 380
z 0 30 130 380
m30 119 0 130 380
z 0 30 130 380
m30 197 0 130 380
B30 1 130 380
z 1 30 130 380
m30 34 1 130 380
z 1 30 130 380
m30 119 1 130 380
z 1 30 130 380
m30 197 1 130 380
B30 2 130 380
B30 3 130 380
z 3 30 130 380
m30 34 3 6.5 69.75 1.0
z 3 30 130 380
m30 119 3 6.5 69.75 1.0
z 3 30 130 380
m30 153 3 6.5 69.75 1.0
z 3 30 130 380
m30 197 3 6.5 69.75 1.0
B42 2 332 12
B42 3 332 12
z 3 42 332 12
m42 202 3 6.0 66.25 1.0
B49 0 55 365
z 0 49 55 365
m49 77 0 55 365
z 0 49 55 365
m49 154 0 55 365
B49 1 55 365
z 1 49 55 365
m49 77 1 55 365
z 1 49 55 365
m49 154 1 55 365
B49 2 55 365
z 2 49 55 365
m49 77 2 55 365
z 2 49 55 365
m49 154 2 55 365
B55 2 258 120
B58 2 329 116
z 2 58 329 116
m58 28 2 329 116
z 2 58 329 116
m58 111 2 329 116
z 2 58 329 116
m58 159 2 329 116
z 2 58 329 116
m58 214 2 329 116
B60 0 349 205
z 0 60 349 205
m60 37 0 349 205
z 0 60 349 205
m60 47 0 349 205
z 0 60 349 205
m60 103 0 349 205
z 0 60 349 205
m60 137 0 349 205
B60 1 349 205
B61 3 131 342
B67 0 145 372
B67 1 145 372
B67 2 145 372
B67 3 145 372
B79 0 362 191
z 0 79 362 191
m79 166 0 362 191
B79 1 362 191
z 1 79 362 191
m79 37 1 362 191
z 1 79 362 191
m79 47 1 362 191
z 1 79 362 191
m79 166 1 362 191
B86 3 14 282
B94 0 56 397
z 0 94 56 397
m94 11 0 56 397
z 0 94 56 397
m94 161 0 56 397
z 0 94 56 397
m94 206 0 56 397
B94 1 56 397
B94 2 56 397
B111 0 401 117
z 0 111 401 117
m111 18 0 401 117
z 0 111 401 117
m111 43 0 401 117
z 0 111 401 117
m111 57 0 401 117
z 0 111 401 117
m111 98 0 401 117
z 0 111 401 117
m111 143 0 401 117
B111 1 401 117
z 1 111 401 117
m111 18 1 401 117
z 1 111 401 117
m111 43 1 401 117
z 1 111 401 117
m111 57 1 401 117
z 1 111 401 117
m111 98 1 401 117
z 1 111 401 117
m111 143 1 401 117
z 1 111 401 117
m111 191 1 401 117
B111 3 401 117
z 3 111 401 117
m111 166 3 7.5 76.0 0.9696677436026808
z 3 111 401 117
m111 43 3 7.5 76.0 0.9696677436026808
z 3 111 401 117
m111 18 3 7.5 76.0 0.9696677436026808
z 3 111 401 117
m111 98 3 7.5 76.0 0.9696677436026808
z 3 111 401 117
m111 191 3 7.5 76.0 0.9696677436026808
z 3 111 401 117
m111 57 3 7.5 76.0 0.9696677436026808
z 3 111 401 117
m111 143 3 7.5 76.0 0.9696677436026808
B122 0 22 380
B122 1 22 380
z 1 122 22 380
m122 11 1 22 380
z 1 122 22 380
m122 161 1 22 380
B122 2 22 380
B123 0 144 386
B123 1 144 386
B123 2 144 386
z 2 123 144 386
m123 34 2 144 386
z 2 123 144 386
m123 119 2 144 386
z 2 123 144 386
m123 197 2 144 386
B123 3 144 386
B124 3 80 343
z 3 124 80 343
m124 122 3 7.375 79.125 0.7362080425390494
z 3 124 80 343
m124 186 3 7.375 79.125 0.7362080425390494
z 3 124 80 343
m124 94 3 7.375 79.125 0.7362080425390494
z 3 124 80 343
m124 193 3 7.375 79.125 0.7362080425390494
z 3 124 80 343
m124 127 3 7.375 79.125 0.7362080425390494
B126 3 166 331
z 3 126 166 331
m126 5 3 6.75 74.75 1.0
B127 0 49 378
B127 1 49 378
z 1 127 49 378
m127 206 1 49 378
B127 2 49 378
z 2 127 49 378
m127 11 2 49 378
z 2 127 49 378
m127 161 2 49 378
z 2 127 49 378
m127 206 2 49 378
B129 3 66 316
z 3 129 66 316
m129 49 3 6.75 74.75 1.0
B131 0 233 313
z 0 131 233 313
m131 114 0 233 313
B131 1 233 313
z 1 131 233 313
m131 114 1 233 313
z 1 131 233 313
m131 116 1 233 313
B131 2 233 313
z 2 131 233 313
m131 5 2 233 313
z 2 131 233 313
m131 44 2 233 313
z 2 131 233 313
m131 114 2 233 313
z 2 131 233 313
m131 116 2 233 313
z 2 131 233 313
m131 174 2 233 313
z 2 131 233 313
m131 187 2 233 313
B131 3 233 313
z 3 131 233 313
m131 114 3 6.125 68.625 1.0
z 3 131 233 313
m131 116 3 6.125 68.625 1.0
B133 0 234 333
B133 1 234 333
z 1 133 234 333
m133 204 1 234 333
B133 2 234 333
z 2 133 234 333
m133 204 2 234 333
B133 3 234 333
B136 2 275 131
B142 0 421 40
z 0 142 421 40
m142 138 0 421 40
B145 3 40 347
z 3 145 40 347
m145 199 3 6.375 69.875 1.0
B153 0 150 407
z 0 153 150 407
m153 139 0 150 407
z 0 153 150 407
m153 141 0 150 407
z 0 153 150 407
m153 207 0 150 407
B153 1 150 407
z 1 153 150 407
m153 139 1 150 407
z 1 153 150 407
m153 141 1 150 407
z 1 153 150 407
m153 207 1 150 407
B153 2 150 407
z 2 153 150 407
m153 139 2 150 407
z 2 153 150 407
m153 141 2 150 407
z 2 153 150 407
m153 207 2 150 407
B155 3 23 315
B159 0 393 121
B159 1 393 121
B159 3 393 121
B164 0 328 218
z 0 164 328 218
m164 179 0 328 218
B164 1 328 218
z 1 164 328 218
m164 137 1 328 218
z 1 164 328 218
m164 179 1 328 218
B170 3 44 343
B172 2 300 116
B180 3 8 323
B181 3 122 353
B186 0 22 371
B186 1 22 371
B186 2 22 371
B191 0 394 73
z 0 191 394 73
m191 107 0 394 73
z 0 191 394 73
m191 135 0 394 73
B193 0 29 365
B193 1 29 365
B193 2 29 365
B199 0 20 392
z 0 199 20 392
m199 10 0 20 392
B199 1 20 392
z 1 199 20 392
m199 10 1 20 392
B199 2 20 392
z 2 199 20 392
m199 10 2 20 392
B202 2 362 17
z 2 202 362 17
m202 142 2 362 17
z 2 202 362 17
m202 191 2 362 17
B214 3 330 176
B5 2 221 376
B5 3 221 376
z 3 5 221 376
m5 27 3 6.444444444444445 68.22222222222221 1.0
z 3 5 221 376
m5 31 3 6.444444444444445 68.22222222222221 1.0
z 3 5 221 376
m5 204 3 6.444444444444445 68.22222222222221 1.0
z 3 5 221 376
m5 216 3 6.444444444444445 68.22222222222221 1.0
B10 0 9 462
B10 1 9 462
B10 2 9 462
B11 0 58 446
z 0 11 58 446
m11 83 0 58 446
B11 1 58 446
z 1 11 58 446
m11 83 1 58 446
B11 2 58 446
B18 0 452 87
z 0 18 452 87
m18 138 0 452 87
B18 1 452 87
z 1 18 452 87
m18 138 1 452 87
B18 3 452 87
z 3 18 452 87
m18 138 3 7.5 76.0 -1.0
B27 0 242 428
z 0 27 242 428
m27 36 0 242 428
z 0 27 242 428
m27 54 0 242 428
z 0 27 242 428
m27 96 0 242 428
z 0 27 242 428
m27 112 0 242 428
z 0 27 242 428
m27 118 0 242 428
z 0 27 242 428
m27 158 0 242 428
z 0 27 242 428
m27 177 0 242 428
B28 2 337 158
B31 0 240 441
z 0 31 240 441
m31 64 0 240 441
B34 0 117 436
B34 1 117 436
B34 2 117 436
z 2 34 117 436
m34 83 2 117 436
B34 3 117 436
z 3 34 117 436
m34 11 3 6.666666666666666 69.11111111111111 1.0
z 3 34 117 436
m34 77 3 6.666666666666666 69.11111111111111 1.0
z 3 34 117 436
m34 83 3 6.666666666666666 69.11111111111111 1.0
z 3 34 117 436
m34 139 3 6.666666666666666 69.11111111111111 1.0
z 3 34 117 436
m34 141 3 6.666666666666666 69.11111111111111 1.0
z 3 34 117 436
m34 154 3 6.666666666666666 69.11111111111111 1.0
z 3 34 117 436
m34 206 3 6.666666666666666 69.11111111111111 1.0
z 3 34 117 436
m34 207 3 6.666666666666666 69.11111111111111 1.0
B37 0 410 206
z 0 37 410 206
m37 6 0 410 206
z 0 37 410 206
m37 13 0 410 206
z 0 37 410 206
m37 100 0 410 206
z 0 37 410 206
m37 121 0 410 206
z 0 37 410 206
m37 147 0 410 206
B37 1 410 206
z 1 37 410 206
m37 6 1 410 206
z 1 37 410 206
m37 13 1 410 206
z 1 37 410 206
m37 100 1 410 206
z 1 37 410 206
m37 103 1 410 206
z 1 37 410 206
m37 121 1 410 206
z 1 37 410 206
m37 147 1 410 206
B43 0 457 142
z 0 43 457 142
m43 16 0 457 142
z 0 43 457 142
m43 50 0 457 142
z 0 43 457 142
m43 65 0 457 142
z 0 43 457 142
m43 130 0 457 142
z 0 43 457 142
m43 183 0 457 142
B43 1 457 142
z 1 43 457 142
m43 16 1 457 142
z 1 43 457 142
m43 50 1 457 142
z 1 43 457 142
m43 65 1 457 142
z 1 43 457 142
m43 130 1 457 142
z 1 43 457 142
m43 183 1 457 142
B43 3 457 142
z 3 43 457 142
m43 183 3 7.222222222222222 70.33333333333333 0.6404924949883177
z 3 43 457 142
m43 65 3 7.222222222222222 70.33333333333333 0.6404924949883177
z 3 43 457 142
m43 50 3 7.222222222222222 70.33333333333333 0.6404924949883177
z 3 43 457 142
m43 16 3 7.222222222222222 70.33333333333333 0.6404924949883177
B44 0 266 346
B44 1 266 346
B44 2 266 346
B44 3 266 346
B47 0 409 235
z 0 47 409 235
m47 78 0 409 235
z 0 47 409 235
m47 87 0 409 235
z 0 47 409 235
m47 157 0 409 235
z 0 47 409 235
m47 198 0 409 235
z 0 47 409 235
m47 210 0 409 235
B47 1 409 235
B49 3 55 364
B57 0 427 89
z 0 57 427 89
m57 1 0 427 89
B57 1 427 89
z 1 57 427 89
m57 1 1 427 89
z 1 57 427 89
m57 107 1 427 89
z 1 57 427 89
m57 135 1 427 89
z 1 57 427 89
m57 142 1 427 89
B57 3 427 89
z 3 57 427 89
m57 1 3 7.222222222222222 70.33333333333333 0.6404924949883177
z 3 57 427 89
m57 130 3 7.222222222222222 70.33333333333333 0.6404924949883177
z 3 57 427 89
m57 107 3 7.222222222222222 70.33333333333333 0.6404924949883177
z 3 57 427 89
m57 135 3 7.222222222222222 70.33333333333333 0.6404924949883177
B59 0 262 441
B60 3 349 206
z 3 60 349 206
m60 37 3 6.333333333333334 63.22222222222222 1.0
z 3 60 349 206
m60 47 3 6.333333333333334 63.22222222222222 1.0
z 3 60 349 206
m60 103 3 6.333333333333334 63.22222222222222 1.0
z 3 60 349 206
m60 137 3 6.333333333333334 63.22222222222222 1.0
B77 0 47 430
B77 1 47 430
B77 2 47 430
B79 3 363 191
B94 3 55 396
z 3 94 55 396
m94 161 3 6.666666666666666 70.44444444444444 1.0
B98 0 448 86
z 0 98 448 86
m98 138 0 448 86
B98 1 448 86
z 1 98 448 86
m98 138 1 448 86
B98 3 448 86
z 3 98 448 86
m98 138 3 7.5 76.0 -1.0
B103 0 403 254
z 0 103 403 254
m103 40 0 403 254
B107 0 456 41
z 0 107 456 41
m107 138 0 456 41
B111 2 402 116
z 2 111 402 116
m111 18 2 402 116
z 2 111 402 116
m111 43 2 402 116
z 2 111 402 116
m111 57 2 402 116
z 2 111 402 116
m111 98 2 402 116
z 2 111 402 116
m111 143 2 402 116
z 2 111 402 116
m111 166 2 402 116
B114 0 307 314
z 0 114 307 314
m114 81 0 307 314
B114 1 307 314
z 1 114 307 314
m114 81 1 307 314
z 1 114 307 314
m114 87 1 307 314
B114 2 307 314
z 2 114 307 314
m114 81 2 307 314
z 2 114 307 314
m114 87 2 307 314
z 2 114 307 314
m114 137 2 307 314
z 2 114 307 314
m114 179 2 307 314
z 2 114 307 314
m114 192 2 307 314
B114 3 307 314
z 3 114 307 314
m114 81 3 5.777777777777778 62.0 1.0
z 3 114 307 314
m114 87 3 5.777777777777778 62.0 1.0
z 3 114 307 314
m114 179 3 5.777777777777778 62.0 1.0
B116 0 289 349
B116 1 289 349
B116 2 289 349
B116 3 289 349
B119 0 138 453
z 0 119 138 453
m119 24 0 138 453
z 0 119 138 453
m119 73 0 138 453
B119 1 138 453
z 1 119 138 453
m119 24 1 138 453
z 1 119 138 453
m119 64 1 138 453
z 1 119 138 453
m119 73 1 138 453
B119 2 138 453
z 2 119 138 453
m119 24 2 138 453
z 2 119 138 453
m119 64 2 138 453
z 2 119 138 453
m119 73 2 138 453
B119 3 138 453
z 3 119 138 453
m119 24 3 6.111111111111111 63.0 0.7244460414420888
z 3 119 138 453
m119 64 3 6.111111111111111 63.0 0.7244460414420888
B122 3 22 379
B127 3 48 379
B135 0 464 49
z 0 135 464 49
m135 138 0 464 49
B137 0 311 250
B137 1 311 250
B139 0 153 466
B139 1 153 466
B139 2 153 466
B141 0 108 469
B141 1 108 469
B141 2 108 469
B142 2 420 40
z 2 142 420 40
m142 138 2 420 40
B143 0 417 94
B143 1 417 94
B143 3 417 94
z 3 143 417 94
m143 142 3 6.777777777777778 67.66666666666667 1.0
B153 3 149 407
B154 0 59 432
B154 1 59 432
B154 2 59 432
B159 2 394 121
B161 0 38 443
B161 1 38 443
B161 2 38 443
B164 3 328 219
B166 0 428 183
B166 1 428 183
B166 3 428 183
z 3 166 428 183
m166 100 3 7.222222222222222 70.33333333333333 0.6404924949883177
z 3 166 428 183
m166 13 3 7.222222222222222 70.33333333333333 0.6404924949883177
z 3 166 428 183
m166 6 3 7.222222222222222 70.33333333333333 0.6404924949883177
z 3 166 428 183
m166 147 3 7.222222222222222 70.33333333333333 0.6404924949883177
B174 0 286 322
B174 1 286 322
B174 2 286 322
B174 3 286 322
B179 0 328 287
B179 1 328 287
B186 3 23 371
B187 0 234 366
B187 1 234 366
z 1 187 234 366
m187 27 1 234 366
z 1 187 234 366
m187 216 1 234 366
B187 2 234 366
B187 3 234 366
B191 1 395 73
B191 2 395 73
B191 3 395 73
B192 0 300 278
B192 1 300 278
B192 3 300 278
B193 3 29 365
B197 0 143 449
B197 1 143 449
B197 2 143 449
B197 3 143 449
z 3 197 143 449
m197 73 3 5.888888888888888 62.111111111111114 1.0
B199 3 21 392
z 3 199 21 392
m199 10 3 5.777777777777778 62.22222222222223 1.0
B202 3 361 17
B204 0 270 378
B204 1 270 378
z 1 204 270 378
m204 31 1 270 378
z 1 204 270 378
m204 59 1 270 378
z 1 204 270 378
m204 112 1 270 378
z 1 204 270 378
m204 177 1 270 378
B204 2 270 378
z 2 204 270 378
m204 27 2 270 378
z 2 204 270 378
m204 31 2 270 378
z 2 204 270 378
m204 59 2 270 378
z 2 204 270 378
m204 112 2 270 378
z 2 204 270 378
m204 177 2 270 378
z 2 204 270 378
m204 216 2 270 378
B206 0 66 450
B206 1 66 450
B206 2 66 450
B207 0 120 468
B207 1 120 468
B207 2 120 468
B214 2 329 177
B216 0 234 417
B1 0 449 18
z 0 1 449 18
m1 138 0 449 18
B1 1 449 18
z 1 1 449 18
m1 138 1 449 18
B1 3 449 18
z 3 1 449 18
m1 138 3 7.222222222222222 70.33333333333333 -1.0
B6 0 460 234
B6 1 460 234
z 1 6 460 234
m6 40 1 460 234
z 1 6 460 234
m6 78 1 460 234
z 1 6 460 234
m6 157 1 460 234
z 1 6 460 234
m6 210 1 460 234
B6 3 460 234
z 3 6 460 234
m6 157 3 7.0 65.8 0.6653003028927947
z 3 6 460 234
m6 40 3 7.0 65.8 0.6653003028927947
z 3 6 460 234
m6 210 3 7.0 65.8 0.6653003028927947
z 3 6 460 234
m6 78 3 7.0 65.8 0.6653003028927947
B10 3 10 462
B11 3 58 447
B13 0 456 242
B13 1 456 242
z 1 13 456 242
m13 198 1 456 242
B13 3 456 242
B16 0 497 136
B16 1 497 136
B16 3 497 136
B18 2 453 88
B24 0 184 495
B24 1 184 495
B24 2 184 495
B24 3 184 495
z 3 24 184 495
m24 118 3 5.6 56.800000000000004 1.0
B27 1 242 427
z 1 27 242 427
m27 36 1 242 427
z 1 27 242 427
m27 96 1 242 427
z 1 27 242 427
m27 118 1 242 427
z 1 27 242 427
m27 158 1 242 427
B27 2 242 427
z 2 27 242 427
m27 36 2 242 427
z 2 27 242 427
m27 96 2 242 427
z 2 27 242 427
m27 118 2 242 427
z 2 27 242 427
m27 158 2 242 427
B27 3 242 427
z 3 27 242 427
m27 36 3 6.3999999999999995 64.99999999999999 1.0
z 3 27 242 427
m27 59 3 6.3999999999999995 64.99999999999999 1.0
z 3 27 242 427
m27 96 3 6.3999999999999995 64.99999999999999 1.0
z 3 27 242 427
m27 112 3 6.3999999999999995 64.99999999999999 1.0
z 3 27 242 427
m27 158 3 6.3999999999999995 64.99999999999999 1.0
z 3 27 242 427
m27 177 3 6.3999999999999995 64.99999999999999 1.0
B31 1 239 440
z 1 31 239 440
m31 54 1 239 440
B31 2 239 440
B31 3 239 440
z 3 31 239 440
m31 54 3 5.8999999999999995 61.49999999999999 1.0
B36 0 303 453
z 0 36 303 453
m36 63 0 303 453
z 0 36 303 453
m36 99 0 303 453
z 0 36 303 453
m36 144 0 303 453
z 0 36 303 453
m36 215 0 303 453
B37 3 410 205
z 3 37 410 205
m37 121 3 5.800000000000001 57.0 1.0
B40 0 449 304
z 0 40 449 304
m40 76 0 449 304
z 0 40 449 304
m40 97 0 449 304
z 0 40 449 304
m40 109 0 449 304
z 0 40 449 304
m40 195 0 449 304
B43 2 458 141
B47 3 409 236
z 3 47 409 236
m47 198 3 5.800000000000001 57.0 1.0
B50 0 496 160
B50 1 496 160
B50 3 496 160
B54 0 277 495
B57 2 427 90
B59 1 262 442
B59 2 262 442
z 2 59 262 442
m59 54 2 262 442
B64 0 187 480
B64 1 187 480
B64 2 187 480
B64 3 187 480
B65 0 493 118
B65 1 493 118
B65 3 493 118
B73 0 169 490
B73 1 169 490
B73 2 169 490
B73 3 169 490
B77 3 46 430
B78 0 448 286
B81 0 329 304
B81 1 329 304
B81 2 329 304
B81 3 329 304
B83 0 92 483
B83 1 92 483
B83 2 92 483
B83 3 92 483
B87 0 374 295
B87 1 374 295
B87 2 374 295
z 2 87 374 295
m87 47 2 374 295
z 2 87 374 295
m87 78 2 374 295
z 2 87 374 295
m87 100 2 374 295
z 2 87 374 295
m87 103 2 374 295
z 2 87 374 295
m87 157 2 374 295
z 2 87 374 295
m87 198 2 374 295
z 2 87 374 295
m87 210 2 374 295
B87 3 374 295
B96 0 287 470
B98 2 447 87
z 2 98 447 87
m98 138 2 447 87
B100 0 425 249
B100 1 425 249
B100 3 425 249
B103 1 402 254
B103 3 402 254
B107 1 456 41
z 1 107 456 41
m107 138 1 456 41
B107 3 456 41
z 3 107 456 41
m107 138 3 7.222222222222222 70.33333333333333 -1.0
B112 0 289 443
B112 1 289 443
z 1 112 289 443
m112 99 1 289 443
z 1 112 289 443
m112 144 1 289 443
B112 2 289 443
z 2 112 289 443
m112 99 2 289 443
z 2 112 289 443
m112 144 2 289 443
B118 0 236 480
B121 0 433 231
B121 1 433 231
B130 0 482 113
B130 1 482 113
B130 3 482 113
B135 1 465 50
z 1 135 465 50
m135 138 1 465 50
B135 3 465 50
z 3 135 465 50
m135 138 3 7.222222222222222 70.33333333333333 -1.0
B137 2 311 251
B137 3 311 251
B139 3 154 465
B141 3 107 469
B142 1 419 40
z 1 142 419 40
m142 138 1 419 40
B142 3 419 40
z 3 142 419 40
m142 138 3 6.777777777777778 67.66666666666667 -1.0
B143 2 417 95
z 2 143 417 95
m143 107 2 417 95
z 2 143 417 95
m143 130 2 417 95
z 2 143 417 95
m143 135 2 417 95
B147 0 442 235
B147 1 442 235
B147 3 442 235
B154 3 58 431
B157 0 408 286
B158 0 274 455
B161 3 38 443
B166 2 428 182
z 2 166 428 182
m166 6 2 428 182
z 2 166 428 182
m166 13 2 428 182
z 2 166 428 182
m166 37 2 428 182
z 2 166 428 182
m166 50 2 428 182
z 2 166 428 182
m166 79 2 428 182
z 2 166 428 182
m166 121 2 428 182
z 2 166 428 182
m166 147 2 428 182
B177 0 286 436
B177 1 286 436
B177 2 286 436
B179 2 328 286
B179 3 328 286
B183 0 498 91
z 0 183 498 91
m183 138 0 498 91
B183 1 498 91
z 1 183 498 91
m183 138 1 498 91
B183 3 498 91
z 3 183 498 91
m183 138 3 7.222222222222222 70.33333333333333 -1.0
B192 2 299 279
z 2 192 299 279
m192 164 2 299 279
B198 0 424 301
B204 3 269 377
B206 3 65 450
B207 3 121 468
B210 0 437 297
B216 1 233 417
B216 2 233 417
B216 3 233 417
B6 2 460 235
z 2 6 460 235
m6 40 2 460 235
B13 2 456 243
B36 1 303 454
B36 2 303 454
z 2 36 303 454
m36 63 2 303 454
z 2 36 303 454
m36 215 2 303 454
B36 3 303 454
z 3 36 303 454
m36 63 3 6.181818181818181 60.54545454545453 0.5593254366593052
z 3 36 303 454
m36 215 3 6.181818181818181 60.54545454545453 0.5593254366593052
z 3 36 303 454
m36 144 3 6.181818181818181 60.54545454545453 0.5593254366593052
B37 2 411 204
B40 1 449 303
z 1 40 449 303
m40 76 1 449 303
z 1 40 449 303
m40 97 1 449 303
z 1 40 449 303
m40 109 1 449 303
z 1 40 449 303
m40 195 1 449 303
B40 3 449 303
z 3 40 449 303
m40 109 3 6.727272727272727 61.27272727272727 0.5278734063493022
z 3 40 449 303
m40 76 3 6.727272727272727 61.27272727272727 0.5278734063493022
z 3 40 449 303
m40 97 3 6.727272727272727 61.27272727272727 0.5278734063493022
B47 2 408 236
B50 2 497 160
B54 1 276 495
B54 2 276 495
B54 3 276 495
z 3 54 276 495
m54 99 3 5.454545454545454 55.99999999999999 1.0
B59 3 262 443
B63 0 373 441
z 0 63 373 441
m63 4 0 373 441
z 0 63 373 441
m63 70 0 373 441
z 0 63 373 441
m63 90 0 373 441
z 0 63 373 441
m63 95 0 373 441
z 0 63 373 441
m63 132 0 373 441
z 0 63 373 441
m63 162 0 373 441
z 0 63 373 441
m63 178 0 373 441
z 0 63 373 441
m63 200 0 373 441
B76 0 483 355
z 0 76 483 355
m76 25 0 483 355
z 0 76 483 355
m76 68 0 483 355
z 0 76 483 355
m76 88 0 483 355
z 0 76 483 355
m76 105 0 483 355
z 0 76 483 355
m76 106 0 483 355
z 0 76 483 355
m76 160 0 483 355
z 0 76 483 355
m76 169 0 483 355
B78 1 449 286
B78 2 449 286
B78 3 449 286
z 3 78 449 286
m78 195 3 6.454545454545454 59.909090909090914 1.0
B79 2 365 190
z 2 79 365 190
m79 60 2 365 190
B96 1 287 469
B96 2 287 469
B96 3 287 469
B97 0 443 360
B99 0 326 492
B99 1 326 492
B99 2 326 492
B100 2 426 249
B103 2 401 254
B107 2 456 42
z 2 107 456 42
m107 138 2 456 42
B109 0 485 360
B112 3 289 444
B118 1 236 481
B118 2 236 481
B118 3 236 481
B121 2 432 232
B121 3 432 232
B130 2 483 114
B135 2 465 51
z 2 135 465 51
m135 138 2 465 51
B144 0 356 418
B144 1 356 418
z 1 144 356 418
m144 4 1 356 418
z 1 144 356 418
m144 63 1 356 418
z 1 144 356 418
m144 70 1 356 418
z 1 144 356 418
m144 90 1 356 418
z 1 144 356 418
m144 95 1 356 418
z 1 144 356 418
m144 132 1 356 418
z 1 144 356 418
m144 178 1 356 418
z 1 144 356 418
m144 200 1 356 418
z 1 144 356 418
m144 215 1 356 418
B144 2 356 418
B147 2 443 236
B157 1 407 285
B157 2 407 285
B157 3 407 285
B158 1 274 456
B158 2 274 456
B158 3 274 456
B164 2 329 221
B177 3 285 435
B195 0 473 337
B198 1 423 301
B198 2 423 301
z 2 198 423 301
m198 97 2 423 301
z 2 198 423 301
m198 195 2 423 301
B198 3 423 301
B210 1 436 298
B210 2 436 298
z 2 210 436 298
m210 76 2 436 298
B210 3 436 298
B215 0 369 432
B4 0 409 436
B4 1 409 436
z 1 4 409 436
m4 25 1 409 436
z 1 4 409 436
m4 88 1 409 436
z 1 4 409 436
m4 105 1 409 436
z 1 4 409 436
m4 106 1 409 436
z 1 4 409 436
m4 162 1 409 436
B25 0 482 427
z 0 25 482 427
m25 146 0 482 427
z 0 25 482 427
m25 190 0 482 427
B40 2 448 302
B60 2 350 209
B63 1 373 440
B63 2 373 440
z 2 63 373 440
m63 4 2 373 440
z 2 63 373 440
m63 70 2 373 440
z 2 63 373 440
m63 90 2 373 440
z 2 63 373 440
m63 95 2 373 440
z 2 63 373 440
m63 132 2 373 440
z 2 63 373 440
m63 162 2 373 440
z 2 63 373 440
m63 178 2 373 440
z 2 63 373 440
m63 200 2 373 440
B63 3 373 440
z 3 63 373 440
m63 95 3 6.333333333333332 60.83333333333333 0.8449939377096439
z 3 63 373 440
m63 162 3 6.333333333333332 60.83333333333333 0.8449939377096439
z 3 63 373 440
m63 200 3 6.333333333333332 60.83333333333333 0.8449939377096439
z 3 63 373 440
m63 132 3 6.333333333333332 60.83333333333333 0.8449939377096439
z 3 63 373 440
m63 4 3 6.333333333333332 60.83333333333333 0.8449939377096439
z 3 63 373 440
m63 90 3 6.333333333333332 60.83333333333333 0.8449939377096439
z 3 63 373 440
m63 70 3 6.333333333333332 60.83333333333333 0.8449939377096439
z 3 63 373 440
m63 178 3 6.333333333333332 60.83333333333333 0.8449939377096439
B68 0 486 419
B70 0 382 465
B70 1 382 465
B76 1 482 354
z 1 76 482 354
m76 68 1 482 354
z 1 76 482 354
m76 160 1 482 354
z 1 76 482 354
m76 169 1 482 354
B76 2 482 354
z 2 76 482 354
m76 25 2 482 354
z 2 76 482 354
m76 68 2 482 354
z 2 76 482 354
m76 88 2 482 354
z 2 76 482 354
m76 105 2 482 354
z 2 76 482 354
m76 106 2 482 354
z 2 76 482 354
m76 109 2 482 354
z 2 76 482 354
m76 160 2 482 354
z 2 76 482 354
m76 169 2 482 354
B76 3 482 354
z 3 76 482 354
m76 25 3 6.75 60.25 0.7608825000725886
z 3 76 482 354
m76 68 3 6.75 60.25 0.7608825000725886
z 3 76 482 354
m76 88 3 6.75 60.25 0.7608825000725886
z 3 76 482 354
m76 105 3 6.75 60.25 0.7608825000725886
z 3 76 482 354
m76 106 3 6.75 60.25 0.7608825000725886
z 3 76 482 354
m76 169 3 6.75 60.25 0.7608825000725886
z 3 76 482 354
m76 160 3 6.75 60.25 0.7608825000725886
B88 0 458 408
B90 0 401 422
B90 1 401 422
B95 0 410 388
B95 1 410 388
B97 1 442 361
B97 2 442 361
B97 3 442 361
B99 3 327 491
B105 0 439 391
B106 0 457 404
B109 1 485 361
B109 3 485 361
B132 0 364 394
B132 1 364 394
B144 3 355 419
B160 0 467 382
B162 0 413 481
B169 0 498 386
B178 0 382 436
B178 1 382 436
B195 1 473 338
B195 2 473 338
B195 3 473 338
B200 0 363 387
B200 1 363 387
B215 1 369 431
B215 2 369 431
B215 3 369 431
B4 2 410 435
B4 3 410 435
B25 1 481 427
z 1 25 481 427
m25 146 1 481 427
z 1 25 481 427
m25 190 1 481 427
B25 2 481 427
z 2 25 481 427
m25 146 2 481 427
z 2 25 481 427
m25 190 2 481 427
B25 3 481 427
B68 1 486 420
B68 2 486 420
B68 3 486 420
B70 2 382 466
B70 3 382 466
B88 1 459 407
B88 2 459 407
B88 3 459 407
z 3 88 459 407
m88 190 3 6.3076923076923075 55.69230769230769 1.0
B90 2 402 421
B90 3 402 421
B95 2 410 387
B95 3 410 387
B105 1 439 390
B105 2 439 390
B105 3 439 390
B106 1 456 404
B106 2 456 404
B106 3 456 404
B109 2 486 362
B132 2 364 393
B132 3 364 393
B146 0 486 482
B160 1 466 382
B160 2 466 382
B160 3 466 382
B162 1 412 481
B162 2 412 481
B162 3 412 481
z 3 162 412 481
m162 146 3 5.923076923076922 56.23076923076923 1.0
B169 1 498 385
B169 2 498 385
B169 3 498 385
B178 2 381 436
B178 3 381 436
B190 0 489 446
B200 2 362 386
B200 3 362 386
B146 1 487 482
B146 2 487 482
B146 3 487 482
B190 1 489 445
B190 2 489 445
B190 3 489 445
