170 265 143 341
s 0 488 169 166 0
s 1 197 340 144 0
s 2 336 13 35 0
s 3 85 383 205 0
s 4 255 259 266 0
s 5 29 405 235 0
s 6 58 256 148 0
s 7 197 36 150 0
s 8 132 78 161 0
s 9 448 50 58 0
s 10 438 325 71 0
s 11 496 287 255 0
s 12 37 164 72 0
s 13 377 294 103 0
s 14 393 160 96 0
s 15 99 383 95 0
s 16 169 282 280 0
s 17 292 356 47 0
s 18 310 418 51 0
s 19 9 174 312 0
s 20 480 192 322 0
s 21 240 298 224 0
s 22 433 357 317 0
s 23 236 211 292 0
s 24 154 106 216 0
s 25 25 48 138 0
s 26 302 389 112 0
s 27 372 259 352 0
s 28 372 421 65 0
s 29 442 118 149 0
s 30 16 219 350 0
s 31 164 76 179 0
s 32 84 27 276 0
s 33 302 173 80 0
s 34 314 104 148 0
s 35 341 43 302 0
s 36 93 115 147 0
s 37 45 411 342 0
s 38 373 489 215 0
s 39 404 246 101 0
s 40 153 334 72 0
s 41 328 68 177 0
s 42 402 86 176 0
s 43 482 366 211 0
s 44 317 489 34 0
s 45 212 111 98 0
s 46 2 395 219 0
s 47 63 188 321 0
s 48 188 131 351 0
s 49 413 493 181 0
s 50 382 227 274 0
s 51 487 259 126 0
s 52 162 426 273 0
s 53 33 101 184 0
s 54 412 403 309 0
s 55 37 174 70 0
s 56 202 77 300 0
s 57 230 264 115 0
s 58 60 104 140 0
s 59 263 138 53 0
s 60 40 349 5 0
s 61 467 436 296 0
s 62 139 190 194 0
s 63 323 363 340 0
s 64 143 330 67 0
s 65 254 390 178 0
s 66 300 293 266 0
s 67 150 22 154 0
s 68 109 40 216 0
s 69 167 430 217 0
s 70 82 72 212 0
s 71 143 341 170 0
s 72 49 354 64 0
s 73 456 361 307 0
s 74 295 233 272 0
s 75 280 47 2 0
s 76 334 352 79 0
s 77 106 79 92 0
s 78 338 203 80 0
s 79 197 227 224 0
s 80 423 305 62 0
s 81 490 341 333 0
s 82 34 269 168 0
s 83 193 228 158 0
s 84 292 375 253 0
s 85 27 379 6 0
s 86 314 37 200 0
s 87 455 87 294 0
s 88 288 396 168 0
s 89 201 165 159 0
s 90 49 169 79 0
s 91 464 478 117 0
s 92 494 238 253 0
s 93 374 249 265 0
s 94 53 129 136 0
s 95 81 494 178 0
s 96 493 212 59 0
s 97 416 146 177 0
s 98 200 13 144 0
s 99 206 86 254 0
s 100 104 357 179 0
s 101 482 384 308 0
s 102 310 494 236 0
s 103 146 234 93 0
s 104 477 125 137 0
s 105 129 330 18 0
s 106 335 493 246 0
s 107 453 430 274 0
s 108 72 68 82 0
s 109 421 486 221 0
s 110 49 376 271 0
s 111 457 258 109 0
s 112 310 38 350 0
s 113 281 476 282 0
s 114 320 255 93 0
s 115 44 344 191 0
s 116 326 205 62 0
s 117 48 450 197 0
s 118 152 376 245 0
s 119 437 107 315 0
s 120 464 339 45 0
s 121 480 128 223 0
s 122 43 95 97 0
s 123 259 201 6 0
s 124 269 302 90 0
s 125 393 211 131 0
s 126 278 50 305 0
s 127 106 186 70 0
s 128 399 59 155 0
s 129 128 313 171 0
s 130 121 382 252 0
s 131 72 362 164 0
s 132 495 241 290 0
s 133 176 73 30 0
s 134 383 178 223 0
s 135 360 344 301 0
s 136 148 365 194 0
s 137 54 489 156 0
s 138 170 265 179 0
s 139 31 297 276 0
s 140 211 272 313 0
s 141 351 473 134 0
s 142 111 56 90 0
s 143 354 387 16 0
s 144 248 124 166 0
s 145 356 18 185 0
s 146 127 288 56 0
s 147 376 296 266 0
s 148 26 472 59 0
s 149 217 252 51 0
s 150 317 276 269 0
s 151 421 252 190 0
s 152 445 423 187 0
s 153 308 42 19 0
s 154 213 226 121 0
s 155 151 315 224 0
s 156 359 317 107 0
s 157 230 147 276 0
s 158 166 77 53 0
s 159 91 190 279 0
s 160 274 35 244 0
s 161 290 289 1 0
s 162 292 19 223 0
s 163 182 126 300 0
s 164 351 201 357 0
s 165 325 311 96 0
s 166 334 496 116 0
s 167 405 455 243 0
s 168 194 455 268 0
s 169 331 426 98 0
s 170 472 345 238 0
s 171 417 65 167 0
s 172 309 306 21 0
s 173 115 328 239 0
s 174 498 159 135 0
s 175 311 93 208 0
s 176 116 259 119 0
s 177 493 252 53 0
s 178 420 488 11 0
s 179 247 300 7 0
s 180 308 413 293 0
s 181 39 296 273 0
s 182 395 166 200 0
s 183 98 76 343 0
s 184 272 158 113 0
s 185 426 95 131 0
s 186 28 275 223 0
s 187 71 163 4 0
s 188 218 320 201 0
s 189 69 167 5 0
s 190 384 179 355 0
s 191 430 125 294 0
s 192 0 233 5 0
s 193 66 437 50 0
s 194 128 486 120 0
s 195 455 217 294 0
s 196 49 184 134 0
s 197 297 196 346 0
s 198 40 420 44 0
s 199 142 217 86 0
s 200 145 496 86 0
s 201 70 402 275 0
s 202 137 276 216 0
s 203 407 353 100 0
s 204 121 230 357 0
s 205 270 413 0 0
s 206 468 422 6 0
s 207 136 374 126 0
s 208 416 4 329 0
s 209 199 384 236 0
s 210 105 251 99 0
s 211 376 328 301 0
s 212 203 367 283 0
s 213 130 237 270 0
s 214 114 499 245 0
s 215 300 475 237 0
s 216 119 410 128 0
s 217 494 176 198 0
s 218 277 478 37 0
s 219 222 310 66 0
B138 0 157 265
z 0 138 157 265
m138 16 0 157 265
z 0 138 157 265
m138 40 0 157 265
z 0 138 157 265
m138 57 0 157 265
z 0 138 157 265
m138 64 0 157 265
z 0 138 157 265
m138 79 0 157 265
z 0 138 157 265
m138 83 0 157 265
z 0 138 157 265
m138 103 0 157 265
z 0 138 157 265
m138 129 0 157 265
z 0 138 157 265
m138 140 0 157 265
z 0 138 157 265
m138 146 0 157 265
z 0 138 157 265
m138 149 0 157 265
z 0 138 157 265
m138 154 0 157 265
z 0 138 157 265
m138 155 0 157 265
z 0 138 157 265
m138 176 0 157 265
z 0 138 157 265
m138 199 0 157 265
z 0 138 157 265
m138 202 0 157 265
z 0 138 157 265
m138 204 0 157 265
z 0 138 157 265
m138 210 0 157 265
z 0 138 157 265
m138 213 0 157 265
z 0 138 157 265
m138 219 0 157 265
B138 1 157 265
z 1 138 157 265
m138 16 1 157 265
z 1 138 157 265
m138 40 1 157 265
z 1 138 157 265
m138 57 1 157 265
z 1 138 157 265
m138 64 1 157 265
z 1 138 157 265
m138 79 1 157 265
z 1 138 157 265
m138 83 1 157 265
z 1 138 157 265
m138 103 1 157 265
z 1 138 157 265
m138 129 1 157 265
z 1 138 157 265
m138 140 1 157 265
z 1 138 157 265
m138 146 1 157 265
z 1 138 157 265
m138 149 1 157 265
z 1 138 157 265
m138 154 1 157 265
z 1 138 157 265
m138 155 1 157 265
z 1 138 157 265
m138 176 1 157 265
z 1 138 157 265
m138 199 1 157 265
z 1 138 157 265
m138 202 1 157 265
z 1 138 157 265
m138 204 1 157 265
z 1 138 157 265
m138 210 1 157 265
z 1 138 157 265
m138 213 1 157 265
z 1 138 157 265
m138 219 1 157 265
B138 2 157 265
z 2 138 157 265
m138 16 2 157 265
z 2 138 157 265
m138 40 2 157 265
z 2 138 157 265
m138 57 2 157 265
z 2 138 157 265
m138 64 2 157 265
z 2 138 157 265
m138 79 2 157 265
z 2 138 157 265
m138 83 2 157 265
z 2 138 157 265
m138 103 2 157 265
z 2 138 157 265
m138 129 2 157 265
z 2 138 157 265
m138 140 2 157 265
z 2 138 157 265
m138 146 2 157 265
z 2 138 157 265
m138 149 2 157 265
z 2 138 157 265
m138 154 2 157 265
z 2 138 157 265
m138 155 2 157 265
z 2 138 157 265
m138 176 2 157 265
z 2 138 157 265
m138 199 2 157 265
z 2 138 157 265
m138 202 2 157 265
z 2 138 157 265
m138 204 2 157 265
z 2 138 157 265
m138 210 2 157 265
z 2 138 157 265
m138 213 2 157 265
z 2 138 157 265
m138 219 2 157 265
B138 3 157 265
z 3 138 157 265
m138 16 3 21.0 441.0 1.0
z 3 138 157 265
m138 40 3 21.0 441.0 1.0
z 3 138 157 265
m138 57 3 21.0 441.0 1.0
z 3 138 157 265
m138 64 3 21.0 441.0 1.0
z 3 138 157 265
m138 79 3 21.0 441.0 1.0
z 3 138 157 265
m138 83 3 21.0 441.0 1.0
z 3 138 157 265
m138 103 3 21.0 441.0 1.0
z 3 138 157 265
m138 129 3 21.0 441.0 1.0
z 3 138 157 265
m138 140 3 21.0 441.0 1.0
z 3 138 157 265
m138 146 3 21.0 441.0 1.0
z 3 138 157 265
m138 149 3 21.0 441.0 1.0
z 3 138 157 265
m138 154 3 21.0 441.0 1.0
z 3 138 157 265
m138 155 3 21.0 441.0 1.0
z 3 138 157 265
m138 176 3 21.0 441.0 1.0
z 3 138 157 265
m138 199 3 21.0 441.0 1.0
z 3 138 157 265
m138 202 3 21.0 441.0 1.0
z 3 138 157 265
m138 204 3 21.0 441.0 1.0
z 3 138 157 265
m138 210 3 21.0 441.0 1.0
z 3 138 157 265
m138 213 3 21.0 441.0 1.0
z 3 138 157 265
m138 219 3 21.0 441.0 1.0
B16 0 173 258
z 0 16 173 258
m16 21 0 173 258
z 0 16 173 258
m16 105 0 173 258
z 0 16 173 258
m16 188 0 173 258
B16 1 173 258
B16 2 173 258
B16 3 173 258
z 3 16 173 258
m16 105 3 15.0 297.0 0.7466666666666666
z 3 16 173 258
m16 188 3 15.0 297.0 0.7466666666666666
B40 0 160 357
z 0 40 160 357
m40 71 0 160 357
B40 1 160 357
B40 2 160 357
z 2 40 160 357
m40 71 2 160 357
B40 3 160 357
z 3 40 160 357
m40 71 3 21.0 441.0 -1.0
B57 0 220 286
z 0 57 220 286
m57 4 0 220 286
z 0 57 220 286
m57 21 0 220 286
z 0 57 220 286
m57 66 0 220 286
z 0 57 220 286
m57 124 0 220 286
z 0 57 220 286
m57 179 0 220 286
z 0 57 220 286
m57 188 0 220 286
B57 1 220 286
B57 2 220 286
z 2 57 220 286
m57 4 2 220 286
z 2 57 220 286
m57 21 2 220 286
z 2 57 220 286
m57 66 2 220 286
z 2 57 220 286
m57 124 2 220 286
z 2 57 220 286
m57 179 2 220 286
z 2 57 220 286
m57 188 2 220 286
B57 3 220 286
z 3 57 220 286
m57 4 3 16.0 306.0 1.0
z 3 57 220 286
m57 21 3 16.0 306.0 1.0
z 3 57 220 286
m57 66 3 16.0 306.0 1.0
z 3 57 220 286
m57 124 3 16.0 306.0 1.0
z 3 57 220 286
m57 179 3 16.0 306.0 1.0
z 3 57 220 286
m57 188 3 16.0 306.0 1.0
B64 0 153 353
z 0 64 153 353
m64 71 0 153 353
B64 1 153 353
z 1 64 153 353
m64 71 1 153 353
B64 2 153 353
z 2 64 153 353
m64 71 2 153 353
B64 3 153 353
z 3 64 153 353
m64 71 3 21.0 441.0 -1.0
B79 0 179 209
z 0 79 179 209
m79 23 0 179 209
z 0 79 179 209
m79 62 0 179 209
z 0 79 179 209
m79 89 0 179 209
B79 1 179 209
z 1 79 179 209
m79 23 1 179 209
z 1 79 179 209
m79 62 1 179 209
z 1 79 179 209
m79 89 1 179 209
B79 2 179 209
B79 3 179 209
z 3 79 179 209
m79 23 3 15.333333333333334 299.3333333333333 1.0
z 3 79 179 209
m79 62 3 15.333333333333334 299.3333333333333 1.0
z 3 79 179 209
m79 89 3 15.333333333333334 299.3333333333333 1.0
B83 0 170 237
z 0 83 170 237
m83 21 0 170 237
z 0 83 170 237
m83 23 0 170 237
z 0 83 170 237
m83 89 0 170 237
B83 1 170 237
z 1 83 170 237
m83 21 1 170 237
z 1 83 170 237
m83 23 1 170 237
z 1 83 170 237
m83 89 1 170 237
B83 2 170 237
B83 3 170 237
z 3 83 170 237
m83 21 3 15.333333333333334 299.3333333333333 1.0
z 3 83 170 237
m83 23 3 15.333333333333334 299.3333333333333 1.0
z 3 83 170 237
m83 89 3 15.333333333333334 299.3333333333333 1.0
B103 0 144 259
z 0 103 144 259
m103 62 0 144 259
z 0 103 144 259
m103 127 0 144 259
B103 1 144 259
z 1 103 144 259
m103 62 1 144 259
z 1 103 144 259
m103 127 1 144 259
B103 2 144 259
B103 3 144 259
B129 0 103 317
z 0 129 103 317
m129 71 0 103 317
B129 1 103 317
z 1 129 103 317
m129 71 1 103 317
B129 2 103 317
B129 3 103 317
z 3 129 103 317
m129 71 3 21.0 441.0 -1.0
B140 0 228 254
z 0 140 228 254
m140 4 0 228 254
z 0 140 228 254
m140 21 0 228 254
z 0 140 228 254
m140 23 0 228 254
z 0 140 228 254
m140 179 0 228 254
z 0 140 228 254
m140 188 0 228 254
B140 1 228 254
B140 2 228 254
B140 3 228 254
z 3 140 228 254
m140 4 3 16.0 306.0 1.0
z 3 140 228 254
m140 21 3 16.0 306.0 1.0
z 3 140 228 254
m140 23 3 16.0 306.0 1.0
z 3 140 228 254
m140 179 3 16.0 306.0 1.0
z 3 140 228 254
m140 188 3 16.0 306.0 1.0
B146 0 141 308
z 0 146 141 308
m146 71 0 141 308
B146 1 141 308
B146 2 141 308
B146 3 141 308
z 3 146 141 308
m146 71 3 21.0 441.0 -1.0
B149 0 232 272
z 0 149 232 272
m149 4 0 232 272
z 0 149 232 272
m149 21 0 232 272
z 0 149 232 272
m149 23 0 232 272
z 0 149 232 272
m149 66 0 232 272
z 0 149 232 272
m149 124 0 232 272
z 0 149 232 272
m149 179 0 232 272
z 0 149 232 272
m149 188 0 232 272
B149 1 232 272
z 1 149 232 272
m149 4 1 232 272
z 1 149 232 272
m149 21 1 232 272
z 1 149 232 272
m149 23 1 232 272
z 1 149 232 272
m149 66 1 232 272
z 1 149 232 272
m149 124 1 232 272
z 1 149 232 272
m149 179 1 232 272
z 1 149 232 272
m149 188 1 232 272
B149 2 232 272
z 2 149 232 272
m149 4 2 232 272
z 2 149 232 272
m149 21 2 232 272
z 2 149 232 272
m149 23 2 232 272
z 2 149 232 272
m149 66 2 232 272
z 2 149 232 272
m149 124 2 232 272
z 2 149 232 272
m149 179 2 232 272
z 2 149 232 272
m149 188 2 232 272
B149 3 232 272
z 3 149 232 272
m149 4 3 16.333333333333332 310.3333333333333 1.0
z 3 149 232 272
m149 21 3 16.333333333333332 310.3333333333333 1.0
z 3 149 232 272
m149 23 3 16.333333333333332 310.3333333333333 1.0
z 3 149 232 272
m149 66 3 16.333333333333332 310.3333333333333 1.0
z 3 149 232 272
m149 124 3 16.333333333333332 310.3333333333333 1.0
z 3 149 232 272
m149 179 3 16.333333333333332 310.3333333333333 1.0
z 3 149 232 272
m149 188 3 16.333333333333332 310.3333333333333 1.0
B154 0 200 248
z 0 154 200 248
m154 4 0 200 248
z 0 154 200 248
m154 21 0 200 248
z 0 154 200 248
m154 23 0 200 248
z 0 154 200 248
m154 89 0 200 248
B154 1 200 248
B154 2 200 248
z 2 154 200 248
m154 4 2 200 248
z 2 154 200 248
m154 21 2 200 248
z 2 154 200 248
m154 23 2 200 248
z 2 154 200 248
m154 89 2 200 248
B154 3 200 248
z 3 154 200 248
m154 4 3 15.333333333333334 299.3333333333333 1.0
z 3 154 200 248
m154 21 3 15.333333333333334 299.3333333333333 1.0
z 3 154 200 248
m154 23 3 15.333333333333334 299.3333333333333 1.0
z 3 154 200 248
m154 89 3 15.333333333333334 299.3333333333333 1.0
B155 0 133 298
z 0 155 133 298
m155 71 0 133 298
B155 1 133 298
z 1 155 133 298
m155 71 1 133 298
B155 2 133 298
z 2 155 133 298
m155 71 2 133 298
B155 3 133 298
z 3 155 133 298
m155 71 3 21.0 441.0 -1.0
B176 0 104 281
z 0 176 104 281
m176 71 0 104 281
B176 1 104 281
B176 2 104 281
B176 3 104 281
z 3 176 104 281
m176 71 3 21.0 441.0 -1.0
B199 0 143 241
z 0 199 143 241
m199 62 0 143 241
z 0 199 143 241
m199 127 0 143 241
z 0 199 143 241
m199 159 0 143 241
B199 1 143 241
z 1 199 143 241
m199 62 1 143 241
z 1 199 143 241
m199 127 1 143 241
z 1 199 143 241
m199 159 1 143 241
B199 2 143 241
B199 3 143 241
z 3 199 143 241
m199 159 3 15.0 297.0 0.7466666666666666
z 3 199 143 241
m199 62 3 15.0 297.0 0.7466666666666666
B202 0 117 261
z 0 202 117 261
m202 105 0 117 261
z 0 202 117 261
m202 127 0 117 261
z 0 202 117 261
m202 173 0 117 261
B202 1 117 261
z 1 202 117 261
m202 105 1 117 261
z 1 202 117 261
m202 127 1 117 261
z 1 202 117 261
m202 173 1 117 261
B202 2 117 261
z 2 202 117 261
m202 105 2 117 261
z 2 202 117 261
m202 127 2 117 261
z 2 202 117 261
m202 173 2 117 261
B202 3 117 261
z 3 202 117 261
m202 105 3 15.0 297.0 0.7466666666666666
z 3 202 117 261
m202 127 3 15.0 297.0 0.7466666666666666
B204 0 146 228
z 0 204 146 228
m204 62 0 146 228
z 0 204 146 228
m204 127 0 146 228
z 0 204 146 228
m204 159 0 146 228
B204 1 146 228
z 1 204 146 228
m204 62 1 146 228
z 1 204 146 228
m204 127 1 146 228
z 1 204 146 228
m204 159 1 146 228
B204 2 146 228
z 2 204 146 228
m204 62 2 146 228
z 2 204 146 228
m204 127 2 146 228
z 2 204 146 228
m204 159 2 146 228
B204 3 146 228
z 3 204 146 228
m204 159 3 15.0 297.0 0.7466666666666666
z 3 204 146 228
m204 62 3 15.0 297.0 0.7466666666666666
B210 0 101 275
z 0 210 101 275
m210 6 0 101 275
z 0 210 101 275
m210 127 0 101 275
z 0 210 101 275
m210 139 0 101 275
z 0 210 101 275
m210 173 0 101 275
B210 1 101 275
z 1 210 101 275
m210 6 1 101 275
z 1 210 101 275
m210 127 1 101 275
z 1 210 101 275
m210 139 1 101 275
z 1 210 101 275
m210 173 1 101 275
B210 2 101 275
z 2 210 101 275
m210 6 2 101 275
z 2 210 101 275
m210 127 2 101 275
z 2 210 101 275
m210 139 2 101 275
z 2 210 101 275
m210 173 2 101 275
B210 3 101 275
z 3 210 101 275
m210 6 3 15.666666666666666 302.3333333333333 1.0
z 3 210 101 275
m210 127 3 15.666666666666666 302.3333333333333 1.0
z 3 210 101 275
m210 139 3 15.666666666666666 302.3333333333333 1.0
z 3 210 101 275
m210 173 3 15.666666666666666 302.3333333333333 1.0
B213 0 130 212
z 0 213 130 212
m213 47 0 130 212
z 0 213 130 212
m213 62 0 130 212
z 0 213 130 212
m213 127 0 130 212
z 0 213 130 212
m213 159 0 130 212
B213 1 130 212
z 1 213 130 212
m213 47 1 130 212
z 1 213 130 212
m213 62 1 130 212
z 1 213 130 212
m213 127 1 130 212
z 1 213 130 212
m213 159 1 130 212
B213 2 130 212
z 2 213 130 212
m213 47 2 130 212
z 2 213 130 212
m213 62 2 130 212
z 2 213 130 212
m213 127 2 130 212
z 2 213 130 212
m213 159 2 130 212
B213 3 130 212
z 3 213 130 212
m213 47 3 16.0 306.0 1.0
z 3 213 130 212
m213 62 3 16.0 306.0 1.0
z 3 213 130 212
m213 127 3 16.0 306.0 1.0
z 3 213 130 212
m213 159 3 16.0 306.0 1.0
B219 0 232 333
z 0 219 232 333
m219 1 0 232 333
z 0 219 232 333
m219 21 0 232 333
z 0 219 232 333
m219 124 0 232 333
z 0 219 232 333
m219 179 0 232 333
z 0 219 232 333
m219 188 0 232 333
z 0 219 232 333
m219 209 0 232 333
z 0 219 232 333
m219 212 0 232 333
B219 1 232 333
z 1 219 232 333
m219 1 1 232 333
z 1 219 232 333
m219 21 1 232 333
z 1 219 232 333
m219 124 1 232 333
z 1 219 232 333
m219 179 1 232 333
z 1 219 232 333
m219 188 1 232 333
z 1 219 232 333
m219 209 1 232 333
z 1 219 232 333
m219 212 1 232 333
B219 2 232 333
z 2 219 232 333
m219 1 2 232 333
z 2 219 232 333
m219 21 2 232 333
z 2 219 232 333
m219 124 2 232 333
z 2 219 232 333
m219 179 2 232 333
z 2 219 232 333
m219 188 2 232 333
z 2 219 232 333
m219 209 2 232 333
z 2 219 232 333
m219 212 2 232 333
B219 3 232 333
z 3 219 232 333
m219 1 3 17.0 321.0 1.0
z 3 219 232 333
m219 21 3 17.0 321.0 1.0
z 3 219 232 333
m219 124 3 17.0 321.0 1.0
z 3 219 232 333
m219 179 3 17.0 321.0 1.0
z 3 219 232 333
m219 188 3 17.0 321.0 1.0
z 3 219 232 333
m219 209 3 17.0 321.0 1.0
z 3 219 232 333
m219 212 3 17.0 321.0 1.0
B1 0 167 361
z 0 1 167 361
m1 71 0 167 361
B1 1 167 361
z 1 1 167 361
m1 71 1 167 361
B1 2 167 361
z 2 1 167 361
m1 71 2 167 361
B1 3 167 361
z 3 1 167 361
m1 71 3 17.0 321.0 -1.0
B4 0 252 222
z 0 4 252 222
m4 74 0 252 222
z 0 4 252 222
m4 123 0 252 222
z 0 4 252 222
m4 150 0 252 222
z 0 4 252 222
m4 184 0 252 222
B4 1 252 222
z 1 4 252 222
m4 74 1 252 222
z 1 4 252 222
m4 123 1 252 222
z 1 4 252 222
m4 150 1 252 222
z 1 4 252 222
m4 184 1 252 222
B4 2 252 222
z 2 4 252 222
m4 74 2 252 222
z 2 4 252 222
m4 123 2 252 222
z 2 4 252 222
m4 150 2 252 222
z 2 4 252 222
m4 184 2 252 222
B4 3 252 222
z 3 4 252 222
m4 150 3 13.25 235.75 0.888223812621991
z 3 4 252 222
m4 74 3 13.25 235.75 0.888223812621991
z 3 4 252 222
m4 123 3 13.25 235.75 0.888223812621991
z 3 4 252 222
m4 184 3 13.25 235.75 0.888223812621991
B6 0 26 276
z 0 6 26 276
m6 30 0 26 276
z 0 6 26 276
m6 55 0 26 276
z 0 6 26 276
m6 82 0 26 276
z 0 6 26 276
m6 181 0 26 276
z 0 6 26 276
m6 186 0 26 276
z 0 6 26 276
m6 192 0 26 276
z 0 6 26 276
m6 196 0 26 276
B6 1 26 276
B6 2 26 276
z 2 6 26 276
m6 30 2 26 276
z 2 6 26 276
m6 55 2 26 276
z 2 6 26 276
m6 82 2 26 276
z 2 6 26 276
m6 181 2 26 276
z 2 6 26 276
m6 186 2 26 276
z 2 6 26 276
m6 192 2 26 276
z 2 6 26 276
m6 196 2 26 276
B6 3 26 276
z 3 6 26 276
m6 30 3 13.75 242.75 1.0
z 3 6 26 276
m6 55 3 13.75 242.75 1.0
z 3 6 26 276
m6 82 3 13.75 242.75 1.0
z 3 6 26 276
m6 181 3 13.75 242.75 1.0
z 3 6 26 276
m6 186 3 13.75 242.75 1.0
z 3 6 26 276
m6 192 3 13.75 242.75 1.0
z 3 6 26 276
m6 196 3 13.75 242.75 1.0
B21 0 213 272
B21 1 213 272
B21 2 213 272
B21 3 213 272
B23 0 250 177
z 0 23 250 177
m23 33 0 250 177
z 0 23 250 177
m23 45 0 250 177
z 0 23 250 177
m23 48 0 250 177
z 0 23 250 177
m23 59 0 250 177
z 0 23 250 177
m23 74 0 250 177
z 0 23 250 177
m23 123 0 250 177
z 0 23 250 177
m23 144 0 250 177
z 0 23 250 177
m23 157 0 250 177
z 0 23 250 177
m23 184 0 250 177
B23 1 250 177
B23 2 250 177
B23 3 250 177
z 3 23 250 177
m23 33 3 13.75 244.75 1.0
z 3 23 250 177
m23 45 3 13.75 244.75 1.0
z 3 23 250 177
m23 48 3 13.75 244.75 1.0
z 3 23 250 177
m23 59 3 13.75 244.75 1.0
z 3 23 250 177
m23 74 3 13.75 244.75 1.0
z 3 23 250 177
m23 123 3 13.75 244.75 1.0
z 3 23 250 177
m23 144 3 13.75 244.75 1.0
z 3 23 250 177
m23 157 3 13.75 244.75 1.0
z 3 23 250 177
m23 184 3 13.75 244.75 1.0
B47 0 92 164
z 0 47 92 164
m47 12 0 92 164
z 0 47 92 164
m47 30 0 92 164
z 0 47 92 164
m47 36 0 92 164
z 0 47 92 164
m47 55 0 92 164
z 0 47 92 164
m47 58 0 92 164
z 0 47 92 164
m47 90 0 92 164
z 0 47 92 164
m47 187 0 92 164
z 0 47 92 164
m47 189 0 92 164
B47 1 92 164
z 1 47 92 164
m47 12 1 92 164
z 1 47 92 164
m47 30 1 92 164
z 1 47 92 164
m47 36 1 92 164
z 1 47 92 164
m47 55 1 92 164
z 1 47 92 164
m47 58 1 92 164
z 1 47 92 164
m47 90 1 92 164
z 1 47 92 164
m47 187 1 92 164
z 1 47 92 164
m47 189 1 92 164
B47 2 92 164
B47 3 92 164
z 3 47 92 164
m47 12 3 15.25 271.75 1.0
z 3 47 92 164
m47 30 3 15.25 271.75 1.0
z 3 47 92 164
m47 36 3 15.25 271.75 1.0
z 3 47 92 164
m47 55 3 15.25 271.75 1.0
z 3 47 92 164
m47 58 3 15.25 271.75 1.0
z 3 47 92 164
m47 90 3 15.25 271.75 1.0
z 3 47 92 164
m47 187 3 15.25 271.75 1.0
z 3 47 92 164
m47 189 3 15.25 271.75 1.0
B62 0 103 181
z 0 62 103 181
m62 36 0 103 181
z 0 62 103 181
m62 55 0 103 181
z 0 62 103 181
m62 187 0 103 181
z 0 62 103 181
m62 189 0 103 181
B62 1 103 181
z 1 62 103 181
m62 36 1 103 181
z 1 62 103 181
m62 55 1 103 181
z 1 62 103 181
m62 187 1 103 181
z 1 62 103 181
m62 189 1 103 181
B62 2 103 181
B62 3 103 181
z 3 62 103 181
m62 36 3 13.0 233.5 1.0
z 3 62 103 181
m62 55 3 13.0 233.5 1.0
z 3 62 103 181
m62 187 3 13.0 233.5 1.0
z 3 62 103 181
m62 189 3 13.0 233.5 1.0
B66 0 297 256
z 0 66 297 256
m66 74 0 297 256
z 0 66 297 256
m66 114 0 297 256
z 0 66 297 256
m66 150 0 297 256
z 0 66 297 256
m66 161 0 297 256
z 0 66 297 256
m66 172 0 297 256
B66 1 297 256
z 1 66 297 256
m66 74 1 297 256
z 1 66 297 256
m66 114 1 297 256
z 1 66 297 256
m66 150 1 297 256
z 1 66 297 256
m66 161 1 297 256
z 1 66 297 256
m66 172 1 297 256
B66 2 297 256
B66 3 297 256
z 3 66 297 256
m66 74 3 14.5 254.5 1.0
z 3 66 297 256
m66 114 3 14.5 254.5 1.0
z 3 66 297 256
m66 150 3 14.5 254.5 1.0
z 3 66 297 256
m66 161 3 14.5 254.5 1.0
z 3 66 297 256
m66 172 3 14.5 254.5 1.0
B89 0 166 179
z 0 89 166 179
m89 45 0 166 179
z 0 89 166 179
m89 144 0 166 179
B89 1 166 179
z 1 89 166 179
m89 45 1 166 179
z 1 89 166 179
m89 144 1 166 179
B89 2 166 179
z 2 89 166 179
m89 45 2 166 179
z 2 89 166 179
m89 144 2 166 179
B89 3 166 179
z 3 89 166 179
m89 45 3 12.5 228.5 1.0
z 3 89 166 179
m89 144 3 12.5 228.5 1.0
B105 0 164 342
z 0 105 164 342
m105 71 0 164 342
B105 1 164 342
z 1 105 164 342
m105 71 1 164 342
B105 2 164 342
B105 3 164 342
z 3 105 164 342
m105 71 3 15.0 297.0 -1.0
B124 0 269 339
z 0 124 269 339
m124 17 0 269 339
z 0 124 269 339
m124 84 0 269 339
z 0 124 269 339
m124 88 0 269 339
z 0 124 269 339
m124 161 0 269 339
z 0 124 269 339
m124 165 0 269 339
z 0 124 269 339
m124 172 0 269 339
B124 1 269 339
B124 2 269 339
z 2 124 269 339
m124 17 2 269 339
z 2 124 269 339
m124 84 2 269 339
z 2 124 269 339
m124 88 2 269 339
z 2 124 269 339
m124 161 2 269 339
z 2 124 269 339
m124 165 2 269 339
z 2 124 269 339
m124 172 2 269 339
B124 3 269 339
z 3 124 269 339
m124 17 3 13.75 241.75 1.0
z 3 124 269 339
m124 84 3 13.75 241.75 1.0
z 3 124 269 339
m124 88 3 13.75 241.75 1.0
z 3 124 269 339
m124 161 3 13.75 241.75 1.0
z 3 124 269 339
m124 165 3 13.75 241.75 1.0
z 3 124 269 339
m124 172 3 13.75 241.75 1.0
B127 0 118 221
z 0 127 118 221
m127 55 0 118 221
z 0 127 118 221
m127 187 0 118 221
z 0 127 118 221
m127 189 0 118 221
B127 1 118 221
z 1 127 118 221
m127 55 1 118 221
z 1 127 118 221
m127 187 1 118 221
z 1 127 118 221
m127 189 1 118 221
B127 2 118 221
B127 3 118 221
z 3 127 118 221
m127 55 3 12.75 231.75 1.0
z 3 127 118 221
m127 187 3 12.75 231.75 1.0
z 3 127 118 221
m127 189 3 12.75 231.75 1.0
B139 0 35 260
z 0 139 35 260
m139 30 0 35 260
z 0 139 35 260
m139 55 0 35 260
z 0 139 35 260
m139 82 0 35 260
z 0 139 35 260
m139 181 0 35 260
z 0 139 35 260
m139 186 0 35 260
z 0 139 35 260
m139 192 0 35 260
z 0 139 35 260
m139 196 0 35 260
B139 1 35 260
z 1 139 35 260
m139 30 1 35 260
z 1 139 35 260
m139 55 1 35 260
z 1 139 35 260
m139 82 1 35 260
z 1 139 35 260
m139 181 1 35 260
z 1 139 35 260
m139 186 1 35 260
z 1 139 35 260
m139 192 1 35 260
z 1 139 35 260
m139 196 1 35 260
B139 2 35 260
z 2 139 35 260
m139 30 2 35 260
z 2 139 35 260
m139 55 2 35 260
z 2 139 35 260
m139 82 2 35 260
z 2 139 35 260
m139 181 2 35 260
z 2 139 35 260
m139 186 2 35 260
z 2 139 35 260
m139 192 2 35 260
z 2 139 35 260
m139 196 2 35 260
B139 3 35 260
z 3 139 35 260
m139 30 3 13.75 242.75 1.0
z 3 139 35 260
m139 55 3 13.75 242.75 1.0
z 3 139 35 260
m139 82 3 13.75 242.75 1.0
z 3 139 35 260
m139 181 3 13.75 242.75 1.0
z 3 139 35 260
m139 186 3 13.75 242.75 1.0
z 3 139 35 260
m139 192 3 13.75 242.75 1.0
z 3 139 35 260
m139 196 3 13.75 242.75 1.0
B159 0 97 154
z 0 159 97 154
m159 12 0 97 154
z 0 159 97 154
m159 19 0 97 154
z 0 159 97 154
m159 30 0 97 154
z 0 159 97 154
m159 36 0 97 154
z 0 159 97 154
m159 55 0 97 154
z 0 159 97 154
m159 58 0 97 154
z 0 159 97 154
m159 90 0 97 154
z 0 159 97 154
m159 94 0 97 154
z 0 159 97 154
m159 108 0 97 154
z 0 159 97 154
m159 122 0 97 154
z 0 159 97 154
m159 187 0 97 154
z 0 159 97 154
m159 189 0 97 154
B159 1 97 154
z 1 159 97 154
m159 12 1 97 154
z 1 159 97 154
m159 19 1 97 154
z 1 159 97 154
m159 30 1 97 154
z 1 159 97 154
m159 36 1 97 154
z 1 159 97 154
m159 55 1 97 154
z 1 159 97 154
m159 58 1 97 154
z 1 159 97 154
m159 90 1 97 154
z 1 159 97 154
m159 94 1 97 154
z 1 159 97 154
m159 108 1 97 154
z 1 159 97 154
m159 122 1 97 154
z 1 159 97 154
m159 187 1 97 154
z 1 159 97 154
m159 189 1 97 154
B159 2 97 154
B159 3 97 154
z 3 159 97 154
m159 12 3 14.5 265.0 1.0
z 3 159 97 154
m159 19 3 14.5 265.0 1.0
z 3 159 97 154
m159 30 3 14.5 265.0 1.0
z 3 159 97 154
m159 36 3 14.5 265.0 1.0
z 3 159 97 154
m159 55 3 14.5 265.0 1.0
z 3 159 97 154
m159 58 3 14.5 265.0 1.0
z 3 159 97 154
m159 90 3 14.5 265.0 1.0
z 3 159 97 154
m159 94 3 14.5 265.0 1.0
z 3 159 97 154
m159 108 3 14.5 265.0 1.0
z 3 159 97 154
m159 122 3 14.5 265.0 1.0
z 3 159 97 154
m159 187 3 14.5 265.0 1.0
z 3 159 97 154
m159 189 3 14.5 265.0 1.0
B173 0 96 297
z 0 173 96 297
m173 71 0 96 297
B173 1 96 297
z 1 173 96 297
m173 71 1 96 297
B173 2 96 297
B173 3 96 297
z 3 173 96 297
m173 71 3 15.666666666666666 302.3333333333333 -1.0
B179 0 284 305
z 0 179 284 305
m179 84 0 284 305
z 0 179 284 305
m179 114 0 284 305
z 0 179 284 305
m179 161 0 284 305
z 0 179 284 305
m179 165 0 284 305
z 0 179 284 305
m179 172 0 284 305
B179 1 284 305
z 1 179 284 305
m179 84 1 284 305
z 1 179 284 305
m179 114 1 284 305
z 1 179 284 305
m179 161 1 284 305
z 1 179 284 305
m179 165 1 284 305
z 1 179 284 305
m179 172 1 284 305
B179 2 284 305
z 2 179 284 305
m179 84 2 284 305
z 2 179 284 305
m179 114 2 284 305
z 2 179 284 305
m179 161 2 284 305
z 2 179 284 305
m179 165 2 284 305
z 2 179 284 305
m179 172 2 284 305
B179 3 284 305
z 3 179 284 305
m179 84 3 13.5 238.5 1.0
z 3 179 284 305
m179 114 3 13.5 238.5 1.0
z 3 179 284 305
m179 161 3 13.5 238.5 1.0
z 3 179 284 305
m179 165 3 13.5 238.5 1.0
z 3 179 284 305
m179 172 3 13.5 238.5 1.0
B188 0 183 306
z 0 188 183 306
m188 118 0 183 306
B188 1 183 306
z 1 188 183 306
m188 118 1 183 306
B188 2 183 306
B188 3 183 306
z 3 188 183 306
m188 118 3 11.5 223.0 1.0
B209 0 178 353
z 0 209 178 353
m209 71 0 178 353
B209 1 178 353
z 1 209 178 353
m209 71 1 178 353
B209 2 178 353
B209 3 178 353
z 3 209 178 353
m209 71 3 17.0 321.0 -1.0
B212 0 212 331
z 0 212 212 331
m212 65 0 212 331
z 0 212 212 331
m212 118 0 212 331
B212 1 212 331
z 1 212 212 331
m212 65 1 212 331
z 1 212 212 331
m212 118 1 212 331
B212 2 212 331
z 2 212 212 331
m212 65 2 212 331
z 2 212 212 331
m212 118 2 212 331
B212 3 212 331
B12 0 52 210
B12 1 52 210
B12 3 52 210
B17 0 326 392
z 0 17 326 392
m17 13 0 326 392
z 0 17 326 392
m17 26 0 326 392
z 0 17 326 392
m17 63 0 326 392
z 0 17 326 392
m17 76 0 326 392
z 0 17 326 392
m17 113 0 326 392
z 0 17 326 392
m17 143 0 326 392
z 0 17 326 392
m17 156 0 326 392
z 0 17 326 392
m17 180 0 326 392
z 0 17 326 392
m17 205 0 326 392
z 0 17 326 392
m17 215 0 326 392
B17 2 326 392
z 2 17 326 392
m17 13 2 326 392
z 2 17 326 392
m17 26 2 326 392
z 2 17 326 392
m17 63 2 326 392
z 2 17 326 392
m17 76 2 326 392
z 2 17 326 392
m17 113 2 326 392
z 2 17 326 392
m17 143 2 326 392
z 2 17 326 392
m17 156 2 326 392
z 2 17 326 392
m17 180 2 326 392
z 2 17 326 392
m17 205 2 326 392
z 2 17 326 392
m17 215 2 326 392
B17 3 326 392
z 3 17 326 392
m17 13 3 13.4 222.20000000000002 1.0
z 3 17 326 392
m17 26 3 13.4 222.20000000000002 1.0
z 3 17 326 392
m17 63 3 13.4 222.20000000000002 1.0
z 3 17 326 392
m17 76 3 13.4 222.20000000000002 1.0
z 3 17 326 392
m17 113 3 13.4 222.20000000000002 1.0
z 3 17 326 392
m17 143 3 13.4 222.20000000000002 1.0
z 3 17 326 392
m17 156 3 13.4 222.20000000000002 1.0
z 3 17 326 392
m17 180 3 13.4 222.20000000000002 1.0
z 3 17 326 392
m17 205 3 13.4 222.20000000000002 1.0
z 3 17 326 392
m17 215 3 13.4 222.20000000000002 1.0
B19 0 41 138
z 0 19 41 138
m19 53 0 41 138
B19 1 41 138
B19 3 41 138
z 3 19 41 138
m19 53 3 11.799999999999999 212.2 1.0
B30 0 64 210
B30 1 64 210
B30 2 64 210
z 2 30 64 210
m30 12 2 64 210
z 2 30 64 210
m30 19 2 64 210
z 2 30 64 210
m30 90 2 64 210
z 2 30 64 210
m30 94 2 64 210
z 2 30 64 210
m30 187 2 64 210
z 2 30 64 210
m30 189 2 64 210
B30 3 64 210
B33 0 311 221
z 0 33 311 221
m33 78 0 311 221
z 0 33 311 221
m33 93 0 311 221
z 0 33 311 221
m33 116 0 311 221
z 0 33 311 221
m33 125 0 311 221
z 0 33 311 221
m33 134 0 311 221
z 0 33 311 221
m33 197 0 311 221
B33 3 311 221
z 3 33 311 221
m33 134 3 12.2 203.0 0.603629976580796
z 3 33 311 221
m33 93 3 12.2 203.0 0.603629976580796
z 3 33 311 221
m33 125 3 12.2 203.0 0.603629976580796
z 3 33 311 221
m33 197 3 12.2 203.0 0.603629976580796
z 3 33 311 221
m33 78 3 12.2 203.0 0.603629976580796
B36 0 52 142
z 0 36 52 142
m36 8 0 52 142
z 0 36 52 142
m36 77 0 52 142
z 0 36 52 142
m36 142 0 52 142
B36 1 52 142
z 1 36 52 142
m36 8 1 52 142
z 1 36 52 142
m36 77 1 52 142
z 1 36 52 142
m36 142 1 52 142
B36 3 52 142
B45 0 205 159
z 0 45 205 159
m45 133 0 205 159
z 0 45 205 159
m45 158 0 205 159
z 0 45 205 159
m45 163 0 205 159
B45 1 205 159
z 1 45 205 159
m45 48 1 205 159
z 1 45 205 159
m45 133 1 205 159
z 1 45 205 159
m45 157 1 205 159
z 1 45 205 159
m45 158 1 205 159
z 1 45 205 159
m45 163 1 205 159
B45 2 205 159
z 2 45 205 159
m45 48 2 205 159
z 2 45 205 159
m45 133 2 205 159
z 2 45 205 159
m45 157 2 205 159
z 2 45 205 159
m45 158 2 205 159
z 2 45 205 159
m45 163 2 205 159
B45 3 205 159
B48 0 236 124
z 0 48 236 124
m48 34 0 236 124
z 0 48 236 124
m48 133 0 236 124
z 0 48 236 124
m48 158 0 236 124
z 0 48 236 124
m48 163 0 236 124
z 0 48 236 124
m48 175 0 236 124
B48 3 236 124
z 3 48 236 124
m48 175 3 12.0 200.8 0.3142857142857143
z 3 48 236 124
m48 163 3 12.0 200.8 0.3142857142857143
z 3 48 236 124
m48 158 3 12.0 200.8 0.3142857142857143
B55 0 54 220
B55 1 54 220
B55 2 54 220
z 2 55 54 220
m55 12 2 54 220
z 2 55 54 220
m55 90 2 54 220
B55 3 54 220
B58 0 23 135
z 0 58 23 135
m58 25 0 23 135
z 0 58 23 135
m58 53 0 23 135
z 0 58 23 135
m58 77 0 23 135
B58 1 23 135
z 1 58 23 135
m58 25 1 23 135
z 1 58 23 135
m58 53 1 23 135
z 1 58 23 135
m58 77 1 23 135
B58 3 23 135
B59 0 293 177
z 0 59 293 177
m59 34 0 293 177
z 0 59 293 177
m59 134 0 293 177
z 0 59 293 177
m59 197 0 293 177
B59 3 293 177
z 3 59 293 177
m59 134 3 11.8 199.0 0.0
B65 0 205 391
z 0 65 205 391
m65 52 0 205 391
z 0 65 205 391
m65 168 0 205 391
B65 1 205 391
z 1 65 205 391
m65 52 1 205 391
z 1 65 205 391
m65 88 1 205 391
z 1 65 205 391
m65 168 1 205 391
B65 2 205 391
z 2 65 205 391
m65 52 2 205 391
z 2 65 205 391
m65 168 2 205 391
B74 0 297 184
z 0 74 297 184
m74 78 0 297 184
z 0 74 297 184
m74 116 0 297 184
z 0 74 297 184
m74 134 0 297 184
z 0 74 297 184
m74 197 0 297 184
B74 1 297 184
z 1 74 297 184
m74 33 1 297 184
z 1 74 297 184
m74 59 1 297 184
z 1 74 297 184
m74 78 1 297 184
z 1 74 297 184
m74 116 1 297 184
z 1 74 297 184
m74 134 1 297 184
z 1 74 297 184
m74 197 1 297 184
B74 2 297 184
B74 3 297 184
z 3 74 297 184
m74 78 3 11.6 193.6 0.9465554423156862
z 3 74 297 184
m74 116 3 11.6 193.6 0.9465554423156862
z 3 74 297 184
m74 134 3 11.6 193.6 0.9465554423156862
z 3 74 297 184
m74 197 3 11.6 193.6 0.9465554423156862
B82 0 12 285
z 0 82 12 285
m82 115 0 12 285
B82 1 12 285
z 1 82 12 285
m82 115 1 12 285
B82 2 12 285
z 2 82 12 285
m82 115 2 12 285
B82 3 12 285
z 3 82 12 285
m82 115 3 11.2 194.39999999999998 1.0
B84 0 278 328
z 0 84 278 328
m84 180 0 278 328
B84 1 278 328
z 1 84 278 328
m84 17 1 278 328
z 1 84 278 328
m84 88 1 278 328
z 1 84 278 328
m84 180 1 278 328
B84 2 278 328
B84 3 278 328
B88 0 240 406
z 0 88 240 406
m88 26 0 240 406
z 0 88 240 406
m88 102 0 240 406
z 0 88 240 406
m88 113 0 240 406
z 0 88 240 406
m88 168 0 240 406
z 0 88 240 406
m88 205 0 240 406
z 0 88 240 406
m88 215 0 240 406
B88 2 240 406
z 2 88 240 406
m88 26 2 240 406
z 2 88 240 406
m88 102 2 240 406
z 2 88 240 406
m88 113 2 240 406
z 2 88 240 406
m88 168 2 240 406
z 2 88 240 406
m88 205 2 240 406
z 2 88 240 406
m88 215 2 240 406
B88 3 240 406
z 3 88 240 406
m88 26 3 12.4 203.20000000000002 1.0
z 3 88 240 406
m88 65 3 12.4 203.20000000000002 1.0
z 3 88 240 406
m88 102 3 12.4 203.20000000000002 1.0
z 3 88 240 406
m88 113 3 12.4 203.20000000000002 1.0
z 3 88 240 406
m88 168 3 12.4 203.20000000000002 1.0
z 3 88 240 406
m88 205 3 12.4 203.20000000000002 1.0
z 3 88 240 406
m88 215 3 12.4 203.20000000000002 1.0
B90 0 59 217
B90 1 59 217
B90 3 59 217
B94 0 18 163
z 0 94 18 163
m94 53 0 18 163
B94 1 18 163
z 1 94 18 163
m94 53 1 18 163
B94 3 18 163
z 3 94 18 163
m94 53 3 11.799999999999999 212.2 1.0
B108 0 79 117
z 0 108 79 117
m108 8 0 79 117
z 0 108 79 117
m108 24 0 79 117
z 0 108 79 117
m108 31 0 79 117
z 0 108 79 117
m108 77 0 79 117
z 0 108 79 117
m108 142 0 79 117
z 0 108 79 117
m108 183 0 79 117
B108 1 79 117
z 1 108 79 117
m108 8 1 79 117
z 1 108 79 117
m108 24 1 79 117
z 1 108 79 117
m108 31 1 79 117
z 1 108 79 117
m108 77 1 79 117
z 1 108 79 117
m108 142 1 79 117
z 1 108 79 117
m108 183 1 79 117
B108 3 79 117
z 3 108 79 117
m108 183 3 13.0 221.8 0.2733960650128313
z 3 108 79 117
m108 31 3 13.0 221.8 0.2733960650128313
z 3 108 79 117
m108 24 3 13.0 221.8 0.2733960650128313
z 3 108 79 117
m108 142 3 13.0 221.8 0.2733960650128313
B114 0 317 304
z 0 114 317 304
m114 13 0 317 304
z 0 114 317 304
m114 78 0 317 304
z 0 114 317 304
m114 116 0 317 304
z 0 114 317 304
m114 125 0 317 304
z 0 114 317 304
m114 135 0 317 304
z 0 114 317 304
m114 147 0 317 304
B114 1 317 304
B114 2 317 304
B114 3 317 304
z 3 114 317 304
m114 147 3 13.2 216.4 0.8374368686868685
z 3 114 317 304
m114 125 3 13.2 216.4 0.8374368686868685
z 3 114 317 304
m114 135 3 13.2 216.4 0.8374368686868685
z 3 114 317 304
m114 116 3 13.2 216.4 0.8374368686868685
z 3 114 317 304
m114 13 3 13.2 216.4 0.8374368686868685
z 3 114 317 304
m114 78 3 13.2 216.4 0.8374368686868685
B118 0 132 332
z 0 118 132 332
m118 71 0 132 332
B118 1 132 332
z 1 118 132 332
m118 71 1 132 332
B118 2 132 332
z 2 118 132 332
m118 71 2 132 332
B118 3 132 332
z 3 118 132 332
m118 71 3 11.5 223.0 -1.0
B122 0 37 143
z 0 122 37 143
m122 25 0 37 143
z 0 122 37 143
m122 53 0 37 143
z 0 122 37 143
m122 77 0 37 143
B122 1 37 143
B122 3 37 143
B123 0 308 206
z 0 123 308 206
m123 78 0 308 206
z 0 123 308 206
m123 93 0 308 206
z 0 123 308 206
m123 116 0 308 206
z 0 123 308 206
m123 197 0 308 206
B123 1 308 206
z 1 123 308 206
m123 33 1 308 206
z 1 123 308 206
m123 59 1 308 206
z 1 123 308 206
m123 78 1 308 206
z 1 123 308 206
m123 93 1 308 206
z 1 123 308 206
m123 116 1 308 206
z 1 123 308 206
m123 197 1 308 206
B123 2 308 206
z 2 123 308 206
m123 33 2 308 206
z 2 123 308 206
m123 59 2 308 206
z 2 123 308 206
m123 78 2 308 206
z 2 123 308 206
m123 93 2 308 206
z 2 123 308 206
m123 116 2 308 206
z 2 123 308 206
m123 197 2 308 206
B123 3 308 206
z 3 123 308 206
m123 93 3 11.4 191.79999999999998 0.7301626955621643
z 3 123 308 206
m123 78 3 11.4 191.79999999999998 0.7301626955621643
z 3 123 308 206
m123 116 3 11.4 191.79999999999998 0.7301626955621643
B144 0 200 136
z 0 144 200 136
m144 34 0 200 136
z 0 144 200 136
m144 133 0 200 136
z 0 144 200 136
m144 158 0 200 136
z 0 144 200 136
m144 163 0 200 136
B144 1 200 136
z 1 144 200 136
m144 34 1 200 136
z 1 144 200 136
m144 48 1 200 136
z 1 144 200 136
m144 133 1 200 136
z 1 144 200 136
m144 157 1 200 136
z 1 144 200 136
m144 158 1 200 136
z 1 144 200 136
m144 163 1 200 136
B144 2 200 136
B144 3 200 136
z 3 144 200 136
m144 34 3 11.8 199.0 0.0
B150 0 316 227
z 0 150 316 227
m150 78 0 316 227
z 0 150 316 227
m150 93 0 316 227
z 0 150 316 227
m150 116 0 316 227
z 0 150 316 227
m150 125 0 316 227
z 0 150 316 227
m150 147 0 316 227
z 0 150 316 227
m150 151 0 316 227
z 0 150 316 227
m150 197 0 316 227
B150 1 316 227
B150 2 316 227
z 2 150 316 227
m150 33 2 316 227
z 2 150 316 227
m150 78 2 316 227
z 2 150 316 227
m150 93 2 316 227
z 2 150 316 227
m150 116 2 316 227
z 2 150 316 227
m150 125 2 316 227
z 2 150 316 227
m150 147 2 316 227
z 2 150 316 227
m150 151 2 316 227
z 2 150 316 227
m150 197 2 316 227
B150 3 316 227
z 3 150 316 227
m150 78 3 12.0 198.4 1.0
z 3 150 316 227
m150 93 3 12.0 198.4 1.0
z 3 150 316 227
m150 116 3 12.0 198.4 1.0
z 3 150 316 227
m150 125 3 12.0 198.4 1.0
z 3 150 316 227
m150 147 3 12.0 198.4 1.0
z 3 150 316 227
m150 151 3 12.0 198.4 1.0
z 3 150 316 227
m150 197 3 12.0 198.4 1.0
B157 0 236 99
z 0 157 236 99
m157 34 0 236 99
z 0 157 236 99
m157 41 0 236 99
z 0 157 236 99
m157 133 0 236 99
z 0 157 236 99
m157 158 0 236 99
z 0 157 236 99
m157 163 0 236 99
z 0 157 236 99
m157 175 0 236 99
B157 3 236 99
z 3 157 236 99
m157 41 3 12.6 208.60000000000002 0.9583333333333333
z 3 157 236 99
m157 34 3 12.6 208.60000000000002 0.9583333333333333
z 3 157 236 99
m157 158 3 12.6 208.60000000000002 0.9583333333333333
z 3 157 236 99
m157 175 3 12.6 208.60000000000002 0.9583333333333333
z 3 157 236 99
m157 163 3 12.6 208.60000000000002 0.9583333333333333
z 3 157 236 99
m157 133 3 12.6 208.60000000000002 0.9583333333333333
B161 0 339 290
z 0 161 339 290
m161 13 0 339 290
z 0 161 339 290
m161 39 0 339 290
z 0 161 339 290
m161 63 0 339 290
z 0 161 339 290
m161 78 0 339 290
z 0 161 339 290
m161 116 0 339 290
z 0 161 339 290
m161 135 0 339 290
z 0 161 339 290
m161 147 0 339 290
z 0 161 339 290
m161 151 0 339 290
z 0 161 339 290
m161 156 0 339 290
z 0 161 339 290
m161 211 0 339 290
B161 1 339 290
z 1 161 339 290
m161 13 1 339 290
z 1 161 339 290
m161 39 1 339 290
z 1 161 339 290
m161 63 1 339 290
z 1 161 339 290
m161 78 1 339 290
z 1 161 339 290
m161 116 1 339 290
z 1 161 339 290
m161 135 1 339 290
z 1 161 339 290
m161 147 1 339 290
z 1 161 339 290
m161 151 1 339 290
z 1 161 339 290
m161 156 1 339 290
z 1 161 339 290
m161 211 1 339 290
B161 2 339 290
B161 3 339 290
z 3 161 339 290
m161 13 3 13.8 227.79999999999998 1.0
z 3 161 339 290
m161 39 3 13.8 227.79999999999998 1.0
z 3 161 339 290
m161 63 3 13.8 227.79999999999998 1.0
z 3 161 339 290
m161 78 3 13.8 227.79999999999998 1.0
z 3 161 339 290
m161 116 3 13.8 227.79999999999998 1.0
z 3 161 339 290
m161 135 3 13.8 227.79999999999998 1.0
z 3 161 339 290
m161 147 3 13.8 227.79999999999998 1.0
z 3 161 339 290
m161 151 3 13.8 227.79999999999998 1.0
z 3 161 339 290
m161 156 3 13.8 227.79999999999998 1.0
z 3 161 339 290
m161 211 3 13.8 227.79999999999998 1.0
B165 0 319 360
z 0 165 319 360
m165 13 0 319 360
z 0 165 319 360
m165 63 0 319 360
z 0 165 319 360
m165 76 0 319 360
z 0 165 319 360
m165 156 0 319 360
z 0 165 319 360
m165 180 0 319 360
z 0 165 319 360
m165 205 0 319 360
B165 1 319 360
z 1 165 319 360
m165 13 1 319 360
z 1 165 319 360
m165 17 1 319 360
z 1 165 319 360
m165 63 1 319 360
z 1 165 319 360
m165 76 1 319 360
z 1 165 319 360
m165 156 1 319 360
z 1 165 319 360
m165 180 1 319 360
z 1 165 319 360
m165 205 1 319 360
B165 2 319 360
z 2 165 319 360
m165 13 2 319 360
z 2 165 319 360
m165 63 2 319 360
z 2 165 319 360
m165 76 2 319 360
z 2 165 319 360
m165 156 2 319 360
z 2 165 319 360
m165 180 2 319 360
z 2 165 319 360
m165 205 2 319 360
B165 3 319 360
z 3 165 319 360
m165 13 3 12.4 203.20000000000002 1.0
z 3 165 319 360
m165 63 3 12.4 203.20000000000002 1.0
z 3 165 319 360
m165 76 3 12.4 203.20000000000002 1.0
z 3 165 319 360
m165 156 3 12.4 203.20000000000002 1.0
z 3 165 319 360
m165 180 3 12.4 203.20000000000002 1.0
z 3 165 319 360
m165 205 3 12.4 203.20000000000002 1.0
B172 0 355 324
z 0 172 355 324
m172 13 0 355 324
z 0 172 355 324
m172 63 0 355 324
z 0 172 355 324
m172 76 0 355 324
z 0 172 355 324
m172 135 0 355 324
z 0 172 355 324
m172 147 0 355 324
z 0 172 355 324
m172 156 0 355 324
z 0 172 355 324
m172 180 0 355 324
B172 1 355 324
z 1 172 355 324
m172 13 1 355 324
z 1 172 355 324
m172 17 1 355 324
z 1 172 355 324
m172 63 1 355 324
z 1 172 355 324
m172 76 1 355 324
z 1 172 355 324
m172 135 1 355 324
z 1 172 355 324
m172 147 1 355 324
z 1 172 355 324
m172 156 1 355 324
z 1 172 355 324
m172 180 1 355 324
B172 2 355 324
z 2 172 355 324
m172 13 2 355 324
z 2 172 355 324
m172 63 2 355 324
z 2 172 355 324
m172 76 2 355 324
z 2 172 355 324
m172 135 2 355 324
z 2 172 355 324
m172 147 2 355 324
z 2 172 355 324
m172 156 2 355 324
z 2 172 355 324
m172 180 2 355 324
B172 3 355 324
z 3 172 355 324
m172 147 3 13.4 219.79999999999998 0.9660033167495856
z 3 172 355 324
m172 76 3 13.4 219.79999999999998 0.9660033167495856
z 3 172 355 324
m172 180 3 13.4 219.79999999999998 0.9660033167495856
z 3 172 355 324
m172 156 3 13.4 219.79999999999998 0.9660033167495856
z 3 172 355 324
m172 135 3 13.4 219.79999999999998 0.9660033167495856
z 3 172 355 324
m172 63 3 13.4 219.79999999999998 0.9660033167495856
z 3 172 355 324
m172 13 3 13.4 219.79999999999998 0.9660033167495856
B181 0 41 247
B181 1 41 247
B181 2 41 247
B181 3 41 247
B184 0 253 203
z 0 184 253 203
m184 34 0 253 203
B184 1 253 203
z 1 184 253 203
m184 33 1 253 203
z 1 184 253 203
m184 34 1 253 203
z 1 184 253 203
m184 59 1 253 203
B184 2 253 203
z 2 184 253 203
m184 33 2 253 203
z 2 184 253 203
m184 34 2 253 203
z 2 184 253 203
m184 59 2 253 203
B184 3 253 203
z 3 184 253 203
m184 34 3 10.799999999999999 188.79999999999998 1.0
B186 0 2 238
B186 1 2 238
B186 2 2 238
z 2 186 2 238
m186 12 2 2 238
z 2 186 2 238
m186 90 2 2 238
B186 3 2 238
B187 0 120 166
z 0 187 120 166
m187 77 0 120 166
z 0 187 120 166
m187 142 0 120 166
B187 1 120 166
z 1 187 120 166
m187 77 1 120 166
z 1 187 120 166
m187 142 1 120 166
B187 3 120 166
B189 0 118 172
z 0 189 118 172
m189 77 0 118 172
B189 1 118 172
B189 3 118 172
z 3 189 118 172
m189 77 3 12.399999999999999 217.6 1.0
B192 0 17 279
z 0 192 17 279
m192 115 0 17 279
B192 1 17 279
z 1 192 17 279
m192 115 1 17 279
B192 2 17 279
B192 3 17 279
z 3 192 17 279
m192 115 3 11.2 194.39999999999998 1.0
B196 0 15 219
B196 1 15 219
B196 2 15 219
z 2 196 15 219
m196 12 2 15 219
z 2 196 15 219
m196 90 2 15 219
z 2 196 15 219
m196 94 2 15 219
B196 3 15 219
B8 0 75 98
z 0 8 75 98
m8 67 0 75 98
z 0 8 75 98
m8 70 0 75 98
B8 1 75 98
z 1 8 75 98
m8 67 1 75 98
z 1 8 75 98
m8 70 1 75 98
B12 2 56 222
B13 0 363 353
z 0 13 363 353
m13 43 0 363 353
z 0 13 363 353
m13 167 0 363 353
z 0 13 363 353
m13 203 0 363 353
B13 1 363 353
z 1 13 363 353
m13 43 1 363 353
z 1 13 363 353
m13 143 1 363 353
z 1 13 363 353
m13 167 1 363 353
z 1 13 363 353
m13 203 1 363 353
B13 2 363 353
B13 3 363 353
B17 1 334 401
z 1 17 334 401
m17 26 1 334 401
z 1 17 334 401
m17 102 1 334 401
z 1 17 334 401
m17 106 1 334 401
z 1 17 334 401
m17 113 1 334 401
z 1 17 334 401
m17 166 1 334 401
z 1 17 334 401
m17 167 1 334 401
z 1 17 334 401
m17 215 1 334 401
B19 2 49 129
z 2 19 49 129
m19 8 2 49 129
z 2 19 49 129
m19 25 2 49 129
z 2 19 49 129
m19 36 2 49 129
z 2 19 49 129
m19 53 2 49 129
z 2 19 49 129
m19 58 2 49 129
z 2 19 49 129
m19 77 2 49 129
z 2 19 49 129
m19 108 2 49 129
z 2 19 49 129
m19 122 2 49 129
B24 0 105 70
z 0 24 105 70
m24 7 0 105 70
z 0 24 105 70
m24 67 0 105 70
B24 1 105 70
z 1 24 105 70
m24 7 1 105 70
z 1 24 105 70
m24 67 1 105 70
B24 3 105 70
B25 0 18 91
z 0 25 18 91
m25 70 0 18 91
B25 1 18 91
z 1 25 18 91
m25 70 1 18 91
B26 0 279 445
z 0 26 279 445
m26 18 0 279 445
z 0 26 279 445
m26 38 0 279 445
z 0 26 279 445
m26 106 0 279 445
z 0 26 279 445
m26 141 0 279 445
z 0 26 279 445
m26 166 0 279 445
z 0 26 279 445
m26 169 0 279 445
z 0 26 279 445
m26 218 0 279 445
B26 2 279 445
B26 3 279 445
z 3 26 279 445
m26 18 3 12.333333333333332 193.33333333333331 0.3854346957795234
z 3 26 279 445
m26 169 3 12.333333333333332 193.33333333333331 0.3854346957795234
z 3 26 279 445
m26 141 3 12.333333333333332 193.33333333333331 0.3854346957795234
z 3 26 279 445
m26 38 3 12.333333333333332 193.33333333333331 0.3854346957795234
z 3 26 279 445
m26 218 3 12.333333333333332 193.33333333333331 0.3854346957795234
B31 0 103 77
z 0 31 103 77
m31 7 0 103 77
z 0 31 103 77
m31 67 0 103 77
B31 1 103 77
z 1 31 103 77
m31 7 1 103 77
z 1 31 103 77
m31 67 1 103 77
B31 3 103 77
B33 1 313 233
z 1 33 313 233
m33 125 1 313 233
B33 2 313 233
B34 0 263 136
B34 1 263 136
z 1 34 263 136
m34 41 1 263 136
z 1 34 263 136
m34 175 1 263 136
B34 2 263 136
B34 3 263 136
B39 0 392 305
z 0 39 392 305
m39 27 0 392 305
z 0 39 392 305
m39 43 0 392 305
z 0 39 392 305
m39 51 0 392 305
z 0 39 392 305
m39 111 0 392 305
z 0 39 392 305
m39 170 0 392 305
B39 1 392 305
z 1 39 392 305
m39 27 1 392 305
z 1 39 392 305
m39 43 1 392 305
z 1 39 392 305
m39 51 1 392 305
z 1 39 392 305
m39 111 1 392 305
z 1 39 392 305
m39 125 1 392 305
z 1 39 392 305
m39 170 1 392 305
B39 3 392 305
z 3 39 392 305
m39 27 3 12.333333333333334 194.0 0.0
z 3 39 392 305
m39 51 3 12.333333333333334 194.0 0.0
B41 0 267 71
z 0 41 267 71
m41 75 0 267 71
z 0 41 267 71
m41 86 0 267 71
z 0 41 267 71
m41 145 0 267 71
z 0 41 267 71
m41 162 0 267 71
B41 3 267 71
z 3 41 267 71
m41 75 3 11.666666666666666 182.0 0.8887074829931975
z 3 41 267 71
m41 145 3 11.666666666666666 182.0 0.8887074829931975
z 3 41 267 71
m41 86 3 11.666666666666666 182.0 0.8887074829931975
z 3 41 267 71
m41 162 3 11.666666666666666 182.0 0.8887074829931975
B48 1 248 122
z 1 48 248 122
m48 41 1 248 122
z 1 48 248 122
m48 175 1 248 122
B48 2 248 122
z 2 48 248 122
m48 41 2 248 122
z 2 48 248 122
m48 175 2 248 122
B52 0 166 365
z 0 52 166 365
m52 69 0 166 365
z 0 52 166 365
m52 130 0 166 365
z 0 52 166 365
m52 136 0 166 365
z 0 52 166 365
m52 207 0 166 365
B52 1 166 365
z 1 52 166 365
m52 69 1 166 365
z 1 52 166 365
m52 130 1 166 365
z 1 52 166 365
m52 136 1 166 365
z 1 52 166 365
m52 207 1 166 365
B52 2 166 365
B53 0 12 73
z 0 53 12 73
m53 70 0 12 73
B53 1 12 73
z 1 53 12 73
m53 70 1 12 73
B53 3 12 73
z 3 53 12 73
m53 25 3 10.166666666666666 177.5 1.0
z 3 53 12 73
m53 70 3 10.166666666666666 177.5 1.0
B59 1 300 187
B59 2 300 187
B63 0 380 343
z 0 63 380 343
m63 43 0 380 343
z 0 63 380 343
m63 167 0 380 343
z 0 63 380 343
m63 203 0 380 343
B63 1 380 343
z 1 63 380 343
m63 43 1 380 343
z 1 63 380 343
m63 143 1 380 343
z 1 63 380 343
m63 167 1 380 343
z 1 63 380 343
m63 203 1 380 343
B63 2 380 343
z 2 63 380 343
m63 39 2 380 343
z 2 63 380 343
m63 43 2 380 343
z 2 63 380 343
m63 167 2 380 343
z 2 63 380 343
m63 203 2 380 343
B63 3 380 343
B65 3 193 392
z 3 65 193 392
m65 52 3 10.5 169.5 1.0
B76 0 346 412
z 0 76 346 412
m76 18 0 346 412
z 0 76 346 412
m76 38 0 346 412
z 0 76 346 412
m76 106 0 346 412
z 0 76 346 412
m76 152 0 346 412
z 0 76 346 412
m76 166 0 346 412
z 0 76 346 412
m76 167 0 346 412
z 0 76 346 412
m76 203 0 346 412
B76 1 346 412
z 1 76 346 412
m76 18 1 346 412
z 1 76 346 412
m76 26 1 346 412
z 1 76 346 412
m76 38 1 346 412
z 1 76 346 412
m76 106 1 346 412
z 1 76 346 412
m76 113 1 346 412
z 1 76 346 412
m76 143 1 346 412
z 1 76 346 412
m76 152 1 346 412
z 1 76 346 412
m76 166 1 346 412
z 1 76 346 412
m76 167 1 346 412
z 1 76 346 412
m76 203 1 346 412
B76 2 346 412
B76 3 346 412
z 3 76 346 412
m76 166 3 12.5 195.83333333333331 0.5881226053639848
z 3 76 346 412
m76 18 3 12.5 195.83333333333331 0.5881226053639848
z 3 76 346 412
m76 203 3 12.5 195.83333333333331 0.5881226053639848
z 3 76 346 412
m76 38 3 12.5 195.83333333333331 0.5881226053639848
z 3 76 346 412
m76 106 3 12.5 195.83333333333331 0.5881226053639848
z 3 76 346 412
m76 152 3 12.5 195.83333333333331 0.5881226053639848
B77 0 103 140
B77 1 103 140
B77 3 103 140
z 3 77 103 140
m77 8 3 10.499999999999998 181.5 1.0
B78 0 349 263
z 0 78 349 263
m78 14 0 349 263
B78 1 349 263
z 1 78 349 263
m78 14 1 349 263
z 1 78 349 263
m78 125 1 349 263
B78 2 349 263
z 2 78 349 263
m78 14 2 349 263
B78 3 349 263
B88 1 228 409
z 1 88 228 409
m88 26 1 228 409
z 1 88 228 409
m88 102 1 228 409
z 1 88 228 409
m88 113 1 228 409
z 1 88 228 409
m88 215 1 228 409
B90 2 61 228
B93 0 369 188
z 0 93 369 188
m93 0 0 369 188
z 0 93 369 188
m93 14 0 369 188
z 0 93 369 188
m93 27 0 369 188
z 0 93 369 188
m93 50 0 369 188
z 0 93 369 188
m93 97 0 369 188
z 0 93 369 188
m93 164 0 369 188
z 0 93 369 188
m93 182 0 369 188
z 0 93 369 188
m93 190 0 369 188
B93 1 369 188
z 1 93 369 188
m93 0 1 369 188
z 1 93 369 188
m93 14 1 369 188
z 1 93 369 188
m93 27 1 369 188
z 1 93 369 188
m93 50 1 369 188
z 1 93 369 188
m93 97 1 369 188
z 1 93 369 188
m93 125 1 369 188
z 1 93 369 188
m93 164 1 369 188
z 1 93 369 188
m93 182 1 369 188
z 1 93 369 188
m93 190 1 369 188
B93 2 369 188
z 2 93 369 188
m93 0 2 369 188
z 2 93 369 188
m93 14 2 369 188
z 2 93 369 188
m93 27 2 369 188
z 2 93 369 188
m93 50 2 369 188
z 2 93 369 188
m93 97 2 369 188
z 2 93 369 188
m93 164 2 369 188
z 2 93 369 188
m93 182 2 369 188
z 2 93 369 188
m93 190 2 369 188
B93 3 369 188
z 3 93 369 188
m93 27 3 11.833333333333332 185.83333333333331 0.8667375736012111
z 3 93 369 188
m93 190 3 11.833333333333332 185.83333333333331 0.8667375736012111
z 3 93 369 188
m93 0 3 11.833333333333332 185.83333333333331 0.8667375736012111
z 3 93 369 188
m93 182 3 11.833333333333332 185.83333333333331 0.8667375736012111
z 3 93 369 188
m93 164 3 11.833333333333332 185.83333333333331 0.8667375736012111
z 3 93 369 188
m93 97 3 11.833333333333332 185.83333333333331 0.8667375736012111
z 3 93 369 188
m93 14 3 11.833333333333332 185.83333333333331 0.8667375736012111
z 3 93 369 188
m93 50 3 11.833333333333332 185.83333333333331 0.8667375736012111
B94 2 9 171
z 2 94 9 171
m94 36 2 9 171
z 2 94 9 171
m94 58 2 9 171
z 2 94 9 171
m94 122 2 9 171
B102 0 276 444
z 0 102 276 444
m102 38 0 276 444
z 0 102 276 444
m102 106 0 276 444
z 0 102 276 444
m102 141 0 276 444
z 0 102 276 444
m102 166 0 276 444
z 0 102 276 444
m102 169 0 276 444
z 0 102 276 444
m102 218 0 276 444
B102 2 276 444
z 2 102 276 444
m102 38 2 276 444
z 2 102 276 444
m102 106 2 276 444
z 2 102 276 444
m102 141 2 276 444
z 2 102 276 444
m102 166 2 276 444
z 2 102 276 444
m102 169 2 276 444
z 2 102 276 444
m102 218 2 276 444
B102 3 276 444
z 3 102 276 444
m102 38 3 11.5 177.5 1.0
z 3 102 276 444
m102 106 3 11.5 177.5 1.0
z 3 102 276 444
m102 141 3 11.5 177.5 1.0
z 3 102 276 444
m102 166 3 11.5 177.5 1.0
z 3 102 276 444
m102 169 3 11.5 177.5 1.0
z 3 102 276 444
m102 218 3 11.5 177.5 1.0
B113 0 294 416
z 0 113 294 416
m113 18 0 294 416
z 0 113 294 416
m113 38 0 294 416
z 0 113 294 416
m113 106 0 294 416
z 0 113 294 416
m113 141 0 294 416
z 0 113 294 416
m113 166 0 294 416
z 0 113 294 416
m113 169 0 294 416
z 0 113 294 416
m113 218 0 294 416
B113 2 294 416
z 2 113 294 416
m113 18 2 294 416
z 2 113 294 416
m113 38 2 294 416
z 2 113 294 416
m113 106 2 294 416
z 2 113 294 416
m113 141 2 294 416
z 2 113 294 416
m113 166 2 294 416
z 2 113 294 416
m113 169 2 294 416
z 2 113 294 416
m113 218 2 294 416
B113 3 294 416
z 3 113 294 416
m113 169 3 12.333333333333332 193.33333333333331 0.3854346957795234
z 3 113 294 416
m113 18 3 12.333333333333332 193.33333333333331 0.3854346957795234
z 3 113 294 416
m113 141 3 12.333333333333332 193.33333333333331 0.3854346957795234
z 3 113 294 416
m113 218 3 12.333333333333332 193.33333333333331 0.3854346957795234
z 3 113 294 416
m113 38 3 12.333333333333332 193.33333333333331 0.3854346957795234
B115 0 3 351
z 0 115 3 351
m115 3 0 3 351
z 0 115 3 351
m115 5 0 3 351
z 0 115 3 351
m115 46 0 3 351
z 0 115 3 351
m115 100 0 3 351
z 0 115 3 351
m115 110 0 3 351
z 0 115 3 351
m115 131 0 3 351
B115 1 3 351
z 1 115 3 351
m115 3 1 3 351
z 1 115 3 351
m115 5 1 3 351
z 1 115 3 351
m115 46 1 3 351
z 1 115 3 351
m115 100 1 3 351
z 1 115 3 351
m115 110 1 3 351
z 1 115 3 351
m115 131 1 3 351
B115 2 3 351
z 2 115 3 351
m115 3 2 3 351
z 2 115 3 351
m115 5 2 3 351
z 2 115 3 351
m115 46 2 3 351
z 2 115 3 351
m115 100 2 3 351
z 2 115 3 351
m115 110 2 3 351
z 2 115 3 351
m115 131 2 3 351
B115 3 3 351
z 3 115 3 351
m115 3 3 10.5 170.16666666666663 1.0
z 3 115 3 351
m115 5 3 10.5 170.16666666666663 1.0
z 3 115 3 351
m115 46 3 10.5 170.16666666666663 1.0
z 3 115 3 351
m115 100 3 10.5 170.16666666666663 1.0
z 3 115 3 351
m115 110 3 10.5 170.16666666666663 1.0
z 3 115 3 351
m115 131 3 10.5 170.16666666666663 1.0
B116 0 354 259
z 0 116 354 259
m116 14 0 354 259
z 0 116 354 259
m116 164 0 354 259
B116 1 354 259
z 1 116 354 259
m116 14 1 354 259
z 1 116 354 259
m116 125 1 354 259
z 1 116 354 259
m116 164 1 354 259
B116 2 354 259
z 2 116 354 259
m116 14 2 354 259
z 2 116 354 259
m116 164 2 354 259
z 2 116 354 259
m116 211 2 354 259
B116 3 354 259
z 3 116 354 259
m116 164 3 10.166666666666666 162.83333333333334 0.38321484369737285
B125 0 353 257
z 0 125 353 257
m125 14 0 353 257
z 0 125 353 257
m125 27 0 353 257
z 0 125 353 257
m125 164 0 353 257
B125 2 353 257
B125 3 353 257
B133 0 229 103
z 0 133 229 103
m133 56 0 229 103
z 0 133 229 103
m133 99 0 229 103
B133 1 229 103
z 1 133 229 103
m133 41 1 229 103
z 1 133 229 103
m133 56 1 229 103
z 1 133 229 103
m133 99 1 229 103
z 1 133 229 103
m133 175 1 229 103
B133 2 229 103
z 2 133 229 103
m133 41 2 229 103
z 2 133 229 103
m133 56 2 229 103
z 2 133 229 103
m133 99 2 229 103
z 2 133 229 103
m133 175 2 229 103
B133 3 229 103
B134 0 338 136
z 0 134 338 136
m134 29 0 338 136
z 0 134 338 136
m134 42 0 338 136
z 0 134 338 136
m134 50 0 338 136
z 0 134 338 136
m134 97 0 338 136
z 0 134 338 136
m134 128 0 338 136
z 0 134 338 136
m134 182 0 338 136
z 0 134 338 136
m134 185 0 338 136
B134 1 338 136
z 1 134 338 136
m134 29 1 338 136
z 1 134 338 136
m134 42 1 338 136
z 1 134 338 136
m134 50 1 338 136
z 1 134 338 136
m134 97 1 338 136
z 1 134 338 136
m134 128 1 338 136
z 1 134 338 136
m134 182 1 338 136
z 1 134 338 136
m134 185 1 338 136
B134 3 338 136
z 3 134 338 136
m134 50 3 11.5 179.83333333333331 0.783533277640413
z 3 134 338 136
m134 29 3 11.5 179.83333333333331 0.783533277640413
z 3 134 338 136
m134 128 3 11.5 179.83333333333331 0.783533277640413
z 3 134 338 136
m134 185 3 11.5 179.83333333333331 0.783533277640413
z 3 134 338 136
m134 42 3 11.5 179.83333333333331 0.783533277640413
z 3 134 338 136
m134 97 3 11.5 179.83333333333331 0.783533277640413
z 3 134 338 136
m134 182 3 11.5 179.83333333333331 0.783533277640413
B135 0 392 291
z 0 135 392 291
m135 27 0 392 291
z 0 135 392 291
m135 43 0 392 291
z 0 135 392 291
m135 51 0 392 291
z 0 135 392 291
m135 111 0 392 291
z 0 135 392 291
m135 170 0 392 291
B135 1 392 291
z 1 135 392 291
m135 27 1 392 291
z 1 135 392 291
m135 43 1 392 291
z 1 135 392 291
m135 51 1 392 291
z 1 135 392 291
m135 111 1 392 291
z 1 135 392 291
m135 125 1 392 291
z 1 135 392 291
m135 170 1 392 291
B135 2 392 291
B135 3 392 291
z 3 135 392 291
m135 51 3 11.833333333333334 184.5 0.4048153291818038
z 3 135 392 291
m135 27 3 11.833333333333334 184.5 0.4048153291818038
z 3 135 392 291
m135 43 3 11.833333333333334 184.5 0.4048153291818038
B142 0 111 117
z 0 142 111 117
m142 67 0 111 117
B142 1 111 117
z 1 142 111 117
m142 67 1 111 117
B142 3 111 117
B143 0 413 404
z 0 143 413 404
m143 10 0 413 404
z 0 143 413 404
m143 43 0 413 404
z 0 143 413 404
m143 54 0 413 404
z 0 143 413 404
m143 107 0 413 404
z 0 143 413 404
m143 109 0 413 404
z 0 143 413 404
m143 152 0 413 404
z 0 143 413 404
m143 167 0 413 404
z 0 143 413 404
m143 203 0 413 404
B143 2 413 404
B143 3 413 404
z 3 143 413 404
m143 43 3 12.833333333333332 201.83333333333331 0.8658307210031349
z 3 143 413 404
m143 54 3 12.833333333333332 201.83333333333331 0.8658307210031349
z 3 143 413 404
m143 109 3 12.833333333333332 201.83333333333331 0.8658307210031349
z 3 143 413 404
m143 107 3 12.833333333333332 201.83333333333331 0.8658307210031349
z 3 143 413 404
m143 10 3 12.833333333333332 201.83333333333331 0.8658307210031349
z 3 143 413 404
m143 167 3 12.833333333333332 201.83333333333331 0.8658307210031349
z 3 143 413 404
m143 152 3 12.833333333333332 201.83333333333331 0.8658307210031349
z 3 143 413 404
m143 203 3 12.833333333333332 201.83333333333331 0.8658307210031349
B147 0 371 235
z 0 147 371 235
m147 14 0 371 235
z 0 147 371 235
m147 27 0 371 235
B147 1 371 235
z 1 147 371 235
m147 14 1 371 235
z 1 147 371 235
m147 27 1 371 235
z 1 147 371 235
m147 125 1 371 235
B147 2 371 235
B147 3 371 235
B151 0 361 241
z 0 151 361 241
m151 14 0 361 241
z 0 151 361 241
m151 27 0 361 241
z 0 151 361 241
m151 164 0 361 241
B151 1 361 241
z 1 151 361 241
m151 14 1 361 241
z 1 151 361 241
m151 27 1 361 241
z 1 151 361 241
m151 125 1 361 241
z 1 151 361 241
m151 164 1 361 241
B151 2 361 241
z 2 151 361 241
m151 14 2 361 241
z 2 151 361 241
m151 27 2 361 241
z 2 151 361 241
m151 39 2 361 241
z 2 151 361 241
m151 164 2 361 241
z 2 151 361 241
m151 211 2 361 241
B151 3 361 241
z 3 151 361 241
m151 27 3 10.666666666666666 168.0 0.338251072961373
B156 0 341 376
z 0 156 341 376
m156 152 0 341 376
z 0 156 341 376
m156 167 0 341 376
z 0 156 341 376
m156 203 0 341 376
B156 1 341 376
B156 2 341 376
z 2 156 341 376
m156 152 2 341 376
z 2 156 341 376
m156 167 2 341 376
z 2 156 341 376
m156 203 2 341 376
B156 3 341 376
B157 1 237 87
z 1 157 237 87
m157 41 1 237 87
z 1 157 237 87
m157 56 1 237 87
z 1 157 237 87
m157 175 1 237 87
B157 2 237 87
z 2 157 237 87
m157 41 2 237 87
z 2 157 237 87
m157 56 2 237 87
z 2 157 237 87
m157 175 2 237 87
B158 0 203 126
z 0 158 203 126
m158 7 0 203 126
B158 1 203 126
z 1 158 203 126
m158 7 1 203 126
B158 2 203 126
B158 3 203 126
z 3 158 203 126
m158 7 3 10.166666666666666 167.5 1.0
B163 0 213 73
z 0 163 213 73
m163 7 0 213 73
z 0 163 213 73
m163 56 0 213 73
z 0 163 213 73
m163 98 0 213 73
z 0 163 213 73
m163 99 0 213 73
B163 1 213 73
z 1 163 213 73
m163 7 1 213 73
z 1 163 213 73
m163 56 1 213 73
z 1 163 213 73
m163 98 1 213 73
z 1 163 213 73
m163 99 1 213 73
z 1 163 213 73
m163 175 1 213 73
B163 2 213 73
B163 3 213 73
z 3 163 213 73
m163 7 3 10.666666666666666 170.0 0.2555860320823244
z 3 163 213 73
m163 98 3 10.666666666666666 170.0 0.2555860320823244
B168 0 192 394
z 0 168 192 394
m168 69 0 192 394
z 0 168 192 394
m168 200 0 192 394
B168 1 192 394
z 1 168 192 394
m168 69 1 192 394
z 1 168 192 394
m168 200 1 192 394
B168 2 192 394
B168 3 192 394
B175 0 257 64
z 0 175 257 64
m175 56 0 257 64
z 0 175 257 64
m175 75 0 257 64
z 0 175 257 64
m175 86 0 257 64
z 0 175 257 64
m175 126 0 257 64
z 0 175 257 64
m175 145 0 257 64
z 0 175 257 64
m175 162 0 257 64
B175 3 257 64
z 3 175 257 64
m175 126 3 11.166666666666666 175.5 0.41859140823038044
z 3 175 257 64
m175 75 3 11.166666666666666 175.5 0.41859140823038044
z 3 175 257 64
m175 145 3 11.166666666666666 175.5 0.41859140823038044
z 3 175 257 64
m175 86 3 11.166666666666666 175.5 0.41859140823038044
B180 0 332 357
z 0 180 332 357
m180 167 0 332 357
B180 1 332 357
z 1 180 332 357
m180 113 1 332 357
z 1 180 332 357
m180 167 1 332 357
B180 2 332 357
z 2 180 332 357
m180 167 2 332 357
B180 3 332 357
z 3 180 332 357
m180 167 3 11.333333333333332 185.33333333333331 1.0
B183 0 157 58
z 0 183 157 58
m183 7 0 157 58
z 0 183 157 58
m183 67 0 157 58
z 0 183 157 58
m183 98 0 157 58
z 0 183 157 58
m183 99 0 157 58
B183 1 157 58
z 1 183 157 58
m183 7 1 157 58
z 1 183 157 58
m183 67 1 157 58
z 1 183 157 58
m183 98 1 157 58
z 1 183 157 58
m183 99 1 157 58
B183 3 157 58
z 3 183 157 58
m183 8 3 11.666666666666668 189.0 0.1845685312462103
z 3 183 157 58
m183 67 3 11.666666666666668 189.0 0.1845685312462103
B187 2 132 167
z 2 187 132 167
m187 36 2 132 167
z 2 187 132 167
m187 77 2 132 167
z 2 187 132 167
m187 108 2 132 167
z 2 187 132 167
m187 142 2 132 167
B189 2 130 173
z 2 189 130 173
m189 77 2 130 173
z 2 189 130 173
m189 108 2 130 173
z 2 189 130 173
m189 142 2 130 173
B197 0 356 181
z 0 197 356 181
m197 14 0 356 181
z 0 197 356 181
m197 29 0 356 181
z 0 197 356 181
m197 50 0 356 181
z 0 197 356 181
m197 97 0 356 181
z 0 197 356 181
m197 164 0 356 181
z 0 197 356 181
m197 182 0 356 181
B197 1 356 181
z 1 197 356 181
m197 14 1 356 181
z 1 197 356 181
m197 29 1 356 181
z 1 197 356 181
m197 50 1 356 181
z 1 197 356 181
m197 97 1 356 181
z 1 197 356 181
m197 125 1 356 181
z 1 197 356 181
m197 164 1 356 181
z 1 197 356 181
m197 182 1 356 181
B197 2 356 181
z 2 197 356 181
m197 14 2 356 181
z 2 197 356 181
m197 29 2 356 181
z 2 197 356 181
m197 50 2 356 181
z 2 197 356 181
m197 97 2 356 181
z 2 197 356 181
m197 134 2 356 181
z 2 197 356 181
m197 164 2 356 181
z 2 197 356 181
m197 182 2 356 181
B197 3 356 181
z 3 197 356 181
m197 164 3 11.333333333333332 177.33333333333331 0.7226906537437119
z 3 197 356 181
m197 14 3 11.333333333333332 177.33333333333331 0.7226906537437119
z 3 197 356 181
m197 29 3 11.333333333333332 177.33333333333331 0.7226906537437119
z 3 197 356 181
m197 182 3 11.333333333333332 177.33333333333331 0.7226906537437119
z 3 197 356 181
m197 50 3 11.333333333333332 177.33333333333331 0.7226906537437119
B205 0 331 413
z 0 205 331 413
m205 18 0 331 413
z 0 205 331 413
m205 38 0 331 413
z 0 205 331 413
m205 44 0 331 413
z 0 205 331 413
m205 106 0 331 413
z 0 205 331 413
m205 141 0 331 413
z 0 205 331 413
m205 166 0 331 413
z 0 205 331 413
m205 167 0 331 413
z 0 205 331 413
m205 169 0 331 413
B205 1 331 413
z 1 205 331 413
m205 18 1 331 413
z 1 205 331 413
m205 26 1 331 413
z 1 205 331 413
m205 38 1 331 413
z 1 205 331 413
m205 44 1 331 413
z 1 205 331 413
m205 102 1 331 413
z 1 205 331 413
m205 106 1 331 413
z 1 205 331 413
m205 113 1 331 413
z 1 205 331 413
m205 141 1 331 413
z 1 205 331 413
m205 166 1 331 413
z 1 205 331 413
m205 167 1 331 413
z 1 205 331 413
m205 169 1 331 413
z 1 205 331 413
m205 215 1 331 413
B205 2 331 413
z 2 205 331 413
m205 18 2 331 413
z 2 205 331 413
m205 38 2 331 413
z 2 205 331 413
m205 44 2 331 413
z 2 205 331 413
m205 106 2 331 413
z 2 205 331 413
m205 141 2 331 413
z 2 205 331 413
m205 166 2 331 413
z 2 205 331 413
m205 167 2 331 413
z 2 205 331 413
m205 169 2 331 413
B205 3 331 413
z 3 205 331 413
m205 169 3 12.666666666666666 198.66666666666666 0.7434966727162735
z 3 205 331 413
m205 44 3 12.666666666666666 198.66666666666666 0.7434966727162735
z 3 205 331 413
m205 141 3 12.666666666666666 198.66666666666666 0.7434966727162735
z 3 205 331 413
m205 18 3 12.666666666666666 198.66666666666666 0.7434966727162735
z 3 205 331 413
m205 166 3 12.666666666666666 198.66666666666666 0.7434966727162735
z 3 205 331 413
m205 167 3 12.666666666666666 198.66666666666666 0.7434966727162735
z 3 205 331 413
m205 38 3 12.666666666666666 198.66666666666666 0.7434966727162735
B211 0 407 276
z 0 211 407 276
m211 27 0 407 276
z 0 211 407 276
m211 43 0 407 276
z 0 211 407 276
m211 51 0 407 276
z 0 211 407 276
m211 111 0 407 276
z 0 211 407 276
m211 170 0 407 276
B211 1 407 276
z 1 211 407 276
m211 27 1 407 276
z 1 211 407 276
m211 43 1 407 276
z 1 211 407 276
m211 51 1 407 276
z 1 211 407 276
m211 111 1 407 276
z 1 211 407 276
m211 125 1 407 276
z 1 211 407 276
m211 170 1 407 276
B211 3 407 276
z 3 211 407 276
m211 43 3 12.333333333333334 194.0 0.0
z 3 211 407 276
m211 51 3 12.333333333333334 194.0 0.0
B215 0 266 424
z 0 215 266 424
m215 106 0 266 424
z 0 215 266 424
m215 141 0 266 424
z 0 215 266 424
m215 166 0 266 424
z 0 215 266 424
m215 169 0 266 424
B215 2 266 424
z 2 215 266 424
m215 106 2 266 424
z 2 215 266 424
m215 141 2 266 424
z 2 215 266 424
m215 166 2 266 424
z 2 215 266 424
m215 169 2 266 424
B215 3 266 424
z 3 215 266 424
m215 169 3 12.333333333333332 193.33333333333331 0.3854346957795234
z 3 215 266 424
m215 141 3 12.333333333333332 193.33333333333331 0.3854346957795234
B0 0 417 187
z 0 0 417 187
m0 11 0 417 187
z 0 0 417 187
m0 20 0 417 187
z 0 0 417 187
m0 92 0 417 187
z 0 0 417 187
m0 96 0 417 187
z 0 0 417 187
m0 104 0 417 187
z 0 0 417 187
m0 132 0 417 187
z 0 0 417 187
m0 174 0 417 187
z 0 0 417 187
m0 177 0 417 187
z 0 0 417 187
m0 217 0 417 187
B0 1 417 187
z 1 0 417 187
m0 11 1 417 187
z 1 0 417 187
m0 20 1 417 187
z 1 0 417 187
m0 92 1 417 187
z 1 0 417 187
m0 96 1 417 187
z 1 0 417 187
m0 104 1 417 187
z 1 0 417 187
m0 132 1 417 187
z 1 0 417 187
m0 174 1 417 187
z 1 0 417 187
m0 177 1 417 187
z 1 0 417 187
m0 217 1 417 187
B0 2 417 187
z 2 0 417 187
m0 11 2 417 187
z 2 0 417 187
m0 20 2 417 187
z 2 0 417 187
m0 92 2 417 187
z 2 0 417 187
m0 96 2 417 187
z 2 0 417 187
m0 104 2 417 187
z 2 0 417 187
m0 132 2 417 187
z 2 0 417 187
m0 174 2 417 187
z 2 0 417 187
m0 177 2 417 187
z 2 0 417 187
m0 185 2 417 187
z 2 0 417 187
m0 217 2 417 187
B0 3 417 187
z 3 0 417 187
m0 11 3 11.571428571428571 173.57142857142856 0.9082479937928402
z 3 0 417 187
m0 132 3 11.571428571428571 173.57142857142856 0.9082479937928402
z 3 0 417 187
m0 92 3 11.571428571428571 173.57142857142856 0.9082479937928402
z 3 0 417 187
m0 96 3 11.571428571428571 173.57142857142856 0.9082479937928402
z 3 0 417 187
m0 177 3 11.571428571428571 173.57142857142856 0.9082479937928402
z 3 0 417 187
m0 20 3 11.571428571428571 173.57142857142856 0.9082479937928402
z 3 0 417 187
m0 174 3 11.571428571428571 173.57142857142856 0.9082479937928402
z 3 0 417 187
m0 217 3 11.571428571428571 173.57142857142856 0.9082479937928402
z 3 0 417 187
m0 104 3 11.571428571428571 173.57142857142856 0.9082479937928402
B3 0 19 352
z 0 3 19 352
m3 71 0 19 352
B3 1 19 352
z 1 3 19 352
m3 71 1 19 352
B3 2 19 352
z 2 3 19 352
m3 71 2 19 352
B3 3 19 352
z 3 3 19 352
m3 71 3 10.5 170.16666666666663 -1.0
B5 0 17 381
z 0 5 17 381
m5 117 0 17 381
B5 1 17 381
z 1 5 17 381
m5 117 1 17 381
B5 2 17 381
z 2 5 17 381
m5 117 2 17 381
B5 3 17 381
B7 0 134 73
B7 1 134 73
B7 3 134 73
z 3 7 134 73
m7 99 3 8.857142857142856 143.71428571428572 1.0
B8 2 63 102
z 2 8 63 102
m8 24 2 63 102
z 2 8 63 102
m8 31 2 63 102
z 2 8 63 102
m8 32 2 63 102
z 2 8 63 102
m8 67 2 63 102
z 2 8 63 102
m8 70 2 63 102
B8 3 63 102
z 3 8 63 102
m8 32 3 9.14285714285714 155.71428571428572 1.0
B10 0 462 394
z 0 10 462 394
m10 61 0 462 394
z 0 10 462 394
m10 80 0 462 394
z 0 10 462 394
m10 101 0 462 394
z 0 10 462 394
m10 120 0 462 394
B10 3 462 394
z 3 10 462 394
m10 101 3 11.857142857142858 178.14285714285714 0.3575109447426302
z 3 10 462 394
m10 111 3 11.857142857142858 178.14285714285714 0.3575109447426302
z 3 10 462 394
m10 61 3 11.857142857142858 178.14285714285714 0.3575109447426302
B14 0 386 233
z 0 14 386 233
m14 96 0 386 233
z 0 14 386 233
m14 174 0 386 233
z 0 14 386 233
m14 177 0 386 233
B14 1 386 233
B14 2 386 233
z 2 14 386 233
m14 96 2 386 233
z 2 14 386 233
m14 174 2 386 233
z 2 14 386 233
m14 177 2 386 233
B14 3 386 233
B18 0 356 475
z 0 18 356 475
m18 28 0 356 475
z 0 18 356 475
m18 49 0 356 475
B18 1 356 475
z 1 18 356 475
m18 28 1 356 475
z 1 18 356 475
m18 49 1 356 475
z 1 18 356 475
m18 109 1 356 475
z 1 18 356 475
m18 218 1 356 475
B18 2 356 475
B18 3 356 475
B25 2 26 101
z 2 25 26 101
m25 70 2 26 101
B25 3 26 101
B26 1 274 456
B27 0 444 249
z 0 27 444 249
m27 11 0 444 249
z 0 27 444 249
m27 20 0 444 249
z 0 27 444 249
m27 81 0 444 249
z 0 27 444 249
m27 96 0 444 249
z 0 27 444 249
m27 174 0 444 249
z 0 27 444 249
m27 177 0 444 249
B27 1 444 249
z 1 27 444 249
m27 11 1 444 249
z 1 27 444 249
m27 20 1 444 249
z 1 27 444 249
m27 81 1 444 249
z 1 27 444 249
m27 96 1 444 249
z 1 27 444 249
m27 174 1 444 249
z 1 27 444 249
m27 177 1 444 249
B27 2 444 249
z 2 27 444 249
m27 11 2 444 249
z 2 27 444 249
m27 20 2 444 249
z 2 27 444 249
m27 51 2 444 249
z 2 27 444 249
m27 81 2 444 249
z 2 27 444 249
m27 96 2 444 249
z 2 27 444 249
m27 111 2 444 249
z 2 27 444 249
m27 170 2 444 249
z 2 27 444 249
m27 174 2 444 249
z 2 27 444 249
m27 177 2 444 249
B27 3 444 249
z 3 27 444 249
m27 111 3 11.714285714285714 175.42857142857142 0.0
z 3 27 444 249
m27 20 3 11.714285714285714 175.42857142857142 0.0
z 3 27 444 249
m27 11 3 11.714285714285714 175.42857142857142 0.0
z 3 27 444 249
m27 81 3 11.714285714285714 175.42857142857142 0.0
z 3 27 444 249
m27 174 3 11.714285714285714 175.42857142857142 0.0
B29 0 380 156
z 0 29 380 156
m29 104 0 380 156
z 0 29 380 156
m29 217 0 380 156
B29 1 380 156
z 1 29 380 156
m29 104 1 380 156
z 1 29 380 156
m29 217 1 380 156
B29 2 380 156
B29 3 380 156
B36 2 31 155
B38 0 313 447
z 0 38 313 447
m38 49 0 313 447
B38 1 313 447
z 1 38 313 447
m38 49 1 313 447
z 1 38 313 447
m38 109 1 313 447
z 1 38 313 447
m38 218 1 313 447
B38 2 313 447
z 2 38 313 447
m38 49 2 313 447
z 2 38 313 447
m38 109 2 313 447
B38 3 313 447
z 3 38 313 447
m38 49 3 10.714285714285714 165.85714285714286 1.0
B39 2 390 317
z 2 39 390 317
m39 51 2 390 317
z 2 39 390 317
m39 111 2 390 317
z 2 39 390 317
m39 170 2 390 317
B41 1 255 72
z 1 41 255 72
m41 145 1 255 72
z 1 41 255 72
m41 162 1 255 72
B41 2 255 72
z 2 41 255 72
m41 145 2 255 72
z 2 41 255 72
m41 162 2 255 72
B42 0 329 91
z 0 42 329 91
m42 2 0 329 91
z 0 42 329 91
m42 153 0 329 91
z 0 42 329 91
m42 171 0 329 91
B42 1 329 91
z 1 42 329 91
m42 2 1 329 91
z 1 42 329 91
m42 75 1 329 91
z 1 42 329 91
m42 153 1 329 91
z 1 42 329 91
m42 171 1 329 91
B42 3 329 91
B43 0 419 328
z 0 43 419 328
m43 22 0 419 328
z 0 43 419 328
m43 80 0 419 328
z 0 43 419 328
m43 81 0 419 328
z 0 43 419 328
m43 101 0 419 328
B43 1 419 328
z 1 43 419 328
m43 10 1 419 328
z 1 43 419 328
m43 22 1 419 328
z 1 43 419 328
m43 54 1 419 328
z 1 43 419 328
m43 80 1 419 328
z 1 43 419 328
m43 81 1 419 328
z 1 43 419 328
m43 101 1 419 328
z 1 43 419 328
m43 107 1 419 328
B43 2 419 328
B43 3 419 328
z 3 43 419 328
m43 81 3 11.142857142857142 165.14285714285714 0.5357561156652458
z 3 43 419 328
m43 22 3 11.142857142857142 165.14285714285714 0.5357561156652458
z 3 43 419 328
m43 101 3 11.142857142857142 165.14285714285714 0.5357561156652458
z 3 43 419 328
m43 80 3 11.142857142857142 165.14285714285714 0.5357561156652458
z 3 43 419 328
m43 170 3 11.142857142857142 165.14285714285714 0.5357561156652458
B44 0 374 462
z 0 44 374 462
m44 28 0 374 462
z 0 44 374 462
m44 49 0 374 462
B44 1 374 462
B44 2 374 462
z 2 44 374 462
m44 28 2 374 462
z 2 44 374 462
m44 49 2 374 462
z 2 44 374 462
m44 109 2 374 462
B44 3 374 462
B46 0 46 339
z 0 46 46 339
m46 71 0 46 339
B46 1 46 339
B46 2 46 339
z 2 46 46 339
m46 71 2 46 339
B46 3 46 339
z 3 46 46 339
m46 71 3 10.5 170.16666666666663 -1.0
B50 0 387 155
z 0 50 387 155
m50 104 0 387 155
z 0 50 387 155
m50 217 0 387 155
B50 1 387 155
z 1 50 387 155
m50 104 1 387 155
z 1 50 387 155
m50 217 1 387 155
B50 2 387 155
B50 3 387 155
B51 0 444 318
z 0 51 444 318
m51 22 0 444 318
z 0 51 444 318
m51 73 0 444 318
z 0 51 444 318
m51 80 0 444 318
z 0 51 444 318
m51 81 0 444 318
z 0 51 444 318
m51 101 0 444 318
B51 1 444 318
z 1 51 444 318
m51 22 1 444 318
z 1 51 444 318
m51 54 1 444 318
z 1 51 444 318
m51 73 1 444 318
z 1 51 444 318
m51 80 1 444 318
z 1 51 444 318
m51 81 1 444 318
z 1 51 444 318
m51 101 1 444 318
z 1 51 444 318
m51 107 1 444 318
B51 3 444 318
z 3 51 444 318
m51 73 3 11.571428571428571 173.28571428571428 0.0
z 3 51 444 318
m51 80 3 11.571428571428571 173.28571428571428 0.0
z 3 51 444 318
m51 81 3 11.571428571428571 173.28571428571428 0.0
z 3 51 444 318
m51 22 3 11.571428571428571 173.28571428571428 0.0
B52 3 166 353
z 3 52 166 353
m52 37 3 9.428571428571429 146.57142857142856 1.0
z 3 52 166 353
m52 60 3 9.428571428571429 146.57142857142856 1.0
z 3 52 166 353
m52 69 3 9.428571428571429 146.57142857142856 1.0
B53 2 16 62
B54 0 458 346
z 0 54 458 346
m54 22 0 458 346
z 0 54 458 346
m54 61 0 458 346
z 0 54 458 346
m54 80 0 458 346
z 0 54 458 346
m54 101 0 458 346
z 0 54 458 346
m54 120 0 458 346
B54 3 458 346
z 3 54 458 346
m54 120 3 12.285714285714286 184.57142857142858 0.8156160194117961
z 3 54 458 346
m54 22 3 12.285714285714286 184.57142857142858 0.8156160194117961
z 3 54 458 346
m54 61 3 12.285714285714286 184.57142857142858 0.8156160194117961
z 3 54 458 346
m54 101 3 12.285714285714286 184.57142857142858 0.8156160194117961
z 3 54 458 346
m54 111 3 12.285714285714286 184.57142857142858 0.8156160194117961
z 3 54 458 346
m54 80 3 12.285714285714286 184.57142857142858 0.8156160194117961
B56 0 239 14
z 0 56 239 14
m56 160 0 239 14
B56 1 239 14
z 1 56 239 14
m56 86 1 239 14
z 1 56 239 14
m56 145 1 239 14
z 1 56 239 14
m56 160 1 239 14
z 1 56 239 14
m56 162 1 239 14
B56 2 239 14
B58 2 5 151
B67 0 85 54
z 0 67 85 54
m67 32 0 85 54
z 0 67 85 54
m67 68 0 85 54
B67 1 85 54
z 1 67 85 54
m67 32 1 85 54
z 1 67 85 54
m67 68 1 85 54
B67 3 85 54
B69 0 109 386
z 0 69 109 386
m69 71 0 109 386
B69 1 109 386
z 1 69 109 386
m69 71 1 109 386
B70 0 20 33
z 0 70 20 33
m70 32 0 20 33
z 0 70 20 33
m70 68 0 20 33
B70 1 20 33
z 1 70 20 33
m70 32 1 20 33
z 1 70 20 33
m70 68 1 20 33
B70 3 20 33
z 3 70 20 33
m70 32 3 9.0 152.71428571428572 1.0
z 3 70 20 33
m70 68 3 9.0 152.71428571428572 1.0
B75 0 353 50
z 0 75 353 50
m75 2 0 353 50
z 0 75 353 50
m75 35 0 353 50
z 0 75 353 50
m75 112 0 353 50
z 0 75 353 50
m75 153 0 353 50
z 0 75 353 50
m75 171 0 353 50
B75 3 353 50
z 3 75 353 50
m75 2 3 10.714285714285714 159.57142857142858 0.593445581337558
z 3 75 353 50
m75 35 3 10.714285714285714 159.57142857142858 0.593445581337558
z 3 75 353 50
m75 112 3 10.714285714285714 159.57142857142858 0.593445581337558
z 3 75 353 50
m75 171 3 10.714285714285714 159.57142857142858 0.593445581337558
B77 2 103 152
z 2 77 103 152
m77 24 2 103 152
z 2 77 103 152
m77 31 2 103 152
B86 0 245 12
z 0 86 245 12
m86 160 0 245 12
B86 3 245 12
B97 0 343 150
B97 1 343 150
B97 2 343 150
B97 3 343 150
B98 0 141 56
B98 1 141 56
B98 3 141 56
z 3 98 141 56
m98 99 3 9.285714285714285 145.85714285714286 1.0
B99 0 186 16
z 0 99 186 16
m99 160 0 186 16
B99 1 186 16
B99 2 186 16
z 2 99 186 16
m99 7 2 186 16
z 2 99 186 16
m99 98 2 186 16
z 2 99 186 16
m99 160 2 186 16
z 2 99 186 16
m99 183 2 186 16
B100 0 31 358
z 0 100 31 358
m100 71 0 31 358
B100 1 31 358
z 1 100 31 358
m100 71 1 31 358
B100 2 31 358
B100 3 31 358
z 3 100 31 358
m100 71 3 10.5 170.16666666666663 -1.0
B102 1 269 434
z 1 102 269 434
m102 218 1 269 434
B106 0 305 426
z 0 106 305 426
m106 49 0 305 426
B106 1 305 426
z 1 106 305 426
m106 49 1 305 426
z 1 106 305 426
m106 109 1 305 426
z 1 106 305 426
m106 218 1 305 426
B106 2 305 426
z 2 106 305 426
m106 49 2 305 426
z 2 106 305 426
m106 109 2 305 426
B106 3 305 426
z 3 106 305 426
m106 49 3 10.857142857142856 168.0 1.0
B107 0 458 357
z 0 107 458 357
m107 22 0 458 357
z 0 107 458 357
m107 61 0 458 357
z 0 107 458 357
m107 80 0 458 357
z 0 107 458 357
m107 101 0 458 357
z 0 107 458 357
m107 120 0 458 357
B107 3 458 357
z 3 107 458 357
m107 22 3 12.0 180.0 0.5558419443476915
z 3 107 458 357
m107 120 3 12.0 180.0 0.5558419443476915
z 3 107 458 357
m107 101 3 12.0 180.0 0.5558419443476915
z 3 107 458 357
m107 61 3 12.0 180.0 0.5558419443476915
z 3 107 458 357
m107 111 3 12.0 180.0 0.5558419443476915
B108 2 83 141
z 2 108 83 141
m108 24 2 83 141
z 2 108 83 141
m108 31 2 83 141
B109 0 366 438
z 0 109 366 438
m109 28 0 366 438
z 0 109 366 438
m109 49 0 366 438
B109 3 366 438
B110 0 50 303
z 0 110 50 303
m110 71 0 50 303
B110 1 50 303
B110 2 50 303
B110 3 50 303
z 3 110 50 303
m110 71 3 10.5 170.16666666666663 -1.0
B111 0 433 327
z 0 111 433 327
m111 22 0 433 327
z 0 111 433 327
m111 73 0 433 327
z 0 111 433 327
m111 80 0 433 327
z 0 111 433 327
m111 81 0 433 327
z 0 111 433 327
m111 101 0 433 327
B111 1 433 327
B113 1 297 405
z 1 113 297 405
m113 218 1 297 405
B122 2 34 167
B125 1 346 266
B126 0 325 2
z 0 126 325 2
m126 35 0 325 2
z 0 126 325 2
m126 112 0 325 2
B126 3 325 2
B128 0 333 90
z 0 128 333 90
m128 2 0 333 90
z 0 128 333 90
m128 112 0 333 90
z 0 128 333 90
m128 153 0 333 90
z 0 128 333 90
m128 171 0 333 90
B128 1 333 90
z 1 128 333 90
m128 2 1 333 90
z 1 128 333 90
m128 75 1 333 90
z 1 128 333 90
m128 112 1 333 90
z 1 128 333 90
m128 153 1 333 90
z 1 128 333 90
m128 171 1 333 90
B128 3 333 90
z 3 128 333 90
m128 112 3 10.428571428571429 156.42857142857142 0.06826824597262976
B130 0 98 313
z 0 130 98 313
m130 71 0 98 313
B130 1 98 313
z 1 130 98 313
m130 71 1 98 313
B131 0 2 382
z 0 131 2 382
m131 72 0 2 382
z 0 131 2 382
m131 117 0 2 382
B131 1 2 382
z 1 131 2 382
m131 72 1 2 382
z 1 131 2 382
m131 117 1 2 382
B131 2 2 382
B131 3 2 382
B134 2 330 128
B136 0 78 347
z 0 136 78 347
m136 71 0 78 347
B136 1 78 347
z 1 136 78 347
m136 71 1 78 347
B141 0 309 465
z 0 141 309 465
m141 49 0 309 465
B141 1 309 465
z 1 141 309 465
m141 49 1 309 465
z 1 141 309 465
m141 218 1 309 465
B141 2 309 465
z 2 141 309 465
m141 49 2 309 465
B141 3 309 465
z 3 141 309 465
m141 49 3 10.714285714285714 165.85714285714286 1.0
B142 2 111 129
z 2 142 111 129
m142 24 2 111 129
z 2 142 111 129
m142 31 2 111 129
B143 1 424 407
z 1 143 424 407
m143 10 1 424 407
z 1 143 424 407
m143 54 1 424 407
z 1 143 424 407
m143 80 1 424 407
z 1 143 424 407
m143 107 1 424 407
z 1 143 424 407
m143 109 1 424 407
B145 0 283 11
z 0 145 283 11
m145 160 0 283 11
B145 3 283 11
B152 0 372 415
B152 1 372 415
z 1 152 372 415
m152 109 1 372 415
B152 2 372 415
z 2 152 372 415
m152 109 2 372 415
B152 3 372 415
B162 0 273 46
z 0 162 273 46
m162 160 0 273 46
B162 3 273 46
B164 0 424 197
z 0 164 424 197
m164 11 0 424 197
z 0 164 424 197
m164 20 0 424 197
z 0 164 424 197
m164 92 0 424 197
z 0 164 424 197
m164 96 0 424 197
z 0 164 424 197
m164 104 0 424 197
z 0 164 424 197
m164 132 0 424 197
z 0 164 424 197
m164 174 0 424 197
z 0 164 424 197
m164 177 0 424 197
z 0 164 424 197
m164 217 0 424 197
B164 1 424 197
B164 2 424 197
z 2 164 424 197
m164 11 2 424 197
z 2 164 424 197
m164 20 2 424 197
z 2 164 424 197
m164 92 2 424 197
z 2 164 424 197
m164 96 2 424 197
z 2 164 424 197
m164 104 2 424 197
z 2 164 424 197
m164 132 2 424 197
z 2 164 424 197
m164 174 2 424 197
z 2 164 424 197
m164 177 2 424 197
z 2 164 424 197
m164 185 2 424 197
z 2 164 424 197
m164 217 2 424 197
B164 3 424 197
z 3 164 424 197
m164 132 3 11.428571428571429 170.85714285714286 0.8198307987846704
z 3 164 424 197
m164 92 3 11.428571428571429 170.85714285714286 0.8198307987846704
z 3 164 424 197
m164 11 3 11.428571428571429 170.85714285714286 0.8198307987846704
z 3 164 424 197
m164 217 3 11.428571428571429 170.85714285714286 0.8198307987846704
z 3 164 424 197
m164 96 3 11.428571428571429 170.85714285714286 0.8198307987846704
z 3 164 424 197
m164 177 3 11.428571428571429 170.85714285714286 0.8198307987846704
z 3 164 424 197
m164 20 3 11.428571428571429 170.85714285714286 0.8198307987846704
z 3 164 424 197
m164 174 3 11.428571428571429 170.85714285714286 0.8198307987846704
z 3 164 424 197
m164 104 3 11.428571428571429 170.85714285714286 0.8198307987846704
B166 0 290 443
z 0 166 290 443
m166 49 0 290 443
B166 1 290 443
z 1 166 290 443
m166 49 1 290 443
z 1 166 290 443
m166 218 1 290 443
B166 2 290 443
B166 3 290 443
z 3 166 290 443
m166 49 3 10.857142857142856 168.0 1.0
B167 0 372 390
B167 1 372 390
z 1 167 372 390
m167 109 1 372 390
B167 2 372 390
B167 3 372 390
B169 0 321 498
z 0 169 321 498
m169 49 0 321 498
B169 1 321 498
z 1 169 321 498
m169 49 1 321 498
z 1 169 321 498
m169 109 1 321 498
z 1 169 321 498
m169 218 1 321 498
B169 2 321 498
z 2 169 321 498
m169 49 2 321 498
z 2 169 321 498
m169 109 2 321 498
B169 3 321 498
z 3 169 321 498
m169 49 3 10.714285714285714 165.85714285714286 1.0
B170 0 433 283
z 0 170 433 283
m170 22 0 433 283
z 0 170 433 283
m170 73 0 433 283
z 0 170 433 283
m170 80 0 433 283
z 0 170 433 283
m170 81 0 433 283
z 0 170 433 283
m170 96 0 433 283
z 0 170 433 283
m170 101 0 433 283
z 0 170 433 283
m170 177 0 433 283
B170 1 433 283
z 1 170 433 283
m170 22 1 433 283
z 1 170 433 283
m170 73 1 433 283
z 1 170 433 283
m170 80 1 433 283
z 1 170 433 283
m170 81 1 433 283
z 1 170 433 283
m170 96 1 433 283
z 1 170 433 283
m170 101 1 433 283
z 1 170 433 283
m170 177 1 433 283
B175 1 246 59
z 1 175 246 59
m175 86 1 246 59
z 1 175 246 59
m175 145 1 246 59
z 1 175 246 59
m175 160 1 246 59
z 1 175 246 59
m175 162 1 246 59
B175 2 246 59
z 2 175 246 59
m175 86 2 246 59
z 2 175 246 59
m175 145 2 246 59
z 2 175 246 59
m175 160 2 246 59
z 2 175 246 59
m175 162 2 246 59
B182 0 327 141
z 0 182 327 141
m182 171 0 327 141
B182 1 327 141
z 1 182 327 141
m182 171 1 327 141
B182 2 327 141
z 2 182 327 141
m182 42 2 327 141
z 2 182 327 141
m182 128 2 327 141
z 2 182 327 141
m182 171 2 327 141
z 2 182 327 141
m182 185 2 327 141
B182 3 327 141
z 3 182 327 141
m182 171 3 10.285714285714285 159.42857142857142 1.0
B185 0 378 151
z 0 185 378 151
m185 104 0 378 151
z 0 185 378 151
m185 171 0 378 151
z 0 185 378 151
m185 217 0 378 151
B185 1 378 151
z 1 185 378 151
m185 104 1 378 151
z 1 185 378 151
m185 171 1 378 151
z 1 185 378 151
m185 217 1 378 151
B185 3 378 151
B190 0 456 172
z 0 190 456 172
m190 11 0 456 172
z 0 190 456 172
m190 20 0 456 172
z 0 190 456 172
m190 92 0 456 172
z 0 190 456 172
m190 96 0 456 172
z 0 190 456 172
m190 104 0 456 172
z 0 190 456 172
m190 132 0 456 172
z 0 190 456 172
m190 174 0 456 172
z 0 190 456 172
m190 177 0 456 172
z 0 190 456 172
m190 195 0 456 172
z 0 190 456 172
m190 217 0 456 172
B190 1 456 172
z 1 190 456 172
m190 11 1 456 172
z 1 190 456 172
m190 20 1 456 172
z 1 190 456 172
m190 92 1 456 172
z 1 190 456 172
m190 96 1 456 172
z 1 190 456 172
m190 104 1 456 172
z 1 190 456 172
m190 132 1 456 172
z 1 190 456 172
m190 174 1 456 172
z 1 190 456 172
m190 177 1 456 172
z 1 190 456 172
m190 195 1 456 172
z 1 190 456 172
m190 217 1 456 172
B190 2 456 172
z 2 190 456 172
m190 11 2 456 172
z 2 190 456 172
m190 20 2 456 172
z 2 190 456 172
m190 92 2 456 172
z 2 190 456 172
m190 96 2 456 172
z 2 190 456 172
m190 104 2 456 172
z 2 190 456 172
m190 132 2 456 172
z 2 190 456 172
m190 174 2 456 172
z 2 190 456 172
m190 177 2 456 172
z 2 190 456 172
m190 185 2 456 172
z 2 190 456 172
m190 195 2 456 172
z 2 190 456 172
m190 217 2 456 172
B190 3 456 172
z 3 190 456 172
m190 96 3 11.571428571428571 173.57142857142856 0.9082479937928402
z 3 190 456 172
m190 177 3 11.571428571428571 173.57142857142856 0.9082479937928402
z 3 190 456 172
m190 11 3 11.571428571428571 173.57142857142856 0.9082479937928402
z 3 190 456 172
m190 174 3 11.571428571428571 173.57142857142856 0.9082479937928402
z 3 190 456 172
m190 217 3 11.571428571428571 173.57142857142856 0.9082479937928402
z 3 190 456 172
m190 195 3 11.571428571428571 173.57142857142856 0.9082479937928402
z 3 190 456 172
m190 104 3 11.571428571428571 173.57142857142856 0.9082479937928402
z 3 190 456 172
m190 20 3 11.571428571428571 173.57142857142856 0.9082479937928402
z 3 190 456 172
m190 132 3 11.571428571428571 173.57142857142856 0.9082479937928402
z 3 190 456 172
m190 92 3 11.571428571428571 173.57142857142856 0.9082479937928402
B200 0 138 429
z 0 200 138 429
m200 15 0 138 429
z 0 200 138 429
m200 37 0 138 429
z 0 200 138 429
m200 72 0 138 429
z 0 200 138 429
m200 193 0 138 429
z 0 200 138 429
m200 198 0 138 429
z 0 200 138 429
m200 214 0 138 429
B200 1 138 429
z 1 200 138 429
m200 15 1 138 429
z 1 200 138 429
m200 37 1 138 429
z 1 200 138 429
m200 72 1 138 429
z 1 200 138 429
m200 193 1 138 429
z 1 200 138 429
m200 198 1 138 429
z 1 200 138 429
m200 214 1 138 429
B203 0 395 425
B203 1 395 425
B203 2 395 425
B203 3 395 425
B207 0 93 433
z 0 207 93 433
m207 15 0 93 433
z 0 207 93 433
m207 37 0 93 433
z 0 207 93 433
m207 72 0 93 433
z 0 207 93 433
m207 85 0 93 433
z 0 207 93 433
m207 148 0 93 433
z 0 207 93 433
m207 193 0 93 433
z 0 207 93 433
m207 194 0 93 433
z 0 207 93 433
m207 198 0 93 433
z 0 207 93 433
m207 214 0 93 433
z 0 207 93 433
m207 216 0 93 433
B207 1 93 433
z 1 207 93 433
m207 15 1 93 433
z 1 207 93 433
m207 37 1 93 433
z 1 207 93 433
m207 72 1 93 433
z 1 207 93 433
m207 85 1 93 433
z 1 207 93 433
m207 148 1 93 433
z 1 207 93 433
m207 193 1 93 433
z 1 207 93 433
m207 194 1 93 433
z 1 207 93 433
m207 198 1 93 433
z 1 207 93 433
m207 214 1 93 433
z 1 207 93 433
m207 216 1 93 433
B211 2 414 265
z 2 211 414 265
m211 51 2 414 265
z 2 211 414 265
m211 81 2 414 265
z 2 211 414 265
m211 96 2 414 265
z 2 211 414 265
m211 111 2 414 265
z 2 211 414 265
m211 170 2 414 265
z 2 211 414 265
m211 177 2 414 265
B215 1 260 414
B218 0 305 459
z 0 218 305 459
m218 49 0 305 459
B218 2 305 459
z 2 218 305 459
m218 49 2 305 459
z 2 218 305 459
m218 109 2 305 459
B218 3 305 459
z 3 218 305 459
m218 49 3 10.714285714285714 165.85714285714286 1.0
B2 0 406 62
z 0 2 406 62
m2 121 0 406 62
z 0 2 406 62
m2 208 0 406 62
B2 1 406 62
z 1 2 406 62
m2 35 1 406 62
z 1 2 406 62
m2 121 1 406 62
z 1 2 406 62
m2 208 1 406 62
B2 3 406 62
z 3 2 406 62
m2 208 3 9.875 141.625 0.474533701294647
B7 2 123 79
B10 1 466 405
z 1 10 466 405
m10 61 1 466 405
z 1 10 466 405
m10 91 1 466 405
z 1 10 466 405
m10 120 1 466 405
z 1 10 466 405
m10 206 1 466 405
B11 0 474 205
B11 1 474 205
B11 2 474 205
B11 3 474 205
B15 0 92 467
B15 1 92 467
B20 0 446 207
B20 1 446 207
B20 2 446 207
B20 3 446 207
B22 0 495 299
B22 1 495 299
B22 3 495 299
B24 2 86 56
B28 0 408 498
B28 1 408 498
B28 2 408 498
B31 2 79 78
B32 0 49 46
B32 1 49 46
B32 2 49 46
z 2 32 49 46
m32 68 2 49 46
B32 3 49 46
B35 0 335 14
B35 3 335 14
z 3 35 335 14
m35 153 3 9.5 139.75 1.0
B37 0 126 385
z 0 37 126 385
m37 71 0 126 385
B37 1 126 385
z 1 37 126 385
m37 71 1 126 385
B37 3 126 385
z 3 37 126 385
m37 71 3 9.428571428571429 146.57142857142856 -1.0
B42 2 317 92
z 2 42 317 92
m42 75 2 317 92
z 2 42 317 92
m42 153 2 317 92
B49 0 328 492
B49 1 328 492
B49 2 328 492
B49 3 328 492
z 3 49 328 492
m49 28 3 9.5 145.25 1.0
B51 2 437 327
z 2 51 437 327
m51 22 2 437 327
z 2 51 437 327
m51 54 2 437 327
z 2 51 437 327
m51 61 2 437 327
z 2 51 437 327
m51 73 2 437 327
z 2 51 437 327
m51 80 2 437 327
z 2 51 437 327
m51 101 2 437 327
z 2 51 437 327
m51 107 2 437 327
B54 1 465 337
z 1 54 465 337
m54 61 1 465 337
z 1 54 465 337
m54 120 1 465 337
B60 3 125 357
z 3 60 125 357
m60 71 3 9.428571428571429 146.57142857142856 -1.0
B61 0 484 375
B61 3 484 375
B67 2 74 59
B68 0 38 4
B68 1 38 4
B68 3 38 4
B69 3 99 379
z 3 69 99 379
m69 71 3 9.428571428571429 146.57142857142856 -1.0
B70 2 10 27
z 2 70 10 27
m70 68 2 10 27
B72 0 87 430
B72 1 87 430
B73 0 492 315
B73 1 492 315
z 1 73 492 315
m73 61 1 492 315
B73 3 492 315
B75 1 365 50
z 1 75 365 50
m75 35 1 365 50
z 1 75 365 50
m75 126 1 365 50
B80 0 463 381
B80 1 463 381
z 1 80 463 381
m80 61 1 463 381
z 1 80 463 381
m80 120 1 463 381
B80 3 463 381
B81 0 472 266
B81 1 472 266
B81 2 472 266
z 2 81 472 266
m81 22 2 472 266
z 2 81 472 266
m81 73 2 472 266
z 2 81 472 266
m81 101 2 472 266
B81 3 472 266
B85 0 111 387
z 0 85 111 387
m85 71 0 111 387
B85 1 111 387
z 1 85 111 387
m85 71 1 111 387
B86 1 234 8
B86 2 234 8
B92 0 470 157
z 0 92 470 157
m92 9 0 470 157
B92 1 470 157
z 1 92 470 157
m92 9 1 470 157
B92 2 470 157
z 2 92 470 157
m92 9 2 470 157
B92 3 470 157
z 3 92 470 157
m92 9 3 10.25 152.0 1.0
B96 0 426 236
B96 1 426 236
B96 2 426 236
B96 3 426 236
B98 2 131 63
B99 3 182 4
z 3 99 182 4
m99 56 3 7.999999999999999 126.25 1.0
z 3 99 182 4
m99 160 3 7.999999999999999 126.25 1.0
B101 0 482 307
B101 1 482 307
z 1 101 482 307
m101 61 1 482 307
B101 3 482 307
B104 0 415 183
B104 1 415 183
B104 2 415 183
B104 3 415 183
B107 1 459 345
B109 1 357 430
B109 2 357 430
B111 2 429 338
B111 3 429 338
B112 0 393 23
z 0 112 393 23
m112 121 0 393 23
B112 1 393 23
z 1 112 393 23
m112 35 1 393 23
z 1 112 393 23
m112 121 1 393 23
z 1 112 393 23
m112 126 1 393 23
B112 3 393 23
B117 0 16 403
z 0 117 16 403
m117 71 0 16 403
B117 1 16 403
z 1 117 16 403
m117 71 1 16 403
B117 2 16 403
B120 0 495 409
z 0 120 495 409
m120 91 0 495 409
z 0 120 495 409
m120 206 0 495 409
B120 3 495 409
B128 2 322 95
z 2 128 322 95
m128 2 2 322 95
z 2 128 322 95
m128 75 2 322 95
z 2 128 322 95
m128 153 2 322 95
B132 0 478 159
z 0 132 478 159
m132 9 0 478 159
B132 1 478 159
z 1 132 478 159
m132 9 1 478 159
B132 2 478 159
z 2 132 478 159
m132 9 2 478 159
B132 3 478 159
z 3 132 478 159
m132 9 3 10.25 152.0 1.0
B145 1 271 10
z 1 145 271 10
m145 126 1 271 10
B145 2 271 10
z 2 145 271 10
m145 126 2 271 10
B148 0 93 480
B148 1 93 480
B153 0 389 70
z 0 153 389 70
m153 121 0 389 70
z 0 153 389 70
m153 208 0 389 70
B153 1 389 70
z 1 153 389 70
m153 35 1 389 70
z 1 153 389 70
m153 121 1 389 70
z 1 153 389 70
m153 208 1 389 70
B160 0 213 17
B160 1 213 17
B160 2 213 17
B162 1 273 58
B162 2 273 58
B170 2 427 273
B170 3 427 273
B171 0 334 84
B171 1 334 84
z 1 171 334 84
m171 35 1 334 84
B171 2 334 84
B171 3 334 84
z 3 171 334 84
m171 153 3 9.5 139.75 1.0
B174 0 438 219
B174 1 438 219
B174 2 438 219
B174 3 438 219
B177 0 439 214
B177 1 439 214
B177 2 439 214
B177 3 439 214
B183 2 180 51
B185 2 370 160
B193 0 122 497
B193 1 122 497
B194 0 54 479
z 0 194 54 479
m194 95 0 54 479
z 0 194 54 479
m194 137 0 54 479
B194 1 54 479
z 1 194 54 479
m194 95 1 54 479
z 1 194 54 479
m194 137 1 54 479
B195 0 489 140
z 0 195 489 140
m195 9 0 489 140
B195 1 489 140
z 1 195 489 140
m195 9 1 489 140
B195 2 489 140
z 2 195 489 140
m195 9 2 489 140
B195 3 489 140
z 3 195 489 140
m195 9 3 10.25 152.0 1.0
B198 0 101 479
B198 1 101 479
B214 0 73 423
z 0 214 73 423
m214 71 0 73 423
B214 1 73 423
B216 0 67 477
z 0 216 67 477
m216 95 0 67 477
z 0 216 67 477
m216 137 0 67 477
B216 1 67 477
B217 0 413 150
B217 1 413 150
B217 2 413 150
B217 3 413 150
B218 1 305 447
B2 2 416 68
z 2 2 416 68
m2 112 2 416 68
z 2 2 416 68
m2 121 2 416 68
z 2 2 416 68
m2 191 2 416 68
z 2 2 416 68
m2 208 2 416 68
B9 0 497 131
B9 1 497 131
B9 2 497 131
z 2 9 497 131
m9 208 2 497 131
B9 3 497 131
B22 2 497 300
B28 3 408 487
z 3 28 408 487
m28 178 3 8.666666666666666 129.55555555555557 1.0
B35 1 324 19
B54 2 473 328
B56 3 252 7
B61 1 472 377
B61 2 472 377
B68 2 26 6
B73 2 486 325
B75 2 377 51
z 2 75 377 51
m75 35 2 377 51
z 2 75 377 51
m75 112 2 377 51
z 2 75 377 51
m75 121 2 377 51
B80 2 469 391
B91 0 453 425
z 0 91 453 425
m91 178 0 453 425
B91 1 453 425
z 1 91 453 425
m91 178 1 453 425
B95 0 16 496
B95 1 16 496
B101 2 479 296
B107 2 459 333
B120 1 494 421
z 1 120 494 421
m120 178 1 494 421
B121 0 409 62
z 0 121 409 62
m121 191 0 409 62
B121 1 409 62
z 1 121 409 62
m121 191 1 409 62
B126 1 349 5
B126 2 349 5
z 2 126 349 5
m126 35 2 349 5
z 2 126 349 5
m126 112 2 349 5
B137 0 11 429
B137 1 11 429
B153 2 400 74
B153 3 400 74
z 3 153 400 74
m153 121 3 8.555555555555555 124.33333333333334 1.0
B160 3 202 21
B206 0 473 486
z 0 206 473 486
m206 178 0 473 486
B206 1 473 486
B208 0 459 84
z 0 208 459 84
m208 119 0 459 84
z 0 208 459 84
m208 191 0 459 84
B208 1 459 84
B208 3 459 84
z 3 208 459 84
m208 121 3 9.222222222222223 127.66666666666666 0.4922605037892278
B35 2 313 23
B112 2 417 19
B119 0 482 59
z 0 119 482 59
m119 87 0 482 59
B121 2 400 54
B121 3 400 54
B178 0 445 451
B178 1 445 451
B178 3 445 451
z 3 178 445 451
m178 91 3 8.0 117.00000000000003 1.0
z 3 178 445 451
m178 206 3 8.0 117.00000000000003 1.0
B191 0 474 25
z 0 191 474 25
m191 87 0 474 25
B191 1 474 25
z 1 191 474 25
m191 87 1 474 25
z 1 191 474 25
m191 119 1 474 25
B191 2 474 25
z 2 191 474 25
m191 87 2 474 25
z 2 191 474 25
m191 119 2 474 25
B208 2 464 95
z 2 208 464 95
m208 119 2 464 95
B87 0 481 15
B87 1 481 15
B87 2 481 15
B91 3 453 401
B119 1 473 66
B119 2 473 66
B206 3 468 488
