359 455 414 396
s 0 486 207 20 0
s 1 10 459 147 0
s 2 38 197 302 0
s 3 352 430 55 0
s 4 117 315 346 0
s 5 39 201 336 0
s 6 279 273 5 0
s 7 316 498 113 0
s 8 78 430 14 0
s 9 147 453 223 0
s 10 422 176 139 0
s 11 274 265 302 0
s 12 281 384 346 0
s 13 446 169 31 0
s 14 319 284 345 0
s 15 159 308 315 0
s 16 212 438 139 0
s 17 67 378 352 0
s 18 238 369 328 0
s 19 333 135 174 0
s 20 306 356 264 0
s 21 231 74 325 0
s 22 461 168 180 0
s 23 392 25 62 0
s 24 320 28 56 0
s 25 198 376 348 0
s 26 232 470 17 0
s 27 32 496 151 0
s 28 83 222 143 0
s 29 15 312 284 0
s 30 329 315 207 0
s 31 235 3 26 0
s 32 15 441 144 0
s 33 473 167 301 0
s 34 310 330 56 0
s 35 391 79 256 0
s 36 35 415 210 0
s 37 472 155 106 0
s 38 323 484 271 0
s 39 380 275 271 0
s 40 456 352 30 0
s 41 200 227 352 0
s 42 98 178 305 0
s 43 202 354 161 0
s 44 191 360 6 0
s 45 11 109 334 0
s 46 58 61 158 0
s 47 369 288 43 0
s 48 11 275 14 0
s 49 356 199 214 0
s 50 184 328 208 0
s 51 64 192 322 0
s 52 290 109 5 0
s 53 293 193 82 0
s 54 38 440 186 0
s 55 397 368 6 0
s 56 93 397 284 0
s 57 280 317 134 0
s 58 53 294 121 0
s 59 125 205 178 0
s 60 85 410 156 0
s 61 387 247 234 0
s 62 387 270 308 0
s 63 238 189 296 0
s 64 141 495 138 0
s 65 404 281 184 0
s 66 358 388 246 0
s 67 39 307 16 0
s 68 152 180 37 0
s 69 15 0 169 0
s 70 101 442 65 0
s 71 152 113 265 0
s 72 351 235 21 0
s 73 262 107 250 0
s 74 291 470 243 0
s 75 299 223 260 0
s 76 107 463 172 0
s 77 418 259 36 0
s 78 381 311 172 0
s 79 221 447 279 0
s 80 399 231 152 0
s 81 157 147 62 0
s 82 435 175 69 0
s 83 239 262 86 0
s 84 297 109 157 0
s 85 64 189 299 0
s 86 263 284 89 0
s 87 227 216 154 0
s 88 9 409 342 0
s 89 472 44 57 0
s 90 120 42 45 0
s 91 81 304 252 0
s 92 114 489 4 0
s 93 485 313 63 0
s 94 358 10 66 0
s 95 269 259 274 0
s 96 340 334 59 0
s 97 265 67 220 0
s 98 419 118 1 0
s 99 89 79 104 0
s 100 237 239 347 0
s 101 179 445 85 0
s 102 167 59 356 0
s 103 475 496 102 0
s 104 320 258 83 0
s 105 381 366 38 0
s 106 40 203 106 0
s 107 453 441 119 0
s 108 231 109 198 0
s 109 149 419 23 0
s 110 31 74 354 0
s 111 268 409 334 0
s 112 134 324 200 0
s 113 459 296 183 0
s 114 19 71 334 0
s 115 210 458 137 0
s 116 24 136 56 0
s 117 264 101 267 0
s 118 433 32 176 0
s 119 283 362 25 0
s 120 245 426 199 0
s 121 339 145 302 0
s 122 211 80 158 0
s 123 88 279 127 0
s 124 460 487 262 0
s 125 232 291 344 0
s 126 469 351 353 0
s 127 145 26 343 0
s 128 414 396 355 0
s 129 479 136 339 0
s 130 223 245 104 0
s 131 303 345 207 0
s 132 197 438 123 0
s 133 154 238 343 0
s 134 437 226 72 0
s 135 460 299 175 0
s 136 343 298 255 0
s 137 144 301 300 0
s 138 61 460 174 0
s 139 480 139 233 0
s 140 391 80 233 0
s 141 187 137 239 0
s 142 132 182 337 0
s 143 471 234 297 0
s 144 155 226 319 0
s 145 226 347 346 0
s 146 366 164 59 0
s 147 455 330 348 0
s 148 198 462 270 0
s 149 23 86 304 0
s 150 35 474 40 0
s 151 490 115 212 0
s 152 87 129 238 0
s 153 203 350 69 0
s 154 266 415 228 0
s 155 377 219 345 0
s 156 266 26 163 0
s 157 488 108 160 0
s 158 228 84 304 0
s 159 304 436 31 0
s 160 359 346 57 0
s 161 362 165 130 0
s 162 470 397 228 0
s 163 134 106 342 0
s 164 19 291 157 0
s 165 192 469 255 0
s 166 490 179 268 0
s 167 409 195 267 0
s 168 344 89 66 0
s 169 23 124 139 0
s 170 377 80 238 0
s 171 263 251 91 0
s 172 145 381 144 0
s 173 298 164 102 0
s 174 141 32 337 0
s 175 31 478 343 0
s 176 264 316 12 0
s 177 141 167 271 0
s 178 88 318 342 0
s 179 112 260 71 0
s 180 333 115 342 0
s 181 91 29 202 0
s 182 344 40 1 0
s 183 40 19 178 0
s 184 264 0 292 0
s 185 298 226 333 0
s 186 326 332 71 0
s 187 166 361 290 0
s 188 434 494 27 0
s 189 158 110 37 0
s 190 185 66 72 0
s 191 449 452 164 0
s 192 359 455 302 0
s 193 183 251 148 0
s 194 413 139 237 0
s 195 70 127 292 0
s 196 341 63 123 0
s 197 118 4 157 0
s 198 485 494 209 0
s 199 365 186 244 0
s 200 345 4 291 0
s 201 332 460 276 0
s 202 64 111 19 0
s 203 498 363 156 0
s 204 2 232 217 0
s 205 456 42 313 0
s 206 424 495 177 0
s 207 344 382 65 0
s 208 429 381 192 0
s 209 479 453 261 0
s 210 387 469 173 0
s 211 138 475 49 0
s 212 114 275 288 0
s 213 153 288 43 0
s 214 165 112 218 0
s 215 247 198 236 0
s 216 406 410 249 0
s 217 44 493 86 0
s 218 94 156 254 0
s 219 224 265 356 0
B192 0 360 453
z 0 192 360 453
m192 3 0 360 453
z 0 192 360 453
m192 7 0 360 453
z 0 192 360 453
m192 38 0 360 453
z 0 192 360 453
m192 66 0 360 453
z 0 192 360 453
m192 74 0 360 453
z 0 192 360 453
m192 159 0 360 453
z 0 192 360 453
m192 201 0 360 453
z 0 192 360 453
m192 206 0 360 453
z 0 192 360 453
m192 207 0 360 453
z 0 192 360 453
m192 210 0 360 453
z 0 192 360 453
m192 216 0 360 453
B192 1 360 453
z 1 192 360 453
m192 3 1 360 453
z 1 192 360 453
m192 7 1 360 453
z 1 192 360 453
m192 38 1 360 453
z 1 192 360 453
m192 66 1 360 453
z 1 192 360 453
m192 74 1 360 453
z 1 192 360 453
m192 159 1 360 453
z 1 192 360 453
m192 201 1 360 453
z 1 192 360 453
m192 206 1 360 453
z 1 192 360 453
m192 207 1 360 453
z 1 192 360 453
m192 210 1 360 453
z 1 192 360 453
m192 216 1 360 453
B192 2 360 453
z 2 192 360 453
m192 3 2 360 453
z 2 192 360 453
m192 7 2 360 453
z 2 192 360 453
m192 38 2 360 453
z 2 192 360 453
m192 66 2 360 453
z 2 192 360 453
m192 74 2 360 453
z 2 192 360 453
m192 159 2 360 453
z 2 192 360 453
m192 201 2 360 453
z 2 192 360 453
m192 206 2 360 453
z 2 192 360 453
m192 207 2 360 453
z 2 192 360 453
m192 210 2 360 453
z 2 192 360 453
m192 216 2 360 453
B192 3 360 453
z 3 192 360 453
m192 3 3 11.0 121.0 1.0
z 3 192 360 453
m192 7 3 11.0 121.0 1.0
z 3 192 360 453
m192 38 3 11.0 121.0 1.0
z 3 192 360 453
m192 66 3 11.0 121.0 1.0
z 3 192 360 453
m192 74 3 11.0 121.0 1.0
z 3 192 360 453
m192 159 3 11.0 121.0 1.0
z 3 192 360 453
m192 201 3 11.0 121.0 1.0
z 3 192 360 453
m192 206 3 11.0 121.0 1.0
z 3 192 360 453
m192 207 3 11.0 121.0 1.0
z 3 192 360 453
m192 210 3 11.0 121.0 1.0
z 3 192 360 453
m192 216 3 11.0 121.0 1.0
B3 0 353 432
z 0 3 353 432
m3 128 0 353 432
B3 1 353 432
z 1 3 353 432
m3 128 1 353 432
B3 2 353 432
B3 3 353 432
z 3 3 353 432
m3 128 3 11.0 121.0 -1.0
B7 0 314 497
B7 1 314 497
B7 2 314 497
B7 3 314 497
B38 0 323 481
B38 1 323 481
B38 2 323 481
B38 3 323 481
B66 0 357 385
z 0 66 357 385
m66 128 0 357 385
B66 1 357 385
z 1 66 357 385
m66 128 1 357 385
B66 2 357 385
B66 3 357 385
z 3 66 357 385
m66 128 3 11.0 121.0 -1.0
B74 0 290 468
z 0 74 290 468
m74 26 0 290 468
z 0 74 290 468
m74 79 0 290 468
z 0 74 290 468
m74 111 0 290 468
z 0 74 290 468
m74 120 0 290 468
z 0 74 290 468
m74 154 0 290 468
B74 1 290 468
z 1 74 290 468
m74 26 1 290 468
z 1 74 290 468
m74 79 1 290 468
z 1 74 290 468
m74 111 1 290 468
z 1 74 290 468
m74 120 1 290 468
z 1 74 290 468
m74 154 1 290 468
B74 2 290 468
B74 3 290 468
z 3 74 290 468
m74 26 3 9.0 89.0 1.0
z 3 74 290 468
m74 79 3 9.0 89.0 1.0
z 3 74 290 468
m74 111 3 9.0 89.0 1.0
z 3 74 290 468
m74 120 3 9.0 89.0 1.0
z 3 74 290 468
m74 154 3 9.0 89.0 1.0
B159 0 307 438
z 0 159 307 438
m159 12 0 307 438
B159 1 307 438
z 1 159 307 438
m159 12 1 307 438
B159 2 307 438
B159 3 307 438
z 3 159 307 438
m159 12 3 7.666666666666666 81.0 1.0
B201 0 332 457
B201 1 332 457
B201 2 332 457
B201 3 332 457
B206 0 421 495
z 0 206 421 495
m206 103 0 421 495
z 0 206 421 495
m206 107 0 421 495
z 0 206 421 495
m206 124 0 421 495
z 0 206 421 495
m206 188 0 421 495
z 0 206 421 495
m206 191 0 421 495
z 0 206 421 495
m206 198 0 421 495
z 0 206 421 495
m206 209 0 421 495
B206 1 421 495
z 1 206 421 495
m206 103 1 421 495
z 1 206 421 495
m206 107 1 421 495
z 1 206 421 495
m206 124 1 421 495
z 1 206 421 495
m206 188 1 421 495
z 1 206 421 495
m206 191 1 421 495
z 1 206 421 495
m206 198 1 421 495
z 1 206 421 495
m206 209 1 421 495
B206 2 421 495
z 2 206 421 495
m206 103 2 421 495
z 2 206 421 495
m206 107 2 421 495
z 2 206 421 495
m206 124 2 421 495
z 2 206 421 495
m206 188 2 421 495
z 2 206 421 495
m206 191 2 421 495
z 2 206 421 495
m206 198 2 421 495
z 2 206 421 495
m206 209 2 421 495
B206 3 421 495
z 3 206 421 495
m206 103 3 9.666666666666666 97.0 1.0
z 3 206 421 495
m206 107 3 9.666666666666666 97.0 1.0
z 3 206 421 495
m206 124 3 9.666666666666666 97.0 1.0
z 3 206 421 495
m206 188 3 9.666666666666666 97.0 1.0
z 3 206 421 495
m206 191 3 9.666666666666666 97.0 1.0
z 3 206 421 495
m206 198 3 9.666666666666666 97.0 1.0
z 3 206 421 495
m206 209 3 9.666666666666666 97.0 1.0
B207 0 345 385
z 0 207 345 385
m207 128 0 345 385
B207 1 345 385
z 1 207 345 385
m207 128 1 345 385
B207 2 345 385
z 2 207 345 385
m207 128 2 345 385
B207 3 345 385
z 3 207 345 385
m207 128 3 11.0 121.0 -1.0
B210 0 384 469
B210 1 384 469
B210 2 384 469
B210 3 384 469
B216 0 405 408
z 0 216 405 408
m216 128 0 405 408
B216 1 405 408
z 1 216 405 408
m216 128 1 405 408
B216 2 405 408
B216 3 405 408
z 3 216 405 408
m216 128 3 11.0 121.0 -1.0
B12 0 285 383
z 0 12 285 383
m12 18 0 285 383
z 0 12 285 383
m12 20 0 285 383
z 0 12 285 383
m12 34 0 285 383
z 0 12 285 383
m12 57 0 285 383
z 0 12 285 383
m12 96 0 285 383
z 0 12 285 383
m12 119 0 285 383
z 0 12 285 383
m12 131 0 285 383
z 0 12 285 383
m12 145 0 285 383
z 0 12 285 383
m12 176 0 285 383
z 0 12 285 383
m12 186 0 285 383
B12 1 285 383
z 1 12 285 383
m12 18 1 285 383
z 1 12 285 383
m12 20 1 285 383
z 1 12 285 383
m12 34 1 285 383
z 1 12 285 383
m12 57 1 285 383
z 1 12 285 383
m12 96 1 285 383
z 1 12 285 383
m12 119 1 285 383
z 1 12 285 383
m12 131 1 285 383
z 1 12 285 383
m12 145 1 285 383
z 1 12 285 383
m12 176 1 285 383
z 1 12 285 383
m12 186 1 285 383
B12 3 285 383
z 3 12 285 383
m12 18 3 8.25 85.75 1.0
z 3 12 285 383
m12 20 3 8.25 85.75 1.0
z 3 12 285 383
m12 34 3 8.25 85.75 1.0
z 3 12 285 383
m12 57 3 8.25 85.75 1.0
z 3 12 285 383
m12 96 3 8.25 85.75 1.0
z 3 12 285 383
m12 119 3 8.25 85.75 1.0
z 3 12 285 383
m12 131 3 8.25 85.75 1.0
z 3 12 285 383
m12 145 3 8.25 85.75 1.0
z 3 12 285 383
m12 176 3 8.25 85.75 1.0
z 3 12 285 383
m12 186 3 8.25 85.75 1.0
B26 0 236 471
z 0 26 236 471
m26 16 0 236 471
z 0 26 236 471
m26 101 0 236 471
z 0 26 236 471
m26 115 0 236 471
z 0 26 236 471
m26 132 0 236 471
z 0 26 236 471
m26 148 0 236 471
z 0 26 236 471
m26 165 0 236 471
B26 1 236 471
B26 3 236 471
z 3 26 236 471
m26 16 3 8.25 75.75 1.0
z 3 26 236 471
m26 101 3 8.25 75.75 1.0
z 3 26 236 471
m26 115 3 8.25 75.75 1.0
z 3 26 236 471
m26 132 3 8.25 75.75 1.0
z 3 26 236 471
m26 148 3 8.25 75.75 1.0
z 3 26 236 471
m26 165 3 8.25 75.75 1.0
B79 0 222 443
z 0 79 222 443
m79 25 0 222 443
z 0 79 222 443
m79 109 0 222 443
B79 1 222 443
z 1 79 222 443
m79 16 1 222 443
z 1 79 222 443
m79 25 1 222 443
z 1 79 222 443
m79 101 1 222 443
z 1 79 222 443
m79 109 1 222 443
z 1 79 222 443
m79 115 1 222 443
z 1 79 222 443
m79 132 1 222 443
z 1 79 222 443
m79 148 1 222 443
z 1 79 222 443
m79 165 1 222 443
B79 3 222 443
B103 0 475 498
B103 1 475 498
B103 2 475 498
B103 3 475 498
B107 0 451 444
z 0 107 451 444
m107 128 0 451 444
B107 1 451 444
z 1 107 451 444
m107 128 1 451 444
B107 2 451 444
z 2 107 451 444
m107 128 2 451 444
B107 3 451 444
z 3 107 451 444
m107 128 3 9.666666666666666 97.0 -1.0
B111 0 271 407
B111 1 271 407
B111 3 271 407
B120 0 241 424
B120 1 241 424
B120 3 241 424
z 3 120 241 424
m120 25 3 7.0 67.0 1.0
B124 0 459 483
B124 1 459 483
B124 2 459 483
B124 3 459 483
B154 0 263 412
B154 1 263 412
B154 3 263 412
B188 0 437 495
B188 1 437 495
B188 2 437 495
B188 3 437 495
B191 0 445 453
z 0 191 445 453
m191 128 0 445 453
B191 1 445 453
z 1 191 445 453
m191 128 1 445 453
B191 2 445 453
z 2 191 445 453
m191 128 2 445 453
B191 3 445 453
z 3 191 445 453
m191 128 3 9.666666666666666 97.0 -1.0
B198 0 482 493
B198 1 482 493
B198 2 482 493
B198 3 482 493
B209 0 479 449
z 0 209 479 449
m209 162 0 479 449
B209 1 479 449
z 1 209 479 449
m209 162 1 479 449
B209 2 479 449
B209 3 479 449
z 3 209 479 449
m209 162 3 7.5 73.0 1.0
B16 0 208 441
z 0 16 208 441
m16 9 0 208 441
B16 1 208 441
z 1 16 208 441
m16 9 1 208 441
B16 3 208 441
B18 0 243 366
z 0 18 243 366
m18 43 0 243 366
z 0 18 243 366
m18 44 0 243 366
z 0 18 243 366
m18 153 0 243 366
B18 1 243 366
B18 3 243 366
B20 0 305 351
z 0 20 305 351
m20 14 0 305 351
z 0 20 305 351
m20 30 0 305 351
z 0 20 305 351
m20 136 0 305 351
z 0 20 305 351
m20 160 0 305 351
B20 1 305 351
z 1 20 305 351
m20 14 1 305 351
z 1 20 305 351
m20 30 1 305 351
z 1 20 305 351
m20 136 1 305 351
z 1 20 305 351
m20 160 1 305 351
B20 3 305 351
z 3 20 305 351
m20 14 3 7.3999999999999995 71.8 0.0
B25 0 203 375
z 0 25 203 375
m25 50 0 203 375
z 0 25 203 375
m25 172 0 203 375
z 0 25 203 375
m25 187 0 203 375
B25 1 203 375
B25 3 203 375
z 3 25 203 375
m25 43 3 7.0 63.400000000000006 1.0
z 3 25 203 375
m25 44 3 7.0 63.400000000000006 1.0
z 3 25 203 375
m25 50 3 7.0 63.400000000000006 1.0
z 3 25 203 375
m25 109 3 7.0 63.400000000000006 1.0
z 3 25 203 375
m25 153 3 7.0 63.400000000000006 1.0
z 3 25 203 375
m25 172 3 7.0 63.400000000000006 1.0
z 3 25 203 375
m25 187 3 7.0 63.400000000000006 1.0
B34 0 313 334
z 0 34 313 334
m34 6 0 313 334
z 0 34 313 334
m34 47 0 313 334
z 0 34 313 334
m34 78 0 313 334
z 0 34 313 334
m34 86 0 313 334
z 0 34 313 334
m34 104 0 313 334
B34 1 313 334
B34 3 313 334
z 3 34 313 334
m34 47 3 8.2 81.39999999999999 0.8121557828481514
z 3 34 313 334
m34 104 3 8.2 81.39999999999999 0.8121557828481514
z 3 34 313 334
m34 86 3 8.2 81.39999999999999 0.8121557828481514
z 3 34 313 334
m34 6 3 8.2 81.39999999999999 0.8121557828481514
z 3 34 313 334
m34 78 3 8.2 81.39999999999999 0.8121557828481514
z 3 34 313 334
m34 160 3 8.2 81.39999999999999 0.8121557828481514
z 3 34 313 334
m34 136 3 8.2 81.39999999999999 0.8121557828481514
z 3 34 313 334
m34 30 3 8.2 81.39999999999999 0.8121557828481514
B57 0 276 321
z 0 57 276 321
m57 11 0 276 321
z 0 57 276 321
m57 83 0 276 321
z 0 57 276 321
m57 95 0 276 321
z 0 57 276 321
m57 125 0 276 321
z 0 57 276 321
m57 171 0 276 321
z 0 57 276 321
m57 219 0 276 321
B57 1 276 321
z 1 57 276 321
m57 6 1 276 321
z 1 57 276 321
m57 11 1 276 321
z 1 57 276 321
m57 83 1 276 321
z 1 57 276 321
m57 86 1 276 321
z 1 57 276 321
m57 95 1 276 321
z 1 57 276 321
m57 104 1 276 321
z 1 57 276 321
m57 125 1 276 321
z 1 57 276 321
m57 171 1 276 321
z 1 57 276 321
m57 219 1 276 321
B57 3 276 321
z 3 57 276 321
m57 219 3 7.8 75.8 0.45326716294458214
z 3 57 276 321
m57 95 3 7.8 75.8 0.45326716294458214
z 3 57 276 321
m57 171 3 7.8 75.8 0.45326716294458214
z 3 57 276 321
m57 83 3 7.8 75.8 0.45326716294458214
B96 0 343 338
z 0 96 343 338
m96 55 0 343 338
z 0 96 343 338
m96 105 0 343 338
B96 1 343 338
z 1 96 343 338
m96 47 1 343 338
z 1 96 343 338
m96 55 1 343 338
z 1 96 343 338
m96 78 1 343 338
z 1 96 343 338
m96 105 1 343 338
B96 3 343 338
B101 0 179 450
z 0 101 179 450
m101 64 0 179 450
z 0 101 179 450
m101 92 0 179 450
z 0 101 179 450
m101 211 0 179 450
B101 1 179 450
B101 3 179 450
z 3 101 179 450
m101 92 3 7.3999999999999995 63.800000000000004 0.6027027027027025
z 3 101 179 450
m101 64 3 7.3999999999999995 63.800000000000004 0.6027027027027025
z 3 101 179 450
m101 211 3 7.3999999999999995 63.800000000000004 0.6027027027027025
B109 0 154 421
z 0 109 154 421
m109 8 0 154 421
z 0 109 154 421
m109 56 0 154 421
z 0 109 154 421
m109 60 0 154 421
z 0 109 154 421
m109 70 0 154 421
z 0 109 154 421
m109 76 0 154 421
B109 1 154 421
B115 0 206 461
B115 1 206 461
z 1 115 206 461
m115 211 1 206 461
B115 3 206 461
z 3 115 206 461
m115 9 3 6.8 60.800000000000004 1.0
B119 0 287 364
B119 1 287 364
B119 3 287 364
B131 0 299 342
B131 1 299 342
B131 3 299 342
B132 0 194 443
B132 1 194 443
B132 3 194 443
B145 0 230 346
B145 1 230 346
z 1 145 230 346
m145 43 1 230 346
z 1 145 230 346
m145 44 1 230 346
z 1 145 230 346
m145 50 1 230 346
z 1 145 230 346
m145 153 1 230 346
z 1 145 230 346
m145 187 1 230 346
B145 3 230 346
z 3 145 230 346
m145 125 3 6.8 68.8 1.0
B148 0 198 457
B148 1 198 457
z 1 148 198 457
m148 64 1 198 457
B148 3 198 457
B162 0 466 393
z 0 162 466 393
m162 128 0 466 393
B162 1 466 393
z 1 162 466 393
m162 128 1 466 393
B162 3 466 393
z 3 162 466 393
m162 128 3 7.5 73.0 -1.0
B165 0 191 464
B165 1 191 464
B165 3 191 464
B176 0 269 317
B176 1 269 317
B176 3 269 317
z 3 176 269 317
m176 11 3 6.8 68.8 1.0
B186 0 327 336
B186 1 327 336
B186 3 327 336
z 3 186 327 336
m186 105 3 6.8 68.8 1.0
B6 0 285 274
z 0 6 285 274
m6 53 0 285 274
z 0 6 285 274
m6 75 0 285 274
z 0 6 285 274
m6 100 0 285 274
z 0 6 285 274
m6 130 0 285 274
z 0 6 285 274
m6 185 0 285 274
B6 1 285 274
z 1 6 285 274
m6 53 1 285 274
z 1 6 285 274
m6 75 1 285 274
z 1 6 285 274
m6 100 1 285 274
z 1 6 285 274
m6 130 1 285 274
z 1 6 285 274
m6 185 1 285 274
B6 3 285 274
z 3 6 285 274
m6 53 3 7.666666666666666 72.0 0.4028169190481824
z 3 6 285 274
m6 130 3 7.666666666666666 72.0 0.4028169190481824
z 3 6 285 274
m6 75 3 7.666666666666666 72.0 0.4028169190481824
B8 0 84 431
z 0 8 84 431
m8 17 0 84 431
z 0 8 84 431
m8 32 0 84 431
z 0 8 84 431
m8 36 0 84 431
z 0 8 84 431
m8 54 0 84 431
z 0 8 84 431
m8 88 0 84 431
z 0 8 84 431
m8 138 0 84 431
z 0 8 84 431
m8 150 0 84 431
z 0 8 84 431
m8 175 0 84 431
B9 0 142 449
B9 1 142 449
z 1 9 142 449
m9 8 1 142 449
z 1 9 142 449
m9 60 1 142 449
z 1 9 142 449
m9 70 1 142 449
z 1 9 142 449
m9 76 1 142 449
z 1 9 142 449
m9 92 1 142 449
z 1 9 142 449
m9 172 1 142 449
B9 3 142 449
z 3 9 142 449
m9 8 3 6.333333333333334 53.33333333333333 1.0
z 3 9 142 449
m9 60 3 6.333333333333334 53.33333333333333 1.0
z 3 9 142 449
m9 70 3 6.333333333333334 53.33333333333333 1.0
z 3 9 142 449
m9 76 3 6.333333333333334 53.33333333333333 1.0
B11 0 277 260
z 0 11 277 260
m11 87 0 277 260
z 0 11 277 260
m11 215 0 277 260
B11 1 277 260
z 1 11 277 260
m11 87 1 277 260
z 1 11 277 260
m11 215 1 277 260
B11 3 277 260
z 3 11 277 260
m11 87 3 6.333333333333334 60.0 1.0
z 3 11 277 260
m11 100 3 6.333333333333334 60.0 1.0
z 3 11 277 260
m11 185 3 6.333333333333334 60.0 1.0
z 3 11 277 260
m11 215 3 6.333333333333334 60.0 1.0
B14 0 325 283
z 0 14 325 283
m14 39 0 325 283
z 0 14 325 283
m14 61 0 325 283
z 0 14 325 283
m14 62 0 325 283
z 0 14 325 283
m14 65 0 325 283
z 0 14 325 283
m14 72 0 325 283
B14 1 325 283
z 1 14 325 283
m14 39 1 325 283
z 1 14 325 283
m14 61 1 325 283
z 1 14 325 283
m14 62 1 325 283
z 1 14 325 283
m14 65 1 325 283
z 1 14 325 283
m14 72 1 325 283
B14 3 325 283
z 3 14 325 283
m14 65 3 7.0 64.0 0.0
z 3 14 325 283
m14 61 3 7.0 64.0 0.0
B30 0 323 312
B30 1 323 312
B30 3 323 312
z 3 30 323 312
m30 39 3 7.0 68.0 1.0
B43 0 196 356
z 0 43 196 356
m43 15 0 196 356
z 0 43 196 356
m43 112 0 196 356
z 0 43 196 356
m43 213 0 196 356
B43 1 196 356
z 1 43 196 356
m43 15 1 196 356
z 1 43 196 356
m43 112 1 196 356
z 1 43 196 356
m43 213 1 196 356
B43 3 196 356
B44 0 197 361
B44 1 197 361
B44 3 197 361
z 3 44 197 361
m44 15 3 6.0 53.0 1.0
B47 0 374 292
z 0 47 374 292
m47 77 0 374 292
z 0 47 374 292
m47 80 0 374 292
B47 1 374 292
B47 3 374 292
z 3 47 374 292
m47 80 3 7.5 70.5 0.09586101043453561
B50 0 179 325
z 0 50 179 325
m50 4 0 179 325
z 0 50 179 325
m50 137 0 179 325
z 0 50 179 325
m50 193 0 179 325
B50 1 179 325
B50 3 179 325
z 3 50 179 325
m50 193 3 6.666666666666666 57.0 0.6881205673758868
z 3 50 179 325
m50 4 3 6.666666666666666 57.0 0.6881205673758868
z 3 50 179 325
m50 112 3 6.666666666666666 57.0 0.6881205673758868
z 3 50 179 325
m50 137 3 6.666666666666666 57.0 0.6881205673758868
B55 0 403 369
z 0 55 403 369
m55 128 0 403 369
B55 1 403 369
z 1 55 403 369
m55 128 1 403 369
B56 0 95 391
z 0 56 95 391
m56 178 0 95 391
B60 0 80 413
B64 0 137 499
B64 1 137 499
B64 3 137 499
B70 0 104 447
B76 0 101 464
z 0 76 101 464
m76 217 0 101 464
B78 0 375 312
B78 1 375 312
z 1 78 375 312
m78 77 1 375 312
B78 3 375 312
B83 0 239 268
z 0 83 239 268
m83 41 0 239 268
B83 1 239 268
B83 3 239 268
z 3 83 239 268
m83 41 3 6.666666666666667 63.33333333333333 1.0
B86 0 263 290
B86 1 263 290
B86 3 263 290
B92 0 120 489
B92 3 120 489
z 3 92 120 489
m92 138 3 6.333333333333334 53.33333333333333 1.0
B95 0 269 253
B95 1 269 253
z 1 95 269 253
m95 41 1 269 253
B95 3 269 253
B104 0 321 264
B104 1 321 264
B104 3 321 264
B105 0 385 369
z 0 105 385 369
m105 128 0 385 369
B105 1 385 369
z 1 105 385 369
m105 128 1 385 369
B105 3 385 369
z 3 105 385 369
m105 128 3 6.8 68.8 -1.0
B109 3 155 421
z 3 109 155 421
m109 56 3 6.0 53.0 1.0
B125 0 238 289
B125 1 238 289
z 1 125 238 289
m125 193 1 238 289
B125 3 238 289
B136 0 341 293
B136 1 341 293
B136 3 341 293
B153 0 205 355
B153 1 205 355
B153 3 205 355
B160 0 362 351
z 0 160 362 351
m160 128 0 362 351
B160 1 362 351
z 1 160 362 351
m160 128 1 362 351
B160 3 362 351
z 3 160 362 351
m160 128 3 8.2 81.39999999999999 -1.0
B171 0 263 257
B171 1 263 257
B171 3 263 257
B172 0 140 385
B172 3 140 385
z 3 172 140 385
m172 17 3 6.0 53.0 1.0
B187 0 168 355
B187 1 168 355
B187 3 168 355
z 3 187 168 355
m187 213 3 6.0 53.0 1.0
B211 0 142 479
B211 1 142 479
B211 3 142 479
B219 0 230 265
B219 1 230 265
B219 3 230 265
B4 0 123 313
z 0 4 123 313
m4 91 0 123 313
z 0 4 123 313
m4 123 0 123 313
z 0 4 123 313
m4 179 0 123 313
z 0 4 123 313
m4 212 0 123 313
B4 3 123 313
z 3 4 123 313
m4 123 3 6.428571428571429 52.42857142857142 0.7240709428605728
z 3 4 123 313
m4 179 3 6.428571428571429 52.42857142857142 0.7240709428605728
z 3 4 123 313
m4 91 3 6.428571428571429 52.42857142857142 0.7240709428605728
z 3 4 123 313
m4 212 3 6.428571428571429 52.42857142857142 0.7240709428605728
B8 1 85 432
z 1 8 85 432
m8 17 1 85 432
z 1 8 85 432
m8 36 1 85 432
z 1 8 85 432
m8 54 1 85 432
z 1 8 85 432
m8 56 1 85 432
z 1 8 85 432
m8 88 1 85 432
z 1 8 85 432
m8 138 1 85 432
z 1 8 85 432
m8 150 1 85 432
z 1 8 85 432
m8 175 1 85 432
B8 3 85 432
z 3 8 85 432
m8 36 3 6.142857142857143 49.285714285714285 1.0
z 3 8 85 432
m8 54 3 6.142857142857143 49.285714285714285 1.0
z 3 8 85 432
m8 88 3 6.142857142857143 49.285714285714285 1.0
z 3 8 85 432
m8 150 3 6.142857142857143 49.285714285714285 1.0
z 3 8 85 432
m8 175 3 6.142857142857143 49.285714285714285 1.0
B15 0 164 303
z 0 15 164 303
m15 133 0 164 303
B15 1 164 303
B15 3 164 303
z 3 15 164 303
m15 133 3 5.428571428571429 46.0 1.0
z 3 15 164 303
m15 178 3 5.428571428571429 46.0 1.0
B17 0 74 377
z 0 17 74 377
m17 67 0 74 377
B17 3 74 377
z 3 17 74 377
m17 67 3 5.2857142857142865 45.57142857142858 1.0
B32 0 10 445
z 0 32 10 445
m32 1 0 10 445
z 0 32 10 445
m32 27 0 10 445
B36 0 29 411
B39 0 380 268
z 0 39 380 268
m39 134 0 380 268
z 0 39 380 268
m39 155 0 380 268
B39 1 380 268
z 1 39 380 268
m39 80 1 380 268
z 1 39 380 268
m39 134 1 380 268
z 1 39 380 268
m39 155 1 380 268
B39 3 380 268
z 3 39 380 268
m39 62 3 6.714285714285714 61.857142857142854 1.0
z 3 39 380 268
m39 72 3 6.714285714285714 61.857142857142854 1.0
z 3 39 380 268
m39 77 3 6.714285714285714 61.857142857142854 1.0
z 3 39 380 268
m39 134 3 6.714285714285714 61.857142857142854 1.0
z 3 39 380 268
m39 155 3 6.714285714285714 61.857142857142854 1.0
B41 0 207 226
z 0 41 207 226
m41 63 0 207 226
z 0 41 207 226
m41 68 0 207 226
z 0 41 207 226
m41 144 0 207 226
B41 1 207 226
z 1 41 207 226
m41 63 1 207 226
z 1 41 207 226
m41 68 1 207 226
z 1 41 207 226
m41 133 1 207 226
z 1 41 207 226
m41 144 1 207 226
B41 3 207 226
z 3 41 207 226
m41 63 3 6.142857142857143 55.57142857142857 1.0
z 3 41 207 226
m41 68 3 6.142857142857143 55.57142857142857 1.0
z 3 41 207 226
m41 144 3 6.142857142857143 55.57142857142857 1.0
B53 0 294 200
z 0 53 294 200
m53 19 0 294 200
z 0 53 294 200
m53 49 0 294 200
z 0 53 294 200
m53 161 0 294 200
z 0 53 294 200
m53 173 0 294 200
z 0 53 294 200
m53 199 0 294 200
B53 1 294 200
z 1 53 294 200
m53 19 1 294 200
z 1 53 294 200
m53 49 1 294 200
z 1 53 294 200
m53 161 1 294 200
z 1 53 294 200
m53 173 1 294 200
z 1 53 294 200
m53 199 1 294 200
B53 3 294 200
z 3 53 294 200
m53 19 3 7.285714285714286 65.28571428571429 0.42348364099467556
z 3 53 294 200
m53 199 3 7.285714285714286 65.28571428571429 0.42348364099467556
z 3 53 294 200
m53 161 3 7.285714285714286 65.28571428571429 0.42348364099467556
B54 0 31 439
B56 3 95 390
B60 1 79 413
B60 3 79 413
B61 0 383 241
z 0 61 383 241
m61 10 0 383 241
z 0 61 383 241
m61 146 0 383 241
z 0 61 383 241
m61 167 0 383 241
B61 1 383 241
B61 3 383 241
z 3 61 383 241
m61 146 3 6.571428571428571 57.14285714285714 0.0
B62 0 392 264
z 0 62 392 264
m62 113 0 392 264
z 0 62 392 264
m62 135 0 392 264
B62 1 392 264
z 1 62 392 264
m62 113 1 392 264
z 1 62 392 264
m62 135 1 392 264
B65 0 397 280
B65 1 397 280
B65 3 397 280
B70 1 104 448
B70 3 104 448
B72 0 358 238
B72 1 358 238
z 1 72 358 238
m72 146 1 358 238
z 1 72 358 238
m72 167 1 358 238
B75 0 298 216
B75 1 298 216
B75 3 298 216
B76 1 100 464
z 1 76 100 464
m76 217 1 100 464
B76 3 100 464
z 3 76 100 464
m76 217 3 5.571428571428572 45.85714285714286 1.0
B77 0 423 263
z 0 77 423 263
m77 143 0 423 263
B77 1 423 263
z 1 77 423 263
m77 143 1 423 263
B80 0 393 234
z 0 80 393 234
m80 82 0 393 234
B80 3 393 234
z 3 80 393 234
m80 82 3 7.0 62.714285714285715 0.10089161739611474
B87 0 221 219
B87 1 221 219
B87 3 221 219
B88 0 15 407
B92 1 121 489
B100 0 244 238
B100 1 244 238
B100 3 244 238
B112 0 128 322
B112 1 128 322
z 1 112 128 322
m112 4 1 128 322
z 1 112 128 322
m112 91 1 128 322
z 1 112 128 322
m112 123 1 128 322
z 1 112 128 322
m112 137 1 128 322
z 1 112 128 322
m112 178 1 128 322
z 1 112 128 322
m112 179 1 128 322
z 1 112 128 322
m112 212 1 128 322
B112 3 128 322
B130 0 222 252
B130 1 222 252
B130 3 222 252
B137 0 148 295
B137 3 148 295
B138 0 54 460
B138 3 54 460
z 3 138 54 460
m138 1 3 5.857142857142858 47.0 1.0
z 3 138 54 460
m138 27 3 5.857142857142858 47.0 1.0
z 3 138 54 460
m138 32 3 5.857142857142858 47.0 1.0
B150 0 40 478
B172 1 139 386
B175 0 38 476
B178 0 95 316
z 0 178 95 316
m178 58 0 95 316
B185 0 304 222
B185 1 304 222
B185 3 304 222
B193 0 177 254
B193 1 177 254
B193 3 177 254
B213 0 158 293
B213 1 158 293
B213 3 158 293
B215 0 243 192
B215 1 243 192
B215 3 243 192
z 3 215 243 192
m215 173 3 5.571428571428572 51.57142857142858 1.0
B217 0 44 498
B1 0 3 463
B1 3 3 463
B4 1 124 313
B10 0 416 181
z 0 10 416 181
m10 13 0 416 181
z 0 10 416 181
m10 22 0 416 181
z 0 10 416 181
m10 33 0 416 181
z 0 10 416 181
m10 37 0 416 181
z 0 10 416 181
m10 98 0 416 181
z 0 10 416 181
m10 166 0 416 181
z 0 10 416 181
m10 194 0 416 181
B17 1 75 377
B19 0 325 136
z 0 19 325 136
m19 52 0 325 136
z 0 19 325 136
m19 73 0 325 136
z 0 19 325 136
m19 84 0 325 136
z 0 19 325 136
m19 117 0 325 136
z 0 19 325 136
m19 121 0 325 136
z 0 19 325 136
m19 168 0 325 136
z 0 19 325 136
m19 180 0 325 136
z 0 19 325 136
m19 196 0 325 136
B19 1 325 136
z 1 19 325 136
m19 52 1 325 136
z 1 19 325 136
m19 73 1 325 136
z 1 19 325 136
m19 84 1 325 136
z 1 19 325 136
m19 117 1 325 136
z 1 19 325 136
m19 121 1 325 136
z 1 19 325 136
m19 168 1 325 136
z 1 19 325 136
m19 180 1 325 136
z 1 19 325 136
m19 196 1 325 136
B19 3 325 136
z 3 19 325 136
m19 117 3 7.5 67.25 0.6115247486886715
z 3 19 325 136
m19 73 3 7.5 67.25 0.6115247486886715
z 3 19 325 136
m19 196 3 7.5 67.25 0.6115247486886715
z 3 19 325 136
m19 49 3 7.5 67.25 0.6115247486886715
z 3 19 325 136
m19 168 3 7.5 67.25 0.6115247486886715
z 3 19 325 136
m19 84 3 7.5 67.25 0.6115247486886715
z 3 19 325 136
m19 52 3 7.5 67.25 0.6115247486886715
z 3 19 325 136
m19 180 3 7.5 67.25 0.6115247486886715
B27 0 30 496
B27 3 30 496
B32 3 9 446
B36 1 28 411
z 1 36 28 411
m36 1 1 28 411
z 1 36 28 411
m36 32 1 28 411
B36 3 28 411
B49 0 349 194
B49 1 349 194
z 1 49 349 194
m49 10 1 349 194
B54 1 30 439
z 1 54 30 439
m54 27 1 30 439
B54 3 30 439
B56 1 95 389
B58 0 49 301
z 0 58 49 301
m58 29 0 49 301
z 0 58 49 301
m58 48 0 49 301
z 0 58 49 301
m58 164 0 49 301
B62 3 392 264
B63 0 242 182
B63 1 242 182
B63 3 242 182
B67 0 46 309
B67 3 46 309
z 3 67 46 309
m67 29 3 5.125000000000001 41.87500000000001 1.0
z 3 67 46 309
m67 48 3 5.125000000000001 41.87500000000001 1.0
z 3 67 46 309
m67 58 3 5.125000000000001 41.87500000000001 1.0
z 3 67 46 309
m67 164 3 5.125000000000001 41.87500000000001 1.0
B68 0 158 184
z 0 68 158 184
m68 42 0 158 184
z 0 68 158 184
m68 59 0 158 184
z 0 68 158 184
m68 81 0 158 184
z 0 68 158 184
m68 141 0 158 184
z 0 68 158 184
m68 142 0 158 184
z 0 68 158 184
m68 177 0 158 184
z 0 68 158 184
m68 189 0 158 184
B68 1 158 184
B68 3 158 184
z 3 68 158 184
m68 42 3 6.25 54.75 1.0
z 3 68 158 184
m68 59 3 6.25 54.75 1.0
z 3 68 158 184
m68 81 3 6.25 54.75 1.0
z 3 68 158 184
m68 141 3 6.25 54.75 1.0
z 3 68 158 184
m68 142 3 6.25 54.75 1.0
z 3 68 158 184
m68 177 3 6.25 54.75 1.0
z 3 68 158 184
m68 189 3 6.25 54.75 1.0
B72 3 359 238
z 3 72 359 238
m72 167 3 6.0 54.25 1.0
B77 3 424 263
z 3 77 424 263
m77 143 3 6.25 55.25 0.4089810017271154
B80 1 392 234
z 1 80 392 234
m80 82 1 392 234
B82 0 438 182
z 0 82 438 182
m82 0 0 438 182
z 0 82 438 182
m82 129 0 438 182
z 0 82 438 182
m82 139 0 438 182
B82 3 438 182
z 3 82 438 182
m82 129 3 7.5 70.0 0.16337073088850282
z 3 82 438 182
m82 98 3 7.5 70.0 0.16337073088850282
z 3 82 438 182
m82 0 3 7.5 70.0 0.16337073088850282
z 3 82 438 182
m82 139 3 7.5 70.0 0.16337073088850282
z 3 82 438 182
m82 194 3 7.5 70.0 0.16337073088850282
z 3 82 438 182
m82 166 3 7.5 70.0 0.16337073088850282
z 3 82 438 182
m82 33 3 7.5 70.0 0.16337073088850282
z 3 82 438 182
m82 37 3 7.5 70.0 0.16337073088850282
B88 1 16 407
B88 3 16 407
B91 0 79 297
z 0 91 79 297
m91 28 0 79 297
B91 1 79 297
z 1 91 79 297
m91 28 1 79 297
z 1 91 79 297
m91 29 1 79 297
z 1 91 79 297
m91 48 1 79 297
z 1 91 79 297
m91 58 1 79 297
z 1 91 79 297
m91 67 1 79 297
z 1 91 79 297
m91 164 1 79 297
B91 3 79 297
z 3 91 79 297
m91 28 3 5.75 45.99999999999999 1.0
B113 0 451 296
z 0 113 451 296
m113 40 0 451 296
z 0 113 451 296
m113 93 0 451 296
z 0 113 451 296
m113 126 0 451 296
z 0 113 451 296
m113 147 0 451 296
B113 1 451 296
z 1 113 451 296
m113 40 1 451 296
z 1 113 451 296
m113 93 1 451 296
z 1 113 451 296
m113 126 1 451 296
z 1 113 451 296
m113 147 1 451 296
B123 0 83 286
B123 1 83 286
B123 3 83 286
B133 0 162 235
B133 1 162 235
z 1 133 162 235
m133 59 1 162 235
z 1 133 162 235
m133 142 1 162 235
B133 3 162 235
B134 0 440 234
B134 1 440 234
z 1 134 440 234
m134 0 1 440 234
z 1 134 440 234
m134 13 1 440 234
z 1 134 440 234
m134 22 1 440 234
B134 3 440 234
z 3 134 440 234
m134 10 3 6.5 57.25 1.0
z 3 134 440 234
m134 13 3 6.5 57.25 1.0
z 3 134 440 234
m134 22 3 6.5 57.25 1.0
z 3 134 440 234
m134 113 3 6.5 57.25 1.0
z 3 134 440 234
m134 135 3 6.5 57.25 1.0
B135 0 452 300
B135 1 452 300
B137 1 148 294
B138 1 53 460
B143 0 475 227
B143 1 475 227
z 1 143 475 227
m143 33 1 475 227
z 1 143 475 227
m143 37 1 475 227
z 1 143 475 227
m143 166 1 475 227
B144 0 161 220
B144 1 161 220
z 1 144 161 220
m144 81 1 161 220
z 1 144 161 220
m144 177 1 161 220
B144 3 161 220
B146 0 370 171
B146 1 370 171
B146 3 370 171
z 3 146 370 171
m146 121 3 5.875 50.125 1.0
B150 1 41 479
B150 3 41 479
B155 0 384 217
B155 1 384 217
B155 3 384 217
B161 0 357 171
B161 1 357 171
B161 3 357 171
B167 0 408 187
B167 1 408 187
B173 0 296 172
B173 1 296 172
B173 3 296 172
B175 1 39 476
B175 3 39 476
B178 1 96 315
B178 3 96 315
B179 0 114 267
B179 1 114 267
B179 3 114 267
B199 0 361 179
B199 1 361 179
z 1 199 361 179
m199 194 1 361 179
B199 3 361 179
B212 0 116 268
B212 1 116 268
B212 3 116 268
B217 1 43 497
B217 3 43 497
B0 0 495 210
B0 1 495 210
B0 3 495 210
B1 1 3 464
B10 1 415 182
z 1 10 415 182
m10 98 1 415 182
B10 3 415 182
B13 0 454 174
z 0 13 454 174
m13 151 0 454 174
z 0 13 454 174
m13 157 0 454 174
B13 1 454 174
z 1 13 454 174
m13 129 1 454 174
z 1 13 454 174
m13 139 1 454 174
z 1 13 454 174
m13 151 1 454 174
z 1 13 454 174
m13 157 1 454 174
B13 3 454 174
B22 0 452 168
B22 1 452 168
B22 3 452 168
B27 1 30 495
B28 0 75 227
z 0 28 75 227
m28 2 0 75 227
z 0 28 75 227
m28 5 0 75 227
z 0 28 75 227
m28 51 0 75 227
z 0 28 75 227
m28 85 0 75 227
z 0 28 75 227
m28 106 0 75 227
z 0 28 75 227
m28 204 0 75 227
B28 1 75 227
z 1 28 75 227
m28 2 1 75 227
z 1 28 75 227
m28 5 1 75 227
z 1 28 75 227
m28 42 1 75 227
z 1 28 75 227
m28 51 1 75 227
z 1 28 75 227
m28 85 1 75 227
z 1 28 75 227
m28 106 1 75 227
z 1 28 75 227
m28 204 1 75 227
B28 3 75 227
z 3 28 75 227
m28 2 3 5.777777777777778 44.888888888888886 1.0
z 3 28 75 227
m28 5 3 5.777777777777778 44.888888888888886 1.0
z 3 28 75 227
m28 51 3 5.777777777777778 44.888888888888886 1.0
z 3 28 75 227
m28 85 3 5.777777777777778 44.888888888888886 1.0
z 3 28 75 227
m28 106 3 5.777777777777778 44.888888888888886 1.0
z 3 28 75 227
m28 204 3 5.777777777777778 44.888888888888886 1.0
B29 0 18 303
B29 1 18 303
B29 3 18 303
B32 1 8 446
B33 0 477 159
B33 1 477 159
B33 3 477 159
B37 0 470 164
B37 1 470 164
B37 3 470 164
B40 0 464 356
z 0 40 464 356
m40 128 0 464 356
B40 1 464 356
z 1 40 464 356
m40 128 1 464 356
B42 0 103 171
z 0 42 103 171
m42 152 0 103 171
z 0 42 103 171
m42 195 0 103 171
z 0 42 103 171
m42 202 0 103 171
z 0 42 103 171
m42 218 0 103 171
B42 3 103 171
z 3 42 103 171
m42 202 3 6.0 50.44444444444444 0.32951508209240155
z 3 42 103 171
m42 195 3 6.0 50.44444444444444 0.32951508209240155
B48 0 20 278
B48 1 20 278
B48 3 20 278
B49 3 348 194
B52 0 299 110
z 0 52 299 110
m52 21 0 299 110
z 0 52 299 110
m52 97 0 299 110
z 0 52 299 110
m52 158 0 299 110
B52 1 299 110
z 1 52 299 110
m52 21 1 299 110
z 1 52 299 110
m52 97 1 299 110
z 1 52 299 110
m52 158 1 299 110
B52 3 299 110
B58 1 48 302
B58 3 48 302
B59 0 116 205
B59 1 116 205
B59 3 116 205
z 3 59 116 205
m59 218 3 5.666666666666666 48.77777777777778 1.0
B67 1 47 309
B73 0 259 99
z 0 73 259 99
m73 108 0 259 99
z 0 73 259 99
m73 122 0 259 99
z 0 73 259 99
m73 156 0 259 99
B73 1 259 99
B73 3 259 99
z 3 73 259 99
m73 156 3 7.333333333333334 63.77777777777778 0.3368154568661835
z 3 73 259 99
m73 122 3 7.333333333333334 63.77777777777778 0.3368154568661835
z 3 73 259 99
m73 108 3 7.333333333333334 63.77777777777778 0.3368154568661835
z 3 73 259 99
m73 97 3 7.333333333333334 63.77777777777778 0.3368154568661835
B81 0 161 155
z 0 81 161 155
m81 71 0 161 155
z 0 81 161 155
m81 163 0 161 155
z 0 81 161 155
m81 214 0 161 155
B81 1 161 155
z 1 81 161 155
m81 71 1 161 155
z 1 81 161 155
m81 141 1 161 155
z 1 81 161 155
m81 163 1 161 155
z 1 81 161 155
m81 189 1 161 155
z 1 81 161 155
m81 214 1 161 155
z 1 81 161 155
m81 218 1 161 155
B81 3 161 155
B82 1 439 183
B84 0 289 112
B84 1 289 112
z 1 84 289 112
m84 108 1 289 112
B84 3 289 112
B93 0 490 321
z 0 93 490 321
m93 203 0 490 321
B93 1 490 321
z 1 93 490 321
m93 203 1 490 321
B98 0 428 118
z 0 98 428 118
m98 35 0 428 118
z 0 98 428 118
m98 140 0 428 118
z 0 98 428 118
m98 170 0 428 118
B98 3 428 118
z 3 98 428 118
m98 170 3 7.222222222222222 65.0 0.0
z 3 98 428 118
m98 140 3 7.222222222222222 65.0 0.0
B113 3 450 296
z 3 113 450 296
m113 40 3 6.222222222222222 52.666666666666664 0.804978888106967
z 3 113 450 296
m113 126 3 6.222222222222222 52.666666666666664 0.804978888106967
z 3 113 450 296
m113 93 3 6.222222222222222 52.666666666666664 0.804978888106967
z 3 113 450 296
m113 147 3 6.222222222222222 52.666666666666664 0.804978888106967
B117 0 263 92
B117 1 263 92
z 1 117 263 92
m117 122 1 263 92
z 1 117 263 92
m117 156 1 263 92
B117 3 263 92
B121 0 343 137
B121 1 343 137
z 1 121 343 137
m121 170 1 343 137
B121 3 343 137
B126 0 478 350
z 0 126 478 350
m126 128 0 478 350
B126 1 478 350
z 1 126 478 350
m126 128 1 478 350
B129 0 488 133
B129 3 488 133
B135 3 451 300
B139 0 475 132
B139 3 475 132
B141 0 182 129
z 0 141 182 129
m141 102 0 182 129
z 0 141 182 129
m141 190 0 182 129
B141 3 182 129
z 3 141 182 129
m141 158 3 6.222222222222222 52.666666666666664 0.8777920962199313
z 3 141 182 129
m141 102 3 6.222222222222222 52.666666666666664 0.8777920962199313
z 3 141 182 129
m141 190 3 6.222222222222222 52.666666666666664 0.8777920962199313
z 3 141 182 129
m141 163 3 6.222222222222222 52.666666666666664 0.8777920962199313
z 3 141 182 129
m141 71 3 6.222222222222222 52.666666666666664 0.8777920962199313
z 3 141 182 129
m141 214 3 6.222222222222222 52.666666666666664 0.8777920962199313
B142 0 140 178
B142 1 140 178
B142 3 140 178
B143 3 475 226
B147 0 464 328
z 0 147 464 328
m147 208 0 464 328
B147 1 464 328
B164 0 11 294
B164 1 11 294
B164 3 11 294
B166 0 490 170
B166 1 490 170
B166 3 490 170
B167 3 408 186
B168 0 348 97
z 0 168 348 97
m168 24 0 348 97
z 0 168 348 97
m168 182 0 348 97
B168 1 348 97
z 1 168 348 97
m168 24 1 348 97
z 1 168 348 97
m168 35 1 348 97
z 1 168 348 97
m168 140 1 348 97
z 1 168 348 97
m168 182 1 348 97
B168 3 348 97
B177 0 141 158
B177 1 141 158
z 1 177 141 158
m177 152 1 141 158
B177 3 141 158
z 3 177 141 158
m177 152 3 5.666666666666666 48.77777777777778 1.0
B180 0 341 112
B180 1 341 112
B180 3 341 112
B189 0 165 116
B189 3 165 116
B194 0 408 131
B194 1 408 131
B194 3 408 131
B196 0 336 70
z 0 196 336 70
m196 23 0 336 70
z 0 196 336 70
m196 94 0 336 70
z 0 196 336 70
m196 200 0 336 70
B196 1 336 70
z 1 196 336 70
m196 23 1 336 70
z 1 196 336 70
m196 94 1 336 70
z 1 196 336 70
m196 200 1 336 70
B196 3 336 70
z 3 196 336 70
m196 23 3 7.333333333333334 63.77777777777778 0.3368154568661835
z 3 196 336 70
m196 200 3 7.333333333333334 63.77777777777778 0.3368154568661835
z 3 196 336 70
m196 94 3 7.333333333333334 63.77777777777778 0.3368154568661835
z 3 196 336 70
m196 35 3 7.333333333333334 63.77777777777778 0.3368154568661835
B2 0 43 189
z 0 2 43 189
m2 116 0 43 189
z 0 2 43 189
m2 169 0 43 189
B2 1 43 189
B2 3 43 189
B5 0 49 197
B5 1 49 197
B5 3 49 197
B21 0 239 68
z 0 21 239 68
m21 31 0 239 68
z 0 21 239 68
m21 184 0 239 68
B21 1 239 68
z 1 21 239 68
m21 31 1 239 68
z 1 21 239 68
m21 102 1 239 68
z 1 21 239 68
m21 184 1 239 68
z 1 21 239 68
m21 190 1 239 68
B23 0 396 34
z 0 23 396 34
m23 118 0 396 34
z 0 23 396 34
m23 205 0 396 34
B23 1 396 34
z 1 23 396 34
m23 118 1 396 34
z 1 23 396 34
m23 205 1 396 34
B23 3 396 34
z 3 23 396 34
m23 24 3 7.0 59.0 0.1860251848383532
B24 0 325 37
B24 1 325 37
B35 0 389 70
B35 1 389 70
B35 3 389 70
B40 3 465 357
z 3 40 465 357
m40 128 3 6.222222222222222 52.666666666666664 -1.0
B42 1 104 170
B51 0 72 186
B51 1 72 186
z 1 51 72 186
m51 116 1 72 186
z 1 51 72 186
m51 195 1 72 186
z 1 51 72 186
m51 202 1 72 186
B51 3 72 186
z 3 51 72 186
m51 116 3 5.3 40.5 1.0
B71 0 151 104
z 0 71 151 104
m71 90 0 151 104
z 0 71 151 104
m71 99 0 151 104
B71 1 151 104
z 1 71 151 104
m71 90 1 151 104
z 1 71 151 104
m71 99 1 151 104
B71 3 151 104
B85 0 69 180
B85 1 69 180
z 1 85 69 180
m85 169 1 69 180
B85 3 69 180
z 3 85 69 180
m85 169 3 5.3 40.5 1.0
B93 3 490 322
z 3 93 490 322
m93 203 3 5.699999999999999 47.5 1.0
B94 0 362 19
B94 1 362 19
B94 3 362 19
B97 0 257 61
B97 1 257 61
B97 3 257 61
B98 1 429 118
B102 0 177 58
z 0 102 177 58
m102 127 0 177 58
z 0 102 177 58
m102 174 0 177 58
B102 3 177 58
z 3 102 177 58
m102 21 3 6.0 49.0 0.4913955753958466
z 3 102 177 58
m102 90 3 6.0 49.0 0.4913955753958466
B106 0 37 213
B106 1 37 213
B106 3 37 213
B108 0 221 106
B108 1 221 106
B108 3 221 106
B122 0 202 84
B122 1 202 84
B122 3 202 84
B126 3 479 350
z 3 126 479 350
m126 128 3 6.222222222222222 52.666666666666664 -1.0
B129 1 488 133
B139 1 474 132
B140 0 385 72
B140 1 385 72
B140 3 385 72
B141 1 182 128
B147 3 465 328
B151 0 482 109
z 0 151 482 109
m151 89 0 482 109
B151 1 482 109
z 1 151 482 109
m151 89 1 482 109
B152 0 82 121
z 0 152 82 121
m152 45 0 82 121
z 0 152 82 121
m152 46 0 82 121
z 0 152 82 121
m152 110 0 82 121
z 0 152 82 121
m152 149 0 82 121
B152 1 82 121
z 1 152 82 121
m152 45 1 82 121
z 1 152 82 121
m152 46 1 82 121
z 1 152 82 121
m152 110 1 82 121
z 1 152 82 121
m152 149 1 82 121
B152 3 82 121
z 3 152 82 121
m152 45 3 5.6 46.4 1.0
z 3 152 82 121
m152 46 3 5.6 46.4 1.0
z 3 152 82 121
m152 99 3 5.6 46.4 1.0
z 3 152 82 121
m152 110 3 5.6 46.4 1.0
z 3 152 82 121
m152 149 3 5.6 46.4 1.0
B156 0 256 29
B156 1 256 29
B156 3 256 29
B157 0 479 111
B157 1 479 111
B158 0 234 76
B158 1 234 76
B158 3 234 76
z 3 158 234 76
m158 31 3 5.699999999999999 47.5 1.0
B163 0 144 103
B163 1 144 103
B163 3 144 103
B170 0 372 72
B170 1 372 72
B170 3 372 72
B182 0 354 41
B182 1 354 41
B189 1 166 116
B190 0 188 76
B190 3 188 76
B195 0 74 117
z 0 195 74 117
m195 114 0 74 117
B195 3 74 117
z 3 195 74 117
m195 114 3 5.5 45.5 1.0
B200 0 341 2
B200 1 341 2
B200 3 341 2
z 3 200 341 2
m200 182 3 6.699999999999999 57.5 1.0
B202 0 74 114
B202 3 74 114
B203 0 489 368
z 0 203 489 368
m203 128 0 489 368
B203 1 489 368
z 1 203 489 368
m203 128 1 489 368
B204 0 4 237
B204 1 4 237
B204 3 4 237
B208 0 419 379
z 0 208 419 379
m208 128 0 419 379
B214 0 157 106
B214 1 157 106
B214 3 157 106
B218 0 92 146
B218 1 92 146
B218 3 92 146
B21 3 240 67
z 3 21 240 67
m21 184 3 5.545454545454545 44.63636363636364 1.0
B24 3 326 38
B31 0 245 8
B31 1 245 8
B31 3 245 8
B45 0 21 104
B45 1 21 104
z 1 45 21 104
m45 114 1 21 104
B45 3 21 104
B46 0 48 65
z 0 46 48 65
m46 69 0 48 65
z 0 46 48 65
m46 181 0 48 65
z 0 46 48 65
m46 183 0 48 65
B46 1 48 65
z 1 46 48 65
m46 69 1 48 65
z 1 46 48 65
m46 181 1 48 65
z 1 46 48 65
m46 183 1 48 65
B46 3 48 65
z 3 46 48 65
m46 69 3 5.363636363636363 43.0 0.39481555333997975
B89 0 478 53
B89 1 478 53
B90 0 128 50
z 0 90 128 50
m90 197 0 128 50
B90 1 128 50
B90 3 128 50
z 3 90 128 50
m90 181 3 5.8181818181818175 46.0 0.5092515192692422
z 3 90 128 50
m90 197 3 5.8181818181818175 46.0 0.5092515192692422
z 3 90 128 50
m90 127 3 5.8181818181818175 46.0 0.5092515192692422
B99 0 86 90
B99 1 86 90
B99 3 86 90
B102 1 178 58
z 1 102 178 58
m102 127 1 178 58
z 1 102 178 58
m102 174 1 178 58
B110 0 42 73
B110 1 42 73
B110 3 42 73
z 3 110 42 73
m110 183 3 5.181818181818182 42.27272727272727 1.0
B114 0 29 66
B114 3 29 66
B116 0 30 145
B116 1 30 145
B116 3 30 145
B118 0 422 33
B118 1 422 33
B127 0 156 23
B149 0 29 77
B149 1 29 77
B149 3 29 77
B169 0 14 131
B169 1 14 131
B169 3 14 131
B174 0 151 28
B182 3 355 41
z 3 182 355 41
m182 118 3 6.181818181818182 52.36363636363637 1.0
B184 0 254 2
B184 1 254 2
B190 1 188 77
B195 1 75 117
B202 1 75 114
B203 3 488 368
z 3 203 488 368
m203 128 3 5.699999999999999 47.5 -1.0
B205 0 463 34
B205 1 463 34
B69 0 16 13
B69 1 16 13
B69 3 16 13
B114 1 30 66
B118 3 422 33
z 3 118 422 33
m118 89 3 5.833333333333334 48.333333333333336 1.0
z 3 118 422 33
m118 205 3 5.833333333333334 48.333333333333336 1.0
B127 1 157 22
B127 3 157 22
z 3 127 157 22
m127 174 3 5.416666666666666 42.25 1.0
B174 1 152 28
z 1 174 152 28
m174 197 1 152 28
B181 0 80 25
B181 1 80 25
B181 3 80 25
B183 0 28 19
B183 1 28 19
B183 3 28 19
B184 3 253 2
B197 0 107 9
B197 3 107 9
B89 3 479 55
z 3 89 479 55
m89 151 3 5.538461538461539 44.92307692307692 1.0
z 3 89 479 55
m89 157 3 5.538461538461539 44.92307692307692 1.0
B174 3 153 27
B197 1 106 9
B205 3 465 33
B151 3 479 107
B157 3 475 112
