0 438 317 359
s 0 241 265 190 0
s 1 97 127 12 0
s 2 105 350 89 0
s 3 481 79 150 0
s 4 267 396 192 0
s 5 35 389 134 0
s 6 431 340 225 0
s 7 212 360 0 0
s 8 465 280 90 0
s 9 127 222 113 0
s 10 196 6 287 0
s 11 317 359 323 0
s 12 384 56 116 0
s 13 432 440 239 0
s 14 146 222 62 0
s 15 27 6 53 0
s 16 135 215 76 0
s 17 264 421 287 0
s 18 6 150 339 0
s 19 419 184 197 0
s 20 318 31 182 0
s 21 266 372 26 0
s 22 181 153 340 0
s 23 172 448 36 0
s 24 361 493 75 0
s 25 209 212 25 0
s 26 63 0 233 0
s 27 58 454 149 0
s 28 210 157 91 0
s 29 216 121 320 0
s 30 406 73 142 0
s 31 450 25 294 0
s 32 232 476 27 0
s 33 23 304 87 0
s 34 428 107 159 0
s 35 103 230 189 0
s 36 201 253 232 0
s 37 490 489 173 0
s 38 220 435 76 0
s 39 263 61 12 0
s 40 254 321 50 0
s 41 293 259 259 0
s 42 304 366 83 0
s 43 480 307 7 0
s 44 301 22 267 0
s 45 178 384 79 0
s 46 230 132 65 0
s 47 163 31 81 0
s 48 493 330 46 0
s 49 232 493 239 0
s 50 408 327 50 0
s 51 60 149 307 0
s 52 36 278 105 0
s 53 414 108 35 0
s 54 67 418 332 0
s 55 354 48 206 0
s 56 360 491 316 0
s 57 497 280 196 0
s 58 104 240 289 0
s 59 61 343 140 0
s 60 407 250 97 0
s 61 212 399 336 0
s 62 368 370 59 0
s 63 276 381 27 0
s 64 153 21 346 0
s 65 148 34 332 0
s 66 414 475 318 0
s 67 127 408 211 0
s 68 301 348 358 0
s 69 426 62 64 0
s 70 118 52 194 0
s 71 23 386 268 0
s 72 33 354 53 0
s 73 273 277 327 0
s 74 136 1 31 0
s 75 432 348 241 0
s 76 126 398 88 0
s 77 455 135 5 0
s 78 142 163 16 0
s 79 488 343 160 0
s 80 289 151 178 0
s 81 447 293 224 0
s 82 448 307 41 0
s 83 236 39 32 0
s 84 70 468 27 0
s 85 409 206 25 0
s 86 188 89 345 0
s 87 219 295 219 0
s 88 346 16 248 0
s 89 313 131 88 0
s 90 477 215 49 0
s 91 462 99 258 0
s 92 499 57 356 0
s 93 77 48 252 0
s 94 142 388 316 0
s 95 148 156 84 0
s 96 99 241 251 0
s 97 194 230 17 0
s 98 456 207 38 0
s 99 496 55 248 0
s 100 154 7 27 0
s 101 195 442 57 0
s 102 59 374 293 0
s 103 411 426 78 0
s 104 272 22 90 0
s 105 276 43 12 0
s 106 206 466 307 0
s 107 22 244 203 0
s 108 394 164 307 0
s 109 85 126 72 0
s 110 310 94 19 0
s 111 179 26 67 0
s 112 163 217 169 0
s 113 22 210 290 0
s 114 305 5 176 0
s 115 327 480 181 0
s 116 410 405 162 0
s 117 411 463 132 0
s 118 275 90 2 0
s 119 473 356 347 0
s 120 200 335 262 0
s 121 102 396 358 0
s 122 445 336 50 0
s 123 172 183 79 0
s 124 415 294 166 0
s 125 396 30 261 0
s 126 138 11 337 0
s 127 113 314 80 0
s 128 419 75 143 0
s 129 262 94 104 0
s 130 75 302 181 0
s 131 385 265 332 0
s 132 450 246 277 0
s 133 465 472 150 0
s 134 445 210 108 0
s 135 55 155 276 0
s 136 58 365 321 0
s 137 150 265 306 0
s 138 89 272 328 0
s 139 23 201 228 0
s 140 103 200 76 0
s 141 430 72 328 0
s 142 257 133 282 0
s 143 485 161 184 0
s 144 107 460 257 0
s 145 283 360 310 0
s 146 413 71 40 0
s 147 41 334 193 0
s 148 9 443 208 0
s 149 428 120 68 0
s 150 291 402 191 0
s 151 193 260 126 0
s 152 274 298 94 0
s 153 423 343 189 0
s 154 477 100 338 0
s 155 17 105 12 0
s 156 166 329 30 0
s 157 467 298 36 0
s 158 139 131 82 0
s 159 342 305 255 0
s 160 441 430 348 0
s 161 286 16 200 0
s 162 206 266 132 0
s 163 161 493 327 0
s 164 223 281 22 0
s 165 59 410 281 0
s 166 204 140 7 0
s 167 400 417 317 0
s 168 338 471 74 0
s 169 117 18 193 0
s 170 247 427 204 0
s 171 388 109 196 0
s 172 488 80 283 0
s 173 26 412 349 0
s 174 189 350 13 0
s 175 110 335 225 0
s 176 246 135 84 0
s 177 296 35 10 0
s 178 314 210 271 0
s 179 431 482 147 0
s 180 70 71 11 0
s 181 221 334 193 0
s 182 47 272 265 0
s 183 0 438 236 0
s 184 207 50 152 0
s 185 254 363 356 0
s 186 136 188 202 0
s 187 41 227 159 0
s 188 178 45 181 0
s 189 2 296 208 0
s 190 452 133 87 0
s 191 77 136 33 0
s 192 316 176 332 0
s 193 122 87 49 0
s 194 119 490 100 0
s 195 480 393 153 0
s 196 208 171 228 0
s 197 437 462 353 0
s 198 467 289 7 0
s 199 442 23 201 0
s 200 304 255 69 0
s 201 143 287 90 0
s 202 469 91 25 0
s 203 112 412 115 0
s 204 403 491 8 0
s 205 336 375 39 0
s 206 208 225 116 0
s 207 229 273 141 0
s 208 247 383 97 0
s 209 10 287 72 0
s 210 139 125 311 0
s 211 56 219 5 0
s 212 481 109 333 0
s 213 345 272 76 0
s 214 448 50 310 0
s 215 353 391 190 0
s 216 366 378 213 0
s 217 420 84 357 0
s 218 85 190 139 0
s 219 444 198 122 0
B183 0 3 437
z 0 183 3 437
m183 5 0 3 437
z 0 183 3 437
m183 27 0 3 437
z 0 183 3 437
m183 54 0 3 437
z 0 183 3 437
m183 71 0 3 437
z 0 183 3 437
m183 148 0 3 437
z 0 183 3 437
m183 165 0 3 437
z 0 183 3 437
m183 173 0 3 437
B183 1 3 437
z 1 183 3 437
m183 5 1 3 437
z 1 183 3 437
m183 27 1 3 437
z 1 183 3 437
m183 54 1 3 437
z 1 183 3 437
m183 71 1 3 437
z 1 183 3 437
m183 148 1 3 437
z 1 183 3 437
m183 165 1 3 437
z 1 183 3 437
m183 173 1 3 437
B183 2 3 437
z 2 183 3 437
m183 5 2 3 437
z 2 183 3 437
m183 27 2 3 437
z 2 183 3 437
m183 54 2 3 437
z 2 183 3 437
m183 71 2 3 437
z 2 183 3 437
m183 148 2 3 437
z 2 183 3 437
m183 165 2 3 437
z 2 183 3 437
m183 173 2 3 437
B183 3 3 437
z 3 183 3 437
m183 5 3 7.0 49.0 1.0
z 3 183 3 437
m183 27 3 7.0 49.0 1.0
z 3 183 3 437
m183 54 3 7.0 49.0 1.0
z 3 183 3 437
m183 71 3 7.0 49.0 1.0
z 3 183 3 437
m183 148 3 7.0 49.0 1.0
z 3 183 3 437
m183 165 3 7.0 49.0 1.0
z 3 183 3 437
m183 173 3 7.0 49.0 1.0
B5 0 33 391
z 0 5 33 391
m5 59 0 33 391
z 0 5 33 391
m5 72 0 33 391
z 0 5 33 391
m5 102 0 33 391
z 0 5 33 391
m5 121 0 33 391
z 0 5 33 391
m5 136 0 33 391
z 0 5 33 391
m5 147 0 33 391
B5 1 33 391
z 1 5 33 391
m5 59 1 33 391
z 1 5 33 391
m5 72 1 33 391
z 1 5 33 391
m5 102 1 33 391
z 1 5 33 391
m5 121 1 33 391
z 1 5 33 391
m5 136 1 33 391
z 1 5 33 391
m5 147 1 33 391
B5 2 33 391
z 2 5 33 391
m5 59 2 33 391
z 2 5 33 391
m5 72 2 33 391
z 2 5 33 391
m5 102 2 33 391
z 2 5 33 391
m5 121 2 33 391
z 2 5 33 391
m5 136 2 33 391
z 2 5 33 391
m5 147 2 33 391
B5 3 33 391
z 3 5 33 391
m5 59 3 6.666666666666667 44.666666666666664 1.0
z 3 5 33 391
m5 72 3 6.666666666666667 44.666666666666664 1.0
z 3 5 33 391
m5 102 3 6.666666666666667 44.666666666666664 1.0
z 3 5 33 391
m5 121 3 6.666666666666667 44.666666666666664 1.0
z 3 5 33 391
m5 136 3 6.666666666666667 44.666666666666664 1.0
z 3 5 33 391
m5 147 3 6.666666666666667 44.666666666666664 1.0
B27 0 55 455
z 0 27 55 455
m27 84 0 55 455
z 0 27 55 455
m27 144 0 55 455
z 0 27 55 455
m27 194 0 55 455
z 0 27 55 455
m27 203 0 55 455
B27 1 55 455
z 1 27 55 455
m27 84 1 55 455
z 1 27 55 455
m27 144 1 55 455
z 1 27 55 455
m27 194 1 55 455
z 1 27 55 455
m27 203 1 55 455
B27 2 55 455
z 2 27 55 455
m27 84 2 55 455
z 2 27 55 455
m27 144 2 55 455
z 2 27 55 455
m27 194 2 55 455
z 2 27 55 455
m27 203 2 55 455
B27 3 55 455
z 3 27 55 455
m27 84 3 6.0 38.0 1.0
z 3 27 55 455
m27 144 3 6.0 38.0 1.0
z 3 27 55 455
m27 194 3 6.0 38.0 1.0
z 3 27 55 455
m27 203 3 6.0 38.0 1.0
B54 0 69 417
z 0 54 69 417
m54 2 0 69 417
z 0 54 69 417
m54 67 0 69 417
z 0 54 69 417
m54 76 0 69 417
B54 1 69 417
z 1 54 69 417
m54 2 1 69 417
z 1 54 69 417
m54 67 1 69 417
z 1 54 69 417
m54 76 1 69 417
B54 2 69 417
B54 3 69 417
z 3 54 69 417
m54 2 3 5.666666666666667 35.666666666666664 0.8235294117647061
z 3 54 69 417
m54 76 3 5.666666666666667 35.666666666666664 0.8235294117647061
z 3 54 69 417
m54 67 3 5.666666666666667 35.666666666666664 0.8235294117647061
B71 0 23 383
B71 1 23 383
B71 2 23 383
B71 3 23 383
B148 0 6 442
B148 1 6 442
B148 2 6 442
B148 3 6 442
B165 0 60 408
B165 1 60 408
B165 2 60 408
z 2 165 60 408
m165 2 2 60 408
z 2 165 60 408
m165 67 2 60 408
z 2 165 60 408
m165 76 2 60 408
B165 3 60 408
B173 0 29 412
B173 1 29 412
B173 2 29 412
B173 3 29 412
B2 0 105 354
z 0 2 105 354
m2 94 0 105 354
z 0 2 105 354
m2 127 0 105 354
z 0 2 105 354
m2 130 0 105 354
z 0 2 105 354
m2 156 0 105 354
z 0 2 105 354
m2 175 0 105 354
z 0 2 105 354
m2 201 0 105 354
B2 1 105 354
z 1 2 105 354
m2 94 1 105 354
z 1 2 105 354
m2 127 1 105 354
z 1 2 105 354
m2 130 1 105 354
z 1 2 105 354
m2 156 1 105 354
z 1 2 105 354
m2 175 1 105 354
z 1 2 105 354
m2 201 1 105 354
B2 2 105 354
z 2 2 105 354
m2 94 2 105 354
z 2 2 105 354
m2 127 2 105 354
z 2 2 105 354
m2 130 2 105 354
z 2 2 105 354
m2 156 2 105 354
z 2 2 105 354
m2 175 2 105 354
z 2 2 105 354
m2 201 2 105 354
B2 3 105 354
z 3 2 105 354
m2 94 3 5.75 35.75 1.0
z 3 2 105 354
m2 127 3 5.75 35.75 1.0
z 3 2 105 354
m2 130 3 5.75 35.75 1.0
z 3 2 105 354
m2 156 3 5.75 35.75 1.0
z 3 2 105 354
m2 175 3 5.75 35.75 1.0
z 3 2 105 354
m2 201 3 5.75 35.75 1.0
B59 0 58 346
z 0 59 58 346
m59 33 0 58 346
z 0 59 58 346
m59 52 0 58 346
z 0 59 58 346
m59 189 0 58 346
z 0 59 58 346
m59 209 0 58 346
B59 1 58 346
z 1 59 58 346
m59 33 1 58 346
z 1 59 58 346
m59 52 1 58 346
z 1 59 58 346
m59 189 1 58 346
z 1 59 58 346
m59 209 1 58 346
B59 2 58 346
z 2 59 58 346
m59 33 2 58 346
z 2 59 58 346
m59 52 2 58 346
z 2 59 58 346
m59 189 2 58 346
z 2 59 58 346
m59 209 2 58 346
B59 3 58 346
z 3 59 58 346
m59 189 3 6.0 37.5 0.618421052631579
z 3 59 58 346
m59 209 3 6.0 37.5 0.618421052631579
z 3 59 58 346
m59 52 3 6.0 37.5 0.618421052631579
B67 0 124 405
z 0 67 124 405
m67 23 0 124 405
z 0 67 124 405
m67 45 0 124 405
B67 1 124 405
z 1 67 124 405
m67 23 1 124 405
z 1 67 124 405
m67 45 1 124 405
B67 2 124 405
B67 3 124 405
z 3 67 124 405
m67 23 3 4.75 27.75 0.5172342621259028
B72 0 35 357
B72 1 35 357
B72 2 35 357
B72 3 35 357
z 3 72 35 357
m72 33 3 5.25 33.75 1.0
B76 0 126 402
B76 1 126 402
B76 2 126 402
B76 3 126 402
z 3 76 126 402
m76 45 3 4.5 27.0 1.0
B84 0 73 470
B84 1 73 470
B84 2 73 470
B84 3 73 470
B102 0 60 370
B102 1 60 370
B102 2 60 370
B102 3 60 370
B121 0 106 396
B121 1 106 396
B121 2 106 396
B121 3 106 396
B136 0 61 362
B136 1 61 362
B136 2 61 362
B136 3 61 362
B144 0 106 456
z 0 144 106 456
m144 163 0 106 456
B144 1 106 456
z 1 144 106 456
m144 163 1 106 456
B144 2 106 456
B144 3 106 456
z 3 144 106 456
m144 163 3 4.75 28.75 1.0
B147 0 37 333
z 0 147 37 333
m147 182 0 37 333
B147 1 37 333
z 1 147 37 333
m147 182 1 37 333
B147 2 37 333
z 2 147 37 333
m147 182 2 37 333
B147 3 37 333
z 3 147 37 333
m147 182 3 5.25 33.75 1.0
B194 0 118 494
B194 1 118 494
B194 2 118 494
z 2 194 118 494
m194 23 2 118 494
z 2 194 118 494
m194 163 2 118 494
B194 3 118 494
B203 0 111 415
B203 1 111 415
B203 2 111 415
z 2 203 111 415
m203 45 2 111 415
B203 3 111 415
B23 0 176 450
z 0 23 176 450
m23 32 0 176 450
z 0 23 176 450
m23 38 0 176 450
z 0 23 176 450
m23 49 0 176 450
z 0 23 176 450
m23 61 0 176 450
z 0 23 176 450
m23 101 0 176 450
z 0 23 176 450
m23 106 0 176 450
z 0 23 176 450
m23 170 0 176 450
B23 1 176 450
B23 2 176 450
z 2 23 176 450
m23 32 2 176 450
z 2 23 176 450
m23 38 2 176 450
z 2 23 176 450
m23 49 2 176 450
z 2 23 176 450
m23 61 2 176 450
z 2 23 176 450
m23 101 2 176 450
z 2 23 176 450
m23 106 2 176 450
z 2 23 176 450
m23 170 2 176 450
B23 3 176 450
z 3 23 176 450
m23 170 3 5.199999999999999 32.0 0.8771729638871917
z 3 23 176 450
m23 32 3 5.199999999999999 32.0 0.8771729638871917
z 3 23 176 450
m23 61 3 5.199999999999999 32.0 0.8771729638871917
z 3 23 176 450
m23 49 3 5.199999999999999 32.0 0.8771729638871917
z 3 23 176 450
m23 38 3 5.199999999999999 32.0 0.8771729638871917
z 3 23 176 450
m23 106 3 5.199999999999999 32.0 0.8771729638871917
z 3 23 176 450
m23 101 3 5.199999999999999 32.0 0.8771729638871917
B33 0 23 309
z 0 33 23 309
m33 107 0 23 309
B33 1 23 309
z 1 33 23 309
m33 107 1 23 309
B33 2 23 309
z 2 33 23 309
m33 107 2 23 309
B33 3 23 309
z 3 33 23 309
m33 107 3 4.4 27.2 1.0
B45 0 179 388
z 0 45 179 388
m45 7 0 179 388
z 0 45 179 388
m45 120 0 179 388
z 0 45 179 388
m45 174 0 179 388
z 0 45 179 388
m45 181 0 179 388
z 0 45 179 388
m45 208 0 179 388
B45 1 179 388
z 1 45 179 388
m45 7 1 179 388
z 1 45 179 388
m45 38 1 179 388
z 1 45 179 388
m45 61 1 179 388
z 1 45 179 388
m45 101 1 179 388
z 1 45 179 388
m45 120 1 179 388
z 1 45 179 388
m45 170 1 179 388
z 1 45 179 388
m45 174 1 179 388
z 1 45 179 388
m45 181 1 179 388
z 1 45 179 388
m45 208 1 179 388
B45 2 179 388
z 2 45 179 388
m45 7 2 179 388
z 2 45 179 388
m45 120 2 179 388
z 2 45 179 388
m45 174 2 179 388
z 2 45 179 388
m45 181 2 179 388
z 2 45 179 388
m45 208 2 179 388
B45 3 179 388
z 3 45 179 388
m45 7 3 4.6 26.6 1.0
z 3 45 179 388
m45 120 3 4.6 26.6 1.0
z 3 45 179 388
m45 174 3 4.6 26.6 1.0
z 3 45 179 388
m45 181 3 4.6 26.6 1.0
z 3 45 179 388
m45 208 3 4.6 26.6 1.0
B52 0 35 283
z 0 52 35 283
m52 138 0 35 283
z 0 52 35 283
m52 187 0 35 283
z 0 52 35 283
m52 211 0 35 283
B52 1 35 283
z 1 52 35 283
m52 138 1 35 283
z 1 52 35 283
m52 187 1 35 283
z 1 52 35 283
m52 211 1 35 283
B52 2 35 283
B52 3 35 283
z 3 52 35 283
m52 211 3 5.3999999999999995 31.8 0.46899656548779334
B94 0 146 384
B94 1 146 384
B94 2 146 384
B94 3 146 384
B127 0 114 319
z 0 127 114 319
m127 137 0 114 319
B127 1 114 319
B127 2 114 319
B127 3 114 319
B130 0 70 302
z 0 130 70 302
m130 96 0 70 302
B130 1 70 302
z 1 130 70 302
m130 96 1 70 302
B130 2 70 302
B130 3 70 302
B156 0 170 332
z 0 156 170 332
m156 87 0 170 332
z 0 156 170 332
m156 151 0 170 332
z 0 156 170 332
m156 162 0 170 332
B156 1 170 332
z 1 156 170 332
m156 87 1 170 332
z 1 156 170 332
m156 137 1 170 332
z 1 156 170 332
m156 151 1 170 332
z 1 156 170 332
m156 162 1 170 332
B156 2 170 332
B156 3 170 332
z 3 156 170 332
m156 137 3 5.3999999999999995 31.8 0.5944444444444441
z 3 156 170 332
m156 151 3 5.3999999999999995 31.8 0.5944444444444441
z 3 156 170 332
m156 162 3 5.3999999999999995 31.8 0.5944444444444441
B163 0 165 490
B163 1 165 490
B163 2 165 490
B163 3 165 490
B175 0 107 332
B175 1 107 332
B175 2 107 332
z 2 175 107 332
m175 138 2 107 332
B175 3 107 332
z 3 175 107 332
m175 138 3 4.8 28.8 1.0
B182 0 47 267
z 0 182 47 267
m182 35 0 47 267
z 0 182 47 267
m182 58 0 47 267
z 0 182 47 267
m182 113 0 47 267
z 0 182 47 267
m182 139 0 47 267
B182 1 47 267
z 1 182 47 267
m182 35 1 47 267
z 1 182 47 267
m182 58 1 47 267
z 1 182 47 267
m182 113 1 47 267
z 1 182 47 267
m182 139 1 47 267
B182 2 47 267
B182 3 47 267
z 3 182 47 267
m182 35 3 5.4 34.2 1.0
z 3 182 47 267
m182 58 3 5.4 34.2 1.0
z 3 182 47 267
m182 96 3 5.4 34.2 1.0
z 3 182 47 267
m182 113 3 5.4 34.2 1.0
z 3 182 47 267
m182 139 3 5.4 34.2 1.0
z 3 182 47 267
m182 187 3 5.4 34.2 1.0
B189 0 3 298
B189 1 3 298
B189 2 3 298
B189 3 3 298
B201 0 143 292
z 0 201 143 292
m201 9 0 143 292
z 0 201 143 292
m201 14 0 143 292
z 0 201 143 292
m201 16 0 143 292
z 0 201 143 292
m201 36 0 143 292
B201 1 143 292
z 1 201 143 292
m201 9 1 143 292
z 1 201 143 292
m201 14 1 143 292
z 1 201 143 292
m201 16 1 143 292
z 1 201 143 292
m201 36 1 143 292
B201 2 143 292
B201 3 143 292
z 3 201 143 292
m201 16 3 5.6 33.6 0.8500000000000001
z 3 201 143 292
m201 87 3 5.6 33.6 0.8500000000000001
z 3 201 143 292
m201 36 3 5.6 33.6 0.8500000000000001
z 3 201 143 292
m201 9 3 5.6 33.6 0.8500000000000001
z 3 201 143 292
m201 14 3 5.6 33.6 0.8500000000000001
B209 0 11 292
B209 1 11 292
B209 2 11 292
z 2 209 11 292
m209 187 2 11 292
B209 3 11 292
B7 0 218 360
z 0 7 218 360
m7 4 0 218 360
z 0 7 218 360
m7 17 0 218 360
z 0 7 218 360
m7 21 0 218 360
z 0 7 218 360
m7 40 0 218 360
z 0 7 218 360
m7 63 0 218 360
z 0 7 218 360
m7 145 0 218 360
z 0 7 218 360
m7 185 0 218 360
B7 1 218 360
z 1 7 218 360
m7 4 1 218 360
z 1 7 218 360
m7 17 1 218 360
z 1 7 218 360
m7 21 1 218 360
z 1 7 218 360
m7 40 1 218 360
z 1 7 218 360
m7 63 1 218 360
z 1 7 218 360
m7 145 1 218 360
z 1 7 218 360
m7 185 1 218 360
B7 2 218 360
z 2 7 218 360
m7 4 2 218 360
z 2 7 218 360
m7 17 2 218 360
z 2 7 218 360
m7 21 2 218 360
z 2 7 218 360
m7 40 2 218 360
z 2 7 218 360
m7 63 2 218 360
z 2 7 218 360
m7 87 2 218 360
z 2 7 218 360
m7 145 2 218 360
z 2 7 218 360
m7 185 2 218 360
B7 3 218 360
z 3 7 218 360
m7 4 3 5.0 30.333333333333336 1.0
z 3 7 218 360
m7 17 3 5.0 30.333333333333336 1.0
z 3 7 218 360
m7 21 3 5.0 30.333333333333336 1.0
z 3 7 218 360
m7 40 3 5.0 30.333333333333336 1.0
z 3 7 218 360
m7 63 3 5.0 30.333333333333336 1.0
z 3 7 218 360
m7 145 3 5.0 30.333333333333336 1.0
z 3 7 218 360
m7 185 3 5.0 30.333333333333336 1.0
B9 0 124 227
z 0 9 124 227
m9 78 0 124 227
z 0 9 124 227
m9 95 0 124 227
z 0 9 124 227
m9 112 0 124 227
z 0 9 124 227
m9 123 0 124 227
z 0 9 124 227
m9 140 0 124 227
z 0 9 124 227
m9 186 0 124 227
z 0 9 124 227
m9 218 0 124 227
B9 1 124 227
B9 3 124 227
z 3 9 124 227
m9 78 3 5.833333333333334 36.166666666666664 1.0
z 3 9 124 227
m9 95 3 5.833333333333334 36.166666666666664 1.0
z 3 9 124 227
m9 112 3 5.833333333333334 36.166666666666664 1.0
z 3 9 124 227
m9 123 3 5.833333333333334 36.166666666666664 1.0
z 3 9 124 227
m9 140 3 5.833333333333334 36.166666666666664 1.0
z 3 9 124 227
m9 186 3 5.833333333333334 36.166666666666664 1.0
z 3 9 124 227
m9 218 3 5.833333333333334 36.166666666666664 1.0
B14 0 149 227
z 0 14 149 227
m14 25 0 149 227
z 0 14 149 227
m14 97 0 149 227
z 0 14 149 227
m14 206 0 149 227
B14 1 149 227
z 1 14 149 227
m14 25 1 149 227
z 1 14 149 227
m14 78 1 149 227
z 1 14 149 227
m14 95 1 149 227
z 1 14 149 227
m14 97 1 149 227
z 1 14 149 227
m14 112 1 149 227
z 1 14 149 227
m14 123 1 149 227
z 1 14 149 227
m14 140 1 149 227
z 1 14 149 227
m14 186 1 149 227
z 1 14 149 227
m14 206 1 149 227
B14 3 149 227
z 3 14 149 227
m14 25 3 5.166666666666667 29.5 0.36559139784946265
B16 0 137 221
B16 1 137 221
z 1 16 137 221
m16 218 1 137 221
B16 3 137 221
B32 0 237 479
B32 2 237 479
B32 3 237 479
B35 0 97 229
B35 1 97 229
B35 3 97 229
B36 0 197 248
z 0 36 197 248
m36 0 0 197 248
z 0 36 197 248
m36 164 0 197 248
z 0 36 197 248
m36 207 0 197 248
B36 1 197 248
z 1 36 197 248
m36 0 1 197 248
z 1 36 197 248
m36 164 1 197 248
z 1 36 197 248
m36 207 1 197 248
B36 3 197 248
z 3 36 197 248
m36 164 3 5.5 32.166666666666664 0.8757575757575761
z 3 36 197 248
m36 0 3 5.5 32.166666666666664 0.8757575757575761
z 3 36 197 248
m36 207 3 5.5 32.166666666666664 0.8757575757575761
z 3 36 197 248
m36 206 3 5.5 32.166666666666664 0.8757575757575761
z 3 36 197 248
m36 97 3 5.5 32.166666666666664 0.8757575757575761
B38 0 221 441
B38 1 221 441
z 1 38 221 441
m38 32 1 221 441
z 1 38 221 441
m38 49 1 221 441
z 1 38 221 441
m38 106 1 221 441
B38 2 221 441
B38 3 221 441
B49 0 229 488
B49 2 229 488
B49 3 229 488
B58 0 106 235
B58 1 106 235
B58 3 106 235
B61 0 217 397
z 0 61 217 397
m61 150 0 217 397
B61 1 217 397
B61 2 217 397
B61 3 217 397
z 3 61 217 397
m61 150 3 4.5 26.833333333333336 1.0
B87 0 215 291
z 0 87 215 291
m87 73 0 215 291
z 0 87 215 291
m87 152 0 215 291
B87 1 215 291
z 1 87 215 291
m87 73 1 215 291
z 1 87 215 291
m87 152 1 215 291
B87 3 215 291
B96 0 97 235
B96 1 97 235
B96 3 97 235
B101 0 199 447
B101 1 199 447
B101 2 199 447
B101 3 199 447
B106 0 210 461
B106 2 210 461
B106 3 210 461
B107 0 16 242
B107 1 16 242
B107 2 16 242
z 2 107 16 242
m107 113 2 16 242
z 2 107 16 242
m107 139 2 16 242
z 2 107 16 242
m107 211 2 16 242
B107 3 16 242
B113 0 24 204
z 0 113 24 204
m113 18 0 24 204
z 0 113 24 204
m113 51 0 24 204
z 0 113 24 204
m113 135 0 24 204
B113 1 24 204
z 1 113 24 204
m113 18 1 24 204
z 1 113 24 204
m113 51 1 24 204
z 1 113 24 204
m113 135 1 24 204
B113 3 24 204
B120 0 199 329
B120 1 199 329
B120 2 199 329
B120 3 199 329
B137 0 153 261
B137 1 153 261
B137 3 153 261
B138 0 94 269
B138 1 94 269
B138 2 94 269
B138 3 94 269
B139 0 19 196
B139 1 19 196
B139 3 19 196
B151 0 189 264
B151 1 189 264
B151 3 189 264
B162 0 202 271
B162 1 202 271
B162 3 202 271
B170 0 241 424
B170 1 241 424
z 1 170 241 424
m170 150 1 241 424
B170 2 241 424
B170 3 241 424
B174 0 195 351
B174 1 195 351
B174 2 195 351
B174 3 195 351
B181 0 215 332
B181 1 215 332
B181 2 215 332
B181 3 215 332
z 3 181 215 332
m181 152 3 4.0 22.333333333333336 1.0
B187 0 36 229
B187 1 36 229
B187 2 36 229
z 2 187 36 229
m187 35 2 36 229
z 2 187 36 229
m187 58 2 36 229
z 2 187 36 229
m187 96 2 36 229
z 2 187 36 229
m187 140 2 36 229
z 2 187 36 229
m187 218 2 36 229
B187 3 36 229
B208 0 247 389
z 0 208 247 389
m208 42 0 247 389
z 0 208 247 389
m208 68 0 247 389
B208 1 247 389
z 1 208 247 389
m208 42 1 247 389
z 1 208 247 389
m208 68 1 247 389
B208 2 247 389
B208 3 247 389
B211 0 62 219
B211 1 62 219
B211 3 62 219
z 3 211 62 219
m211 135 3 4.666666666666666 26.666666666666668 1.0
B0 0 234 263
z 0 0 234 263
m0 41 0 234 263
z 0 0 234 263
m0 200 0 234 263
B0 1 234 263
z 1 0 234 263
m0 41 1 234 263
z 1 0 234 263
m0 200 1 234 263
B0 3 234 263
z 3 0 234 263
m0 200 3 5.142857142857143 28.857142857142858 0.3633785774410774
B4 0 261 395
z 0 4 261 395
m4 11 0 261 395
B4 1 261 395
z 1 4 261 395
m4 11 1 261 395
B4 2 261 395
z 2 4 261 395
m4 11 2 261 395
B4 3 261 395
z 3 4 261 395
m4 11 3 5.0 30.333333333333336 -1.0
B17 0 266 414
B17 1 266 414
B17 2 266 414
B17 3 266 414
z 3 17 266 414
m17 42 3 4.428571428571429 26.142857142857142 1.0
B18 0 12 147
z 0 18 12 147
m18 155 0 12 147
z 0 18 12 147
m18 191 0 12 147
B18 1 12 147
z 1 18 12 147
m18 155 1 12 147
z 1 18 12 147
m18 191 1 12 147
B21 0 272 375
z 0 21 272 375
m21 11 0 272 375
B21 1 272 375
B21 2 272 375
z 2 21 272 375
m21 11 2 272 375
B21 3 272 375
z 3 21 272 375
m21 11 3 5.0 30.333333333333336 -1.0
B25 0 215 215
z 0 25 215 215
m25 22 0 215 215
z 0 25 215 215
m25 28 0 215 215
z 0 25 215 215
m25 166 0 215 215
z 0 25 215 215
m25 196 0 215 215
B25 1 215 215
B25 3 215 215
z 3 25 215 215
m25 166 3 5.0 27.57142857142857 0.46836479178503077
z 3 25 215 215
m25 22 3 5.0 27.57142857142857 0.46836479178503077
B32 1 238 480
B35 2 96 229
B40 0 259 326
z 0 40 259 326
m40 11 0 259 326
B40 1 259 326
z 1 40 259 326
m40 11 1 259 326
B40 2 259 326
z 2 40 259 326
m40 11 2 259 326
B40 3 259 326
z 3 40 259 326
m40 11 3 5.0 30.333333333333336 -1.0
B42 0 305 373
z 0 42 305 373
m42 11 0 305 373
B42 1 305 373
B49 1 228 487
B51 0 65 143
z 0 51 65 143
m51 1 0 65 143
z 0 51 65 143
m51 109 0 65 143
z 0 51 65 143
m51 180 0 65 143
B51 1 65 143
z 1 51 65 143
m51 1 1 65 143
z 1 51 65 143
m51 109 1 65 143
z 1 51 65 143
m51 180 1 65 143
B58 2 107 234
z 2 58 107 234
m58 9 2 107 234
z 2 58 107 234
m58 14 2 107 234
z 2 58 107 234
m58 16 2 107 234
z 2 58 107 234
m58 112 2 107 234
z 2 58 107 234
m58 137 2 107 234
z 2 58 107 234
m58 186 2 107 234
B63 0 282 384
z 0 63 282 384
m63 11 0 282 384
B63 1 282 384
z 1 63 282 384
m63 11 1 282 384
B63 2 282 384
B63 3 282 384
z 3 63 282 384
m63 11 3 5.0 30.333333333333336 -1.0
B68 0 308 348
z 0 68 308 348
m68 11 0 308 348
B68 1 308 348
z 1 68 308 348
m68 11 1 308 348
B73 0 279 273
z 0 73 279 273
m73 159 0 279 273
z 0 73 279 273
m73 213 0 279 273
B73 1 279 273
B78 0 148 165
z 0 78 148 165
m78 158 0 148 165
z 0 78 148 165
m78 210 0 148 165
B78 1 148 165
B78 3 148 165
z 3 78 148 165
m78 191 3 6.0 38.0 0.974358974358974
z 3 78 148 165
m78 109 3 6.0 38.0 0.974358974358974
z 3 78 148 165
m78 28 3 6.0 38.0 0.974358974358974
z 3 78 148 165
m78 1 3 6.0 38.0 0.974358974358974
z 3 78 148 165
m78 196 3 6.0 38.0 0.974358974358974
z 3 78 148 165
m78 210 3 6.0 38.0 0.974358974358974
z 3 78 148 165
m78 158 3 6.0 38.0 0.974358974358974
B87 2 214 291
z 2 87 214 291
m87 0 2 214 291
z 2 87 214 291
m87 36 2 214 291
z 2 87 214 291
m87 73 2 214 291
z 2 87 214 291
m87 97 2 214 291
z 2 87 214 291
m87 151 2 214 291
z 2 87 214 291
m87 152 2 214 291
z 2 87 214 291
m87 162 2 214 291
z 2 87 214 291
m87 164 2 214 291
z 2 87 214 291
m87 206 2 214 291
z 2 87 214 291
m87 207 2 214 291
B95 0 148 163
z 0 95 148 163
m95 193 0 148 163
B95 1 148 163
z 1 95 148 163
m95 22 1 148 163
z 1 95 148 163
m95 28 1 148 163
z 1 95 148 163
m95 158 1 148 163
z 1 95 148 163
m95 166 1 148 163
z 1 95 148 163
m95 193 1 148 163
z 1 95 148 163
m95 196 1 148 163
z 1 95 148 163
m95 210 1 148 163
B95 3 148 163
z 3 95 148 163
m95 193 3 5.142857142857143 31.142857142857142 1.0
B96 2 96 234
B97 0 201 232
B97 1 201 232
B97 3 201 232
B106 1 210 461
B112 0 156 219
B112 1 156 219
B112 3 156 219
B113 2 24 203
B123 0 174 190
B123 1 174 190
B123 3 174 190
B135 0 55 148
B135 1 55 148
B135 3 55 148
z 3 135 55 148
m135 18 3 4.428571428571428 24.142857142857142 1.0
z 3 135 55 148
m135 51 3 4.428571428571428 24.142857142857142 1.0
z 3 135 55 148
m135 155 3 4.428571428571428 24.142857142857142 1.0
B139 2 19 196
z 2 139 19 196
m139 18 2 19 196
z 2 139 19 196
m139 51 2 19 196
z 2 139 19 196
m139 135 2 19 196
B140 0 105 207
B140 1 105 207
B140 2 105 207
B140 3 105 207
B145 0 288 355
z 0 145 288 355
m145 11 0 288 355
B145 1 288 355
z 1 145 288 355
m145 11 1 288 355
B145 2 288 355
B145 3 288 355
z 3 145 288 355
m145 11 3 5.0 30.333333333333336 -1.0
B150 0 284 400
z 0 150 284 400
m150 11 0 284 400
B150 1 284 400
z 1 150 284 400
m150 11 1 284 400
B150 3 284 400
z 3 150 284 400
m150 11 3 4.5 26.833333333333336 -1.0
B152 0 273 305
z 0 152 273 305
m152 11 0 273 305
B152 1 273 305
z 1 152 273 305
m152 11 1 273 305
B152 3 273 305
z 3 152 273 305
m152 11 3 4.0 22.333333333333336 -1.0
B164 0 230 284
B164 1 230 284
B164 3 230 284
B185 0 261 363
z 0 185 261 363
m185 11 0 261 363
B185 1 261 363
z 1 185 261 363
m185 11 1 261 363
B185 2 261 363
B185 3 261 363
z 3 185 261 363
m185 11 3 5.0 30.333333333333336 -1.0
B186 0 129 186
B186 1 129 186
B186 3 129 186
B206 0 205 232
B206 1 205 232
B206 3 205 232
B207 0 224 277
B207 1 224 277
B207 3 224 277
B211 2 63 219
B218 0 80 195
B218 1 80 195
B218 2 80 195
B218 3 80 195
B0 2 233 263
B1 0 105 129
B1 1 105 129
B1 3 105 129
z 3 1 105 129
m1 180 3 5.375 33.375 1.0
B9 2 124 229
B14 2 150 229
z 2 14 150 229
m14 25 2 150 229
z 2 14 150 229
m14 78 2 150 229
z 2 14 150 229
m14 95 2 150 229
z 2 14 150 229
m14 123 2 150 229
B16 2 137 223
B18 2 13 147
z 2 18 13 147
m18 155 2 13 147
z 2 18 13 147
m18 191 2 13 147
B18 3 13 147
B22 0 188 151
z 0 22 188 151
m22 29 0 188 151
z 0 22 188 151
m22 46 0 188 151
z 0 22 188 151
m22 86 0 188 151
z 0 22 188 151
m22 142 0 188 151
z 0 22 188 151
m22 176 0 188 151
B22 1 188 151
z 1 22 188 151
m22 29 1 188 151
z 1 22 188 151
m22 46 1 188 151
z 1 22 188 151
m22 86 1 188 151
z 1 22 188 151
m22 142 1 188 151
z 1 22 188 151
m22 176 1 188 151
B22 3 188 151
z 3 22 188 151
m22 142 3 5.0 27.25 0.5673735515674359
z 3 22 188 151
m22 86 3 5.0 27.25 0.5673735515674359
z 3 22 188 151
m22 176 3 5.0 27.25 0.5673735515674359
z 3 22 188 151
m22 29 3 5.0 27.25 0.5673735515674359
B28 0 210 165
z 0 28 210 165
m28 80 0 210 165
B28 1 210 165
z 1 28 210 165
m28 80 1 210 165
B28 3 210 165
B36 2 196 246
B41 0 292 251
z 0 41 292 251
m41 178 0 292 251
B41 1 292 251
z 1 41 292 251
m41 159 1 292 251
z 1 41 292 251
m41 178 1 292 251
z 1 41 292 251
m41 213 1 292 251
B42 3 305 374
z 3 42 305 374
m42 11 3 4.428571428571429 26.142857142857142 -1.0
B51 2 65 142
B51 3 65 142
B73 2 280 273
z 2 73 280 273
m73 41 2 280 273
z 2 73 280 273
m73 159 2 280 273
z 2 73 280 273
m73 200 2 280 273
z 2 73 280 273
m73 213 2 280 273
B97 2 202 232
z 2 97 202 232
m97 28 2 202 232
z 2 97 202 232
m97 196 2 202 232
B109 0 88 134
B109 1 88 134
B109 3 88 134
B112 2 155 219
B135 2 56 147
z 2 135 56 147
m135 1 2 56 147
z 2 135 56 147
m135 109 2 56 147
B137 2 155 259
B151 2 188 266
B152 2 273 306
z 2 152 273 306
m152 11 2 273 306
B155 0 25 106
B155 1 25 106
B155 3 25 106
B158 0 140 139
B158 1 140 139
B158 3 140 139
B159 0 340 298
z 0 159 340 298
m159 11 0 340 298
B162 2 200 272
B164 2 231 284
B166 0 212 141
z 0 166 212 141
m166 129 0 212 141
B166 1 212 141
z 1 166 212 141
m166 129 1 212 141
B166 3 212 141
z 3 166 212 141
m166 80 3 4.75 25.25 0.3397022895780393
B180 0 78 73
z 0 180 78 73
m180 26 0 78 73
z 0 180 78 73
m180 70 0 78 73
z 0 180 78 73
m180 93 0 78 73
z 0 180 78 73
m180 169 0 78 73
B180 1 78 73
z 1 180 78 73
m180 26 1 78 73
z 1 180 78 73
m180 70 1 78 73
z 1 180 78 73
m180 93 1 78 73
z 1 180 78 73
m180 169 1 78 73
B186 2 128 185
B191 0 83 140
B191 1 83 140
B191 3 83 140
B193 0 128 93
z 0 193 128 93
m193 47 0 128 93
z 0 193 128 93
m193 65 0 128 93
z 0 193 128 93
m193 188 0 128 93
B193 1 128 93
z 1 193 128 93
m193 47 1 128 93
z 1 193 128 93
m193 65 1 128 93
z 1 193 128 93
m193 188 1 128 93
B193 3 128 93
z 3 193 128 93
m193 47 3 5.125 30.375 1.0
z 3 193 128 93
m193 65 3 5.125 30.375 1.0
z 3 193 128 93
m193 70 3 5.125 30.375 1.0
z 3 193 128 93
m193 93 3 5.125 30.375 1.0
z 3 193 128 93
m193 188 3 5.125 30.375 1.0
B196 0 203 165
B196 1 203 165
B196 3 203 165
z 3 196 203 165
m196 46 3 5.375 33.375 1.0
B200 0 307 262
B200 1 307 262
B200 3 307 262
z 3 200 307 262
m200 178 3 5.125 28.375 0.5122538089040072
z 3 200 307 262
m200 159 3 5.125 28.375 0.5122538089040072
z 3 200 307 262
m200 213 3 5.125 28.375 0.5122538089040072
z 3 200 307 262
m200 73 3 5.125 28.375 0.5122538089040072
B206 2 205 233
B207 2 223 278
B210 0 144 119
B210 1 144 119
B210 3 144 119
B213 0 347 280
z 0 213 347 280
m213 60 0 347 280
z 0 213 347 280
m213 124 0 347 280
z 0 213 347 280
m213 131 0 347 280
B1 2 106 129
B25 2 217 216
z 2 25 217 216
m25 22 2 217 216
z 2 25 217 216
m25 166 2 217 216
B26 0 56 7
z 0 26 56 7
m26 15 0 56 7
B26 1 56 7
z 1 26 56 7
m26 15 1 56 7
B28 2 210 166
B29 0 223 115
z 0 29 223 115
m29 39 0 223 115
z 0 29 223 115
m29 83 0 223 115
z 0 29 223 115
m29 118 0 223 115
z 0 29 223 115
m29 184 0 223 115
B29 1 223 115
z 1 29 223 115
m29 39 1 223 115
z 1 29 223 115
m29 83 1 223 115
z 1 29 223 115
m29 118 1 223 115
z 1 29 223 115
m29 184 1 223 115
B29 3 223 115
z 3 29 223 115
m29 83 3 5.0 27.0 0.5737485352929126
z 3 29 223 115
m29 39 3 5.0 27.0 0.5737485352929126
z 3 29 223 115
m29 118 3 5.0 27.0 0.5737485352929126
z 3 29 223 115
m29 184 3 5.0 27.0 0.5737485352929126
B41 2 292 250
z 2 41 292 250
m41 178 2 292 250
B46 0 234 140
B46 1 234 140
B46 3 234 140
z 3 46 234 140
m46 129 3 4.888888888888888 29.77777777777778 1.0
B47 0 165 40
z 0 47 165 40
m47 10 0 165 40
z 0 47 165 40
m47 64 0 165 40
z 0 47 165 40
m47 74 0 165 40
z 0 47 165 40
m47 100 0 165 40
z 0 47 165 40
m47 111 0 165 40
z 0 47 165 40
m47 126 0 165 40
B47 1 165 40
z 1 47 165 40
m47 10 1 165 40
z 1 47 165 40
m47 64 1 165 40
z 1 47 165 40
m47 74 1 165 40
z 1 47 165 40
m47 100 1 165 40
z 1 47 165 40
m47 111 1 165 40
z 1 47 165 40
m47 126 1 165 40
B47 3 165 40
z 3 47 165 40
m47 10 3 5.333333333333333 32.44444444444444 1.0
z 3 47 165 40
m47 64 3 5.333333333333333 32.44444444444444 1.0
z 3 47 165 40
m47 74 3 5.333333333333333 32.44444444444444 1.0
z 3 47 165 40
m47 100 3 5.333333333333333 32.44444444444444 1.0
z 3 47 165 40
m47 111 3 5.333333333333333 32.44444444444444 1.0
z 3 47 165 40
m47 126 3 5.333333333333333 32.44444444444444 1.0
z 3 47 165 40
m47 169 3 5.333333333333333 32.44444444444444 1.0
B60 0 406 258
z 0 60 406 258
m60 8 0 406 258
z 0 60 406 258
m60 81 0 406 258
z 0 60 406 258
m60 82 0 406 258
z 0 60 406 258
m60 85 0 406 258
z 0 60 406 258
m60 98 0 406 258
z 0 60 406 258
m60 132 0 406 258
z 0 60 406 258
m60 134 0 406 258
z 0 60 406 258
m60 219 0 406 258
B65 0 156 30
B65 1 156 30
B65 3 156 30
B70 0 109 50
B70 1 109 50
B70 3 109 50
z 3 70 109 50
m70 26 3 4.666666666666666 27.11111111111111 1.0
B73 3 281 272
z 3 73 281 272
m73 41 3 4.666666666666666 25.333333333333332 1.0
B78 2 150 166
B80 0 280 151
z 0 80 280 151
m80 89 0 280 151
z 0 80 280 151
m80 110 0 280 151
z 0 80 280 151
m80 192 0 280 151
B80 1 280 151
z 1 80 280 151
m80 89 1 280 151
z 1 80 280 151
m80 110 1 280 151
z 1 80 280 151
m80 192 1 280 151
B80 3 280 151
z 3 80 280 151
m80 110 3 4.555555555555555 23.444444444444443 0.35303979767568994
B86 0 197 87
B86 1 197 87
B86 3 197 87
B93 0 75 39
B93 1 75 39
B93 3 75 39
z 3 93 75 39
m93 15 3 4.666666666666666 27.11111111111111 1.0
B95 2 149 165
z 2 95 149 165
m95 158 2 149 165
z 2 95 149 165
m95 193 2 149 165
z 2 95 149 165
m95 210 2 149 165
B109 2 88 135
z 2 109 88 135
m109 180 2 88 135
B123 2 174 192
B124 0 406 296
z 0 124 406 296
m124 6 0 406 296
z 0 124 406 296
m124 50 0 406 296
z 0 124 406 296
m124 75 0 406 296
z 0 124 406 296
m124 122 0 406 296
z 0 124 406 296
m124 153 0 406 296
z 0 124 406 296
m124 157 0 406 296
z 0 124 406 296
m124 198 0 406 296
B129 0 259 102
z 0 129 259 102
m129 104 0 259 102
z 0 129 259 102
m129 105 0 259 102
B129 1 259 102
z 1 129 259 102
m129 104 1 259 102
z 1 129 259 102
m129 105 1 259 102
B131 0 393 261
B142 0 258 124
B142 1 258 124
B142 3 258 124
z 3 142 258 124
m142 89 3 4.555555555555555 24.333333333333332 1.0
B155 2 26 106
B159 1 339 297
z 1 159 339 297
m159 11 1 339 297
B159 2 339 297
z 2 159 339 297
m159 11 2 339 297
B159 3 339 297
z 3 159 339 297
m159 11 3 5.125 28.375 -1.0
B169 0 108 16
B169 1 108 16
B176 0 247 144
B176 1 247 144
B176 3 247 144
B178 0 314 201
B178 1 314 201
B178 3 314 201
z 3 178 314 201
m178 192 3 4.666666666666666 25.333333333333332 1.0
B180 3 79 73
B188 0 169 45
B188 1 169 45
B188 3 169 45
B191 2 84 141
B196 2 202 164
B200 2 307 263
B213 1 347 281
z 1 213 347 281
m213 60 1 347 281
z 1 213 347 281
m213 124 1 347 281
z 1 213 347 281
m213 131 1 347 281
B213 2 347 281
z 2 213 347 281
m213 60 2 347 281
z 2 213 347 281
m213 124 2 347 281
z 2 213 347 281
m213 131 2 347 281
B213 3 347 281
B6 0 424 333
z 0 6 424 333
m6 43 0 424 333
z 0 6 424 333
m6 48 0 424 333
z 0 6 424 333
m6 62 0 424 333
z 0 6 424 333
m6 79 0 424 333
z 0 6 424 333
m6 119 0 424 333
B8 0 465 290
z 0 8 465 290
m8 57 0 465 290
z 0 8 465 290
m8 90 0 465 290
B10 0 197 4
B10 1 197 4
B10 3 197 4
B15 0 33 14
B15 1 33 14
B15 3 33 14
B22 2 190 150
z 2 22 190 150
m22 29 2 190 150
z 2 22 190 150
m22 46 2 190 150
z 2 22 190 150
m22 86 2 190 150
z 2 22 190 150
m22 142 2 190 150
z 2 22 190 150
m22 176 2 190 150
B26 3 55 7
B39 0 273 63
z 0 39 273 63
m39 20 0 273 63
z 0 39 273 63
m39 44 0 273 63
z 0 39 273 63
m39 55 0 273 63
z 0 39 273 63
m39 114 0 273 63
z 0 39 273 63
m39 161 0 273 63
z 0 39 273 63
m39 177 0 273 63
B39 1 273 63
B39 3 273 63
z 3 39 273 63
m39 55 3 5.3 30.700000000000003 0.7569199694805513
z 3 39 273 63
m39 114 3 5.3 30.700000000000003 0.7569199694805513
z 3 39 273 63
m39 44 3 5.3 30.700000000000003 0.7569199694805513
z 3 39 273 63
m39 161 3 5.3 30.700000000000003 0.7569199694805513
z 3 39 273 63
m39 20 3 5.3 30.700000000000003 0.7569199694805513
z 3 39 273 63
m39 177 3 5.3 30.700000000000003 0.7569199694805513
z 3 39 273 63
m39 104 3 5.3 30.700000000000003 0.7569199694805513
z 3 39 273 63
m39 105 3 5.3 30.700000000000003 0.7569199694805513
B41 3 291 249
B50 0 414 334
z 0 50 414 334
m50 116 0 414 334
z 0 50 414 334
m50 216 0 414 334
B60 1 406 259
z 1 60 406 259
m60 8 1 406 259
z 1 60 406 259
m60 81 1 406 259
z 1 60 406 259
m60 82 1 406 259
z 1 60 406 259
m60 85 1 406 259
z 1 60 406 259
m60 98 1 406 259
z 1 60 406 259
m60 132 1 406 259
z 1 60 406 259
m60 134 1 406 259
z 1 60 406 259
m60 219 1 406 259
B60 2 406 259
z 2 60 406 259
m60 8 2 406 259
z 2 60 406 259
m60 81 2 406 259
z 2 60 406 259
m60 82 2 406 259
z 2 60 406 259
m60 85 2 406 259
z 2 60 406 259
m60 98 2 406 259
z 2 60 406 259
m60 132 2 406 259
z 2 60 406 259
m60 134 2 406 259
z 2 60 406 259
m60 219 2 406 259
B64 0 163 18
B64 1 163 18
B64 3 163 18
B74 0 145 7
B74 1 145 7
B74 3 145 7
B75 0 427 339
z 0 75 427 339
m75 167 0 427 339
z 0 75 427 339
m75 195 0 427 339
B81 0 440 286
B82 0 456 313
B83 0 244 45
B83 1 244 45
z 1 83 244 45
m83 20 1 244 45
z 1 83 244 45
m83 44 1 244 45
z 1 83 244 45
m83 114 1 244 45
z 1 83 244 45
m83 161 1 244 45
z 1 83 244 45
m83 177 1 244 45
B83 3 244 45
B85 0 418 210
z 0 85 418 210
m85 19 0 418 210
z 0 85 418 210
m85 108 0 418 210
B89 0 313 141
z 0 89 313 141
m89 171 0 313 141
B89 1 313 141
z 1 89 313 141
m89 171 1 313 141
B89 3 313 141
z 3 89 313 141
m89 171 3 4.199999999999999 22.0 1.0
B98 0 464 213
z 0 98 464 213
m98 143 0 464 213
z 0 98 464 213
m98 190 0 464 213
B100 0 163 12
B100 1 163 12
B100 3 163 12
B104 0 272 32
z 0 104 272 32
m104 88 0 272 32
B104 1 272 32
z 1 104 272 32
m104 55 1 272 32
z 1 104 272 32
m104 88 1 272 32
B105 0 286 45
B105 1 286 45
B110 0 319 97
z 0 110 319 97
m110 12 0 319 97
B110 1 319 97
z 1 110 319 97
m110 12 1 319 97
B110 3 319 97
z 3 110 319 97
m110 12 3 4.199999999999999 21.200000000000003 1.0
B111 0 183 35
B111 1 183 35
B111 3 183 35
B118 0 285 90
B118 1 285 90
B118 3 285 90
B122 0 451 344
B124 1 405 296
z 1 124 405 296
m124 6 1 405 296
z 1 124 405 296
m124 50 1 405 296
z 1 124 405 296
m124 75 1 405 296
z 1 124 405 296
m124 122 1 405 296
z 1 124 405 296
m124 153 1 405 296
z 1 124 405 296
m124 157 1 405 296
z 1 124 405 296
m124 198 1 405 296
B124 2 405 296
z 2 124 405 296
m124 6 2 405 296
z 2 124 405 296
m124 50 2 405 296
z 2 124 405 296
m124 75 2 405 296
z 2 124 405 296
m124 122 2 405 296
z 2 124 405 296
m124 153 2 405 296
z 2 124 405 296
m124 157 2 405 296
z 2 124 405 296
m124 198 2 405 296
B126 0 147 7
B126 1 147 7
B126 3 147 7
B129 3 259 103
B131 1 394 261
B131 2 394 261
B132 0 451 236
B134 0 442 219
B153 0 413 341
B157 0 476 304
B158 2 140 141
B166 2 214 141
z 2 166 214 141
m166 80 2 214 141
z 2 166 214 141
m166 129 2 214 141
B169 3 107 15
B178 2 314 200
z 2 178 314 200
m178 89 2 314 200
z 2 178 314 200
m178 192 2 314 200
B180 2 80 73
z 2 180 80 73
m180 26 2 80 73
z 2 180 80 73
m180 70 2 80 73
z 2 180 80 73
m180 93 2 80 73
z 2 180 80 73
m180 169 2 80 73
B184 0 198 55
B184 1 198 55
B184 3 198 55
B192 0 325 171
B192 1 325 171
B192 3 325 171
B193 2 129 94
z 2 193 129 94
m193 47 2 129 94
z 2 193 129 94
m193 65 2 129 94
z 2 193 129 94
m193 188 2 129 94
B198 0 477 290
B210 2 146 117
B219 0 439 207
B6 1 423 332
z 1 6 423 332
m6 43 1 423 332
z 1 6 423 332
m6 48 1 423 332
z 1 6 423 332
m6 62 1 423 332
z 1 6 423 332
m6 79 1 423 332
z 1 6 423 332
m6 119 1 423 332
B6 2 423 332
B8 1 465 291
z 1 8 465 291
m8 57 1 465 291
z 1 8 465 291
m8 90 1 465 291
B8 2 465 291
z 2 8 465 291
m8 43 2 465 291
z 2 8 465 291
m8 48 2 465 291
z 2 8 465 291
m8 57 2 465 291
z 2 8 465 291
m8 79 2 465 291
z 2 8 465 291
m8 90 2 465 291
z 2 8 465 291
m8 119 2 465 291
B12 0 379 66
z 0 12 379 66
m12 30 0 379 66
z 0 12 379 66
m12 34 0 379 66
z 0 12 379 66
m12 53 0 379 66
z 0 12 379 66
m12 69 0 379 66
z 0 12 379 66
m12 125 0 379 66
z 0 12 379 66
m12 128 0 379 66
z 0 12 379 66
m12 141 0 379 66
z 0 12 379 66
m12 146 0 379 66
z 0 12 379 66
m12 199 0 379 66
z 0 12 379 66
m12 217 0 379 66
B12 1 379 66
z 1 12 379 66
m12 30 1 379 66
z 1 12 379 66
m12 34 1 379 66
z 1 12 379 66
m12 53 1 379 66
z 1 12 379 66
m12 69 1 379 66
z 1 12 379 66
m12 125 1 379 66
z 1 12 379 66
m12 128 1 379 66
z 1 12 379 66
m12 141 1 379 66
z 1 12 379 66
m12 146 1 379 66
z 1 12 379 66
m12 199 1 379 66
z 1 12 379 66
m12 217 1 379 66
B12 3 379 66
z 3 12 379 66
m12 30 3 4.8181818181818175 30.272727272727277 1.0
z 3 12 379 66
m12 34 3 4.8181818181818175 30.272727272727277 1.0
z 3 12 379 66
m12 53 3 4.8181818181818175 30.272727272727277 1.0
z 3 12 379 66
m12 69 3 4.8181818181818175 30.272727272727277 1.0
z 3 12 379 66
m12 88 3 4.8181818181818175 30.272727272727277 1.0
z 3 12 379 66
m12 125 3 4.8181818181818175 30.272727272727277 1.0
z 3 12 379 66
m12 128 3 4.8181818181818175 30.272727272727277 1.0
z 3 12 379 66
m12 141 3 4.8181818181818175 30.272727272727277 1.0
z 3 12 379 66
m12 146 3 4.8181818181818175 30.272727272727277 1.0
z 3 12 379 66
m12 199 3 4.8181818181818175 30.272727272727277 1.0
z 3 12 379 66
m12 217 3 4.8181818181818175 30.272727272727277 1.0
B19 0 408 181
z 0 19 408 181
m19 77 0 408 181
z 0 19 408 181
m19 149 0 408 181
B20 0 307 30
B20 1 307 30
B20 3 307 30
B26 2 54 8
z 2 26 54 8
m26 15 2 54 8
B29 2 224 114
z 2 29 224 114
m29 39 2 224 114
z 2 29 224 114
m29 83 2 224 114
z 2 29 224 114
m29 118 2 224 114
z 2 29 224 114
m29 184 2 224 114
B43 0 491 309
B44 0 301 11
B44 1 301 11
B44 3 301 11
B46 2 235 142
B47 2 165 42
B48 0 496 337
B50 1 415 335
B50 2 415 335
z 2 50 415 335
m50 62 2 415 335
z 2 50 415 335
m50 116 2 415 335
z 2 50 415 335
m50 167 2 415 335
z 2 50 415 335
m50 216 2 415 335
B55 0 345 44
B55 1 345 44
B55 3 345 44
B57 0 486 277
B62 0 374 380
z 0 62 374 380
m62 11 0 374 380
B65 2 158 29
z 2 65 158 29
m65 10 2 158 29
z 2 65 158 29
m65 64 2 158 29
z 2 65 158 29
m65 74 2 158 29
z 2 65 158 29
m65 100 2 158 29
z 2 65 158 29
m65 111 2 158 29
z 2 65 158 29
m65 126 2 158 29
B70 2 107 50
B75 1 427 338
z 1 75 427 338
m75 116 1 427 338
z 1 75 427 338
m75 167 1 427 338
z 1 75 427 338
m75 195 1 427 338
B75 2 427 338
B79 0 477 347
B80 2 278 151
z 2 80 278 151
m80 110 2 278 151
B81 1 439 285
B81 2 439 285
B82 1 457 314
B82 2 457 314
B85 1 419 210
z 1 85 419 210
m85 19 1 419 210
z 1 85 419 210
m85 108 1 419 210
z 1 85 419 210
m85 143 1 419 210
z 1 85 419 210
m85 190 1 419 210
B85 2 419 210
z 2 85 419 210
m85 19 2 419 210
z 2 85 419 210
m85 108 2 419 210
z 2 85 419 210
m85 143 2 419 210
z 2 85 419 210
m85 190 2 419 210
B86 2 199 86
B88 0 342 5
B88 1 342 5
B89 2 314 142
z 2 89 314 142
m89 171 2 314 142
B90 0 485 223
B93 2 74 37
B98 1 465 214
B98 2 465 214
B104 3 272 33
B105 3 287 46
B108 0 400 155
B114 0 294 5
B114 1 294 5
B114 3 294 5
B116 0 400 408
z 0 116 400 408
m116 13 0 400 408
z 0 116 400 408
m116 66 0 400 408
z 0 116 400 408
m116 103 0 400 408
z 0 116 400 408
m116 117 0 400 408
z 0 116 400 408
m116 160 0 400 408
z 0 116 400 408
m116 197 0 400 408
z 0 116 400 408
m116 205 0 400 408
z 0 116 400 408
m116 215 0 400 408
B119 0 483 353
B122 1 452 345
B122 2 452 345
z 2 122 452 345
m122 195 2 452 345
B129 2 259 104
B132 1 452 235
B132 2 452 235
B134 1 442 220
B134 2 442 220
B142 2 259 122
B143 0 474 161
z 0 143 474 161
m143 91 0 474 161
z 0 143 474 161
m143 154 0 474 161
z 0 143 474 161
m143 202 0 474 161
z 0 143 474 161
m143 212 0 474 161
B153 1 412 341
z 1 153 412 341
m153 216 1 412 341
B153 2 412 341
B157 1 476 305
B157 2 476 305
B161 0 275 12
B161 1 275 12
B161 3 275 12
B167 0 408 409
B169 2 107 15
B171 0 377 106
B171 1 377 106
z 1 171 377 106
m171 149 1 377 106
B171 3 377 106
z 3 171 377 106
m171 108 3 3.999999999999999 20.363636363636363 1.0
z 3 171 377 106
m171 149 3 3.999999999999999 20.363636363636363 1.0
B176 2 247 146
B177 0 307 37
B177 1 307 37
B177 3 307 37
B188 2 167 45
B190 0 453 144
z 0 190 453 144
m190 3 0 453 144
B192 2 326 170
B195 0 470 398
B198 1 478 290
B198 2 478 290
B216 0 356 372
z 0 216 356 372
m216 11 0 356 372
B219 1 438 208
B219 2 438 208
B3 0 471 85
z 0 3 471 85
m3 31 0 471 85
z 0 3 471 85
m3 92 0 471 85
z 0 3 471 85
m3 99 0 471 85
z 0 3 471 85
m3 172 0 471 85
z 0 3 471 85
m3 214 0 471 85
B10 2 197 6
B13 0 426 430
z 0 13 426 430
m13 133 0 426 430
z 0 13 426 430
m13 179 0 426 430
z 0 13 426 430
m13 204 0 426 430
B15 2 34 16
B19 1 407 180
z 1 19 407 180
m19 77 1 407 180
B19 2 407 180
z 2 19 407 180
m19 34 2 407 180
z 2 19 407 180
m19 53 2 407 180
z 2 19 407 180
m19 77 2 407 180
z 2 19 407 180
m19 149 2 407 180
B30 0 397 80
B30 1 397 80
B30 3 397 80
B34 0 417 111
B34 1 417 111
B34 3 417 111
z 3 34 417 111
m34 143 3 5.083333333333333 33.083333333333336 0.5663934426229513
z 3 34 417 111
m34 154 3 5.083333333333333 33.083333333333336 0.5663934426229513
z 3 34 417 111
m34 19 3 5.083333333333333 33.083333333333336 0.5663934426229513
z 3 34 417 111
m34 202 3 5.083333333333333 33.083333333333336 0.5663934426229513
z 3 34 417 111
m34 3 3 5.083333333333333 33.083333333333336 0.5663934426229513
z 3 34 417 111
m34 77 3 5.083333333333333 33.083333333333336 0.5663934426229513
z 3 34 417 111
m34 190 3 5.083333333333333 33.083333333333336 0.5663934426229513
B39 2 275 63
z 2 39 275 63
m39 20 2 275 63
z 2 39 275 63
m39 44 2 275 63
z 2 39 275 63
m39 55 2 275 63
z 2 39 275 63
m39 104 2 275 63
z 2 39 275 63
m39 105 2 275 63
z 2 39 275 63
m39 114 2 275 63
z 2 39 275 63
m39 161 2 275 63
z 2 39 275 63
m39 177 2 275 63
B43 1 492 309
B43 2 492 309
B48 1 495 337
B48 2 495 337
B53 0 424 114
B53 1 424 114
B53 3 424 114
B57 1 485 276
B57 2 485 276
B62 1 374 381
z 1 62 374 381
m62 11 1 374 381
B62 2 374 381
z 2 62 374 381
m62 11 2 374 381
B64 2 165 18
B66 0 423 467
z 0 66 423 467
m66 24 0 423 467
z 0 66 423 467
m66 37 0 423 467
z 0 66 423 467
m66 56 0 423 467
B69 0 431 72
B69 1 431 72
z 1 69 431 72
m69 3 1 431 72
z 1 69 431 72
m69 31 1 431 72
z 1 69 431 72
m69 91 1 431 72
z 1 69 431 72
m69 92 1 431 72
z 1 69 431 72
m69 99 1 431 72
z 1 69 431 72
m69 154 1 431 72
z 1 69 431 72
m69 172 1 431 72
z 1 69 431 72
m69 202 1 431 72
z 1 69 431 72
m69 212 1 431 72
z 1 69 431 72
m69 214 1 431 72
B69 3 431 72
z 3 69 431 72
m69 212 3 4.999999999999999 31.833333333333336 0.4036904761904765
z 3 69 431 72
m69 99 3 4.999999999999999 31.833333333333336 0.4036904761904765
z 3 69 431 72
m69 31 3 4.999999999999999 31.833333333333336 0.4036904761904765
z 3 69 431 72
m69 92 3 4.999999999999999 31.833333333333336 0.4036904761904765
z 3 69 431 72
m69 172 3 4.999999999999999 31.833333333333336 0.4036904761904765
B74 2 147 8
B77 0 467 136
B79 1 476 347
B79 2 476 347
B83 2 246 46
B88 3 342 5
B90 1 485 224
B90 2 485 224
B91 0 459 87
B100 2 165 13
B103 0 413 437
B108 1 401 154
B108 2 401 154
B108 3 401 154
z 3 108 401 154
m108 85 3 3.8333333333333326 19.0 1.0
z 3 108 401 154
m108 219 3 3.8333333333333326 19.0 1.0
B110 2 321 98
z 2 110 321 98
m110 12 2 321 98
B111 2 184 37
B116 1 399 408
z 1 116 399 408
m116 13 1 399 408
z 1 116 399 408
m116 66 1 399 408
z 1 116 399 408
m116 103 1 399 408
z 1 116 399 408
m116 117 1 399 408
z 1 116 399 408
m116 160 1 399 408
z 1 116 399 408
m116 197 1 399 408
z 1 116 399 408
m116 205 1 399 408
z 1 116 399 408
m116 215 1 399 408
B116 2 399 408
z 2 116 399 408
m116 13 2 399 408
z 2 116 399 408
m116 66 2 399 408
z 2 116 399 408
m116 103 2 399 408
z 2 116 399 408
m116 117 2 399 408
z 2 116 399 408
m116 160 2 399 408
z 2 116 399 408
m116 197 2 399 408
z 2 116 399 408
m116 205 2 399 408
z 2 116 399 408
m116 215 2 399 408
B117 0 403 472
z 0 117 403 472
m117 168 0 403 472
B118 2 287 91
B119 1 484 353
B119 2 484 353
B125 0 394 18
B125 1 394 18
B125 3 394 18
z 3 125 394 18
m125 214 3 4.499999999999999 27.833333333333336 1.0
B126 2 149 6
B128 0 409 82
B128 1 409 82
B128 3 409 82
z 3 128 409 82
m128 91 3 4.499999999999999 27.833333333333336 1.0
B141 0 440 65
B141 1 440 65
B141 3 440 65
B143 1 473 161
B143 2 473 161
z 2 143 473 161
m143 91 2 473 161
z 2 143 473 161
m143 154 2 473 161
z 2 143 473 161
m143 202 2 473 161
z 2 143 473 161
m143 212 2 473 161
B146 0 422 79
B146 1 422 79
B146 3 422 79
B149 0 432 131
B149 1 432 131
B149 3 432 131
B154 0 488 96
B160 0 453 427
B167 1 409 408
B167 2 409 408
B171 2 376 106
z 2 171 376 106
m171 30 2 376 106
z 2 171 376 106
m171 69 2 376 106
z 2 171 376 106
m171 128 2 376 106
z 2 171 376 106
m171 146 2 376 106
z 2 171 376 106
m171 217 2 376 106
B184 2 197 56
B190 1 453 145
B190 2 453 145
B195 1 469 398
B195 2 469 398
B197 0 449 460
B199 0 431 19
B199 1 431 19
B199 3 431 19
B202 0 480 96
B205 0 346 382
z 0 205 346 382
m205 11 0 346 382
B212 0 492 104
B215 0 341 389
z 0 215 341 389
m215 11 0 341 389
B216 1 356 372
z 1 216 356 372
m216 11 1 356 372
B216 2 356 372
B217 0 432 83
B217 1 432 83
B217 3 432 83
B3 1 470 85
B3 3 470 85
B12 2 378 68
z 2 12 378 68
m12 88 2 378 68
z 2 12 378 68
m12 125 2 378 68
z 2 12 378 68
m12 141 2 378 68
z 2 12 378 68
m12 199 2 378 68
B13 1 426 429
z 1 13 426 429
m13 133 1 426 429
z 1 13 426 429
m13 179 1 426 429
z 1 13 426 429
m13 204 1 426 429
B13 2 426 429
B19 3 406 180
B20 2 305 30
B24 0 356 495
z 0 24 356 495
m24 115 0 356 495
B30 2 396 81
B31 0 456 13
B31 1 456 13
B31 3 456 13
B34 2 416 111
z 2 34 416 111
m34 3 2 416 111
B37 0 477 491
B44 2 300 9
B53 2 425 115
B55 2 343 43
B56 0 369 482
B66 1 424 467
z 1 66 424 467
m66 24 1 424 467
z 1 66 424 467
m66 37 1 424 467
z 1 66 424 467
m66 56 1 424 467
B66 2 424 467
z 2 66 424 467
m66 24 2 424 467
z 2 66 424 467
m66 37 2 424 467
z 2 66 424 467
m66 56 2 424 467
z 2 66 424 467
m66 133 2 424 467
z 2 66 424 467
m66 179 2 424 467
z 2 66 424 467
m66 204 2 424 467
B69 2 431 73
B77 1 468 136
B77 2 468 136
z 2 77 468 136
m77 92 2 468 136
z 2 77 468 136
m77 172 2 468 136
B77 3 468 136
B85 3 421 211
z 3 85 421 211
m85 60 3 4.076923076923077 21.30769230769231 1.0
z 3 85 421 211
m85 81 3 4.076923076923077 21.30769230769231 1.0
z 3 85 421 211
m85 90 3 4.076923076923077 21.30769230769231 1.0
z 3 85 421 211
m85 98 3 4.076923076923077 21.30769230769231 1.0
z 3 85 421 211
m85 131 3 4.076923076923077 21.30769230769231 1.0
z 3 85 421 211
m85 132 3 4.076923076923077 21.30769230769231 1.0
z 3 85 421 211
m85 134 3 4.076923076923077 21.30769230769231 1.0
B91 1 459 86
B91 2 459 86
z 2 91 459 86
m91 31 2 459 86
z 2 91 459 86
m91 99 2 459 86
z 2 91 459 86
m91 214 2 459 86
B91 3 459 86
B92 0 490 68
B92 1 490 68
B92 3 490 68
B99 0 491 43
B99 1 491 43
B99 3 491 43
B103 1 414 438
B103 2 414 438
B104 2 272 35
B105 2 289 46
B114 2 292 6
B117 1 403 472
z 1 117 403 472
m117 168 1 403 472
B117 2 403 472
z 2 117 403 472
m117 168 2 403 472
B128 2 408 83
B133 0 454 479
B143 3 472 161
B146 2 423 79
B149 2 433 132
B154 1 489 95
B154 2 489 95
B154 3 489 95
B160 1 454 427
B160 2 454 427
B161 2 274 11
B168 0 342 483
B172 0 491 67
B172 1 491 67
B172 3 491 67
B177 2 309 38
B179 0 420 489
B190 3 453 146
B197 1 450 460
B197 2 450 460
B202 1 481 96
B202 2 481 96
B202 3 481 96
B204 0 416 493
B205 1 346 383
z 1 205 346 383
m205 11 1 346 383
B205 2 346 383
B212 1 493 103
B212 2 493 103
B212 3 493 103
B214 0 456 40
B214 1 456 40
B214 3 456 40
B215 1 340 389
z 1 215 340 389
m215 11 1 340 389
B215 2 340 389
z 2 215 340 389
m215 11 2 340 389
B217 2 433 83
B219 3 437 209
B3 2 469 86
B24 1 356 495
z 1 24 356 495
m24 115 1 356 495
B24 2 356 495
B31 2 456 12
B37 1 476 491
B37 2 476 491
B56 1 370 481
B56 2 370 481
B60 3 406 263
z 3 60 406 263
m60 75 3 4.214285714285714 22.35714285714286 0.8116172316384178
z 3 60 406 263
m60 82 3 4.214285714285714 22.35714285714286 0.8116172316384178
z 3 60 406 263
m60 50 3 4.214285714285714 22.35714285714286 0.8116172316384178
z 3 60 406 263
m60 6 3 4.214285714285714 22.35714285714286 0.8116172316384178
z 3 60 406 263
m60 8 3 4.214285714285714 22.35714285714286 0.8116172316384178
z 3 60 406 263
m60 124 3 4.214285714285714 22.35714285714286 0.8116172316384178
B81 3 437 283
z 3 81 437 283
m81 79 3 4.285714285714286 23.28571428571429 0.9510416666666666
z 3 81 437 283
m81 122 3 4.285714285714286 23.28571428571429 0.9510416666666666
z 3 81 437 283
m81 153 3 4.285714285714286 23.28571428571429 0.9510416666666666
z 3 81 437 283
m81 43 3 4.285714285714286 23.28571428571429 0.9510416666666666
z 3 81 437 283
m81 157 3 4.285714285714286 23.28571428571429 0.9510416666666666
z 3 81 437 283
m81 57 3 4.285714285714286 23.28571428571429 0.9510416666666666
z 3 81 437 283
m81 198 3 4.285714285714286 23.28571428571429 0.9510416666666666
B88 2 341 3
B90 3 486 226
B92 2 490 68
B98 3 467 215
B99 2 491 42
B115 0 313 479
B125 2 394 16
B131 3 397 259
B132 3 452 232
B133 1 453 479
B133 2 453 479
B134 3 441 223
B141 2 442 64
B168 1 342 484
B168 2 342 484
B172 2 491 66
B179 1 419 489
B179 2 419 489
B199 2 429 18
B204 1 417 493
B204 2 417 493
B214 2 457 39
B6 3 420 329
B8 3 465 295
B43 3 495 309
B50 3 418 338
z 3 50 418 338
m50 48 3 4.333333333333333 23.26666666666667 0.7995240857278757
z 3 50 418 338
m50 116 3 4.333333333333333 23.26666666666667 0.7995240857278757
z 3 50 418 338
m50 216 3 4.333333333333333 23.26666666666667 0.7995240857278757
z 3 50 418 338
m50 119 3 4.333333333333333 23.26666666666667 0.7995240857278757
z 3 50 418 338
m50 167 3 4.333333333333333 23.26666666666667 0.7995240857278757
z 3 50 418 338
m50 62 3 4.333333333333333 23.26666666666667 0.7995240857278757
B57 3 482 275
B75 3 425 335
B79 3 474 348
z 3 79 474 348
m79 195 3 4.066666666666666 21.800000000000004 1.0
B82 3 460 317
B115 1 312 479
B122 3 454 348
B124 3 400 298
B153 3 408 341
z 3 153 408 341
m153 205 3 4.066666666666666 21.800000000000004 1.0
B157 3 480 307
B198 3 482 290
B48 3 491 338
B62 3 376 384
z 3 62 376 384
m62 11 3 4.333333333333333 23.26666666666667 -1.0
B116 3 395 410
z 3 116 395 410
m116 56 3 4.5 24.875000000000004 0.8888739856503489
z 3 116 395 410
m116 117 3 4.5 24.875000000000004 0.8888739856503489
z 3 116 395 410
m116 160 3 4.5 24.875000000000004 0.8888739856503489
z 3 116 395 410
m116 66 3 4.5 24.875000000000004 0.8888739856503489
z 3 116 395 410
m116 215 3 4.5 24.875000000000004 0.8888739856503489
z 3 116 395 410
m116 103 3 4.5 24.875000000000004 0.8888739856503489
z 3 116 395 410
m116 13 3 4.5 24.875000000000004 0.8888739856503489
B119 3 488 352
B167 3 412 406
z 3 167 412 406
m167 197 3 4.125 21.875000000000004 1.0
B195 3 466 400
B205 3 349 385
z 3 205 349 385
m205 11 3 4.066666666666666 21.800000000000004 -1.0
B216 3 352 369
z 3 216 352 369
m216 11 3 4.333333333333333 23.26666666666667 -1.0
B13 3 423 426
B56 3 372 479
z 3 56 372 479
m56 115 3 4.529411764705882 24.88235294117647 0.54274358030675
z 3 56 372 479
m56 204 3 4.529411764705882 24.88235294117647 0.54274358030675
z 3 56 372 479
m56 179 3 4.529411764705882 24.88235294117647 0.54274358030675
z 3 56 372 479
m56 168 3 4.529411764705882 24.88235294117647 0.54274358030675
B66 3 427 464
B103 3 414 442
z 3 103 414 442
m103 133 3 4.294117647058823 23.47058823529412 1.0
B117 3 400 475
B160 3 458 426
z 3 160 458 426
m160 37 3 4.294117647058823 23.47058823529412 1.0
B197 3 454 460
B215 3 336 388
z 3 215 336 388
m215 11 3 4.5 24.875000000000004 -1.0
B37 3 472 491
B115 3 309 479
z 3 115 309 479
m115 24 3 4.333333333333333 23.555555555555557 1.0
B133 3 449 481
B168 3 343 488
B179 3 416 492
B204 3 421 494
B24 3 351 493
