250 239 296 84
s 0 28 268 201 0
s 1 383 368 348 0
s 2 48 370 46 0
s 3 478 160 8 0
s 4 426 436 165 0
s 5 9 463 149 0
s 6 218 138 206 0
s 7 439 17 98 0
s 8 60 62 56 0
s 9 489 462 218 0
s 10 121 186 333 0
s 11 120 426 62 0
s 12 273 449 236 0
s 13 228 239 16 0
s 14 473 380 253 0
s 15 101 493 83 0
s 16 116 108 95 0
s 17 294 472 151 0
s 18 41 161 164 0
s 19 164 323 193 0
s 20 296 84 166 0
s 21 209 486 248 0
s 22 59 44 3 0
s 23 231 313 59 0
s 24 287 32 3 0
s 25 385 441 342 0
s 26 9 377 234 0
s 27 5 252 76 0
s 28 400 287 24 0
s 29 290 186 294 0
s 30 35 248 333 0
s 31 87 229 322 0
s 32 455 134 306 0
s 33 67 222 272 0
s 34 452 247 259 0
s 35 88 33 206 0
s 36 339 174 303 0
s 37 368 107 4 0
s 38 38 433 202 0
s 39 206 484 202 0
s 40 162 463 89 0
s 41 103 340 230 0
s 42 33 471 340 0
s 43 340 416 19 0
s 44 455 154 314 0
s 45 223 251 139 0
s 46 144 440 254 0
s 47 101 336 309 0
s 48 386 13 167 0
s 49 431 236 171 0
s 50 154 224 316 0
s 51 24 225 202 0
s 52 296 17 54 0
s 53 457 239 285 0
s 54 200 316 263 0
s 55 423 296 76 0
s 56 460 293 32 0
s 57 178 297 334 0
s 58 205 99 256 0
s 59 116 71 199 0
s 60 430 308 152 0
s 61 437 129 91 0
s 62 471 426 331 0
s 63 227 95 81 0
s 64 2 99 322 0
s 65 406 239 163 0
s 66 480 429 213 0
s 67 411 228 330 0
s 68 370 370 286 0
s 69 244 280 7 0
s 70 67 46 223 0
s 71 145 22 260 0
s 72 351 464 155 0
s 73 167 7 26 0
s 74 250 239 41 0
s 75 239 384 36 0
s 76 161 111 333 0
s 77 255 498 330 0
s 78 215 270 201 0
s 79 368 416 64 0
s 80 110 404 96 0
s 81 57 17 13 0
s 82 172 218 218 0
s 83 231 88 64 0
s 84 325 150 299 0
s 85 118 341 45 0
s 86 109 174 85 0
s 87 487 191 239 0
s 88 54 166 78 0
s 89 85 140 293 0
s 90 280 208 236 0
s 91 260 371 63 0
s 92 445 128 189 0
s 93 7 59 355 0
s 94 153 288 307 0
s 95 340 441 80 0
s 96 253 329 43 0
s 97 301 3 69 0
s 98 473 347 198 0
s 99 273 107 130 0
s 100 328 101 72 0
s 101 144 293 220 0
s 102 64 101 14 0
s 103 157 239 111 0
s 104 416 246 37 0
s 105 262 275 173 0
s 106 7 123 301 0
s 107 363 333 227 0
s 108 299 51 307 0
s 109 241 272 347 0
s 110 419 381 54 0
s 111 429 434 341 0
s 112 50 413 160 0
s 113 5 238 351 0
s 114 144 212 270 0
s 115 51 361 140 0
s 116 296 168 123 0
s 117 106 374 328 0
s 118 353 281 14 0
s 119 11 318 242 0
s 120 197 494 116 0
s 121 377 79 188 0
s 122 235 114 231 0
s 123 388 135 349 0
s 124 83 207 213 0
s 125 290 32 142 0
s 126 244 290 269 0
s 127 150 200 49 0
s 128 98 356 188 0
s 129 137 453 254 0
s 130 123 210 93 0
s 131 97 431 312 0
s 132 493 320 135 0
s 133 291 117 293 0
s 134 340 216 312 0
s 135 201 21 11 0
s 136 279 78 311 0
s 137 413 488 119 0
s 138 390 10 158 0
s 139 101 84 135 0
s 140 262 397 342 0
s 141 446 24 248 0
s 142 422 30 293 0
s 143 461 293 34 0
s 144 185 51 201 0
s 145 213 43 119 0
s 146 105 449 256 0
s 147 415 110 52 0
s 148 133 91 8 0
s 149 250 334 223 0
s 150 192 8 296 0
s 151 146 254 343 0
s 152 76 369 282 0
s 153 287 145 41 0
s 154 325 269 16 0
s 155 1 149 303 0
s 156 30 306 50 0
s 157 7 34 140 0
s 158 247 242 153 0
s 159 183 252 203 0
s 160 81 391 293 0
s 161 302 152 350 0
s 162 270 80 170 0
s 163 314 331 3 0
s 164 229 60 98 0
s 165 301 424 177 0
s 166 75 209 324 0
s 167 90 23 169 0
s 168 378 414 89 0
s 169 401 331 304 0
s 170 168 394 6 0
s 171 380 278 321 0
s 172 78 258 309 0
s 173 424 435 223 0
s 174 167 224 70 0
s 175 376 119 81 0
s 176 124 90 250 0
s 177 314 141 343 0
s 178 432 483 240 0
s 179 390 57 321 0
s 180 450 48 345 0
s 181 20 236 256 0
s 182 457 213 45 0
s 183 478 381 293 0
s 184 382 291 24 0
s 185 374 158 278 0
s 186 444 82 94 0
s 187 406 64 87 0
s 188 225 35 195 0
s 189 318 117 317 0
s 190 414 378 255 0
s 191 415 499 78 0
s 192 387 271 286 0
s 193 351 189 190 0
s 194 328 69 158 0
s 195 400 405 299 0
s 196 228 267 8 0
s 197 466 254 32 0
s 198 252 451 273 0
s 199 426 277 343 0
s 200 173 119 67 0
s 201 191 257 104 0
s 202 241 362 12 0
s 203 480 1 295 0
s 204 185 40 224 0
s 205 100 112 298 0
s 206 346 341 257 0
s 207 29 395 144 0
s 208 148 73 348 0
s 209 350 260 150 0
s 210 335 441 55 0
s 211 277 231 60 0
s 212 362 170 101 0
s 213 391 341 133 0
s 214 53 140 316 0
s 215 11 64 12 0
s 216 380 452 6 0
s 217 29 222 154 0
s 218 147 468 35 0
s 219 96 90 36 0
B74 0 260 248
z 0 74 260 248
m74 13 0 260 248
z 0 74 260 248
m74 45 0 260 248
z 0 74 260 248
m74 69 0 260 248
z 0 74 260 248
m74 78 0 260 248
z 0 74 260 248
m74 90 0 260 248
z 0 74 260 248
m74 105 0 260 248
z 0 74 260 248
m74 109 0 260 248
z 0 74 260 248
m74 126 0 260 248
z 0 74 260 248
m74 158 0 260 248
z 0 74 260 248
m74 159 0 260 248
z 0 74 260 248
m74 196 0 260 248
z 0 74 260 248
m74 201 0 260 248
z 0 74 260 248
m74 211 0 260 248
B74 1 260 248
z 1 74 260 248
m74 13 1 260 248
z 1 74 260 248
m74 45 1 260 248
z 1 74 260 248
m74 69 1 260 248
z 1 74 260 248
m74 78 1 260 248
z 1 74 260 248
m74 90 1 260 248
z 1 74 260 248
m74 105 1 260 248
z 1 74 260 248
m74 109 1 260 248
z 1 74 260 248
m74 126 1 260 248
z 1 74 260 248
m74 158 1 260 248
z 1 74 260 248
m74 159 1 260 248
z 1 74 260 248
m74 196 1 260 248
z 1 74 260 248
m74 201 1 260 248
z 1 74 260 248
m74 211 1 260 248
B74 2 260 248
z 2 74 260 248
m74 13 2 260 248
z 2 74 260 248
m74 45 2 260 248
z 2 74 260 248
m74 69 2 260 248
z 2 74 260 248
m74 78 2 260 248
z 2 74 260 248
m74 90 2 260 248
z 2 74 260 248
m74 105 2 260 248
z 2 74 260 248
m74 109 2 260 248
z 2 74 260 248
m74 126 2 260 248
z 2 74 260 248
m74 158 2 260 248
z 2 74 260 248
m74 159 2 260 248
z 2 74 260 248
m74 196 2 260 248
z 2 74 260 248
m74 201 2 260 248
z 2 74 260 248
m74 211 2 260 248
B74 3 260 248
z 3 74 260 248
m74 13 3 14.0 196.0 1.0
z 3 74 260 248
m74 45 3 14.0 196.0 1.0
z 3 74 260 248
m74 69 3 14.0 196.0 1.0
z 3 74 260 248
m74 78 3 14.0 196.0 1.0
z 3 74 260 248
m74 90 3 14.0 196.0 1.0
z 3 74 260 248
m74 105 3 14.0 196.0 1.0
z 3 74 260 248
m74 109 3 14.0 196.0 1.0
z 3 74 260 248
m74 126 3 14.0 196.0 1.0
z 3 74 260 248
m74 158 3 14.0 196.0 1.0
z 3 74 260 248
m74 159 3 14.0 196.0 1.0
z 3 74 260 248
m74 196 3 14.0 196.0 1.0
z 3 74 260 248
m74 201 3 14.0 196.0 1.0
z 3 74 260 248
m74 211 3 14.0 196.0 1.0
B13 0 252 246
z 0 13 252 246
m13 54 0 252 246
z 0 13 252 246
m13 57 0 252 246
z 0 13 252 246
m13 174 0 252 246
B13 1 252 246
z 1 13 252 246
m13 54 1 252 246
z 1 13 252 246
m13 57 1 252 246
z 1 13 252 246
m13 174 1 252 246
B13 2 252 246
z 2 13 252 246
m13 54 2 252 246
z 2 13 252 246
m13 57 2 252 246
z 2 13 252 246
m13 174 2 252 246
B13 3 252 246
z 3 13 252 246
m13 174 3 10.333333333333334 133.66666666666666 0.7758478081058728
z 3 13 252 246
m13 54 3 10.333333333333334 133.66666666666666 0.7758478081058728
z 3 13 252 246
m13 57 3 10.333333333333334 133.66666666666666 0.7758478081058728
B45 0 204 267
z 0 45 204 267
m45 23 0 204 267
z 0 45 204 267
m45 50 0 204 267
z 0 45 204 267
m45 54 0 204 267
z 0 45 204 267
m45 57 0 204 267
z 0 45 204 267
m45 94 0 204 267
z 0 45 204 267
m45 149 0 204 267
z 0 45 204 267
m45 151 0 204 267
z 0 45 204 267
m45 174 0 204 267
B45 1 204 267
B45 2 204 267
B45 3 204 267
z 3 45 204 267
m45 23 3 13.0 171.0 1.0
z 3 45 204 267
m45 50 3 13.0 171.0 1.0
z 3 45 204 267
m45 54 3 13.0 171.0 1.0
z 3 45 204 267
m45 57 3 13.0 171.0 1.0
z 3 45 204 267
m45 94 3 13.0 171.0 1.0
z 3 45 204 267
m45 149 3 13.0 171.0 1.0
z 3 45 204 267
m45 151 3 13.0 171.0 1.0
z 3 45 204 267
m45 174 3 13.0 171.0 1.0
B69 0 269 283
z 0 69 269 283
m69 23 0 269 283
z 0 69 269 283
m69 54 0 269 283
z 0 69 269 283
m69 57 0 269 283
z 0 69 269 283
m69 96 0 269 283
z 0 69 269 283
m69 149 0 269 283
B69 1 269 283
z 1 69 269 283
m69 23 1 269 283
z 1 69 269 283
m69 54 1 269 283
z 1 69 269 283
m69 57 1 269 283
z 1 69 269 283
m69 96 1 269 283
z 1 69 269 283
m69 149 1 269 283
B69 2 269 283
z 2 69 269 283
m69 23 2 269 283
z 2 69 269 283
m69 54 2 269 283
z 2 69 269 283
m69 57 2 269 283
z 2 69 269 283
m69 96 2 269 283
z 2 69 269 283
m69 149 2 269 283
B69 3 269 283
z 3 69 269 283
m69 23 3 11.0 139.0 1.0
z 3 69 269 283
m69 54 3 11.0 139.0 1.0
z 3 69 269 283
m69 57 3 11.0 139.0 1.0
z 3 69 269 283
m69 96 3 11.0 139.0 1.0
z 3 69 269 283
m69 149 3 11.0 139.0 1.0
B78 0 191 261
z 0 78 191 261
m78 23 0 191 261
z 0 78 191 261
m78 50 0 191 261
z 0 78 191 261
m78 54 0 191 261
z 0 78 191 261
m78 57 0 191 261
z 0 78 191 261
m78 94 0 191 261
z 0 78 191 261
m78 101 0 191 261
z 0 78 191 261
m78 103 0 191 261
z 0 78 191 261
m78 149 0 191 261
z 0 78 191 261
m78 151 0 191 261
z 0 78 191 261
m78 174 0 191 261
B78 1 191 261
z 1 78 191 261
m78 23 1 191 261
z 1 78 191 261
m78 50 1 191 261
z 1 78 191 261
m78 54 1 191 261
z 1 78 191 261
m78 57 1 191 261
z 1 78 191 261
m78 94 1 191 261
z 1 78 191 261
m78 101 1 191 261
z 1 78 191 261
m78 103 1 191 261
z 1 78 191 261
m78 149 1 191 261
z 1 78 191 261
m78 151 1 191 261
z 1 78 191 261
m78 174 1 191 261
B78 2 191 261
B78 3 191 261
z 3 78 191 261
m78 23 3 13.333333333333334 178.66666666666666 1.0
z 3 78 191 261
m78 50 3 13.333333333333334 178.66666666666666 1.0
z 3 78 191 261
m78 54 3 13.333333333333334 178.66666666666666 1.0
z 3 78 191 261
m78 57 3 13.333333333333334 178.66666666666666 1.0
z 3 78 191 261
m78 94 3 13.333333333333334 178.66666666666666 1.0
z 3 78 191 261
m78 101 3 13.333333333333334 178.66666666666666 1.0
z 3 78 191 261
m78 103 3 13.333333333333334 178.66666666666666 1.0
z 3 78 191 261
m78 149 3 13.333333333333334 178.66666666666666 1.0
z 3 78 191 261
m78 151 3 13.333333333333334 178.66666666666666 1.0
z 3 78 191 261
m78 174 3 13.333333333333334 178.66666666666666 1.0
B90 0 266 187
z 0 90 266 187
m90 29 0 266 187
z 0 90 266 187
m90 116 0 266 187
z 0 90 266 187
m90 153 0 266 187
z 0 90 266 187
m90 161 0 266 187
B90 1 266 187
z 1 90 266 187
m90 29 1 266 187
z 1 90 266 187
m90 116 1 266 187
z 1 90 266 187
m90 153 1 266 187
z 1 90 266 187
m90 161 1 266 187
B90 2 266 187
z 2 90 266 187
m90 29 2 266 187
z 2 90 266 187
m90 116 2 266 187
z 2 90 266 187
m90 153 2 266 187
z 2 90 266 187
m90 161 2 266 187
B90 3 266 187
z 3 90 266 187
m90 29 3 11.0 139.0 1.0
z 3 90 266 187
m90 116 3 11.0 139.0 1.0
z 3 90 266 187
m90 153 3 11.0 139.0 1.0
z 3 90 266 187
m90 161 3 11.0 139.0 1.0
B105 0 237 278
z 0 105 237 278
m105 23 0 237 278
z 0 105 237 278
m105 54 0 237 278
z 0 105 237 278
m105 57 0 237 278
z 0 105 237 278
m105 96 0 237 278
z 0 105 237 278
m105 149 0 237 278
B105 1 237 278
z 1 105 237 278
m105 23 1 237 278
z 1 105 237 278
m105 54 1 237 278
z 1 105 237 278
m105 57 1 237 278
z 1 105 237 278
m105 96 1 237 278
z 1 105 237 278
m105 149 1 237 278
B105 2 237 278
z 2 105 237 278
m105 23 2 237 278
z 2 105 237 278
m105 54 2 237 278
z 2 105 237 278
m105 57 2 237 278
z 2 105 237 278
m105 96 2 237 278
z 2 105 237 278
m105 149 2 237 278
B105 3 237 278
z 3 105 237 278
m105 23 3 11.0 139.0 1.0
z 3 105 237 278
m105 54 3 11.0 139.0 1.0
z 3 105 237 278
m105 57 3 11.0 139.0 1.0
z 3 105 237 278
m105 96 3 11.0 139.0 1.0
z 3 105 237 278
m105 149 3 11.0 139.0 1.0
B109 0 266 267
z 0 109 266 267
m109 23 0 266 267
z 0 109 266 267
m109 54 0 266 267
z 0 109 266 267
m109 57 0 266 267
z 0 109 266 267
m109 96 0 266 267
z 0 109 266 267
m109 149 0 266 267
B109 1 266 267
B109 2 266 267
z 2 109 266 267
m109 23 2 266 267
z 2 109 266 267
m109 54 2 266 267
z 2 109 266 267
m109 57 2 266 267
z 2 109 266 267
m109 96 2 266 267
z 2 109 266 267
m109 149 2 266 267
B109 3 266 267
z 3 109 266 267
m109 23 3 11.0 139.0 1.0
z 3 109 266 267
m109 54 3 11.0 139.0 1.0
z 3 109 266 267
m109 57 3 11.0 139.0 1.0
z 3 109 266 267
m109 96 3 11.0 139.0 1.0
z 3 109 266 267
m109 149 3 11.0 139.0 1.0
B126 0 243 265
z 0 126 243 265
m126 23 0 243 265
z 0 126 243 265
m126 54 0 243 265
z 0 126 243 265
m126 57 0 243 265
z 0 126 243 265
m126 96 0 243 265
z 0 126 243 265
m126 149 0 243 265
B126 1 243 265
z 1 126 243 265
m126 23 1 243 265
z 1 126 243 265
m126 54 1 243 265
z 1 126 243 265
m126 57 1 243 265
z 1 126 243 265
m126 96 1 243 265
z 1 126 243 265
m126 149 1 243 265
B126 2 243 265
z 2 126 243 265
m126 23 2 243 265
z 2 126 243 265
m126 54 2 243 265
z 2 126 243 265
m126 57 2 243 265
z 2 126 243 265
m126 96 2 243 265
z 2 126 243 265
m126 149 2 243 265
B126 3 243 265
z 3 126 243 265
m126 23 3 11.0 139.0 1.0
z 3 126 243 265
m126 54 3 11.0 139.0 1.0
z 3 126 243 265
m126 57 3 11.0 139.0 1.0
z 3 126 243 265
m126 96 3 11.0 139.0 1.0
z 3 126 243 265
m126 149 3 11.0 139.0 1.0
B158 0 225 254
z 0 158 225 254
m158 54 0 225 254
z 0 158 225 254
m158 57 0 225 254
z 0 158 225 254
m158 174 0 225 254
B158 1 225 254
z 1 158 225 254
m158 54 1 225 254
z 1 158 225 254
m158 57 1 225 254
z 1 158 225 254
m158 174 1 225 254
B158 2 225 254
z 2 158 225 254
m158 54 2 225 254
z 2 158 225 254
m158 57 2 225 254
z 2 158 225 254
m158 174 2 225 254
B158 3 225 254
z 3 158 225 254
m158 54 3 10.666666666666668 136.0 1.0
z 3 158 225 254
m158 57 3 10.666666666666668 136.0 1.0
z 3 158 225 254
m158 174 3 10.666666666666668 136.0 1.0
B159 0 160 242
z 0 159 160 242
m159 50 0 160 242
z 0 159 160 242
m159 54 0 160 242
z 0 159 160 242
m159 57 0 160 242
z 0 159 160 242
m159 82 0 160 242
z 0 159 160 242
m159 94 0 160 242
z 0 159 160 242
m159 101 0 160 242
z 0 159 160 242
m159 103 0 160 242
z 0 159 160 242
m159 114 0 160 242
z 0 159 160 242
m159 127 0 160 242
z 0 159 160 242
m159 130 0 160 242
z 0 159 160 242
m159 151 0 160 242
z 0 159 160 242
m159 174 0 160 242
B159 1 160 242
z 1 159 160 242
m159 50 1 160 242
z 1 159 160 242
m159 54 1 160 242
z 1 159 160 242
m159 57 1 160 242
z 1 159 160 242
m159 82 1 160 242
z 1 159 160 242
m159 94 1 160 242
z 1 159 160 242
m159 101 1 160 242
z 1 159 160 242
m159 103 1 160 242
z 1 159 160 242
m159 114 1 160 242
z 1 159 160 242
m159 127 1 160 242
z 1 159 160 242
m159 130 1 160 242
z 1 159 160 242
m159 151 1 160 242
z 1 159 160 242
m159 174 1 160 242
B159 2 160 242
z 2 159 160 242
m159 50 2 160 242
z 2 159 160 242
m159 54 2 160 242
z 2 159 160 242
m159 57 2 160 242
z 2 159 160 242
m159 82 2 160 242
z 2 159 160 242
m159 94 2 160 242
z 2 159 160 242
m159 101 2 160 242
z 2 159 160 242
m159 103 2 160 242
z 2 159 160 242
m159 114 2 160 242
z 2 159 160 242
m159 127 2 160 242
z 2 159 160 242
m159 130 2 160 242
z 2 159 160 242
m159 151 2 160 242
z 2 159 160 242
m159 174 2 160 242
B159 3 160 242
z 3 159 160 242
m159 50 3 13.333333333333334 178.66666666666666 1.0
z 3 159 160 242
m159 54 3 13.333333333333334 178.66666666666666 1.0
z 3 159 160 242
m159 57 3 13.333333333333334 178.66666666666666 1.0
z 3 159 160 242
m159 82 3 13.333333333333334 178.66666666666666 1.0
z 3 159 160 242
m159 94 3 13.333333333333334 178.66666666666666 1.0
z 3 159 160 242
m159 101 3 13.333333333333334 178.66666666666666 1.0
z 3 159 160 242
m159 103 3 13.333333333333334 178.66666666666666 1.0
z 3 159 160 242
m159 114 3 13.333333333333334 178.66666666666666 1.0
z 3 159 160 242
m159 127 3 13.333333333333334 178.66666666666666 1.0
z 3 159 160 242
m159 130 3 13.333333333333334 178.66666666666666 1.0
z 3 159 160 242
m159 151 3 13.333333333333334 178.66666666666666 1.0
z 3 159 160 242
m159 174 3 13.333333333333334 178.66666666666666 1.0
B196 0 253 270
z 0 196 253 270
m196 23 0 253 270
z 0 196 253 270
m196 54 0 253 270
z 0 196 253 270
m196 57 0 253 270
z 0 196 253 270
m196 96 0 253 270
z 0 196 253 270
m196 149 0 253 270
B196 1 253 270
z 1 196 253 270
m196 23 1 253 270
z 1 196 253 270
m196 54 1 253 270
z 1 196 253 270
m196 57 1 253 270
z 1 196 253 270
m196 96 1 253 270
z 1 196 253 270
m196 149 1 253 270
B196 2 253 270
B196 3 253 270
z 3 196 253 270
m196 23 3 11.0 139.0 1.0
z 3 196 253 270
m196 54 3 11.0 139.0 1.0
z 3 196 253 270
m196 57 3 11.0 139.0 1.0
z 3 196 253 270
m196 96 3 11.0 139.0 1.0
z 3 196 253 270
m196 149 3 11.0 139.0 1.0
B201 0 185 281
z 0 201 185 281
m201 19 0 185 281
z 0 201 185 281
m201 50 0 185 281
z 0 201 185 281
m201 54 0 185 281
z 0 201 185 281
m201 57 0 185 281
z 0 201 185 281
m201 82 0 185 281
z 0 201 185 281
m201 94 0 185 281
z 0 201 185 281
m201 101 0 185 281
z 0 201 185 281
m201 103 0 185 281
z 0 201 185 281
m201 127 0 185 281
z 0 201 185 281
m201 151 0 185 281
z 0 201 185 281
m201 174 0 185 281
B201 1 185 281
z 1 201 185 281
m201 19 1 185 281
z 1 201 185 281
m201 50 1 185 281
z 1 201 185 281
m201 54 1 185 281
z 1 201 185 281
m201 57 1 185 281
z 1 201 185 281
m201 82 1 185 281
z 1 201 185 281
m201 94 1 185 281
z 1 201 185 281
m201 101 1 185 281
z 1 201 185 281
m201 103 1 185 281
z 1 201 185 281
m201 127 1 185 281
z 1 201 185 281
m201 151 1 185 281
z 1 201 185 281
m201 174 1 185 281
B201 2 185 281
z 2 201 185 281
m201 19 2 185 281
z 2 201 185 281
m201 50 2 185 281
z 2 201 185 281
m201 54 2 185 281
z 2 201 185 281
m201 57 2 185 281
z 2 201 185 281
m201 82 2 185 281
z 2 201 185 281
m201 94 2 185 281
z 2 201 185 281
m201 101 2 185 281
z 2 201 185 281
m201 103 2 185 281
z 2 201 185 281
m201 127 2 185 281
z 2 201 185 281
m201 151 2 185 281
z 2 201 185 281
m201 174 2 185 281
B201 3 185 281
z 3 201 185 281
m201 19 3 13.666666666666668 187.0 1.0
z 3 201 185 281
m201 50 3 13.666666666666668 187.0 1.0
z 3 201 185 281
m201 54 3 13.666666666666668 187.0 1.0
z 3 201 185 281
m201 57 3 13.666666666666668 187.0 1.0
z 3 201 185 281
m201 82 3 13.666666666666668 187.0 1.0
z 3 201 185 281
m201 94 3 13.666666666666668 187.0 1.0
z 3 201 185 281
m201 101 3 13.666666666666668 187.0 1.0
z 3 201 185 281
m201 103 3 13.666666666666668 187.0 1.0
z 3 201 185 281
m201 127 3 13.666666666666668 187.0 1.0
z 3 201 185 281
m201 151 3 13.666666666666668 187.0 1.0
z 3 201 185 281
m201 174 3 13.666666666666668 187.0 1.0
B211 0 290 252
z 0 211 290 252
m211 116 0 290 252
z 0 211 290 252
m211 154 0 290 252
z 0 211 290 252
m211 209 0 290 252
B211 1 290 252
B211 2 290 252
z 2 211 290 252
m211 116 2 290 252
z 2 211 290 252
m211 154 2 290 252
z 2 211 290 252
m211 209 2 290 252
B211 3 290 252
z 3 211 290 252
m211 116 3 10.666666666666668 136.0 1.0
z 3 211 290 252
m211 154 3 10.666666666666668 136.0 1.0
z 3 211 290 252
m211 209 3 10.666666666666668 136.0 1.0
B19 0 128 315
z 0 19 128 315
m19 41 0 128 315
z 0 19 128 315
m19 47 0 128 315
z 0 19 128 315
m19 85 0 128 315
z 0 19 128 315
m19 117 0 128 315
z 0 19 128 315
m19 152 0 128 315
z 0 19 128 315
m19 160 0 128 315
B19 1 128 315
z 1 19 128 315
m19 41 1 128 315
z 1 19 128 315
m19 47 1 128 315
z 1 19 128 315
m19 85 1 128 315
z 1 19 128 315
m19 117 1 128 315
z 1 19 128 315
m19 152 1 128 315
z 1 19 128 315
m19 160 1 128 315
B19 2 128 315
B19 3 128 315
z 3 19 128 315
m19 85 3 11.75 149.25 8.865248226948008E-4
z 3 19 128 315
m19 160 3 11.75 149.25 8.865248226948008E-4
z 3 19 128 315
m19 41 3 11.75 149.25 8.865248226948008E-4
B23 0 250 345
z 0 23 250 345
m23 75 0 250 345
z 0 23 250 345
m23 91 0 250 345
z 0 23 250 345
m23 140 0 250 345
z 0 23 250 345
m23 202 0 250 345
B23 1 250 345
z 1 23 250 345
m23 75 1 250 345
z 1 23 250 345
m23 91 1 250 345
z 1 23 250 345
m23 140 1 250 345
z 1 23 250 345
m23 202 1 250 345
B23 2 250 345
B23 3 250 345
z 3 23 250 345
m23 91 3 10.75 132.25 0.0
B29 0 305 152
z 0 29 305 152
m29 20 0 305 152
B29 1 305 152
B29 2 305 152
B29 3 305 152
z 3 29 305 152
m29 20 3 11.0 139.0 -1.0
B50 0 180 198
z 0 50 180 198
m50 10 0 180 198
z 0 50 180 198
m50 31 0 180 198
z 0 50 180 198
m50 86 0 180 198
B50 1 180 198
z 1 50 180 198
m50 10 1 180 198
z 1 50 180 198
m50 31 1 180 198
z 1 50 180 198
m50 86 1 180 198
B50 2 180 198
B50 3 180 198
z 3 50 180 198
m50 86 3 10.75 132.25 0.0
B54 0 195 279
B54 1 195 279
B54 2 195 279
B54 3 195 279
B57 0 211 281
B57 1 211 281
B57 2 211 281
B57 3 211 281
B82 0 142 195
z 0 82 142 195
m82 10 0 142 195
z 0 82 142 195
m82 31 0 142 195
z 0 82 142 195
m82 86 0 142 195
z 0 82 142 195
m82 166 0 142 195
z 0 82 142 195
m82 172 0 142 195
z 0 82 142 195
m82 200 0 142 195
B82 1 142 195
z 1 82 142 195
m82 10 1 142 195
z 1 82 142 195
m82 31 1 142 195
z 1 82 142 195
m82 86 1 142 195
z 1 82 142 195
m82 166 1 142 195
z 1 82 142 195
m82 172 1 142 195
z 1 82 142 195
m82 200 1 142 195
B82 2 142 195
z 2 82 142 195
m82 10 2 142 195
z 2 82 142 195
m82 31 2 142 195
z 2 82 142 195
m82 86 2 142 195
z 2 82 142 195
m82 166 2 142 195
z 2 82 142 195
m82 172 2 142 195
z 2 82 142 195
m82 200 2 142 195
B82 3 142 195
z 3 82 142 195
m82 200 3 11.5 143.0 0.15568022440392681
z 3 82 142 195
m82 172 3 11.5 143.0 0.15568022440392681
z 3 82 142 195
m82 166 3 11.5 143.0 0.15568022440392681
B94 0 175 259
B94 1 175 259
B94 2 175 259
B94 3 175 259
B96 0 280 354
z 0 96 280 354
m96 75 0 280 354
z 0 96 280 354
m96 91 0 280 354
z 0 96 280 354
m96 140 0 280 354
z 0 96 280 354
m96 163 0 280 354
z 0 96 280 354
m96 202 0 280 354
B96 1 280 354
B96 2 280 354
z 2 96 280 354
m96 75 2 280 354
z 2 96 280 354
m96 91 2 280 354
z 2 96 280 354
m96 140 2 280 354
z 2 96 280 354
m96 163 2 280 354
z 2 96 280 354
m96 202 2 280 354
B96 3 280 354
z 3 96 280 354
m96 75 3 9.75 113.25 1.0
z 3 96 280 354
m96 91 3 9.75 113.25 1.0
z 3 96 280 354
m96 140 3 9.75 113.25 1.0
z 3 96 280 354
m96 163 3 9.75 113.25 1.0
z 3 96 280 354
m96 202 3 9.75 113.25 1.0
B101 0 115 269
z 0 101 115 269
m101 31 0 115 269
z 0 101 115 269
m101 41 0 115 269
z 0 101 115 269
m101 47 0 115 269
z 0 101 115 269
m101 172 0 115 269
B101 1 115 269
z 1 101 115 269
m101 31 1 115 269
z 1 101 115 269
m101 41 1 115 269
z 1 101 115 269
m101 47 1 115 269
z 1 101 115 269
m101 172 1 115 269
B101 2 115 269
B101 3 115 269
z 3 101 115 269
m101 31 3 11.0 138.0 0.0
B103 0 144 273
z 0 103 144 273
m103 31 0 144 273
z 0 103 144 273
m103 47 0 144 273
z 0 103 144 273
m103 86 0 144 273
z 0 103 144 273
m103 172 0 144 273
B103 1 144 273
z 1 103 144 273
m103 31 1 144 273
z 1 103 144 273
m103 47 1 144 273
z 1 103 144 273
m103 86 1 144 273
z 1 103 144 273
m103 172 1 144 273
B103 2 144 273
z 2 103 144 273
m103 31 2 144 273
z 2 103 144 273
m103 47 2 144 273
z 2 103 144 273
m103 86 2 144 273
z 2 103 144 273
m103 172 2 144 273
B103 3 144 273
z 3 103 144 273
m103 31 3 11.0 138.0 0.0
B114 0 144 175
z 0 114 144 175
m114 10 0 144 175
z 0 114 144 175
m114 16 0 144 175
z 0 114 144 175
m114 31 0 144 175
z 0 114 144 175
m114 86 0 144 175
z 0 114 144 175
m114 166 0 144 175
z 0 114 144 175
m114 200 0 144 175
B114 1 144 175
z 1 114 144 175
m114 10 1 144 175
z 1 114 144 175
m114 16 1 144 175
z 1 114 144 175
m114 31 1 144 175
z 1 114 144 175
m114 86 1 144 175
z 1 114 144 175
m114 166 1 144 175
z 1 114 144 175
m114 200 1 144 175
B114 2 144 175
z 2 114 144 175
m114 10 2 144 175
z 2 114 144 175
m114 16 2 144 175
z 2 114 144 175
m114 31 2 144 175
z 2 114 144 175
m114 86 2 144 175
z 2 114 144 175
m114 166 2 144 175
z 2 114 144 175
m114 200 2 144 175
B114 3 144 175
z 3 114 144 175
m114 200 3 11.75 146.25 0.4174919109716637
z 3 114 144 175
m114 86 3 11.75 146.25 0.4174919109716637
z 3 114 144 175
m114 16 3 11.75 146.25 0.4174919109716637
z 3 114 144 175
m114 31 3 11.75 146.25 0.4174919109716637
B116 0 276 199
z 0 116 276 199
m116 99 0 276 199
z 0 116 276 199
m116 193 0 276 199
B116 1 276 199
z 1 116 276 199
m116 99 1 276 199
z 1 116 276 199
m116 193 1 276 199
B116 2 276 199
z 2 116 276 199
m116 99 2 276 199
z 2 116 276 199
m116 193 2 276 199
B116 3 276 199
B127 0 174 228
z 0 127 174 228
m127 10 0 174 228
z 0 127 174 228
m127 31 0 174 228
z 0 127 174 228
m127 86 0 174 228
B127 1 174 228
z 1 127 174 228
m127 10 1 174 228
z 1 127 174 228
m127 31 1 174 228
z 1 127 174 228
m127 86 1 174 228
B127 2 174 228
z 2 127 174 228
m127 10 2 174 228
z 2 127 174 228
m127 31 2 174 228
z 2 127 174 228
m127 86 2 174 228
B127 3 174 228
B130 0 121 247
z 0 130 121 247
m130 10 0 121 247
z 0 130 121 247
m130 30 0 121 247
z 0 130 121 247
m130 31 0 121 247
z 0 130 121 247
m130 33 0 121 247
z 0 130 121 247
m130 86 0 121 247
z 0 130 121 247
m130 124 0 121 247
z 0 130 121 247
m130 166 0 121 247
z 0 130 121 247
m130 172 0 121 247
B130 1 121 247
z 1 130 121 247
m130 10 1 121 247
z 1 130 121 247
m130 30 1 121 247
z 1 130 121 247
m130 31 1 121 247
z 1 130 121 247
m130 33 1 121 247
z 1 130 121 247
m130 86 1 121 247
z 1 130 121 247
m130 124 1 121 247
z 1 130 121 247
m130 166 1 121 247
z 1 130 121 247
m130 172 1 121 247
B130 2 121 247
z 2 130 121 247
m130 10 2 121 247
z 2 130 121 247
m130 30 2 121 247
z 2 130 121 247
m130 31 2 121 247
z 2 130 121 247
m130 33 2 121 247
z 2 130 121 247
m130 86 2 121 247
z 2 130 121 247
m130 124 2 121 247
z 2 130 121 247
m130 166 2 121 247
z 2 130 121 247
m130 172 2 121 247
B130 3 121 247
z 3 130 121 247
m130 124 3 12.0 150.0 0.6088709677419355
z 3 130 121 247
m130 10 3 12.0 150.0 0.6088709677419355
z 3 130 121 247
m130 33 3 12.0 150.0 0.6088709677419355
z 3 130 121 247
m130 166 3 12.0 150.0 0.6088709677419355
z 3 130 121 247
m130 30 3 12.0 150.0 0.6088709677419355
z 3 130 121 247
m130 31 3 12.0 150.0 0.6088709677419355
z 3 130 121 247
m130 86 3 12.0 150.0 0.6088709677419355
B149 0 223 309
z 0 149 223 309
m149 202 0 223 309
B149 1 223 309
z 1 149 223 309
m149 202 1 223 309
B149 2 223 309
z 2 149 223 309
m149 202 2 223 309
B149 3 223 309
z 3 149 223 309
m149 202 3 10.0 128.5 1.0
B151 0 182 243
z 0 151 182 243
m151 31 0 182 243
B151 1 182 243
z 1 151 182 243
m151 31 1 182 243
B151 2 182 243
z 2 151 182 243
m151 31 2 182 243
B151 3 182 243
z 3 151 182 243
m151 31 3 10.0 128.5 1.0
B153 0 314 169
z 0 153 314 169
m153 36 0 314 169
z 0 153 314 169
m153 84 0 314 169
z 0 153 314 169
m153 99 0 314 169
z 0 153 314 169
m153 100 0 314 169
z 0 153 314 169
m153 134 0 314 169
z 0 153 314 169
m153 177 0 314 169
z 0 153 314 169
m153 189 0 314 169
z 0 153 314 169
m153 193 0 314 169
B153 1 314 169
z 1 153 314 169
m153 36 1 314 169
z 1 153 314 169
m153 84 1 314 169
z 1 153 314 169
m153 99 1 314 169
z 1 153 314 169
m153 100 1 314 169
z 1 153 314 169
m153 134 1 314 169
z 1 153 314 169
m153 177 1 314 169
z 1 153 314 169
m153 189 1 314 169
z 1 153 314 169
m153 193 1 314 169
B153 2 314 169
z 2 153 314 169
m153 36 2 314 169
z 2 153 314 169
m153 84 2 314 169
z 2 153 314 169
m153 99 2 314 169
z 2 153 314 169
m153 100 2 314 169
z 2 153 314 169
m153 134 2 314 169
z 2 153 314 169
m153 177 2 314 169
z 2 153 314 169
m153 189 2 314 169
z 2 153 314 169
m153 193 2 314 169
B153 3 314 169
z 3 153 314 169
m153 36 3 10.75 129.25 1.0
z 3 153 314 169
m153 84 3 10.75 129.25 1.0
z 3 153 314 169
m153 99 3 10.75 129.25 1.0
z 3 153 314 169
m153 100 3 10.75 129.25 1.0
z 3 153 314 169
m153 134 3 10.75 129.25 1.0
z 3 153 314 169
m153 177 3 10.75 129.25 1.0
z 3 153 314 169
m153 189 3 10.75 129.25 1.0
z 3 153 314 169
m153 193 3 10.75 129.25 1.0
B154 0 361 279
z 0 154 361 279
m154 49 0 361 279
z 0 154 361 279
m154 65 0 361 279
z 0 154 361 279
m154 107 0 361 279
z 0 154 361 279
m154 118 0 361 279
z 0 154 361 279
m154 163 0 361 279
z 0 154 361 279
m154 171 0 361 279
z 0 154 361 279
m154 184 0 361 279
z 0 154 361 279
m154 192 0 361 279
z 0 154 361 279
m154 206 0 361 279
B154 2 361 279
z 2 154 361 279
m154 49 2 361 279
z 2 154 361 279
m154 65 2 361 279
z 2 154 361 279
m154 107 2 361 279
z 2 154 361 279
m154 118 2 361 279
z 2 154 361 279
m154 163 2 361 279
z 2 154 361 279
m154 171 2 361 279
z 2 154 361 279
m154 184 2 361 279
z 2 154 361 279
m154 192 2 361 279
z 2 154 361 279
m154 206 2 361 279
B154 3 361 279
z 3 154 361 279
m154 49 3 11.0 138.0 1.0
z 3 154 361 279
m154 65 3 11.0 138.0 1.0
z 3 154 361 279
m154 107 3 11.0 138.0 1.0
z 3 154 361 279
m154 118 3 11.0 138.0 1.0
z 3 154 361 279
m154 163 3 11.0 138.0 1.0
z 3 154 361 279
m154 171 3 11.0 138.0 1.0
z 3 154 361 279
m154 184 3 11.0 138.0 1.0
z 3 154 361 279
m154 192 3 11.0 138.0 1.0
z 3 154 361 279
m154 206 3 11.0 138.0 1.0
B161 0 339 145
z 0 161 339 145
m161 36 0 339 145
z 0 161 339 145
m161 84 0 339 145
z 0 161 339 145
m161 99 0 339 145
z 0 161 339 145
m161 100 0 339 145
z 0 161 339 145
m161 133 0 339 145
z 0 161 339 145
m161 134 0 339 145
z 0 161 339 145
m161 175 0 339 145
z 0 161 339 145
m161 177 0 339 145
z 0 161 339 145
m161 185 0 339 145
z 0 161 339 145
m161 189 0 339 145
z 0 161 339 145
m161 193 0 339 145
z 0 161 339 145
m161 194 0 339 145
B161 1 339 145
z 1 161 339 145
m161 36 1 339 145
z 1 161 339 145
m161 84 1 339 145
z 1 161 339 145
m161 99 1 339 145
z 1 161 339 145
m161 100 1 339 145
z 1 161 339 145
m161 133 1 339 145
z 1 161 339 145
m161 134 1 339 145
z 1 161 339 145
m161 175 1 339 145
z 1 161 339 145
m161 177 1 339 145
z 1 161 339 145
m161 185 1 339 145
z 1 161 339 145
m161 189 1 339 145
z 1 161 339 145
m161 193 1 339 145
z 1 161 339 145
m161 194 1 339 145
B161 2 339 145
z 2 161 339 145
m161 36 2 339 145
z 2 161 339 145
m161 84 2 339 145
z 2 161 339 145
m161 99 2 339 145
z 2 161 339 145
m161 100 2 339 145
z 2 161 339 145
m161 133 2 339 145
z 2 161 339 145
m161 134 2 339 145
z 2 161 339 145
m161 175 2 339 145
z 2 161 339 145
m161 177 2 339 145
z 2 161 339 145
m161 185 2 339 145
z 2 161 339 145
m161 189 2 339 145
z 2 161 339 145
m161 193 2 339 145
z 2 161 339 145
m161 194 2 339 145
B161 3 339 145
z 3 161 339 145
m161 36 3 11.5 146.5 1.0
z 3 161 339 145
m161 84 3 11.5 146.5 1.0
z 3 161 339 145
m161 99 3 11.5 146.5 1.0
z 3 161 339 145
m161 100 3 11.5 146.5 1.0
z 3 161 339 145
m161 133 3 11.5 146.5 1.0
z 3 161 339 145
m161 134 3 11.5 146.5 1.0
z 3 161 339 145
m161 175 3 11.5 146.5 1.0
z 3 161 339 145
m161 177 3 11.5 146.5 1.0
z 3 161 339 145
m161 185 3 11.5 146.5 1.0
z 3 161 339 145
m161 189 3 11.5 146.5 1.0
z 3 161 339 145
m161 193 3 11.5 146.5 1.0
z 3 161 339 145
m161 194 3 11.5 146.5 1.0
B174 0 180 259
B174 1 180 259
B174 2 180 259
B174 3 180 259
B209 0 318 278
z 0 209 318 278
m209 65 0 318 278
z 0 209 318 278
m209 107 0 318 278
z 0 209 318 278
m209 118 0 318 278
z 0 209 318 278
m209 163 0 318 278
z 0 209 318 278
m209 171 0 318 278
z 0 209 318 278
m209 192 0 318 278
z 0 209 318 278
m209 206 0 318 278
B209 2 318 278
z 2 209 318 278
m209 65 2 318 278
z 2 209 318 278
m209 107 2 318 278
z 2 209 318 278
m209 118 2 318 278
z 2 209 318 278
m209 163 2 318 278
z 2 209 318 278
m209 171 2 318 278
z 2 209 318 278
m209 192 2 318 278
z 2 209 318 278
m209 206 2 318 278
B209 3 318 278
z 3 209 318 278
m209 65 3 9.75 114.25 1.0
z 3 209 318 278
m209 107 3 9.75 114.25 1.0
z 3 209 318 278
m209 118 3 9.75 114.25 1.0
z 3 209 318 278
m209 163 3 9.75 114.25 1.0
z 3 209 318 278
m209 171 3 9.75 114.25 1.0
z 3 209 318 278
m209 192 3 9.75 114.25 1.0
z 3 209 318 278
m209 206 3 9.75 114.25 1.0
B10 0 164 163
z 0 10 164 163
m10 6 0 164 163
z 0 10 164 163
m10 148 0 164 163
B10 1 164 163
z 1 10 164 163
m10 6 1 164 163
z 1 10 164 163
m10 148 1 164 163
B10 2 164 163
z 2 10 164 163
m10 6 2 164 163
z 2 10 164 163
m10 148 2 164 163
B10 3 164 163
B16 0 112 157
z 0 16 112 157
m16 8 0 112 157
z 0 16 112 157
m16 89 0 112 157
z 0 16 112 157
m16 102 0 112 157
z 0 16 112 157
m16 139 0 112 157
z 0 16 112 157
m16 205 0 112 157
z 0 16 112 157
m16 214 0 112 157
z 0 16 112 157
m16 219 0 112 157
B16 1 112 157
z 1 16 112 157
m16 8 1 112 157
z 1 16 112 157
m16 89 1 112 157
z 1 16 112 157
m16 102 1 112 157
z 1 16 112 157
m16 139 1 112 157
z 1 16 112 157
m16 205 1 112 157
z 1 16 112 157
m16 214 1 112 157
z 1 16 112 157
m16 219 1 112 157
B16 2 112 157
B16 3 112 157
z 3 16 112 157
m16 205 3 10.8 126.8 0.4432438559138784
z 3 16 112 157
m16 89 3 10.8 126.8 0.4432438559138784
z 3 16 112 157
m16 8 3 10.8 126.8 0.4432438559138784
z 3 16 112 157
m16 139 3 10.8 126.8 0.4432438559138784
z 3 16 112 157
m16 214 3 10.8 126.8 0.4432438559138784
B30 0 78 226
z 0 30 78 226
m30 0 0 78 226
z 0 30 78 226
m30 88 0 78 226
z 0 30 78 226
m30 113 0 78 226
z 0 30 78 226
m30 217 0 78 226
B30 1 78 226
z 1 30 78 226
m30 0 1 78 226
z 1 30 78 226
m30 88 1 78 226
z 1 30 78 226
m30 113 1 78 226
z 1 30 78 226
m30 217 1 78 226
B30 2 78 226
B30 3 78 226
z 3 30 78 226
m30 0 3 10.799999999999999 127.2 0.45689834294322373
z 3 30 78 226
m30 217 3 10.799999999999999 127.2 0.45689834294322373
B31 0 126 199
z 0 31 126 199
m31 88 0 126 199
B31 1 126 199
z 1 31 126 199
m31 88 1 126 199
B31 2 126 199
z 2 31 126 199
m31 88 2 126 199
B31 3 126 199
z 3 31 126 199
m31 88 3 9.0 110.60000000000001 1.0
B33 0 69 173
z 0 33 69 173
m33 18 0 69 173
z 0 33 69 173
m33 51 0 69 173
z 0 33 69 173
m33 88 0 69 173
z 0 33 69 173
m33 113 0 69 173
z 0 33 69 173
m33 181 0 69 173
z 0 33 69 173
m33 214 0 69 173
B33 1 69 173
z 1 33 69 173
m33 18 1 69 173
z 1 33 69 173
m33 51 1 69 173
z 1 33 69 173
m33 88 1 69 173
z 1 33 69 173
m33 113 1 69 173
z 1 33 69 173
m33 181 1 69 173
z 1 33 69 173
m33 214 1 69 173
B33 2 69 173
B33 3 69 173
z 3 33 69 173
m33 214 3 11.0 129.8 0.5642456421558807
z 3 33 69 173
m33 181 3 11.0 129.8 0.5642456421558807
z 3 33 69 173
m33 18 3 11.0 129.8 0.5642456421558807
z 3 33 69 173
m33 51 3 11.0 129.8 0.5642456421558807
z 3 33 69 173
m33 113 3 11.0 129.8 0.5642456421558807
B36 0 366 133
z 0 36 366 133
m36 37 0 366 133
z 0 36 366 133
m36 92 0 366 133
z 0 36 366 133
m36 123 0 366 133
z 0 36 366 133
m36 212 0 366 133
B36 1 366 133
z 1 36 366 133
m36 37 1 366 133
z 1 36 366 133
m36 92 1 366 133
z 1 36 366 133
m36 123 1 366 133
z 1 36 366 133
m36 212 1 366 133
B36 2 366 133
B36 3 366 133
z 3 36 366 133
m36 212 3 9.799999999999999 110.60000000000001 0.4448462929475583
z 3 36 366 133
m36 123 3 9.799999999999999 110.60000000000001 0.4448462929475583
z 3 36 366 133
m36 37 3 9.799999999999999 110.60000000000001 0.4448462929475583
B41 0 72 302
z 0 41 72 302
m41 27 0 72 302
z 0 41 72 302
m41 128 0 72 302
z 0 41 72 302
m41 156 0 72 302
B41 1 72 302
z 1 41 72 302
m41 27 1 72 302
z 1 41 72 302
m41 128 1 72 302
z 1 41 72 302
m41 156 1 72 302
B41 3 72 302
z 3 41 72 302
m41 47 3 10.8 129.20000000000002 0.0010611689335090783
z 3 41 72 302
m41 27 3 10.8 129.20000000000002 0.0010611689335090783
B47 0 132 298
B47 1 132 298
B47 2 132 298
z 2 47 132 298
m47 41 2 132 298
z 2 47 132 298
m47 85 2 132 298
z 2 47 132 298
m47 117 2 132 298
z 2 47 132 298
m47 152 2 132 298
z 2 47 132 298
m47 160 2 132 298
B49 0 383 243
z 0 49 383 243
m49 28 0 383 243
z 0 49 383 243
m49 34 0 383 243
z 0 49 383 243
m49 67 0 383 243
z 0 49 383 243
m49 104 0 383 243
z 0 49 383 243
m49 169 0 383 243
z 0 49 383 243
m49 199 0 383 243
z 0 49 383 243
m49 212 0 383 243
B49 2 383 243
z 2 49 383 243
m49 28 2 383 243
z 2 49 383 243
m49 34 2 383 243
z 2 49 383 243
m49 67 2 383 243
z 2 49 383 243
m49 104 2 383 243
z 2 49 383 243
m49 169 2 383 243
z 2 49 383 243
m49 199 2 383 243
z 2 49 383 243
m49 212 2 383 243
B49 3 383 243
z 3 49 383 243
m49 199 3 10.200000000000001 120.2 0.3987295705683851
z 3 49 383 243
m49 28 3 10.200000000000001 120.2 0.3987295705683851
z 3 49 383 243
m49 67 3 10.200000000000001 120.2 0.3987295705683851
z 3 49 383 243
m49 104 3 10.200000000000001 120.2 0.3987295705683851
z 3 49 383 243
m49 34 3 10.200000000000001 120.2 0.3987295705683851
B65 0 359 253
z 0 65 359 253
m65 169 0 359 253
z 0 65 359 253
m65 212 0 359 253
B65 2 359 253
B65 3 359 253
B75 0 279 413
z 0 75 279 413
m75 12 0 279 413
z 0 75 279 413
m75 165 0 279 413
z 0 75 279 413
m75 170 0 279 413
z 0 75 279 413
m75 198 0 279 413
B75 1 279 413
z 1 75 279 413
m75 12 1 279 413
z 1 75 279 413
m75 165 1 279 413
z 1 75 279 413
m75 170 1 279 413
z 1 75 279 413
m75 198 1 279 413
B75 2 279 413
z 2 75 279 413
m75 12 2 279 413
z 2 75 279 413
m75 165 2 279 413
z 2 75 279 413
m75 170 2 279 413
z 2 75 279 413
m75 198 2 279 413
B75 3 279 413
z 3 75 279 413
m75 170 3 8.8 95.6 0.8849802371541502
z 3 75 279 413
m75 12 3 8.8 95.6 0.8849802371541502
z 3 75 279 413
m75 165 3 8.8 95.6 0.8849802371541502
z 3 75 279 413
m75 198 3 8.8 95.6 0.8849802371541502
B84 0 349 107
z 0 84 349 107
m84 37 0 349 107
z 0 84 349 107
m84 52 0 349 107
z 0 84 349 107
m84 121 0 349 107
B84 1 349 107
B84 2 349 107
z 2 84 349 107
m84 37 2 349 107
z 2 84 349 107
m84 52 2 349 107
z 2 84 349 107
m84 121 2 349 107
B84 3 349 107
z 3 84 349 107
m84 37 3 9.6 108.4 0.13273558368495064
B85 0 153 376
z 0 85 153 376
m85 46 0 153 376
z 0 85 153 376
m85 129 0 153 376
z 0 85 153 376
m85 131 0 153 376
z 0 85 153 376
m85 146 0 153 376
z 0 85 153 376
m85 170 0 153 376
B85 1 153 376
z 1 85 153 376
m85 46 1 153 376
z 1 85 153 376
m85 129 1 153 376
z 1 85 153 376
m85 131 1 153 376
z 1 85 153 376
m85 146 1 153 376
z 1 85 153 376
m85 170 1 153 376
B85 3 153 376
z 3 85 153 376
m85 47 3 11.0 132.20000000000002 0.0011470165875385276
z 3 85 153 376
m85 170 3 11.0 132.20000000000002 0.0011470165875385276
z 3 85 153 376
m85 146 3 11.0 132.20000000000002 0.0011470165875385276
z 3 85 153 376
m85 129 3 11.0 132.20000000000002 0.0011470165875385276
B86 0 113 222
z 0 86 113 222
m86 88 0 113 222
z 0 86 113 222
m86 113 0 113 222
B86 1 113 222
z 1 86 113 222
m86 88 1 113 222
z 1 86 113 222
m86 113 1 113 222
B86 2 113 222
z 2 86 113 222
m86 88 2 113 222
z 2 86 113 222
m86 113 2 113 222
B86 3 113 222
B91 0 282 415
z 0 91 282 415
m91 12 0 282 415
z 0 91 282 415
m91 77 0 282 415
z 0 91 282 415
m91 165 0 282 415
z 0 91 282 415
m91 170 0 282 415
z 0 91 282 415
m91 198 0 282 415
B91 1 282 415
z 1 91 282 415
m91 12 1 282 415
z 1 91 282 415
m91 77 1 282 415
z 1 91 282 415
m91 165 1 282 415
z 1 91 282 415
m91 170 1 282 415
z 1 91 282 415
m91 198 1 282 415
B91 2 282 415
z 2 91 282 415
m91 12 2 282 415
z 2 91 282 415
m91 77 2 282 415
z 2 91 282 415
m91 165 2 282 415
z 2 91 282 415
m91 170 2 282 415
z 2 91 282 415
m91 198 2 282 415
B91 3 282 415
z 3 91 282 415
m91 170 3 9.6 110.8 0.0
z 3 91 282 415
m91 77 3 9.6 110.8 0.0
B99 0 242 145
z 0 99 242 145
m99 20 0 242 145
B99 1 242 145
z 1 99 242 145
m99 20 1 242 145
B99 2 242 145
B99 3 242 145
z 3 99 242 145
m99 20 3 10.75 129.25 -1.0
B100 0 343 148
z 0 100 343 148
m100 121 0 343 148
B100 1 343 148
z 1 100 343 148
m100 121 1 343 148
B100 2 343 148
z 2 100 343 148
m100 121 2 343 148
B100 3 343 148
B107 0 330 297
z 0 107 330 297
m107 60 0 330 297
z 0 107 330 297
m107 68 0 330 297
z 0 107 330 297
m107 213 0 330 297
B107 2 330 297
z 2 107 330 297
m107 60 2 330 297
z 2 107 330 297
m107 68 2 330 297
z 2 107 330 297
m107 213 2 330 297
B107 3 330 297
B117 0 148 348
z 0 117 148 348
m117 46 0 148 348
z 0 117 148 348
m117 129 0 148 348
z 0 117 148 348
m117 131 0 148 348
z 0 117 148 348
m117 146 0 148 348
B117 1 148 348
z 1 117 148 348
m117 46 1 148 348
z 1 117 148 348
m117 129 1 148 348
z 1 117 148 348
m117 131 1 148 348
z 1 117 148 348
m117 146 1 148 348
B118 0 400 293
z 0 118 400 293
m118 28 0 400 293
z 0 118 400 293
m118 55 0 400 293
z 0 118 400 293
m118 60 0 400 293
z 0 118 400 293
m118 68 0 400 293
z 0 118 400 293
m118 98 0 400 293
z 0 118 400 293
m118 169 0 400 293
z 0 118 400 293
m118 190 0 400 293
B118 2 400 293
B118 3 400 293
z 3 118 400 293
m118 55 3 10.4 123.2 0.5908540278619019
z 3 118 400 293
m118 98 3 10.4 123.2 0.5908540278619019
z 3 118 400 293
m118 28 3 10.4 123.2 0.5908540278619019
z 3 118 400 293
m118 60 3 10.4 123.2 0.5908540278619019
z 3 118 400 293
m118 190 3 10.4 123.2 0.5908540278619019
z 3 118 400 293
m118 68 3 10.4 123.2 0.5908540278619019
B124 0 42 181
z 0 124 42 181
m124 18 0 42 181
z 0 124 42 181
m124 51 0 42 181
z 0 124 42 181
m124 88 0 42 181
z 0 124 42 181
m124 113 0 42 181
z 0 124 42 181
m124 181 0 42 181
B124 1 42 181
z 1 124 42 181
m124 18 1 42 181
z 1 124 42 181
m124 51 1 42 181
z 1 124 42 181
m124 88 1 42 181
z 1 124 42 181
m124 113 1 42 181
z 1 124 42 181
m124 181 1 42 181
B124 2 42 181
B124 3 42 181
z 3 124 42 181
m124 113 3 10.799999999999999 127.2 0.45689834294322373
z 3 124 42 181
m124 88 3 10.799999999999999 127.2 0.45689834294322373
z 3 124 42 181
m124 18 3 10.799999999999999 127.2 0.45689834294322373
B133 0 311 71
z 0 133 311 71
m133 20 0 311 71
B133 1 311 71
z 1 133 311 71
m133 20 1 311 71
B133 2 311 71
z 2 133 311 71
m133 20 2 311 71
B133 3 311 71
z 3 133 311 71
m133 20 3 11.5 146.5 -1.0
B134 0 373 179
z 0 134 373 179
m134 61 0 373 179
z 0 134 373 179
m134 212 0 373 179
B134 1 373 179
z 1 134 373 179
m134 61 1 373 179
z 1 134 373 179
m134 65 1 373 179
z 1 134 373 179
m134 192 1 373 179
z 1 134 373 179
m134 212 1 373 179
B134 2 373 179
B134 3 373 179
B140 0 308 382
z 0 140 308 382
m140 12 0 308 382
z 0 140 308 382
m140 165 0 308 382
z 0 140 308 382
m140 198 0 308 382
B140 1 308 382
z 1 140 308 382
m140 12 1 308 382
z 1 140 308 382
m140 165 1 308 382
z 1 140 308 382
m140 198 1 308 382
B140 2 308 382
z 2 140 308 382
m140 12 2 308 382
z 2 140 308 382
m140 165 2 308 382
z 2 140 308 382
m140 198 2 308 382
B140 3 308 382
z 3 140 308 382
m140 165 3 8.6 93.8 0.6001011122345801
z 3 140 308 382
m140 12 3 8.6 93.8 0.6001011122345801
z 3 140 308 382
m140 198 3 8.6 93.8 0.6001011122345801
B152 0 87 322
z 0 152 87 322
m152 128 0 87 322
z 0 152 87 322
m152 156 0 87 322
B152 1 87 322
z 1 152 87 322
m152 128 1 87 322
z 1 152 87 322
m152 156 1 87 322
B160 0 100 346
z 0 160 100 346
m160 2 0 100 346
z 0 160 100 346
m160 46 0 100 346
z 0 160 100 346
m160 128 0 100 346
z 0 160 100 346
m160 131 0 100 346
z 0 160 100 346
m160 146 0 100 346
z 0 160 100 346
m160 156 0 100 346
B160 1 100 346
z 1 160 100 346
m160 2 1 100 346
z 1 160 100 346
m160 46 1 100 346
z 1 160 100 346
m160 128 1 100 346
z 1 160 100 346
m160 131 1 100 346
z 1 160 100 346
m160 146 1 100 346
z 1 160 100 346
m160 156 1 100 346
B160 3 100 346
z 3 160 100 346
m160 2 3 11.600000000000001 143.6 0.001302830209653049
z 3 160 100 346
m160 47 3 11.600000000000001 143.6 0.001302830209653049
z 3 160 100 346
m160 131 3 11.600000000000001 143.6 0.001302830209653049
z 3 160 100 346
m160 146 3 11.600000000000001 143.6 0.001302830209653049
z 3 160 100 346
m160 46 3 11.600000000000001 143.6 0.001302830209653049
z 3 160 100 346
m160 128 3 11.600000000000001 143.6 0.001302830209653049
B163 0 363 333
z 0 163 363 333
m163 60 0 363 333
z 0 163 363 333
m163 68 0 363 333
z 0 163 363 333
m163 190 0 363 333
z 0 163 363 333
m163 213 0 363 333
B163 2 363 333
z 2 163 363 333
m163 60 2 363 333
z 2 163 363 333
m163 68 2 363 333
z 2 163 363 333
m163 190 2 363 333
z 2 163 363 333
m163 213 2 363 333
B163 3 363 333
z 3 163 363 333
m163 213 3 8.8 95.6 0.8849802371541502
z 3 163 363 333
m163 190 3 8.8 95.6 0.8849802371541502
z 3 163 363 333
m163 60 3 8.8 95.6 0.8849802371541502
z 3 163 363 333
m163 68 3 8.8 95.6 0.8849802371541502
B166 0 115 181
z 0 166 115 181
m166 88 0 115 181
B166 1 115 181
B166 2 115 181
B166 3 115 181
z 3 166 115 181
m166 88 3 9.399999999999999 114.60000000000001 1.0
B171 0 418 247
z 0 171 418 247
m171 28 0 418 247
z 0 171 418 247
m171 34 0 418 247
z 0 171 418 247
m171 67 0 418 247
z 0 171 418 247
m171 104 0 418 247
z 0 171 418 247
m171 169 0 418 247
z 0 171 418 247
m171 199 0 418 247
z 0 171 418 247
m171 212 0 418 247
B171 2 418 247
B171 3 418 247
z 3 171 418 247
m171 212 3 10.4 123.2 0.5908540278619019
z 3 171 418 247
m171 28 3 10.4 123.2 0.5908540278619019
z 3 171 418 247
m171 199 3 10.4 123.2 0.5908540278619019
z 3 171 418 247
m171 67 3 10.4 123.2 0.5908540278619019
z 3 171 418 247
m171 34 3 10.4 123.2 0.5908540278619019
z 3 171 418 247
m171 104 3 10.4 123.2 0.5908540278619019
B172 0 109 219
z 0 172 109 219
m172 88 0 109 219
z 0 172 109 219
m172 113 0 109 219
B172 1 109 219
z 1 172 109 219
m172 88 1 109 219
z 1 172 109 219
m172 113 1 109 219
B172 2 109 219
z 2 172 109 219
m172 88 2 109 219
z 2 172 109 219
m172 113 2 109 219
B172 3 109 219
B175 0 384 167
z 0 175 384 167
m175 37 0 384 167
z 0 175 384 167
m175 61 0 384 167
z 0 175 384 167
m175 92 0 384 167
z 0 175 384 167
m175 123 0 384 167
z 0 175 384 167
m175 147 0 384 167
z 0 175 384 167
m175 186 0 384 167
z 0 175 384 167
m175 187 0 384 167
z 0 175 384 167
m175 212 0 384 167
B175 1 384 167
z 1 175 384 167
m175 37 1 384 167
z 1 175 384 167
m175 61 1 384 167
z 1 175 384 167
m175 92 1 384 167
z 1 175 384 167
m175 123 1 384 167
z 1 175 384 167
m175 147 1 384 167
z 1 175 384 167
m175 186 1 384 167
z 1 175 384 167
m175 187 1 384 167
z 1 175 384 167
m175 212 1 384 167
B175 2 384 167
z 2 175 384 167
m175 37 2 384 167
z 2 175 384 167
m175 61 2 384 167
z 2 175 384 167
m175 92 2 384 167
z 2 175 384 167
m175 123 2 384 167
z 2 175 384 167
m175 147 2 384 167
z 2 175 384 167
m175 186 2 384 167
z 2 175 384 167
m175 187 2 384 167
z 2 175 384 167
m175 212 2 384 167
B175 3 384 167
z 3 175 384 167
m175 186 3 10.799999999999999 130.0 0.4721879286694102
z 3 175 384 167
m175 123 3 10.799999999999999 130.0 0.4721879286694102
z 3 175 384 167
m175 37 3 10.799999999999999 130.0 0.4721879286694102
z 3 175 384 167
m175 147 3 10.799999999999999 130.0 0.4721879286694102
z 3 175 384 167
m175 187 3 10.799999999999999 130.0 0.4721879286694102
z 3 175 384 167
m175 212 3 10.799999999999999 130.0 0.4721879286694102
B177 0 361 126
z 0 177 361 126
m177 37 0 361 126
z 0 177 361 126
m177 121 0 361 126
z 0 177 361 126
m177 123 0 361 126
B177 1 361 126
z 1 177 361 126
m177 37 1 361 126
z 1 177 361 126
m177 121 1 361 126
z 1 177 361 126
m177 123 1 361 126
B177 2 361 126
z 2 177 361 126
m177 37 2 361 126
z 2 177 361 126
m177 121 2 361 126
z 2 177 361 126
m177 123 2 361 126
B177 3 361 126
z 3 177 361 126
m177 123 3 9.6 108.4 0.13273558368495064
z 3 177 361 126
m177 121 3 9.6 108.4 0.13273558368495064
B184 0 427 311
z 0 184 427 311
m184 1 0 427 311
z 0 184 427 311
m184 14 0 427 311
z 0 184 427 311
m184 28 0 427 311
z 0 184 427 311
m184 55 0 427 311
z 0 184 427 311
m184 60 0 427 311
z 0 184 427 311
m184 68 0 427 311
z 0 184 427 311
m184 98 0 427 311
z 0 184 427 311
m184 104 0 427 311
z 0 184 427 311
m184 132 0 427 311
z 0 184 427 311
m184 169 0 427 311
z 0 184 427 311
m184 190 0 427 311
z 0 184 427 311
m184 195 0 427 311
z 0 184 427 311
m184 199 0 427 311
B184 2 427 311
z 2 184 427 311
m184 1 2 427 311
z 2 184 427 311
m184 14 2 427 311
z 2 184 427 311
m184 28 2 427 311
z 2 184 427 311
m184 55 2 427 311
z 2 184 427 311
m184 60 2 427 311
z 2 184 427 311
m184 68 2 427 311
z 2 184 427 311
m184 98 2 427 311
z 2 184 427 311
m184 104 2 427 311
z 2 184 427 311
m184 132 2 427 311
z 2 184 427 311
m184 169 2 427 311
z 2 184 427 311
m184 190 2 427 311
z 2 184 427 311
m184 195 2 427 311
z 2 184 427 311
m184 199 2 427 311
B184 3 427 311
z 3 184 427 311
m184 1 3 11.4 144.2 1.0
z 3 184 427 311
m184 14 3 11.4 144.2 1.0
z 3 184 427 311
m184 28 3 11.4 144.2 1.0
z 3 184 427 311
m184 55 3 11.4 144.2 1.0
z 3 184 427 311
m184 60 3 11.4 144.2 1.0
z 3 184 427 311
m184 68 3 11.4 144.2 1.0
z 3 184 427 311
m184 98 3 11.4 144.2 1.0
z 3 184 427 311
m184 104 3 11.4 144.2 1.0
z 3 184 427 311
m184 132 3 11.4 144.2 1.0
z 3 184 427 311
m184 169 3 11.4 144.2 1.0
z 3 184 427 311
m184 190 3 11.4 144.2 1.0
z 3 184 427 311
m184 195 3 11.4 144.2 1.0
z 3 184 427 311
m184 199 3 11.4 144.2 1.0
B185 0 381 109
z 0 185 381 109
m185 37 0 381 109
z 0 185 381 109
m185 61 0 381 109
z 0 185 381 109
m185 92 0 381 109
z 0 185 381 109
m185 121 0 381 109
z 0 185 381 109
m185 123 0 381 109
z 0 185 381 109
m185 147 0 381 109
z 0 185 381 109
m185 186 0 381 109
z 0 185 381 109
m185 187 0 381 109
B185 1 381 109
z 1 185 381 109
m185 37 1 381 109
z 1 185 381 109
m185 61 1 381 109
z 1 185 381 109
m185 92 1 381 109
z 1 185 381 109
m185 121 1 381 109
z 1 185 381 109
m185 123 1 381 109
z 1 185 381 109
m185 147 1 381 109
z 1 185 381 109
m185 186 1 381 109
z 1 185 381 109
m185 187 1 381 109
B185 2 381 109
z 2 185 381 109
m185 37 2 381 109
z 2 185 381 109
m185 61 2 381 109
z 2 185 381 109
m185 92 2 381 109
z 2 185 381 109
m185 121 2 381 109
z 2 185 381 109
m185 123 2 381 109
z 2 185 381 109
m185 147 2 381 109
z 2 185 381 109
m185 186 2 381 109
z 2 185 381 109
m185 187 2 381 109
B185 3 381 109
z 3 185 381 109
m185 61 3 10.799999999999999 130.0 0.4721879286694102
z 3 185 381 109
m185 147 3 10.799999999999999 130.0 0.4721879286694102
z 3 185 381 109
m185 186 3 10.799999999999999 130.0 0.4721879286694102
z 3 185 381 109
m185 121 3 10.799999999999999 130.0 0.4721879286694102
z 3 185 381 109
m185 123 3 10.799999999999999 130.0 0.4721879286694102
z 3 185 381 109
m185 37 3 10.799999999999999 130.0 0.4721879286694102
B189 0 354 83
z 0 189 354 83
m189 24 0 354 83
z 0 189 354 83
m189 37 0 354 83
z 0 189 354 83
m189 52 0 354 83
z 0 189 354 83
m189 97 0 354 83
z 0 189 354 83
m189 121 0 354 83
z 0 189 354 83
m189 136 0 354 83
z 0 189 354 83
m189 138 0 354 83
B189 1 354 83
z 1 189 354 83
m189 24 1 354 83
z 1 189 354 83
m189 37 1 354 83
z 1 189 354 83
m189 52 1 354 83
z 1 189 354 83
m189 97 1 354 83
z 1 189 354 83
m189 121 1 354 83
z 1 189 354 83
m189 136 1 354 83
z 1 189 354 83
m189 138 1 354 83
B189 2 354 83
z 2 189 354 83
m189 24 2 354 83
z 2 189 354 83
m189 37 2 354 83
z 2 189 354 83
m189 52 2 354 83
z 2 189 354 83
m189 97 2 354 83
z 2 189 354 83
m189 121 2 354 83
z 2 189 354 83
m189 136 2 354 83
z 2 189 354 83
m189 138 2 354 83
B189 3 354 83
z 3 189 354 83
m189 24 3 10.8 127.60000000000001 1.0
z 3 189 354 83
m189 37 3 10.8 127.60000000000001 1.0
z 3 189 354 83
m189 52 3 10.8 127.60000000000001 1.0
z 3 189 354 83
m189 97 3 10.8 127.60000000000001 1.0
z 3 189 354 83
m189 121 3 10.8 127.60000000000001 1.0
z 3 189 354 83
m189 136 3 10.8 127.60000000000001 1.0
z 3 189 354 83
m189 138 3 10.8 127.60000000000001 1.0
B192 0 400 224
z 0 192 400 224
m192 34 0 400 224
z 0 192 400 224
m192 67 0 400 224
z 0 192 400 224
m192 104 0 400 224
z 0 192 400 224
m192 199 0 400 224
z 0 192 400 224
m192 212 0 400 224
B192 2 400 224
B192 3 400 224
z 3 192 400 224
m192 199 3 10.0 117.60000000000001 0.13606299212598394
z 3 192 400 224
m192 104 3 10.0 117.60000000000001 0.13606299212598394
B193 0 303 180
z 0 193 303 180
m193 212 0 303 180
B193 1 303 180
z 1 193 303 180
m193 212 1 303 180
B193 2 303 180
z 2 193 303 180
m193 212 2 303 180
B193 3 303 180
z 3 193 303 180
m193 212 3 8.799999999999999 103.60000000000001 1.0
B194 0 283 87
z 0 194 283 87
m194 20 0 283 87
B194 1 283 87
B194 2 283 87
z 2 194 283 87
m194 20 2 283 87
B194 3 283 87
z 3 194 283 87
m194 20 3 11.5 146.5 -1.0
B200 0 192 164
z 0 200 192 164
m200 6 0 192 164
z 0 200 192 164
m200 63 0 192 164
z 0 200 192 164
m200 76 0 192 164
z 0 200 192 164
m200 83 0 192 164
z 0 200 192 164
m200 148 0 192 164
z 0 200 192 164
m200 164 0 192 164
z 0 200 192 164
m200 219 0 192 164
B200 1 192 164
z 1 200 192 164
m200 6 1 192 164
z 1 200 192 164
m200 63 1 192 164
z 1 200 192 164
m200 76 1 192 164
z 1 200 192 164
m200 83 1 192 164
z 1 200 192 164
m200 148 1 192 164
z 1 200 192 164
m200 164 1 192 164
z 1 200 192 164
m200 219 1 192 164
B200 2 192 164
z 2 200 192 164
m200 6 2 192 164
z 2 200 192 164
m200 63 2 192 164
z 2 200 192 164
m200 76 2 192 164
z 2 200 192 164
m200 83 2 192 164
z 2 200 192 164
m200 148 2 192 164
z 2 200 192 164
m200 164 2 192 164
z 2 200 192 164
m200 219 2 192 164
B200 3 192 164
z 3 200 192 164
m200 76 3 10.799999999999999 127.2 0.20130893402801814
z 3 200 192 164
m200 219 3 10.799999999999999 127.2 0.20130893402801814
z 3 200 192 164
m200 83 3 10.799999999999999 127.2 0.20130893402801814
z 3 200 192 164
m200 148 3 10.799999999999999 127.2 0.20130893402801814
B202 0 289 372
z 0 202 289 372
m202 12 0 289 372
z 0 202 289 372
m202 165 0 289 372
z 0 202 289 372
m202 198 0 289 372
B202 1 289 372
z 1 202 289 372
m202 12 1 289 372
z 1 202 289 372
m202 165 1 289 372
z 1 202 289 372
m202 198 1 289 372
B202 2 289 372
z 2 202 289 372
m202 12 2 289 372
z 2 202 289 372
m202 165 2 289 372
z 2 202 289 372
m202 198 2 289 372
B202 3 289 372
B206 0 335 294
z 0 206 335 294
m206 60 0 335 294
z 0 206 335 294
m206 68 0 335 294
B206 2 335 294
B206 3 335 294
B0 0 16 285
z 0 0 16 285
m0 119 0 16 285
B0 1 16 285
B0 3 16 285
B1 0 443 355
z 0 1 443 355
m1 25 0 443 355
z 0 1 443 355
m1 66 0 443 355
z 0 1 443 355
m1 110 0 443 355
z 0 1 443 355
m1 173 0 443 355
B1 2 443 355
z 2 1 443 355
m1 25 2 443 355
z 2 1 443 355
m1 66 2 443 355
z 2 1 443 355
m1 110 2 443 355
z 2 1 443 355
m1 173 2 443 355
B1 3 443 355
z 3 1 443 355
m1 110 3 10.666666666666666 128.33333333333334 0.24136053141135938
z 3 1 443 355
m1 173 3 10.666666666666666 128.33333333333334 0.24136053141135938
z 3 1 443 355
m1 25 3 10.666666666666666 128.33333333333334 0.24136053141135938
B2 0 90 414
z 0 2 90 414
m2 5 0 90 414
z 0 2 90 414
m2 38 0 90 414
z 0 2 90 414
m2 42 0 90 414
z 0 2 90 414
m2 80 0 90 414
z 0 2 90 414
m2 115 0 90 414
z 0 2 90 414
m2 207 0 90 414
B2 1 90 414
z 1 2 90 414
m2 5 1 90 414
z 1 2 90 414
m2 38 1 90 414
z 1 2 90 414
m2 42 1 90 414
z 1 2 90 414
m2 80 1 90 414
z 1 2 90 414
m2 115 1 90 414
z 1 2 90 414
m2 207 1 90 414
B2 3 90 414
z 3 2 90 414
m2 115 3 10.833333333333334 127.83333333333334 6.625822209092648E-4
z 3 2 90 414
m2 38 3 10.833333333333334 127.83333333333334 6.625822209092648E-4
z 3 2 90 414
m2 207 3 10.833333333333334 127.83333333333334 6.625822209092648E-4
z 3 2 90 414
m2 156 3 10.833333333333334 127.83333333333334 6.625822209092648E-4
B6 0 163 111
z 0 6 163 111
m6 20 0 163 111
B6 1 163 111
z 1 6 163 111
m6 20 1 163 111
B6 2 163 111
B8 0 94 113
z 0 8 94 113
m8 22 0 94 113
z 0 8 94 113
m8 59 0 94 113
z 0 8 94 113
m8 64 0 94 113
z 0 8 94 113
m8 93 0 94 113
z 0 8 94 113
m8 106 0 94 113
z 0 8 94 113
m8 155 0 94 113
z 0 8 94 113
m8 176 0 94 113
z 0 8 94 113
m8 215 0 94 113
B8 1 94 113
z 1 8 94 113
m8 22 1 94 113
z 1 8 94 113
m8 59 1 94 113
z 1 8 94 113
m8 64 1 94 113
z 1 8 94 113
m8 93 1 94 113
z 1 8 94 113
m8 106 1 94 113
z 1 8 94 113
m8 155 1 94 113
z 1 8 94 113
m8 176 1 94 113
z 1 8 94 113
m8 215 1 94 113
B8 3 94 113
z 3 8 94 113
m8 176 3 10.5 119.16666666666667 0.5543095577405743
z 3 8 94 113
m8 59 3 10.5 119.16666666666667 0.5543095577405743
z 3 8 94 113
m8 22 3 10.5 119.16666666666667 0.5543095577405743
z 3 8 94 113
m8 106 3 10.5 119.16666666666667 0.5543095577405743
z 3 8 94 113
m8 64 3 10.5 119.16666666666667 0.5543095577405743
z 3 8 94 113
m8 93 3 10.5 119.16666666666667 0.5543095577405743
z 3 8 94 113
m8 155 3 10.5 119.16666666666667 0.5543095577405743
z 3 8 94 113
m8 215 3 10.5 119.16666666666667 0.5543095577405743
B12 0 239 399
z 0 12 239 399
m12 21 0 239 399
z 0 12 239 399
m12 120 0 239 399
B12 1 239 399
z 1 12 239 399
m12 21 1 239 399
z 1 12 239 399
m12 120 1 239 399
B12 2 239 399
B12 3 239 399
B14 0 455 322
z 0 14 455 322
m14 56 0 455 322
z 0 14 455 322
m14 66 0 455 322
z 0 14 455 322
m14 143 0 455 322
z 0 14 455 322
m14 183 0 455 322
B14 2 455 322
B14 3 455 322
z 3 14 455 322
m14 66 3 10.333333333333334 124.33333333333334 0.0
B18 0 17 162
z 0 18 17 162
m18 155 0 17 162
B18 1 17 162
z 1 18 17 162
m18 155 1 17 162
B18 3 17 162
z 3 18 17 162
m18 155 3 9.333333333333332 108.33333333333334 1.0
B24 0 348 35
z 0 24 348 35
m24 48 0 348 35
z 0 24 348 35
m24 108 0 348 35
B24 1 348 35
z 1 24 348 35
m24 48 1 348 35
z 1 24 348 35
m24 108 1 348 35
B24 2 348 35
z 2 24 348 35
m24 48 2 348 35
z 2 24 348 35
m24 108 2 348 35
B24 3 348 35
B27 0 20 312
z 0 27 20 312
m27 26 0 20 312
z 0 27 20 312
m27 119 0 20 312
B27 1 20 312
z 1 27 20 312
m27 26 1 20 312
z 1 27 20 312
m27 119 1 20 312
B27 3 20 312
z 3 27 20 312
m27 152 3 9.666666666666666 110.33333333333336 3.5831758548183384E-4
B28 0 456 311
z 0 28 456 311
m28 56 0 456 311
z 0 28 456 311
m28 143 0 456 311
z 0 28 456 311
m28 183 0 456 311
z 0 28 456 311
m28 197 0 456 311
B28 2 456 311
B28 3 456 311
z 3 28 456 311
m28 143 3 9.166666666666668 102.83333333333334 0.13631278856307286
B34 0 440 188
z 0 34 440 188
m34 3 0 440 188
z 0 34 440 188
m34 53 0 440 188
z 0 34 440 188
m34 87 0 440 188
z 0 34 440 188
m34 182 0 440 188
B34 2 440 188
z 2 34 440 188
m34 3 2 440 188
z 2 34 440 188
m34 53 2 440 188
z 2 34 440 188
m34 87 2 440 188
z 2 34 440 188
m34 182 2 440 188
B34 3 440 188
z 3 34 440 188
m34 182 3 9.166666666666668 102.83333333333334 0.13631278856307286
B37 0 429 111
z 0 37 429 111
m37 7 0 429 111
z 0 37 429 111
m37 32 0 429 111
B37 1 429 111
B37 2 429 111
z 2 37 429 111
m37 7 2 429 111
z 2 37 429 111
m37 32 2 429 111
B37 3 429 111
z 3 37 429 111
m37 32 3 9.0 96.33333333333334 0.3860826468421402
z 3 37 429 111
m37 92 3 9.0 96.33333333333334 0.3860826468421402
B41 2 64 293
B46 0 127 381
z 0 46 127 381
m46 80 0 127 381
B46 1 127 381
z 1 46 127 381
m46 80 1 127 381
B46 3 127 381
B47 3 139 289
B51 0 17 184
B51 1 17 184
B51 3 17 184
B52 0 332 66
z 0 52 332 66
m52 48 0 332 66
z 0 52 332 66
m52 108 0 332 66
z 0 52 332 66
m52 125 0 332 66
B52 1 332 66
z 1 52 332 66
m52 48 1 332 66
z 1 52 332 66
m52 108 1 332 66
z 1 52 332 66
m52 125 1 332 66
B52 2 332 66
B52 3 332 66
B55 0 438 355
z 0 55 438 355
m55 56 0 438 355
z 0 55 438 355
m55 66 0 438 355
z 0 55 438 355
m55 143 0 438 355
z 0 55 438 355
m55 183 0 438 355
B55 2 438 355
z 2 55 438 355
m55 56 2 438 355
z 2 55 438 355
m55 66 2 438 355
z 2 55 438 355
m55 143 2 438 355
z 2 55 438 355
m55 183 2 438 355
B55 3 438 355
z 3 55 438 355
m55 56 3 9.5 106.83333333333334 0.2886855290043691
z 3 55 438 355
m55 183 3 9.5 106.83333333333334 0.2886855290043691
B60 0 376 337
z 0 60 376 337
m60 173 0 376 337
B60 2 376 337
B60 3 376 337
z 3 60 376 337
m60 173 3 8.833333333333332 102.83333333333334 1.0
B61 0 436 190
z 0 61 436 190
m61 3 0 436 190
z 0 61 436 190
m61 53 0 436 190
z 0 61 436 190
m61 87 0 436 190
B61 1 436 190
B61 2 436 190
z 2 61 436 190
m61 3 2 436 190
z 2 61 436 190
m61 53 2 436 190
z 2 61 436 190
m61 87 2 436 190
B61 3 436 190
z 3 61 436 190
m61 92 3 9.666666666666664 111.0 0.04742642005149812
B63 0 237 155
z 0 63 237 155
m63 20 0 237 155
B63 1 237 155
z 1 63 237 155
m63 20 1 237 155
B63 2 237 155
z 2 63 237 155
m63 20 2 237 155
B65 1 347 256
z 1 65 347 256
m65 49 1 347 256
z 1 65 347 256
m65 68 1 347 256
z 1 65 347 256
m65 107 1 347 256
z 1 65 347 256
m65 118 1 347 256
z 1 65 347 256
m65 154 1 347 256
z 1 65 347 256
m65 171 1 347 256
z 1 65 347 256
m65 206 1 347 256
z 1 65 347 256
m65 209 1 347 256
B67 0 464 198
z 0 67 464 198
m67 3 0 464 198
z 0 67 464 198
m67 53 0 464 198
z 0 67 464 198
m67 87 0 464 198
B67 2 464 198
B67 3 464 198
B68 0 386 311
B68 2 386 311
B68 3 386 311
B76 0 215 83
z 0 76 215 83
m76 20 0 215 83
B76 1 215 83
B76 2 215 83
z 2 76 215 83
m76 20 2 215 83
B76 3 215 83
z 3 76 215 83
m76 20 3 10.799999999999999 127.2 -1.0
B77 0 307 467
z 0 77 307 467
m77 17 0 307 467
z 0 77 307 467
m77 72 0 307 467
z 0 77 307 467
m77 95 0 307 467
z 0 77 307 467
m77 120 0 307 467
B77 1 307 467
z 1 77 307 467
m77 17 1 307 467
z 1 77 307 467
m77 72 1 307 467
z 1 77 307 467
m77 95 1 307 467
z 1 77 307 467
m77 120 1 307 467
B77 2 307 467
z 2 77 307 467
m77 17 2 307 467
z 2 77 307 467
m77 72 2 307 467
z 2 77 307 467
m77 95 2 307 467
z 2 77 307 467
m77 120 2 307 467
B77 3 307 467
z 3 77 307 467
m77 120 3 8.833333333333334 96.5 0.0
z 3 77 307 467
m77 17 3 8.833333333333334 96.5 0.0
B83 0 257 143
z 0 83 257 143
m83 20 0 257 143
B83 1 257 143
z 1 83 257 143
m83 20 1 257 143
B83 2 257 143
z 2 83 257 143
m83 20 2 257 143
B83 3 257 143
z 3 83 257 143
m83 20 3 10.799999999999999 127.2 -1.0
B85 2 161 384
z 2 85 161 384
m85 21 2 161 384
z 2 85 161 384
m85 46 2 161 384
z 2 85 161 384
m85 129 2 161 384
z 2 85 161 384
m85 131 2 161 384
z 2 85 161 384
m85 146 2 161 384
B88 0 66 225
B88 1 66 225
B88 2 66 225
z 2 88 66 225
m88 18 2 66 225
z 2 88 66 225
m88 51 2 66 225
z 2 88 66 225
m88 181 2 66 225
z 2 88 66 225
m88 217 2 66 225
B88 3 66 225
B89 0 108 84
z 0 89 108 84
m89 22 0 108 84
z 0 89 108 84
m89 59 0 108 84
z 0 89 108 84
m89 64 0 108 84
z 0 89 108 84
m89 81 0 108 84
z 0 89 108 84
m89 93 0 108 84
z 0 89 108 84
m89 106 0 108 84
z 0 89 108 84
m89 176 0 108 84
z 0 89 108 84
m89 215 0 108 84
B89 1 108 84
B89 3 108 84
z 3 89 108 84
m89 106 3 11.0 129.66666666666669 0.6267940545540769
z 3 89 108 84
m89 64 3 11.0 129.66666666666669 0.6267940545540769
z 3 89 108 84
m89 59 3 11.0 129.66666666666669 0.6267940545540769
z 3 89 108 84
m89 81 3 11.0 129.66666666666669 0.6267940545540769
z 3 89 108 84
m89 176 3 11.0 129.66666666666669 0.6267940545540769
z 3 89 108 84
m89 93 3 11.0 129.66666666666669 0.6267940545540769
z 3 89 108 84
m89 22 3 11.0 129.66666666666669 0.6267940545540769
z 3 89 108 84
m89 215 3 11.0 129.66666666666669 0.6267940545540769
B92 0 385 118
z 0 92 385 118
m92 7 0 385 118
z 0 92 385 118
m92 87 0 385 118
B92 1 385 118
z 1 92 385 118
m92 7 1 385 118
z 1 92 385 118
m92 87 1 385 118
B92 2 385 118
z 2 92 385 118
m92 7 2 385 118
z 2 92 385 118
m92 87 2 385 118
B97 0 323 60
z 0 97 323 60
m97 48 0 323 60
z 0 97 323 60
m97 108 0 323 60
B97 1 323 60
z 1 97 323 60
m97 48 1 323 60
z 1 97 323 60
m97 108 1 323 60
B97 2 323 60
B97 3 323 60
B98 0 415 328
z 0 98 415 328
m98 66 0 415 328
B98 2 415 328
z 2 98 415 328
m98 66 2 415 328
B98 3 415 328
B102 0 123 116
z 0 102 123 116
m102 215 0 123 116
B102 1 123 116
z 1 102 123 116
m102 215 1 123 116
B104 0 465 283
z 0 104 465 283
m104 56 0 465 283
z 0 104 465 283
m104 143 0 465 283
z 0 104 465 283
m104 182 0 465 283
z 0 104 465 283
m104 183 0 465 283
z 0 104 465 283
m104 197 0 465 283
B104 2 465 283
z 2 104 465 283
m104 56 2 465 283
z 2 104 465 283
m104 143 2 465 283
z 2 104 465 283
m104 182 2 465 283
z 2 104 465 283
m104 183 2 465 283
z 2 104 465 283
m104 197 2 465 283
B104 3 465 283
z 3 104 465 283
m104 143 3 9.333333333333336 104.33333333333334 0.27059238584481793
z 3 104 465 283
m104 183 3 9.333333333333336 104.33333333333334 0.27059238584481793
z 3 104 465 283
m104 182 3 9.333333333333336 104.33333333333334 0.27059238584481793
B113 0 65 228
B113 1 65 228
B113 2 65 228
z 2 113 65 228
m113 0 2 65 228
z 2 113 65 228
m113 51 2 65 228
z 2 113 65 228
m113 181 2 65 228
z 2 113 65 228
m113 217 2 65 228
B113 3 65 228
B117 2 158 342
z 2 117 158 342
m117 46 2 158 342
z 2 117 158 342
m117 129 2 158 342
z 2 117 158 342
m117 131 2 158 342
B121 0 317 71
z 0 121 317 71
m121 48 0 317 71
z 0 121 317 71
m121 108 0 317 71
B121 1 317 71
z 1 121 317 71
m121 48 1 317 71
z 1 121 317 71
m121 108 1 317 71
B121 2 317 71
B121 3 317 71
B123 0 448 124
z 0 123 448 124
m123 7 0 448 124
z 0 123 448 124
m123 32 0 448 124
z 0 123 448 124
m123 44 0 448 124
z 0 123 448 124
m123 87 0 448 124
B123 1 448 124
z 1 123 448 124
m123 7 1 448 124
z 1 123 448 124
m123 32 1 448 124
z 1 123 448 124
m123 44 1 448 124
z 1 123 448 124
m123 87 1 448 124
B123 2 448 124
z 2 123 448 124
m123 7 2 448 124
z 2 123 448 124
m123 32 2 448 124
z 2 123 448 124
m123 44 2 448 124
z 2 123 448 124
m123 87 2 448 124
B123 3 448 124
z 3 123 448 124
m123 92 3 9.333333333333332 100.33333333333334 0.5282549728752255
z 3 123 448 124
m123 32 3 9.333333333333332 100.33333333333334 0.5282549728752255
z 3 123 448 124
m123 44 3 9.333333333333332 100.33333333333334 0.5282549728752255
z 3 123 448 124
m123 7 3 9.333333333333332 100.33333333333334 0.5282549728752255
B128 0 37 347
z 0 128 37 347
m128 26 0 37 347
B128 1 37 347
B128 3 37 347
z 3 128 37 347
m128 152 3 10.333333333333334 122.33333333333334 0.0
B129 0 120 395
z 0 129 120 395
m129 11 0 120 395
z 0 129 120 395
m129 42 0 120 395
z 0 129 120 395
m129 80 0 120 395
B129 1 120 395
B129 3 120 395
z 3 129 120 395
m129 11 3 10.0 114.33333333333336 5.562210250681878E-4
B131 0 138 385
B131 1 138 385
B131 3 138 385
B132 0 450 363
z 0 132 450 363
m132 56 0 450 363
z 0 132 450 363
m132 66 0 450 363
z 0 132 450 363
m132 110 0 450 363
z 0 132 450 363
m132 143 0 450 363
z 0 132 450 363
m132 183 0 450 363
B132 2 450 363
B132 3 450 363
z 3 132 450 363
m132 56 3 10.833333333333334 130.83333333333334 0.4548192771084334
z 3 132 450 363
m132 110 3 10.833333333333334 130.83333333333334 0.4548192771084334
z 3 132 450 363
m132 183 3 10.833333333333334 130.83333333333334 0.4548192771084334
B136 0 319 32
z 0 136 319 32
m136 48 0 319 32
z 0 136 319 32
m136 108 0 319 32
z 0 136 319 32
m136 125 0 319 32
z 0 136 319 32
m136 135 0 319 32
B136 1 319 32
z 1 136 319 32
m136 48 1 319 32
z 1 136 319 32
m136 108 1 319 32
z 1 136 319 32
m136 125 1 319 32
z 1 136 319 32
m136 135 1 319 32
B136 2 319 32
z 2 136 319 32
m136 48 2 319 32
z 2 136 319 32
m136 108 2 319 32
z 2 136 319 32
m136 125 2 319 32
z 2 136 319 32
m136 135 2 319 32
B136 3 319 32
z 3 136 319 32
m136 125 3 9.666666666666666 109.0 0.0
B138 0 334 32
z 0 138 334 32
m138 48 0 334 32
z 0 138 334 32
m138 108 0 334 32
B138 1 334 32
z 1 138 334 32
m138 48 1 334 32
z 1 138 334 32
m138 108 1 334 32
B138 2 334 32
B138 3 334 32
B139 0 58 127
z 0 139 58 127
m139 64 0 58 127
z 0 139 58 127
m139 93 0 58 127
z 0 139 58 127
m139 106 0 58 127
z 0 139 58 127
m139 155 0 58 127
z 0 139 58 127
m139 215 0 58 127
B139 1 58 127
z 1 139 58 127
m139 64 1 58 127
z 1 139 58 127
m139 93 1 58 127
z 1 139 58 127
m139 106 1 58 127
z 1 139 58 127
m139 155 1 58 127
z 1 139 58 127
m139 215 1 58 127
B139 3 58 127
z 3 139 58 127
m139 93 3 10.166666666666666 113.83333333333334 0.465694194800189
z 3 139 58 127
m139 64 3 10.166666666666666 113.83333333333334 0.465694194800189
z 3 139 58 127
m139 102 3 10.166666666666666 113.83333333333334 0.465694194800189
z 3 139 58 127
m139 106 3 10.166666666666666 113.83333333333334 0.465694194800189
B146 0 90 390
z 0 146 90 390
m146 42 0 90 390
B146 1 90 390
z 1 146 90 390
m146 42 1 90 390
B146 3 90 390
B147 0 453 158
z 0 147 453 158
m147 3 0 453 158
z 0 147 453 158
m147 44 0 453 158
z 0 147 453 158
m147 53 0 453 158
z 0 147 453 158
m147 87 0 453 158
B147 1 453 158
z 1 147 453 158
m147 3 1 453 158
z 1 147 453 158
m147 34 1 453 158
z 1 147 453 158
m147 44 1 453 158
z 1 147 453 158
m147 53 1 453 158
z 1 147 453 158
m147 67 1 453 158
z 1 147 453 158
m147 87 1 453 158
B147 2 453 158
z 2 147 453 158
m147 3 2 453 158
z 2 147 453 158
m147 44 2 453 158
z 2 147 453 158
m147 53 2 453 158
z 2 147 453 158
m147 87 2 453 158
B147 3 453 158
z 3 147 453 158
m147 92 3 9.999999999999998 114.33333333333333 0.3492289244252953
z 3 147 453 158
m147 44 3 9.999999999999998 114.33333333333333 0.3492289244252953
z 3 147 453 158
m147 53 3 9.999999999999998 114.33333333333333 0.3492289244252953
B148 0 193 99
z 0 148 193 99
m148 20 0 193 99
B148 1 193 99
z 1 148 193 99
m148 20 1 193 99
B148 2 193 99
z 2 148 193 99
m148 20 2 193 99
B148 3 193 99
z 3 148 193 99
m148 20 3 10.799999999999999 127.2 -1.0
B152 2 89 310
B156 0 69 353
z 0 156 69 353
m156 26 0 69 353
B156 1 69 353
z 1 156 69 353
m156 26 1 69 353
B160 2 105 335
z 2 160 105 335
m160 26 2 105 335
z 2 160 105 335
m160 46 2 105 335
z 2 160 105 335
m160 128 2 105 335
z 2 160 105 335
m160 131 2 105 335
z 2 160 105 335
m160 146 2 105 335
z 2 160 105 335
m160 156 2 105 335
B164 0 220 120
z 0 164 220 120
m164 20 0 220 120
B164 1 220 120
z 1 164 220 120
m164 20 1 220 120
B164 2 220 120
z 2 164 220 120
m164 20 2 220 120
B165 0 240 427
z 0 165 240 427
m165 17 0 240 427
z 0 165 240 427
m165 120 0 240 427
B165 1 240 427
B165 2 240 427
z 2 165 240 427
m165 17 2 240 427
z 2 165 240 427
m165 120 2 240 427
B165 3 240 427
z 3 165 240 427
m165 17 3 7.833333333333333 81.16666666666667 0.37005056555055027
B169 0 435 280
B169 2 435 280
B169 3 435 280
B170 0 228 400
z 0 170 228 400
m170 21 0 228 400
B170 1 228 400
z 1 170 228 400
m170 21 1 228 400
B170 2 228 400
z 2 170 228 400
m170 21 2 228 400
B170 3 228 400
B181 0 5 177
B181 1 5 177
B181 3 5 177
B186 0 440 143
z 0 186 440 143
m186 3 0 440 143
z 0 186 440 143
m186 7 0 440 143
z 0 186 440 143
m186 32 0 440 143
z 0 186 440 143
m186 44 0 440 143
z 0 186 440 143
m186 53 0 440 143
z 0 186 440 143
m186 87 0 440 143
B186 1 440 143
z 1 186 440 143
m186 3 1 440 143
z 1 186 440 143
m186 7 1 440 143
z 1 186 440 143
m186 32 1 440 143
z 1 186 440 143
m186 44 1 440 143
z 1 186 440 143
m186 53 1 440 143
z 1 186 440 143
m186 67 1 440 143
z 1 186 440 143
m186 87 1 440 143
B186 2 440 143
B186 3 440 143
z 3 186 440 143
m186 32 3 10.166666666666664 116.5 0.43299417088836933
z 3 186 440 143
m186 7 3 10.166666666666664 116.5 0.43299417088836933
z 3 186 440 143
m186 44 3 10.166666666666664 116.5 0.43299417088836933
z 3 186 440 143
m186 92 3 10.166666666666664 116.5 0.43299417088836933
z 3 186 440 143
m186 53 3 10.166666666666664 116.5 0.43299417088836933
B187 0 410 124
z 0 187 410 124
m187 7 0 410 124
z 0 187 410 124
m187 87 0 410 124
B187 1 410 124
z 1 187 410 124
m187 7 1 410 124
z 1 187 410 124
m187 87 1 410 124
B187 2 410 124
z 2 187 410 124
m187 7 2 410 124
z 2 187 410 124
m187 87 2 410 124
B187 3 410 124
B190 0 398 319
B190 2 398 319
B190 3 398 319
B192 1 404 213
z 1 192 404 213
m192 34 1 404 213
z 1 192 404 213
m192 49 1 404 213
z 1 192 404 213
m192 67 1 404 213
z 1 192 404 213
m192 154 1 404 213
z 1 192 404 213
m192 171 1 404 213
B195 0 430 352
z 0 195 430 352
m195 9 0 430 352
z 0 195 430 352
m195 66 0 430 352
z 0 195 430 352
m195 110 0 430 352
z 0 195 430 352
m195 173 0 430 352
B195 2 430 352
z 2 195 430 352
m195 9 2 430 352
z 2 195 430 352
m195 66 2 430 352
z 2 195 430 352
m195 110 2 430 352
z 2 195 430 352
m195 173 2 430 352
B195 3 430 352
z 3 195 430 352
m195 110 3 10.333333333333334 124.33333333333334 0.0
z 3 195 430 352
m195 9 3 10.333333333333334 124.33333333333334 0.0
B198 0 255 390
B198 1 255 390
B198 2 255 390
B198 3 255 390
B199 0 485 259
z 0 199 485 259
m199 53 0 485 259
z 0 199 485 259
m199 56 0 485 259
z 0 199 485 259
m199 143 0 485 259
z 0 199 485 259
m199 182 0 485 259
z 0 199 485 259
m199 197 0 485 259
B199 2 485 259
z 2 199 485 259
m199 53 2 485 259
z 2 199 485 259
m199 56 2 485 259
z 2 199 485 259
m199 143 2 485 259
z 2 199 485 259
m199 182 2 485 259
z 2 199 485 259
m199 197 2 485 259
B199 3 485 259
z 3 199 485 259
m199 53 3 9.333333333333336 104.33333333333334 0.27059238584481793
z 3 199 485 259
m199 143 3 9.333333333333336 104.33333333333334 0.27059238584481793
z 3 199 485 259
m199 56 3 9.333333333333336 104.33333333333334 0.27059238584481793
B205 0 129 58
z 0 205 129 58
m205 22 0 129 58
z 0 205 129 58
m205 59 0 129 58
z 0 205 129 58
m205 71 0 129 58
z 0 205 129 58
m205 81 0 129 58
z 0 205 129 58
m205 93 0 129 58
z 0 205 129 58
m205 144 0 129 58
z 0 205 129 58
m205 176 0 129 58
z 0 205 129 58
m205 215 0 129 58
B205 1 129 58
z 1 205 129 58
m205 22 1 129 58
z 1 205 129 58
m205 59 1 129 58
z 1 205 129 58
m205 71 1 129 58
z 1 205 129 58
m205 81 1 129 58
z 1 205 129 58
m205 93 1 129 58
z 1 205 129 58
m205 144 1 129 58
z 1 205 129 58
m205 176 1 129 58
z 1 205 129 58
m205 215 1 129 58
B205 3 129 58
z 3 205 129 58
m205 59 3 11.5 143.16666666666669 0.6659954908499084
z 3 205 129 58
m205 6 3 11.5 143.16666666666669 0.6659954908499084
z 3 205 129 58
m205 93 3 11.5 143.16666666666669 0.6659954908499084
z 3 205 129 58
m205 215 3 11.5 143.16666666666669 0.6659954908499084
z 3 205 129 58
m205 102 3 11.5 143.16666666666669 0.6659954908499084
z 3 205 129 58
m205 176 3 11.5 143.16666666666669 0.6659954908499084
z 3 205 129 58
m205 81 3 11.5 143.16666666666669 0.6659954908499084
z 3 205 129 58
m205 144 3 11.5 143.16666666666669 0.6659954908499084
z 3 205 129 58
m205 71 3 11.5 143.16666666666669 0.6659954908499084
B212 0 351 230
B212 1 351 230
z 1 212 351 230
m212 49 1 351 230
z 1 212 351 230
m212 154 1 351 230
z 1 212 351 230
m212 171 1 351 230
B212 2 351 230
B212 3 351 230
B213 0 349 385
z 0 213 349 385
m213 4 0 349 385
z 0 213 349 385
m213 43 0 349 385
z 0 213 349 385
m213 173 0 349 385
B213 2 349 385
z 2 213 349 385
m213 4 2 349 385
z 2 213 349 385
m213 43 2 349 385
z 2 213 349 385
m213 173 2 349 385
B213 3 349 385
z 3 213 349 385
m213 43 3 7.833333333333333 81.16666666666667 0.37005056555055027
B214 0 97 98
z 0 214 97 98
m214 22 0 97 98
z 0 214 97 98
m214 59 0 97 98
z 0 214 97 98
m214 64 0 97 98
z 0 214 97 98
m214 93 0 97 98
z 0 214 97 98
m214 106 0 97 98
z 0 214 97 98
m214 155 0 97 98
z 0 214 97 98
m214 215 0 97 98
B214 1 97 98
z 1 214 97 98
m214 22 1 97 98
z 1 214 97 98
m214 59 1 97 98
z 1 214 97 98
m214 64 1 97 98
z 1 214 97 98
m214 93 1 97 98
z 1 214 97 98
m214 106 1 97 98
z 1 214 97 98
m214 155 1 97 98
z 1 214 97 98
m214 215 1 97 98
B214 3 97 98
z 3 214 97 98
m214 106 3 10.5 119.16666666666667 0.5543095577405743
z 3 214 97 98
m214 155 3 10.5 119.16666666666667 0.5543095577405743
z 3 214 97 98
m214 59 3 10.5 119.16666666666667 0.5543095577405743
z 3 214 97 98
m214 64 3 10.5 119.16666666666667 0.5543095577405743
z 3 214 97 98
m214 22 3 10.5 119.16666666666667 0.5543095577405743
z 3 214 97 98
m214 93 3 10.5 119.16666666666667 0.5543095577405743
z 3 214 97 98
m214 215 3 10.5 119.16666666666667 0.5543095577405743
B217 0 8 264
z 0 217 8 264
m217 119 0 8 264
B217 1 8 264
B217 3 8 264
z 3 217 8 264
m217 119 3 9.166666666666664 106.16666666666667 1.0
B219 0 145 126
z 0 219 145 126
m219 145 0 145 126
B219 1 145 126
z 1 219 145 126
m219 145 1 145 126
B219 2 145 126
z 2 219 145 126
m219 8 2 145 126
z 2 219 145 126
m219 89 2 145 126
z 2 219 145 126
m219 102 2 145 126
z 2 219 145 126
m219 145 2 145 126
z 2 219 145 126
m219 205 2 145 126
z 2 219 145 126
m219 214 2 145 126
B219 3 145 126
B0 2 21 295
B3 0 452 188
B3 1 452 188
B3 2 452 188
B4 0 356 455
z 0 4 356 455
m4 79 0 356 455
z 0 4 356 455
m4 137 0 356 455
z 0 4 356 455
m4 168 0 356 455
z 0 4 356 455
m4 178 0 356 455
z 0 4 356 455
m4 210 0 356 455
B4 2 356 455
B5 0 37 418
z 0 5 37 418
m5 15 0 37 418
z 0 5 37 418
m5 112 0 37 418
B5 1 37 418
z 1 5 37 418
m5 15 1 37 418
z 1 5 37 418
m5 112 1 37 418
B6 3 152 106
z 3 6 152 106
m6 20 3 11.5 143.16666666666669 -1.0
B7 0 428 90
z 0 7 428 90
m7 141 0 428 90
z 0 7 428 90
m7 142 0 428 90
z 0 7 428 90
m7 179 0 428 90
z 0 7 428 90
m7 203 0 428 90
B7 1 428 90
z 1 7 428 90
m7 141 1 428 90
z 1 7 428 90
m7 142 1 428 90
z 1 7 428 90
m7 179 1 428 90
z 1 7 428 90
m7 203 1 428 90
B7 2 428 90
z 2 7 428 90
m7 141 2 428 90
z 2 7 428 90
m7 142 2 428 90
z 2 7 428 90
m7 179 2 428 90
z 2 7 428 90
m7 203 2 428 90
B7 3 428 90
z 3 7 428 90
m7 179 3 8.714285714285714 89.57142857142857 0.35270289992223974
z 3 7 428 90
m7 203 3 8.714285714285714 89.57142857142857 0.35270289992223974
z 3 7 428 90
m7 142 3 8.714285714285714 89.57142857142857 0.35270289992223974
B8 2 100 122
z 2 8 100 122
m8 22 2 100 122
z 2 8 100 122
m8 64 2 100 122
z 2 8 100 122
m8 93 2 100 122
z 2 8 100 122
m8 106 2 100 122
z 2 8 100 122
m8 139 2 100 122
z 2 8 100 122
m8 155 2 100 122
z 2 8 100 122
m8 215 2 100 122
B9 0 432 418
z 0 9 432 418
m9 62 0 432 418
z 0 9 432 418
m9 111 0 432 418
z 0 9 432 418
m9 137 0 432 418
z 0 9 432 418
m9 178 0 432 418
z 0 9 432 418
m9 216 0 432 418
B9 2 432 418
z 2 9 432 418
m9 62 2 432 418
z 2 9 432 418
m9 111 2 432 418
z 2 9 432 418
m9 137 2 432 418
z 2 9 432 418
m9 178 2 432 418
z 2 9 432 418
m9 216 2 432 418
B9 3 432 418
z 3 9 432 418
m9 111 3 9.857142857142858 113.57142857142857 0.0
z 3 9 432 418
m9 137 3 9.857142857142858 113.57142857142857 0.0
B11 0 154 491
z 0 11 154 491
m11 39 0 154 491
z 0 11 154 491
m11 40 0 154 491
z 0 11 154 491
m11 218 0 154 491
B11 3 154 491
z 3 11 154 491
m11 21 3 9.428571428571429 103.14285714285715 6.70868576851533E-4
z 3 11 154 491
m11 42 3 9.428571428571429 103.14285714285715 6.70868576851533E-4
z 3 11 154 491
m11 80 3 9.428571428571429 103.14285714285715 6.70868576851533E-4
B17 0 231 486
z 0 17 231 486
m17 40 0 231 486
z 0 17 231 486
m17 218 0 231 486
B17 1 231 486
z 1 17 231 486
m17 40 1 231 486
z 1 17 231 486
m17 218 1 231 486
B17 2 231 486
z 2 17 231 486
m17 40 2 231 486
z 2 17 231 486
m17 218 2 231 486
B17 3 231 486
B18 2 28 156
z 2 18 28 156
m18 139 2 28 156
z 2 18 28 156
m18 155 2 28 156
B21 0 182 419
z 0 21 182 419
m21 39 0 182 419
z 0 21 182 419
m21 40 0 182 419
z 0 21 182 419
m21 218 0 182 419
B21 1 182 419
B21 2 182 419
z 2 21 182 419
m21 11 2 182 419
z 2 21 182 419
m21 39 2 182 419
z 2 21 182 419
m21 40 2 182 419
z 2 21 182 419
m21 218 2 182 419
B22 0 132 48
z 0 22 132 48
m22 188 0 132 48
z 0 22 132 48
m22 204 0 132 48
B22 1 132 48
z 1 22 132 48
m22 188 1 132 48
z 1 22 132 48
m22 204 1 132 48
B22 3 132 48
B25 0 454 419
z 0 25 454 419
m25 62 0 454 419
z 0 25 454 419
m25 79 0 454 419
z 0 25 454 419
m25 111 0 454 419
z 0 25 454 419
m25 137 0 454 419
z 0 25 454 419
m25 178 0 454 419
z 0 25 454 419
m25 191 0 454 419
z 0 25 454 419
m25 216 0 454 419
B25 2 454 419
z 2 25 454 419
m25 62 2 454 419
z 2 25 454 419
m25 79 2 454 419
z 2 25 454 419
m25 111 2 454 419
z 2 25 454 419
m25 137 2 454 419
z 2 25 454 419
m25 178 2 454 419
z 2 25 454 419
m25 191 2 454 419
z 2 25 454 419
m25 216 2 454 419
B25 3 454 419
z 3 25 454 419
m25 79 3 10.142857142857142 117.0 0.2522137141468899
z 3 25 454 419
m25 191 3 10.142857142857142 117.0 0.2522137141468899
z 3 25 454 419
m25 137 3 10.142857142857142 117.0 0.2522137141468899
z 3 25 454 419
m25 178 3 10.142857142857142 117.0 0.2522137141468899
z 3 25 454 419
m25 111 3 10.142857142857142 117.0 0.2522137141468899
B26 0 52 335
B26 1 52 335
B26 2 52 335
B32 0 498 75
z 0 32 498 75
m32 142 0 498 75
z 0 32 498 75
m32 180 0 498 75
z 0 32 498 75
m32 203 0 498 75
B32 1 498 75
z 1 32 498 75
m32 142 1 498 75
z 1 32 498 75
m32 180 1 498 75
z 1 32 498 75
m32 203 1 498 75
B32 2 498 75
B32 3 498 75
z 3 32 498 75
m32 87 3 8.285714285714286 84.85714285714286 0.31255519356751843
z 3 32 498 75
m32 180 3 8.285714285714286 84.85714285714286 0.31255519356751843
B34 1 438 176
B38 0 32 422
z 0 38 32 422
m38 112 0 32 422
B38 1 32 422
z 1 38 32 422
m38 112 1 32 422
B38 3 32 422
B42 0 102 446
z 0 42 102 446
m42 15 0 102 446
z 0 42 102 446
m42 39 0 102 446
B42 1 102 446
z 1 42 102 446
m42 11 1 102 446
z 1 42 102 446
m42 15 1 102 446
z 1 42 102 446
m42 39 1 102 446
B43 0 409 439
z 0 43 409 439
m43 62 0 409 439
z 0 43 409 439
m43 79 0 409 439
z 0 43 409 439
m43 137 0 409 439
z 0 43 409 439
m43 168 0 409 439
z 0 43 409 439
m43 178 0 409 439
z 0 43 409 439
m43 210 0 409 439
z 0 43 409 439
m43 216 0 409 439
B43 2 409 439
B43 3 409 439
z 3 43 409 439
m43 210 3 7.857142857142858 78.71428571428571 0.6064241871323853
z 3 43 409 439
m43 168 3 7.857142857142858 78.71428571428571 0.6064241871323853
z 3 43 409 439
m43 4 3 7.857142857142858 78.71428571428571 0.6064241871323853
z 3 43 409 439
m43 62 3 7.857142857142858 78.71428571428571 0.6064241871323853
z 3 43 409 439
m43 216 3 7.857142857142858 78.71428571428571 0.6064241871323853
z 3 43 409 439
m43 79 3 7.857142857142858 78.71428571428571 0.6064241871323853
z 3 43 409 439
m43 137 3 7.857142857142858 78.71428571428571 0.6064241871323853
B44 0 490 104
z 0 44 490 104
m44 203 0 490 104
B44 1 490 104
z 1 44 490 104
m44 203 1 490 104
B44 2 490 104
z 2 44 490 104
m44 203 2 490 104
B44 3 490 104
B46 2 124 369
z 2 46 124 369
m46 2 2 124 369
B48 0 315 29
B48 1 315 29
B48 2 315 29
B49 1 359 247
z 1 49 359 247
m49 169 1 359 247
B51 2 23 173
z 2 51 23 173
m51 139 2 23 173
B53 0 476 168
B53 1 476 168
B53 2 476 168
B53 3 476 168
B56 0 480 298
B56 2 480 298
B56 3 480 298
z 3 56 480 298
m56 197 3 8.285714285714285 91.71428571428571 1.0
B59 0 47 47
z 0 59 47 47
m59 35 0 47 47
z 0 59 47 47
m59 70 0 47 47
z 0 59 47 47
m59 157 0 47 47
z 0 59 47 47
m59 167 0 47 47
B59 1 47 47
z 1 59 47 47
m59 35 1 47 47
z 1 59 47 47
m59 70 1 47 47
z 1 59 47 47
m59 157 1 47 47
z 1 59 47 47
m59 167 1 47 47
B59 3 47 47
z 3 59 47 47
m59 35 3 9.571428571428571 104.42857142857143 0.0
B64 0 60 54
z 0 64 60 54
m64 157 0 60 54
z 0 64 60 54
m64 167 0 60 54
B64 1 60 54
z 1 64 60 54
m64 157 1 60 54
z 1 64 60 54
m64 167 1 60 54
B64 3 60 54
B66 0 419 389
z 0 66 419 389
m66 62 0 419 389
z 0 66 419 389
m66 111 0 419 389
z 0 66 419 389
m66 178 0 419 389
z 0 66 419 389
m66 216 0 419 389
B66 2 419 389
B66 3 419 389
z 3 66 419 389
m66 111 3 9.571428571428571 110.14285714285714 0.0
z 3 66 419 389
m66 216 3 9.571428571428571 110.14285714285714 0.0
B67 1 475 192
B68 1 390 300
z 1 68 390 300
m68 60 1 390 300
z 1 68 390 300
m68 98 1 390 300
z 1 68 390 300
m68 163 1 390 300
z 1 68 390 300
m68 169 1 390 300
z 1 68 390 300
m68 184 1 390 300
z 1 68 390 300
m68 190 1 390 300
z 1 68 390 300
m68 195 1 390 300
B71 0 128 49
z 0 71 128 49
m71 58 0 128 49
z 0 71 128 49
m71 122 0 128 49
z 0 71 128 49
m71 188 0 128 49
z 0 71 128 49
m71 204 0 128 49
B71 1 128 49
B71 3 128 49
z 3 71 128 49
m71 58 3 10.428571428571429 125.00000000000003 0.0
B72 0 285 494
B72 1 285 494
B72 2 285 494
B80 0 103 477
z 0 80 103 477
m80 15 0 103 477
z 0 80 103 477
m80 39 0 103 477
B80 1 103 477
z 1 80 103 477
m80 11 1 103 477
z 1 80 103 477
m80 15 1 103 477
z 1 80 103 477
m80 39 1 103 477
B81 0 128 33
z 0 81 128 33
m81 58 0 128 33
z 0 81 128 33
m81 188 0 128 33
z 0 81 128 33
m81 204 0 128 33
B81 1 128 33
z 1 81 128 33
m81 58 1 128 33
z 1 81 128 33
m81 188 1 128 33
z 1 81 128 33
m81 204 1 128 33
B81 3 128 33
B87 0 450 129
B87 1 450 129
B87 2 450 129
B89 2 113 73
z 2 89 113 73
m89 22 2 113 73
z 2 89 113 73
m89 59 2 113 73
z 2 89 113 73
m89 64 2 113 73
z 2 89 113 73
m89 71 2 113 73
z 2 89 113 73
m89 81 2 113 73
z 2 89 113 73
m89 93 2 113 73
z 2 89 113 73
m89 106 2 113 73
z 2 89 113 73
m89 144 2 113 73
z 2 89 113 73
m89 176 2 113 73
z 2 89 113 73
m89 215 2 113 73
B92 3 373 116
z 3 92 373 116
m92 87 3 7.857142857142858 82.71428571428571 1.0
B93 0 79 52
z 0 93 79 52
m93 35 0 79 52
z 0 93 79 52
m93 70 0 79 52
z 0 93 79 52
m93 157 0 79 52
z 0 93 79 52
m93 167 0 79 52
B93 1 79 52
z 1 93 79 52
m93 35 1 79 52
z 1 93 79 52
m93 70 1 79 52
z 1 93 79 52
m93 157 1 79 52
z 1 93 79 52
m93 167 1 79 52
B93 3 79 52
z 3 93 79 52
m93 70 3 9.571428571428571 104.42857142857143 0.0
B95 0 338 491
z 0 95 338 491
m95 79 0 338 491
z 0 95 338 491
m95 137 0 338 491
z 0 95 338 491
m95 168 0 338 491
z 0 95 338 491
m95 210 0 338 491
B95 1 338 491
z 1 95 338 491
m95 4 1 338 491
z 1 95 338 491
m95 79 1 338 491
z 1 95 338 491
m95 137 1 338 491
z 1 95 338 491
m95 168 1 338 491
z 1 95 338 491
m95 210 1 338 491
B95 2 338 491
z 2 95 338 491
m95 79 2 338 491
z 2 95 338 491
m95 137 2 338 491
z 2 95 338 491
m95 168 2 338 491
z 2 95 338 491
m95 210 2 338 491
B102 2 135 119
z 2 102 135 119
m102 215 2 135 119
B102 3 135 119
B106 0 44 60
z 0 106 44 60
m106 35 0 44 60
z 0 106 44 60
m106 70 0 44 60
z 0 106 44 60
m106 157 0 44 60
z 0 106 44 60
m106 167 0 44 60
B106 1 44 60
z 1 106 44 60
m106 35 1 44 60
z 1 106 44 60
m106 70 1 44 60
z 1 106 44 60
m106 157 1 44 60
z 1 106 44 60
m106 167 1 44 60
B106 3 44 60
z 3 106 44 60
m106 35 3 9.571428571428571 104.42857142857143 0.0
B107 1 313 280
z 1 107 313 280
m107 60 1 313 280
z 1 107 313 280
m107 163 1 313 280
B108 0 345 7
B108 1 345 7
B108 2 345 7
B110 0 462 440
z 0 110 462 440
m110 62 0 462 440
z 0 110 462 440
m110 79 0 462 440
z 0 110 462 440
m110 111 0 462 440
z 0 110 462 440
m110 137 0 462 440
z 0 110 462 440
m110 178 0 462 440
z 0 110 462 440
m110 191 0 462 440
z 0 110 462 440
m110 216 0 462 440
B110 2 462 440
z 2 110 462 440
m110 62 2 462 440
z 2 110 462 440
m110 79 2 462 440
z 2 110 462 440
m110 111 2 462 440
z 2 110 462 440
m110 137 2 462 440
z 2 110 462 440
m110 178 2 462 440
z 2 110 462 440
m110 191 2 462 440
z 2 110 462 440
m110 216 2 462 440
B110 3 462 440
z 3 110 462 440
m110 137 3 10.142857142857142 117.0 0.2522137141468899
z 3 110 462 440
m110 79 3 10.142857142857142 117.0 0.2522137141468899
z 3 110 462 440
m110 178 3 10.142857142857142 117.0 0.2522137141468899
z 3 110 462 440
m110 191 3 10.142857142857142 117.0 0.2522137141468899
z 3 110 462 440
m110 111 3 10.142857142857142 117.0 0.2522137141468899
B115 0 7 407
z 0 115 7 407
m115 112 0 7 407
B115 1 7 407
z 1 115 7 407
m115 112 1 7 407
B115 3 7 407
B118 1 424 298
z 1 118 424 298
m118 1 1 424 298
z 1 118 424 298
m118 14 1 424 298
z 1 118 424 298
m118 28 1 424 298
z 1 118 424 298
m118 55 1 424 298
z 1 118 424 298
m118 56 1 424 298
z 1 118 424 298
m118 60 1 424 298
z 1 118 424 298
m118 98 1 424 298
z 1 118 424 298
m118 104 1 424 298
z 1 118 424 298
m118 163 1 424 298
z 1 118 424 298
m118 169 1 424 298
z 1 118 424 298
m118 184 1 424 298
z 1 118 424 298
m118 190 1 424 298
z 1 118 424 298
m118 195 1 424 298
z 1 118 424 298
m118 197 1 424 298
B119 0 9 248
B119 1 9 248
B119 3 9 248
B120 0 244 450
z 0 120 244 450
m120 40 0 244 450
z 0 120 244 450
m120 218 0 244 450
B120 1 244 450
B120 2 244 450
z 2 120 244 450
m120 40 2 244 450
z 2 120 244 450
m120 218 2 244 450
B120 3 244 450
z 3 120 244 450
m120 21 3 8.142857142857142 85.0 0.0
B125 0 232 77
z 0 125 232 77
m125 20 0 232 77
B125 1 232 77
z 1 125 232 77
m125 20 1 232 77
B125 2 232 77
B125 3 232 77
z 3 125 232 77
m125 20 3 9.666666666666666 109.0 -1.0
B128 2 25 345
z 2 128 25 345
m128 27 2 25 345
B129 2 116 383
B131 2 146 377
B135 0 272 35
z 0 135 272 35
m135 58 0 272 35
z 0 135 272 35
m135 73 0 272 35
z 0 135 272 35
m135 122 0 272 35
z 0 135 272 35
m135 150 0 272 35
B135 1 272 35
z 1 135 272 35
m135 58 1 272 35
z 1 135 272 35
m135 73 1 272 35
z 1 135 272 35
m135 122 1 272 35
z 1 135 272 35
m135 150 1 272 35
B135 2 272 35
B143 0 490 345
B143 2 490 345
B143 3 490 345
z 3 143 490 345
m143 197 3 8.000000000000002 88.28571428571428 1.0
B144 0 117 24
z 0 144 117 24
m144 58 0 117 24
z 0 144 117 24
m144 188 0 117 24
z 0 144 117 24
m144 204 0 117 24
B144 1 117 24
z 1 144 117 24
m144 58 1 117 24
z 1 144 117 24
m144 188 1 117 24
z 1 144 117 24
m144 204 1 117 24
B144 3 117 24
B145 0 178 107
z 0 145 178 107
m145 20 0 178 107
B145 1 178 107
B145 2 178 107
B146 2 87 379
z 2 146 87 379
m146 2 2 87 379
z 2 146 87 379
m146 5 2 87 379
B152 3 92 298
B154 1 395 289
z 1 154 395 289
m154 60 1 395 289
z 1 154 395 289
m154 98 1 395 289
z 1 154 395 289
m154 163 1 395 289
z 1 154 395 289
m154 169 1 395 289
z 1 154 395 289
m154 184 1 395 289
z 1 154 395 289
m154 190 1 395 289
B155 0 41 87
B155 1 41 87
B155 3 41 87
B156 2 77 362
z 2 156 77 362
m156 2 2 77 362
z 2 156 77 362
m156 27 2 77 362
B156 3 77 362
z 3 156 77 362
m156 26 3 9.428571428571429 109.71428571428571 1.0
B171 1 436 232
z 1 171 436 232
m171 104 1 436 232
z 1 171 436 232
m171 169 1 436 232
z 1 171 436 232
m171 182 1 436 232
z 1 171 436 232
m171 197 1 436 232
z 1 171 436 232
m171 199 1 436 232
B173 0 371 385
z 0 173 371 385
m173 137 0 371 385
z 0 173 371 385
m173 178 0 371 385
B173 2 371 385
B173 3 371 385
B176 0 99 22
z 0 176 99 22
m176 167 0 99 22
z 0 176 99 22
m176 188 0 99 22
z 0 176 99 22
m176 204 0 99 22
B176 1 99 22
z 1 176 99 22
m176 167 1 99 22
z 1 176 99 22
m176 188 1 99 22
z 1 176 99 22
m176 204 1 99 22
B176 3 99 22
B181 2 2 165
z 2 181 2 165
m181 139 2 2 165
B182 0 488 245
B182 2 488 245
B182 3 488 245
z 3 182 488 245
m182 197 3 8.000000000000002 88.28571428571428 1.0
B183 0 485 317
B183 2 485 317
B183 3 485 317
z 3 183 485 317
m183 197 3 8.285714285714285 91.71428571428571 1.0
B197 0 466 285
B197 2 466 285
B205 2 134 48
z 2 205 134 48
m205 22 2 134 48
z 2 205 134 48
m205 59 2 134 48
z 2 205 134 48
m205 71 2 134 48
z 2 205 134 48
m205 81 2 134 48
z 2 205 134 48
m205 93 2 134 48
z 2 205 134 48
m205 144 2 134 48
z 2 205 134 48
m205 176 2 134 48
z 2 205 134 48
m205 188 2 134 48
z 2 205 134 48
m205 204 2 134 48
z 2 205 134 48
m205 215 2 134 48
B206 1 330 270
z 1 206 330 270
m206 163 1 330 270
B207 0 33 435
z 0 207 33 435
m207 15 0 33 435
z 0 207 33 435
m207 112 0 33 435
B207 1 33 435
z 1 207 33 435
m207 15 1 33 435
z 1 207 33 435
m207 112 1 33 435
B207 3 33 435
B209 1 287 296
B214 2 105 89
B215 0 83 80
z 0 215 83 80
m215 167 0 83 80
B215 1 83 80
B215 3 83 80
z 3 215 83 80
m215 167 3 9.142857142857142 102.28571428571428 1.0
B217 2 11 275
B1 1 467 350
B2 2 107 431
z 2 2 107 431
m2 38 2 107 431
z 2 2 107 431
m2 42 2 107 431
z 2 2 107 431
m2 80 2 107 431
z 2 2 107 431
m2 207 2 107 431
B4 1 344 458
z 1 4 344 458
m4 43 1 344 458
z 1 4 344 458
m4 178 1 344 458
z 1 4 344 458
m4 213 1 344 458
B4 3 344 458
z 3 4 344 458
m4 95 3 7.0 69.0 1.0
B5 2 44 409
z 2 5 44 409
m5 38 2 44 409
z 2 5 44 409
m5 112 2 44 409
z 2 5 44 409
m5 115 2 44 409
z 2 5 44 409
m5 207 2 44 409
B11 1 160 496
B11 2 160 496
z 2 11 160 496
m11 42 2 160 496
z 2 11 160 496
m11 80 2 160 496
B14 1 448 299
B15 0 22 498
B15 1 22 498
B21 3 177 407
B22 2 144 48
z 2 22 144 48
m22 58 2 144 48
z 2 22 144 48
m22 122 2 144 48
B26 3 62 329
B27 2 26 335
B28 1 478 321
z 1 28 478 321
m28 143 1 478 321
z 1 28 478 321
m28 183 1 478 321
B35 0 22 12
B35 1 22 12
B35 3 22 12
z 3 35 22 12
m35 157 3 8.5 91.5 1.0
B39 0 127 452
B39 1 127 452
B39 2 127 452
B40 0 198 463
B40 1 198 463
B40 2 198 463
B42 3 113 442
B55 1 444 379
B56 1 472 289
z 1 56 472 289
m56 143 1 472 289
z 1 56 472 289
m56 183 1 472 289
B58 0 185 16
z 0 58 185 16
m58 208 0 185 16
B58 1 185 16
z 1 58 185 16
m58 208 1 185 16
B58 3 185 16
z 3 58 185 16
m58 150 3 10.0 115.50000000000003 0.0
z 3 58 185 16
m58 73 3 10.0 115.50000000000003 0.0
z 3 58 185 16
m58 208 3 10.0 115.50000000000003 0.0
B59 2 35 43
B60 1 355 348
z 1 60 355 348
m60 66 1 355 348
z 1 60 355 348
m60 173 1 355 348
z 1 60 355 348
m60 213 1 355 348
B62 0 447 425
B62 2 447 425
B62 3 447 425
B64 2 69 46
z 2 64 69 46
m64 157 2 69 46
z 2 64 69 46
m64 167 2 69 46
B70 0 13 18
B70 1 13 18
B70 3 13 18
z 3 70 13 18
m70 157 3 8.5 91.5 1.0
B71 2 125 61
z 2 71 125 61
m71 58 2 125 61
z 2 71 125 61
m71 122 2 125 61
B73 0 243 44
z 0 73 243 44
m73 20 0 243 44
B73 1 243 44
z 1 73 243 44
m73 20 1 243 44
B79 0 405 492
B79 1 405 492
z 1 79 405 492
m79 43 1 405 492
z 1 79 405 492
m79 178 1 405 492
z 1 79 405 492
m79 216 1 405 492
B79 2 405 492
B79 3 405 492
B80 3 101 489
B81 2 140 36
z 2 81 140 36
m81 58 2 140 36
z 2 81 140 36
m81 122 2 140 36
B87 3 444 118
z 3 87 444 118
m87 3 3 7.375000000000001 74.375 1.0
B93 2 91 51
z 2 93 91 51
m93 157 2 91 51
z 2 93 91 51
m93 167 2 91 51
B98 1 392 320
B104 1 484 297
z 1 104 484 297
m104 143 1 484 297
z 1 104 484 297
m104 183 1 484 297
B106 2 51 50
z 2 106 51 50
m106 35 2 51 50
z 2 106 51 50
m106 70 2 51 50
z 2 106 51 50
m106 157 2 51 50
z 2 106 51 50
m106 167 2 51 50
B111 0 487 410
B111 2 487 410
B111 3 487 410
B112 0 22 409
B112 1 22 409
B122 0 182 48
z 0 122 182 48
m122 162 0 182 48
z 0 122 182 48
m122 208 0 182 48
B122 1 182 48
B137 0 378 431
B137 1 378 431
z 1 137 378 431
m137 9 1 378 431
z 1 137 378 431
m137 43 1 378 431
z 1 137 378 431
m137 173 1 378 431
z 1 137 378 431
m137 178 1 378 431
z 1 137 378 431
m137 213 1 378 431
B137 2 378 431
B137 3 378 431
z 3 137 378 431
m137 95 3 8.75 99.5 1.0
B139 2 41 144
B141 0 421 58
B141 1 421 58
B141 2 421 58
z 2 141 421 58
m141 180 2 421 58
B142 0 454 50
B142 1 454 50
B142 2 454 50
z 2 142 454 50
m142 180 2 454 50
B142 3 454 50
z 3 142 454 50
m142 141 3 7.749999999999999 78.5 1.0
B144 2 106 20
B150 0 250 55
z 0 150 250 55
m150 20 0 250 55
B150 1 250 55
z 1 150 250 55
m150 20 1 250 55
B155 2 48 77
z 2 155 48 77
m155 157 2 48 77
z 2 155 48 77
m155 167 2 48 77
B157 0 27 32
B157 1 27 32
B163 1 399 335
B167 0 7 40
B167 1 7 40
B167 3 7 40
z 3 167 7 40
m167 157 3 8.125 89.625 1.0
B168 0 379 499
B168 1 379 499
z 1 168 379 499
m168 43 1 379 499
z 1 168 379 499
m168 178 1 379 499
B168 2 379 499
B168 3 379 499
z 3 168 379 499
m168 95 3 7.0 69.0 1.0
B169 1 448 260
B176 2 95 11
B178 0 389 409
B178 2 389 409
B178 3 389 409
B179 0 456 3
B179 1 456 3
B179 2 456 3
B179 3 456 3
z 3 179 456 3
m179 141 3 7.749999999999999 78.5 1.0
B180 0 478 6
B180 1 478 6
B180 3 478 6
z 3 180 478 6
m180 141 3 7.375000000000001 74.375 1.0
B182 1 479 237
z 1 182 479 237
m182 183 1 479 237
B184 1 459 325
z 1 184 459 325
m184 132 1 459 325
z 1 184 459 325
m184 143 1 459 325
z 1 184 459 325
m184 183 1 459 325
B188 0 143 13
B188 1 143 13
B188 2 143 13
B190 1 392 296
B191 0 499 485
B191 2 499 485
B191 3 499 485
B195 1 441 331
z 1 195 441 331
m195 66 1 441 331
z 1 195 441 331
m195 132 1 441 331
z 1 195 441 331
m195 143 1 441 331
z 1 195 441 331
m195 183 1 441 331
B197 1 455 289
z 1 197 455 289
m197 143 1 455 289
z 1 197 455 289
m197 183 1 455 289
B197 3 455 289
B199 1 495 263
z 1 199 495 263
m199 183 1 495 263
B203 0 489 80
B203 1 489 80
B203 2 489 80
B203 3 489 80
B204 0 127 23
B204 1 127 23
B204 2 127 23
z 2 204 127 23
m204 58 2 127 23
z 2 204 127 23
m204 122 2 127 23
B210 0 367 487
B210 1 367 487
z 1 210 367 487
m210 43 1 367 487
B210 2 367 487
B210 3 367 487
z 3 210 367 487
m210 95 3 7.0 69.0 1.0
B215 2 94 82
B216 0 465 461
B216 2 465 461
B216 3 465 461
B218 0 176 471
B218 1 176 471
B218 2 176 471
B3 3 431 199
B9 1 413 403
z 1 9 413 403
m9 25 1 413 403
z 1 9 413 403
m9 62 1 413 403
z 1 9 413 403
m9 110 1 413 403
z 1 9 413 403
m9 111 1 413 403
B35 2 21 24
B38 2 56 425
B42 2 124 438
B43 1 432 447
z 1 43 432 447
m43 25 1 432 447
z 1 43 432 447
m43 62 1 432 447
z 1 43 432 447
m43 110 1 432 447
z 1 43 432 447
m43 111 1 432 447
B58 2 182 5
z 2 58 182 5
m58 208 2 182 5
B66 1 399 376
z 1 66 399 376
m66 25 1 399 376
z 1 66 399 376
m66 62 1 399 376
B70 2 10 30
B73 3 254 49
B80 2 99 496
B95 3 317 478
z 3 95 317 478
m95 72 3 6.333333333333333 61.44444444444445 1.0
B112 2 30 400
B115 2 28 418
B122 2 174 39
B132 1 425 389
B141 3 418 70
B143 1 484 368
z 1 143 484 368
m143 111 1 484 368
B150 3 258 63
B157 2 32 42
B157 3 32 42
B162 0 175 97
z 0 162 175 97
m162 20 0 175 97
B167 2 2 46
B173 1 353 368
B178 1 383 399
z 1 178 383 399
m178 62 1 383 399
B180 2 475 4
B183 1 471 298
B207 2 54 447
B208 0 243 53
z 0 208 243 53
m208 20 0 243 53
B208 1 243 53
z 1 208 243 53
m208 20 1 243 53
B208 3 243 53
z 3 208 243 53
m208 20 3 10.0 115.50000000000003 -1.0
B213 1 324 412
B216 1 477 462
B25 1 489 408
B62 1 424 432
z 1 62 424 432
m62 191 1 424 432
B72 3 300 487
B110 1 483 469
z 1 110 483 469
m110 191 1 483 469
B111 1 463 413
B208 2 255 51
B191 1 469 464
