38 231 65 27
s 0 352 131 294 0
s 1 408 160 146 0
s 2 214 256 269 0
s 3 140 185 60 0
s 4 216 440 264 0
s 5 290 103 200 0
s 6 113 454 174 0
s 7 169 168 100 0
s 8 78 139 52 0
s 9 303 348 113 0
s 10 198 28 293 0
s 11 24 395 97 0
s 12 181 324 225 0
s 13 260 13 234 0
s 14 78 220 350 0
s 15 166 494 82 0
s 16 39 193 271 0
s 17 299 375 103 0
s 18 232 221 176 0
s 19 75 33 267 0
s 20 86 322 11 0
s 21 130 96 346 0
s 22 299 269 187 0
s 23 225 184 288 0
s 24 65 27 210 0
s 25 385 207 83 0
s 26 96 222 113 0
s 27 4 325 354 0
s 28 57 255 156 0
s 29 128 25 336 0
s 30 84 302 168 0
s 31 218 286 151 0
s 32 222 185 281 0
s 33 288 164 301 0
s 34 32 120 300 0
s 35 413 74 117 0
s 36 413 279 30 0
s 37 446 218 355 0
s 38 455 464 95 0
s 39 232 274 111 0
s 40 402 483 328 0
s 41 338 112 251 0
s 42 375 464 284 0
s 43 399 436 52 0
s 44 60 66 77 0
s 45 328 40 50 0
s 46 258 349 222 0
s 47 87 72 317 0
s 48 376 247 281 0
s 49 239 271 246 0
s 50 431 339 37 0
s 51 37 465 294 0
s 52 254 274 285 0
s 53 63 8 302 0
s 54 35 56 96 0
s 55 177 315 275 0
s 56 51 14 16 0
s 57 397 319 5 0
s 58 17 376 241 0
s 59 306 247 12 0
s 60 334 310 297 0
s 61 341 8 294 0
s 62 363 200 207 0
s 63 30 1 272 0
s 64 342 14 257 0
s 65 85 133 119 0
s 66 196 391 134 0
s 67 150 143 67 0
s 68 105 7 357 0
s 69 78 167 185 0
s 70 36 394 103 0
s 71 66 335 10 0
s 72 154 361 168 0
s 73 347 113 357 0
s 74 399 13 70 0
s 75 469 225 221 0
s 76 203 473 179 0
s 77 412 150 46 0
s 78 67 379 85 0
s 79 190 193 131 0
s 80 118 15 327 0
s 81 176 165 356 0
s 82 205 247 60 0
s 83 499 146 327 0
s 84 403 465 296 0
s 85 219 255 94 0
s 86 112 63 339 0
s 87 462 239 272 0
s 88 358 202 187 0
s 89 113 41 78 0
s 90 221 92 148 0
s 91 113 296 315 0
s 92 428 302 127 0
s 93 120 331 200 0
s 94 53 377 285 0
s 95 212 368 298 0
s 96 151 101 310 0
s 97 55 374 233 0
s 98 86 398 162 0
s 99 255 235 47 0
s 100 473 443 148 0
s 101 61 160 283 0
s 102 103 482 238 0
s 103 113 279 296 0
s 104 21 238 45 0
s 105 165 340 46 0
s 106 289 336 106 0
s 107 302 6 243 0
s 108 277 455 145 0
s 109 191 54 318 0
s 110 406 484 290 0
s 111 317 82 217 0
s 112 390 141 338 0
s 113 425 43 314 0
s 114 80 420 334 0
s 115 291 53 270 0
s 116 166 276 3 0
s 117 374 73 34 0
s 118 237 418 149 0
s 119 415 497 358 0
s 120 50 444 50 0
s 121 477 310 247 0
s 122 403 191 210 0
s 123 79 115 264 0
s 124 180 245 134 0
s 125 308 353 341 0
s 126 56 436 137 0
s 127 92 312 166 0
s 128 353 256 231 0
s 129 38 231 51 0
s 130 390 278 73 0
s 131 111 70 153 0
s 132 453 33 187 0
s 133 333 220 176 0
s 134 239 193 19 0
s 135 466 391 223 0
s 136 127 217 342 0
s 137 289 389 246 0
s 138 95 161 192 0
s 139 120 340 215 0
s 140 195 226 0 0
s 141 160 308 273 0
s 142 3 116 102 0
s 143 247 152 186 0
s 144 452 318 234 0
s 145 269 359 320 0
s 146 250 131 354 0
s 147 179 81 179 0
s 148 212 422 95 0
s 149 346 110 289 0
s 150 109 317 117 0
s 151 456 70 142 0
s 152 72 164 166 0
s 153 428 174 175 0
s 154 477 9 330 0
s 155 177 30 107 0
s 156 50 358 117 0
s 157 493 451 158 0
s 158 85 58 132 0
s 159 76 356 219 0
B129 0 40 233
z 0 129 40 233
m129 14 0 40 233
z 0 129 40 233
m129 16 0 40 233
z 0 129 40 233
m129 26 0 40 233
z 0 129 40 233
m129 28 0 40 233
z 0 129 40 233
m129 104 0 40 233
B129 1 40 233
z 1 129 40 233
m129 14 1 40 233
z 1 129 40 233
m129 16 1 40 233
z 1 129 40 233
m129 26 1 40 233
z 1 129 40 233
m129 28 1 40 233
z 1 129 40 233
m129 104 1 40 233
B129 2 40 233
z 2 129 40 233
m129 14 2 40 233
z 2 129 40 233
m129 16 2 40 233
z 2 129 40 233
m129 26 2 40 233
z 2 129 40 233
m129 28 2 40 233
z 2 129 40 233
m129 104 2 40 233
B129 3 40 233
z 3 129 40 233
m129 14 3 5.0 25.0 1.0
z 3 129 40 233
m129 16 3 5.0 25.0 1.0
z 3 129 40 233
m129 26 3 5.0 25.0 1.0
z 3 129 40 233
m129 28 3 5.0 25.0 1.0
z 3 129 40 233
m129 104 3 5.0 25.0 1.0
B14 0 81 220
z 0 14 81 220
m14 3 0 81 220
z 0 14 81 220
m14 69 0 81 220
z 0 14 81 220
m14 101 0 81 220
z 0 14 81 220
m14 103 0 81 220
z 0 14 81 220
m14 136 0 81 220
z 0 14 81 220
m14 138 0 81 220
z 0 14 81 220
m14 152 0 81 220
B14 1 81 220
B14 2 81 220
z 2 14 81 220
m14 3 2 81 220
z 2 14 81 220
m14 69 2 81 220
z 2 14 81 220
m14 101 2 81 220
z 2 14 81 220
m14 103 2 81 220
z 2 14 81 220
m14 136 2 81 220
z 2 14 81 220
m14 138 2 81 220
z 2 14 81 220
m14 152 2 81 220
B14 3 81 220
z 3 14 81 220
m14 3 3 5.666666666666667 33.0 1.0
z 3 14 81 220
m14 69 3 5.666666666666667 33.0 1.0
z 3 14 81 220
m14 101 3 5.666666666666667 33.0 1.0
z 3 14 81 220
m14 103 3 5.666666666666667 33.0 1.0
z 3 14 81 220
m14 136 3 5.666666666666667 33.0 1.0
z 3 14 81 220
m14 138 3 5.666666666666667 33.0 1.0
z 3 14 81 220
m14 152 3 5.666666666666667 33.0 1.0
B16 0 39 190
z 0 16 39 190
m16 8 0 39 190
z 0 16 39 190
m16 34 0 39 190
z 0 16 39 190
m16 65 0 39 190
B16 1 39 190
z 1 16 39 190
m16 8 1 39 190
z 1 16 39 190
m16 34 1 39 190
z 1 16 39 190
m16 65 1 39 190
z 1 16 39 190
m16 69 1 39 190
z 1 16 39 190
m16 101 1 39 190
z 1 16 39 190
m16 138 1 39 190
z 1 16 39 190
m16 152 1 39 190
B16 2 39 190
z 2 16 39 190
m16 8 2 39 190
z 2 16 39 190
m16 34 2 39 190
z 2 16 39 190
m16 65 2 39 190
B16 3 39 190
z 3 16 39 190
m16 34 3 4.333333333333334 19.666666666666668 0.8205128205128207
z 3 16 39 190
m16 65 3 4.333333333333334 19.666666666666668 0.8205128205128207
z 3 16 39 190
m16 8 3 4.333333333333334 19.666666666666668 0.8205128205128207
B26 0 95 224
z 0 26 95 224
m26 91 0 95 224
B26 1 95 224
B26 2 95 224
z 2 26 95 224
m26 91 2 95 224
B26 3 95 224
z 3 26 95 224
m26 91 3 3.666666666666667 17.0 1.0
B28 0 54 256
z 0 28 54 256
m28 30 0 54 256
z 0 28 54 256
m28 127 0 54 256
B28 1 54 256
z 1 28 54 256
m28 30 1 54 256
z 1 28 54 256
m28 91 1 54 256
z 1 28 54 256
m28 103 1 54 256
z 1 28 54 256
m28 127 1 54 256
B28 2 54 256
z 2 28 54 256
m28 30 2 54 256
z 2 28 54 256
m28 127 2 54 256
B28 3 54 256
B104 0 23 240
B104 1 23 240
B104 2 23 240
B104 3 23 240
B3 0 142 189
z 0 3 142 189
m3 7 0 142 189
z 0 3 142 189
m3 67 0 142 189
z 0 3 142 189
m3 79 0 142 189
z 0 3 142 189
m3 81 0 142 189
z 0 3 142 189
m3 124 0 142 189
z 0 3 142 189
m3 140 0 142 189
B3 2 142 189
z 2 3 142 189
m3 7 2 142 189
z 2 3 142 189
m3 67 2 142 189
z 2 3 142 189
m3 79 2 142 189
z 2 3 142 189
m3 81 2 142 189
z 2 3 142 189
m3 124 2 142 189
z 2 3 142 189
m3 140 2 142 189
B3 3 142 189
z 3 3 142 189
m3 124 3 5.75 33.75 0.8221986567691761
z 3 3 142 189
m3 140 3 5.75 33.75 0.8221986567691761
z 3 3 142 189
m3 79 3 5.75 33.75 0.8221986567691761
z 3 3 142 189
m3 81 3 5.75 33.75 0.8221986567691761
z 3 3 142 189
m3 67 3 5.75 33.75 0.8221986567691761
z 3 3 142 189
m3 7 3 5.75 33.75 0.8221986567691761
B8 0 80 142
z 0 8 80 142
m8 21 0 80 142
z 0 8 80 142
m8 44 0 80 142
z 0 8 80 142
m8 47 0 80 142
z 0 8 80 142
m8 123 0 80 142
B8 1 80 142
z 1 8 80 142
m8 21 1 80 142
z 1 8 80 142
m8 44 1 80 142
z 1 8 80 142
m8 47 1 80 142
z 1 8 80 142
m8 67 1 80 142
z 1 8 80 142
m8 123 1 80 142
B8 2 80 142
z 2 8 80 142
m8 21 2 80 142
z 2 8 80 142
m8 44 2 80 142
z 2 8 80 142
m8 47 2 80 142
z 2 8 80 142
m8 123 2 80 142
B8 3 80 142
z 3 8 80 142
m8 21 3 4.25 18.75 1.0
z 3 8 80 142
m8 44 3 4.25 18.75 1.0
z 3 8 80 142
m8 47 3 4.25 18.75 1.0
z 3 8 80 142
m8 123 3 4.25 18.75 1.0
B30 0 80 303
z 0 30 80 303
m30 20 0 80 303
z 0 30 80 303
m30 71 0 80 303
z 0 30 80 303
m30 93 0 80 303
z 0 30 80 303
m30 94 0 80 303
z 0 30 80 303
m30 97 0 80 303
z 0 30 80 303
m30 139 0 80 303
z 0 30 80 303
m30 150 0 80 303
z 0 30 80 303
m30 156 0 80 303
z 0 30 80 303
m30 159 0 80 303
B30 1 80 303
z 1 30 80 303
m30 20 1 80 303
z 1 30 80 303
m30 71 1 80 303
z 1 30 80 303
m30 93 1 80 303
z 1 30 80 303
m30 94 1 80 303
z 1 30 80 303
m30 97 1 80 303
z 1 30 80 303
m30 139 1 80 303
z 1 30 80 303
m30 150 1 80 303
z 1 30 80 303
m30 156 1 80 303
z 1 30 80 303
m30 159 1 80 303
B30 2 80 303
B34 0 34 117
z 0 34 34 117
m34 54 0 34 117
z 0 34 34 117
m34 142 0 34 117
z 0 34 34 117
m34 158 0 34 117
B34 1 34 117
z 1 34 34 117
m34 54 1 34 117
z 1 34 34 117
m34 142 1 34 117
z 1 34 34 117
m34 158 1 34 117
B34 2 34 117
B34 3 34 117
z 3 34 34 117
m34 158 3 4.0 17.0 0.887402452619844
z 3 34 34 117
m34 54 3 4.0 17.0 0.887402452619844
z 3 34 34 117
m34 142 3 4.0 17.0 0.887402452619844
B65 0 83 136
z 0 65 83 136
m65 131 0 83 136
B65 1 83 136
z 1 65 83 136
m65 131 1 83 136
B65 2 83 136
z 2 65 83 136
m65 131 2 83 136
B65 3 83 136
z 3 65 83 136
m65 131 3 3.5000000000000004 15.0 1.0
B69 0 74 167
B69 1 74 167
B69 2 74 167
B69 3 74 167
B91 0 116 293
z 0 91 116 293
m91 12 0 116 293
z 0 91 116 293
m91 55 0 116 293
z 0 91 116 293
m91 105 0 116 293
z 0 91 116 293
m91 116 0 116 293
z 0 91 116 293
m91 141 0 116 293
B91 1 116 293
z 1 91 116 293
m91 12 1 116 293
z 1 91 116 293
m91 55 1 116 293
z 1 91 116 293
m91 105 1 116 293
z 1 91 116 293
m91 116 1 116 293
z 1 91 116 293
m91 141 1 116 293
B91 2 116 293
z 2 91 116 293
m91 12 2 116 293
z 2 91 116 293
m91 20 2 116 293
z 2 91 116 293
m91 55 2 116 293
z 2 91 116 293
m91 71 2 116 293
z 2 91 116 293
m91 93 2 116 293
z 2 91 116 293
m91 105 2 116 293
z 2 91 116 293
m91 116 2 116 293
z 2 91 116 293
m91 139 2 116 293
z 2 91 116 293
m91 141 2 116 293
z 2 91 116 293
m91 150 2 116 293
z 2 91 116 293
m91 159 2 116 293
B91 3 116 293
z 3 91 116 293
m91 12 3 6.0 55.0 1.0
z 3 91 116 293
m91 20 3 6.0 55.0 1.0
z 3 91 116 293
m91 30 3 6.0 55.0 1.0
z 3 91 116 293
m91 55 3 6.0 55.0 1.0
z 3 91 116 293
m91 71 3 6.0 55.0 1.0
z 3 91 116 293
m91 93 3 6.0 55.0 1.0
z 3 91 116 293
m91 105 3 6.0 55.0 1.0
z 3 91 116 293
m91 116 3 6.0 55.0 1.0
z 3 91 116 293
m91 127 3 6.0 55.0 1.0
z 3 91 116 293
m91 139 3 6.0 55.0 1.0
z 3 91 116 293
m91 141 3 6.0 55.0 1.0
z 3 91 116 293
m91 150 3 6.0 55.0 1.0
z 3 91 116 293
m91 159 3 6.0 55.0 1.0
B101 0 62 156
B101 1 62 156
B101 2 62 156
B101 3 62 156
B103 0 115 276
B103 1 115 276
B103 2 115 276
B103 3 115 276
B127 0 89 313
z 0 127 89 313
m127 78 0 89 313
B127 1 89 313
B127 2 89 313
z 2 127 89 313
m127 78 2 89 313
z 2 127 89 313
m127 94 2 89 313
z 2 127 89 313
m127 97 2 89 313
z 2 127 89 313
m127 156 2 89 313
B136 0 131 215
B136 2 131 215
B136 3 131 215
B138 0 91 160
B138 1 91 160
z 1 138 91 160
m138 3 1 91 160
z 1 138 91 160
m138 136 1 91 160
B138 2 91 160
B138 3 91 160
B152 0 69 164
B152 1 69 164
B152 2 69 164
B152 3 69 164
B3 1 143 190
z 1 3 143 190
m3 7 1 143 190
z 1 3 143 190
m3 79 1 143 190
z 1 3 143 190
m3 81 1 143 190
z 1 3 143 190
m3 124 1 143 190
z 1 3 143 190
m3 140 1 143 190
B7 0 168 173
z 0 7 168 173
m7 23 0 168 173
z 0 7 168 173
m7 32 0 168 173
B7 2 168 173
B7 3 168 173
B12 0 178 321
z 0 12 178 321
m12 31 0 178 321
z 0 12 178 321
m12 39 0 178 321
z 0 12 178 321
m12 72 0 178 321
z 0 12 178 321
m12 85 0 178 321
z 0 12 178 321
m12 95 0 178 321
B12 1 178 321
z 1 12 178 321
m12 31 1 178 321
z 1 12 178 321
m12 39 1 178 321
z 1 12 178 321
m12 72 1 178 321
z 1 12 178 321
m12 85 1 178 321
z 1 12 178 321
m12 95 1 178 321
B12 2 178 321
B12 3 178 321
z 3 12 178 321
m12 85 3 5.8 49.0 0.0
B20 0 91 323
B20 1 91 323
z 1 20 91 323
m20 78 1 91 323
B20 2 91 323
z 2 20 91 323
m20 72 2 91 323
B20 3 91 323
z 3 20 91 323
m20 72 3 5.8 49.0 0.0
B21 0 135 95
z 0 21 135 95
m21 29 0 135 95
z 0 21 135 95
m21 86 0 135 95
z 0 21 135 95
m21 89 0 135 95
z 0 21 135 95
m21 96 0 135 95
z 0 21 135 95
m21 109 0 135 95
z 0 21 135 95
m21 147 0 135 95
z 0 21 135 95
m21 155 0 135 95
B21 1 135 95
z 1 21 135 95
m21 29 1 135 95
z 1 21 135 95
m21 86 1 135 95
z 1 21 135 95
m21 89 1 135 95
z 1 21 135 95
m21 96 1 135 95
z 1 21 135 95
m21 109 1 135 95
z 1 21 135 95
m21 147 1 135 95
z 1 21 135 95
m21 155 1 135 95
B21 2 135 95
z 2 21 135 95
m21 29 2 135 95
z 2 21 135 95
m21 86 2 135 95
z 2 21 135 95
m21 89 2 135 95
z 2 21 135 95
m21 96 2 135 95
z 2 21 135 95
m21 109 2 135 95
z 2 21 135 95
m21 147 2 135 95
z 2 21 135 95
m21 155 2 135 95
z 2 21 135 95
m21 158 2 135 95
B21 3 135 95
z 3 21 135 95
m21 29 3 4.8 24.8 1.0
z 3 21 135 95
m21 86 3 4.8 24.8 1.0
z 3 21 135 95
m21 89 3 4.8 24.8 1.0
z 3 21 135 95
m21 96 3 4.8 24.8 1.0
z 3 21 135 95
m21 109 3 4.8 24.8 1.0
z 3 21 135 95
m21 147 3 4.8 24.8 1.0
z 3 21 135 95
m21 155 3 4.8 24.8 1.0
B30 3 79 303
B44 0 61 71
z 0 44 61 71
m44 24 0 61 71
B44 1 61 71
z 1 44 61 71
m44 24 1 61 71
B44 2 61 71
z 2 44 61 71
m44 24 2 61 71
B44 3 61 71
z 3 44 61 71
m44 24 3 4.25 18.75 -1.0
B47 0 90 68
z 0 47 90 68
m47 24 0 90 68
B47 1 90 68
z 1 47 90 68
m47 24 1 90 68
B47 2 90 68
B47 3 90 68
z 3 47 90 68
m47 24 3 4.25 18.75 -1.0
B54 0 34 61
z 0 54 34 61
m54 24 0 34 61
B54 1 34 61
z 1 54 34 61
m54 24 1 34 61
B54 3 34 61
z 3 54 34 61
m54 24 3 4.0 17.0 -1.0
B55 0 177 310
z 0 55 177 310
m55 2 0 177 310
z 0 55 177 310
m55 49 0 177 310
z 0 55 177 310
m55 82 0 177 310
B55 1 177 310
z 1 55 177 310
m55 2 1 177 310
z 1 55 177 310
m55 49 1 177 310
z 1 55 177 310
m55 82 1 177 310
B55 2 177 310
z 2 55 177 310
m55 2 2 177 310
z 2 55 177 310
m55 31 2 177 310
z 2 55 177 310
m55 39 2 177 310
z 2 55 177 310
m55 49 2 177 310
z 2 55 177 310
m55 82 2 177 310
z 2 55 177 310
m55 85 2 177 310
z 2 55 177 310
m55 95 2 177 310
B55 3 177 310
z 3 55 177 310
m55 49 3 6.0 51.2 0.001360544217686721
z 3 55 177 310
m55 2 3 6.0 51.2 0.001360544217686721
z 3 55 177 310
m55 82 3 6.0 51.2 0.001360544217686721
B67 0 152 147
B67 1 152 147
B67 2 152 147
B67 3 152 147
B71 0 71 336
z 0 71 71 336
m71 27 0 71 336
z 0 71 71 336
m71 58 0 71 336
z 0 71 71 336
m71 70 0 71 336
z 0 71 71 336
m71 98 0 71 336
B71 1 71 336
z 1 71 71 336
m71 27 1 71 336
z 1 71 71 336
m71 58 1 71 336
z 1 71 71 336
m71 70 1 71 336
z 1 71 71 336
m71 98 1 71 336
B71 2 71 336
z 2 71 71 336
m71 27 2 71 336
z 2 71 71 336
m71 58 2 71 336
z 2 71 71 336
m71 70 2 71 336
z 2 71 71 336
m71 98 2 71 336
B71 3 71 336
z 3 71 71 336
m71 70 3 6.4 56.8 0.4330357142857142
z 3 71 71 336
m71 58 3 6.4 56.8 0.4330357142857142
z 3 71 71 336
m71 98 3 6.4 56.8 0.4330357142857142
z 3 71 71 336
m71 27 3 6.4 56.8 0.4330357142857142
z 3 71 71 336
m71 78 3 6.4 56.8 0.4330357142857142
z 3 71 71 336
m71 94 3 6.4 56.8 0.4330357142857142
B78 0 68 384
z 0 78 68 384
m78 11 0 68 384
z 0 78 68 384
m78 114 0 68 384
z 0 78 68 384
m78 120 0 68 384
z 0 78 68 384
m78 126 0 68 384
B78 2 68 384
z 2 78 68 384
m78 11 2 68 384
z 2 78 68 384
m78 114 2 68 384
z 2 78 68 384
m78 120 2 68 384
z 2 78 68 384
m78 126 2 68 384
B79 0 187 197
z 0 79 187 197
m79 18 0 187 197
z 0 79 187 197
m79 134 0 187 197
z 0 79 187 197
m79 143 0 187 197
B79 2 187 197
z 2 79 187 197
m79 18 2 187 197
z 2 79 187 197
m79 23 2 187 197
z 2 79 187 197
m79 32 2 187 197
z 2 79 187 197
m79 134 2 187 197
z 2 79 187 197
m79 143 2 187 197
B79 3 187 197
z 3 79 187 197
m79 143 3 5.6 32.0 0.68922060871008
z 3 79 187 197
m79 134 3 5.6 32.0 0.68922060871008
z 3 79 187 197
m79 18 3 5.6 32.0 0.68922060871008
z 3 79 187 197
m79 23 3 5.6 32.0 0.68922060871008
B81 0 181 164
B81 2 181 164
B81 3 181 164
z 3 81 181 164
m81 32 3 4.8 27.2 1.0
B93 0 115 329
B93 1 115 329
B93 2 115 329
B93 3 115 329
B94 0 54 372
B94 1 54 372
z 1 94 54 372
m94 11 1 54 372
z 1 94 54 372
m94 114 1 54 372
z 1 94 54 372
m94 126 1 54 372
B94 2 54 372
B97 0 52 370
B97 1 52 370
B97 2 52 370
B105 0 169 344
z 0 105 169 344
m105 66 0 169 344
B105 1 169 344
z 1 105 169 344
m105 66 1 169 344
B105 2 169 344
B105 3 169 344
B116 0 171 277
B116 1 171 277
B116 2 171 277
B116 3 171 277
B123 0 78 110
B123 1 78 110
B123 2 78 110
z 2 123 78 110
m123 54 2 78 110
B123 3 78 110
B124 0 176 249
B124 2 176 249
B124 3 176 249
B127 3 88 313
B131 0 106 72
z 0 131 106 72
m131 24 0 106 72
B131 1 106 72
z 1 131 106 72
m131 24 1 106 72
B131 2 106 72
z 2 131 106 72
m131 24 2 106 72
B131 3 106 72
z 3 131 106 72
m131 24 3 3.5000000000000004 15.0 -1.0
B136 1 132 215
B139 0 116 337
B139 1 116 337
B139 2 116 337
B139 3 116 337
B140 0 200 226
z 0 140 200 226
m140 52 0 200 226
z 0 140 200 226
m140 99 0 200 226
B140 2 200 226
z 2 140 200 226
m140 52 2 200 226
z 2 140 200 226
m140 99 2 200 226
B140 3 200 226
z 3 140 200 226
m140 52 3 5.3999999999999995 30.2 0.4812472296565612
z 3 140 200 226
m140 31 3 5.3999999999999995 30.2 0.4812472296565612
B141 0 160 303
B141 1 160 303
B141 2 160 303
B141 3 160 303
z 3 141 160 303
m141 39 3 5.0 44.2 1.0
B142 0 2 121
B142 1 2 121
B142 3 2 121
B150 0 107 321
B150 1 107 321
B150 2 107 321
B150 3 107 321
B156 0 48 362
B156 1 48 362
B156 2 48 362
B158 0 81 62
z 0 158 81 62
m158 24 0 81 62
B158 1 81 62
z 1 158 81 62
m158 24 1 81 62
B158 3 81 62
z 3 158 81 62
m158 24 3 4.0 17.0 -1.0
B159 0 72 353
B159 1 72 353
B159 2 72 353
B159 3 72 353
B2 0 214 250
B2 1 214 250
z 1 2 214 250
m2 18 1 214 250
z 1 2 214 250
m2 23 1 214 250
z 1 2 214 250
m2 32 1 214 250
z 1 2 214 250
m2 52 1 214 250
z 1 2 214 250
m2 99 1 214 250
z 1 2 214 250
m2 134 1 214 250
B2 2 214 250
B2 3 214 250
z 3 2 214 250
m2 99 3 5.166666666666667 42.83333333333333 1.0
B7 1 167 174
B11 0 24 401
z 0 11 24 401
m11 51 0 24 401
B11 1 24 401
B11 2 24 401
B18 0 226 221
B18 2 226 221
B18 3 226 221
B23 0 227 179
z 0 23 227 179
m23 33 0 227 179
z 0 23 227 179
m23 146 0 227 179
B23 2 227 179
B23 3 227 179
B27 0 10 325
B27 1 10 325
B27 2 10 325
B27 3 10 325
B29 0 134 22
z 0 29 134 22
m29 24 0 134 22
B29 1 134 22
z 1 29 134 22
m29 24 1 134 22
B29 2 134 22
z 2 29 134 22
m29 24 2 134 22
B29 3 134 22
z 3 29 134 22
m29 24 3 4.8 24.8 -1.0
B31 0 213 289
z 0 31 213 289
m31 46 0 213 289
B31 1 213 289
z 1 31 213 289
m31 46 1 213 289
B31 2 213 289
B31 3 213 289
B32 0 223 179
B32 2 223 179
z 2 32 223 179
m32 33 2 223 179
z 2 32 223 179
m32 146 2 223 179
B32 3 223 179
z 3 32 223 179
m32 33 3 4.333333333333333 23.333333333333336 1.0
z 3 32 223 179
m32 146 3 4.333333333333333 23.333333333333336 1.0
B39 0 230 279
z 0 39 230 279
m39 22 0 230 279
B39 1 230 279
B39 2 230 279
B39 3 230 279
z 3 39 230 279
m39 22 3 4.5 37.5 1.0
z 3 39 230 279
m39 46 3 4.5 37.5 1.0
B49 0 236 266
B49 1 236 266
z 1 49 236 266
m49 22 1 236 266
B49 2 236 266
B49 3 236 266
B52 0 255 269
z 0 52 255 269
m52 59 0 255 269
B52 2 255 269
z 2 52 255 269
m52 22 2 255 269
z 2 52 255 269
m52 59 2 255 269
B52 3 255 269
z 3 52 255 269
m52 59 3 4.666666666666666 25.333333333333336 1.0
B54 2 34 62
z 2 54 34 62
m54 24 2 34 62
B58 0 14 370
B58 1 14 370
B58 2 14 370
B58 3 14 370
B66 0 192 396
z 0 66 192 396
m66 4 0 192 396
z 0 66 192 396
m66 118 0 192 396
z 0 66 192 396
m66 148 0 192 396
B66 1 192 396
z 1 66 192 396
m66 4 1 192 396
z 1 66 192 396
m66 118 1 192 396
z 1 66 192 396
m66 148 1 192 396
B70 0 35 399
B70 1 35 399
B70 2 35 399
z 2 70 35 399
m70 51 2 35 399
B70 3 35 399
z 3 70 35 399
m70 51 3 6.5 55.5 0.39232295482295476
z 3 70 35 399
m70 114 3 6.5 55.5 0.39232295482295476
z 3 70 35 399
m70 120 3 6.5 55.5 0.39232295482295476
z 3 70 35 399
m70 126 3 6.5 55.5 0.39232295482295476
z 3 70 35 399
m70 156 3 6.5 55.5 0.39232295482295476
B72 0 148 363
B72 1 148 363
B72 2 148 363
z 2 72 148 363
m72 66 2 148 363
B72 3 148 363
B78 1 68 385
B78 3 68 385
B79 1 186 197
z 1 79 186 197
m79 143 1 186 197
B81 1 182 164
B82 0 208 253
B82 1 208 253
B82 2 208 253
B82 3 208 253
B85 0 219 261
B85 1 219 261
B85 2 219 261
B85 3 219 261
B86 0 117 61
z 0 86 117 61
m86 24 0 117 61
B86 1 117 61
z 1 86 117 61
m86 24 1 117 61
B86 2 117 61
z 2 86 117 61
m86 24 2 117 61
B86 3 117 61
z 3 86 117 61
m86 24 3 4.8 24.8 -1.0
B89 0 114 47
z 0 89 114 47
m89 24 0 114 47
B89 1 114 47
z 1 89 114 47
m89 24 1 114 47
B89 2 114 47
z 2 89 114 47
m89 24 2 114 47
B89 3 114 47
z 3 89 114 47
m89 24 3 4.8 24.8 -1.0
B94 3 54 371
B95 0 215 363
z 0 95 215 363
m95 137 0 215 363
z 0 95 215 363
m95 145 0 215 363
B95 1 215 363
z 1 95 215 363
m95 137 1 215 363
z 1 95 215 363
m95 145 1 215 363
B95 2 215 363
z 2 95 215 363
m95 4 2 215 363
z 2 95 215 363
m95 46 2 215 363
z 2 95 215 363
m95 118 2 215 363
z 2 95 215 363
m95 137 2 215 363
z 2 95 215 363
m95 145 2 215 363
z 2 95 215 363
m95 148 2 215 363
B96 0 155 96
z 0 96 155 96
m96 90 0 155 96
B96 1 155 96
B96 2 155 96
z 2 96 155 96
m96 90 2 155 96
B96 3 155 96
z 3 96 155 96
m96 90 3 4.166666666666667 20.833333333333336 1.0
B98 0 80 400
z 0 98 80 400
m98 6 0 80 400
B98 1 80 400
z 1 98 80 400
m98 6 1 80 400
z 1 98 80 400
m98 51 1 80 400
z 1 98 80 400
m98 120 1 80 400
B98 2 80 400
z 2 98 80 400
m98 6 2 80 400
B98 3 80 400
B99 0 259 240
z 0 99 259 240
m99 133 0 259 240
B99 2 259 240
B109 0 196 50
z 0 109 196 50
m109 10 0 196 50
z 0 109 196 50
m109 13 0 196 50
B109 1 196 50
z 1 109 196 50
m109 10 1 196 50
z 1 109 196 50
m109 13 1 196 50
z 1 109 196 50
m109 90 1 196 50
B109 2 196 50
B109 3 196 50
B114 0 85 417
z 0 114 85 417
m114 102 0 85 417
B114 1 85 417
z 1 114 85 417
m114 102 1 85 417
B114 2 85 417
z 2 114 85 417
m114 102 2 85 417
B120 0 53 449
B120 2 53 449
B124 1 176 249
B126 0 51 440
B126 1 51 440
B126 2 51 440
B134 0 244 195
B134 2 244 195
B134 3 244 195
B140 1 201 226
B143 0 241 152
z 0 143 241 152
m143 5 0 241 152
B143 2 241 152
B143 3 241 152
z 3 143 241 152
m143 5 3 4.833333333333334 26.833333333333336 1.0
B147 0 173 81
B147 1 173 81
B147 2 173 81
z 2 147 173 81
m147 10 2 173 81
B147 3 173 81
z 3 147 173 81
m147 10 3 4.166666666666667 20.833333333333336 1.0
B155 0 175 36
z 0 155 175 36
m155 68 0 175 36
z 0 155 175 36
m155 80 0 175 36
B155 1 175 36
z 1 155 175 36
m155 68 1 175 36
z 1 155 175 36
m155 80 1 175 36
B155 2 175 36
B155 3 175 36
B158 2 81 63
z 2 158 81 63
m158 24 2 81 63
B4 0 215 434
z 0 4 215 434
m4 76 0 215 434
z 0 4 215 434
m4 108 0 215 434
B4 1 215 434
z 1 4 215 434
m4 76 1 215 434
z 1 4 215 434
m4 108 1 215 434
B4 2 215 434
B5 0 284 101
z 0 5 284 101
m5 0 0 284 101
z 0 5 284 101
m5 41 0 284 101
z 0 5 284 101
m5 45 0 284 101
z 0 5 284 101
m5 73 0 284 101
z 0 5 284 101
m5 111 0 284 101
z 0 5 284 101
m5 115 0 284 101
z 0 5 284 101
m5 149 0 284 101
B5 3 284 101
z 3 5 284 101
m5 0 3 5.142857142857143 30.0 1.0
z 3 5 284 101
m5 41 3 5.142857142857143 30.0 1.0
z 3 5 284 101
m5 45 3 5.142857142857143 30.0 1.0
z 3 5 284 101
m5 73 3 5.142857142857143 30.0 1.0
z 3 5 284 101
m5 111 3 5.142857142857143 30.0 1.0
z 3 5 284 101
m5 115 3 5.142857142857143 30.0 1.0
z 3 5 284 101
m5 149 3 5.142857142857143 30.0 1.0
B6 0 106 455
z 0 6 106 455
m6 15 0 106 455
B6 1 106 455
B6 2 106 455
B10 0 201 21
B10 1 201 21
B10 2 201 21
z 2 10 201 21
m10 13 2 201 21
B10 3 201 21
z 3 10 201 21
m10 13 3 3.7142857142857144 18.0 1.0
B13 0 256 8
z 0 13 256 8
m13 107 0 256 8
B13 1 256 8
B18 1 225 221
B22 0 292 268
z 0 22 292 268
m22 60 0 292 268
z 0 22 292 268
m22 106 0 292 268
z 0 22 292 268
m22 128 0 292 268
B22 1 292 268
z 1 22 292 268
m22 59 1 292 268
z 1 22 292 268
m22 60 1 292 268
z 1 22 292 268
m22 106 1 292 268
z 1 22 292 268
m22 128 1 292 268
z 1 22 292 268
m22 133 1 292 268
B22 2 292 268
z 2 22 292 268
m22 60 2 292 268
z 2 22 292 268
m22 106 2 292 268
z 2 22 292 268
m22 128 2 292 268
z 2 22 292 268
m22 133 2 292 268
B22 3 292 268
z 3 22 292 268
m22 60 3 4.428571428571429 34.42857142857143 1.0
z 3 22 292 268
m22 106 3 4.428571428571429 34.42857142857143 1.0
z 3 22 292 268
m22 128 3 4.428571428571429 34.42857142857143 1.0
z 3 22 292 268
m22 133 3 4.428571428571429 34.42857142857143 1.0
B23 1 227 178
z 1 23 227 178
m23 33 1 227 178
z 1 23 227 178
m23 146 1 227 178
B32 1 223 178
B33 0 291 158
z 0 33 291 158
m33 88 0 291 158
B33 2 291 158
B33 3 291 158
B46 0 253 344
z 0 46 253 344
m46 9 0 253 344
z 0 46 253 344
m46 17 0 253 344
z 0 46 253 344
m46 125 0 253 344
B46 1 253 344
z 1 46 253 344
m46 9 1 253 344
z 1 46 253 344
m46 17 1 253 344
z 1 46 253 344
m46 125 1 253 344
B46 2 253 344
z 2 46 253 344
m46 9 2 253 344
z 2 46 253 344
m46 17 2 253 344
z 2 46 253 344
m46 125 2 253 344
B46 3 253 344
z 3 46 253 344
m46 9 3 4.714285714285714 37.28571428571429 1.0
z 3 46 253 344
m46 17 3 4.714285714285714 37.28571428571429 1.0
z 3 46 253 344
m46 95 3 4.714285714285714 37.28571428571429 1.0
z 3 46 253 344
m46 125 3 4.714285714285714 37.28571428571429 1.0
z 3 46 253 344
m46 137 3 4.714285714285714 37.28571428571429 1.0
z 3 46 253 344
m46 145 3 4.714285714285714 37.28571428571429 1.0
B51 0 39 459
B51 1 39 459
B51 2 39 459
B51 3 39 459
B52 1 256 268
B59 0 313 248
z 0 59 313 248
m59 48 0 313 248
z 0 59 313 248
m59 62 0 313 248
B59 2 313 248
z 2 59 313 248
m59 48 2 313 248
z 2 59 313 248
m59 62 2 313 248
z 2 59 313 248
m59 88 2 313 248
B59 3 313 248
z 3 59 313 248
m59 48 3 4.428571428571428 23.0 1.0
z 3 59 313 248
m59 62 3 4.428571428571428 23.0 1.0
z 3 59 313 248
m59 88 3 4.428571428571428 23.0 1.0
B66 2 191 396
B68 0 112 7
z 0 68 112 7
m68 24 0 112 7
B68 1 112 7
z 1 68 112 7
m68 24 1 112 7
B80 0 124 12
z 0 80 124 12
m80 24 0 124 12
B80 1 124 12
z 1 80 124 12
m80 24 1 124 12
B90 0 215 96
B90 1 215 96
z 1 90 215 96
m90 5 1 215 96
B90 2 215 96
z 2 90 215 96
m90 5 2 215 96
B90 3 215 96
B99 1 260 241
B99 3 260 241
B102 0 99 476
B102 1 99 476
z 1 102 99 476
m102 15 1 99 476
B102 2 99 476
B114 3 86 417
z 3 114 86 417
m114 11 3 6.142857142857142 49.857142857142854 0.13653099507543032
B118 0 231 422
B118 1 231 422
B118 2 231 422
z 2 118 231 422
m118 76 2 231 422
z 2 118 231 422
m118 108 2 231 422
B120 1 54 450
B120 3 54 450
B126 3 51 441
B133 0 326 221
z 0 133 326 221
m133 25 0 326 221
B134 1 245 195
B137 0 286 383
B137 1 286 383
B137 2 286 383
B143 1 240 152
B145 0 274 354
B145 1 274 354
B145 2 274 354
B146 0 257 130
B146 2 257 130
B146 3 257 130
B148 0 211 429
B148 1 211 429
B148 2 211 429
B156 3 47 364
z 3 156 47 364
m156 97 3 5.714285714285714 47.714285714285715 1.0
B0 0 355 124
z 0 0 355 124
m0 1 0 355 124
z 0 0 355 124
m0 35 0 355 124
z 0 0 355 124
m0 77 0 355 124
z 0 0 355 124
m0 112 0 355 124
z 0 0 355 124
m0 117 0 355 124
B0 3 355 124
z 3 0 355 124
m0 77 3 5.125 29.375 0.6294365012615644
z 3 0 355 124
m0 35 3 5.125 29.375 0.6294365012615644
z 3 0 355 124
m0 1 3 5.125 29.375 0.6294365012615644
z 3 0 355 124
m0 117 3 5.125 29.375 0.6294365012615644
B5 1 283 101
z 1 5 283 101
m5 41 1 283 101
z 1 5 283 101
m5 45 1 283 101
z 1 5 283 101
m5 73 1 283 101
z 1 5 283 101
m5 111 1 283 101
z 1 5 283 101
m5 115 1 283 101
z 1 5 283 101
m5 149 1 283 101
B5 2 283 101
B9 0 300 356
B9 1 300 356
B9 2 300 356
B9 3 300 356
B11 3 23 403
B13 2 255 7
B13 3 255 7
z 3 13 255 7
m13 107 3 3.375 15.875 1.0
B15 0 167 495
B15 1 167 495
B17 0 297 383
B17 1 297 383
B17 2 297 383
B17 3 297 383
B25 0 386 215
z 0 25 386 215
m25 37 0 386 215
z 0 25 386 215
m25 122 0 386 215
z 0 25 386 215
m25 130 0 386 215
z 0 25 386 215
m25 153 0 386 215
B33 1 292 157
z 1 33 292 157
m33 0 1 292 157
z 1 33 292 157
m33 62 1 292 157
z 1 33 292 157
m33 88 1 292 157
B41 0 335 105
B41 3 335 105
z 3 41 335 105
m41 112 3 4.625 26.375 1.0
B45 0 333 46
z 0 45 333 46
m45 61 0 333 46
z 0 45 333 46
m45 64 0 333 46
z 0 45 333 46
m45 74 0 333 46
B45 3 333 46
B48 0 377 239
z 0 48 377 239
m48 36 0 377 239
B48 2 377 239
B48 3 377 239
z 3 48 377 239
m48 25 3 4.375 22.125 1.0
z 3 48 377 239
m48 36 3 4.375 22.125 1.0
z 3 48 377 239
m48 122 3 4.375 22.125 1.0
z 3 48 377 239
m48 130 3 4.375 22.125 1.0
B59 1 314 248
z 1 59 314 248
m59 48 1 314 248
B60 0 338 302
z 0 60 338 302
m60 57 0 338 302
B60 1 338 302
B60 2 338 302
z 2 60 338 302
m60 57 2 338 302
z 2 60 338 302
m60 130 2 338 302
B60 3 338 302
z 3 60 338 302
m60 57 3 4.0 30.25 1.0
B62 0 355 196
B62 2 355 196
B62 3 355 196
z 3 62 355 196
m62 153 3 3.9999999999999996 20.25 1.0
B73 0 355 113
B73 3 355 113
B76 0 195 473
B76 1 195 473
B76 2 195 473
B88 0 350 201
B88 2 350 201
z 2 88 350 201
m88 1 2 350 201
z 2 88 350 201
m88 25 2 350 201
z 2 88 350 201
m88 122 2 350 201
z 2 88 350 201
m88 153 2 350 201
B88 3 350 201
B95 3 216 361
z 3 95 216 361
m95 4 3 4.625 34.62500000000001 0.5917496443812233
z 3 95 216 361
m95 148 3 4.625 34.62500000000001 0.5917496443812233
z 3 95 216 361
m95 118 3 4.625 34.62500000000001 0.5917496443812233
B97 3 50 368
B106 0 287 344
B106 1 287 344
B106 2 287 344
B106 3 287 344
B107 0 300 2
B108 0 270 460
B108 1 270 460
B108 2 270 460
B111 0 311 77
B111 3 311 77
B115 0 291 45
B115 3 291 45
B125 0 315 351
B125 1 315 351
B125 2 315 351
B125 3 315 351
B128 0 348 250
B128 1 348 250
z 1 128 348 250
m128 25 1 348 250
z 1 128 348 250
m128 130 1 348 250
B128 2 348 250
B128 3 348 250
B133 1 325 221
B133 2 325 221
B133 3 325 221
B137 3 286 382
B145 3 275 353
B146 1 258 130
B149 0 348 102
B149 3 348 102
B0 1 355 123
z 1 0 355 123
m0 1 1 355 123
z 1 0 355 123
m0 35 1 355 123
z 1 0 355 123
m0 77 1 355 123
z 1 0 355 123
m0 112 1 355 123
z 1 0 355 123
m0 117 1 355 123
B1 0 400 165
B1 2 400 165
B1 3 400 165
B4 3 215 432
z 3 4 215 432
m4 108 3 4.444444444444444 31.777777777777786 0.4354291133238499
B25 1 386 216
z 1 25 386 216
m25 37 1 386 216
z 1 25 386 216
m25 122 1 386 216
z 1 25 386 216
m25 153 1 386 216
B25 2 386 216
B25 3 386 216
z 3 25 386 216
m25 37 3 4.0 19.77777777777778 1.0
B35 0 408 82
z 0 35 408 82
m35 113 0 408 82
z 0 35 408 82
m35 132 0 408 82
z 0 35 408 82
m35 151 0 408 82
B35 3 408 82
z 3 35 408 82
m35 132 3 5.0 27.88888888888889 0.49767301832278904
z 3 35 408 82
m35 74 3 5.0 27.88888888888889 0.49767301832278904
B36 0 421 283
z 0 36 421 283
m36 50 0 421 283
z 0 36 421 283
m36 87 0 421 283
z 0 36 421 283
m36 92 0 421 283
z 0 36 421 283
m36 121 0 421 283
z 0 36 421 283
m36 144 0 421 283
B36 3 421 283
z 3 36 421 283
m36 50 3 4.444444444444445 22.444444444444446 1.0
z 3 36 421 283
m36 87 3 4.444444444444445 22.444444444444446 1.0
z 3 36 421 283
m36 92 3 4.444444444444445 22.444444444444446 1.0
z 3 36 421 283
m36 121 3 4.444444444444445 22.444444444444446 1.0
z 3 36 421 283
m36 144 3 4.444444444444445 22.444444444444446 1.0
B37 0 455 217
z 0 37 455 217
m37 75 0 455 217
B41 1 335 104
B45 1 334 47
z 1 45 334 47
m45 61 1 334 47
z 1 45 334 47
m45 64 1 334 47
z 1 45 334 47
m45 74 1 334 47
z 1 45 334 47
m45 107 1 334 47
B48 1 377 238
z 1 48 377 238
m48 36 1 377 238
B57 0 406 320
B57 2 406 320
z 2 57 406 320
m57 36 2 406 320
z 2 57 406 320
m57 50 2 406 320
z 2 57 406 320
m57 92 2 406 320
z 2 57 406 320
m57 121 2 406 320
z 2 57 406 320
m57 144 2 406 320
B57 3 406 320
B61 0 345 0
B62 1 355 196
B64 0 340 5
B73 1 356 113
B74 0 402 21
B77 0 418 157
B77 3 418 157
B88 1 349 201
B107 3 300 3
z 3 107 300 3
m107 61 3 3.2222222222222223 14.555555555555555 1.0
z 3 107 300 3
m107 64 3 3.2222222222222223 14.555555555555555 1.0
B111 1 310 76
B112 0 398 137
B112 3 398 137
B115 1 291 44
B117 0 382 78
B117 3 382 78
B118 3 230 423
B122 0 395 187
B122 2 395 187
z 2 122 395 187
m122 37 2 395 187
z 2 122 395 187
m122 77 2 395 187
z 2 122 395 187
m122 112 2 395 187
B122 3 395 187
B130 0 392 287
B130 1 392 287
B130 2 392 287
B130 3 392 287
B148 3 211 431
B149 1 349 101
B153 0 419 175
B153 2 419 175
B153 3 419 175
z 3 153 419 175
m153 75 3 3.6666666666666665 18.11111111111111 1.0
B1 1 399 166
B35 1 408 83
z 1 35 408 83
m35 113 1 408 83
z 1 35 408 83
m35 132 1 408 83
z 1 35 408 83
m35 151 1 408 83
B36 1 422 284
z 1 36 422 284
m36 50 1 422 284
z 1 36 422 284
m36 57 1 422 284
z 1 36 422 284
m36 87 1 422 284
z 1 36 422 284
m36 92 1 422 284
z 1 36 422 284
m36 121 1 422 284
z 1 36 422 284
m36 144 1 422 284
B36 2 422 284
B37 1 456 217
z 1 37 456 217
m37 75 1 456 217
B37 2 456 217
z 2 37 456 217
m37 75 2 456 217
z 2 37 456 217
m37 87 2 456 217
B37 3 456 217
B50 0 439 345
z 0 50 439 345
m50 135 0 439 345
B50 2 439 345
z 2 50 439 345
m50 135 2 439 345
B50 3 439 345
z 3 50 439 345
m50 135 3 4.1 20.300000000000004 1.0
B61 1 344 1
B61 3 344 1
B64 1 340 4
B64 3 340 4
B74 1 402 22
B74 3 402 22
B75 0 462 218
B75 3 462 218
B77 1 419 157
B77 2 419 157
z 2 77 419 157
m77 0 2 419 157
B87 0 462 229
B87 3 462 229
B92 0 422 310
B92 2 422 310
B92 3 422 310
B107 1 301 3
B108 3 269 461
B112 1 399 137
B112 2 399 137
z 2 112 399 137
m112 35 2 399 137
z 2 112 399 137
m112 41 2 399 137
z 2 112 399 137
m112 73 2 399 137
z 2 112 399 137
m112 117 2 399 137
z 2 112 399 137
m112 149 2 399 137
B113 0 432 36
z 0 113 432 36
m113 154 0 432 36
B117 1 383 78
B121 0 474 301
B121 2 474 301
B121 3 474 301
B122 1 394 186
B132 0 443 32
B132 3 443 32
z 3 132 443 32
m132 154 3 4.8 26.0 0.3551356004536407
B144 0 446 310
B144 2 446 310
B144 3 446 310
B151 0 448 76
B153 1 418 175
B0 2 356 121
z 2 0 356 121
m0 111 2 356 121
B35 2 408 83
B41 2 334 102
B50 1 440 345
z 1 50 440 345
m50 135 1 440 345
B57 1 408 320
B73 2 358 112
z 2 73 358 112
m73 45 2 358 112
B75 1 461 218
B75 2 461 218
B87 1 462 228
B87 2 462 228
B92 1 421 311
B113 1 433 35
z 1 113 433 35
m113 154 1 433 35
B117 2 383 79
z 2 117 383 79
m117 74 2 383 79
z 2 117 383 79
m117 113 2 383 79
z 2 117 383 79
m117 132 2 383 79
z 2 117 383 79
m117 151 2 383 79
B121 1 473 300
B132 1 442 32
B135 0 458 383
z 0 135 458 383
m135 100 0 458 383
B135 2 458 383
z 2 135 458 383
m135 100 2 458 383
B135 3 458 383
z 3 135 458 383
m135 100 3 3.818181818181818 18.54545454545455 1.0
B144 1 445 309
B149 2 349 99
B151 1 447 77
B154 0 486 4
B154 3 486 4
z 3 154 486 4
m154 113 3 4.454545454545454 23.727272727272727 1.0
B45 2 336 49
z 2 45 336 49
m45 61 2 336 49
z 2 45 336 49
m45 64 2 336 49
z 2 45 336 49
m45 107 2 336 49
z 2 45 336 49
m45 115 2 336 49
B74 2 403 24
B100 0 463 449
z 0 100 463 449
m100 38 0 463 449
z 0 100 463 449
m100 40 0 463 449
z 0 100 463 449
m100 43 0 463 449
z 0 100 463 449
m100 84 0 463 449
z 0 100 463 449
m100 110 0 463 449
z 0 100 463 449
m100 119 0 463 449
z 0 100 463 449
m100 157 0 463 449
B100 2 463 449
B100 3 463 449
z 3 100 463 449
m100 38 3 4.083333333333333 21.083333333333336 1.0
z 3 100 463 449
m100 40 3 4.083333333333333 21.083333333333336 1.0
z 3 100 463 449
m100 43 3 4.083333333333333 21.083333333333336 1.0
z 3 100 463 449
m100 84 3 4.083333333333333 21.083333333333336 1.0
z 3 100 463 449
m100 110 3 4.083333333333333 21.083333333333336 1.0
z 3 100 463 449
m100 119 3 4.083333333333333 21.083333333333336 1.0
z 3 100 463 449
m100 157 3 4.083333333333333 21.083333333333336 1.0
B111 2 307 75
B113 2 434 34
B113 3 434 34
z 3 113 434 34
m113 151 3 4.166666666666666 21.833333333333332 1.0
B132 2 441 32
z 2 132 441 32
m132 154 2 441 32
B135 1 458 383
z 1 135 458 383
m135 100 1 458 383
B151 2 446 77
B154 1 487 3
B38 0 453 477
B38 3 453 477
B40 0 413 476
z 0 40 413 476
m40 42 0 413 476
B40 3 413 476
z 3 40 413 476
m40 42 3 3.8461538461538463 19.53846153846154 1.0
B43 0 407 447
B43 3 407 447
B61 2 341 3
B64 2 339 1
B84 0 409 453
B84 3 409 453
B100 1 462 450
z 1 100 462 450
m100 38 1 462 450
z 1 100 462 450
m100 40 1 462 450
z 1 100 462 450
m100 43 1 462 450
z 1 100 462 450
m100 84 1 462 450
z 1 100 462 450
m100 110 1 462 450
z 1 100 462 450
m100 119 1 462 450
z 1 100 462 450
m100 157 1 462 450
B107 2 303 5
B110 0 410 471
B110 3 410 471
B115 2 291 40
B119 0 428 496
B119 3 428 496
B151 3 446 78
B154 2 488 3
B157 0 481 456
B157 3 481 456
B38 1 453 478
B40 1 414 476
z 1 40 414 476
m40 42 1 414 476
B42 0 378 450
B42 3 378 450
B43 1 407 447
B84 1 410 452
B110 1 410 471
B119 1 429 496
B157 1 480 456
B42 1 378 449
