3 269 275 68
s 0 124 431 93 0
s 1 338 184 292 0
s 2 214 212 56 0
s 3 286 151 290 0
s 4 397 262 359 0
s 5 290 344 346 0
s 6 355 303 166 0
s 7 460 91 160 0
s 8 104 217 192 0
s 9 226 335 83 0
s 10 423 458 4 0
s 11 3 269 291 0
s 12 177 282 100 0
s 13 324 254 107 0
s 14 445 150 41 0
s 15 171 82 12 0
s 16 428 59 109 0
s 17 292 311 302 0
s 18 269 168 54 0
s 19 210 474 100 0
s 20 189 316 234 0
s 21 338 44 11 0
s 22 468 315 21 0
s 23 420 343 182 0
s 24 401 244 139 0
s 25 391 22 217 0
s 26 372 243 83 0
s 27 291 451 72 0
s 28 166 435 346 0
s 29 288 93 155 0
s 30 357 95 104 0
s 31 74 141 305 0
s 32 0 247 162 0
s 33 115 82 206 0
s 34 3 230 356 0
s 35 404 82 66 0
s 36 343 357 306 0
s 37 186 433 264 0
s 38 27 109 98 0
s 39 444 34 224 0
s 40 305 432 345 0
s 41 70 379 82 0
s 42 78 495 272 0
s 43 262 239 231 0
s 44 191 450 250 0
s 45 310 483 94 0
s 46 30 379 59 0
s 47 424 55 167 0
s 48 474 311 72 0
s 49 422 268 152 0
s 50 270 92 166 0
s 51 57 267 66 0
s 52 157 417 289 0
s 53 425 78 279 0
s 54 261 307 267 0
s 55 330 237 138 0
s 56 347 17 238 0
s 57 85 414 35 0
s 58 258 120 327 0
s 59 53 109 54 0
s 60 310 107 160 0
s 61 181 166 111 0
s 62 23 144 145 0
s 63 280 218 84 0
s 64 403 231 218 0
s 65 14 443 263 0
s 66 226 487 113 0
s 67 482 118 175 0
s 68 443 41 316 0
s 69 460 115 266 0
s 70 395 191 124 0
s 71 48 314 353 0
s 72 408 466 205 0
s 73 233 183 216 0
s 74 355 136 197 0
s 75 0 253 112 0
s 76 258 331 207 0
s 77 130 229 155 0
s 78 452 80 299 0
s 79 473 35 60 0
s 80 215 221 310 0
s 81 307 393 320 0
s 82 199 385 113 0
s 83 107 461 61 0
s 84 437 350 119 0
s 85 217 203 253 0
s 86 33 136 167 0
s 87 137 194 8 0
s 88 325 134 132 0
s 89 135 11 308 0
s 90 422 202 309 0
s 91 31 184 73 0
s 92 486 67 125 0
s 93 179 333 261 0
s 94 359 406 343 0
s 95 120 335 137 0
s 96 405 418 326 0
s 97 39 85 302 0
s 98 28 299 32 0
s 99 220 60 176 0
s 100 394 164 191 0
s 101 84 471 334 0
s 102 445 95 35 0
s 103 292 363 283 0
s 104 118 436 285 0
s 105 251 146 284 0
s 106 345 133 227 0
s 107 207 485 157 0
s 108 250 99 116 0
s 109 95 309 106 0
s 110 355 281 329 0
s 111 222 376 160 0
s 112 231 469 104 0
s 113 37 449 263 0
s 114 107 443 237 0
s 115 233 362 197 0
s 116 112 460 157 0
s 117 322 202 247 0
s 118 3 363 33 0
s 119 397 315 342 0
s 120 83 276 21 0
s 121 316 95 115 0
s 122 158 144 268 0
s 123 144 468 113 0
s 124 9 68 138 0
s 125 204 380 54 0
s 126 288 376 84 0
s 127 80 183 302 0
s 128 145 243 14 0
s 129 255 203 221 0
s 130 394 493 9 0
s 131 201 499 294 0
s 132 139 385 264 0
s 133 212 18 332 0
s 134 20 392 215 0
s 135 262 215 37 0
s 136 2 487 297 0
s 137 439 392 318 0
s 138 181 63 171 0
s 139 65 476 96 0
s 140 379 441 121 0
s 141 306 243 61 0
s 142 187 361 36 0
s 143 280 475 318 0
s 144 226 435 157 0
s 145 368 1 236 0
s 146 139 206 10 0
s 147 348 327 297 0
s 148 416 110 275 0
s 149 175 310 99 0
s 150 239 392 217 0
s 151 301 30 44 0
s 152 234 29 163 0
s 153 116 49 49 0
s 154 269 288 245 0
s 155 242 84 229 0
s 156 392 169 286 0
s 157 442 277 210 0
s 158 231 58 22 0
s 159 5 429 340 0
s 160 350 297 185 0
s 161 151 123 217 0
s 162 70 134 187 0
s 163 362 237 65 0
s 164 91 242 42 0
s 165 124 156 6 0
s 166 216 476 282 0
s 167 409 369 8 0
s 168 408 201 296 0
s 169 415 433 176 0
s 170 374 206 285 0
s 171 73 459 6 0
s 172 319 299 157 0
s 173 265 119 258 0
s 174 494 12 173 0
s 175 416 40 292 0
s 176 360 261 214 0
s 177 398 481 344 0
s 178 287 201 201 0
s 179 187 489 218 0
s 180 275 68 168 0
s 181 293 490 177 0
s 182 363 91 118 0
s 183 286 285 163 0
s 184 498 104 212 0
s 185 70 333 270 0
s 186 216 356 272 0
s 187 38 114 174 0
s 188 289 281 234 0
s 189 265 354 88 0
s 190 215 228 117 0
s 191 357 303 2 0
s 192 478 193 280 0
s 193 137 181 356 0
s 194 130 377 71 0
s 195 87 326 152 0
s 196 477 361 75 0
s 197 295 257 265 0
s 198 385 498 50 0
s 199 463 292 19 0
s 200 15 127 210 0
s 201 249 452 40 0
s 202 278 55 0 0
s 203 299 311 225 0
s 204 469 221 9 0
s 205 96 81 313 0
s 206 341 322 187 0
s 207 133 1 242 0
s 208 206 33 187 0
s 209 377 382 331 0
s 210 253 207 138 0
s 211 211 111 359 0
s 212 465 23 85 0
s 213 159 322 154 0
s 214 369 33 153 0
s 215 266 346 75 0
s 216 62 178 296 0
s 217 227 80 57 0
s 218 395 269 28 0
s 219 173 370 196 0
B11 0 4 267
z 0 11 4 267
m11 32 0 4 267
z 0 11 4 267
m11 34 0 4 267
z 0 11 4 267
m11 51 0 4 267
z 0 11 4 267
m11 71 0 4 267
z 0 11 4 267
m11 75 0 4 267
z 0 11 4 267
m11 98 0 4 267
B11 1 4 267
z 1 11 4 267
m11 32 1 4 267
z 1 11 4 267
m11 34 1 4 267
z 1 11 4 267
m11 51 1 4 267
z 1 11 4 267
m11 71 1 4 267
z 1 11 4 267
m11 75 1 4 267
z 1 11 4 267
m11 98 1 4 267
B11 2 4 267
z 2 11 4 267
m11 32 2 4 267
z 2 11 4 267
m11 34 2 4 267
z 2 11 4 267
m11 51 2 4 267
z 2 11 4 267
m11 71 2 4 267
z 2 11 4 267
m11 75 2 4 267
z 2 11 4 267
m11 98 2 4 267
B11 3 4 267
z 3 11 4 267
m11 32 3 6.0 36.0 1.0
z 3 11 4 267
m11 34 3 6.0 36.0 1.0
z 3 11 4 267
m11 51 3 6.0 36.0 1.0
z 3 11 4 267
m11 71 3 6.0 36.0 1.0
z 3 11 4 267
m11 75 3 6.0 36.0 1.0
z 3 11 4 267
m11 98 3 6.0 36.0 1.0
B32 0 3 245
z 0 32 3 245
m32 91 0 3 245
B32 1 3 245
z 1 32 3 245
m32 91 1 3 245
B32 2 3 245
z 2 32 3 245
m32 91 2 3 245
B32 3 3 245
z 3 32 3 245
m32 91 3 4.333333333333333 24.333333333333332 1.0
B34 0 6 230
B34 1 6 230
B34 2 6 230
B34 3 6 230
B51 0 58 270
z 0 51 58 270
m51 8 0 58 270
z 0 51 58 270
m51 109 0 58 270
z 0 51 58 270
m51 120 0 58 270
z 0 51 58 270
m51 164 0 58 270
z 0 51 58 270
m51 185 0 58 270
z 0 51 58 270
m51 195 0 58 270
B51 1 58 270
z 1 51 58 270
m51 8 1 58 270
z 1 51 58 270
m51 109 1 58 270
z 1 51 58 270
m51 120 1 58 270
z 1 51 58 270
m51 164 1 58 270
z 1 51 58 270
m51 185 1 58 270
z 1 51 58 270
m51 195 1 58 270
B51 2 58 270
z 2 51 58 270
m51 8 2 58 270
z 2 51 58 270
m51 109 2 58 270
z 2 51 58 270
m51 120 2 58 270
z 2 51 58 270
m51 164 2 58 270
z 2 51 58 270
m51 185 2 58 270
z 2 51 58 270
m51 195 2 58 270
B51 3 58 270
z 3 51 58 270
m51 8 3 6.0 36.0 1.0
z 3 51 58 270
m51 109 3 6.0 36.0 1.0
z 3 51 58 270
m51 120 3 6.0 36.0 1.0
z 3 51 58 270
m51 164 3 6.0 36.0 1.0
z 3 51 58 270
m51 185 3 6.0 36.0 1.0
z 3 51 58 270
m51 195 3 6.0 36.0 1.0
B71 0 51 313
z 0 71 51 313
m71 41 0 51 313
z 0 71 51 313
m71 46 0 51 313
z 0 71 51 313
m71 95 0 51 313
z 0 71 51 313
m71 118 0 51 313
B71 1 51 313
z 1 71 51 313
m71 41 1 51 313
z 1 71 51 313
m71 46 1 51 313
z 1 71 51 313
m71 95 1 51 313
z 1 71 51 313
m71 118 1 51 313
B71 2 51 313
z 2 71 51 313
m71 41 2 51 313
z 2 71 51 313
m71 46 2 51 313
z 2 71 51 313
m71 95 2 51 313
z 2 71 51 313
m71 118 2 51 313
B71 3 51 313
z 3 71 51 313
m71 41 3 5.333333333333333 29.333333333333332 1.0
z 3 71 51 313
m71 46 3 5.333333333333333 29.333333333333332 1.0
z 3 71 51 313
m71 95 3 5.333333333333333 29.333333333333332 1.0
z 3 71 51 313
m71 118 3 5.333333333333333 29.333333333333332 1.0
B75 0 3 251
B75 1 3 251
B75 2 3 251
B75 3 3 251
B98 0 31 301
B98 1 31 301
B98 2 31 301
B98 3 31 301
B8 0 100 216
z 0 8 100 216
m8 77 0 100 216
z 0 8 100 216
m8 87 0 100 216
z 0 8 100 216
m8 127 0 100 216
z 0 8 100 216
m8 128 0 100 216
z 0 8 100 216
m8 146 0 100 216
z 0 8 100 216
m8 165 0 100 216
z 0 8 100 216
m8 193 0 100 216
z 0 8 100 216
m8 216 0 100 216
B8 1 100 216
z 1 8 100 216
m8 77 1 100 216
z 1 8 100 216
m8 87 1 100 216
z 1 8 100 216
m8 127 1 100 216
z 1 8 100 216
m8 128 1 100 216
z 1 8 100 216
m8 146 1 100 216
z 1 8 100 216
m8 165 1 100 216
z 1 8 100 216
m8 193 1 100 216
z 1 8 100 216
m8 216 1 100 216
B8 2 100 216
B8 3 100 216
z 3 8 100 216
m8 77 3 6.5 43.0 1.0
z 3 8 100 216
m8 87 3 6.5 43.0 1.0
z 3 8 100 216
m8 127 3 6.5 43.0 1.0
z 3 8 100 216
m8 128 3 6.5 43.0 1.0
z 3 8 100 216
m8 146 3 6.5 43.0 1.0
z 3 8 100 216
m8 165 3 6.5 43.0 1.0
z 3 8 100 216
m8 193 3 6.5 43.0 1.0
z 3 8 100 216
m8 216 3 6.5 43.0 1.0
B41 0 70 383
z 0 41 70 383
m41 0 0 70 383
z 0 41 70 383
m41 57 0 70 383
z 0 41 70 383
m41 104 0 70 383
z 0 41 70 383
m41 113 0 70 383
z 0 41 70 383
m41 114 0 70 383
z 0 41 70 383
m41 132 0 70 383
z 0 41 70 383
m41 134 0 70 383
z 0 41 70 383
m41 194 0 70 383
B41 1 70 383
z 1 41 70 383
m41 0 1 70 383
z 1 41 70 383
m41 57 1 70 383
z 1 41 70 383
m41 104 1 70 383
z 1 41 70 383
m41 113 1 70 383
z 1 41 70 383
m41 114 1 70 383
z 1 41 70 383
m41 132 1 70 383
z 1 41 70 383
m41 134 1 70 383
z 1 41 70 383
m41 194 1 70 383
B41 2 70 383
z 2 41 70 383
m41 0 2 70 383
z 2 41 70 383
m41 57 2 70 383
z 2 41 70 383
m41 104 2 70 383
z 2 41 70 383
m41 113 2 70 383
z 2 41 70 383
m41 114 2 70 383
z 2 41 70 383
m41 132 2 70 383
z 2 41 70 383
m41 134 2 70 383
z 2 41 70 383
m41 194 2 70 383
B41 3 70 383
z 3 41 70 383
m41 0 3 6.0 38.0 1.0
z 3 41 70 383
m41 57 3 6.0 38.0 1.0
z 3 41 70 383
m41 104 3 6.0 38.0 1.0
z 3 41 70 383
m41 113 3 6.0 38.0 1.0
z 3 41 70 383
m41 114 3 6.0 38.0 1.0
z 3 41 70 383
m41 132 3 6.0 38.0 1.0
z 3 41 70 383
m41 134 3 6.0 38.0 1.0
z 3 41 70 383
m41 194 3 6.0 38.0 1.0
B46 0 32 382
z 0 46 32 382
m46 65 0 32 382
z 0 46 32 382
m46 159 0 32 382
B46 1 32 382
z 1 46 32 382
m46 65 1 32 382
z 1 46 32 382
m46 159 1 32 382
B46 2 32 382
z 2 46 32 382
m46 65 2 32 382
z 2 46 32 382
m46 159 2 32 382
B46 3 32 382
B91 0 32 188
z 0 91 32 188
m91 31 0 32 188
z 0 91 32 188
m91 62 0 32 188
z 0 91 32 188
m91 86 0 32 188
z 0 91 32 188
m91 162 0 32 188
z 0 91 32 188
m91 187 0 32 188
z 0 91 32 188
m91 200 0 32 188
B91 1 32 188
z 1 91 32 188
m91 31 1 32 188
z 1 91 32 188
m91 62 1 32 188
z 1 91 32 188
m91 86 1 32 188
z 1 91 32 188
m91 162 1 32 188
z 1 91 32 188
m91 187 1 32 188
z 1 91 32 188
m91 200 1 32 188
B91 2 32 188
z 2 91 32 188
m91 31 2 32 188
z 2 91 32 188
m91 62 2 32 188
z 2 91 32 188
m91 86 2 32 188
z 2 91 32 188
m91 127 2 32 188
z 2 91 32 188
m91 162 2 32 188
z 2 91 32 188
m91 187 2 32 188
z 2 91 32 188
m91 200 2 32 188
z 2 91 32 188
m91 216 2 32 188
B91 3 32 188
z 3 91 32 188
m91 31 3 4.75 27.25 1.0
z 3 91 32 188
m91 62 3 4.75 27.25 1.0
z 3 91 32 188
m91 86 3 4.75 27.25 1.0
z 3 91 32 188
m91 162 3 4.75 27.25 1.0
z 3 91 32 188
m91 187 3 4.75 27.25 1.0
z 3 91 32 188
m91 200 3 4.75 27.25 1.0
B95 0 117 338
z 0 95 117 338
m95 20 0 117 338
z 0 95 117 338
m95 93 0 117 338
z 0 95 117 338
m95 149 0 117 338
z 0 95 117 338
m95 213 0 117 338
z 0 95 117 338
m95 219 0 117 338
B95 1 117 338
z 1 95 117 338
m95 20 1 117 338
z 1 95 117 338
m95 93 1 117 338
z 1 95 117 338
m95 149 1 117 338
z 1 95 117 338
m95 213 1 117 338
z 1 95 117 338
m95 219 1 117 338
B95 2 117 338
B95 3 117 338
z 3 95 117 338
m95 20 3 5.25 28.25 1.0
z 3 95 117 338
m95 93 3 5.25 28.25 1.0
z 3 95 117 338
m95 149 3 5.25 28.25 1.0
z 3 95 117 338
m95 213 3 5.25 28.25 1.0
z 3 95 117 338
m95 219 3 5.25 28.25 1.0
B109 0 94 313
B109 1 94 313
B109 2 94 313
z 2 109 94 313
m109 213 2 94 313
B109 3 94 313
B118 0 6 365
B118 1 6 365
B118 2 6 365
B118 3 6 365
B120 0 86 277
B120 1 86 277
B120 2 86 277
z 2 120 86 277
m120 77 2 86 277
z 2 120 86 277
m120 128 2 86 277
B120 3 86 277
B164 0 94 245
B164 1 94 245
B164 2 94 245
z 2 164 94 245
m164 87 2 94 245
z 2 164 94 245
m164 146 2 94 245
B164 3 94 245
B185 0 70 329
B185 1 70 329
B185 2 70 329
B185 3 70 329
B195 0 83 328
B195 1 83 328
B195 2 83 328
B195 3 83 328
B0 0 124 436
z 0 0 124 436
m0 28 0 124 436
z 0 0 124 436
m0 37 0 124 436
z 0 0 124 436
m0 42 0 124 436
z 0 0 124 436
m0 44 0 124 436
z 0 0 124 436
m0 52 0 124 436
z 0 0 124 436
m0 83 0 124 436
z 0 0 124 436
m0 101 0 124 436
z 0 0 124 436
m0 116 0 124 436
z 0 0 124 436
m0 123 0 124 436
z 0 0 124 436
m0 139 0 124 436
z 0 0 124 436
m0 171 0 124 436
B0 1 124 436
z 1 0 124 436
m0 28 1 124 436
z 1 0 124 436
m0 37 1 124 436
z 1 0 124 436
m0 42 1 124 436
z 1 0 124 436
m0 44 1 124 436
z 1 0 124 436
m0 52 1 124 436
z 1 0 124 436
m0 83 1 124 436
z 1 0 124 436
m0 101 1 124 436
z 1 0 124 436
m0 116 1 124 436
z 1 0 124 436
m0 123 1 124 436
z 1 0 124 436
m0 139 1 124 436
z 1 0 124 436
m0 171 1 124 436
B0 2 124 436
z 2 0 124 436
m0 28 2 124 436
z 2 0 124 436
m0 37 2 124 436
z 2 0 124 436
m0 42 2 124 436
z 2 0 124 436
m0 44 2 124 436
z 2 0 124 436
m0 52 2 124 436
z 2 0 124 436
m0 83 2 124 436
z 2 0 124 436
m0 101 2 124 436
z 2 0 124 436
m0 116 2 124 436
z 2 0 124 436
m0 123 2 124 436
z 2 0 124 436
m0 139 2 124 436
z 2 0 124 436
m0 171 2 124 436
B0 3 124 436
z 3 0 124 436
m0 28 3 7.0 54.599999999999994 1.0
z 3 0 124 436
m0 37 3 7.0 54.599999999999994 1.0
z 3 0 124 436
m0 42 3 7.0 54.599999999999994 1.0
z 3 0 124 436
m0 44 3 7.0 54.599999999999994 1.0
z 3 0 124 436
m0 52 3 7.0 54.599999999999994 1.0
z 3 0 124 436
m0 83 3 7.0 54.599999999999994 1.0
z 3 0 124 436
m0 101 3 7.0 54.599999999999994 1.0
z 3 0 124 436
m0 116 3 7.0 54.599999999999994 1.0
z 3 0 124 436
m0 123 3 7.0 54.599999999999994 1.0
z 3 0 124 436
m0 139 3 7.0 54.599999999999994 1.0
z 3 0 124 436
m0 171 3 7.0 54.599999999999994 1.0
B20 0 186 312
z 0 20 186 312
m20 9 0 186 312
z 0 20 186 312
m20 12 0 186 312
z 0 20 186 312
m20 76 0 186 312
z 0 20 186 312
m20 111 0 186 312
z 0 20 186 312
m20 115 0 186 312
z 0 20 186 312
m20 142 0 186 312
z 0 20 186 312
m20 186 0 186 312
B20 1 186 312
B20 3 186 312
z 3 20 186 312
m20 9 3 5.6 32.400000000000006 1.0
z 3 20 186 312
m20 12 3 5.6 32.400000000000006 1.0
z 3 20 186 312
m20 76 3 5.6 32.400000000000006 1.0
z 3 20 186 312
m20 111 3 5.6 32.400000000000006 1.0
z 3 20 186 312
m20 115 3 5.6 32.400000000000006 1.0
z 3 20 186 312
m20 142 3 5.6 32.400000000000006 1.0
z 3 20 186 312
m20 186 3 5.6 32.400000000000006 1.0
B31 0 77 137
z 0 31 77 137
m31 33 0 77 137
z 0 31 77 137
m31 38 0 77 137
z 0 31 77 137
m31 59 0 77 137
z 0 31 77 137
m31 97 0 77 137
z 0 31 77 137
m31 161 0 77 137
z 0 31 77 137
m31 205 0 77 137
B31 1 77 137
z 1 31 77 137
m31 33 1 77 137
z 1 31 77 137
m31 38 1 77 137
z 1 31 77 137
m31 59 1 77 137
z 1 31 77 137
m31 97 1 77 137
z 1 31 77 137
m31 161 1 77 137
z 1 31 77 137
m31 205 1 77 137
B31 2 77 137
z 2 31 77 137
m31 33 2 77 137
z 2 31 77 137
m31 38 2 77 137
z 2 31 77 137
m31 59 2 77 137
z 2 31 77 137
m31 97 2 77 137
z 2 31 77 137
m31 161 2 77 137
z 2 31 77 137
m31 165 2 77 137
z 2 31 77 137
m31 205 2 77 137
B31 3 77 137
z 3 31 77 137
m31 161 3 5.0 29.0 0.9866666666666666
z 3 31 77 137
m31 33 3 5.0 29.0 0.9866666666666666
z 3 31 77 137
m31 97 3 5.0 29.0 0.9866666666666666
z 3 31 77 137
m31 205 3 5.0 29.0 0.9866666666666666
z 3 31 77 137
m31 38 3 5.0 29.0 0.9866666666666666
z 3 31 77 137
m31 59 3 5.0 29.0 0.9866666666666666
B57 0 89 417
B57 1 89 417
B57 2 89 417
B57 3 89 417
B62 0 19 147
B62 1 19 147
B62 2 19 147
B62 3 19 147
B65 0 14 438
z 0 65 14 438
m65 136 0 14 438
B65 1 14 438
z 1 65 14 438
m65 136 1 14 438
B65 2 14 438
z 2 65 14 438
m65 136 2 14 438
B77 0 126 231
B77 1 126 231
z 1 77 126 231
m77 12 1 126 231
B77 2 126 231
B77 3 126 231
B86 0 28 137
z 0 86 28 137
m86 124 0 28 137
B86 1 28 137
z 1 86 28 137
m86 124 1 28 137
B86 2 28 137
B86 3 28 137
z 3 86 28 137
m86 124 3 4.0 22.0 1.0
B87 0 142 195
z 0 87 142 195
m87 61 0 142 195
z 0 87 142 195
m87 85 0 142 195
z 0 87 142 195
m87 122 0 142 195
B87 1 142 195
z 1 87 142 195
m87 61 1 142 195
z 1 87 142 195
m87 85 1 142 195
z 1 87 142 195
m87 122 1 142 195
B87 2 142 195
z 2 87 142 195
m87 61 2 142 195
z 2 87 142 195
m87 85 2 142 195
z 2 87 142 195
m87 122 2 142 195
z 2 87 142 195
m87 193 2 142 195
B87 3 142 195
B93 0 178 328
z 0 93 178 328
m93 82 0 178 328
z 0 93 178 328
m93 125 0 178 328
B93 1 178 328
z 1 93 178 328
m93 9 1 178 328
z 1 93 178 328
m93 82 1 178 328
z 1 93 178 328
m93 111 1 178 328
z 1 93 178 328
m93 115 1 178 328
z 1 93 178 328
m93 125 1 178 328
z 1 93 178 328
m93 142 1 178 328
z 1 93 178 328
m93 186 1 178 328
B93 3 178 328
B104 0 120 431
B104 1 120 431
B104 2 120 431
B104 3 120 431
B113 0 36 444
B113 1 36 444
B113 2 36 444
B113 3 36 444
B114 0 104 439
B114 1 104 439
B114 2 104 439
B114 3 104 439
B127 0 83 179
B127 1 83 179
B127 2 83 179
B127 3 83 179
B128 0 150 245
z 0 128 150 245
m128 2 0 150 245
z 0 128 150 245
m128 80 0 150 245
z 0 128 150 245
m128 190 0 150 245
B128 1 150 245
z 1 128 150 245
m128 2 1 150 245
z 1 128 150 245
m128 80 1 150 245
z 1 128 150 245
m128 190 1 150 245
B128 2 150 245
z 2 128 150 245
m128 2 2 150 245
z 2 128 150 245
m128 12 2 150 245
z 2 128 150 245
m128 80 2 150 245
z 2 128 150 245
m128 149 2 150 245
z 2 128 150 245
m128 190 2 150 245
B128 3 150 245
B132 0 139 380
B132 1 139 380
B132 2 139 380
z 2 132 139 380
m132 82 2 139 380
z 2 132 139 380
m132 93 2 139 380
z 2 132 139 380
m132 125 2 139 380
z 2 132 139 380
m132 142 2 139 380
z 2 132 139 380
m132 219 2 139 380
B132 3 139 380
B134 0 16 389
B134 1 16 389
B134 2 16 389
B134 3 16 389
B146 0 144 207
B146 1 144 207
B146 2 144 207
B146 3 144 207
z 3 146 144 207
m146 80 3 6.4 41.6 0.6940639269406392
z 3 146 144 207
m146 190 3 6.4 41.6 0.6940639269406392
z 3 146 144 207
m146 2 3 6.4 41.6 0.6940639269406392
z 3 146 144 207
m146 85 3 6.4 41.6 0.6940639269406392
z 3 146 144 207
m146 122 3 6.4 41.6 0.6940639269406392
B149 0 174 315
B149 1 174 315
B149 3 174 315
B159 0 10 428
B159 1 10 428
B159 2 10 428
B162 0 65 133
B162 1 65 133
B162 2 65 133
B162 3 65 133
B165 0 129 157
B165 1 129 157
B165 3 129 157
z 3 165 129 157
m165 61 3 5.4 34.6 1.0
B187 0 33 115
B187 1 33 115
B187 2 33 115
B187 3 33 115
B193 0 142 180
B193 1 142 180
B193 3 142 180
B194 0 132 382
B194 1 132 382
B194 2 132 382
B194 3 132 382
B200 0 11 124
B200 1 11 124
B200 2 11 124
B200 3 11 124
B213 0 154 324
B213 1 154 324
B213 2 154 324
z 2 213 154 324
m213 9 2 154 324
z 2 213 154 324
m213 20 2 154 324
z 2 213 154 324
m213 186 2 154 324
B213 3 154 324
B216 0 64 174
B216 1 64 174
B216 2 64 174
B216 3 64 174
B219 0 168 369
z 0 219 168 369
m219 150 0 168 369
B219 1 168 369
z 1 219 168 369
m219 150 1 168 369
B219 3 168 369
z 3 219 168 369
m219 150 3 4.8 24.400000000000002 0.44655797101449246
B2 0 217 217
z 0 2 217 217
m2 18 0 217 217
z 0 2 217 217
m2 43 0 217 217
z 0 2 217 217
m2 63 0 217 217
z 0 2 217 217
m2 73 0 217 217
z 0 2 217 217
m2 129 0 217 217
z 0 2 217 217
m2 135 0 217 217
z 0 2 217 217
m2 178 0 217 217
z 0 2 217 217
m2 210 0 217 217
B2 1 217 217
z 1 2 217 217
m2 18 1 217 217
z 1 2 217 217
m2 43 1 217 217
z 1 2 217 217
m2 63 1 217 217
z 1 2 217 217
m2 73 1 217 217
z 1 2 217 217
m2 129 1 217 217
z 1 2 217 217
m2 135 1 217 217
z 1 2 217 217
m2 178 1 217 217
z 1 2 217 217
m2 210 1 217 217
B2 2 217 217
B2 3 217 217
z 3 2 217 217
m2 18 3 6.666666666666666 45.33333333333333 0.8391863843918639
z 3 2 217 217
m2 178 3 6.666666666666666 45.33333333333333 0.8391863843918639
z 3 2 217 217
m2 63 3 6.666666666666666 45.33333333333333 0.8391863843918639
z 3 2 217 217
m2 135 3 6.666666666666666 45.33333333333333 0.8391863843918639
z 3 2 217 217
m2 43 3 6.666666666666666 45.33333333333333 0.8391863843918639
z 3 2 217 217
m2 73 3 6.666666666666666 45.33333333333333 0.8391863843918639
z 3 2 217 217
m2 129 3 6.666666666666666 45.33333333333333 0.8391863843918639
z 3 2 217 217
m2 210 3 6.666666666666666 45.33333333333333 0.8391863843918639
B9 0 227 341
z 0 9 227 341
m9 5 0 227 341
z 0 9 227 341
m9 54 0 227 341
z 0 9 227 341
m9 103 0 227 341
z 0 9 227 341
m9 126 0 227 341
z 0 9 227 341
m9 154 0 227 341
z 0 9 227 341
m9 189 0 227 341
z 0 9 227 341
m9 215 0 227 341
B9 1 227 341
B9 2 227 341
z 2 9 227 341
m9 5 2 227 341
z 2 9 227 341
m9 54 2 227 341
z 2 9 227 341
m9 76 2 227 341
z 2 9 227 341
m9 103 2 227 341
z 2 9 227 341
m9 111 2 227 341
z 2 9 227 341
m9 115 2 227 341
z 2 9 227 341
m9 126 2 227 341
z 2 9 227 341
m9 150 2 227 341
z 2 9 227 341
m9 154 2 227 341
z 2 9 227 341
m9 189 2 227 341
z 2 9 227 341
m9 215 2 227 341
B9 3 227 341
z 3 9 227 341
m9 5 3 6.166666666666667 40.5 1.0
z 3 9 227 341
m9 54 3 6.166666666666667 40.5 1.0
z 3 9 227 341
m9 82 3 6.166666666666667 40.5 1.0
z 3 9 227 341
m9 103 3 6.166666666666667 40.5 1.0
z 3 9 227 341
m9 125 3 6.166666666666667 40.5 1.0
z 3 9 227 341
m9 126 3 6.166666666666667 40.5 1.0
z 3 9 227 341
m9 154 3 6.166666666666667 40.5 1.0
z 3 9 227 341
m9 189 3 6.166666666666667 40.5 1.0
z 3 9 227 341
m9 215 3 6.166666666666667 40.5 1.0
B12 0 176 288
B12 1 176 288
B12 2 176 288
B12 3 176 288
B20 2 186 311
B28 0 172 434
z 0 28 172 434
m28 19 0 172 434
z 0 28 172 434
m28 107 0 172 434
z 0 28 172 434
m28 112 0 172 434
z 0 28 172 434
m28 131 0 172 434
z 0 28 172 434
m28 144 0 172 434
z 0 28 172 434
m28 166 0 172 434
z 0 28 172 434
m28 179 0 172 434
B28 1 172 434
z 1 28 172 434
m28 19 1 172 434
z 1 28 172 434
m28 107 1 172 434
z 1 28 172 434
m28 112 1 172 434
z 1 28 172 434
m28 131 1 172 434
z 1 28 172 434
m28 144 1 172 434
z 1 28 172 434
m28 166 1 172 434
z 1 28 172 434
m28 179 1 172 434
B28 2 172 434
z 2 28 172 434
m28 19 2 172 434
z 2 28 172 434
m28 107 2 172 434
z 2 28 172 434
m28 112 2 172 434
z 2 28 172 434
m28 131 2 172 434
z 2 28 172 434
m28 144 2 172 434
z 2 28 172 434
m28 166 2 172 434
z 2 28 172 434
m28 179 2 172 434
B28 3 172 434
z 3 28 172 434
m28 112 3 7.0 53.666666666666664 0.4593837535014005
z 3 28 172 434
m28 131 3 7.0 53.666666666666664 0.4593837535014005
z 3 28 172 434
m28 107 3 7.0 53.666666666666664 0.4593837535014005
z 3 28 172 434
m28 19 3 7.0 53.666666666666664 0.4593837535014005
z 3 28 172 434
m28 166 3 7.0 53.666666666666664 0.4593837535014005
B33 0 110 79
z 0 33 110 79
m33 15 0 110 79
z 0 33 110 79
m33 138 0 110 79
z 0 33 110 79
m33 153 0 110 79
B33 1 110 79
z 1 33 110 79
m33 15 1 110 79
z 1 33 110 79
m33 138 1 110 79
z 1 33 110 79
m33 153 1 110 79
B33 2 110 79
z 2 33 110 79
m33 15 2 110 79
z 2 33 110 79
m33 138 2 110 79
z 2 33 110 79
m33 153 2 110 79
B33 3 110 79
B37 0 185 428
z 0 37 185 428
m37 201 0 185 428
B37 1 185 428
B37 2 185 428
z 2 37 185 428
m37 201 2 185 428
B37 3 185 428
B38 0 26 115
B38 1 26 115
B38 2 26 115
z 2 38 26 115
m38 124 2 26 115
B38 3 26 115
B42 0 78 489
B42 1 78 489
B42 2 78 489
B42 3 78 489
z 3 42 78 489
m42 136 3 6.0 45.666666666666664 1.0
B44 0 189 445
z 0 44 189 445
m44 66 0 189 445
B44 1 189 445
z 1 44 189 445
m44 66 1 189 445
z 1 44 189 445
m44 201 1 189 445
B44 2 189 445
z 2 44 189 445
m44 66 2 189 445
B44 3 189 445
z 3 44 189 445
m44 201 3 6.5 48.166666666666664 0.0
B52 0 159 411
B52 1 159 411
B52 2 159 411
B52 3 159 411
z 3 52 159 411
m52 144 3 6.0 45.666666666666664 1.0
B59 0 57 114
B59 1 57 114
B59 2 57 114
B59 3 57 114
B61 0 178 172
z 0 61 178 172
m61 211 0 178 172
B61 1 178 172
z 1 61 178 172
m61 211 1 178 172
B61 2 178 172
z 2 61 178 172
m61 73 2 178 172
z 2 61 178 172
m61 211 2 178 172
B61 3 178 172
z 3 61 178 172
m61 211 3 4.666666666666667 29.0 1.0
B76 0 253 329
z 0 76 253 329
m76 17 0 253 329
z 0 76 253 329
m76 172 0 253 329
z 0 76 253 329
m76 183 0 253 329
z 0 76 253 329
m76 188 0 253 329
z 0 76 253 329
m76 203 0 253 329
B76 3 253 329
z 3 76 253 329
m76 172 3 5.5 31.16666666666667 0.634825870646766
z 3 76 253 329
m76 188 3 5.5 31.16666666666667 0.634825870646766
z 3 76 253 329
m76 183 3 5.5 31.16666666666667 0.634825870646766
z 3 76 253 329
m76 17 3 5.5 31.16666666666667 0.634825870646766
B80 0 219 216
B80 1 219 216
B80 2 219 216
z 2 80 219 216
m80 18 2 219 216
z 2 80 219 216
m80 43 2 219 216
z 2 80 219 216
m80 63 2 219 216
z 2 80 219 216
m80 129 2 219 216
z 2 80 219 216
m80 135 2 219 216
z 2 80 219 216
m80 178 2 219 216
z 2 80 219 216
m80 210 2 219 216
B80 3 219 216
B82 0 197 391
B82 1 197 391
z 1 82 197 391
m82 189 1 197 391
B82 2 197 391
B83 0 110 466
B83 1 110 466
B83 2 110 466
B83 3 110 466
z 3 83 110 466
m83 179 3 6.0 45.666666666666664 1.0
B85 0 215 198
z 0 85 215 198
m85 105 0 215 198
B85 1 215 198
z 1 85 215 198
m85 105 1 215 198
B85 2 215 198
B85 3 215 198
z 3 85 215 198
m85 105 3 5.5 34.83333333333333 1.0
B93 2 178 327
B97 0 43 80
B97 1 43 80
B97 2 43 80
B97 3 43 80
B101 0 89 468
B101 1 89 468
B101 2 89 468
B101 3 89 468
B111 0 216 378
B111 1 216 378
z 1 111 216 378
m111 76 1 216 378
z 1 111 216 378
m111 126 1 216 378
z 1 111 216 378
m111 215 1 216 378
B111 3 216 378
B115 0 227 360
B115 1 227 360
B115 3 227 360
B116 0 106 462
B116 1 106 462
B116 2 106 462
B116 3 106 462
B122 0 157 138
B122 1 157 138
B122 2 157 138
B122 3 157 138
z 3 122 157 138
m122 15 3 5.5 34.83333333333333 1.0
B123 0 142 474
B123 1 142 474
B123 2 142 474
B123 3 142 474
B124 0 5 72
B124 1 5 72
B124 3 5 72
B125 0 207 385
B125 1 207 385
B125 2 207 385
B136 0 5 481
B136 1 5 481
B136 2 5 481
B139 0 64 482
B139 1 64 482
B139 2 64 482
B139 3 64 482
z 3 139 64 482
m139 65 3 6.0 45.666666666666664 1.0
B142 0 191 365
B142 1 191 365
B142 2 191 365
B142 3 191 365
B149 2 174 316
B150 0 235 388
B150 1 235 388
z 1 150 235 388
m150 103 1 235 388
B150 3 235 388
B161 0 146 119
B161 1 146 119
B161 2 146 119
B161 3 146 119
B165 2 130 157
B171 0 79 460
B171 1 79 460
B171 2 79 460
B171 3 79 460
B186 0 216 350
B186 1 216 350
z 1 186 216 350
m186 54 1 216 350
B186 2 216 350
B186 3 216 350
B190 0 212 233
B190 1 212 233
z 1 190 212 233
m190 154 1 212 233
B190 2 212 233
B190 3 212 233
B193 2 143 180
B205 0 100 77
B205 1 100 77
B205 2 100 77
B205 3 100 77
z 3 205 100 77
m205 153 3 4.333333333333334 24.333333333333336 1.0
B219 2 167 368
B5 0 296 342
z 0 5 296 342
m5 6 0 296 342
z 0 5 296 342
m5 36 0 296 342
z 0 5 296 342
m5 81 0 296 342
z 0 5 296 342
m5 147 0 296 342
z 0 5 296 342
m5 160 0 296 342
z 0 5 296 342
m5 206 0 296 342
B5 2 296 342
B5 3 296 342
z 3 5 296 342
m5 160 3 6.285714285714286 41.714285714285715 0.6983986886899507
z 3 5 296 342
m5 6 3 6.285714285714286 41.714285714285715 0.6983986886899507
z 3 5 296 342
m5 147 3 6.285714285714286 41.714285714285715 0.6983986886899507
z 3 5 296 342
m5 36 3 6.285714285714286 41.714285714285715 0.6983986886899507
z 3 5 296 342
m5 81 3 6.285714285714286 41.714285714285715 0.6983986886899507
z 3 5 296 342
m5 206 3 6.285714285714286 41.714285714285715 0.6983986886899507
B15 0 178 84
z 0 15 178 84
m15 99 0 178 84
z 0 15 178 84
m15 108 0 178 84
z 0 15 178 84
m15 152 0 178 84
z 0 15 178 84
m15 155 0 178 84
z 0 15 178 84
m15 158 0 178 84
z 0 15 178 84
m15 208 0 178 84
z 0 15 178 84
m15 217 0 178 84
B15 1 178 84
B15 2 178 84
z 2 15 178 84
m15 99 2 178 84
z 2 15 178 84
m15 108 2 178 84
z 2 15 178 84
m15 152 2 178 84
z 2 15 178 84
m15 155 2 178 84
z 2 15 178 84
m15 158 2 178 84
z 2 15 178 84
m15 208 2 178 84
z 2 15 178 84
m15 217 2 178 84
B15 3 178 84
z 3 15 178 84
m15 99 3 5.857142857142858 39.0 1.0
z 3 15 178 84
m15 108 3 5.857142857142858 39.0 1.0
z 3 15 178 84
m15 138 3 5.857142857142858 39.0 1.0
z 3 15 178 84
m15 152 3 5.857142857142858 39.0 1.0
z 3 15 178 84
m15 155 3 5.857142857142858 39.0 1.0
z 3 15 178 84
m15 158 3 5.857142857142858 39.0 1.0
z 3 15 178 84
m15 208 3 5.857142857142858 39.0 1.0
z 3 15 178 84
m15 217 3 5.857142857142858 39.0 1.0
B17 0 296 306
z 0 17 296 306
m17 13 0 296 306
z 0 17 296 306
m17 55 0 296 306
z 0 17 296 306
m17 110 0 296 306
z 0 17 296 306
m17 141 0 296 306
z 0 17 296 306
m17 191 0 296 306
z 0 17 296 306
m17 197 0 296 306
B17 3 296 306
z 3 17 296 306
m17 110 3 5.714285714285714 33.71428571428572 0.7935323383084575
z 3 17 296 306
m17 55 3 5.714285714285714 33.71428571428572 0.7935323383084575
z 3 17 296 306
m17 191 3 5.714285714285714 33.71428571428572 0.7935323383084575
z 3 17 296 306
m17 141 3 5.714285714285714 33.71428571428572 0.7935323383084575
z 3 17 296 306
m17 197 3 5.714285714285714 33.71428571428572 0.7935323383084575
z 3 17 296 306
m17 13 3 5.714285714285714 33.71428571428572 0.7935323383084575
z 3 17 296 306
m17 203 3 5.714285714285714 33.71428571428572 0.7935323383084575
B18 0 273 174
z 0 18 273 174
m18 1 0 273 174
z 0 18 273 174
m18 3 0 273 174
z 0 18 273 174
m18 58 0 273 174
z 0 18 273 174
m18 60 0 273 174
z 0 18 273 174
m18 88 0 273 174
z 0 18 273 174
m18 117 0 273 174
z 0 18 273 174
m18 173 0 273 174
B18 1 273 174
z 1 18 273 174
m18 1 1 273 174
z 1 18 273 174
m18 3 1 273 174
z 1 18 273 174
m18 58 1 273 174
z 1 18 273 174
m18 60 1 273 174
z 1 18 273 174
m18 88 1 273 174
z 1 18 273 174
m18 108 1 273 174
z 1 18 273 174
m18 117 1 273 174
z 1 18 273 174
m18 173 1 273 174
B18 2 273 174
z 2 18 273 174
m18 1 2 273 174
z 2 18 273 174
m18 3 2 273 174
z 2 18 273 174
m18 58 2 273 174
z 2 18 273 174
m18 60 2 273 174
z 2 18 273 174
m18 88 2 273 174
z 2 18 273 174
m18 105 2 273 174
z 2 18 273 174
m18 117 2 273 174
z 2 18 273 174
m18 173 2 273 174
B18 3 273 174
z 3 18 273 174
m18 60 3 6.714285714285714 45.857142857142854 0.7143770898260895
z 3 18 273 174
m18 1 3 6.714285714285714 45.857142857142854 0.7143770898260895
z 3 18 273 174
m18 173 3 6.714285714285714 45.857142857142854 0.7143770898260895
z 3 18 273 174
m18 58 3 6.714285714285714 45.857142857142854 0.7143770898260895
z 3 18 273 174
m18 88 3 6.714285714285714 45.857142857142854 0.7143770898260895
z 3 18 273 174
m18 117 3 6.714285714285714 45.857142857142854 0.7143770898260895
B19 0 209 481
B19 1 209 481
B19 2 209 481
B19 3 209 481
z 3 19 209 481
m19 66 3 6.142857142857143 46.142857142857146 1.0
B43 0 257 234
B43 1 257 234
z 1 43 257 234
m43 13 1 257 234
z 1 43 257 234
m43 55 1 257 234
z 1 43 257 234
m43 141 1 257 234
z 1 43 257 234
m43 183 1 257 234
z 1 43 257 234
m43 188 1 257 234
z 1 43 257 234
m43 197 1 257 234
B43 2 257 234
z 2 43 257 234
m43 13 2 257 234
z 2 43 257 234
m43 55 2 257 234
z 2 43 257 234
m43 141 2 257 234
z 2 43 257 234
m43 183 2 257 234
z 2 43 257 234
m43 188 2 257 234
z 2 43 257 234
m43 197 2 257 234
B43 3 257 234
B54 0 261 300
B54 1 261 300
z 1 54 261 300
m54 5 1 261 300
z 1 54 261 300
m54 17 1 261 300
z 1 54 261 300
m54 172 1 261 300
z 1 54 261 300
m54 203 1 261 300
B54 2 261 300
z 2 54 261 300
m54 17 2 261 300
z 2 54 261 300
m54 172 2 261 300
z 2 54 261 300
m54 203 2 261 300
B54 3 261 300
B63 0 281 225
B63 1 281 225
B63 2 281 225
B63 3 281 225
B65 3 13 436
z 3 65 13 436
m65 159 3 5.2857142857142865 39.28571428571429 1.0
B66 0 223 494
z 0 66 223 494
m66 143 0 223 494
z 0 66 223 494
m66 181 0 223 494
B66 1 223 494
z 1 66 223 494
m66 143 1 223 494
z 1 66 223 494
m66 181 1 223 494
B66 2 223 494
z 2 66 223 494
m66 143 2 223 494
z 2 66 223 494
m66 181 2 223 494
B73 0 227 179
B73 1 227 179
B73 2 227 179
B73 3 227 179
z 3 73 227 179
m73 3 3 5.857142857142858 39.0 1.0
B76 1 252 328
B76 2 252 328
B82 3 197 392
B103 0 293 356
B103 1 293 356
B103 2 293 356
z 2 103 293 356
m103 36 2 293 356
z 2 103 293 356
m103 81 2 293 356
z 2 103 293 356
m103 147 2 293 356
z 2 103 293 356
m103 206 2 293 356
B103 3 293 356
B105 0 253 139
z 0 105 253 139
m105 180 0 253 139
B105 1 253 139
z 1 105 253 139
m105 180 1 253 139
B105 3 253 139
z 3 105 253 139
m105 180 3 5.5 34.83333333333333 -1.0
B107 0 201 488
B107 1 201 488
B107 2 201 488
B107 3 201 488
B111 2 215 379
B112 0 229 475
z 0 112 229 475
m112 27 0 229 475
B112 1 229 475
z 1 112 229 475
m112 27 1 229 475
B112 2 229 475
z 2 112 229 475
m112 27 2 229 475
B112 3 229 475
B115 2 226 360
B124 2 4 73
B125 3 208 385
B126 0 288 383
z 0 126 288 383
m126 40 0 288 383
B126 1 288 383
z 1 126 288 383
m126 36 1 288 383
z 1 126 288 383
m126 40 1 288 383
z 1 126 288 383
m126 81 1 288 383
B126 2 288 383
z 2 126 288 383
m126 40 2 288 383
B126 3 288 383
B129 0 249 198
B129 1 249 198
B129 2 249 198
B129 3 249 198
B131 0 206 493
B131 1 206 493
B131 2 206 493
B131 3 206 493
B135 0 268 219
B135 1 268 219
B135 2 268 219
B135 3 268 219
B136 3 6 480
B138 0 175 65
z 0 138 175 65
m138 89 0 175 65
z 0 138 175 65
m138 133 0 175 65
z 0 138 175 65
m138 207 0 175 65
B138 1 175 65
z 1 138 175 65
m138 89 1 175 65
z 1 138 175 65
m138 99 1 175 65
z 1 138 175 65
m138 133 1 175 65
z 1 138 175 65
m138 152 1 175 65
z 1 138 175 65
m138 155 1 175 65
z 1 138 175 65
m138 158 1 175 65
z 1 138 175 65
m138 207 1 175 65
z 1 138 175 65
m138 208 1 175 65
z 1 138 175 65
m138 217 1 175 65
B138 2 175 65
z 2 138 175 65
m138 89 2 175 65
z 2 138 175 65
m138 133 2 175 65
z 2 138 175 65
m138 207 2 175 65
B144 0 220 438
B144 1 220 438
B144 2 220 438
B144 3 220 438
z 3 144 220 438
m144 143 3 5.2857142857142865 39.28571428571429 1.0
B150 2 234 388
B153 0 120 54
B153 1 120 54
B153 2 120 54
B153 3 120 54
z 3 153 120 54
m153 89 3 4.000000000000001 21.42857142857143 1.0
z 3 153 120 54
m153 207 3 4.000000000000001 21.42857142857143 1.0
B154 0 266 282
B154 1 266 282
B154 2 266 282
B154 3 266 282
B166 0 218 469
B166 1 218 469
B166 2 218 469
B166 3 218 469
z 3 166 218 469
m166 181 3 6.142857142857143 46.142857142857146 1.0
B172 0 313 302
z 0 172 313 302
m172 176 0 313 302
B172 3 313 302
z 3 172 313 302
m172 176 3 4.857142857142858 26.85714285714286 1.0
B178 0 280 199
B178 1 280 199
B178 2 280 199
B178 3 280 199
B179 0 181 484
B179 1 181 484
B179 2 181 484
B179 3 181 484
B183 0 280 287
B183 3 280 287
B188 0 284 275
B188 3 284 275
B189 0 265 361
B189 1 265 361
B189 2 265 361
B189 3 265 361
B201 0 254 456
z 0 201 254 456
m201 45 0 254 456
B201 1 254 456
B201 2 254 456
z 2 201 254 456
m201 45 2 254 456
B201 3 254 456
B203 0 294 307
B210 0 248 212
B210 1 248 212
B210 2 248 212
B210 3 248 212
B211 0 218 111
z 0 211 218 111
m211 180 0 218 111
B211 1 218 111
B211 2 218 111
B211 3 218 111
z 3 211 218 111
m211 180 3 4.666666666666667 29.0 -1.0
B215 0 268 353
B215 1 268 353
B215 2 268 353
B215 3 268 353
B1 0 341 177
z 0 1 341 177
m1 64 0 341 177
z 0 1 341 177
m1 70 0 341 177
z 0 1 341 177
m1 74 0 341 177
z 0 1 341 177
m1 100 0 341 177
z 0 1 341 177
m1 106 0 341 177
z 0 1 341 177
m1 156 0 341 177
z 0 1 341 177
m1 163 0 341 177
z 0 1 341 177
m1 168 0 341 177
z 0 1 341 177
m1 170 0 341 177
B1 1 341 177
z 1 1 341 177
m1 64 1 341 177
z 1 1 341 177
m1 70 1 341 177
z 1 1 341 177
m1 74 1 341 177
z 1 1 341 177
m1 100 1 341 177
z 1 1 341 177
m1 106 1 341 177
z 1 1 341 177
m1 156 1 341 177
z 1 1 341 177
m1 163 1 341 177
z 1 1 341 177
m1 168 1 341 177
z 1 1 341 177
m1 170 1 341 177
B1 2 341 177
B1 3 341 177
z 3 1 341 177
m1 64 3 7.0 50.25 0.8398855546140672
z 3 1 341 177
m1 168 3 7.0 50.25 0.8398855546140672
z 3 1 341 177
m1 163 3 7.0 50.25 0.8398855546140672
z 3 1 341 177
m1 156 3 7.0 50.25 0.8398855546140672
z 3 1 341 177
m1 70 3 7.0 50.25 0.8398855546140672
z 3 1 341 177
m1 106 3 7.0 50.25 0.8398855546140672
z 3 1 341 177
m1 100 3 7.0 50.25 0.8398855546140672
z 3 1 341 177
m1 74 3 7.0 50.25 0.8398855546140672
z 3 1 341 177
m1 170 3 7.0 50.25 0.8398855546140672
B3 0 289 144
z 0 3 289 144
m3 29 0 289 144
z 0 3 289 144
m3 50 0 289 144
z 0 3 289 144
m3 121 0 289 144
B3 1 289 144
z 1 3 289 144
m3 29 1 289 144
z 1 3 289 144
m3 50 1 289 144
z 1 3 289 144
m3 121 1 289 144
B3 2 289 144
z 2 3 289 144
m3 29 2 289 144
z 2 3 289 144
m3 50 2 289 144
z 2 3 289 144
m3 74 2 289 144
z 2 3 289 144
m3 106 2 289 144
z 2 3 289 144
m3 121 2 289 144
B3 3 289 144
z 3 3 289 144
m3 29 3 5.5 35.25 1.0
z 3 3 289 144
m3 50 3 5.5 35.25 1.0
z 3 3 289 144
m3 121 3 5.5 35.25 1.0
B5 1 297 342
z 1 5 297 342
m5 6 1 297 342
z 1 5 297 342
m5 147 1 297 342
z 1 5 297 342
m5 160 1 297 342
z 1 5 297 342
m5 206 1 297 342
B6 0 347 305
z 0 6 347 305
m6 4 0 347 305
z 0 6 347 305
m6 23 0 347 305
z 0 6 347 305
m6 24 0 347 305
z 0 6 347 305
m6 26 0 347 305
z 0 6 347 305
m6 119 0 347 305
z 0 6 347 305
m6 218 0 347 305
B6 3 347 305
z 3 6 347 305
m6 23 3 6.25 41.0 0.5930381123209183
z 3 6 347 305
m6 24 3 6.25 41.0 0.5930381123209183
z 3 6 347 305
m6 4 3 6.25 41.0 0.5930381123209183
z 3 6 347 305
m6 218 3 6.25 41.0 0.5930381123209183
z 3 6 347 305
m6 26 3 6.25 41.0 0.5930381123209183
B13 0 322 261
B13 1 322 261
z 1 13 322 261
m13 24 1 322 261
z 1 13 322 261
m13 26 1 322 261
z 1 13 322 261
m13 110 1 322 261
z 1 13 322 261
m13 176 1 322 261
z 1 13 322 261
m13 191 1 322 261
B13 2 322 261
B13 3 322 261
B17 1 297 305
B17 2 297 305
z 2 17 297 305
m17 6 2 297 305
z 2 17 297 305
m17 110 2 297 305
z 2 17 297 305
m17 160 2 297 305
z 2 17 297 305
m17 176 2 297 305
z 2 17 297 305
m17 191 2 297 305
B27 0 293 458
B27 1 293 458
z 1 27 293 458
m27 45 1 293 458
B27 2 293 458
B36 0 348 351
z 0 36 348 351
m36 94 0 348 351
z 0 36 348 351
m36 167 0 348 351
z 0 36 348 351
m36 209 0 348 351
B36 1 348 351
z 1 36 348 351
m36 23 1 348 351
z 1 36 348 351
m36 94 1 348 351
z 1 36 348 351
m36 119 1 348 351
z 1 36 348 351
m36 167 1 348 351
z 1 36 348 351
m36 209 1 348 351
B36 2 348 351
z 2 36 348 351
m36 23 2 348 351
z 2 36 348 351
m36 94 2 348 351
z 2 36 348 351
m36 119 2 348 351
z 2 36 348 351
m36 167 2 348 351
z 2 36 348 351
m36 209 2 348 351
B36 3 348 351
z 3 36 348 351
m36 167 3 6.0 38.5 0.22223909885395937
B40 0 313 430
z 0 40 313 430
m40 140 0 313 430
B40 1 313 430
z 1 40 313 430
m40 140 1 313 430
B40 2 313 430
B45 0 309 491
B45 2 309 491
B55 0 324 242
B55 1 324 242
B55 2 324 242
z 2 55 324 242
m55 24 2 324 242
z 2 55 324 242
m55 26 2 324 242
z 2 55 324 242
m55 64 2 324 242
z 2 55 324 242
m55 163 2 324 242
z 2 55 324 242
m55 170 2 324 242
B55 3 324 242
B58 0 265 115
z 0 58 265 115
m58 180 0 265 115
B58 1 265 115
z 1 58 265 115
m58 180 1 265 115
B58 2 265 115
z 2 58 265 115
m58 180 2 265 115
B58 3 265 115
z 3 58 265 115
m58 180 3 6.714285714285714 45.857142857142854 -1.0
B60 0 303 110
z 0 60 303 110
m60 180 0 303 110
B60 1 303 110
z 1 60 303 110
m60 180 1 303 110
B60 2 303 110
B60 3 303 110
z 3 60 303 110
m60 180 3 6.714285714285714 45.857142857142854 -1.0
B66 3 222 495
B81 0 313 388
B81 1 313 388
B81 2 313 388
B81 3 313 388
z 3 81 313 388
m81 27 3 6.0 38.5 0.22223909885395937
B88 0 320 140
z 0 88 320 140
m88 30 0 320 140
z 0 88 320 140
m88 182 0 320 140
B88 1 320 140
B88 2 320 140
B88 3 320 140
B89 0 140 5
B89 1 140 5
B89 2 140 5
B89 3 140 5
B99 0 212 61
z 0 99 212 61
m99 180 0 212 61
B99 1 212 61
z 1 99 212 61
m99 180 1 212 61
B99 2 212 61
B99 3 212 61
z 3 99 212 61
m99 180 3 5.857142857142858 39.0 -1.0
B105 2 253 138
B108 0 247 106
z 0 108 247 106
m108 180 0 247 106
B108 1 247 106
z 1 108 247 106
m108 180 1 247 106
B108 2 247 106
z 2 108 247 106
m108 180 2 247 106
B108 3 247 106
z 3 108 247 106
m108 180 3 5.857142857142858 39.0 -1.0
B110 0 362 277
z 0 110 362 277
m110 49 0 362 277
z 0 110 362 277
m110 157 0 362 277
B110 3 362 277
B117 0 319 194
B117 1 319 194
B117 2 319 194
B117 3 319 194
B133 0 219 14
z 0 133 219 14
m133 180 0 219 14
B133 1 219 14
B133 2 219 14
z 2 133 219 14
m133 180 2 219 14
B138 3 174 65
z 3 138 174 65
m138 133 3 5.25 34.25 1.0
B141 0 310 250
B141 1 310 250
B141 2 310 250
B141 3 310 250
B143 0 286 469
B143 1 286 469
B143 2 286 469
B143 3 286 469
z 3 143 286 469
m143 40 3 4.875000000000001 34.87500000000001 1.0
z 3 143 286 469
m143 45 3 4.875000000000001 34.87500000000001 1.0
B147 0 352 320
B147 2 352 320
z 2 147 352 320
m147 218 2 352 320
B147 3 352 320
B152 0 226 31
z 0 152 226 31
m152 180 0 226 31
B152 1 226 31
z 1 152 226 31
m152 180 1 226 31
B152 2 226 31
z 2 152 226 31
m152 180 2 226 31
B152 3 226 31
z 3 152 226 31
m152 180 3 5.857142857142858 39.0 -1.0
B155 0 237 78
z 0 155 237 78
m155 180 0 237 78
B155 1 237 78
B155 2 237 78
B155 3 237 78
z 3 155 237 78
m155 180 3 5.857142857142858 39.0 -1.0
B158 0 238 61
z 0 158 238 61
m158 180 0 238 61
B158 1 238 61
z 1 158 238 61
m158 180 1 238 61
B158 2 238 61
B158 3 238 61
z 3 158 238 61
m158 180 3 5.857142857142858 39.0 -1.0
B159 3 13 427
B160 0 342 296
B160 3 342 296
z 3 160 342 296
m160 119 3 5.625 36.625 1.0
B172 1 312 303
B172 2 312 303
B173 0 263 111
z 0 173 263 111
m173 180 0 263 111
B173 1 263 111
z 1 173 263 111
m173 180 1 263 111
B173 2 263 111
z 2 173 263 111
m173 180 2 263 111
B173 3 263 111
z 3 173 263 111
m173 180 3 6.714285714285714 45.857142857142854 -1.0
B176 0 354 256
B176 3 354 256
z 3 176 354 256
m176 49 3 4.375 23.625000000000004 1.0
B181 0 285 490
B181 1 285 490
B181 2 285 490
B181 3 285 490
B183 1 279 287
B183 2 279 287
B188 1 284 275
B188 2 284 275
B191 0 365 304
B191 3 365 304
B197 0 295 249
B197 1 295 249
B197 2 295 249
B197 3 295 249
B203 1 293 306
B203 2 293 306
B203 3 293 306
B206 0 333 321
B206 2 333 321
B206 3 333 321
B207 0 131 8
B207 1 131 8
B207 2 131 8
B207 3 131 8
B208 0 198 32
B208 1 198 32
B208 2 198 32
B208 3 198 32
B217 0 231 87
z 0 217 231 87
m217 180 0 231 87
B217 1 231 87
B217 2 231 87
B217 3 231 87
z 3 217 231 87
m217 180 3 5.857142857142858 39.0 -1.0
B4 0 406 262
z 0 4 406 262
m4 90 0 406 262
z 0 4 406 262
m4 199 0 406 262
B4 3 406 262
B6 1 346 305
z 1 6 346 305
m6 4 1 346 305
z 1 6 346 305
m6 218 1 346 305
B6 2 346 305
B23 0 411 342
z 0 23 411 342
m23 22 0 411 342
z 0 23 411 342
m23 48 0 411 342
z 0 23 411 342
m23 84 0 411 342
z 0 23 411 342
m23 96 0 411 342
z 0 23 411 342
m23 137 0 411 342
z 0 23 411 342
m23 196 0 411 342
B23 1 411 342
z 1 23 411 342
m23 22 1 411 342
z 1 23 411 342
m23 48 1 411 342
z 1 23 411 342
m23 49 1 411 342
z 1 23 411 342
m23 84 1 411 342
z 1 23 411 342
m23 96 1 411 342
z 1 23 411 342
m23 137 1 411 342
z 1 23 411 342
m23 157 1 411 342
z 1 23 411 342
m23 196 1 411 342
B23 2 411 342
B23 3 411 342
z 3 23 411 342
m23 196 3 6.555555555555555 45.44444444444444 0.7642509608278274
z 3 23 411 342
m23 94 3 6.555555555555555 45.44444444444444 0.7642509608278274
z 3 23 411 342
m23 157 3 6.555555555555555 45.44444444444444 0.7642509608278274
z 3 23 411 342
m23 22 3 6.555555555555555 45.44444444444444 0.7642509608278274
z 3 23 411 342
m23 96 3 6.555555555555555 45.44444444444444 0.7642509608278274
z 3 23 411 342
m23 48 3 6.555555555555555 45.44444444444444 0.7642509608278274
z 3 23 411 342
m23 137 3 6.555555555555555 45.44444444444444 0.7642509608278274
z 3 23 411 342
m23 209 3 6.555555555555555 45.44444444444444 0.7642509608278274
z 3 23 411 342
m23 84 3 6.555555555555555 45.44444444444444 0.7642509608278274
B24 0 394 250
B24 1 394 250
B24 2 394 250
B24 3 394 250
z 3 24 394 250
m24 90 3 5.666666666666666 36.55555555555556 1.0
B26 0 373 252
B26 1 373 252
B26 2 373 252
z 2 26 373 252
m26 4 2 373 252
z 2 26 373 252
m26 49 2 373 252
z 2 26 373 252
m26 70 2 373 252
z 2 26 373 252
m26 157 2 373 252
z 2 26 373 252
m26 168 2 373 252
B26 3 373 252
B27 3 294 459
B29 0 280 97
z 0 29 280 97
m29 180 0 280 97
B29 1 280 97
z 1 29 280 97
m29 180 1 280 97
B29 2 280 97
z 2 29 280 97
m29 180 2 280 97
B29 3 280 97
z 3 29 280 97
m29 180 3 5.5 35.25 -1.0
B30 0 355 104
z 0 30 355 104
m30 21 0 355 104
z 0 30 355 104
m30 35 0 355 104
z 0 30 355 104
m30 148 0 355 104
z 0 30 355 104
m30 214 0 355 104
B40 3 314 429
B45 1 309 492
B45 3 309 492
B49 0 414 272
B49 3 414 272
z 3 49 414 272
m49 199 3 4.0 21.111111111111114 1.0
B50 0 261 94
z 0 50 261 94
m50 180 0 261 94
B50 1 261 94
z 1 50 261 94
m50 180 1 261 94
B50 2 261 94
z 2 50 261 94
m50 180 2 261 94
B50 3 261 94
z 3 50 261 94
m50 180 3 5.5 35.25 -1.0
B64 0 396 226
B64 1 396 226
z 1 64 396 226
m64 90 1 396 226
B64 2 396 226
z 2 64 396 226
m64 90 2 396 226
z 2 64 396 226
m64 100 2 396 226
z 2 64 396 226
m64 156 2 396 226
B64 3 396 226
B70 0 390 198
z 0 70 390 198
m70 14 0 390 198
B70 1 390 198
B70 3 390 198
z 3 70 390 198
m70 14 3 6.333333333333333 44.77777777777778 1.0
B74 0 346 133
B74 1 346 133
z 1 74 346 133
m74 30 1 346 133
z 1 74 346 133
m74 35 1 346 133
z 1 74 346 133
m74 182 1 346 133
B74 2 346 133
B74 3 346 133
B94 0 368 403
z 0 94 368 403
m94 72 0 368 403
z 0 94 368 403
m94 169 0 368 403
B94 1 368 403
z 1 94 368 403
m94 72 1 368 403
z 1 94 368 403
m94 169 1 368 403
B94 2 368 403
B100 0 385 163
B100 1 385 163
z 1 100 385 163
m100 14 1 385 163
z 1 100 385 163
m100 148 1 385 163
B100 3 385 163
B106 0 339 127
B106 1 339 127
B106 2 339 127
B106 3 339 127
B110 1 363 276
B110 2 363 276
B119 0 406 312
B119 1 406 312
z 1 119 406 312
m119 199 1 406 312
B119 2 406 312
z 2 119 406 312
m119 22 2 406 312
z 2 119 406 312
m119 48 2 406 312
z 2 119 406 312
m119 84 2 406 312
z 2 119 406 312
m119 199 2 406 312
B119 3 406 312
B121 0 313 103
z 0 121 313 103
m121 180 0 313 103
B121 1 313 103
B121 2 313 103
B121 3 313 103
z 3 121 313 103
m121 180 3 5.5 35.25 -1.0
B133 3 220 14
z 3 133 220 14
m133 180 3 5.25 34.25 -1.0
B140 0 374 449
z 0 140 374 449
m140 10 0 374 449
z 0 140 374 449
m140 130 0 374 449
z 0 140 374 449
m140 177 0 374 449
z 0 140 374 449
m140 198 0 374 449
B140 1 374 449
z 1 140 374 449
m140 10 1 374 449
z 1 140 374 449
m140 130 1 374 449
z 1 140 374 449
m140 177 1 374 449
z 1 140 374 449
m140 198 1 374 449
B147 1 352 319
B156 0 395 161
B156 1 395 161
B156 3 395 161
z 3 156 395 161
m156 35 3 6.666666666666667 46.44444444444444 0.0
B157 0 434 273
z 0 157 434 273
m157 204 0 434 273
B160 1 341 296
B160 2 341 296
B163 0 366 245
B163 1 366 245
B163 2 366 245
B163 3 366 245
B167 0 418 370
B167 1 418 370
B167 2 418 370
B167 3 418 370
z 3 167 418 370
m167 169 3 5.444444444444444 34.333333333333336 1.0
B168 0 412 192
z 0 168 412 192
m168 192 0 412 192
B168 1 412 192
z 1 168 412 192
m168 192 1 412 192
z 1 168 412 192
m168 204 1 412 192
B168 3 412 192
B170 0 376 198
B170 1 376 198
B170 2 376 198
B170 3 376 198
B176 1 353 256
B176 2 353 256
B182 0 359 99
z 0 182 359 99
m182 16 0 359 99
z 0 182 359 99
m182 47 0 359 99
z 0 182 359 99
m182 53 0 359 99
B191 1 366 304
B191 2 366 304
B206 1 332 321
B209 0 385 378
B209 1 385 378
B209 2 385 378
z 2 209 385 378
m209 96 2 385 378
z 2 209 385 378
m209 137 2 385 378
z 2 209 385 378
m209 140 2 385 378
z 2 209 385 378
m209 169 2 385 378
B218 0 403 273
B218 2 403 273
B218 3 403 273
B4 1 407 262
B4 2 407 262
B10 0 433 459
B10 1 433 459
B14 0 453 157
z 0 14 453 157
m14 7 0 453 157
z 0 14 453 157
m14 67 0 453 157
z 0 14 453 157
m14 69 0 453 157
z 0 14 453 157
m14 102 0 453 157
z 0 14 453 157
m14 184 0 453 157
B14 1 453 157
z 1 14 453 157
m14 7 1 453 157
z 1 14 453 157
m14 67 1 453 157
z 1 14 453 157
m14 69 1 453 157
z 1 14 453 157
m14 102 1 453 157
z 1 14 453 157
m14 184 1 453 157
B14 3 453 157
z 3 14 453 157
m14 7 3 6.5 46.699999999999996 1.0
z 3 14 453 157
m14 67 3 6.5 46.699999999999996 1.0
z 3 14 453 157
m14 69 3 6.5 46.699999999999996 1.0
z 3 14 453 157
m14 102 3 6.5 46.699999999999996 1.0
z 3 14 453 157
m14 148 3 6.5 46.699999999999996 1.0
z 3 14 453 157
m14 184 3 6.5 46.699999999999996 1.0
z 3 14 453 157
m14 192 3 6.5 46.699999999999996 1.0
z 3 14 453 157
m14 204 3 6.5 46.699999999999996 1.0
B16 0 425 68
z 0 16 425 68
m16 25 0 425 68
z 0 16 425 68
m16 39 0 425 68
z 0 16 425 68
m16 68 0 425 68
z 0 16 425 68
m16 78 0 425 68
z 0 16 425 68
m16 79 0 425 68
z 0 16 425 68
m16 92 0 425 68
z 0 16 425 68
m16 175 0 425 68
z 0 16 425 68
m16 212 0 425 68
B21 0 347 46
z 0 21 347 46
m21 56 0 347 46
z 0 21 347 46
m21 145 0 347 46
z 0 21 347 46
m21 151 0 347 46
z 0 21 347 46
m21 202 0 347 46
B22 0 477 319
B22 1 477 319
B22 2 477 319
z 2 22 477 319
m22 196 2 477 319
B22 3 477 319
B30 1 354 105
z 1 30 354 105
m30 21 1 354 105
z 1 30 354 105
m30 214 1 354 105
B35 0 408 91
B35 1 408 91
z 1 35 408 91
m35 16 1 408 91
z 1 35 408 91
m35 39 1 408 91
z 1 35 408 91
m35 47 1 408 91
z 1 35 408 91
m35 53 1 408 91
z 1 35 408 91
m35 68 1 408 91
z 1 35 408 91
m35 78 1 408 91
z 1 35 408 91
m35 92 1 408 91
z 1 35 408 91
m35 175 1 408 91
B35 3 408 91
z 3 35 408 91
m35 92 3 7.1 53.9 0.0
z 3 35 408 91
m35 214 3 7.1 53.9 0.0
z 3 35 408 91
m35 68 3 7.1 53.9 0.0
z 3 35 408 91
m35 39 3 7.1 53.9 0.0
z 3 35 408 91
m35 175 3 7.1 53.9 0.0
z 3 35 408 91
m35 30 3 7.1 53.9 0.0
z 3 35 408 91
m35 78 3 7.1 53.9 0.0
z 3 35 408 91
m35 182 3 7.1 53.9 0.0
B47 0 414 57
B48 0 477 320
B48 1 477 320
B48 2 477 320
B48 3 477 320
B49 1 413 273
B49 2 413 273
B53 0 427 68
B70 2 390 199
B72 0 398 462
B72 1 398 462
B84 0 432 358
B84 1 432 358
B84 2 432 358
B84 3 432 358
B90 0 428 194
B90 1 428 194
B90 2 428 194
B90 3 428 194
B94 3 369 403
B96 0 413 412
B96 1 413 412
B96 2 413 412
B96 3 413 412
z 3 96 413 412
m96 177 3 6.300000000000001 42.5 0.0
B100 2 384 163
z 2 100 384 163
m100 14 2 384 163
z 2 100 384 163
m100 30 2 384 163
z 2 100 384 163
m100 35 2 384 163
z 2 100 384 163
m100 148 2 384 163
z 2 100 384 163
m100 182 2 384 163
B130 0 403 495
B130 1 403 495
B137 0 446 386
B137 1 446 386
B137 2 446 386
z 2 137 446 386
m137 10 2 446 386
B137 3 446 386
z 3 137 446 386
m137 10 3 6.0 41.0 1.0
B140 2 373 450
z 2 140 373 450
m140 72 2 373 450
z 2 140 373 450
m140 130 2 373 450
z 2 140 373 450
m140 177 2 373 450
z 2 140 373 450
m140 198 2 373 450
B148 0 417 100
B148 1 417 100
B156 2 395 160
B157 1 434 272
B157 2 434 272
z 2 157 434 272
m157 204 2 434 272
B157 3 434 272
B168 2 412 192
z 2 168 412 192
m168 192 2 412 192
B169 0 405 434
B169 1 405 434
B169 2 405 434
B169 3 405 434
z 3 169 405 434
m169 72 3 5.3 32.5 1.0
z 3 169 405 434
m169 130 3 5.3 32.5 1.0
z 3 169 405 434
m169 140 3 5.3 32.5 1.0
z 3 169 405 434
m169 198 3 5.3 32.5 1.0
B177 0 408 479
B177 1 408 479
B182 1 359 100
B192 0 479 183
B192 1 479 183
B196 0 480 371
B196 1 480 371
B196 3 480 371
B198 0 394 497
B198 1 394 497
B199 0 472 295
B199 1 472 295
B199 2 472 295
B199 3 472 295
B204 0 479 223
B204 1 479 223
B209 3 386 378
B214 0 361 37
B218 1 404 274
B7 0 450 95
B7 1 450 95
z 1 7 450 95
m7 79 1 450 95
z 1 7 450 95
m7 212 1 450 95
B7 3 450 95
z 3 7 450 95
m7 212 3 6.363636363636363 44.72727272727272 0.44036958066808785
z 3 7 450 95
m7 79 3 6.363636363636363 44.72727272727272 0.44036958066808785
z 3 7 450 95
m7 47 3 6.363636363636363 44.72727272727272 0.44036958066808785
B10 2 434 459
B10 3 434 459
B14 2 454 158
B16 1 425 69
B21 1 348 46
z 1 21 348 46
m21 25 1 348 46
z 1 21 348 46
m21 56 1 348 46
z 1 21 348 46
m21 145 1 348 46
z 1 21 348 46
m21 151 1 348 46
z 1 21 348 46
m21 202 1 348 46
B25 0 383 16
B30 2 354 106
z 2 30 354 106
m30 21 2 354 106
z 2 30 354 106
m30 214 2 354 106
B30 3 354 106
z 3 30 354 106
m30 21 3 6.545454545454545 49.09090909090909 1.0
B35 2 408 92
z 2 35 408 92
m35 7 2 408 92
z 2 35 408 92
m35 16 2 408 92
z 2 35 408 92
m35 39 2 408 92
z 2 35 408 92
m35 47 2 408 92
z 2 35 408 92
m35 53 2 408 92
z 2 35 408 92
m35 67 2 408 92
z 2 35 408 92
m35 68 2 408 92
z 2 35 408 92
m35 69 2 408 92
z 2 35 408 92
m35 78 2 408 92
z 2 35 408 92
m35 92 2 408 92
z 2 35 408 92
m35 102 2 408 92
z 2 35 408 92
m35 175 2 408 92
B39 0 436 26
z 0 39 436 26
m39 174 0 436 26
B39 1 436 26
B39 3 436 26
z 3 39 436 26
m39 145 3 6.909090909090908 51.27272727272727 0.0
z 3 39 436 26
m39 25 3 6.909090909090908 51.27272727272727 0.0
B47 1 413 58
B53 1 427 67
B56 0 341 8
B67 0 471 119
B67 1 471 119
B67 3 471 119
B68 0 451 33
B68 1 451 33
B68 3 451 33
B69 0 459 104
B69 1 459 104
B69 3 459 104
B72 2 398 462
B72 3 398 462
B78 0 458 70
B78 1 458 70
z 1 78 458 70
m78 174 1 458 70
B78 3 458 70
B79 0 478 44
B92 0 480 76
B92 1 480 76
B92 3 480 76
B102 0 454 102
B102 1 454 102
B102 3 454 102
B130 2 404 495
B130 3 404 495
B140 3 373 451
B145 0 365 10
B148 2 417 99
B148 3 417 99
B151 0 309 38
z 0 151 309 38
m151 180 0 309 38
B175 0 420 30
B175 1 420 30
B175 3 420 30
B177 2 409 478
B177 3 409 478
B182 2 358 101
B182 3 358 101
z 3 182 358 101
m182 16 3 6.545454545454545 49.09090909090909 1.0
B184 0 489 98
B184 1 489 98
B184 3 489 98
z 3 184 489 98
m184 53 3 6.0 42.54545454545454 1.0
B192 2 479 182
B192 3 479 182
B196 2 480 372
B198 2 395 497
B198 3 395 497
B202 0 289 55
z 0 202 289 55
m202 180 0 289 55
B204 2 480 223
B204 3 480 223
B212 0 466 34
B214 1 360 38
B214 3 360 38
B7 2 449 95
z 2 7 449 95
m7 79 2 449 95
z 2 7 449 95
m7 184 2 449 95
z 2 7 449 95
m7 212 2 449 95
B16 2 424 70
z 2 16 424 70
m16 25 2 424 70
B16 3 424 70
B21 2 349 46
B21 3 349 46
z 3 21 349 46
m21 56 3 6.25 45.75 1.0
z 3 21 349 46
m21 151 3 6.25 45.75 1.0
z 3 21 349 46
m21 202 3 6.25 45.75 1.0
B25 1 382 15
B25 3 382 15
B39 2 436 26
z 2 39 436 26
m39 145 2 436 26
z 2 39 436 26
m39 174 2 436 26
B47 2 412 58
B47 3 412 58
B53 2 427 66
B53 3 427 66
B56 1 340 7
B67 2 470 120
B68 2 452 33
B69 2 459 103
B78 2 458 69
B79 1 479 45
B79 3 479 45
z 3 79 479 45
m79 174 3 5.916666666666666 41.08333333333333 1.0
B92 2 480 77
B102 2 455 102
B145 1 365 11
B145 3 365 11
B151 1 310 38
z 1 151 310 38
m151 180 1 310 38
B174 0 482 13
B174 1 482 13
B175 2 420 29
B202 1 290 55
B212 1 466 35
B212 3 466 35
B214 2 359 38
B25 2 381 14
B56 3 340 6
B79 2 479 46
B145 2 365 12
B151 3 311 39
z 3 151 311 39
m151 180 3 6.25 45.75 -1.0
B174 2 481 13
B174 3 481 13
B184 2 487 97
B202 3 291 55
z 3 202 291 55
m202 180 3 6.25 45.75 -1.0
B212 2 467 36
