59 7 127 253
s 0 274 347 218 0
s 1 247 68 110 0
s 2 331 281 254 0
s 3 155 315 74 0
s 4 172 296 288 0
s 5 157 76 347 0
s 6 441 410 332 0
s 7 176 342 241 0
s 8 468 313 203 0
s 9 380 282 170 0
s 10 151 159 197 0
s 11 24 252 352 0
s 12 116 353 176 0
s 13 81 366 140 0
s 14 347 413 252 0
s 15 230 2 253 0
s 16 80 305 36 0
s 17 410 311 314 0
s 18 262 222 331 0
s 19 115 451 312 0
s 20 470 237 177 0
s 21 67 329 250 0
s 22 95 216 81 0
s 23 53 214 228 0
s 24 68 334 249 0
s 25 300 177 267 0
s 26 59 7 172 0
s 27 83 481 275 0
s 28 274 377 151 0
s 29 289 320 110 0
s 30 139 485 295 0
s 31 61 138 125 0
s 32 358 246 68 0
s 33 288 340 109 0
s 34 234 365 340 0
s 35 143 202 273 0
s 36 5 204 342 0
s 37 202 160 31 0
s 38 300 38 73 0
s 39 499 383 304 0
s 40 474 87 225 0
s 41 438 64 200 0
s 42 453 437 197 0
s 43 490 252 288 0
s 44 270 0 304 0
s 45 386 157 300 0
s 46 411 75 123 0
s 47 395 220 317 0
s 48 14 198 291 0
s 49 265 271 236 0
s 50 473 249 100 0
s 51 261 221 176 0
s 52 242 66 82 0
s 53 294 450 342 0
s 54 105 90 352 0
s 55 91 148 51 0
s 56 155 365 71 0
s 57 269 493 344 0
s 58 10 197 341 0
s 59 259 259 257 0
s 60 302 365 15 0
s 61 50 124 123 0
s 62 381 3 60 0
s 63 377 400 233 0
s 64 476 14 352 0
s 65 306 161 339 0
s 66 322 263 217 0
s 67 291 21 219 0
s 68 22 400 330 0
s 69 29 135 187 0
s 70 217 223 250 0
s 71 385 72 344 0
s 72 18 24 337 0
s 73 350 73 196 0
s 74 70 485 118 0
s 75 67 447 340 0
s 76 190 270 255 0
s 77 105 198 286 0
s 78 109 430 31 0
s 79 27 225 69 0
s 80 124 383 245 0
s 81 342 40 276 0
s 82 165 295 279 0
s 83 271 36 172 0
s 84 256 391 306 0
s 85 53 461 51 0
s 86 60 25 220 0
s 87 375 387 354 0
s 88 235 27 160 0
s 89 432 306 242 0
s 90 435 475 270 0
s 91 12 356 11 0
s 92 181 67 45 0
s 93 234 358 314 0
s 94 152 311 318 0
s 95 13 45 253 0
s 96 436 332 31 0
s 97 48 477 157 0
s 98 41 96 312 0
s 99 491 194 329 0
s 100 279 175 309 0
s 101 315 207 330 0
s 102 462 69 297 0
s 103 22 336 311 0
s 104 160 344 267 0
s 105 353 327 86 0
s 106 244 451 256 0
s 107 366 355 116 0
s 108 303 372 189 0
s 109 391 207 90 0
s 110 224 376 239 0
s 111 364 235 277 0
s 112 118 473 353 0
s 113 280 441 306 0
s 114 205 98 345 0
s 115 391 246 284 0
s 116 124 358 288 0
s 117 2 142 202 0
s 118 228 62 101 0
s 119 86 226 145 0
s 120 103 481 300 0
s 121 450 325 242 0
s 122 158 258 16 0
s 123 61 13 89 0
s 124 491 335 258 0
s 125 187 199 235 0
s 126 120 391 269 0
s 127 358 1 105 0
s 128 470 246 0 0
s 129 408 203 134 0
s 130 391 452 343 0
s 131 88 114 18 0
s 132 465 466 87 0
s 133 301 461 354 0
s 134 347 147 268 0
s 135 11 414 221 0
s 136 217 376 248 0
s 137 248 362 181 0
s 138 131 358 18 0
s 139 186 349 231 0
s 140 277 209 57 0
s 141 483 223 359 0
s 142 146 431 100 0
s 143 345 499 125 0
s 144 211 407 64 0
s 145 297 27 37 0
s 146 17 29 141 0
s 147 262 484 255 0
s 148 464 79 309 0
s 149 265 450 187 0
s 150 88 104 306 0
s 151 121 3 343 0
s 152 221 412 323 0
s 153 179 372 72 0
s 154 497 211 355 0
s 155 211 221 58 0
s 156 250 481 22 0
s 157 450 280 325 0
s 158 311 444 280 0
s 159 253 31 356 0
s 160 57 3 252 0
s 161 194 403 316 0
s 162 94 129 127 0
s 163 174 425 359 0
s 164 301 393 359 0
s 165 2 122 75 0
s 166 222 197 299 0
s 167 370 473 227 0
s 168 244 300 120 0
s 169 67 69 281 0
s 170 127 253 229 0
s 171 219 98 206 0
s 172 72 311 52 0
s 173 333 25 62 0
s 174 28 331 94 0
s 175 19 65 60 0
s 176 257 100 49 0
s 177 259 74 134 0
s 178 72 155 17 0
s 179 37 257 166 0
s 180 108 472 104 0
s 181 461 95 30 0
s 182 141 431 140 0
s 183 404 20 101 0
s 184 9 81 324 0
s 185 148 22 68 0
s 186 411 208 46 0
s 187 371 467 262 0
s 188 279 24 288 0
s 189 193 407 145 0
s 190 74 302 280 0
s 191 212 317 295 0
s 192 367 2 235 0
s 193 7 96 192 0
s 194 395 5 119 0
s 195 19 430 23 0
s 196 67 417 62 0
s 197 52 433 295 0
s 198 100 449 143 0
s 199 166 335 73 0
s 200 131 1 322 0
s 201 361 152 67 0
s 202 317 487 137 0
s 203 377 126 72 0
s 204 120 410 269 0
s 205 345 165 247 0
s 206 63 264 172 0
s 207 79 171 202 0
s 208 6 209 277 0
s 209 384 199 293 0
s 210 492 416 286 0
s 211 113 168 160 0
s 212 440 236 131 0
s 213 352 231 138 0
s 214 350 337 10 0
s 215 329 86 91 0
s 216 259 499 168 0
s 217 163 382 157 0
s 218 260 425 154 0
s 219 198 109 111 0
B26 0 57 7
z 0 26 57 7
m26 72 0 57 7
z 0 26 57 7
m26 86 0 57 7
z 0 26 57 7
m26 95 0 57 7
z 0 26 57 7
m26 123 0 57 7
z 0 26 57 7
m26 146 0 57 7
z 0 26 57 7
m26 151 0 57 7
z 0 26 57 7
m26 160 0 57 7
z 0 26 57 7
m26 169 0 57 7
z 0 26 57 7
m26 175 0 57 7
B26 1 57 7
z 1 26 57 7
m26 72 1 57 7
z 1 26 57 7
m26 86 1 57 7
z 1 26 57 7
m26 95 1 57 7
z 1 26 57 7
m26 123 1 57 7
z 1 26 57 7
m26 146 1 57 7
z 1 26 57 7
m26 151 1 57 7
z 1 26 57 7
m26 160 1 57 7
z 1 26 57 7
m26 169 1 57 7
z 1 26 57 7
m26 175 1 57 7
B26 2 57 7
z 2 26 57 7
m26 72 2 57 7
z 2 26 57 7
m26 86 2 57 7
z 2 26 57 7
m26 95 2 57 7
z 2 26 57 7
m26 123 2 57 7
z 2 26 57 7
m26 146 2 57 7
z 2 26 57 7
m26 151 2 57 7
z 2 26 57 7
m26 160 2 57 7
z 2 26 57 7
m26 169 2 57 7
z 2 26 57 7
m26 175 2 57 7
B26 3 57 7
z 3 26 57 7
m26 72 3 9.0 81.0 1.0
z 3 26 57 7
m26 86 3 9.0 81.0 1.0
z 3 26 57 7
m26 95 3 9.0 81.0 1.0
z 3 26 57 7
m26 123 3 9.0 81.0 1.0
z 3 26 57 7
m26 146 3 9.0 81.0 1.0
z 3 26 57 7
m26 151 3 9.0 81.0 1.0
z 3 26 57 7
m26 160 3 9.0 81.0 1.0
z 3 26 57 7
m26 169 3 9.0 81.0 1.0
z 3 26 57 7
m26 175 3 9.0 81.0 1.0
B72 0 21 23
z 0 72 21 23
m72 98 0 21 23
z 0 72 21 23
m72 184 0 21 23
z 0 72 21 23
m72 193 0 21 23
B72 1 21 23
z 1 72 21 23
m72 98 1 21 23
z 1 72 21 23
m72 184 1 21 23
z 1 72 21 23
m72 193 1 21 23
B72 2 21 23
z 2 72 21 23
m72 98 2 21 23
z 2 72 21 23
m72 184 2 21 23
z 2 72 21 23
m72 193 2 21 23
B72 3 21 23
z 3 72 21 23
m72 193 3 7.0 57.0 0.8095238095238095
z 3 72 21 23
m72 98 3 7.0 57.0 0.8095238095238095
z 3 72 21 23
m72 184 3 7.0 57.0 0.8095238095238095
B86 0 58 24
B86 1 58 24
B86 2 58 24
B86 3 58 24
B95 0 12 42
B95 1 12 42
B95 2 12 42
B95 3 12 42
B123 0 61 16
z 0 123 61 16
m123 200 0 61 16
B123 1 61 16
z 1 123 61 16
m123 200 1 61 16
B123 2 61 16
z 2 123 61 16
m123 200 2 61 16
B123 3 61 16
z 3 123 61 16
m123 200 3 6.333333333333333 54.333333333333336 1.0
B146 0 15 31
B146 1 15 31
B146 2 15 31
B146 3 15 31
B151 0 124 2
z 0 151 124 2
m151 185 0 124 2
B151 1 124 2
z 1 151 124 2
m151 185 1 124 2
B151 2 124 2
B151 3 124 2
z 3 151 124 2
m151 185 3 6.333333333333333 54.333333333333336 1.0
B160 0 56 0
B160 1 56 0
B160 2 56 0
B160 3 56 0
B169 0 67 66
z 0 169 67 66
m169 54 0 67 66
z 0 169 67 66
m169 61 0 67 66
z 0 169 67 66
m169 131 0 67 66
z 0 169 67 66
m169 150 0 67 66
z 0 169 67 66
m169 162 0 67 66
B169 1 67 66
z 1 169 67 66
m169 54 1 67 66
z 1 169 67 66
m169 61 1 67 66
z 1 169 67 66
m169 131 1 67 66
z 1 169 67 66
m169 150 1 67 66
z 1 169 67 66
m169 162 1 67 66
B169 2 67 66
z 2 169 67 66
m169 54 2 67 66
z 2 169 67 66
m169 61 2 67 66
z 2 169 67 66
m169 131 2 67 66
z 2 169 67 66
m169 150 2 67 66
z 2 169 67 66
m169 162 2 67 66
B169 3 67 66
z 3 169 67 66
m169 54 3 7.666666666666667 62.333333333333336 1.0
z 3 169 67 66
m169 61 3 7.666666666666667 62.333333333333336 1.0
z 3 169 67 66
m169 131 3 7.666666666666667 62.333333333333336 1.0
z 3 169 67 66
m169 150 3 7.666666666666667 62.333333333333336 1.0
z 3 169 67 66
m169 162 3 7.666666666666667 62.333333333333336 1.0
B175 0 20 67
z 0 175 20 67
m175 69 0 20 67
z 0 175 20 67
m175 165 0 20 67
B175 1 20 67
z 1 175 20 67
m175 69 1 20 67
z 1 175 20 67
m175 165 1 20 67
B175 2 20 67
B175 3 20 67
B54 0 109 89
z 0 54 109 89
m54 5 0 109 89
z 0 54 109 89
m54 31 0 109 89
z 0 54 109 89
m54 55 0 109 89
z 0 54 109 89
m54 178 0 109 89
B54 1 109 89
z 1 54 109 89
m54 5 1 109 89
z 1 54 109 89
m54 31 1 109 89
z 1 54 109 89
m54 55 1 109 89
z 1 54 109 89
m54 178 1 109 89
B54 2 109 89
B54 3 109 89
z 3 54 109 89
m54 178 3 6.75 50.75 0.8572719060523939
z 3 54 109 89
m54 31 3 6.75 50.75 0.8572719060523939
z 3 54 109 89
m54 55 3 6.75 50.75 0.8572719060523939
z 3 54 109 89
m54 5 3 6.75 50.75 0.8572719060523939
B61 0 48 128
z 0 61 48 128
m61 48 0 48 128
z 0 61 48 128
m61 117 0 48 128
z 0 61 48 128
m61 207 0 48 128
z 0 61 48 128
m61 211 0 48 128
B61 1 48 128
z 1 61 48 128
m61 48 1 48 128
z 1 61 48 128
m61 117 1 48 128
z 1 61 48 128
m61 207 1 48 128
z 1 61 48 128
m61 211 1 48 128
B61 2 48 128
B61 3 48 128
z 3 61 48 128
m61 48 3 7.25 55.75 1.0
z 3 61 48 128
m61 69 3 7.25 55.75 1.0
z 3 61 48 128
m61 117 3 7.25 55.75 1.0
z 3 61 48 128
m61 165 3 7.25 55.75 1.0
z 3 61 48 128
m61 207 3 7.25 55.75 1.0
z 3 61 48 128
m61 211 3 7.25 55.75 1.0
B69 0 25 135
z 0 69 25 135
m69 36 0 25 135
z 0 69 25 135
m69 58 0 25 135
z 0 69 25 135
m69 208 0 25 135
B69 1 25 135
z 1 69 25 135
m69 36 1 25 135
z 1 69 25 135
m69 58 1 25 135
z 1 69 25 135
m69 208 1 25 135
B98 0 44 93
B98 1 44 93
B98 2 44 93
B98 3 44 93
B131 0 91 115
z 0 131 91 115
m131 10 0 91 115
B131 1 91 115
z 1 131 91 115
m131 10 1 91 115
B131 2 91 115
z 2 131 91 115
m131 10 2 91 115
z 2 131 91 115
m131 31 2 91 115
z 2 131 91 115
m131 55 2 91 115
z 2 131 91 115
m131 69 2 91 115
z 2 131 91 115
m131 178 2 91 115
z 2 131 91 115
m131 207 2 91 115
z 2 131 91 115
m131 211 2 91 115
B131 3 91 115
z 3 131 91 115
m131 10 3 6.0 47.0 1.0
B150 0 90 101
B150 1 90 101
B150 2 90 101
B150 3 90 101
B162 0 92 132
z 0 162 92 132
m162 77 0 92 132
B162 1 92 132
z 1 162 92 132
m162 77 1 92 132
B162 2 92 132
B162 3 92 132
z 3 162 92 132
m162 77 3 6.0 47.0 1.0
B165 0 3 126
B165 1 3 126
B184 0 12 79
B184 1 12 79
B184 2 12 79
B184 3 12 79
B185 0 149 26
z 0 185 149 26
m185 92 0 149 26
B185 1 149 26
z 1 185 149 26
m185 92 1 149 26
B185 3 149 26
z 3 185 149 26
m185 92 3 5.0 41.0 1.0
B193 0 3 95
B193 1 3 95
B193 2 3 95
B193 3 3 95
B200 0 130 2
B200 1 130 2
B200 2 130 2
z 2 200 130 2
m200 185 2 130 2
B200 3 130 2
B5 0 162 75
z 0 5 162 75
m5 114 0 162 75
z 0 5 162 75
m5 118 0 162 75
z 0 5 162 75
m5 171 0 162 75
z 0 5 162 75
m5 219 0 162 75
B5 1 162 75
z 1 5 162 75
m5 114 1 162 75
z 1 5 162 75
m5 118 1 162 75
z 1 5 162 75
m5 171 1 162 75
z 1 5 162 75
m5 219 1 162 75
B5 3 162 75
z 3 5 162 75
m5 118 3 6.2 43.800000000000004 0.9169792602129345
z 3 5 162 75
m5 171 3 6.2 43.800000000000004 0.9169792602129345
z 3 5 162 75
m5 114 3 6.2 43.800000000000004 0.9169792602129345
z 3 5 162 75
m5 219 3 6.2 43.800000000000004 0.9169792602129345
B10 0 146 157
z 0 10 146 157
m10 35 0 146 157
z 0 10 146 157
m10 37 0 146 157
z 0 10 146 157
m10 125 0 146 157
B10 1 146 157
z 1 10 146 157
m10 35 1 146 157
z 1 10 146 157
m10 37 1 146 157
z 1 10 146 157
m10 125 1 146 157
B10 2 146 157
B10 3 146 157
z 3 10 146 157
m10 35 3 5.3999999999999995 39.4 1.0
z 3 10 146 157
m10 37 3 5.3999999999999995 39.4 1.0
z 3 10 146 157
m10 125 3 5.3999999999999995 39.4 1.0
B31 0 58 142
z 0 31 58 142
m31 23 0 58 142
B31 1 58 142
z 1 31 58 142
m31 23 1 58 142
B31 2 58 142
B31 3 58 142
B36 0 10 202
z 0 36 10 202
m36 11 0 10 202
z 0 36 10 202
m36 79 0 10 202
z 0 36 10 202
m36 179 0 10 202
B36 1 10 202
z 1 36 10 202
m36 11 1 10 202
z 1 36 10 202
m36 79 1 10 202
z 1 36 10 202
m36 179 1 10 202
B48 0 15 193
B48 1 15 193
B48 3 15 193
z 3 48 15 193
m48 11 3 7.199999999999999 54.400000000000006 1.0
z 3 48 15 193
m48 23 3 7.199999999999999 54.400000000000006 1.0
z 3 48 15 193
m48 36 3 7.199999999999999 54.400000000000006 1.0
z 3 48 15 193
m48 58 3 7.199999999999999 54.400000000000006 1.0
z 3 48 15 193
m48 79 3 7.199999999999999 54.400000000000006 1.0
z 3 48 15 193
m48 179 3 7.199999999999999 54.400000000000006 1.0
z 3 48 15 193
m48 208 3 7.199999999999999 54.400000000000006 1.0
B55 0 94 152
z 0 55 94 152
m55 22 0 94 152
B55 1 94 152
z 1 55 94 152
m55 22 1 94 152
B55 2 94 152
z 2 55 94 152
m55 22 2 94 152
z 2 55 94 152
m55 23 2 94 152
z 2 55 94 152
m55 35 2 94 152
z 2 55 94 152
m55 77 2 94 152
B55 3 94 152
z 3 55 94 152
m55 22 3 5.6000000000000005 40.800000000000004 1.0
B58 0 15 196
z 0 58 15 196
m58 119 0 15 196
B58 1 15 196
z 1 58 15 196
m58 119 1 15 196
B69 2 24 135
B69 3 24 135
B77 0 107 194
z 0 77 107 194
m77 170 0 107 194
B77 1 107 194
z 1 77 107 194
m77 170 1 107 194
B77 3 107 194
z 3 77 107 194
m77 170 3 6.0 47.0 -1.0
B92 0 185 70
z 0 92 185 70
m92 1 0 185 70
z 0 92 185 70
m92 52 0 185 70
z 0 92 185 70
m92 88 0 185 70
z 0 92 185 70
m92 177 0 185 70
B92 1 185 70
z 1 92 185 70
m92 1 1 185 70
z 1 92 185 70
m92 52 1 185 70
z 1 92 185 70
m92 88 1 185 70
z 1 92 185 70
m92 177 1 185 70
B92 3 185 70
z 3 92 185 70
m92 1 3 4.8 36.0 1.0
z 3 92 185 70
m92 52 3 4.8 36.0 1.0
z 3 92 185 70
m92 88 3 4.8 36.0 1.0
z 3 92 185 70
m92 177 3 4.8 36.0 1.0
B117 0 3 139
B117 1 3 139
B117 3 3 139
B165 3 4 127
B178 0 77 157
B178 1 77 157
B178 2 77 157
z 2 178 77 157
m178 48 2 77 157
z 2 178 77 157
m178 58 2 77 157
z 2 178 77 157
m178 119 2 77 157
B178 3 77 157
z 3 178 77 157
m178 119 3 5.6000000000000005 40.800000000000004 1.0
B185 2 150 27
z 2 185 150 27
m185 5 2 150 27
z 2 185 150 27
m185 92 2 150 27
B207 0 74 170
B207 1 74 170
B207 2 74 170
z 2 207 74 170
m207 36 2 74 170
B207 3 74 170
B208 0 7 204
B208 1 7 204
B211 0 109 169
B211 1 109 169
B211 2 109 169
B211 3 109 169
B1 0 245 74
z 0 1 245 74
m1 15 0 245 74
z 0 1 245 74
m1 38 0 245 74
z 0 1 245 74
m1 44 0 245 74
z 0 1 245 74
m1 67 0 245 74
z 0 1 245 74
m1 83 0 245 74
z 0 1 245 74
m1 145 0 245 74
z 0 1 245 74
m1 159 0 245 74
z 0 1 245 74
m1 176 0 245 74
z 0 1 245 74
m1 188 0 245 74
B1 1 245 74
z 1 1 245 74
m1 15 1 245 74
z 1 1 245 74
m1 38 1 245 74
z 1 1 245 74
m1 44 1 245 74
z 1 1 245 74
m1 67 1 245 74
z 1 1 245 74
m1 83 1 245 74
z 1 1 245 74
m1 145 1 245 74
z 1 1 245 74
m1 159 1 245 74
z 1 1 245 74
m1 176 1 245 74
z 1 1 245 74
m1 188 1 245 74
B1 3 245 74
z 3 1 245 74
m1 15 3 5.5 43.5 1.0
z 3 1 245 74
m1 38 3 5.5 43.5 1.0
z 3 1 245 74
m1 44 3 5.5 43.5 1.0
z 3 1 245 74
m1 67 3 5.5 43.5 1.0
z 3 1 245 74
m1 83 3 5.5 43.5 1.0
z 3 1 245 74
m1 145 3 5.5 43.5 1.0
z 3 1 245 74
m1 159 3 5.5 43.5 1.0
z 3 1 245 74
m1 176 3 5.5 43.5 1.0
z 3 1 245 74
m1 188 3 5.5 43.5 1.0
B5 2 163 75
z 2 5 163 75
m5 114 2 163 75
z 2 5 163 75
m5 118 2 163 75
z 2 5 163 75
m5 171 2 163 75
z 2 5 163 75
m5 219 2 163 75
B11 0 29 252
z 0 11 29 252
m11 190 0 29 252
z 0 11 29 252
m11 206 0 29 252
B11 1 29 252
z 1 11 29 252
m11 190 1 29 252
z 1 11 29 252
m11 206 1 29 252
B11 3 29 252
B22 0 95 222
z 0 22 95 222
m22 170 0 95 222
B22 1 95 222
z 1 22 95 222
m22 170 1 95 222
B22 2 95 222
z 2 22 95 222
m22 170 2 95 222
B22 3 95 222
z 3 22 95 222
m22 170 3 5.6000000000000005 40.800000000000004 -1.0
B23 0 49 209
B23 1 49 209
B23 2 49 209
z 2 23 49 209
m23 11 2 49 209
z 2 23 49 209
m23 79 2 49 209
z 2 23 49 209
m23 179 2 49 209
z 2 23 49 209
m23 206 2 49 209
z 2 23 49 209
m23 208 2 49 209
B23 3 49 209
z 3 23 49 209
m23 206 3 6.166666666666667 45.5 1.0
B35 0 143 196
z 0 35 143 196
m35 170 0 143 196
B35 1 143 196
z 1 35 143 196
m35 170 1 143 196
B35 2 143 196
z 2 35 143 196
m35 170 2 143 196
B35 3 143 196
z 3 35 143 196
m35 170 3 5.3999999999999995 39.4 -1.0
B36 2 11 202
z 2 36 11 202
m36 117 2 11 202
z 2 36 11 202
m36 165 2 11 202
B36 3 11 202
B37 0 208 164
z 0 37 208 164
m37 51 0 208 164
z 0 37 208 164
m37 70 0 208 164
z 0 37 208 164
m37 155 0 208 164
z 0 37 208 164
m37 166 0 208 164
B37 1 208 164
z 1 37 208 164
m37 51 1 208 164
z 1 37 208 164
m37 70 1 208 164
z 1 37 208 164
m37 155 1 208 164
z 1 37 208 164
m37 166 1 208 164
B37 3 208 164
z 3 37 208 164
m37 51 3 5.166666666666666 35.5 1.0
z 3 37 208 164
m37 70 3 5.166666666666666 35.5 1.0
z 3 37 208 164
m37 155 3 5.166666666666666 35.5 1.0
z 3 37 208 164
m37 166 3 5.166666666666666 35.5 1.0
B48 2 16 192
B52 0 243 72
B52 1 243 72
B52 3 243 72
B58 2 16 195
B58 3 16 195
B77 2 107 193
B79 0 29 231
B79 1 29 231
B79 3 29 231
B88 0 230 29
B88 1 230 29
B88 3 230 29
B92 2 186 71
B114 0 211 96
B114 1 211 96
B114 3 211 96
B118 0 227 68
B118 1 227 68
B118 3 227 68
B119 0 81 229
z 0 119 81 229
m119 170 0 81 229
B119 1 81 229
z 1 119 81 229
m119 170 1 81 229
B119 2 81 229
B119 3 81 229
z 3 119 81 229
m119 170 3 5.6000000000000005 40.800000000000004 -1.0
B125 0 183 195
z 0 125 183 195
m125 76 0 183 195
z 0 125 183 195
m125 122 0 183 195
B125 1 183 195
B125 3 183 195
z 3 125 183 195
m125 76 3 4.833333333333332 33.5 0.587018255578093
B171 0 213 96
B171 1 213 96
B171 3 213 96
B177 0 255 78
z 0 177 255 78
m177 215 0 255 78
B177 1 255 78
z 1 177 255 78
m177 215 1 255 78
B177 3 255 78
z 3 177 255 78
m177 215 3 4.166666666666667 30.166666666666668 1.0
B179 0 31 258
z 0 179 31 258
m179 16 0 31 258
z 0 179 31 258
m179 21 0 31 258
z 0 179 31 258
m179 103 0 31 258
z 0 179 31 258
m179 172 0 31 258
B179 1 31 258
B179 3 31 258
z 3 179 31 258
m179 21 3 6.833333333333333 49.5 0.6665564282761474
z 3 179 31 258
m179 16 3 6.833333333333333 49.5 0.6665564282761474
z 3 179 31 258
m179 172 3 6.833333333333333 49.5 0.6665564282761474
z 3 179 31 258
m179 103 3 6.833333333333333 49.5 0.6665564282761474
B208 3 7 203
B219 0 196 115
B219 1 196 115
B219 3 196 115
B11 2 30 251
B15 0 225 3
B15 1 225 3
B15 3 225 3
B16 0 86 309
z 0 16 86 309
m16 170 0 86 309
B16 3 86 309
z 3 16 86 309
m16 170 3 6.833333333333333 49.5 -1.0
B21 0 65 323
z 0 21 65 323
m21 12 0 65 323
z 0 21 65 323
m21 13 0 65 323
z 0 21 65 323
m21 24 0 65 323
z 0 21 65 323
m21 91 0 65 323
z 0 21 65 323
m21 116 0 65 323
z 0 21 65 323
m21 174 0 65 323
B21 3 65 323
z 3 21 65 323
m21 116 3 6.857142857142857 49.42857142857143 0.8597133471192839
z 3 21 65 323
m21 91 3 6.857142857142857 49.42857142857143 0.8597133471192839
z 3 21 65 323
m21 12 3 6.857142857142857 49.42857142857143 0.8597133471192839
z 3 21 65 323
m21 13 3 6.857142857142857 49.42857142857143 0.8597133471192839
z 3 21 65 323
m21 174 3 6.857142857142857 49.42857142857143 0.8597133471192839
z 3 21 65 323
m21 190 3 6.857142857142857 49.42857142857143 0.8597133471192839
z 3 21 65 323
m21 24 3 6.857142857142857 49.42857142857143 0.8597133471192839
B38 0 302 45
z 0 38 302 45
m38 73 0 302 45
z 0 38 302 45
m38 81 0 302 45
z 0 38 302 45
m38 127 0 302 45
z 0 38 302 45
m38 173 0 302 45
z 0 38 302 45
m38 192 0 302 45
B38 1 302 45
B38 3 302 45
z 3 38 302 45
m38 192 3 5.428571428571429 40.857142857142854 0.2997229916897508
z 3 38 302 45
m38 127 3 5.428571428571429 40.857142857142854 0.2997229916897508
z 3 38 302 45
m38 73 3 5.428571428571429 40.857142857142854 0.2997229916897508
B44 0 267 7
B44 1 267 7
z 1 44 267 7
m44 173 1 267 7
B44 3 267 7
z 3 44 267 7
m44 173 3 4.857142857142858 37.42857142857143 1.0
B51 0 254 221
z 0 51 254 221
m51 18 0 254 221
z 0 51 254 221
m51 25 0 254 221
z 0 51 254 221
m51 49 0 254 221
z 0 51 254 221
m51 59 0 254 221
z 0 51 254 221
m51 66 0 254 221
z 0 51 254 221
m51 100 0 254 221
z 0 51 254 221
m51 101 0 254 221
z 0 51 254 221
m51 140 0 254 221
B51 1 254 221
z 1 51 254 221
m51 18 1 254 221
z 1 51 254 221
m51 25 1 254 221
z 1 51 254 221
m51 49 1 254 221
z 1 51 254 221
m51 59 1 254 221
z 1 51 254 221
m51 66 1 254 221
z 1 51 254 221
m51 100 1 254 221
z 1 51 254 221
m51 101 1 254 221
z 1 51 254 221
m51 140 1 254 221
B51 3 254 221
z 3 51 254 221
m51 18 3 5.571428571428571 39.57142857142857 1.0
z 3 51 254 221
m51 25 3 5.571428571428571 39.57142857142857 1.0
z 3 51 254 221
m51 49 3 5.571428571428571 39.57142857142857 1.0
z 3 51 254 221
m51 59 3 5.571428571428571 39.57142857142857 1.0
z 3 51 254 221
m51 66 3 5.571428571428571 39.57142857142857 1.0
z 3 51 254 221
m51 100 3 5.571428571428571 39.57142857142857 1.0
z 3 51 254 221
m51 101 3 5.571428571428571 39.57142857142857 1.0
z 3 51 254 221
m51 140 3 5.571428571428571 39.57142857142857 1.0
B67 0 285 16
B67 1 285 16
z 1 67 285 16
m67 81 1 285 16
z 1 67 285 16
m67 127 1 285 16
B67 3 285 16
z 3 67 285 16
m67 81 3 4.857142857142858 37.42857142857143 1.0
B70 0 214 217
B70 1 214 217
z 1 70 214 217
m70 76 1 214 217
z 1 70 214 217
m70 122 1 214 217
B70 3 214 217
z 3 70 214 217
m70 122 3 4.571428571428571 30.57142857142857 1.0
B76 0 188 263
z 0 76 188 263
m76 170 0 188 263
B76 3 188 263
z 3 76 188 263
m76 170 3 4.833333333333332 33.5 -1.0
B79 2 29 232
B83 0 264 37
B83 1 264 37
B83 3 264 37
B103 0 26 331
z 0 103 26 331
m103 68 0 26 331
B103 3 26 331
z 3 103 26 331
m103 68 3 6.0 42.57142857142858 1.0
B114 2 212 96
z 2 114 212 96
m114 1 2 212 96
z 2 114 212 96
m114 37 2 212 96
z 2 114 212 96
m114 52 2 212 96
z 2 114 212 96
m114 88 2 212 96
z 2 114 212 96
m114 176 2 212 96
z 2 114 212 96
m114 177 2 212 96
B117 2 4 137
B118 2 227 69
B122 0 164 260
z 0 122 164 260
m122 170 0 164 260
B145 0 303 31
B145 1 303 31
z 1 145 303 31
m145 73 1 303 31
z 1 145 303 31
m145 192 1 303 31
B145 3 303 31
B155 0 215 227
z 0 155 215 227
m155 4 0 215 227
B155 1 215 227
z 1 155 215 227
m155 4 1 215 227
B155 3 215 227
z 3 155 215 227
m155 4 3 4.571428571428571 30.57142857142857 1.0
B159 0 260 31
B159 1 260 31
B159 3 260 31
B165 2 4 129
B166 0 225 191
B166 1 225 191
B166 3 225 191
B171 2 212 95
B172 0 77 316
z 0 172 77 316
m172 80 0 77 316
B172 3 77 316
z 3 172 77 316
m172 80 3 6.0 42.57142857142858 1.0
B176 0 261 106
z 0 176 261 106
m176 65 0 261 106
B176 1 261 106
z 1 176 261 106
m176 65 1 261 106
B176 3 261 106
z 3 176 261 106
m176 65 3 4.857142857142858 37.42857142857143 1.0
B179 2 30 259
z 2 179 30 259
m179 21 2 30 259
z 2 179 30 259
m179 103 2 30 259
z 2 179 30 259
m179 172 2 30 259
z 2 179 30 259
m179 190 2 30 259
B188 0 281 18
B188 1 281 18
B188 3 281 18
B190 0 75 295
z 0 190 75 295
m190 170 0 75 295
B190 1 75 295
z 1 190 75 295
m190 170 1 75 295
B206 0 56 265
z 0 206 56 265
m206 170 0 56 265
B206 1 56 265
z 1 206 56 265
m206 170 1 56 265
B206 2 56 265
B206 3 56 265
z 3 206 56 265
m206 170 3 6.166666666666667 45.5 -1.0
B208 2 7 202
B215 0 329 93
z 0 215 329 93
m215 71 0 329 93
z 0 215 329 93
m215 134 0 329 93
z 0 215 329 93
m215 201 0 329 93
z 0 215 329 93
m215 203 0 329 93
z 0 215 329 93
m215 205 0 329 93
B215 1 329 93
z 1 215 329 93
m215 71 1 329 93
z 1 215 329 93
m215 134 1 329 93
z 1 215 329 93
m215 201 1 329 93
z 1 215 329 93
m215 203 1 329 93
z 1 215 329 93
m215 205 1 329 93
B215 3 329 93
z 3 215 329 93
m215 71 3 4.285714285714286 29.42857142857143 1.0
z 3 215 329 93
m215 134 3 4.285714285714286 29.42857142857143 1.0
z 3 215 329 93
m215 201 3 4.285714285714286 29.42857142857143 1.0
z 3 215 329 93
m215 203 3 4.285714285714286 29.42857142857143 1.0
z 3 215 329 93
m215 205 3 4.285714285714286 29.42857142857143 1.0
B219 2 196 116
B1 2 245 76
z 2 1 245 76
m1 38 2 245 76
z 2 1 245 76
m1 44 2 245 76
z 2 1 245 76
m1 67 2 245 76
z 2 1 245 76
m1 83 2 245 76
z 2 1 245 76
m1 145 2 245 76
z 2 1 245 76
m1 159 2 245 76
z 2 1 245 76
m1 188 2 245 76
B4 0 174 289
z 0 4 174 289
m4 170 0 174 289
B4 1 174 289
B4 3 174 289
z 3 4 174 289
m4 170 3 4.571428571428571 30.57142857142857 -1.0
B12 0 108 353
z 0 12 108 353
m12 3 0 108 353
z 0 12 108 353
m12 7 0 108 353
z 0 12 108 353
m12 56 0 108 353
z 0 12 108 353
m12 94 0 108 353
z 0 12 108 353
m12 104 0 108 353
z 0 12 108 353
m12 126 0 108 353
z 0 12 108 353
m12 138 0 108 353
z 0 12 108 353
m12 139 0 108 353
z 0 12 108 353
m12 199 0 108 353
z 0 12 108 353
m12 204 0 108 353
z 0 12 108 353
m12 217 0 108 353
B12 3 108 353
z 3 12 108 353
m12 3 3 7.375 58.375 1.0
z 3 12 108 353
m12 7 3 7.375 58.375 1.0
z 3 12 108 353
m12 56 3 7.375 58.375 1.0
z 3 12 108 353
m12 94 3 7.375 58.375 1.0
z 3 12 108 353
m12 104 3 7.375 58.375 1.0
z 3 12 108 353
m12 126 3 7.375 58.375 1.0
z 3 12 108 353
m12 138 3 7.375 58.375 1.0
z 3 12 108 353
m12 139 3 7.375 58.375 1.0
z 3 12 108 353
m12 199 3 7.375 58.375 1.0
z 3 12 108 353
m12 204 3 7.375 58.375 1.0
z 3 12 108 353
m12 217 3 7.375 58.375 1.0
B13 0 74 371
z 0 13 74 371
m13 75 0 74 371
z 0 13 74 371
m13 196 0 74 371
z 0 13 74 371
m13 197 0 74 371
B13 3 74 371
B18 0 269 218
B18 1 269 218
B18 3 269 218
B21 2 64 322
z 2 21 64 322
m21 12 2 64 322
z 2 21 64 322
m21 13 2 64 322
z 2 21 64 322
m21 16 2 64 322
z 2 21 64 322
m21 24 2 64 322
z 2 21 64 322
m21 91 2 64 322
z 2 21 64 322
m21 116 2 64 322
z 2 21 64 322
m21 174 2 64 322
B24 0 65 327
B24 3 65 327
B25 0 299 169
B25 1 299 169
B25 3 299 169
B37 2 209 165
B49 0 261 264
z 0 49 261 264
m49 2 0 261 264
z 0 49 261 264
m49 29 0 261 264
z 0 49 261 264
m49 168 0 261 264
z 0 49 261 264
m49 191 0 261 264
B49 1 261 264
B49 3 261 264
z 3 49 261 264
m49 2 3 5.375 36.625 0.09458667187805392
B52 2 243 74
z 2 52 243 74
m52 15 2 243 74
B59 0 257 251
B59 1 257 251
z 1 59 257 251
m59 2 1 257 251
z 1 59 257 251
m59 168 1 257 251
z 1 59 257 251
m59 191 1 257 251
B59 3 257 251
B65 0 314 158
B65 1 314 158
B65 3 314 158
B66 0 316 258
z 0 66 316 258
m66 9 0 316 258
z 0 66 316 258
m66 32 0 316 258
z 0 66 316 258
m66 111 0 316 258
z 0 66 316 258
m66 213 0 316 258
B66 1 316 258
z 1 66 316 258
m66 9 1 316 258
z 1 66 316 258
m66 32 1 316 258
z 1 66 316 258
m66 111 1 316 258
z 1 66 316 258
m66 213 1 316 258
B66 3 316 258
z 3 66 316 258
m66 9 3 5.375 36.625 0.09458667187805392
B68 0 29 396
z 0 68 29 396
m68 135 0 29 396
z 0 68 29 396
m68 195 0 29 396
B68 3 29 396
z 3 68 29 396
m68 75 3 5.875 40.37500000000001 1.0
z 3 68 29 396
m68 135 3 5.875 40.37500000000001 1.0
z 3 68 29 396
m68 195 3 5.875 40.37500000000001 1.0
z 3 68 29 396
m68 196 3 5.875 40.37500000000001 1.0
z 3 68 29 396
m68 197 3 5.875 40.37500000000001 1.0
B71 0 393 70
z 0 71 393 70
m71 41 0 393 70
z 0 71 393 70
m71 46 0 393 70
z 0 71 393 70
m71 62 0 393 70
z 0 71 393 70
m71 102 0 393 70
z 0 71 393 70
m71 183 0 393 70
z 0 71 393 70
m71 194 0 393 70
B71 1 393 70
z 1 71 393 70
m71 41 1 393 70
z 1 71 393 70
m71 46 1 393 70
z 1 71 393 70
m71 62 1 393 70
z 1 71 393 70
m71 102 1 393 70
z 1 71 393 70
m71 183 1 393 70
z 1 71 393 70
m71 194 1 393 70
B71 3 393 70
z 3 71 393 70
m71 41 3 4.5 30.25 1.0
z 3 71 393 70
m71 46 3 4.5 30.25 1.0
z 3 71 393 70
m71 62 3 4.5 30.25 1.0
z 3 71 393 70
m71 102 3 4.5 30.25 1.0
z 3 71 393 70
m71 183 3 4.5 30.25 1.0
z 3 71 393 70
m71 194 3 4.5 30.25 1.0
B73 0 342 71
B73 1 342 71
B73 3 342 71
B76 1 187 262
B80 0 121 376
z 0 80 121 376
m80 19 0 121 376
z 0 80 121 376
m80 78 0 121 376
z 0 80 121 376
m80 142 0 121 376
z 0 80 121 376
m80 153 0 121 376
z 0 80 121 376
m80 182 0 121 376
z 0 80 121 376
m80 189 0 121 376
B80 3 121 376
z 3 80 121 376
m80 19 3 6.0 41.75000000000001 1.0
z 3 80 121 376
m80 78 3 6.0 41.75000000000001 1.0
z 3 80 121 376
m80 142 3 6.0 41.75000000000001 1.0
z 3 80 121 376
m80 153 3 6.0 41.75000000000001 1.0
z 3 80 121 376
m80 182 3 6.0 41.75000000000001 1.0
z 3 80 121 376
m80 189 3 6.0 41.75000000000001 1.0
B81 0 343 32
B81 1 343 32
B81 3 343 32
B88 2 228 30
B91 0 20 357
B91 3 20 357
B100 0 284 168
B100 1 284 168
B100 3 284 168
B101 0 322 203
z 0 101 322 203
m101 109 0 322 203
z 0 101 322 203
m101 209 0 322 203
B101 1 322 203
z 1 101 322 203
m101 109 1 322 203
z 1 101 322 203
m101 209 1 322 203
B101 3 322 203
z 3 101 322 203
m101 109 3 5.5 37.75 0.4626432391138273
z 3 101 322 203
m101 209 3 5.5 37.75 0.4626432391138273
z 3 101 322 203
m101 32 3 5.5 37.75 0.4626432391138273
B103 2 27 330
z 2 103 27 330
m103 68 2 27 330
B116 0 127 350
z 0 116 127 350
m116 82 0 127 350
B116 3 127 350
z 3 116 127 350
m116 82 3 6.125 43.375 1.0
B122 1 165 261
z 1 122 165 261
m122 170 1 165 261
B122 3 165 261
z 3 122 165 261
m122 170 3 4.571428571428571 30.57142857142857 -1.0
B127 0 356 9
B127 1 356 9
B127 3 356 9
B134 0 347 139
z 0 134 347 139
m134 45 0 347 139
B134 1 347 139
z 1 134 347 139
m134 45 1 347 139
B134 3 347 139
z 3 134 347 139
m134 45 3 3.875 25.875 1.0
B140 0 281 215
B140 1 281 215
B140 3 281 215
z 3 140 281 215
m140 213 3 5.0 34.75 1.0
B172 2 77 317
z 2 172 77 317
m172 80 2 77 317
B173 0 337 32
B173 1 337 32
B173 3 337 32
B174 0 27 339
B174 3 27 339
B176 2 262 106
B177 2 254 80
B190 2 75 294
B190 3 75 294
z 3 190 75 294
m190 170 3 6.857142857142857 49.42857142857143 -1.0
B192 0 362 5
B192 1 362 5
B192 3 362 5
B201 0 364 159
z 0 201 364 159
m201 47 0 364 159
z 0 201 364 159
m201 129 0 364 159
B201 1 364 159
z 1 201 364 159
m201 47 1 364 159
z 1 201 364 159
m201 129 1 364 159
B201 3 364 159
z 3 201 364 159
m201 111 3 4.125 26.875 0.4331955922865012
B203 0 379 134
B203 1 379 134
B203 3 379 134
B205 0 342 157
B205 1 342 157
B205 3 342 157
B2 0 328 272
z 0 2 328 272
m2 105 0 328 272
z 0 2 328 272
m2 115 0 328 272
z 0 2 328 272
m2 214 0 328 272
B2 1 328 272
z 1 2 328 272
m2 29 1 328 272
z 1 2 328 272
m2 105 1 328 272
z 1 2 328 272
m2 115 1 328 272
z 1 2 328 272
m2 214 1 328 272
B2 3 328 272
z 3 2 328 272
m2 115 3 5.222222222222222 34.333333333333336 0.09848283776647755
B3 0 157 323
z 0 3 157 323
m3 136 0 157 323
B3 3 157 323
B7 0 172 334
z 0 7 172 334
m7 93 0 172 334
z 0 7 172 334
m7 110 0 172 334
z 0 7 172 334
m7 137 0 172 334
z 0 7 172 334
m7 161 0 172 334
B7 3 172 334
z 3 7 172 334
m7 137 3 7.333333333333333 57.33333333333333 0.4506302521008405
z 3 7 172 334
m7 168 3 7.333333333333333 57.33333333333333 0.4506302521008405
z 3 7 172 334
m7 93 3 7.333333333333333 57.33333333333333 0.4506302521008405
z 3 7 172 334
m7 161 3 7.333333333333333 57.33333333333333 0.4506302521008405
z 3 7 172 334
m7 110 3 7.333333333333333 57.33333333333333 0.4506302521008405
B9 0 371 284
z 0 9 371 284
m9 17 0 371 284
z 0 9 371 284
m9 89 0 371 284
B9 1 371 284
z 1 9 371 284
m9 17 1 371 284
z 1 9 371 284
m9 89 1 371 284
B9 3 371 284
z 3 9 371 284
m9 89 3 5.222222222222222 34.333333333333336 0.09848283776647755
B12 2 107 353
B13 2 74 372
z 2 13 74 372
m13 75 2 74 372
z 2 13 74 372
m13 126 2 74 372
z 2 13 74 372
m13 138 2 74 372
z 2 13 74 372
m13 196 2 74 372
z 2 13 74 372
m13 197 2 74 372
z 2 13 74 372
m13 204 2 74 372
B15 2 223 4
B16 2 87 310
z 2 16 87 310
m16 170 2 87 310
B19 0 121 445
z 0 19 121 445
m19 27 0 121 445
z 0 19 121 445
m19 30 0 121 445
z 0 19 121 445
m19 74 0 121 445
z 0 19 121 445
m19 85 0 121 445
z 0 19 121 445
m19 112 0 121 445
z 0 19 121 445
m19 120 0 121 445
z 0 19 121 445
m19 163 0 121 445
z 0 19 121 445
m19 180 0 121 445
z 0 19 121 445
m19 198 0 121 445
B19 3 121 445
z 3 19 121 445
m19 27 3 6.333333333333333 46.111111111111114 1.0
z 3 19 121 445
m19 30 3 6.333333333333333 46.111111111111114 1.0
z 3 19 121 445
m19 74 3 6.333333333333333 46.111111111111114 1.0
z 3 19 121 445
m19 85 3 6.333333333333333 46.111111111111114 1.0
z 3 19 121 445
m19 112 3 6.333333333333333 46.111111111111114 1.0
z 3 19 121 445
m19 120 3 6.333333333333333 46.111111111111114 1.0
z 3 19 121 445
m19 163 3 6.333333333333333 46.111111111111114 1.0
z 3 19 121 445
m19 180 3 6.333333333333333 46.111111111111114 1.0
z 3 19 121 445
m19 198 3 6.333333333333333 46.111111111111114 1.0
B24 2 64 326
B29 0 286 328
z 0 29 286 328
m29 0 0 286 328
z 0 29 286 328
m29 28 0 286 328
z 0 29 286 328
m29 33 0 286 328
z 0 29 286 328
m29 34 0 286 328
z 0 29 286 328
m29 60 0 286 328
z 0 29 286 328
m29 84 0 286 328
z 0 29 286 328
m29 108 0 286 328
z 0 29 286 328
m29 164 0 286 328
B32 0 362 254
z 0 32 362 254
m32 186 0 362 254
z 0 32 362 254
m32 212 0 362 254
B32 1 362 254
z 1 32 362 254
m32 186 1 362 254
z 1 32 362 254
m32 212 1 362 254
B32 3 362 254
z 3 32 362 254
m32 17 3 5.444444444444445 36.333333333333336 0.4776474890771771
z 3 32 362 254
m32 212 3 5.444444444444445 36.333333333333336 0.4776474890771771
z 3 32 362 254
m32 186 3 5.444444444444445 36.333333333333336 0.4776474890771771
B38 2 303 46
B41 0 430 61
z 0 41 430 61
m41 40 0 430 61
z 0 41 430 61
m41 64 0 430 61
z 0 41 430 61
m41 148 0 430 61
z 0 41 430 61
m41 181 0 430 61
B41 1 430 61
z 1 41 430 61
m41 40 1 430 61
z 1 41 430 61
m41 64 1 430 61
z 1 41 430 61
m41 148 1 430 61
z 1 41 430 61
m41 181 1 430 61
B41 3 430 61
z 3 41 430 61
m41 64 3 4.444444444444445 28.666666666666668 0.5713592233009712
z 3 41 430 61
m41 181 3 4.444444444444445 28.666666666666668 0.5713592233009712
z 3 41 430 61
m41 40 3 4.444444444444445 28.666666666666668 0.5713592233009712
B44 2 266 8
B45 0 391 150
B45 1 391 150
B45 3 391 150
z 3 45 391 150
m45 47 3 3.666666666666667 23.444444444444443 1.0
z 3 45 391 150
m45 129 3 3.666666666666667 23.444444444444443 1.0
B46 0 406 83
B46 1 406 83
B46 3 406 83
z 3 46 406 83
m46 148 3 4.111111111111111 27.0 1.0
B47 0 401 214
z 0 47 401 214
m47 20 0 401 214
B47 1 401 214
z 1 47 401 214
m47 20 1 401 214
B56 0 157 373
z 0 56 157 373
m56 144 0 157 373
B56 3 157 373
B62 0 385 11
B62 1 385 11
B62 3 385 11
B67 2 284 15
z 2 67 284 15
m67 81 2 284 15
z 2 67 284 15
m67 127 2 284 15
z 2 67 284 15
m67 173 2 284 15
B68 2 30 395
z 2 68 30 395
m68 135 2 30 395
z 2 68 30 395
m68 195 2 30 395
B75 0 75 444
z 0 75 75 444
m75 97 0 75 444
B75 3 75 444
z 3 75 75 444
m75 97 3 5.333333333333333 36.00000000000001 1.0
B78 0 117 434
B78 3 117 434
B80 2 120 375
z 2 80 120 375
m80 3 2 120 375
z 2 80 120 375
m80 7 2 120 375
z 2 80 120 375
m80 19 2 120 375
z 2 80 120 375
m80 56 2 120 375
z 2 80 120 375
m80 78 2 120 375
z 2 80 120 375
m80 104 2 120 375
z 2 80 120 375
m80 139 2 120 375
z 2 80 120 375
m80 142 2 120 375
z 2 80 120 375
m80 153 2 120 375
z 2 80 120 375
m80 182 2 120 375
z 2 80 120 375
m80 199 2 120 375
z 2 80 120 375
m80 217 2 120 375
B82 0 167 286
z 0 82 167 286
m82 170 0 167 286
B82 3 167 286
z 3 82 167 286
m82 170 3 6.125 43.375 -1.0
B83 2 262 37
B91 2 21 357
B94 0 158 304
z 0 94 158 304
m94 170 0 158 304
B94 3 158 304
z 3 94 158 304
m94 170 3 7.375 58.375 -1.0
B102 0 466 61
B102 1 466 61
B102 3 466 61
B104 0 159 335
B104 3 159 335
B109 0 391 216
B109 1 391 216
B109 3 391 216
z 3 109 391 216
m109 20 3 5.0 33.66666666666667 1.0
B111 0 365 226
B111 1 365 226
B111 3 365 226
B116 2 127 349
B126 0 120 382
B126 3 120 382
B129 0 402 210
B129 1 402 210
B135 0 4 408
B135 3 4 408
B138 0 140 361
B138 3 140 361
z 3 138 140 361
m138 136 3 6.666666666666666 52.0 1.0
B139 0 180 342
B139 3 180 342
B142 0 145 440
B142 3 145 440
z 3 142 145 440
m142 144 3 5.444444444444444 37.22222222222223 1.0
B145 2 304 32
z 2 145 304 32
m145 73 2 304 32
z 2 145 304 32
m145 192 2 304 32
z 2 145 304 32
m145 215 2 304 32
B153 0 182 381
z 0 153 182 381
m153 152 0 182 381
B153 3 182 381
B159 2 262 31
B168 0 239 308
B168 1 239 308
B174 2 27 340
B182 0 134 437
B182 3 134 437
B183 0 402 29
B183 1 402 29
B183 3 402 29
B188 2 282 16
B189 0 185 412
z 0 189 185 412
m189 106 0 185 412
z 0 189 185 412
m189 218 0 185 412
B189 3 185 412
B191 0 216 309
B191 1 216 309
z 1 191 216 309
m191 0 1 216 309
z 1 191 216 309
m191 3 1 216 309
z 1 191 216 309
m191 7 1 216 309
z 1 191 216 309
m191 34 1 216 309
z 1 191 216 309
m191 82 1 216 309
z 1 191 216 309
m191 93 1 216 309
z 1 191 216 309
m191 94 1 216 309
z 1 191 216 309
m191 104 1 216 309
z 1 191 216 309
m191 110 1 216 309
z 1 191 216 309
m191 136 1 216 309
z 1 191 216 309
m191 137 1 216 309
z 1 191 216 309
m191 139 1 216 309
z 1 191 216 309
m191 199 1 216 309
B194 0 390 13
B194 1 390 13
B194 3 390 13
B195 0 28 433
B195 3 28 433
B196 0 72 425
B196 3 72 425
B197 0 55 425
B197 3 55 425
B199 0 169 344
B199 3 169 344
z 3 199 169 344
m199 191 3 6.666666666666666 52.0 1.0
B204 0 120 401
B204 3 120 401
B209 0 387 191
B209 1 387 191
B209 3 387 191
B213 0 346 237
B213 1 346 237
B213 3 346 237
B217 0 155 385
B217 3 155 385
B0 0 266 341
B0 1 266 341
z 1 0 266 341
m0 28 1 266 341
z 1 0 266 341
m0 33 1 266 341
z 1 0 266 341
m0 60 1 266 341
z 1 0 266 341
m0 84 1 266 341
z 1 0 266 341
m0 108 1 266 341
z 1 0 266 341
m0 164 1 266 341
B3 1 158 324
z 1 3 158 324
m3 12 1 158 324
z 1 3 158 324
m3 16 1 158 324
z 1 3 158 324
m3 56 1 158 324
z 1 3 158 324
m3 80 1 158 324
z 1 3 158 324
m3 116 1 158 324
z 1 3 158 324
m3 126 1 158 324
z 1 3 158 324
m3 138 1 158 324
z 1 3 158 324
m3 153 1 158 324
z 1 3 158 324
m3 217 1 158 324
B3 2 158 324
B7 1 171 333
z 1 7 171 333
m7 161 1 171 333
B7 2 171 333
z 2 7 171 333
m7 4 2 171 333
z 2 7 171 333
m7 82 2 171 333
z 2 7 171 333
m7 93 2 171 333
z 2 7 171 333
m7 94 2 171 333
z 2 7 171 333
m7 110 2 171 333
z 2 7 171 333
m7 122 2 171 333
z 2 7 171 333
m7 136 2 171 333
z 2 7 171 333
m7 137 2 171 333
z 2 7 171 333
m7 161 2 171 333
z 2 7 171 333
m7 168 2 171 333
z 2 7 171 333
m7 191 2 171 333
B17 0 417 304
z 0 17 417 304
m17 8 0 417 304
z 0 17 417 304
m17 50 0 417 304
z 0 17 417 304
m17 96 0 417 304
z 0 17 417 304
m17 121 0 417 304
z 0 17 417 304
m17 157 0 417 304
B17 1 417 304
z 1 17 417 304
m17 8 1 417 304
z 1 17 417 304
m17 50 1 417 304
z 1 17 417 304
m17 96 1 417 304
z 1 17 417 304
m17 121 1 417 304
z 1 17 417 304
m17 157 1 417 304
B17 3 417 304
z 3 17 417 304
m17 105 3 5.6000000000000005 37.6 0.6116636910484714
z 3 17 417 304
m17 50 3 5.6000000000000005 37.6 0.6116636910484714
z 3 17 417 304
m17 214 3 5.6000000000000005 37.6 0.6116636910484714
z 3 17 417 304
m17 157 3 5.6000000000000005 37.6 0.6116636910484714
z 3 17 417 304
m17 96 3 5.6000000000000005 37.6 0.6116636910484714
z 3 17 417 304
m17 8 3 5.6000000000000005 37.6 0.6116636910484714
B19 2 121 444
z 2 19 121 444
m19 27 2 121 444
z 2 19 121 444
m19 30 2 121 444
z 2 19 121 444
m19 85 2 121 444
z 2 19 121 444
m19 112 2 121 444
z 2 19 121 444
m19 120 2 121 444
z 2 19 121 444
m19 163 2 121 444
z 2 19 121 444
m19 180 2 121 444
z 2 19 121 444
m19 189 2 121 444
z 2 19 121 444
m19 198 2 121 444
B20 0 460 238
z 0 20 460 238
m20 43 0 460 238
z 0 20 460 238
m20 99 0 460 238
z 0 20 460 238
m20 128 0 460 238
z 0 20 460 238
m20 141 0 460 238
z 0 20 460 238
m20 154 0 460 238
B20 1 460 238
B20 3 460 238
z 3 20 460 238
m20 43 3 5.0 32.800000000000004 1.0
z 3 20 460 238
m20 99 3 5.0 32.800000000000004 1.0
z 3 20 460 238
m20 128 3 5.0 32.800000000000004 1.0
z 3 20 460 238
m20 141 3 5.0 32.800000000000004 1.0
z 3 20 460 238
m20 154 3 5.0 32.800000000000004 1.0
B27 0 83 471
B27 3 83 471
B28 0 265 382
z 0 28 265 382
m28 113 0 265 382
z 0 28 265 382
m28 149 0 265 382
z 0 28 265 382
m28 158 0 265 382
B29 1 285 329
B30 0 143 476
B30 3 143 476
B33 0 285 350
B34 0 244 362
B34 1 244 362
B40 0 467 80
B40 1 467 80
B40 3 467 80
B47 3 402 213
B56 2 158 374
z 2 56 158 374
m56 144 2 158 374
B60 0 312 367
z 0 60 312 367
m60 14 0 312 367
z 0 60 312 367
m60 63 0 312 367
z 0 60 312 367
m60 87 0 312 367
z 0 60 312 367
m60 107 0 312 367
B64 0 486 13
B64 1 486 13
B64 3 486 13
B73 2 340 71
B74 0 65 493
B74 3 65 493
B75 2 76 444
B78 2 117 435
B81 2 343 30
B82 1 167 285
z 1 82 167 285
m82 170 1 167 285
B84 0 262 382
B85 0 59 469
B85 3 59 469
B89 0 427 297
z 0 89 427 297
m89 124 0 427 297
B89 1 427 297
z 1 89 427 297
m89 124 1 427 297
z 1 89 427 297
m89 128 1 427 297
B89 3 427 297
B93 0 241 351
B93 1 241 351
z 1 93 241 351
m93 144 1 241 351
z 1 93 241 351
m93 152 1 241 351
B93 3 241 351
z 3 93 241 351
m93 60 3 7.5 59.7 0.543480112044818
z 3 93 241 351
m93 152 3 7.5 59.7 0.543480112044818
z 3 93 241 351
m93 108 3 7.5 59.7 0.543480112044818
z 3 93 241 351
m93 29 3 7.5 59.7 0.543480112044818
z 3 93 241 351
m93 33 3 7.5 59.7 0.543480112044818
z 3 93 241 351
m93 28 3 7.5 59.7 0.543480112044818
z 3 93 241 351
m93 84 3 7.5 59.7 0.543480112044818
z 3 93 241 351
m93 0 3 7.5 59.7 0.543480112044818
B94 1 159 304
z 1 94 159 304
m94 170 1 159 304
B97 0 39 481
B97 3 39 481
B104 1 159 334
B104 2 159 334
B105 0 354 337
B105 1 354 337
z 1 105 354 337
m105 14 1 354 337
z 1 105 354 337
m105 63 1 354 337
z 1 105 354 337
m105 87 1 354 337
z 1 105 354 337
m105 107 1 354 337
B106 0 241 441
z 0 106 241 441
m106 53 0 241 441
z 0 106 241 441
m106 57 0 241 441
z 0 106 241 441
m106 133 0 241 441
z 0 106 241 441
m106 147 0 241 441
z 0 106 241 441
m106 156 0 241 441
z 0 106 241 441
m106 216 0 241 441
B108 0 293 371
B110 0 219 368
B110 1 219 368
z 1 110 219 368
m110 163 1 219 368
z 1 110 219 368
m110 189 1 219 368
z 1 110 219 368
m110 218 1 219 368
B110 3 219 368
B112 0 128 471
B112 3 128 471
B115 0 394 237
B115 1 394 237
B115 3 394 237
B120 0 108 472
B120 3 108 472
B126 2 120 381
B127 2 355 10
B129 3 401 210
B135 2 3 408
B136 0 213 367
B136 1 213 367
B136 3 213 367
z 3 136 213 367
m136 34 3 6.199999999999999 47.199999999999996 1.0
z 3 136 213 367
m136 218 3 6.199999999999999 47.199999999999996 1.0
B137 0 238 362
B137 1 238 362
B137 3 238 362
B138 2 141 361
B139 1 180 342
B139 2 180 342
z 2 139 180 342
m139 34 2 180 342
B142 2 145 441
B144 0 216 416
B144 3 216 416
z 3 144 216 416
m144 106 3 5.3 35.10000000000001 1.0
z 3 144 216 416
m144 113 3 5.3 35.10000000000001 1.0
z 3 144 216 416
m144 147 3 5.3 35.10000000000001 1.0
z 3 144 216 416
m144 149 3 5.3 35.10000000000001 1.0
B148 0 470 71
B148 1 470 71
B148 3 470 71
B152 0 229 406
B153 2 182 381
B161 0 201 397
B161 3 201 397
B163 0 184 425
B163 3 184 425
B164 0 311 393
B168 3 239 308
B173 2 338 33
B180 0 105 481
B180 3 105 481
B181 0 470 100
B181 1 470 100
B181 3 470 100
B182 2 133 438
B186 0 418 216
B186 1 418 216
B186 3 418 216
B191 3 217 308
B192 2 360 6
z 2 192 360 6
m192 62 2 360 6
z 2 192 360 6
m192 71 2 360 6
z 2 192 360 6
m192 183 2 360 6
z 2 192 360 6
m192 194 2 360 6
B195 2 29 434
B196 2 72 426
z 2 196 72 426
m196 74 2 72 426
z 2 196 72 426
m196 97 2 72 426
B197 2 56 424
B198 0 92 455
B198 3 92 455
B199 1 169 345
z 1 199 169 345
m199 204 1 169 345
B199 2 169 345
B204 2 120 400
B212 0 433 243
B212 1 433 243
B212 3 433 243
z 3 212 433 243
m212 121 3 5.0 32.800000000000004 1.0
B214 0 360 339
B214 1 360 339
B215 2 329 96
z 2 215 329 96
m215 65 2 329 96
z 2 215 329 96
m215 134 2 329 96
z 2 215 329 96
m215 201 2 329 96
z 2 215 329 96
m215 203 2 329 96
z 2 215 329 96
m215 205 2 329 96
B217 2 154 385
B218 0 251 430
B0 3 265 340
z 3 0 265 340
m0 164 3 6.909090909090909 54.36363636363637 1.0
B4 2 175 286
B8 0 458 308
B8 1 458 308
B8 3 458 308
z 3 8 458 308
m8 124 3 5.1818181818181825 34.27272727272727 1.0
B12 1 105 353
B14 0 343 403
z 0 14 343 403
m14 130 0 343 403
z 0 14 343 403
m14 167 0 343 403
z 0 14 343 403
m14 187 0 343 403
B14 1 343 403
z 1 14 343 403
m14 53 1 343 403
z 1 14 343 403
m14 113 1 343 403
z 1 14 343 403
m14 130 1 343 403
z 1 14 343 403
m14 133 1 343 403
z 1 14 343 403
m14 158 1 343 403
z 1 14 343 403
m14 167 1 343 403
z 1 14 343 403
m14 187 1 343 403
B16 1 89 312
B27 2 84 470
B28 1 264 383
z 1 28 264 383
m28 106 1 264 383
z 1 28 264 383
m28 149 1 264 383
B28 3 264 383
z 3 28 264 383
m28 158 3 6.909090909090909 54.36363636363637 1.0
B29 3 285 330
B30 2 144 475
B33 1 285 351
B33 3 285 351
B34 2 245 362
z 2 34 245 362
m34 0 2 245 362
z 2 34 245 362
m34 28 2 245 362
z 2 34 245 362
m34 29 2 245 362
z 2 34 245 362
m34 33 2 245 362
z 2 34 245 362
m34 60 2 245 362
z 2 34 245 362
m34 84 2 245 362
z 2 34 245 362
m34 108 2 245 362
z 2 34 245 362
m34 152 2 245 362
z 2 34 245 362
m34 164 2 245 362
z 2 34 245 362
m34 218 2 245 362
B34 3 245 362
B43 0 494 241
B43 3 494 241
B50 0 471 260
B50 1 471 260
z 1 50 471 260
m50 43 1 471 260
z 1 50 471 260
m50 99 1 471 260
z 1 50 471 260
m50 141 1 471 260
z 1 50 471 260
m50 154 1 471 260
B50 3 471 260
B53 0 305 446
z 0 53 305 446
m53 143 0 305 446
z 0 53 305 446
m53 202 0 305 446
B56 1 158 375
z 1 56 158 375
m56 78 1 158 375
z 1 56 158 375
m56 142 1 158 375
z 1 56 158 375
m56 182 1 158 375
B57 0 280 490
B60 1 313 367
B60 3 313 367
z 3 60 313 367
m60 87 3 7.181818181818182 55.72727272727273 0.0
B62 2 386 13
B63 0 371 391
B63 1 371 391
B65 2 317 157
B71 2 396 69
z 2 71 396 69
m71 40 2 396 69
z 2 71 396 69
m71 41 2 396 69
z 2 71 396 69
m71 46 2 396 69
z 2 71 396 69
m71 102 2 396 69
B74 2 64 494
B80 1 119 373
z 1 80 119 373
m80 13 1 119 373
z 1 80 119 373
m80 19 1 119 373
z 1 80 119 373
m80 24 1 119 373
z 1 80 119 373
m80 172 1 119 373
z 1 80 119 373
m80 196 1 119 373
B82 2 167 284
z 2 82 167 284
m82 170 2 167 284
B84 1 263 382
B84 3 263 382
B85 2 60 470
B87 0 386 385
z 0 87 386 385
m87 6 0 386 385
z 0 87 386 385
m87 42 0 386 385
B87 1 386 385
z 1 87 386 385
m87 6 1 386 385
z 1 87 386 385
m87 42 1 386 385
B93 2 242 350
B94 2 160 303
z 2 94 160 303
m94 170 2 160 303
B96 0 445 337
z 0 96 445 337
m96 39 0 445 337
B96 1 445 337
z 1 96 445 337
m96 39 1 445 337
B96 3 445 337
B97 2 38 481
B99 0 497 191
B99 3 497 191
B105 3 354 338
B106 3 241 440
z 3 106 241 440
m106 53 3 5.2727272727272725 34.181818181818194 1.0
z 3 106 241 440
m106 57 3 5.2727272727272725 34.181818181818194 1.0
z 3 106 241 440
m106 133 3 5.2727272727272725 34.181818181818194 1.0
z 3 106 241 440
m106 156 3 5.2727272727272725 34.181818181818194 1.0
z 3 106 241 440
m106 216 3 5.2727272727272725 34.181818181818194 1.0
B107 0 361 365
B107 1 361 365
B108 1 292 371
B108 3 292 371
B110 2 218 367
B112 2 129 471
B113 0 287 432
B113 3 287 432
B116 1 128 347
z 1 116 128 347
m116 21 1 128 347
B120 2 109 472
B121 0 445 315
B121 1 445 315
B121 3 445 315
B122 2 168 261
z 2 122 168 261
m122 170 2 168 261
B124 0 489 325
B124 1 489 325
B126 1 120 380
B128 0 481 246
B128 1 481 246
B128 3 481 246
B133 0 312 460
B134 2 347 136
B136 2 213 366
B137 2 237 362
B138 1 142 361
B141 0 494 223
B141 3 494 223
B144 1 216 417
z 1 144 216 417
m144 147 1 216 417
B144 2 216 417
B147 0 259 473
B147 3 259 473
z 3 147 259 473
m147 202 3 4.909090909090909 32.000000000000014 1.0
B149 0 254 448
B149 3 254 448
B152 1 230 406
B152 3 230 406
B153 1 182 382
B154 0 489 211
B154 3 489 211
B156 0 260 485
B157 0 459 273
B157 1 459 273
B157 3 459 273
B158 0 313 433
B161 1 201 396
B161 2 201 396
z 2 161 201 396
m161 106 2 201 396
z 2 161 201 396
m161 149 2 201 396
B163 1 185 425
z 1 163 185 425
m163 30 1 185 425
z 1 163 185 425
m163 112 1 185 425
B163 2 185 425
B164 1 312 393
B168 2 238 309
z 2 168 238 309
m168 49 2 238 309
z 2 168 238 309
m168 59 2 238 309
z 2 168 238 309
m168 76 2 238 309
B180 2 105 482
B183 2 402 31
B189 1 184 414
B189 2 184 414
B191 2 217 307
B194 2 389 14
B198 2 91 456
B201 2 365 162
z 2 201 365 162
m201 25 2 365 162
z 2 201 365 162
m201 45 2 365 162
z 2 201 365 162
m201 47 2 365 162
z 2 201 365 162
m201 101 2 365 162
z 2 201 365 162
m201 109 2 365 162
z 2 201 365 162
m201 111 2 365 162
z 2 201 365 162
m201 129 2 365 162
z 2 201 365 162
m201 209 2 365 162
B203 2 380 137
B204 1 120 399
z 1 204 120 399
m204 75 1 120 399
z 1 204 120 399
m204 120 1 120 399
z 1 204 120 399
m204 197 1 120 399
z 1 204 120 399
m204 198 1 120 399
B205 2 340 155
B214 3 361 339
B216 0 266 489
B217 1 153 386
B218 1 251 430
z 1 218 251 430
m218 57 1 251 430
z 1 218 251 430
m218 156 1 251 430
z 1 218 251 430
m218 216 1 251 430
B218 3 251 430
B0 2 264 339
B6 0 452 405
z 0 6 452 405
m6 90 0 452 405
z 0 6 452 405
m6 132 0 452 405
z 0 6 452 405
m6 210 0 452 405
B6 1 452 405
z 1 6 452 405
m6 90 1 452 405
z 1 6 452 405
m6 132 1 452 405
z 1 6 452 405
m6 210 1 452 405
B13 1 71 374
z 1 13 71 374
m13 68 1 71 374
z 1 13 71 374
m13 91 1 71 374
z 1 13 71 374
m13 103 1 71 374
z 1 13 71 374
m13 174 1 71 374
z 1 13 71 374
m13 195 1 71 374
B19 1 123 442
z 1 19 123 442
m19 27 1 123 442
z 1 19 123 442
m19 85 1 123 442
z 1 19 123 442
m19 180 1 123 442
B21 1 63 318
B24 1 63 323
B25 2 299 165
B28 2 263 383
z 2 28 263 383
m28 113 2 263 383
z 2 28 263 383
m28 158 2 263 383
B29 2 285 331
z 2 29 285 331
m29 2 2 285 331
z 2 29 285 331
m29 105 2 285 331
B30 1 144 475
B33 2 284 352
B39 0 487 389
B39 1 487 389
B40 2 466 79
z 2 40 466 79
m40 64 2 466 79
z 2 40 466 79
m40 148 2 466 79
z 2 40 466 79
m40 181 2 466 79
B41 2 427 60
B42 0 442 433
B42 1 442 433
B43 1 494 240
B45 2 392 147
B46 2 405 85
B47 2 404 211
B49 2 258 261
z 2 49 258 261
m49 18 2 258 261
z 2 49 258 261
m49 51 2 258 261
z 2 49 258 261
m49 66 2 258 261
z 2 49 258 261
m49 70 2 258 261
z 2 49 258 261
m49 140 2 258 261
z 2 49 258 261
m49 155 2 258 261
B53 1 306 446
z 1 53 306 446
m53 143 1 306 446
z 1 53 306 446
m53 202 1 306 446
B53 3 306 446
z 3 53 306 446
m53 187 3 5.166666666666666 32.66666666666668 0.7865185636031646
z 3 53 306 446
m53 143 3 5.166666666666666 32.66666666666668 0.7865185636031646
z 3 53 306 446
m53 167 3 5.166666666666666 32.66666666666668 0.7865185636031646
z 3 53 306 446
m53 14 3 5.166666666666666 32.66666666666668 0.7865185636031646
B57 1 281 490
B57 3 281 490
B59 2 256 247
z 2 59 256 247
m59 166 2 256 247
B60 2 314 368
z 2 60 314 368
m60 14 2 314 368
z 2 60 314 368
m60 63 2 314 368
z 2 60 314 368
m60 87 2 314 368
z 2 60 314 368
m60 107 2 314 368
z 2 60 314 368
m60 214 2 314 368
B75 1 78 443
B76 2 186 258
B78 1 119 436
B84 2 263 381
B87 3 387 385
z 3 87 387 385
m87 42 3 7.0 53.16666666666667 0.0
z 3 87 387 385
m87 6 3 7.0 53.16666666666667 0.0
B99 1 496 192
B101 2 326 201
z 2 101 326 201
m101 32 2 326 201
z 2 101 326 201
m101 100 2 326 201
z 2 101 326 201
m101 213 2 326 201
B102 2 468 58
B106 1 241 439
B106 2 241 439
B108 2 291 371
B109 2 391 219
B111 2 365 223
z 2 111 365 223
m111 9 2 365 223
z 2 111 365 223
m111 115 2 365 223
z 2 111 365 223
m111 186 2 365 223
z 2 111 365 223
m111 212 2 365 223
B112 1 130 471
z 1 112 130 471
m112 74 1 130 471
B113 1 287 431
B120 1 109 471
z 1 120 109 471
m120 97 1 109 471
B124 3 489 324
z 3 124 489 324
m124 39 3 4.833333333333334 31.5 1.0
B129 2 400 212
z 2 129 400 212
m129 20 2 400 212
B130 0 402 449
B130 1 402 449
B133 1 313 460
B133 3 313 460
B141 1 495 223
B142 1 144 443
B143 0 353 488
B147 1 259 472
B149 1 253 448
B149 2 253 448
B152 2 231 405
B154 1 488 211
B156 1 261 485
B156 3 261 485
B158 1 313 432
B158 3 313 432
z 3 158 313 432
m158 63 3 6.416666666666666 49.91666666666667 1.0
B164 2 313 393
B164 3 313 393
z 3 164 313 393
m164 107 3 6.416666666666666 49.91666666666667 1.0
B167 0 362 464
B167 1 362 464
B172 1 80 320
B182 1 132 439
B187 0 369 455
B187 1 369 455
B196 1 73 428
B197 1 57 422
z 1 197 57 422
m197 135 1 57 422
B198 1 90 457
B202 0 308 495
B202 3 308 495
B209 2 389 188
B216 1 266 489
B216 3 266 489
B218 2 250 431
B2 2 327 268
B6 3 452 404
B9 2 367 285
z 2 9 367 285
m9 17 2 367 285
z 2 9 367 285
m9 89 2 367 285
B14 2 343 401
B14 3 343 401
B18 2 273 215
B20 2 457 238
B27 1 84 468
B32 2 363 258
B39 3 486 390
z 3 39 486 390
m39 210 3 4.538461538461538 29.153846153846153 1.0
B42 3 441 433
B51 2 248 222
B63 2 369 389
z 2 63 369 389
m63 130 2 369 389
z 2 63 369 389
m63 167 2 369 389
z 2 63 369 389
m63 187 2 369 389
B63 3 369 389
z 3 63 369 389
m63 130 3 6.0 46.15384615384616 1.0
B64 2 489 12
B66 2 312 255
B68 1 33 393
B70 2 212 211
z 2 70 212 211
m70 125 2 212 211
B74 1 63 496
B85 1 61 471
B87 2 388 385
z 2 87 388 385
m87 6 2 388 385
z 2 87 388 385
m87 42 2 388 385
B90 0 435 462
B90 1 435 462
B91 1 25 358
B97 1 36 482
B100 2 287 165
B103 1 30 326
B105 2 354 340
B107 2 360 367
B107 3 360 367
B113 2 288 431
z 2 113 288 431
m113 53 2 288 431
z 2 113 288 431
m113 57 2 288 431
z 2 113 288 431
m113 133 2 288 431
z 2 113 288 431
m113 147 2 288 431
z 2 113 288 431
m113 156 2 288 431
z 2 113 288 431
m113 202 2 288 431
z 2 113 288 431
m113 216 2 288 431
B115 2 394 234
B132 0 465 479
B132 1 465 479
B135 1 1 406
B140 2 284 220
B143 1 353 487
B143 3 353 487
B148 2 472 69
B155 2 218 233
B158 2 314 431
B166 2 228 186
B167 3 362 464
z 3 167 362 464
m167 90 3 4.846153846153845 30.23076923076924 1.0
B174 1 27 344
B180 1 104 484
B181 2 473 101
B186 2 420 218
z 2 186 420 218
m186 50 2 420 218
z 2 186 420 218
m186 128 2 420 218
z 2 186 420 218
m186 154 2 420 218
z 2 186 420 218
m186 157 2 420 218
B187 3 369 455
B195 1 31 435
B202 1 308 496
B210 0 496 403
B210 1 496 403
B212 2 431 246
z 2 212 431 246
m212 8 2 431 246
z 2 212 431 246
m212 43 2 431 246
z 2 212 431 246
m212 121 2 431 246
z 2 212 431 246
m212 141 2 431 246
B213 2 343 239
B214 2 363 340
B6 2 453 404
B8 2 455 307
B17 2 420 301
z 2 17 420 301
m17 96 2 420 301
z 2 17 420 301
m17 124 2 420 301
B42 2 440 433
B43 2 495 238
z 2 43 495 238
m43 99 2 495 238
B50 2 470 263
B53 2 308 445
z 2 53 308 445
m53 143 2 308 445
B57 2 283 490
B89 2 425 293
B90 3 435 461
z 3 90 435 461
m90 132 3 4.57142857142857 28.142857142857153 1.0
B121 2 443 313
B125 2 179 188
B128 2 484 246
B130 2 404 448
B130 3 404 448
B133 2 315 460
B141 2 497 223
B147 2 259 471
B154 2 486 211
B156 2 263 486
B157 2 461 272
B167 2 361 463
z 2 167 361 463
m167 90 2 361 463
B187 2 369 454
B202 2 307 496
B210 3 496 402
B216 2 267 487
B90 2 435 460
z 2 90 435 460
m90 132 2 435 460
B96 2 448 339
z 2 96 448 339
m96 39 2 448 339
B99 2 495 194
B124 2 488 321
B132 3 465 481
B143 2 355 486
B39 2 484 391
z 2 39 484 391
m39 210 2 484 391
B132 2 465 482
B210 2 497 400
