12 92 20 114
s 0 111 406 251 0
s 1 157 374 125 0
s 2 252 137 118 0
s 3 44 120 87 0
s 4 347 184 224 0
s 5 311 302 121 0
s 6 15 420 133 0
s 7 253 40 101 0
s 8 455 409 226 0
s 9 121 58 98 0
s 10 12 92 267 0
s 11 253 334 88 0
s 12 324 91 199 0
s 13 319 476 222 0
s 14 229 383 90 0
s 15 50 323 154 0
s 16 97 313 214 0
s 17 324 90 44 0
s 18 160 256 165 0
s 19 31 114 240 0
s 20 353 90 310 0
s 21 338 118 14 0
s 22 0 328 51 0
s 23 440 141 296 0
s 24 256 289 12 0
s 25 487 204 287 0
s 26 364 269 291 0
s 27 464 155 26 0
s 28 119 387 84 0
s 29 479 97 237 0
s 30 245 242 48 0
s 31 225 468 26 0
s 32 37 371 230 0
s 33 297 185 62 0
s 34 344 240 77 0
s 35 116 333 243 0
s 36 467 364 105 0
s 37 387 404 285 0
s 38 398 64 104 0
s 39 397 79 323 0
s 40 48 64 161 0
s 41 354 7 5 0
s 42 279 444 122 0
s 43 101 421 92 0
s 44 400 333 108 0
s 45 82 463 179 0
s 46 321 127 236 0
s 47 192 318 240 0
s 48 302 229 87 0
s 49 191 471 247 0
s 50 234 35 122 0
s 51 78 280 211 0
s 52 250 3 124 0
s 53 151 66 209 0
s 54 335 352 34 0
s 55 413 168 51 0
s 56 347 12 126 0
s 57 321 226 343 0
s 58 458 152 84 0
s 59 252 322 266 0
s 60 264 196 145 0
s 61 48 105 300 0
s 62 16 407 57 0
s 63 433 188 73 0
s 64 160 145 270 0
s 65 394 166 217 0
s 66 497 449 87 0
s 67 141 116 189 0
s 68 495 483 12 0
s 69 398 417 47 0
s 70 38 134 67 0
s 71 427 68 12 0
s 72 20 114 310 0
s 73 153 331 185 0
s 74 242 170 292 0
s 75 445 207 279 0
s 76 479 41 210 0
s 77 321 176 68 0
s 78 472 218 277 0
s 79 7 107 289 0
s 80 151 302 198 0
s 81 29 60 1 0
s 82 112 46 138 0
s 83 7 265 221 0
s 84 323 138 3 0
s 85 406 395 41 0
s 86 63 153 232 0
s 87 38 114 266 0
s 88 75 344 237 0
s 89 313 254 199 0
s 90 214 389 96 0
s 91 483 371 336 0
s 92 470 311 216 0
s 93 103 215 56 0
s 94 141 228 315 0
s 95 84 300 203 0
s 96 240 31 67 0
s 97 495 279 164 0
s 98 452 419 309 0
s 99 431 325 358 0
s 100 484 384 248 0
s 101 426 307 292 0
s 102 453 342 69 0
s 103 491 389 56 0
s 104 106 271 344 0
s 105 449 94 157 0
s 106 178 433 258 0
s 107 202 22 153 0
s 108 385 141 17 0
s 109 470 305 266 0
s 110 310 103 358 0
s 111 321 288 316 0
s 112 492 202 338 0
s 113 326 383 101 0
s 114 95 105 22 0
s 115 92 31 317 0
s 116 128 56 140 0
s 117 393 347 117 0
s 118 80 298 246 0
s 119 389 284 51 0
s 120 138 183 122 0
s 121 65 43 279 0
s 122 258 294 143 0
s 123 386 181 69 0
s 124 1 146 33 0
s 125 120 390 336 0
s 126 192 415 228 0
s 127 352 356 199 0
s 128 21 37 63 0
s 129 128 46 127 0
s 130 141 376 295 0
s 131 1 29 326 0
s 132 288 91 37 0
s 133 153 138 31 0
s 134 413 67 199 0
s 135 387 318 30 0
s 136 126 13 240 0
s 137 150 271 137 0
s 138 359 232 292 0
s 139 108 267 169 0
s 140 220 443 194 0
s 141 13 482 141 0
s 142 319 250 303 0
s 143 119 144 274 0
s 144 472 81 261 0
s 145 328 86 272 0
s 146 264 173 117 0
s 147 200 205 180 0
s 148 320 318 31 0
s 149 443 51 214 0
s 150 475 14 276 0
s 151 112 432 342 0
s 152 344 299 117 0
s 153 2 24 24 0
s 154 255 172 75 0
s 155 225 110 241 0
s 156 397 143 339 0
s 157 137 26 13 0
s 158 492 264 4 0
s 159 321 103 343 0
s 160 269 91 256 0
s 161 8 71 60 0
s 162 267 423 196 0
s 163 4 321 340 0
s 164 62 100 197 0
s 165 390 50 22 0
s 166 225 498 32 0
s 167 67 47 191 0
s 168 439 443 197 0
s 169 496 184 159 0
s 170 40 374 225 0
s 171 303 144 112 0
s 172 263 84 37 0
s 173 168 163 356 0
s 174 35 438 111 0
s 175 202 72 130 0
s 176 393 98 316 0
s 177 49 272 293 0
s 178 371 484 352 0
s 179 33 208 209 0
s 180 457 83 43 0
s 181 261 312 107 0
s 182 125 139 313 0
s 183 250 99 188 0
s 184 372 5 61 0
s 185 50 46 330 0
s 186 203 104 162 0
s 187 195 37 75 0
s 188 182 30 318 0
s 189 255 144 30 0
s 190 116 271 4 0
s 191 456 223 0 0
s 192 439 371 182 0
s 193 360 197 17 0
s 194 9 485 357 0
s 195 285 264 201 0
s 196 380 293 254 0
s 197 232 368 210 0
s 198 141 393 297 0
s 199 272 330 186 0
s 200 17 289 0 0
s 201 43 55 125 0
s 202 70 66 122 0
s 203 42 498 126 0
s 204 495 104 226 0
s 205 200 142 272 0
s 206 359 185 63 0
s 207 475 129 237 0
s 208 189 66 306 0
s 209 416 466 186 0
s 210 356 291 71 0
s 211 497 11 262 0
s 212 440 339 289 0
s 213 403 29 301 0
s 214 418 203 86 0
s 215 183 65 325 0
s 216 159 471 155 0
s 217 425 254 316 0
s 218 363 350 260 0
s 219 442 17 260 0
B10 0 11 79
z 0 10 11 79
m10 72 0 11 79
B10 1 11 79
z 1 10 11 79
m10 72 1 11 79
B10 2 11 79
z 2 10 11 79
m10 72 2 11 79
B10 3 11 79
z 3 10 11 79
m10 72 3 0.0 0.0 1.0
