373 485 311 391
s 0 91 249 324 0
s 1 460 72 269 0
s 2 220 389 287 0
s 3 194 356 309 0
s 4 291 245 44 0
s 5 167 108 254 0
s 6 46 159 82 0
s 7 37 138 78 0
s 8 490 493 279 0
s 9 426 103 148 0
s 10 458 258 133 0
s 11 362 408 87 0
s 12 329 57 58 0
s 13 428 98 214 0
s 14 367 17 261 0
s 15 23 185 42 0
s 16 99 313 91 0
s 17 49 109 174 0
s 18 116 166 162 0
s 19 404 492 191 0
s 20 140 361 276 0
s 21 226 159 199 0
s 22 399 253 357 0
s 23 186 78 44 0
s 24 395 57 167 0
s 25 56 334 166 0
s 26 169 156 42 0
s 27 81 339 182 0
s 28 43 327 273 0
s 29 439 376 354 0
s 30 470 245 247 0
s 31 84 448 53 0
s 32 199 476 56 0
s 33 9 190 76 0
s 34 317 389 99 0
s 35 196 365 76 0
s 36 46 491 77 0
s 37 28 247 16 0
s 38 430 26 17 0
s 39 109 128 39 0
s 40 429 274 355 0
s 41 217 329 219 0
s 42 400 477 43 0
s 43 56 87 60 0
s 44 424 350 231 0
s 45 271 276 179 0
s 46 162 94 112 0
s 47 439 72 228 0
s 48 122 371 102 0
s 49 432 427 19 0
s 50 496 88 47 0
s 51 384 342 199 0
s 52 467 196 42 0
s 53 104 268 133 0
s 54 172 161 234 0
s 55 136 66 244 0
s 56 310 450 358 0
s 57 3 437 134 0
s 58 301 177 69 0
s 59 93 72 87 0
s 60 17 272 190 0
s 61 251 124 63 0
s 62 433 208 269 0
s 63 357 59 33 0
s 64 404 412 297 0
s 65 193 159 183 0
s 66 499 252 130 0
s 67 456 71 221 0
s 68 30 491 31 0
s 69 471 56 282 0
s 70 240 365 109 0
s 71 271 84 142 0
s 72 405 61 164 0
s 73 92 118 221 0
s 74 451 264 275 0
s 75 336 227 170 0
s 76 39 54 148 0
s 77 365 292 56 0
s 78 473 230 129 0
s 79 422 352 91 0
s 80 359 407 5 0
s 81 81 385 219 0
s 82 167 307 39 0
s 83 261 388 297 0
s 84 494 446 16 0
s 85 305 436 330 0
s 86 298 406 158 0
s 87 375 218 57 0
s 88 116 130 337 0
s 89 23 52 218 0
s 90 142 448 114 0
s 91 262 141 282 0
s 92 104 418 11 0
s 93 183 286 290 0
s 94 440 112 353 0
s 95 128 363 187 0
s 96 63 379 6 0
s 97 406 253 116 0
s 98 264 133 19 0
s 99 7 387 87 0
s 100 417 165 201 0
s 101 298 44 322 0
s 102 311 391 208 0
s 103 379 147 106 0
s 104 144 173 81 0
s 105 334 200 114 0
s 106 132 224 22 0
s 107 388 242 89 0
s 108 6 61 233 0
s 109 326 469 11 0
s 110 383 43 25 0
s 111 386 214 223 0
s 112 82 336 128 0
s 113 360 369 286 0
s 114 242 388 113 0
s 115 358 401 115 0
s 116 250 420 126 0
s 117 434 141 46 0
s 118 329 28 344 0
s 119 257 69 83 0
s 120 373 485 248 0
s 121 311 51 169 0
s 122 117 119 354 0
s 123 428 254 309 0
s 124 322 386 96 0
s 125 241 159 93 0
s 126 78 237 300 0
s 127 157 447 289 0
s 128 206 250 247 0
s 129 341 166 317 0
s 130 106 374 54 0
s 131 348 129 338 0
s 132 129 171 180 0
s 133 437 177 178 0
s 134 58 122 297 0
s 135 20 437 338 0
s 136 139 1 242 0
s 137 101 299 147 0
s 138 171 365 266 0
s 139 161 197 346 0
s 140 72 1 294 0
s 141 11 351 158 0
s 142 17 326 54 0
s 143 494 459 104 0
s 144 434 493 191 0
s 145 35 93 44 0
s 146 126 208 133 0
s 147 382 187 191 0
s 148 100 231 61 0
s 149 146 363 18 0
s 150 455 61 288 0
s 151 478 278 235 0
s 152 121 487 75 0
s 153 430 228 259 0
s 154 416 253 299 0
s 155 250 167 146 0
s 156 200 239 334 0
s 157 481 323 15 0
s 158 303 124 292 0
s 159 210 409 197 0
s 160 461 471 108 0
s 161 470 363 80 0
s 162 139 34 146 0
s 163 62 308 294 0
s 164 35 322 174 0
s 165 63 492 225 0
s 166 120 41 80 0
s 167 18 368 256 0
s 168 111 314 95 0
s 169 190 17 78 0
s 170 151 402 65 0
s 171 267 141 139 0
s 172 118 438 283 0
s 173 417 358 215 0
s 174 216 495 322 0
s 175 452 340 198 0
s 176 420 220 330 0
s 177 314 18 213 0
s 178 205 44 123 0
s 179 100 449 107 0
s 180 495 275 347 0
s 181 323 260 36 0
s 182 207 266 110 0
s 183 150 497 23 0
s 184 410 58 290 0
s 185 132 247 344 0
s 186 213 204 263 0
s 187 172 81 16 0
s 188 64 245 123 0
s 189 474 353 177 0
s 190 168 86 67 0
s 191 410 274 54 0
s 192 117 203 29 0
s 193 154 58 143 0
s 194 349 39 42 0
s 195 53 63 331 0
s 196 269 121 152 0
s 197 345 345 151 0
s 198 128 399 181 0
s 199 69 82 108 0
s 200 99 186 272 0
s 201 424 344 245 0
s 202 299 198 233 0
s 203 1 55 254 0
s 204 22 184 145 0
s 205 211 54 160 0
s 206 335 170 115 0
s 207 418 32 169 0
s 208 30 66 201 0
s 209 16 386 250 0
s 210 158 294 83 0
s 211 143 271 17 0
s 212 363 327 202 0
s 213 391 478 333 0
s 214 286 487 2 0
s 215 489 377 41 0
s 216 444 62 349 0
s 217 316 209 168 0
s 218 15 110 252 0
s 219 2 155 79 0
B120 0 368 473
z 0 120 368 473
m120 19 0 368 473
z 0 120 368 473
m120 42 0 368 473
z 0 120 368 473
m120 56 0 368 473
z 0 120 368 473
m120 109 0 368 473
z 0 120 368 473
m120 144 0 368 473
z 0 120 368 473
m120 213 0 368 473
B120 1 368 473
z 1 120 368 473
m120 19 1 368 473
z 1 120 368 473
m120 42 1 368 473
z 1 120 368 473
m120 56 1 368 473
z 1 120 368 473
m120 109 1 368 473
z 1 120 368 473
m120 144 1 368 473
z 1 120 368 473
m120 213 1 368 473
B120 2 368 473
z 2 120 368 473
m120 19 2 368 473
z 2 120 368 473
m120 42 2 368 473
z 2 120 368 473
m120 56 2 368 473
z 2 120 368 473
m120 109 2 368 473
z 2 120 368 473
m120 144 2 368 473
z 2 120 368 473
m120 213 2 368 473
B120 3 368 473
z 3 120 368 473
m120 19 3 7.0 49.0 1.0
z 3 120 368 473
m120 42 3 7.0 49.0 1.0
z 3 120 368 473
m120 56 3 7.0 49.0 1.0
z 3 120 368 473
m120 109 3 7.0 49.0 1.0
z 3 120 368 473
m120 144 3 7.0 49.0 1.0
z 3 120 368 473
m120 213 3 7.0 49.0 1.0
B19 0 380 487
B19 1 380 487
B19 2 380 487
B19 3 380 487
B42 0 419 494
z 0 42 419 494
m42 49 0 419 494
z 0 42 419 494
m42 160 0 419 494
B42 1 419 494
z 1 42 419 494
m42 49 1 419 494
z 1 42 419 494
m42 160 1 419 494
B42 2 419 494
z 2 42 419 494
m42 49 2 419 494
z 2 42 419 494
m42 160 2 419 494
B42 3 419 494
B56 0 335 449
z 0 56 335 449
m56 11 0 335 449
z 0 56 335 449
m56 34 0 335 449
z 0 56 335 449
m56 80 0 335 449
z 0 56 335 449
m56 85 0 335 449
z 0 56 335 449
m56 86 0 335 449
z 0 56 335 449
m56 102 0 335 449
z 0 56 335 449
m56 115 0 335 449
z 0 56 335 449
m56 124 0 335 449
z 0 56 335 449
m56 214 0 335 449
B56 1 335 449
z 1 56 335 449
m56 11 1 335 449
z 1 56 335 449
m56 34 1 335 449
z 1 56 335 449
m56 80 1 335 449
z 1 56 335 449
m56 85 1 335 449
z 1 56 335 449
m56 86 1 335 449
z 1 56 335 449
m56 102 1 335 449
z 1 56 335 449
m56 115 1 335 449
z 1 56 335 449
m56 124 1 335 449
z 1 56 335 449
m56 214 1 335 449
B56 2 335 449
B56 3 335 449
z 3 56 335 449
m56 11 3 7.666666666666667 59.666666666666664 1.0
z 3 56 335 449
m56 34 3 7.666666666666667 59.666666666666664 1.0
z 3 56 335 449
m56 80 3 7.666666666666667 59.666666666666664 1.0
z 3 56 335 449
m56 85 3 7.666666666666667 59.666666666666664 1.0
z 3 56 335 449
m56 86 3 7.666666666666667 59.666666666666664 1.0
z 3 56 335 449
m56 102 3 7.666666666666667 59.666666666666664 1.0
z 3 56 335 449
m56 115 3 7.666666666666667 59.666666666666664 1.0
z 3 56 335 449
m56 124 3 7.666666666666667 59.666666666666664 1.0
z 3 56 335 449
m56 214 3 7.666666666666667 59.666666666666664 1.0
B109 0 351 474
z 0 109 351 474
m109 11 0 351 474
z 0 109 351 474
m109 34 0 351 474
z 0 109 351 474
m109 80 0 351 474
z 0 109 351 474
m109 85 0 351 474
z 0 109 351 474
m109 115 0 351 474
z 0 109 351 474
m109 124 0 351 474
z 0 109 351 474
m109 214 0 351 474
B109 1 351 474
z 1 109 351 474
m109 11 1 351 474
z 1 109 351 474
m109 34 1 351 474
z 1 109 351 474
m109 80 1 351 474
z 1 109 351 474
m109 85 1 351 474
z 1 109 351 474
m109 115 1 351 474
z 1 109 351 474
m109 124 1 351 474
z 1 109 351 474
m109 214 1 351 474
B109 2 351 474
B109 3 351 474
z 3 109 351 474
m109 11 3 7.0 49.0 1.0
z 3 109 351 474
m109 34 3 7.0 49.0 1.0
z 3 109 351 474
m109 80 3 7.0 49.0 1.0
z 3 109 351 474
m109 85 3 7.0 49.0 1.0
z 3 109 351 474
m109 115 3 7.0 49.0 1.0
z 3 109 351 474
m109 124 3 7.0 49.0 1.0
z 3 109 351 474
m109 214 3 7.0 49.0 1.0
B144 0 409 489
z 0 144 409 489
m144 8 0 409 489
z 0 144 409 489
m144 143 0 409 489
z 0 144 409 489
m144 160 0 409 489
B144 1 409 489
z 1 144 409 489
m144 8 1 409 489
z 1 144 409 489
m144 143 1 409 489
z 1 144 409 489
m144 160 1 409 489
B144 2 409 489
B144 3 409 489
z 3 144 409 489
m144 8 3 6.0 38.0 1.0
z 3 144 409 489
m144 143 3 6.0 38.0 1.0
z 3 144 409 489
m144 160 3 6.0 38.0 1.0
B213 0 414 467
z 0 213 414 467
m213 11 0 414 467
z 0 213 414 467
m213 49 0 414 467
z 0 213 414 467
m213 64 0 414 467
z 0 213 414 467
m213 160 0 414 467
B213 1 414 467
z 1 213 414 467
m213 11 1 414 467
z 1 213 414 467
m213 49 1 414 467
z 1 213 414 467
m213 64 1 414 467
z 1 213 414 467
m213 160 1 414 467
B213 2 414 467
B213 3 414 467
z 3 213 414 467
m213 11 3 6.333333333333334 41.0 1.0
z 3 213 414 467
m213 49 3 6.333333333333334 41.0 1.0
z 3 213 414 467
m213 64 3 6.333333333333334 41.0 1.0
z 3 213 414 467
m213 160 3 6.333333333333334 41.0 1.0
B8 0 496 457
z 0 8 496 457
m8 84 0 496 457
B8 1 496 457
B8 3 496 457
z 3 8 496 457
m8 84 3 4.75 28.75 1.0
B11 0 364 445
B11 1 364 445
B11 3 364 445
B34 0 311 426
z 0 34 311 426
m34 102 0 311 426
B34 1 311 426
z 1 34 311 426
m34 102 1 311 426
B34 3 311 426
z 3 34 311 426
m34 102 3 7.666666666666667 59.666666666666664 -1.0
B49 0 467 439
z 0 49 467 439
m49 29 0 467 439
z 0 49 467 439
m49 84 0 467 439
z 0 49 467 439
m49 161 0 467 439
z 0 49 467 439
m49 215 0 467 439
B49 1 467 439
z 1 49 467 439
m49 29 1 467 439
z 1 49 467 439
m49 84 1 467 439
z 1 49 467 439
m49 161 1 467 439
z 1 49 467 439
m49 215 1 467 439
B49 2 467 439
z 2 49 467 439
m49 8 2 467 439
z 2 49 467 439
m49 29 2 467 439
z 2 49 467 439
m49 64 2 467 439
z 2 49 467 439
m49 84 2 467 439
z 2 49 467 439
m49 143 2 467 439
z 2 49 467 439
m49 161 2 467 439
z 2 49 467 439
m49 215 2 467 439
B49 3 467 439
z 3 49 467 439
m49 29 3 6.0 37.0 1.0
z 3 49 467 439
m49 84 3 6.0 37.0 1.0
z 3 49 467 439
m49 161 3 6.0 37.0 1.0
z 3 49 467 439
m49 215 3 6.0 37.0 1.0
B64 0 421 379
z 0 64 421 379
m64 29 0 421 379
z 0 64 421 379
m64 79 0 421 379
z 0 64 421 379
m64 161 0 421 379
z 0 64 421 379
m64 173 0 421 379
z 0 64 421 379
m64 175 0 421 379
z 0 64 421 379
m64 189 0 421 379
B64 1 421 379
z 1 64 421 379
m64 29 1 421 379
z 1 64 421 379
m64 79 1 421 379
z 1 64 421 379
m64 161 1 421 379
z 1 64 421 379
m64 173 1 421 379
z 1 64 421 379
m64 175 1 421 379
z 1 64 421 379
m64 189 1 421 379
B64 3 421 379
z 3 64 421 379
m64 29 3 7.0 51.0 1.0
z 3 64 421 379
m64 79 3 7.0 51.0 1.0
z 3 64 421 379
m64 161 3 7.0 51.0 1.0
z 3 64 421 379
m64 173 3 7.0 51.0 1.0
z 3 64 421 379
m64 175 3 7.0 51.0 1.0
z 3 64 421 379
m64 189 3 7.0 51.0 1.0
B80 0 396 410
z 0 80 396 410
m80 79 0 396 410
z 0 80 396 410
m80 113 0 396 410
z 0 80 396 410
m80 173 0 396 410
B80 1 396 410
z 1 80 396 410
m80 79 1 396 410
z 1 80 396 410
m80 113 1 396 410
z 1 80 396 410
m80 173 1 396 410
B80 3 396 410
B85 0 337 417
z 0 85 337 417
m85 102 0 337 417
B85 1 337 417
B85 3 337 417
z 3 85 337 417
m85 102 3 7.666666666666667 59.666666666666664 -1.0
B86 0 264 420
z 0 86 264 420
m86 102 0 264 420
B86 1 264 420
z 1 86 264 420
m86 102 1 264 420
B86 3 264 420
z 3 86 264 420
m86 102 3 7.666666666666667 59.666666666666664 -1.0
B115 0 343 434
B115 1 343 434
B115 3 343 434
B124 0 318 422
z 0 124 318 422
m124 102 0 318 422
B124 1 318 422
B124 3 318 422
z 3 124 318 422
m124 102 3 7.666666666666667 59.666666666666664 -1.0
B143 0 485 495
z 0 143 485 495
m143 84 0 485 495
B143 1 485 495
z 1 143 485 495
m143 84 1 485 495
B143 3 485 495
z 3 143 485 495
m143 84 3 4.75 28.75 1.0
B160 0 458 492
z 0 160 458 492
m160 84 0 458 492
B160 1 458 492
z 1 160 458 492
m160 84 1 458 492
B160 2 458 492
z 2 160 458 492
m160 8 2 458 492
z 2 160 458 492
m160 84 2 458 492
z 2 160 458 492
m160 143 2 458 492
B160 3 458 492
z 3 160 458 492
m160 84 3 4.75 28.75 1.0
B214 0 323 489
B214 1 323 489
B214 3 323 489
B8 2 497 445
B29 0 488 371
z 0 29 488 371
m29 157 0 488 371
B29 1 488 371
B29 2 488 371
z 2 29 488 371
m29 79 2 488 371
z 2 29 488 371
m29 157 2 488 371
z 2 29 488 371
m29 189 2 488 371
B29 3 488 371
z 3 29 488 371
m29 157 3 5.0 29.8 1.0
B64 2 426 368
z 2 64 426 368
m64 79 2 426 368
z 2 64 426 368
m64 80 2 426 368
z 2 64 426 368
m64 173 2 426 368
z 2 64 426 368
m64 175 2 426 368
z 2 64 426 368
m64 189 2 426 368
B79 0 421 401
z 0 79 421 401
m79 77 0 421 401
B79 1 421 401
z 1 79 421 401
m79 77 1 421 401
B79 3 421 401
B84 0 456 454
B84 1 456 454
B84 2 456 454
B84 3 456 454
B113 0 373 321
z 0 113 373 321
m113 44 0 373 321
z 0 113 373 321
m113 51 0 373 321
z 0 113 373 321
m113 77 0 373 321
z 0 113 373 321
m113 97 0 373 321
z 0 113 373 321
m113 107 0 373 321
z 0 113 373 321
m113 181 0 373 321
z 0 113 373 321
m113 191 0 373 321
z 0 113 373 321
m113 197 0 373 321
z 0 113 373 321
m113 201 0 373 321
z 0 113 373 321
m113 212 0 373 321
B113 1 373 321
z 1 113 373 321
m113 44 1 373 321
z 1 113 373 321
m113 51 1 373 321
z 1 113 373 321
m113 77 1 373 321
z 1 113 373 321
m113 97 1 373 321
z 1 113 373 321
m113 107 1 373 321
z 1 113 373 321
m113 181 1 373 321
z 1 113 373 321
m113 191 1 373 321
z 1 113 373 321
m113 197 1 373 321
z 1 113 373 321
m113 201 1 373 321
z 1 113 373 321
m113 212 1 373 321
B143 2 492 496
B161 0 479 411
B161 1 479 411
B161 2 479 411
B161 3 479 411
B173 0 377 330
z 0 173 377 330
m173 10 0 377 330
z 0 173 377 330
m173 44 0 377 330
z 0 173 377 330
m173 51 0 377 330
z 0 173 377 330
m173 77 0 377 330
z 0 173 377 330
m173 97 0 377 330
z 0 173 377 330
m173 107 0 377 330
z 0 173 377 330
m173 191 0 377 330
z 0 173 377 330
m173 201 0 377 330
z 0 173 377 330
m173 212 0 377 330
B173 1 377 330
z 1 173 377 330
m173 10 1 377 330
z 1 173 377 330
m173 44 1 377 330
z 1 173 377 330
m173 51 1 377 330
z 1 173 377 330
m173 77 1 377 330
z 1 173 377 330
m173 97 1 377 330
z 1 173 377 330
m173 107 1 377 330
z 1 173 377 330
m173 191 1 377 330
z 1 173 377 330
m173 201 1 377 330
z 1 173 377 330
m173 212 1 377 330
B173 3 377 330
z 3 173 377 330
m173 10 3 7.8 65.0 1.0
z 3 173 377 330
m173 44 3 7.8 65.0 1.0
z 3 173 377 330
m173 51 3 7.8 65.0 1.0
z 3 173 377 330
m173 77 3 7.8 65.0 1.0
z 3 173 377 330
m173 97 3 7.8 65.0 1.0
z 3 173 377 330
m173 107 3 7.8 65.0 1.0
z 3 173 377 330
m173 113 3 7.8 65.0 1.0
z 3 173 377 330
m173 191 3 7.8 65.0 1.0
z 3 173 377 330
m173 201 3 7.8 65.0 1.0
z 3 173 377 330
m173 212 3 7.8 65.0 1.0
B175 0 406 325
z 0 175 406 325
m175 10 0 406 325
z 0 175 406 325
m175 44 0 406 325
z 0 175 406 325
m175 51 0 406 325
z 0 175 406 325
m175 77 0 406 325
z 0 175 406 325
m175 97 0 406 325
z 0 175 406 325
m175 107 0 406 325
z 0 175 406 325
m175 191 0 406 325
z 0 175 406 325
m175 201 0 406 325
B175 1 406 325
z 1 175 406 325
m175 10 1 406 325
z 1 175 406 325
m175 44 1 406 325
z 1 175 406 325
m175 51 1 406 325
z 1 175 406 325
m175 77 1 406 325
z 1 175 406 325
m175 97 1 406 325
z 1 175 406 325
m175 107 1 406 325
z 1 175 406 325
m175 191 1 406 325
z 1 175 406 325
m175 201 1 406 325
B175 3 406 325
z 3 175 406 325
m175 51 3 7.3999999999999995 57.0 0.9336609336609336
z 3 175 406 325
m175 107 3 7.3999999999999995 57.0 0.9336609336609336
z 3 175 406 325
m175 10 3 7.3999999999999995 57.0 0.9336609336609336
z 3 175 406 325
m175 97 3 7.3999999999999995 57.0 0.9336609336609336
z 3 175 406 325
m175 191 3 7.3999999999999995 57.0 0.9336609336609336
z 3 175 406 325
m175 113 3 7.3999999999999995 57.0 0.9336609336609336
z 3 175 406 325
m175 201 3 7.3999999999999995 57.0 0.9336609336609336
z 3 175 406 325
m175 44 3 7.3999999999999995 57.0 0.9336609336609336
z 3 175 406 325
m175 77 3 7.3999999999999995 57.0 0.9336609336609336
B189 0 425 356
z 0 189 425 356
m189 10 0 425 356
z 0 189 425 356
m189 44 0 425 356
z 0 189 425 356
m189 77 0 425 356
z 0 189 425 356
m189 157 0 425 356
z 0 189 425 356
m189 191 0 425 356
z 0 189 425 356
m189 201 0 425 356
B189 1 425 356
z 1 189 425 356
m189 10 1 425 356
z 1 189 425 356
m189 44 1 425 356
z 1 189 425 356
m189 77 1 425 356
z 1 189 425 356
m189 157 1 425 356
z 1 189 425 356
m189 191 1 425 356
z 1 189 425 356
m189 201 1 425 356
B189 3 425 356
z 3 189 425 356
m189 157 3 7.0 50.599999999999994 0.7259740259740259
z 3 189 425 356
m189 10 3 7.0 50.599999999999994 0.7259740259740259
z 3 189 425 356
m189 201 3 7.0 50.599999999999994 0.7259740259740259
z 3 189 425 356
m189 44 3 7.0 50.599999999999994 0.7259740259740259
z 3 189 425 356
m189 191 3 7.0 50.599999999999994 0.7259740259740259
B215 0 485 354
z 0 215 485 354
m215 157 0 485 354
B215 1 485 354
z 1 215 485 354
m215 157 1 485 354
B215 2 485 354
B215 3 485 354
B10 0 416 303
z 0 10 416 303
m10 22 0 416 303
z 0 10 416 303
m10 40 0 416 303
z 0 10 416 303
m10 66 0 416 303
z 0 10 416 303
m10 78 0 416 303
z 0 10 416 303
m10 87 0 416 303
z 0 10 416 303
m10 151 0 416 303
z 0 10 416 303
m10 180 0 416 303
B10 1 416 303
z 1 10 416 303
m10 22 1 416 303
z 1 10 416 303
m10 40 1 416 303
z 1 10 416 303
m10 66 1 416 303
z 1 10 416 303
m10 78 1 416 303
z 1 10 416 303
m10 87 1 416 303
z 1 10 416 303
m10 151 1 416 303
z 1 10 416 303
m10 180 1 416 303
B10 3 416 303
z 3 10 416 303
m10 40 3 7.833333333333333 64.83333333333333 0.6356382978723407
z 3 10 416 303
m10 66 3 7.833333333333333 64.83333333333333 0.6356382978723407
z 3 10 416 303
m10 151 3 7.833333333333333 64.83333333333333 0.6356382978723407
z 3 10 416 303
m10 22 3 7.833333333333333 64.83333333333333 0.6356382978723407
z 3 10 416 303
m10 180 3 7.833333333333333 64.83333333333333 0.6356382978723407
z 3 10 416 303
m10 181 3 7.833333333333333 64.83333333333333 0.6356382978723407
z 3 10 416 303
m10 87 3 7.833333333333333 64.83333333333333 0.6356382978723407
B44 0 386 303
z 0 44 386 303
m44 4 0 386 303
z 0 44 386 303
m44 78 0 386 303
z 0 44 386 303
m44 87 0 386 303
B44 1 386 303
B44 3 386 303
z 3 44 386 303
m44 78 3 7.166666666666667 56.83333333333333 0.0
B51 0 326 322
z 0 51 326 322
m51 4 0 326 322
z 0 51 326 322
m51 83 0 326 322
B51 1 326 322
z 1 51 326 322
m51 4 1 326 322
z 1 51 326 322
m51 83 1 326 322
B51 3 326 322
z 3 51 326 322
m51 197 3 7.166666666666667 56.83333333333333 0.0
B77 0 399 343
z 0 77 399 343
m77 87 0 399 343
B77 1 399 343
z 1 77 399 343
m77 87 1 399 343
B77 3 399 343
B79 2 421 413
B80 2 420 412
B97 0 380 308
z 0 97 380 308
m97 4 0 380 308
z 0 97 380 308
m97 78 0 380 308
z 0 97 380 308
m97 87 0 380 308
B97 1 380 308
z 1 97 380 308
m97 4 1 380 308
z 1 97 380 308
m97 78 1 380 308
z 1 97 380 308
m97 87 1 380 308
B97 3 380 308
z 3 97 380 308
m97 78 3 7.166666666666667 56.83333333333333 0.0
B107 0 389 303
z 0 107 389 303
m107 4 0 389 303
z 0 107 389 303
m107 78 0 389 303
z 0 107 389 303
m107 87 0 389 303
z 0 107 389 303
m107 180 0 389 303
B107 1 389 303
z 1 107 389 303
m107 4 1 389 303
z 1 107 389 303
m107 78 1 389 303
z 1 107 389 303
m107 87 1 389 303
z 1 107 389 303
m107 180 1 389 303
B107 3 389 303
z 3 107 389 303
m107 180 3 7.5 60.166666666666664 0.2444444444444447
z 3 107 389 303
m107 4 3 7.5 60.166666666666664 0.2444444444444447
B113 3 377 310
B157 0 479 291
z 0 157 479 291
m157 22 0 479 291
z 0 157 479 291
m157 40 0 479 291
z 0 157 479 291
m157 66 0 479 291
z 0 157 479 291
m157 78 0 479 291
z 0 157 479 291
m157 151 0 479 291
z 0 157 479 291
m157 180 0 479 291
B157 1 479 291
z 1 157 479 291
m157 22 1 479 291
z 1 157 479 291
m157 40 1 479 291
z 1 157 479 291
m157 66 1 479 291
z 1 157 479 291
m157 78 1 479 291
z 1 157 479 291
m157 151 1 479 291
z 1 157 479 291
m157 180 1 479 291
B157 2 479 291
z 2 157 479 291
m157 10 2 479 291
z 2 157 479 291
m157 22 2 479 291
z 2 157 479 291
m157 40 2 479 291
z 2 157 479 291
m157 66 2 479 291
z 2 157 479 291
m157 78 2 479 291
z 2 157 479 291
m157 151 2 479 291
z 2 157 479 291
m157 180 2 479 291
z 2 157 479 291
m157 191 2 479 291
B157 3 479 291
z 3 157 479 291
m157 22 3 5.166666666666667 30.833333333333332 1.0
z 3 157 479 291
m157 40 3 5.166666666666667 30.833333333333332 1.0
z 3 157 479 291
m157 66 3 5.166666666666667 30.833333333333332 1.0
z 3 157 479 291
m157 78 3 5.166666666666667 30.833333333333332 1.0
z 3 157 479 291
m157 151 3 5.166666666666667 30.833333333333332 1.0
z 3 157 479 291
m157 180 3 5.166666666666667 30.833333333333332 1.0
B173 2 367 323
B175 2 394 321
B181 0 373 296
z 0 181 373 296
m181 4 0 373 296
z 0 181 373 296
m181 87 0 373 296
z 0 181 373 296
m181 105 0 373 296
B181 1 373 296
z 1 181 373 296
m181 4 1 373 296
z 1 181 373 296
m181 87 1 373 296
z 1 181 373 296
m181 105 1 373 296
B189 2 413 357
z 2 189 413 357
m189 10 2 413 357
z 2 189 413 357
m189 44 2 413 357
z 2 189 413 357
m189 77 2 413 357
z 2 189 413 357
m189 107 2 413 357
z 2 189 413 357
m189 191 2 413 357
z 2 189 413 357
m189 201 2 413 357
B191 0 445 323
z 0 191 445 323
m191 22 0 445 323
z 0 191 445 323
m191 40 0 445 323
z 0 191 445 323
m191 66 0 445 323
z 0 191 445 323
m191 78 0 445 323
z 0 191 445 323
m191 87 0 445 323
z 0 191 445 323
m191 180 0 445 323
B191 1 445 323
z 1 191 445 323
m191 22 1 445 323
z 1 191 445 323
m191 40 1 445 323
z 1 191 445 323
m191 66 1 445 323
z 1 191 445 323
m191 78 1 445 323
z 1 191 445 323
m191 87 1 445 323
z 1 191 445 323
m191 180 1 445 323
B191 3 445 323
z 3 191 445 323
m191 22 3 7.5 60.166666666666664 0.2444444444444447
z 3 191 445 323
m191 40 3 7.5 60.166666666666664 0.2444444444444447
z 3 191 445 323
m191 87 3 7.5 60.166666666666664 0.2444444444444447
B197 0 291 374
z 0 197 291 374
m197 102 0 291 374
B197 1 291 374
z 1 197 291 374
m197 102 1 291 374
B201 0 399 289
z 0 201 399 289
m201 22 0 399 289
z 0 201 399 289
m201 78 0 399 289
z 0 201 399 289
m201 87 0 399 289
z 0 201 399 289
m201 180 0 399 289
B201 1 399 289
B201 3 399 289
z 3 201 399 289
m201 22 3 7.333333333333333 58.33333333333333 0.0
z 3 201 399 289
m201 180 3 7.333333333333333 58.33333333333333 0.0
B212 0 307 304
z 0 212 307 304
m212 4 0 307 304
z 0 212 307 304
m212 83 0 307 304
z 0 212 307 304
m212 105 0 307 304
B212 1 307 304
z 1 212 307 304
m212 4 1 307 304
z 1 212 307 304
m212 83 1 307 304
z 1 212 307 304
m212 105 1 307 304
B212 3 307 304
z 3 212 307 304
m212 197 3 7.333333333333333 58.33333333333333 0.0
z 3 212 307 304
m212 181 3 7.333333333333333 58.33333333333333 0.0
B4 0 344 296
z 0 4 344 296
m4 58 0 344 296
z 0 4 344 296
m4 206 0 344 296
B4 1 344 296
z 1 4 344 296
m4 58 1 344 296
z 1 4 344 296
m4 206 1 344 296
B4 3 344 296
z 3 4 344 296
m4 206 3 7.0 53.857142857142854 0.13936680157295003
B10 2 408 312
B22 0 472 249
z 0 22 472 249
m22 30 0 472 249
z 0 22 472 249
m22 52 0 472 249
z 0 22 472 249
m22 74 0 472 249
z 0 22 472 249
m22 117 0 472 249
z 0 22 472 249
m22 123 0 472 249
z 0 22 472 249
m22 154 0 472 249
z 0 22 472 249
m22 176 0 472 249
B22 1 472 249
z 1 22 472 249
m22 30 1 472 249
z 1 22 472 249
m22 52 1 472 249
z 1 22 472 249
m22 74 1 472 249
z 1 22 472 249
m22 117 1 472 249
z 1 22 472 249
m22 123 1 472 249
z 1 22 472 249
m22 154 1 472 249
z 1 22 472 249
m22 176 1 472 249
B22 2 472 249
B22 3 472 249
z 3 22 472 249
m22 30 3 7.714285714285714 62.57142857142857 0.5613536402076905
z 3 22 472 249
m22 176 3 7.714285714285714 62.57142857142857 0.5613536402076905
z 3 22 472 249
m22 154 3 7.714285714285714 62.57142857142857 0.5613536402076905
z 3 22 472 249
m22 52 3 7.714285714285714 62.57142857142857 0.5613536402076905
z 3 22 472 249
m22 74 3 7.714285714285714 62.57142857142857 0.5613536402076905
z 3 22 472 249
m22 117 3 7.714285714285714 62.57142857142857 0.5613536402076905
B40 0 495 267
z 0 40 495 267
m40 52 0 495 267
z 0 40 495 267
m40 123 0 495 267
B40 1 495 267
z 1 40 495 267
m40 52 1 495 267
z 1 40 495 267
m40 123 1 495 267
B40 2 495 267
z 2 40 495 267
m40 52 2 495 267
z 2 40 495 267
m40 123 2 495 267
B40 3 495 267
B44 2 378 293
z 2 44 378 293
m44 4 2 378 293
z 2 44 378 293
m44 51 2 378 293
z 2 44 378 293
m44 87 2 378 293
z 2 44 378 293
m44 97 2 378 293
z 2 44 378 293
m44 113 2 378 293
z 2 44 378 293
m44 181 2 378 293
B66 0 496 325
B66 1 496 325
B66 2 496 325
B66 3 496 325
B77 2 406 353
B78 0 427 287
B78 1 427 287
B78 2 427 287
B78 3 427 287
B83 0 294 323
z 0 83 294 323
m83 102 0 294 323
B83 1 294 323
z 1 83 294 323
m83 102 1 294 323
B87 0 415 279
B87 1 415 279
B87 3 415 279
B105 0 304 267
z 0 105 304 267
m105 58 0 304 267
z 0 105 304 267
m105 75 0 304 267
z 0 105 304 267
m105 156 0 304 267
z 0 105 304 267
m105 206 0 304 267
B105 1 304 267
B107 2 389 315
z 2 107 389 315
m107 4 2 389 315
z 2 107 389 315
m107 51 2 389 315
z 2 107 389 315
m107 87 2 389 315
z 2 107 389 315
m107 97 2 389 315
z 2 107 389 315
m107 113 2 389 315
z 2 107 389 315
m107 181 2 389 315
B151 0 436 218
z 0 151 436 218
m151 30 0 436 218
z 0 151 436 218
m151 52 0 436 218
z 0 151 436 218
m151 74 0 436 218
z 0 151 436 218
m151 117 0 436 218
z 0 151 436 218
m151 123 0 436 218
z 0 151 436 218
m151 153 0 436 218
z 0 151 436 218
m151 154 0 436 218
z 0 151 436 218
m151 176 0 436 218
B151 1 436 218
z 1 151 436 218
m151 30 1 436 218
z 1 151 436 218
m151 52 1 436 218
z 1 151 436 218
m151 74 1 436 218
z 1 151 436 218
m151 117 1 436 218
z 1 151 436 218
m151 123 1 436 218
z 1 151 436 218
m151 153 1 436 218
z 1 151 436 218
m151 154 1 436 218
z 1 151 436 218
m151 176 1 436 218
B151 2 436 218
z 2 151 436 218
m151 30 2 436 218
z 2 151 436 218
m151 52 2 436 218
z 2 151 436 218
m151 74 2 436 218
z 2 151 436 218
m151 87 2 436 218
z 2 151 436 218
m151 117 2 436 218
z 2 151 436 218
m151 123 2 436 218
z 2 151 436 218
m151 153 2 436 218
z 2 151 436 218
m151 154 2 436 218
z 2 151 436 218
m151 176 2 436 218
B151 3 436 218
z 3 151 436 218
m151 52 3 7.857142857142858 64.71428571428571 0.6391527254629162
z 3 151 436 218
m151 153 3 7.857142857142858 64.71428571428571 0.6391527254629162
z 3 151 436 218
m151 176 3 7.857142857142858 64.71428571428571 0.6391527254629162
z 3 151 436 218
m151 117 3 7.857142857142858 64.71428571428571 0.6391527254629162
z 3 151 436 218
m151 123 3 7.857142857142858 64.71428571428571 0.6391527254629162
z 3 151 436 218
m151 30 3 7.857142857142858 64.71428571428571 0.6391527254629162
z 3 151 436 218
m151 74 3 7.857142857142858 64.71428571428571 0.6391527254629162
B180 0 431 255
z 0 180 431 255
m180 30 0 431 255
z 0 180 431 255
m180 123 0 431 255
B180 1 431 255
B180 2 431 255
z 2 180 431 255
m180 30 2 431 255
z 2 180 431 255
m180 87 2 431 255
z 2 180 431 255
m180 123 2 431 255
B180 3 431 255
z 3 180 431 255
m180 30 3 7.285714285714286 57.857142857142854 0.05860029715506955
B181 3 382 303
B191 2 452 333
B197 3 281 380
z 3 197 281 380
m197 102 3 7.166666666666667 56.83333333333333 -1.0
B201 2 393 278
z 2 201 393 278
m201 4 2 393 278
z 2 201 393 278
m201 87 2 393 278
z 2 201 393 278
m201 97 2 393 278
z 2 201 393 278
m201 113 2 393 278
z 2 201 393 278
m201 181 2 393 278
B4 2 352 304
B30 0 436 167
z 0 30 436 167
m30 62 0 436 167
B30 1 436 167
B30 2 436 167
B30 3 436 167
z 3 30 436 167
m30 62 3 6.875 54.875 1.0
B51 2 303 314
B52 0 496 181
B52 1 496 181
B52 2 496 181
B52 3 496 181
B58 0 331 256
z 0 58 331 256
m58 61 0 331 256
z 0 58 331 256
m58 103 0 331 256
B58 1 331 256
z 1 58 331 256
m58 61 1 331 256
z 1 58 331 256
m58 75 1 331 256
z 1 58 331 256
m58 103 1 331 256
z 1 58 331 256
m58 156 1 331 256
B74 0 458 179
z 0 74 458 179
m74 62 0 458 179
B74 1 458 179
z 1 74 458 179
m74 62 1 458 179
B74 2 458 179
z 2 74 458 179
m74 62 2 458 179
B74 3 458 179
z 3 74 458 179
m74 62 3 6.875 54.875 1.0
B75 0 252 241
z 0 75 252 241
m75 3 0 252 241
z 0 75 252 241
m75 26 0 252 241
z 0 75 252 241
m75 61 0 252 241
z 0 75 252 241
m75 93 0 252 241
z 0 75 252 241
m75 125 0 252 241
z 0 75 252 241
m75 139 0 252 241
z 0 75 252 241
m75 171 0 252 241
z 0 75 252 241
m75 211 0 252 241
z 0 75 252 241
m75 217 0 252 241
B87 2 422 289
B97 2 369 329
B113 2 383 287
B117 0 493 202
B117 1 493 202
B117 2 493 202
B117 3 493 202
B123 0 481 188
B123 1 481 188
B123 2 481 188
B123 3 481 188
B153 0 413 145
z 0 153 413 145
m153 9 0 413 145
z 0 153 413 145
m153 12 0 413 145
z 0 153 413 145
m153 62 0 413 145
z 0 153 413 145
m153 63 0 413 145
z 0 153 413 145
m153 100 0 413 145
z 0 153 413 145
m153 129 0 413 145
z 0 153 413 145
m153 133 0 413 145
B153 1 413 145
B153 2 413 145
z 2 153 413 145
m153 9 2 413 145
z 2 153 413 145
m153 12 2 413 145
z 2 153 413 145
m153 62 2 413 145
z 2 153 413 145
m153 63 2 413 145
z 2 153 413 145
m153 100 2 413 145
z 2 153 413 145
m153 129 2 413 145
z 2 153 413 145
m153 133 2 413 145
B153 3 413 145
z 3 153 413 145
m153 100 3 8.125 69.125 0.7478111594244895
z 3 153 413 145
m153 133 3 8.125 69.125 0.7478111594244895
z 3 153 413 145
m153 9 3 8.125 69.125 0.7478111594244895
z 3 153 413 145
m153 12 3 8.125 69.125 0.7478111594244895
z 3 153 413 145
m153 63 3 8.125 69.125 0.7478111594244895
z 3 153 413 145
m153 129 3 8.125 69.125 0.7478111594244895
B154 0 457 179
z 0 154 457 179
m154 62 0 457 179
B154 1 457 179
z 1 154 457 179
m154 62 1 457 179
B154 2 457 179
z 2 154 457 179
m154 62 2 457 179
B154 3 457 179
z 3 154 457 179
m154 62 3 6.875 54.875 1.0
B156 0 276 202
z 0 156 276 202
m156 26 0 276 202
z 0 156 276 202
m156 61 0 276 202
z 0 156 276 202
m156 93 0 276 202
z 0 156 276 202
m156 119 0 276 202
z 0 156 276 202
m156 125 0 276 202
z 0 156 276 202
m156 139 0 276 202
z 0 156 276 202
m156 147 0 276 202
z 0 156 276 202
m156 171 0 276 202
z 0 156 276 202
m156 185 0 276 202
z 0 156 276 202
m156 202 0 276 202
z 0 156 276 202
m156 217 0 276 202
B176 0 494 177
z 0 176 494 177
m176 62 0 494 177
B176 1 494 177
z 1 176 494 177
m176 62 1 494 177
B176 2 494 177
B176 3 494 177
B181 2 392 310
B206 0 299 247
z 0 206 299 247
m206 61 0 299 247
z 0 206 299 247
m206 125 0 299 247
z 0 206 299 247
m206 147 0 299 247
z 0 206 299 247
m206 217 0 299 247
B206 1 299 247
z 1 206 299 247
m206 61 1 299 247
z 1 206 299 247
m206 75 1 299 247
z 1 206 299 247
m206 125 1 299 247
z 1 206 299 247
m206 147 1 299 247
z 1 206 299 247
m206 156 1 299 247
z 1 206 299 247
m206 217 1 299 247
B206 3 299 247
z 3 206 299 247
m206 147 3 7.25 57.25 0.21491738711866382
z 3 206 299 247
m206 217 3 7.25 57.25 0.21491738711866382
z 3 206 299 247
m206 125 3 7.25 57.25 0.21491738711866382
z 3 206 299 247
m206 156 3 7.25 57.25 0.21491738711866382
z 3 206 299 247
m206 61 3 7.25 57.25 0.21491738711866382
B3 0 255 281
z 0 3 255 281
m3 102 0 255 281
B9 0 344 155
z 0 9 344 155
m9 72 0 344 155
z 0 9 344 155
m9 98 0 344 155
z 0 9 344 155
m9 111 0 344 155
B9 2 344 155
B9 3 344 155
B12 0 380 139
z 0 12 380 139
m12 50 0 380 139
z 0 12 380 139
m12 72 0 380 139
z 0 12 380 139
m12 98 0 380 139
z 0 12 380 139
m12 111 0 380 139
z 0 12 380 139
m12 194 0 380 139
B12 2 380 139
z 2 12 380 139
m12 50 2 380 139
z 2 12 380 139
m12 72 2 380 139
z 2 12 380 139
m12 98 2 380 139
z 2 12 380 139
m12 111 2 380 139
z 2 12 380 139
m12 194 2 380 139
B12 3 380 139
z 3 12 380 139
m12 72 3 7.888888888888889 65.44444444444444 0.28445083527019804
z 3 12 380 139
m12 111 3 7.888888888888889 65.44444444444444 0.28445083527019804
z 3 12 380 139
m12 50 3 7.888888888888889 65.44444444444444 0.28445083527019804
B26 0 241 220
z 0 26 241 220
m26 39 0 241 220
z 0 26 241 220
m26 106 0 241 220
z 0 26 241 220
m26 128 0 241 220
z 0 26 241 220
m26 155 0 241 220
z 0 26 241 220
m26 190 0 241 220
z 0 26 241 220
m26 192 0 241 220
z 0 26 241 220
m26 196 0 241 220
B61 0 295 211
z 0 61 295 211
m61 98 0 295 211
z 0 61 295 211
m61 111 0 295 211
B61 1 295 211
B61 3 295 211
z 3 61 295 211
m61 98 3 7.333333333333334 58.0 0.18761310998245176
z 3 61 295 211
m61 58 3 7.333333333333334 58.0 0.18761310998245176
z 3 61 295 211
m61 111 3 7.333333333333334 58.0 0.18761310998245176
z 3 61 295 211
m61 103 3 7.333333333333334 58.0 0.18761310998245176
z 3 61 295 211
m61 75 3 7.333333333333334 58.0 0.18761310998245176
B62 0 432 111
z 0 62 432 111
m62 50 0 432 111
z 0 62 432 111
m62 94 0 432 111
z 0 62 432 111
m62 110 0 432 111
z 0 62 432 111
m62 131 0 432 111
z 0 62 432 111
m62 194 0 432 111
B62 1 432 111
z 1 62 432 111
m62 12 1 432 111
z 1 62 432 111
m62 50 1 432 111
z 1 62 432 111
m62 63 1 432 111
z 1 62 432 111
m62 94 1 432 111
z 1 62 432 111
m62 110 1 432 111
z 1 62 432 111
m62 129 1 432 111
z 1 62 432 111
m62 131 1 432 111
z 1 62 432 111
m62 194 1 432 111
B62 2 432 111
z 2 62 432 111
m62 50 2 432 111
z 2 62 432 111
m62 94 2 432 111
z 2 62 432 111
m62 110 2 432 111
z 2 62 432 111
m62 131 2 432 111
z 2 62 432 111
m62 194 2 432 111
B62 3 432 111
z 3 62 432 111
m62 50 3 6.666666666666666 51.55555555555556 1.0
z 3 62 432 111
m62 94 3 6.666666666666666 51.55555555555556 1.0
z 3 62 432 111
m62 110 3 6.666666666666666 51.55555555555556 1.0
z 3 62 432 111
m62 131 3 6.666666666666666 51.55555555555556 1.0
z 3 62 432 111
m62 194 3 6.666666666666666 51.55555555555556 1.0
B63 0 439 111
z 0 63 439 111
m63 50 0 439 111
z 0 63 439 111
m63 94 0 439 111
z 0 63 439 111
m63 110 0 439 111
z 0 63 439 111
m63 131 0 439 111
z 0 63 439 111
m63 194 0 439 111
B63 2 439 111
B63 3 439 111
z 3 63 439 111
m63 110 3 7.777777777777778 64.22222222222221 0.04991245443465576
z 3 63 439 111
m63 50 3 7.777777777777778 64.22222222222221 0.04991245443465576
B75 1 241 243
B93 0 216 195
z 0 93 216 195
m93 0 0 216 195
z 0 93 216 195
m93 39 0 216 195
z 0 93 216 195
m93 106 0 216 195
z 0 93 216 195
m93 128 0 216 195
z 0 93 216 195
m93 155 0 216 195
z 0 93 216 195
m93 190 0 216 195
z 0 93 216 195
m93 192 0 216 195
z 0 93 216 195
m93 196 0 216 195
B100 0 326 130
z 0 100 326 130
m100 72 0 326 130
z 0 100 326 130
m100 98 0 326 130
z 0 100 326 130
m100 111 0 326 130
B100 2 326 130
B100 3 326 130
B103 0 352 240
z 0 103 352 240
m103 98 0 352 240
B103 1 352 240
z 1 103 352 240
m103 98 1 352 240
z 1 103 352 240
m103 133 1 352 240
B119 0 269 166
z 0 119 269 166
m119 23 0 269 166
z 0 119 269 166
m119 111 0 269 166
z 0 119 269 166
m119 187 0 269 166
z 0 119 269 166
m119 190 0 269 166
z 0 119 269 166
m119 196 0 269 166
B125 0 236 256
z 0 125 236 256
m125 2 0 236 256
z 0 125 236 256
m125 106 0 236 256
z 0 125 236 256
m125 155 0 236 256
z 0 125 236 256
m125 192 0 236 256
B125 1 236 256
B125 3 236 256
z 3 125 236 256
m125 139 3 8.0 72.66666666666666 0.26789836085389873
z 3 125 236 256
m125 155 3 8.0 72.66666666666666 0.26789836085389873
z 3 125 236 256
m125 171 3 8.0 72.66666666666666 0.26789836085389873
z 3 125 236 256
m125 93 3 8.0 72.66666666666666 0.26789836085389873
z 3 125 236 256
m125 211 3 8.0 72.66666666666666 0.26789836085389873
z 3 125 236 256
m125 2 3 8.0 72.66666666666666 0.26789836085389873
z 3 125 236 256
m125 185 3 8.0 72.66666666666666 0.26789836085389873
z 3 125 236 256
m125 26 3 8.0 72.66666666666666 0.26789836085389873
z 3 125 236 256
m125 192 3 8.0 72.66666666666666 0.26789836085389873
z 3 125 236 256
m125 3 3 8.0 72.66666666666666 0.26789836085389873
B129 0 412 100
z 0 129 412 100
m129 13 0 412 100
z 0 129 412 100
m129 50 0 412 100
z 0 129 412 100
m129 131 0 412 100
z 0 129 412 100
m129 194 0 412 100
B129 2 412 100
z 2 129 412 100
m129 13 2 412 100
z 2 129 412 100
m129 50 2 412 100
z 2 129 412 100
m129 131 2 412 100
z 2 129 412 100
m129 194 2 412 100
B129 3 412 100
z 3 129 412 100
m129 13 3 7.888888888888889 65.44444444444444 0.28445083527019804
z 3 129 412 100
m129 131 3 7.888888888888889 65.44444444444444 0.28445083527019804
B133 0 340 180
z 0 133 340 180
m133 98 0 340 180
z 0 133 340 180
m133 111 0 340 180
B133 2 340 180
z 2 133 340 180
m133 61 2 340 180
z 2 133 340 180
m133 98 2 340 180
z 2 133 340 180
m133 103 2 340 180
z 2 133 340 180
m133 111 2 340 180
z 2 133 340 180
m133 147 2 340 180
B133 3 340 180
B139 0 255 174
z 0 139 255 174
m139 23 0 255 174
z 0 139 255 174
m139 190 0 255 174
z 0 139 255 174
m139 196 0 255 174
B147 0 287 169
z 0 147 287 169
m147 23 0 287 169
z 0 147 287 169
m147 98 0 287 169
z 0 147 287 169
m147 111 0 287 169
B147 1 287 169
z 1 147 287 169
m147 9 1 287 169
z 1 147 287 169
m147 23 1 287 169
z 1 147 287 169
m147 98 1 287 169
z 1 147 287 169
m147 100 1 287 169
z 1 147 287 169
m147 111 1 287 169
z 1 147 287 169
m147 119 1 287 169
z 1 147 287 169
m147 133 1 287 169
z 1 147 287 169
m147 139 1 287 169
z 1 147 287 169
m147 202 1 287 169
B147 3 287 169
z 3 147 287 169
m147 98 3 7.111111111111112 54.888888888888886 0.11576995188931156
z 3 147 287 169
m147 202 3 7.111111111111112 54.888888888888886 0.11576995188931156
z 3 147 287 169
m147 23 3 7.111111111111112 54.888888888888886 0.11576995188931156
B156 1 287 197
z 1 156 287 197
m156 26 1 287 197
z 1 156 287 197
m156 93 1 287 197
z 1 156 287 197
m156 111 1 287 197
z 1 156 287 197
m156 119 1 287 197
z 1 156 287 197
m156 139 1 287 197
z 1 156 287 197
m156 171 1 287 197
z 1 156 287 197
m156 185 1 287 197
B156 3 287 197
z 3 156 287 197
m156 171 3 7.444444444444445 59.888888888888886 0.21029826715671043
z 3 156 287 197
m156 93 3 7.444444444444445 59.888888888888886 0.21029826715671043
z 3 156 287 197
m156 185 3 7.444444444444445 59.888888888888886 0.21029826715671043
z 3 156 287 197
m156 75 3 7.444444444444445 59.888888888888886 0.21029826715671043
z 3 156 287 197
m156 111 3 7.444444444444445 59.888888888888886 0.21029826715671043
B171 0 194 205
z 0 171 194 205
m171 0 0 194 205
z 0 171 194 205
m171 39 0 194 205
z 0 171 194 205
m171 106 0 194 205
z 0 171 194 205
m171 128 0 194 205
z 0 171 194 205
m171 155 0 194 205
z 0 171 194 205
m171 190 0 194 205
z 0 171 194 205
m171 192 0 194 205
z 0 171 194 205
m171 196 0 194 205
B185 0 225 220
z 0 185 225 220
m185 0 0 225 220
z 0 185 225 220
m185 39 0 225 220
z 0 185 225 220
m185 104 0 225 220
z 0 185 225 220
m185 106 0 225 220
z 0 185 225 220
m185 128 0 225 220
z 0 185 225 220
m185 155 0 225 220
z 0 185 225 220
m185 190 0 225 220
z 0 185 225 220
m185 192 0 225 220
z 0 185 225 220
m185 196 0 225 220
B202 0 241 120
z 0 202 241 120
m202 23 0 241 120
z 0 202 241 120
m202 71 0 241 120
z 0 202 241 120
m202 122 0 241 120
z 0 202 241 120
m202 169 0 241 120
z 0 202 241 120
m202 186 0 241 120
z 0 202 241 120
m202 187 0 241 120
z 0 202 241 120
m202 190 0 241 120
z 0 202 241 120
m202 196 0 241 120
B211 0 236 299
z 0 211 236 299
m211 102 0 236 299
B217 0 221 230
z 0 217 221 230
m217 39 0 221 230
z 0 217 221 230
m217 106 0 221 230
z 0 217 221 230
m217 155 0 221 230
z 0 217 221 230
m217 190 0 221 230
z 0 217 221 230
m217 192 0 221 230
B217 1 221 230
z 1 217 221 230
m217 26 1 221 230
z 1 217 221 230
m217 39 1 221 230
z 1 217 221 230
m217 93 1 221 230
z 1 217 221 230
m217 106 1 221 230
z 1 217 221 230
m217 139 1 221 230
z 1 217 221 230
m217 155 1 221 230
z 1 217 221 230
m217 171 1 221 230
z 1 217 221 230
m217 185 1 221 230
z 1 217 221 230
m217 190 1 221 230
z 1 217 221 230
m217 192 1 221 230
z 1 217 221 230
m217 211 1 221 230
B217 3 221 230
z 3 217 221 230
m217 211 3 8.0 72.66666666666666 0.26789836085389873
z 3 217 221 230
m217 139 3 8.0 72.66666666666666 0.26789836085389873
z 3 217 221 230
m217 190 3 8.0 72.66666666666666 0.26789836085389873
z 3 217 221 230
m217 39 3 8.0 72.66666666666666 0.26789836085389873
z 3 217 221 230
m217 155 3 8.0 72.66666666666666 0.26789836085389873
z 3 217 221 230
m217 171 3 8.0 72.66666666666666 0.26789836085389873
z 3 217 221 230
m217 93 3 8.0 72.66666666666666 0.26789836085389873
z 3 217 221 230
m217 106 3 8.0 72.66666666666666 0.26789836085389873
z 3 217 221 230
m217 192 3 8.0 72.66666666666666 0.26789836085389873
z 3 217 221 230
m217 75 3 8.0 72.66666666666666 0.26789836085389873
B0 0 179 185
z 0 0 179 185
m0 20 0 179 185
z 0 0 179 185
m0 43 0 179 185
z 0 0 179 185
m0 46 0 179 185
z 0 0 179 185
m0 126 0 179 185
z 0 0 179 185
m0 145 0 179 185
z 0 0 179 185
m0 163 0 179 185
z 0 0 179 185
m0 166 0 179 185
z 0 0 179 185
m0 178 0 179 185
B2 0 252 285
B2 3 252 285
B3 3 262 272
B9 1 334 161
z 1 9 334 161
m9 72 1 334 161
B12 1 387 149
B13 0 337 37
z 0 13 337 37
m13 14 0 337 37
z 0 13 337 37
m13 24 0 337 37
z 0 13 337 37
m13 47 0 337 37
z 0 13 337 37
m13 67 0 337 37
z 0 13 337 37
m13 91 0 337 37
z 0 13 337 37
m13 101 0 337 37
z 0 13 337 37
m13 158 0 337 37
z 0 13 337 37
m13 177 0 337 37
z 0 13 337 37
m13 207 0 337 37
B13 2 337 37
z 2 13 337 37
m13 14 2 337 37
z 2 13 337 37
m13 24 2 337 37
z 2 13 337 37
m13 47 2 337 37
z 2 13 337 37
m13 67 2 337 37
z 2 13 337 37
m13 91 2 337 37
z 2 13 337 37
m13 101 2 337 37
z 2 13 337 37
m13 158 2 337 37
z 2 13 337 37
m13 177 2 337 37
z 2 13 337 37
m13 207 2 337 37
B13 3 337 37
z 3 13 337 37
m13 101 3 8.0 67.0 0.37720853203543153
z 3 13 337 37
m13 24 3 8.0 67.0 0.37720853203543153
z 3 13 337 37
m13 47 3 8.0 67.0 0.37720853203543153
z 3 13 337 37
m13 14 3 8.0 67.0 0.37720853203543153
z 3 13 337 37
m13 177 3 8.0 67.0 0.37720853203543153
z 3 13 337 37
m13 91 3 8.0 67.0 0.37720853203543153
z 3 13 337 37
m13 67 3 8.0 67.0 0.37720853203543153
B23 0 265 154
B23 1 265 154
B23 3 265 154
z 3 23 265 154
m23 122 3 7.1000000000000005 54.3 0.13335511017966217
B26 1 250 228
z 1 26 250 228
m26 2 1 250 228
B26 3 250 228
z 3 26 250 228
m26 119 3 7.3 65.49999999999999 1.0
B39 0 193 196
z 0 39 193 196
m39 46 0 193 196
B39 1 193 196
z 1 39 193 196
m39 0 1 193 196
z 1 39 193 196
m39 46 1 193 196
z 1 39 193 196
m39 71 1 193 196
z 1 39 193 196
m39 128 1 193 196
z 1 39 193 196
m39 196 1 193 196
B39 3 193 196
z 3 39 193 196
m39 46 3 8.0 71.8 0.07325777341906868
z 3 39 193 196
m39 128 3 8.0 71.8 0.07325777341906868
B50 0 393 91
z 0 50 393 91
m50 184 0 393 91
B50 1 393 91
B50 2 393 91
z 2 50 393 91
m50 184 2 393 91
B50 3 393 91
z 3 50 393 91
m50 184 3 7.199999999999999 59.0 1.0
B58 3 340 279
B61 2 300 221
z 2 61 300 221
m61 26 2 300 221
z 2 61 300 221
m61 58 2 300 221
z 2 61 300 221
m61 75 2 300 221
z 2 61 300 221
m61 119 2 300 221
z 2 61 300 221
m61 125 2 300 221
z 2 61 300 221
m61 139 2 300 221
z 2 61 300 221
m61 156 2 300 221
z 2 61 300 221
m61 206 2 300 221
B63 1 449 118
z 1 63 449 118
m63 38 1 449 118
B71 0 185 151
z 0 71 185 151
m71 21 0 185 151
z 0 71 185 151
m71 88 0 185 151
z 0 71 185 151
m71 126 0 185 151
z 0 71 185 151
m71 166 0 185 151
z 0 71 185 151
m71 178 0 185 151
B72 0 300 91
z 0 72 300 91
m72 14 0 300 91
z 0 72 300 91
m72 24 0 300 91
z 0 72 300 91
m72 91 0 300 91
z 0 72 300 91
m72 158 0 300 91
z 0 72 300 91
m72 177 0 300 91
z 0 72 300 91
m72 207 0 300 91
B72 2 300 91
z 2 72 300 91
m72 14 2 300 91
z 2 72 300 91
m72 24 2 300 91
z 2 72 300 91
m72 91 2 300 91
z 2 72 300 91
m72 158 2 300 91
z 2 72 300 91
m72 177 2 300 91
z 2 72 300 91
m72 187 2 300 91
z 2 72 300 91
m72 207 2 300 91
B72 3 300 91
z 3 72 300 91
m72 158 3 7.8 63.8 0.328972840077859
z 3 72 300 91
m72 91 3 7.8 63.8 0.328972840077859
z 3 72 300 91
m72 14 3 7.8 63.8 0.328972840077859
z 3 72 300 91
m72 207 3 7.8 63.8 0.328972840077859
z 3 72 300 91
m72 187 3 7.8 63.8 0.328972840077859
B75 3 229 245
B93 1 220 183
z 1 93 220 183
m93 0 1 220 183
z 1 93 220 183
m93 128 1 220 183
z 1 93 220 183
m93 196 1 220 183
B93 3 220 183
z 3 93 220 183
m93 128 3 7.7 67.89999999999999 0.0
z 3 93 220 183
m93 119 3 7.7 67.89999999999999 0.0
B94 0 456 130
z 0 94 456 130
m94 38 0 456 130
B94 1 456 130
z 1 94 456 130
m94 38 1 456 130
B94 2 456 130
z 2 94 456 130
m94 38 2 456 130
B94 3 456 130
z 3 94 456 130
m94 38 3 6.099999999999999 46.5 1.0
B98 0 367 168
B98 1 367 168
B98 2 367 168
B98 3 367 168
B100 1 315 126
z 1 100 315 126
m100 24 1 315 126
z 1 100 315 126
m100 72 1 315 126
B103 2 349 252
z 2 103 349 252
m103 58 2 349 252
B103 3 349 252
B104 0 161 281
z 0 104 161 281
m104 20 0 161 281
z 0 104 161 281
m104 37 0 161 281
z 0 104 161 281
m104 41 0 161 281
z 0 104 161 281
m104 45 0 161 281
z 0 104 161 281
m104 138 0 161 281
z 0 104 161 281
m104 148 0 161 281
B106 0 233 265
z 0 106 233 265
m106 20 0 233 265
z 0 106 233 265
m106 45 0 233 265
z 0 106 233 265
m106 138 0 233 265
B106 1 233 265
z 1 106 233 265
m106 2 1 233 265
z 1 106 233 265
m106 3 1 233 265
z 1 106 233 265
m106 20 1 233 265
z 1 106 233 265
m106 45 1 233 265
z 1 106 233 265
m106 104 1 233 265
z 1 106 233 265
m106 138 1 233 265
B106 3 233 265
z 3 106 233 265
m106 20 3 7.6000000000000005 66.99999999999999 0.0
B110 0 482 89
z 0 110 482 89
m110 1 0 482 89
z 0 110 482 89
m110 38 0 482 89
z 0 110 482 89
m110 69 0 482 89
z 0 110 482 89
m110 150 0 482 89
z 0 110 482 89
m110 184 0 482 89
z 0 110 482 89
m110 216 0 482 89
B110 1 482 89
z 1 110 482 89
m110 1 1 482 89
z 1 110 482 89
m110 38 1 482 89
z 1 110 482 89
m110 69 1 482 89
z 1 110 482 89
m110 150 1 482 89
z 1 110 482 89
m110 184 1 482 89
z 1 110 482 89
m110 216 1 482 89
B110 2 482 89
B110 3 482 89
z 3 110 482 89
m110 1 3 6.599999999999999 50.0 1.0
z 3 110 482 89
m110 38 3 6.599999999999999 50.0 1.0
z 3 110 482 89
m110 69 3 6.599999999999999 50.0 1.0
z 3 110 482 89
m110 150 3 6.599999999999999 50.0 1.0
z 3 110 482 89
m110 184 3 6.599999999999999 50.0 1.0
z 3 110 482 89
m110 216 3 6.599999999999999 50.0 1.0
B111 0 306 140
B111 1 306 140
z 1 111 306 140
m111 72 1 306 140
z 1 111 306 140
m111 187 1 306 140
B111 2 306 140
z 2 111 306 140
m111 23 2 306 140
z 2 111 306 140
m111 119 2 306 140
z 2 111 306 140
m111 139 2 306 140
z 2 111 306 140
m111 156 2 306 140
z 2 111 306 140
m111 187 2 306 140
B111 3 306 140
B119 1 270 178
z 1 119 270 178
m119 187 1 270 178
B122 0 225 107
z 0 122 225 107
m122 88 0 225 107
z 0 122 225 107
m122 121 0 225 107
z 0 122 225 107
m122 178 0 225 107
B128 0 163 150
z 0 128 163 150
m128 21 0 163 150
z 0 128 163 150
m128 43 0 163 150
z 0 128 163 150
m128 46 0 163 150
z 0 128 163 150
m128 59 0 163 150
z 0 128 163 150
m128 65 0 163 150
z 0 128 163 150
m128 126 0 163 150
z 0 128 163 150
m128 145 0 163 150
z 0 128 163 150
m128 166 0 163 150
z 0 128 163 150
m128 178 0 163 150
B129 1 421 92
B131 0 449 88
z 0 131 449 88
m131 38 0 449 88
z 0 131 449 88
m131 69 0 449 88
z 0 131 449 88
m131 184 0 449 88
B131 1 449 88
z 1 131 449 88
m131 38 1 449 88
z 1 131 449 88
m131 69 1 449 88
z 1 131 449 88
m131 184 1 449 88
B131 2 449 88
z 2 131 449 88
m131 38 2 449 88
z 2 131 449 88
m131 69 2 449 88
z 2 131 449 88
m131 184 2 449 88
B131 3 449 88
z 3 131 449 88
m131 69 3 6.299999999999999 47.3 0.389124626748389
B133 1 328 181
B139 1 267 171
z 1 139 267 171
m139 187 1 267 171
B139 3 267 171
B147 2 275 166
z 2 147 275 166
m147 23 2 275 166
z 2 147 275 166
m147 26 2 275 166
z 2 147 275 166
m147 93 2 275 166
z 2 147 275 166
m147 119 2 275 166
z 2 147 275 166
m147 139 2 275 166
z 2 147 275 166
m147 156 2 275 166
z 2 147 275 166
m147 187 2 275 166
z 2 147 275 166
m147 202 2 275 166
B155 0 160 228
z 0 155 160 228
m155 20 0 160 228
z 0 155 160 228
m155 37 0 160 228
z 0 155 160 228
m155 41 0 160 228
z 0 155 160 228
m155 45 0 160 228
z 0 155 160 228
m155 46 0 160 228
z 0 155 160 228
m155 138 0 160 228
z 0 155 160 228
m155 163 0 160 228
B155 1 160 228
z 1 155 160 228
m155 0 1 160 228
z 1 155 160 228
m155 20 1 160 228
z 1 155 160 228
m155 37 1 160 228
z 1 155 160 228
m155 41 1 160 228
z 1 155 160 228
m155 45 1 160 228
z 1 155 160 228
m155 46 1 160 228
z 1 155 160 228
m155 104 1 160 228
z 1 155 160 228
m155 128 1 160 228
z 1 155 160 228
m155 138 1 160 228
z 1 155 160 228
m155 163 1 160 228
z 1 155 160 228
m155 196 1 160 228
B155 3 160 228
z 3 155 160 228
m155 128 3 8.3 77.49999999999999 0.18412056810258923
z 3 155 160 228
m155 196 3 8.3 77.49999999999999 0.18412056810258923
z 3 155 160 228
m155 163 3 8.3 77.49999999999999 0.18412056810258923
z 3 155 160 228
m155 37 3 8.3 77.49999999999999 0.18412056810258923
z 3 155 160 228
m155 104 3 8.3 77.49999999999999 0.18412056810258923
z 3 155 160 228
m155 46 3 8.3 77.49999999999999 0.18412056810258923
z 3 155 160 228
m155 45 3 8.3 77.49999999999999 0.18412056810258923
z 3 155 160 228
m155 0 3 8.3 77.49999999999999 0.18412056810258923
B169 0 212 124
z 0 169 212 124
m169 88 0 212 124
z 0 169 212 124
m169 121 0 212 124
z 0 169 212 124
m169 178 0 212 124
B171 1 185 213
B171 3 185 213
z 3 171 185 213
m171 104 3 8.1 73.49999999999999 0.11954329300671615
z 3 171 185 213
m171 128 3 8.1 73.49999999999999 0.11954329300671615
z 3 171 185 213
m171 20 3 8.1 73.49999999999999 0.11954329300671615
B185 1 237 217
B185 3 237 217
B186 0 200 96
z 0 186 200 96
m186 88 0 200 96
z 0 186 200 96
m186 121 0 200 96
z 0 186 200 96
m186 178 0 200 96
B187 0 277 111
z 0 187 277 111
m187 24 0 277 111
z 0 187 277 111
m187 88 0 277 111
z 0 187 277 111
m187 121 0 277 111
z 0 187 277 111
m187 177 0 277 111
B190 0 210 186
z 0 190 210 186
m190 178 0 210 186
B190 1 210 186
z 1 190 210 186
m190 0 1 210 186
z 1 190 210 186
m190 71 1 210 186
z 1 190 210 186
m190 122 1 210 186
z 1 190 210 186
m190 128 1 210 186
z 1 190 210 186
m190 169 1 210 186
z 1 190 210 186
m190 178 1 210 186
z 1 190 210 186
m190 186 1 210 186
z 1 190 210 186
m190 196 1 210 186
B190 3 210 186
z 3 190 210 186
m190 186 3 8.1 73.49999999999999 0.11954329300671615
z 3 190 210 186
m190 178 3 8.1 73.49999999999999 0.11954329300671615
z 3 190 210 186
m190 122 3 8.1 73.49999999999999 0.11954329300671615
z 3 190 210 186
m190 169 3 8.1 73.49999999999999 0.11954329300671615
z 3 190 210 186
m190 119 3 8.1 73.49999999999999 0.11954329300671615
z 3 190 210 186
m190 128 3 8.1 73.49999999999999 0.11954329300671615
B192 0 213 256
z 0 192 213 256
m192 20 0 213 256
z 0 192 213 256
m192 41 0 213 256
z 0 192 213 256
m192 45 0 213 256
z 0 192 213 256
m192 138 0 213 256
B192 1 213 256
z 1 192 213 256
m192 0 1 213 256
z 1 192 213 256
m192 2 1 213 256
z 1 192 213 256
m192 20 1 213 256
z 1 192 213 256
m192 41 1 213 256
z 1 192 213 256
m192 45 1 213 256
z 1 192 213 256
m192 104 1 213 256
z 1 192 213 256
m192 138 1 213 256
B192 3 213 256
z 3 192 213 256
m192 41 3 7.8 68.99999999999999 0.0
z 3 192 213 256
m192 0 3 7.8 68.99999999999999 0.0
z 3 192 213 256
m192 20 3 7.8 68.99999999999999 0.0
B194 0 430 112
z 0 194 430 112
m194 38 0 430 112
z 0 194 430 112
m194 184 0 430 112
B194 1 430 112
z 1 194 430 112
m194 38 1 430 112
z 1 194 430 112
m194 184 1 430 112
B194 2 430 112
z 2 194 430 112
m194 38 2 430 112
z 2 194 430 112
m194 184 2 430 112
B194 3 430 112
B196 0 172 173
z 0 196 172 173
m196 46 0 172 173
z 0 196 172 173
m196 126 0 172 173
z 0 196 172 173
m196 166 0 172 173
z 0 196 172 173
m196 178 0 172 173
B202 1 234 111
B202 3 234 111
z 3 202 234 111
m202 119 3 7.300000000000001 57.5 0.15254538292697606
z 3 202 234 111
m202 71 3 7.300000000000001 57.5 0.15254538292697606
z 3 202 234 111
m202 24 3 7.300000000000001 57.5 0.15254538292697606
z 3 202 234 111
m202 121 3 7.300000000000001 57.5 0.15254538292697606
z 3 202 234 111
m202 187 3 7.300000000000001 57.5 0.15254538292697606
z 3 202 234 111
m202 186 3 7.300000000000001 57.5 0.15254538292697606
B211 1 248 303
z 1 211 248 303
m211 102 1 248 303
B211 3 248 303
z 3 211 248 303
m211 102 3 8.0 72.66666666666666 -1.0
B0 1 188 178
z 1 0 188 178
m0 43 1 188 178
z 1 0 188 178
m0 126 1 188 178
z 1 0 188 178
m0 145 1 188 178
z 1 0 188 178
m0 166 1 188 178
B0 3 188 178
z 3 0 188 178
m0 43 3 8.0 72.7272727272727 0.0
B1 0 483 44
z 0 1 483 44
m1 118 0 483 44
B1 1 483 44
B1 3 483 44
z 3 1 483 44
m1 118 3 6.09090909090909 45.54545454545455 1.0
B2 1 255 273
B3 1 270 262
B14 0 269 41
B14 2 269 41
B14 3 269 41
B20 0 153 240
z 0 20 153 240
m20 15 0 153 240
B20 1 153 240
z 1 20 153 240
m20 15 1 153 240
B20 3 153 240
B21 0 111 120
z 0 21 111 120
m21 17 0 111 120
z 0 21 111 120
m21 54 0 111 120
z 0 21 111 120
m21 108 0 111 120
z 0 21 111 120
m21 140 0 111 120
z 0 21 111 120
m21 193 0 111 120
z 0 21 111 120
m21 200 0 111 120
z 0 21 111 120
m21 203 0 111 120
z 0 21 111 120
m21 205 0 111 120
z 0 21 111 120
m21 208 0 111 120
B23 2 273 162
z 2 23 273 162
m23 122 2 273 162
z 2 23 273 162
m23 185 2 273 162
z 2 23 273 162
m23 190 2 273 162
B24 0 277 84
B24 1 277 84
z 1 24 277 84
m24 14 1 277 84
z 1 24 277 84
m24 88 1 277 84
z 1 24 277 84
m24 91 1 277 84
z 1 24 277 84
m24 177 1 277 84
z 1 24 277 84
m24 207 1 277 84
B24 2 277 84
z 2 24 277 84
m24 88 2 277 84
z 2 24 277 84
m24 122 2 277 84
B24 3 277 84
z 3 24 277 84
m24 88 3 7.363636363636363 61.0 1.0
B26 2 259 236
z 2 26 259 236
m26 2 2 259 236
z 2 26 259 236
m26 3 2 259 236
z 2 26 259 236
m26 39 2 259 236
z 2 26 259 236
m26 106 2 259 236
z 2 26 259 236
m26 171 2 259 236
z 2 26 259 236
m26 185 2 259 236
z 2 26 259 236
m26 190 2 259 236
z 2 26 259 236
m26 192 2 259 236
z 2 26 259 236
m26 211 2 259 236
z 2 26 259 236
m26 217 2 259 236
B37 0 144 280
z 0 37 144 280
m37 6 0 144 280
z 0 37 144 280
m37 15 0 144 280
z 0 37 144 280
m37 172 0 144 280
B37 1 144 280
B37 3 144 280
z 3 37 144 280
m37 6 3 8.0 72.7272727272727 0.0
z 3 37 144 280
m37 148 3 8.0 72.7272727272727 0.0
B38 0 461 79
B38 1 461 79
B38 2 461 79
z 2 38 461 79
m38 1 2 461 79
z 2 38 461 79
m38 150 2 461 79
B38 3 461 79
B41 0 122 252
z 0 41 122 252
m41 6 0 122 252
z 0 41 122 252
m41 15 0 122 252
B41 1 122 252
z 1 41 122 252
m41 6 1 122 252
z 1 41 122 252
m41 15 1 122 252
z 1 41 122 252
m41 148 1 122 252
B41 3 122 252
z 3 41 122 252
m41 148 3 7.636363636363637 65.99999999999999 0.0
z 3 41 122 252
m41 6 3 7.636363636363637 65.99999999999999 0.0
B43 0 116 192
z 0 43 116 192
m43 60 0 116 192
z 0 43 116 192
m43 193 0 116 192
z 0 43 116 192
m43 203 0 116 192
z 0 43 116 192
m43 204 0 116 192
B45 0 150 278
z 0 45 150 278
m45 15 0 150 278
z 0 45 150 278
m45 172 0 150 278
B45 1 150 278
z 1 45 150 278
m45 15 1 150 278
z 1 45 150 278
m45 148 1 150 278
z 1 45 150 278
m45 172 1 150 278
B45 3 150 278
z 3 45 150 278
m45 148 3 8.0 72.7272727272727 0.0
B46 0 117 206
z 0 46 117 206
m46 15 0 117 206
z 0 46 117 206
m46 60 0 117 206
z 0 46 117 206
m46 204 0 117 206
B46 1 117 206
z 1 46 117 206
m46 15 1 117 206
z 1 46 117 206
m46 21 1 117 206
z 1 46 117 206
m46 43 1 117 206
z 1 46 117 206
m46 59 1 117 206
z 1 46 117 206
m46 60 1 117 206
z 1 46 117 206
m46 65 1 117 206
z 1 46 117 206
m46 126 1 117 206
z 1 46 117 206
m46 145 1 117 206
z 1 46 117 206
m46 166 1 117 206
z 1 46 117 206
m46 204 1 117 206
B46 3 117 206
z 3 46 117 206
m46 21 3 8.272727272727273 76.27272727272727 0.09160186915034466
z 3 46 117 206
m46 126 3 8.272727272727273 76.27272727272727 0.09160186915034466
z 3 46 117 206
m46 65 3 8.272727272727273 76.27272727272727 0.09160186915034466
z 3 46 117 206
m46 15 3 8.272727272727273 76.27272727272727 0.09160186915034466
z 3 46 117 206
m46 166 3 8.272727272727273 76.27272727272727 0.09160186915034466
z 3 46 117 206
m46 60 3 8.272727272727273 76.27272727272727 0.09160186915034466
z 3 46 117 206
m46 204 3 8.272727272727273 76.27272727272727 0.09160186915034466
B47 0 396 10
z 0 47 396 10
m47 118 0 396 10
B47 2 396 10
z 2 47 396 10
m47 118 2 396 10
B47 3 396 10
z 3 47 396 10
m47 118 3 7.363636363636363 61.0 1.0
B58 2 344 290
z 2 58 344 290
m58 83 2 344 290
z 2 58 344 290
m58 105 2 344 290
B59 0 99 193
z 0 59 99 193
m59 60 0 99 193
z 0 59 99 193
m59 193 0 99 193
z 0 59 99 193
m59 199 0 99 193
z 0 59 99 193
m59 203 0 99 193
z 0 59 99 193
m59 204 0 99 193
B65 0 73 152
z 0 65 73 152
m65 17 0 73 152
z 0 65 73 152
m65 60 0 73 152
z 0 65 73 152
m65 108 0 73 152
z 0 65 73 152
m65 162 0 73 152
z 0 65 73 152
m65 193 0 73 152
z 0 65 73 152
m65 199 0 73 152
z 0 65 73 152
m65 203 0 73 152
z 0 65 73 152
m65 204 0 73 152
z 0 65 73 152
m65 205 0 73 152
z 0 65 73 152
m65 208 0 73 152
B67 0 363 7
z 0 67 363 7
m67 118 0 363 7
B67 2 363 7
z 2 67 363 7
m67 118 2 363 7
B67 3 363 7
z 3 67 363 7
m67 118 3 7.363636363636363 61.0 1.0
B69 0 449 55
z 0 69 449 55
m69 118 0 449 55
B69 1 449 55
z 1 69 449 55
m69 118 1 449 55
B69 2 449 55
B69 3 449 55
z 3 69 449 55
m69 118 3 6.09090909090909 45.54545454545455 1.0
B71 1 176 158
B71 3 176 158
z 3 71 176 158
m71 88 3 7.090909090909091 54.54545454545455 0.037872208001576244
z 3 71 176 158
m71 21 3 7.090909090909091 54.54545454545455 0.037872208001576244
B72 1 288 95
B75 2 217 248
z 2 75 217 248
m75 2 2 217 248
z 2 75 217 248
m75 3 2 217 248
z 2 75 217 248
m75 39 2 217 248
z 2 75 217 248
m75 106 2 217 248
z 2 75 217 248
m75 171 2 217 248
z 2 75 217 248
m75 185 2 217 248
z 2 75 217 248
m75 192 2 217 248
z 2 75 217 248
m75 211 2 217 248
z 2 75 217 248
m75 212 2 217 248
z 2 75 217 248
m75 217 2 217 248
B88 0 227 83
z 0 88 227 83
m88 140 0 227 83
B91 0 287 23
B91 2 287 23
B91 3 287 23
B93 2 224 172
z 2 93 224 172
m93 0 2 224 172
z 2 93 224 172
m93 39 2 224 172
z 2 93 224 172
m93 71 2 224 172
z 2 93 224 172
m93 128 2 224 172
z 2 93 224 172
m93 169 2 224 172
z 2 93 224 172
m93 171 2 224 172
z 2 93 224 172
m93 185 2 224 172
z 2 93 224 172
m93 190 2 224 172
z 2 93 224 172
m93 192 2 224 172
z 2 93 224 172
m93 196 2 224 172
z 2 93 224 172
m93 217 2 224 172
B101 0 404 1
z 0 101 404 1
m101 118 0 404 1
B101 2 404 1
B101 3 404 1
z 3 101 404 1
m101 118 3 7.363636363636363 61.0 1.0
B104 1 163 292
z 1 104 163 292
m104 102 1 163 292
B104 3 163 292
z 3 104 163 292
m104 102 3 8.3 77.49999999999999 -1.0
B119 2 271 190
z 2 119 271 190
m119 185 2 271 190
z 2 119 271 190
m119 190 2 271 190
B119 3 271 190
B121 0 193 74
z 0 121 193 74
m121 140 0 193 74
B121 3 193 74
B122 1 237 106
z 1 122 237 106
m122 88 1 237 106
z 1 122 237 106
m122 121 1 237 106
B122 3 237 106
z 3 122 237 106
m122 88 3 6.545454545454545 49.45454545454546 1.0
B125 2 234 280
B126 0 139 132
z 0 126 139 132
m126 54 0 139 132
z 0 126 139 132
m126 108 0 139 132
z 0 126 139 132
m126 140 0 139 132
z 0 126 139 132
m126 193 0 139 132
z 0 126 139 132
m126 200 0 139 132
z 0 126 139 132
m126 205 0 139 132
B128 1 158 139
z 1 128 158 139
m128 21 1 158 139
z 1 128 158 139
m128 43 1 158 139
z 1 128 158 139
m128 59 1 158 139
z 1 128 158 139
m128 126 1 158 139
z 1 128 158 139
m128 145 1 158 139
z 1 128 158 139
m128 166 1 158 139
B128 3 158 139
z 3 128 158 139
m128 59 3 7.909090909090909 69.72727272727272 0.06446062615522873
z 3 128 158 139
m128 43 3 7.909090909090909 69.72727272727272 0.06446062615522873
z 3 128 158 139
m128 145 3 7.909090909090909 69.72727272727272 0.06446062615522873
z 3 128 158 139
m128 21 3 7.909090909090909 69.72727272727272 0.06446062615522873
B138 0 163 244
z 0 138 163 244
m138 15 0 163 244
B138 1 163 244
z 1 138 163 244
m138 15 1 163 244
z 1 138 163 244
m138 148 1 163 244
B139 2 278 168
z 2 139 278 168
m139 185 2 278 168
z 2 139 278 168
m139 190 2 278 168
B145 0 122 177
z 0 145 122 177
m145 203 0 122 177
z 0 145 122 177
m145 204 0 122 177
B148 0 158 337
z 0 148 158 337
m148 102 0 158 337
B150 0 483 11
z 0 150 483 11
m150 118 0 483 11
B150 1 483 11
z 1 150 483 11
m150 118 1 483 11
B150 3 483 11
z 3 150 483 11
m150 118 3 6.09090909090909 45.54545454545455 1.0
B156 2 308 186
B158 0 349 11
B158 2 349 11
B158 3 349 11
B163 0 111 198
z 0 163 111 198
m163 15 0 111 198
z 0 163 111 198
m163 60 0 111 198
z 0 163 111 198
m163 199 0 111 198
z 0 163 111 198
m163 204 0 111 198
B163 1 111 198
z 1 163 111 198
m163 15 1 111 198
z 1 163 111 198
m163 43 1 111 198
z 1 163 111 198
m163 59 1 111 198
z 1 163 111 198
m163 60 1 111 198
z 1 163 111 198
m163 65 1 111 198
z 1 163 111 198
m163 126 1 111 198
z 1 163 111 198
m163 145 1 111 198
z 1 163 111 198
m163 166 1 111 198
z 1 163 111 198
m163 199 1 111 198
z 1 163 111 198
m163 204 1 111 198
B163 3 111 198
z 3 163 111 198
m163 199 3 8.727272727272728 85.8181818181818 0.2031786979008175
z 3 163 111 198
m163 126 3 8.727272727272728 85.8181818181818 0.2031786979008175
z 3 163 111 198
m163 15 3 8.727272727272728 85.8181818181818 0.2031786979008175
z 3 163 111 198
m163 65 3 8.727272727272728 85.8181818181818 0.2031786979008175
z 3 163 111 198
m163 166 3 8.727272727272728 85.8181818181818 0.2031786979008175
z 3 163 111 198
m163 60 3 8.727272727272728 85.8181818181818 0.2031786979008175
z 3 163 111 198
m163 204 3 8.727272727272728 85.8181818181818 0.2031786979008175
B166 0 141 160
z 0 166 141 160
m166 108 0 141 160
z 0 166 141 160
m166 140 0 141 160
z 0 166 141 160
m166 205 0 141 160
B169 1 215 136
B169 3 215 136
z 3 169 215 136
m169 88 3 7.454545454545454 66.9090909090909 1.0
B177 0 302 89
B177 2 302 89
B177 3 302 89
B178 0 139 146
z 0 178 139 146
m178 54 0 139 146
z 0 178 139 146
m178 108 0 139 146
z 0 178 139 146
m178 140 0 139 146
z 0 178 139 146
m178 200 0 139 146
z 0 178 139 146
m178 205 0 139 146
B178 1 139 146
z 1 178 139 146
m178 21 1 139 146
z 1 178 139 146
m178 43 1 139 146
z 1 178 139 146
m178 54 1 139 146
z 1 178 139 146
m178 59 1 139 146
z 1 178 139 146
m178 65 1 139 146
z 1 178 139 146
m178 108 1 139 146
z 1 178 139 146
m178 126 1 139 146
z 1 178 139 146
m178 140 1 139 146
z 1 178 139 146
m178 145 1 139 146
z 1 178 139 146
m178 166 1 139 146
z 1 178 139 146
m178 200 1 139 146
z 1 178 139 146
m178 205 1 139 146
B178 3 139 146
z 3 178 139 146
m178 54 3 8.454545454545453 79.9090909090909 0.1452367871014565
z 3 178 139 146
m178 200 3 8.454545454545453 79.9090909090909 0.1452367871014565
z 3 178 139 146
m178 65 3 8.454545454545453 79.9090909090909 0.1452367871014565
z 3 178 139 146
m178 205 3 8.454545454545453 79.9090909090909 0.1452367871014565
z 3 178 139 146
m178 59 3 8.454545454545453 79.9090909090909 0.1452367871014565
z 3 178 139 146
m178 108 3 8.454545454545453 79.9090909090909 0.1452367871014565
z 3 178 139 146
m178 140 3 8.454545454545453 79.9090909090909 0.1452367871014565
z 3 178 139 146
m178 43 3 8.454545454545453 79.9090909090909 0.1452367871014565
z 3 178 139 146
m178 21 3 8.454545454545453 79.9090909090909 0.1452367871014565
B184 0 448 57
z 0 184 448 57
m184 118 0 448 57
B184 1 448 57
z 1 184 448 57
m184 47 1 448 57
z 1 184 448 57
m184 101 1 448 57
z 1 184 448 57
m184 118 1 448 57
B184 2 448 57
z 2 184 448 57
m184 1 2 448 57
z 2 184 448 57
m184 118 2 448 57
z 2 184 448 57
m184 150 2 448 57
z 2 184 448 57
m184 216 2 448 57
B184 3 448 57
z 3 184 448 57
m184 118 3 6.636363636363637 53.72727272727273 1.0
B186 1 199 84
z 1 186 199 84
m186 88 1 199 84
z 1 186 199 84
m186 121 1 199 84
z 1 186 199 84
m186 140 1 199 84
B186 3 199 84
B187 1 289 114
z 1 187 289 114
m187 88 1 289 114
z 1 187 289 114
m187 177 1 289 114
B187 2 289 114
z 2 187 289 114
m187 88 2 289 114
z 2 187 289 114
m187 122 2 289 114
z 2 187 289 114
m187 169 2 289 114
B187 3 289 114
z 3 187 289 114
m187 88 3 7.181818181818182 58.09090909090909 1.0
B196 1 162 178
B196 3 162 178
z 3 196 162 178
m196 59 3 8.090909090909092 73.7272727272727 0.03979592824996709
z 3 196 162 178
m196 126 3 8.090909090909092 73.7272727272727 0.03979592824996709
B202 2 227 101
z 2 202 227 101
m202 71 2 227 101
z 2 202 227 101
m202 88 2 227 101
z 2 202 227 101
m202 121 2 227 101
z 2 202 227 101
m202 122 2 227 101
z 2 202 227 101
m202 169 2 227 101
z 2 202 227 101
m202 186 2 227 101
B206 2 284 280
z 2 206 284 280
m206 2 2 284 280
z 2 206 284 280
m206 3 2 284 280
z 2 206 284 280
m206 83 2 284 280
z 2 206 284 280
m206 105 2 284 280
z 2 206 284 280
m206 106 2 284 280
z 2 206 284 280
m206 211 2 284 280
z 2 206 284 280
m206 212 2 284 280
B207 0 299 55
B207 2 299 55
B207 3 299 55
B216 0 452 6
z 0 216 452 6
m216 118 0 452 6
B216 1 452 6
z 1 216 452 6
m216 101 1 452 6
z 1 216 452 6
m216 118 1 452 6
B216 3 452 6
z 3 216 452 6
m216 118 3 6.09090909090909 45.54545454545455 1.0
B0 2 198 171
z 2 0 198 171
m0 20 2 198 171
z 2 0 198 171
m0 43 2 198 171
z 2 0 198 171
m0 126 2 198 171
z 2 0 198 171
m0 145 2 198 171
z 2 0 198 171
m0 166 2 198 171
z 2 0 198 171
m0 178 2 198 171
B1 2 488 54
B2 2 259 262
B3 2 278 253
B6 0 65 291
z 0 6 65 291
m6 7 0 65 291
z 0 6 65 291
m6 33 0 65 291
z 0 6 65 291
m6 81 0 65 291
z 0 6 65 291
m6 146 0 65 291
z 0 6 65 291
m6 167 0 65 291
z 0 6 65 291
m6 219 0 65 291
B6 1 65 291
z 1 6 65 291
m6 7 1 65 291
z 1 6 65 291
m6 33 1 65 291
z 1 6 65 291
m6 81 1 65 291
z 1 6 65 291
m6 146 1 65 291
z 1 6 65 291
m6 167 1 65 291
z 1 6 65 291
m6 219 1 65 291
B6 3 65 291
z 3 6 65 291
m6 81 3 7.833333333333333 69.66666666666664 0.0
z 3 6 65 291
m6 219 3 7.833333333333333 69.66666666666664 0.0
z 3 6 65 291
m6 33 3 7.833333333333333 69.66666666666664 0.0
B14 1 258 46
B15 0 122 274
z 0 15 122 274
m15 7 0 122 274
z 0 15 122 274
m15 167 0 122 274
B15 1 122 274
z 1 15 122 274
m15 7 1 122 274
z 1 15 122 274
m15 167 1 122 274
B15 3 122 274
z 3 15 122 274
m15 167 3 7.916666666666666 71.24999999999999 0.0
B17 0 85 102
z 0 17 85 102
m17 136 0 85 102
B21 1 100 116
B21 3 100 116
z 3 21 100 116
m21 162 3 8.0 71.99999999999999 0.0
z 3 21 100 116
m21 193 3 8.0 71.99999999999999 0.0
B39 2 212 211
B43 1 122 202
z 1 43 122 202
m43 28 1 122 202
z 1 43 122 202
m43 203 1 122 202
B43 3 122 202
B47 1 407 15
z 1 47 407 15
m47 13 1 407 15
z 1 47 407 15
m47 67 1 407 15
z 1 47 407 15
m47 158 1 407 15
B54 0 94 53
z 0 54 94 53
m54 55 0 94 53
z 0 54 94 53
m54 134 0 94 53
z 0 54 94 53
m54 136 0 94 53
B54 1 94 53
z 1 54 94 53
m54 17 1 94 53
z 1 54 94 53
m54 55 1 94 53
z 1 54 94 53
m54 134 1 94 53
z 1 54 94 53
m54 136 1 94 53
z 1 54 94 53
m54 162 1 94 53
z 1 54 94 53
m54 208 1 94 53
B54 3 94 53
z 3 54 94 53
m54 162 3 8.333333333333332 77.33333333333333 0.046551795490578085
z 3 54 94 53
m54 136 3 8.333333333333332 77.33333333333333 0.046551795490578085
z 3 54 94 53
m54 208 3 8.333333333333332 77.33333333333333 0.046551795490578085
z 3 54 94 53
m54 134 3 8.333333333333332 77.33333333333333 0.046551795490578085
B59 1 100 205
B59 3 100 205
B60 0 86 190
z 0 60 86 190
m60 7 0 86 190
z 0 60 86 190
m60 28 0 86 190
B60 1 86 190
z 1 60 86 190
m60 7 1 86 190
z 1 60 86 190
m60 28 1 86 190
z 1 60 86 190
m60 203 1 86 190
B60 3 86 190
z 3 60 86 190
m60 7 3 7.916666666666666 71.24999999999999 0.0
B65 1 61 152
B65 3 61 152
z 3 65 61 152
m65 17 3 8.166666666666666 73.99999999999999 0.0420345912157494
z 3 65 61 152
m65 162 3 8.166666666666666 73.99999999999999 0.0420345912157494
z 3 65 61 152
m65 208 3 8.166666666666666 73.99999999999999 0.0420345912157494
B71 2 167 165
z 2 71 167 165
m71 43 2 167 165
z 2 71 167 165
m71 126 2 167 165
z 2 71 167 165
m71 140 2 167 165
z 2 71 167 165
m71 145 2 167 165
z 2 71 167 165
m71 163 2 167 165
z 2 71 167 165
m71 166 2 167 165
z 2 71 167 165
m71 178 2 167 165
B83 2 321 269
B88 1 239 78
B88 2 239 78
B88 3 239 78
B91 1 290 11
z 1 91 290 11
m91 13 1 290 11
z 1 91 290 11
m91 158 1 290 11
B101 1 416 1
z 1 101 416 1
m101 67 1 416 1
B105 2 280 322
B106 2 256 274
B108 0 107 116
B108 1 107 116
z 1 108 107 116
m108 17 1 107 116
z 1 108 107 116
m108 162 1 107 116
z 1 108 107 116
m108 193 1 107 116
z 1 108 107 116
m108 203 1 107 116
z 1 108 107 116
m108 208 1 107 116
B108 3 107 116
z 3 108 107 116
m108 162 3 8.25 76.25 0.007189607318924812
z 3 108 107 116
m108 193 3 8.25 76.25 0.007189607318924812
B118 0 455 15
B118 1 455 15
B118 2 455 15
B118 3 455 15
B121 1 181 76
B121 2 181 76
B122 2 249 105
B126 1 145 121
z 1 126 145 121
m126 17 1 145 121
z 1 126 145 121
m126 208 1 145 121
B126 3 145 121
B128 2 154 128
B140 0 159 101
B140 1 159 101
B140 3 159 101
B145 1 131 186
z 1 145 131 186
m145 203 1 131 186
B145 3 131 186
z 3 145 131 186
m145 203 3 7.333333333333333 63.99999999999999 1.0
B148 1 164 348
z 1 148 164 348
m148 102 1 164 348
B148 3 164 348
z 3 148 164 348
m148 102 3 8.0 72.7272727272727 -1.0
B150 2 475 2
B162 0 29 108
z 0 162 29 108
m162 73 0 29 108
z 0 162 29 108
m162 136 0 29 108
B166 1 143 172
B166 3 143 172
B169 2 217 147
B171 2 167 228
B172 0 148 309
z 0 172 148 309
m172 102 0 148 309
B172 1 148 309
z 1 172 148 309
m172 102 1 148 309
B177 1 304 101
z 1 177 304 101
m177 13 1 304 101
B185 2 260 211
B186 2 197 72
z 2 186 197 72
m186 140 2 197 72
B190 2 220 209
z 2 190 220 209
m190 20 2 220 209
B192 2 234 268
B193 0 47 138
z 0 193 47 138
m193 132 0 47 138
z 0 193 47 138
m193 136 0 47 138
B196 2 151 184
z 2 196 151 184
m196 20 2 151 184
z 2 196 151 184
m196 43 2 151 184
z 2 196 151 184
m196 46 2 151 184
z 2 196 151 184
m196 59 2 151 184
z 2 196 151 184
m196 126 2 151 184
z 2 196 151 184
m196 138 2 151 184
z 2 196 151 184
m196 145 2 151 184
z 2 196 151 184
m196 155 2 151 184
z 2 196 151 184
m196 163 2 151 184
z 2 196 151 184
m196 166 2 151 184
z 2 196 151 184
m196 178 2 151 184
B199 0 28 209
z 0 199 28 209
m199 7 0 28 209
z 0 199 28 209
m199 18 0 28 209
z 0 199 28 209
m199 28 0 28 209
z 0 199 28 209
m199 132 0 28 209
B199 1 28 209
z 1 199 28 209
m199 7 1 28 209
z 1 199 28 209
m199 18 1 28 209
z 1 199 28 209
m199 28 1 28 209
z 1 199 28 209
m199 132 1 28 209
z 1 199 28 209
m199 203 1 28 209
B199 3 28 209
z 3 199 28 209
m199 7 3 8.500000000000002 81.66666666666664 0.0
z 3 199 28 209
m199 203 3 8.500000000000002 81.66666666666664 0.0
B200 0 104 53
z 0 200 104 53
m200 55 0 104 53
z 0 200 104 53
m200 134 0 104 53
z 0 200 104 53
m200 136 0 104 53
B200 1 104 53
z 1 200 104 53
m200 17 1 104 53
z 1 200 104 53
m200 55 1 104 53
z 1 200 104 53
m200 134 1 104 53
z 1 200 104 53
m200 136 1 104 53
z 1 200 104 53
m200 208 1 104 53
B200 3 104 53
z 3 200 104 53
m200 136 3 8.25 76.25 0.007189607318924812
z 3 200 104 53
m200 208 3 8.25 76.25 0.007189607318924812
z 3 200 104 53
m200 55 3 8.25 76.25 0.007189607318924812
B203 0 71 164
z 0 203 71 164
m203 28 0 71 164
z 0 203 71 164
m203 132 0 71 164
B204 0 106 178
z 0 204 106 178
m204 28 0 106 178
B204 1 106 178
B204 3 106 178
B205 0 86 100
z 0 205 86 100
m205 136 0 86 100
B205 1 86 100
z 1 205 86 100
m205 17 1 86 100
z 1 205 86 100
m205 136 1 86 100
z 1 205 86 100
m205 162 1 86 100
z 1 205 86 100
m205 193 1 86 100
z 1 205 86 100
m205 203 1 86 100
z 1 205 86 100
m205 208 1 86 100
B205 3 86 100
z 3 205 86 100
m205 203 3 8.25 76.25 0.007189607318924812
z 3 205 86 100
m205 162 3 8.25 76.25 0.007189607318924812
z 3 205 86 100
m205 193 3 8.25 76.25 0.007189607318924812
B207 1 287 57
z 1 207 287 57
m207 13 1 287 57
z 1 207 287 57
m207 158 1 287 57
B208 0 85 111
z 0 208 85 111
m208 136 0 85 111
B211 2 271 310
z 2 211 271 310
m211 102 2 271 310
z 2 211 271 310
m211 127 2 271 310
B212 2 240 277
B216 2 448 5
B217 2 186 237
z 2 217 186 237
m217 20 2 186 237
z 2 217 186 237
m217 104 2 186 237
z 2 217 186 237
m217 138 2 186 237
z 2 217 186 237
m217 155 2 186 237
B7 0 67 279
B7 1 67 279
B7 3 67 279
z 3 7 67 279
m7 146 3 7.384615384615384 65.84615384615383 1.0
B13 1 307 17
B17 1 97 101
B17 3 97 101
B18 0 22 194
B18 1 22 194
B20 2 155 216
z 2 20 155 216
m20 15 2 155 216
z 2 20 155 216
m20 37 2 155 216
z 2 20 155 216
m20 41 2 155 216
z 2 20 155 216
m20 45 2 155 216
B28 0 50 182
B28 1 50 182
B33 0 45 331
z 0 33 45 331
m33 25 0 45 331
z 0 33 45 331
m33 27 0 45 331
z 0 33 45 331
m33 53 0 45 331
z 0 33 45 331
m33 95 0 45 331
z 0 33 45 331
m33 137 0 45 331
z 0 33 45 331
m33 159 0 45 331
z 0 33 45 331
m33 164 0 45 331
z 0 33 45 331
m33 188 0 45 331
z 0 33 45 331
m33 209 0 45 331
B33 1 45 331
z 1 33 45 331
m33 25 1 45 331
z 1 33 45 331
m33 27 1 45 331
z 1 33 45 331
m33 53 1 45 331
z 1 33 45 331
m33 95 1 45 331
z 1 33 45 331
m33 137 1 45 331
z 1 33 45 331
m33 159 1 45 331
z 1 33 45 331
m33 164 1 45 331
z 1 33 45 331
m33 188 1 45 331
z 1 33 45 331
m33 209 1 45 331
B33 3 45 331
z 3 33 45 331
m33 164 3 8.0 71.99999999999999 0.0
z 3 33 45 331
m33 209 3 8.0 71.99999999999999 0.0
z 3 33 45 331
m33 27 3 8.0 71.99999999999999 0.0
z 3 33 45 331
m33 137 3 8.0 71.99999999999999 0.0
z 3 33 45 331
m33 25 3 8.0 71.99999999999999 0.0
z 3 33 45 331
m33 53 3 8.0 71.99999999999999 0.0
z 3 33 45 331
m33 159 3 8.0 71.99999999999999 0.0
B43 2 128 212
B46 2 108 228
z 2 46 108 228
m46 15 2 108 228
z 2 46 108 228
m46 41 2 108 228
z 2 46 108 228
m46 45 2 108 228
z 2 46 108 228
m46 60 2 108 228
z 2 46 108 228
m46 203 2 108 228
z 2 46 108 228
m46 204 2 108 228
B55 0 41 33
z 0 55 41 33
m55 76 0 41 33
z 0 55 41 33
m55 89 0 41 33
z 0 55 41 33
m55 218 0 41 33
B55 1 41 33
B55 3 41 33
z 3 55 41 33
m55 76 3 7.9230769230769225 71.61538461538461 0.003861180458328909
B59 2 101 217
B67 1 342 18
B73 0 24 47
z 0 73 24 47
m73 76 0 24 47
z 0 73 24 47
m73 89 0 24 47
z 0 73 24 47
m73 218 0 24 47
B81 0 26 285
z 0 81 26 285
m81 95 0 26 285
z 0 81 26 285
m81 188 0 26 285
B81 1 26 285
z 1 81 26 285
m81 95 1 26 285
z 1 81 26 285
m81 188 1 26 285
B81 3 26 285
B104 2 166 316
B126 2 151 111
B127 2 204 310
z 2 127 204 310
m127 102 2 204 310
B132 0 9 157
B132 1 9 157
B134 0 119 10
z 0 134 119 10
m134 5 0 119 10
z 0 134 119 10
m134 195 0 119 10
B134 1 119 10
B134 3 119 10
B136 0 26 91
z 0 136 26 91
m136 89 0 26 91
z 0 136 26 91
m136 218 0 26 91
B136 1 26 91
B136 3 26 91
B138 2 161 220
B140 2 166 110
z 2 140 166 110
m140 17 2 166 110
z 2 140 166 110
m140 21 2 166 110
z 2 140 166 110
m140 108 2 166 110
z 2 140 166 110
m140 200 2 166 110
B145 2 139 194
B146 0 27 314
z 0 146 27 314
m146 53 0 27 314
z 0 146 27 314
m146 95 0 27 314
z 0 146 27 314
m146 137 0 27 314
z 0 146 27 314
m146 188 0 27 314
B146 1 27 314
z 1 146 27 314
m146 53 1 27 314
z 1 146 27 314
m146 95 1 27 314
z 1 146 27 314
m146 137 1 27 314
z 1 146 27 314
m146 188 1 27 314
B155 2 130 248
z 2 155 130 248
m155 15 2 130 248
z 2 155 130 248
m155 37 2 130 248
z 2 155 130 248
m155 41 2 130 248
z 2 155 130 248
m155 45 2 130 248
z 2 155 130 248
m155 172 2 130 248
B158 1 356 13
B162 1 19 115
z 1 162 19 115
m162 73 1 19 115
B162 3 19 115
B163 2 121 176
z 2 163 121 176
m163 21 2 121 176
z 2 163 121 176
m163 41 2 121 176
z 2 163 121 176
m163 60 2 121 176
z 2 163 121 176
m163 65 2 121 176
z 2 163 121 176
m163 108 2 121 176
z 2 163 121 176
m163 203 2 121 176
z 2 163 121 176
m163 204 2 121 176
B166 2 145 184
z 2 166 145 184
m166 21 2 145 184
z 2 166 145 184
m166 60 2 145 184
z 2 166 145 184
m166 108 2 145 184
z 2 166 145 184
m166 203 2 145 184
z 2 166 145 184
m166 204 2 145 184
B167 0 72 285
z 0 167 72 285
m167 188 0 72 285
B167 1 72 285
z 1 167 72 285
m167 188 1 72 285
B167 3 72 285
B178 2 126 166
z 2 178 126 166
m178 17 2 126 166
z 2 178 126 166
m178 21 2 126 166
z 2 178 126 166
m178 60 2 126 166
z 2 178 126 166
m178 65 2 126 166
z 2 178 126 166
m178 108 2 126 166
z 2 178 126 166
m178 203 2 126 166
z 2 178 126 166
m178 204 2 126 166
z 2 178 126 166
m178 205 2 126 166
z 2 178 126 166
m178 208 2 126 166
B193 1 38 145
B193 3 38 145
B203 1 77 174
B203 3 77 174
z 3 203 77 174
m203 18 3 7.0 59.76923076923076 1.0
z 3 203 77 174
m203 28 3 7.0 59.76923076923076 1.0
z 3 203 77 174
m203 132 3 7.0 59.76923076923076 1.0
B208 1 95 118
B208 3 95 118
B219 0 30 298
z 0 219 30 298
m219 95 0 30 298
z 0 219 30 298
m219 188 0 30 298
B219 1 30 298
z 1 219 30 298
m219 95 1 30 298
z 1 219 30 298
m219 188 1 30 298
B219 3 30 298
B5 0 134 45
B15 2 140 290
B17 2 108 99
z 2 17 108 99
m17 54 2 108 99
B18 3 33 189
B21 2 77 108
z 2 21 77 108
m21 54 2 77 108
z 2 21 77 108
m21 136 2 77 108
z 2 21 77 108
m21 162 2 77 108
z 2 21 77 108
m21 193 2 77 108
B25 0 97 377
z 0 25 97 377
m25 36 0 97 377
z 0 25 97 377
m25 141 0 97 377
B25 1 97 377
z 1 25 97 377
m25 36 1 97 377
z 1 25 97 377
m25 141 1 97 377
B25 3 97 377
z 3 25 97 377
m25 188 3 7.857142857142858 69.42857142857142 0.0
B27 0 39 402
z 0 27 39 402
m27 112 0 39 402
z 0 27 39 402
m27 198 0 39 402
B27 1 39 402
z 1 27 39 402
m27 112 1 39 402
z 1 27 39 402
m27 198 1 39 402
B27 3 39 402
z 3 27 39 402
m27 188 3 7.928571428571429 70.35714285714285 0.0
z 3 27 39 402
m27 95 3 7.928571428571429 70.35714285714285 0.0
B28 3 51 170
B37 2 179 290
B41 2 95 230
z 2 41 95 230
m41 167 2 95 230
B45 2 114 278
z 2 45 114 278
m45 6 2 114 278
z 2 45 114 278
m45 7 2 114 278
z 2 45 114 278
m45 167 2 114 278
B53 0 4 383
z 0 53 4 383
m53 112 0 4 383
z 0 53 4 383
m53 198 0 4 383
B53 1 4 383
z 1 53 4 383
m53 112 1 4 383
z 1 53 4 383
m53 198 1 4 383
B53 3 4 383
z 3 53 4 383
m53 188 3 7.714285714285714 67.99999999999999 0.0
B60 2 103 174
z 2 60 103 174
m60 18 2 103 174
z 2 60 103 174
m60 28 2 103 174
z 2 60 103 174
m60 193 2 103 174
B65 2 37 150
z 2 65 37 150
m65 18 2 37 150
z 2 65 37 150
m65 28 2 37 150
z 2 65 37 150
m65 132 2 37 150
z 2 65 37 150
m65 136 2 37 150
z 2 65 37 150
m65 162 2 37 150
z 2 65 37 150
m65 193 2 37 150
B73 1 35 51
z 1 73 35 51
m73 76 1 35 51
z 1 73 35 51
m73 89 1 35 51
z 1 73 35 51
m73 218 1 35 51
B76 0 18 28
B76 3 18 28
B89 0 40 46
B95 0 29 346
B95 1 29 346
B108 2 127 128
B132 3 14 146
B137 0 26 393
z 0 137 26 393
m137 112 0 26 393
z 0 137 26 393
m137 198 0 26 393
B137 1 26 393
z 1 137 26 393
m137 112 1 26 393
z 1 137 26 393
m137 198 1 26 393
B137 3 26 393
z 3 137 26 393
m137 188 3 7.785714285714286 68.64285714285714 0.0
B146 3 19 322
z 3 146 19 322
m146 95 3 7.0 61.42857142857141 1.0
z 3 146 19 322
m146 188 3 7.0 61.42857142857141 1.0
B159 0 60 364
z 0 159 60 364
m159 36 0 60 364
B159 1 60 364
B159 3 60 364
B164 0 116 368
z 0 164 116 368
m164 36 0 116 368
z 0 164 116 368
m164 135 0 116 368
z 0 164 116 368
m164 141 0 116 368
z 0 164 116 368
m164 182 0 116 368
B164 1 116 368
z 1 164 116 368
m164 36 1 116 368
z 1 164 116 368
m164 135 1 116 368
z 1 164 116 368
m164 141 1 116 368
z 1 164 116 368
m164 182 1 116 368
B164 3 116 368
z 3 164 116 368
m164 182 3 7.714285714285714 67.99999999999999 0.0
B172 2 154 285
z 2 172 154 285
m172 102 2 154 285
B188 0 39 338
B188 1 39 338
B195 0 151 26
B200 2 105 29
z 2 200 105 29
m200 5 2 105 29
z 2 200 105 29
m200 54 2 105 29
z 2 200 105 29
m200 55 2 105 29
z 2 200 105 29
m200 134 2 105 29
z 2 200 105 29
m200 195 2 105 29
B203 2 83 185
z 2 203 83 185
m203 18 2 83 185
z 2 203 83 185
m203 28 2 83 185
z 2 203 83 185
m203 132 2 83 185
z 2 203 83 185
m203 193 2 83 185
z 2 203 83 185
m203 199 2 83 185
B204 2 130 174
z 2 204 130 174
m204 28 2 130 174
B205 2 63 108
z 2 205 63 108
m205 54 2 63 108
z 2 205 63 108
m205 73 2 63 108
z 2 205 63 108
m205 136 2 63 108
z 2 205 63 108
m205 162 2 63 108
z 2 205 63 108
m205 193 2 63 108
B208 2 105 125
z 2 208 105 125
m208 193 2 105 125
B209 0 110 368
z 0 209 110 368
m209 36 0 110 368
z 0 209 110 368
m209 135 0 110 368
z 0 209 110 368
m209 141 0 110 368
z 0 209 110 368
m209 182 0 110 368
B209 1 110 368
z 1 209 110 368
m209 36 1 110 368
z 1 209 110 368
m209 135 1 110 368
z 1 209 110 368
m209 141 1 110 368
z 1 209 110 368
m209 182 1 110 368
B209 3 110 368
z 3 209 110 368
m209 182 3 7.714285714285714 67.99999999999999 0.0
B218 0 27 40
B5 2 134 57
B6 2 70 326
z 2 6 70 326
m6 25 2 70 326
z 2 6 70 326
m6 33 2 70 326
z 2 6 70 326
m6 36 2 70 326
z 2 6 70 326
m6 81 2 70 326
z 2 6 70 326
m6 95 2 70 326
z 2 6 70 326
m6 146 2 70 326
z 2 6 70 326
m6 159 2 70 326
z 2 6 70 326
m6 164 2 70 326
z 2 6 70 326
m6 188 2 70 326
z 2 6 70 326
m6 209 2 70 326
z 2 6 70 326
m6 219 2 70 326
B7 2 72 303
B18 2 44 184
B28 2 52 158
B36 0 103 346
z 0 36 103 346
m36 102 0 103 346
B36 1 103 346
z 1 36 103 346
m36 102 1 103 346
B54 2 73 24
z 2 54 73 24
m54 76 2 73 24
z 2 54 73 24
m54 89 2 73 24
z 2 54 73 24
m54 218 2 73 24
B55 2 19 44
z 2 55 19 44
m55 76 2 19 44
z 2 55 19 44
m55 89 2 19 44
z 2 55 19 44
m55 218 2 19 44
B73 2 46 55
z 2 73 46 55
m73 76 2 46 55
z 2 73 46 55
m73 89 2 46 55
z 2 73 46 55
m73 218 2 46 55
B76 1 14 39
B89 1 47 56
B95 3 41 345
B112 0 32 422
z 0 112 32 422
m112 57 0 32 422
z 0 112 32 422
m112 99 0 32 422
z 0 112 32 422
m112 183 0 32 422
B112 1 32 422
B132 2 20 135
B134 2 119 34
B135 0 176 374
z 0 135 176 374
m135 102 0 176 374
B135 1 176 374
z 1 135 176 374
m135 102 1 176 374
B136 2 8 106
B141 0 149 410
z 0 141 149 410
m141 31 0 149 410
z 0 141 149 410
m141 68 0 149 410
z 0 141 149 410
m141 90 0 149 410
z 0 141 149 410
m141 114 0 149 410
z 0 141 149 410
m141 142 0 149 410
z 0 141 149 410
m141 170 0 149 410
z 0 141 149 410
m141 179 0 149 410
z 0 141 149 410
m141 210 0 149 410
B141 1 149 410
z 1 141 149 410
m141 31 1 149 410
z 1 141 149 410
m141 68 1 149 410
z 1 141 149 410
m141 90 1 149 410
z 1 141 149 410
m141 114 1 149 410
z 1 141 149 410
m141 142 1 149 410
z 1 141 149 410
m141 170 1 149 410
z 1 141 149 410
m141 179 1 149 410
z 1 141 149 410
m141 210 1 149 410
B162 2 2 127
B167 2 95 281
B182 0 149 425
z 0 182 149 425
m182 31 0 149 425
z 0 182 149 425
m182 68 0 149 425
z 0 182 149 425
m182 90 0 149 425
z 0 182 149 425
m182 114 0 149 425
z 0 182 149 425
m182 142 0 149 425
z 0 182 149 425
m182 152 0 149 425
z 0 182 149 425
m182 170 0 149 425
z 0 182 149 425
m182 179 0 149 425
z 0 182 149 425
m182 210 0 149 425
B182 1 149 425
z 1 182 149 425
m182 31 1 149 425
z 1 182 149 425
m182 68 1 149 425
z 1 182 149 425
m182 90 1 149 425
z 1 182 149 425
m182 114 1 149 425
z 1 182 149 425
m182 142 1 149 425
z 1 182 149 425
m182 152 1 149 425
z 1 182 149 425
m182 170 1 149 425
z 1 182 149 425
m182 179 1 149 425
z 1 182 149 425
m182 210 1 149 425
B182 3 149 425
z 3 182 149 425
m182 152 3 8.0 73.06666666666665 0.0
z 3 182 149 425
m182 135 3 8.0 73.06666666666665 0.0
z 3 182 149 425
m182 68 3 8.0 73.06666666666665 0.0
z 3 182 149 425
m182 90 3 8.0 73.06666666666665 0.0
z 3 182 149 425
m182 142 3 8.0 73.06666666666665 0.0
z 3 182 149 425
m182 179 3 8.0 73.06666666666665 0.0
z 3 182 149 425
m182 210 3 8.0 73.06666666666665 0.0
z 3 182 149 425
m182 114 3 8.0 73.06666666666665 0.0
B188 3 51 336
z 3 188 51 336
m188 36 3 7.3999999999999995 64.86666666666665 1.0
B193 2 19 160
B195 2 145 36
B198 0 23 432
z 0 198 23 432
m198 57 0 23 432
z 0 198 23 432
m198 99 0 23 432
z 0 198 23 432
m198 165 0 23 432
z 0 198 23 432
m198 183 0 23 432
B198 1 23 432
z 1 198 23 432
m198 57 1 23 432
z 1 198 23 432
m198 99 1 23 432
z 1 198 23 432
m198 165 1 23 432
z 1 198 23 432
m198 183 1 23 432
B199 2 17 243
B218 1 33 50
B25 2 120 384
z 2 25 120 384
m25 31 2 120 384
z 2 25 120 384
m25 135 2 120 384
z 2 25 120 384
m25 141 2 120 384
z 2 25 120 384
m25 148 2 120 384
z 2 25 120 384
m25 182 2 120 384
B31 0 180 396
B31 1 180 396
B33 2 53 366
B36 2 107 335
B36 3 107 335
z 3 36 107 335
m36 102 3 7.3999999999999995 64.86666666666665 -1.0
B57 0 41 440
z 0 57 41 440
m57 16 0 41 440
z 0 57 41 440
m57 48 0 41 440
B57 1 41 440
z 1 57 41 440
m57 16 1 41 440
z 1 57 41 440
m57 48 1 41 440
B68 0 204 457
z 0 68 204 457
m68 35 0 204 457
z 0 68 204 457
m68 70 0 204 457
z 0 68 204 457
m68 116 0 204 457
z 0 68 204 457
m68 130 0 204 457
B68 1 204 457
z 1 68 204 457
m68 35 1 204 457
z 1 68 204 457
m68 70 1 204 457
z 1 68 204 457
m68 116 1 204 457
z 1 68 204 457
m68 130 1 204 457
B68 3 204 457
z 3 68 204 457
m68 170 3 8.0 72.49999999999999 0.0
z 3 68 204 457
m68 116 3 8.0 72.49999999999999 0.0
z 3 68 204 457
m68 141 3 8.0 72.49999999999999 0.0
B76 2 9 50
B81 2 46 256
B89 2 54 65
B90 0 213 413
z 0 90 213 413
m90 35 0 213 413
z 0 90 213 413
m90 70 0 213 413
z 0 90 213 413
m90 96 0 213 413
z 0 90 213 413
m90 116 0 213 413
z 0 90 213 413
m90 130 0 213 413
B90 1 213 413
z 1 90 213 413
m90 35 1 213 413
z 1 90 213 413
m90 70 1 213 413
z 1 90 213 413
m90 96 1 213 413
z 1 90 213 413
m90 116 1 213 413
z 1 90 213 413
m90 130 1 213 413
B90 3 213 413
z 3 90 213 413
m90 70 3 8.0625 73.56249999999999 0.0
z 3 90 213 413
m90 116 3 8.0625 73.56249999999999 0.0
z 3 90 213 413
m90 130 3 8.0625 73.56249999999999 0.0
z 3 90 213 413
m90 141 3 8.0625 73.56249999999999 0.0
B95 2 53 344
B99 0 30 448
z 0 99 30 448
m99 48 0 30 448
B99 1 30 448
z 1 99 30 448
m99 48 1 30 448
B114 0 149 459
z 0 114 149 459
m114 35 0 149 459
z 0 114 149 459
m114 70 0 149 459
z 0 114 149 459
m114 130 0 149 459
z 0 114 149 459
m114 168 0 149 459
B114 1 149 459
z 1 114 149 459
m114 35 1 149 459
z 1 114 149 459
m114 70 1 149 459
z 1 114 149 459
m114 130 1 149 459
z 1 114 149 459
m114 168 1 149 459
B114 3 149 459
z 3 114 149 459
m114 70 3 8.0 72.49999999999999 0.0
z 3 114 149 459
m114 35 3 8.0 72.49999999999999 0.0
z 3 114 149 459
m114 31 3 8.0 72.49999999999999 0.0
z 3 114 149 459
m114 168 3 8.0 72.49999999999999 0.0
B135 3 188 369
z 3 135 188 369
m135 102 3 8.0 73.06666666666665 -1.0
B142 0 123 472
z 0 142 123 472
m142 16 0 123 472
z 0 142 123 472
m142 48 0 123 472
z 0 142 123 472
m142 168 0 123 472
B142 1 123 472
B142 3 123 472
z 3 142 123 472
m142 48 3 7.875 70.74999999999999 0.0
z 3 142 123 472
m142 141 3 7.875 70.74999999999999 0.0
z 3 142 123 472
m142 165 3 7.875 70.74999999999999 0.0
B146 2 2 340
B152 0 235 371
z 0 152 235 371
m152 96 0 235 371
B152 1 235 371
z 1 152 235 371
m152 96 1 235 371
B152 3 235 371
B159 2 37 356
B164 2 139 376
z 2 164 139 376
m164 102 2 139 376
B165 0 67 495
z 0 165 67 495
m165 16 0 67 495
z 0 165 67 495
m165 48 0 67 495
z 0 165 67 495
m165 168 0 67 495
B165 1 67 495
z 1 165 67 495
m165 16 1 67 495
z 1 165 67 495
m165 48 1 67 495
z 1 165 67 495
m165 168 1 67 495
B170 0 136 455
z 0 170 136 455
m170 16 0 136 455
z 0 170 136 455
m170 130 0 136 455
z 0 170 136 455
m170 168 0 136 455
B170 1 136 455
z 1 170 136 455
m170 16 1 136 455
z 1 170 136 455
m170 130 1 136 455
z 1 170 136 455
m170 168 1 136 455
B179 0 202 444
z 0 179 202 444
m179 35 0 202 444
z 0 179 202 444
m179 70 0 202 444
z 0 179 202 444
m179 116 0 202 444
z 0 179 202 444
m179 130 0 202 444
B179 1 202 444
B179 3 202 444
z 3 179 202 444
m179 116 3 8.0 72.49999999999999 0.0
z 3 179 202 444
m179 170 3 8.0 72.49999999999999 0.0
z 3 179 202 444
m179 70 3 8.0 72.49999999999999 0.0
z 3 179 202 444
m179 31 3 8.0 72.49999999999999 0.0
B183 0 6 468
B183 1 6 468
B188 2 63 334
B209 2 133 374
B210 0 180 473
z 0 210 180 473
m210 35 0 180 473
z 0 210 180 473
m210 70 0 180 473
z 0 210 180 473
m210 130 0 180 473
B210 1 180 473
z 1 210 180 473
m210 35 1 180 473
z 1 210 180 473
m210 70 1 180 473
z 1 210 180 473
m210 130 1 180 473
B210 3 180 473
z 3 210 180 473
m210 141 3 7.875 70.74999999999999 0.0
z 3 210 180 473
m210 70 3 7.875 70.74999999999999 0.0
B218 2 39 61
B219 2 36 333
B16 0 102 494
B16 1 102 494
B31 2 185 385
z 2 31 185 385
m31 90 2 185 385
z 2 31 185 385
m31 114 2 185 385
z 2 31 185 385
m31 152 2 185 385
z 2 31 185 385
m31 179 2 185 385
z 2 31 185 385
m31 197 2 185 385
B31 3 185 385
B35 0 219 444
z 0 35 219 444
m35 92 0 219 444
B35 1 219 444
z 1 35 219 444
m35 92 1 219 444
B35 3 219 444
B48 0 35 483
B48 1 35 483
B48 3 35 483
z 3 48 35 483
m48 112 3 7.764705882352941 68.70588235294117 0.0
z 3 48 35 483
m48 16 3 7.764705882352941 68.70588235294117 0.0
z 3 48 35 483
m48 57 3 7.764705882352941 68.70588235294117 0.0
B70 0 244 489
z 0 70 244 489
m70 92 0 244 489
B70 1 244 489
B70 3 244 489
z 3 70 244 489
m70 92 3 7.647058823529411 69.29411764705881 1.0
B96 0 255 399
z 0 96 255 399
m96 82 0 255 399
z 0 96 255 399
m96 92 0 255 399
B96 1 255 399
z 1 96 255 399
m96 82 1 255 399
z 1 96 255 399
m96 92 1 255 399
B116 0 280 461
z 0 116 280 461
m116 82 0 280 461
z 0 116 280 461
m116 92 0 280 461
B116 1 280 461
z 1 116 280 461
m116 82 1 280 461
z 1 116 280 461
m116 92 1 280 461
B116 3 280 461
z 3 116 280 461
m116 96 3 7.764705882352941 69.17647058823528 0.0
B130 0 212 462
B130 1 212 462
B130 3 212 462
B135 2 199 365
z 2 135 199 365
m135 90 2 199 365
z 2 135 199 365
m135 96 2 199 365
z 2 135 199 365
m135 152 2 199 365
B141 2 171 418
z 2 141 171 418
m141 35 2 171 418
z 2 141 171 418
m141 68 2 171 418
z 2 141 171 418
m141 86 2 171 418
z 2 141 171 418
m141 90 2 171 418
z 2 141 171 418
m141 114 2 171 418
z 2 141 171 418
m141 130 2 171 418
z 2 141 171 418
m141 142 2 171 418
z 2 141 171 418
m141 170 2 171 418
z 2 141 171 418
m141 179 2 171 418
z 2 141 171 418
m141 197 2 171 418
z 2 141 171 418
m141 210 2 171 418
B141 3 171 418
B148 2 193 400
B165 3 76 493
z 3 165 76 493
m165 99 3 7.705882352941177 68.05882352941175 0.0
B168 0 88 496
B168 1 88 496
B168 3 88 496
z 3 168 88 496
m168 16 3 7.588235294117647 68.29411764705881 1.0
B170 3 126 448
z 3 170 126 448
m170 16 3 7.588235294117647 68.29411764705881 1.0
B182 2 141 448
z 2 182 141 448
m182 86 2 141 448
z 2 182 141 448
m182 114 2 141 448
z 2 182 141 448
m182 142 2 141 448
z 2 182 141 448
m182 170 2 141 448
z 2 182 141 448
m182 179 2 141 448
z 2 182 141 448
m182 197 2 141 448
z 2 182 141 448
m182 210 2 141 448
B16 3 111 486
B35 2 217 432
z 2 35 217 432
m35 70 2 217 432
z 2 35 217 432
m35 116 2 217 432
B57 3 60 425
B68 2 227 451
z 2 68 227 451
m68 70 2 227 451
z 2 68 227 451
m68 116 2 227 451
B82 0 326 436
z 0 82 326 436
m82 32 0 326 436
z 0 82 326 436
m82 149 0 326 436
z 0 82 326 436
m82 174 0 326 436
B82 1 326 436
B86 2 108 483
B90 2 231 397
B92 0 305 457
z 0 92 305 457
m92 149 0 305 457
B92 1 305 457
z 1 92 305 457
m92 149 1 305 457
B92 3 305 457
z 3 92 305 457
m92 82 3 7.333333333333333 65.66666666666666 1.0
z 3 92 305 457
m92 149 3 7.333333333333333 65.66666666666666 1.0
B96 2 267 400
z 2 96 267 400
m96 82 2 267 400
z 2 96 267 400
m96 92 2 267 400
z 2 96 267 400
m96 116 2 267 400
B96 3 267 400
B99 3 42 427
B112 3 64 404
z 3 112 64 404
m112 198 3 7.388888888888888 64.94444444444444 1.0
B114 2 130 444
z 2 114 130 444
m114 16 2 130 444
z 2 114 130 444
m114 168 2 130 444
B130 2 217 451
z 2 130 217 451
m130 70 2 217 451
z 2 130 217 451
m130 116 2 217 451
B142 2 137 491
B152 2 250 353
B170 2 116 441
z 2 170 116 441
m170 16 2 116 441
z 2 170 116 441
m170 165 2 116 441
z 2 170 116 441
m170 168 2 116 441
B179 2 223 433
B197 2 165 444
B210 2 183 497
z 2 210 183 497
m210 70 2 183 497
B16 2 121 479
B32 0 384 411
B70 2 268 485
B82 2 335 443
z 2 82 335 443
m82 32 2 335 443
z 2 82 335 443
m82 115 2 335 443
z 2 82 335 443
m82 149 2 335 443
B82 3 335 443
B92 2 317 459
z 2 92 317 459
m92 149 2 317 459
B116 2 302 452
z 2 116 302 452
m116 149 2 302 452
B149 0 352 430
B149 1 352 430
z 1 149 352 430
m149 32 1 352 430
z 1 149 352 430
m149 174 1 352 430
B149 3 352 430
z 3 149 352 430
m149 32 3 7.052631578947369 62.42105263157893 1.0
z 3 149 352 430
m149 174 3 7.052631578947369 62.42105263157893 1.0
B165 2 95 479
z 2 165 95 479
m165 27 2 95 479
z 2 165 95 479
m165 48 2 95 479
z 2 165 95 479
m165 57 2 95 479
z 2 165 95 479
m165 137 2 95 479
z 2 165 95 479
m165 183 2 95 479
z 2 165 95 479
m165 198 2 95 479
B168 2 65 490
B174 0 387 361
B198 3 48 472
z 3 198 48 472
m198 183 3 7.052631578947368 61.578947368421055 1.0
B27 2 75 465
z 2 27 75 465
m27 53 2 75 465
z 2 27 75 465
m27 99 2 75 465
z 2 27 75 465
m27 112 2 75 465
B32 1 394 406
B32 2 394 406
B32 3 394 406
B48 2 0 475
B57 2 79 411
z 2 57 79 411
m57 53 2 79 411
z 2 57 79 411
m57 99 2 79 411
z 2 57 79 411
m57 112 2 79 411
B115 2 395 409
z 2 115 395 409
m115 11 2 395 409
z 2 115 395 409
m115 124 2 395 409
z 2 115 395 409
m115 174 2 395 409
B137 2 73 447
z 2 137 73 447
m137 53 2 73 447
z 2 137 73 447
m137 99 2 73 447
z 2 137 73 447
m137 112 2 73 447
B149 2 364 434
B174 1 396 354
B174 3 396 354
B183 2 4 488
B183 3 4 488
B198 2 55 483
B11 2 448 372
B53 2 63 443
B99 2 61 396
B112 2 95 386
B124 2 435 474
z 2 124 435 474
m124 34 2 435 474
z 2 124 435 474
m124 214 2 435 474
B174 2 405 346
B34 2 441 491
B214 2 462 477
