408 194 102 228
s 0 434 111 50 0
s 1 302 287 169 0
s 2 107 38 12 0
s 3 23 328 61 0
s 4 430 418 256 0
s 5 423 53 329 0
s 6 131 32 219 0
s 7 77 136 217 0
s 8 407 117 57 0
s 9 301 232 189 0
s 10 371 459 188 0
s 11 474 332 182 0
s 12 259 248 22 0
s 13 16 259 280 0
s 14 219 313 40 0
s 15 88 321 247 0
s 16 399 186 262 0
s 17 94 488 87 0
s 18 364 478 329 0
s 19 482 334 340 0
s 20 367 280 15 0
s 21 348 453 98 0
s 22 454 381 1 0
s 23 297 61 138 0
s 24 463 83 114 0
s 25 494 423 51 0
s 26 332 356 297 0
s 27 385 421 121 0
s 28 179 203 219 0
s 29 482 158 100 0
s 30 44 179 102 0
s 31 184 339 280 0
s 32 79 48 101 0
s 33 403 97 108 0
s 34 38 37 3 0
s 35 215 315 273 0
s 36 476 195 104 0
s 37 321 385 193 0
s 38 312 472 301 0
s 39 242 150 50 0
s 40 347 342 125 0
s 41 291 157 174 0
s 42 227 73 209 0
s 43 463 305 280 0
s 44 365 235 70 0
s 45 258 430 77 0
s 46 237 9 47 0
s 47 240 142 28 0
s 48 232 154 265 0
s 49 423 161 252 0
s 50 483 136 328 0
s 51 164 196 113 0
s 52 141 419 5 0
s 53 69 178 211 0
s 54 446 217 90 0
s 55 379 41 283 0
s 56 231 77 99 0
s 57 205 142 322 0
s 58 260 431 345 0
s 59 328 475 168 0
s 60 257 267 317 0
s 61 227 33 302 0
s 62 261 69 358 0
s 63 175 394 25 0
s 64 456 400 217 0
s 65 178 344 179 0
s 66 487 469 59 0
s 67 398 47 136 0
s 68 173 132 141 0
s 69 474 221 338 0
s 70 498 405 11 0
s 71 62 293 329 0
s 72 254 188 314 0
s 73 289 182 4 0
s 74 283 274 109 0
s 75 26 498 92 0
s 76 62 438 11 0
s 77 108 338 323 0
s 78 381 71 33 0
s 79 316 333 177 0
s 80 117 142 86 0
s 81 198 135 318 0
s 82 433 214 232 0
s 83 83 497 113 0
s 84 398 103 145 0
s 85 45 155 204 0
s 86 21 411 86 0
s 87 45 241 194 0
s 88 260 459 149 0
s 89 30 352 254 0
s 90 395 308 257 0
s 91 457 19 177 0
s 92 135 138 245 0
s 93 374 274 168 0
s 94 69 238 138 0
s 95 84 179 56 0
s 96 346 445 206 0
s 97 64 439 351 0
s 98 266 429 266 0
s 99 298 275 121 0
s 100 274 20 343 0
s 101 219 415 347 0
s 102 236 49 5 0
s 103 291 394 136 0
s 104 8 329 185 0
s 105 3 455 54 0
s 106 211 4 153 0
s 107 19 269 203 0
s 108 261 75 94 0
s 109 368 186 33 0
s 110 47 378 286 0
s 111 351 475 300 0
s 112 388 310 285 0
s 113 102 332 52 0
s 114 20 401 79 0
s 115 456 116 35 0
s 116 275 234 242 0
s 117 234 345 253 0
s 118 279 300 173 0
s 119 312 147 191 0
s 120 91 12 169 0
s 121 26 5 166 0
s 122 80 327 305 0
s 123 246 309 22 0
s 124 87 132 291 0
s 125 365 164 299 0
s 126 184 213 114 0
s 127 218 103 351 0
s 128 32 133 285 0
s 129 457 209 200 0
s 130 147 194 73 0
s 131 84 287 317 0
s 132 308 173 351 0
s 133 315 165 189 0
s 134 200 183 195 0
s 135 315 49 293 0
s 136 315 227 41 0
s 137 92 481 356 0
s 138 471 32 325 0
s 139 160 276 53 0
s 140 457 274 87 0
s 141 333 74 232 0
s 142 19 220 56 0
s 143 449 236 205 0
s 144 379 137 37 0
s 145 295 82 191 0
s 146 405 138 165 0
s 147 196 482 241 0
s 148 406 169 89 0
s 149 446 18 328 0
s 150 445 10 217 0
s 151 372 375 268 0
s 152 295 277 214 0
s 153 290 110 300 0
s 154 297 296 193 0
s 155 114 366 244 0
s 156 397 234 182 0
s 157 139 60 270 0
s 158 157 239 341 0
s 159 329 474 35 0
s 160 201 35 46 0
s 161 404 284 181 0
s 162 53 22 55 0
s 163 32 335 355 0
s 164 436 452 237 0
s 165 454 354 304 0
s 166 90 271 340 0
s 167 396 253 8 0
s 168 12 232 108 0
s 169 7 421 168 0
s 170 417 402 264 0
s 171 352 315 169 0
s 172 496 250 277 0
s 173 457 253 248 0
s 174 270 75 125 0
s 175 185 403 109 0
s 176 136 174 46 0
s 177 414 317 327 0
s 178 102 228 211 0
s 179 389 306 168 0
s 180 96 59 286 0
s 181 167 409 146 0
s 182 70 404 152 0
s 183 146 108 254 0
s 184 85 469 261 0
s 185 121 332 309 0
s 186 74 262 24 0
s 187 58 124 206 0
s 188 441 88 119 0
s 189 117 449 82 0
s 190 487 376 244 0
s 191 322 347 247 0
s 192 469 406 57 0
s 193 413 108 191 0
s 194 372 70 261 0
s 195 314 182 116 0
s 196 427 412 24 0
s 197 402 12 179 0
s 198 146 210 136 0
s 199 35 147 186 0
s 200 2 311 72 0
s 201 464 3 112 0
s 202 11 9 139 0
s 203 125 274 287 0
s 204 455 108 297 0
s 205 154 491 289 0
s 206 384 13 301 0
s 207 127 42 100 0
s 208 258 433 2 0
s 209 195 402 35 0
s 210 108 70 337 0
s 211 396 448 99 0
s 212 107 305 88 0
s 213 12 492 310 0
s 214 370 136 202 0
s 215 466 166 256 0
s 216 68 20 142 0
s 217 294 225 180 0
s 218 21 399 302 0
s 219 408 194 322 0
B219 0 409 193
z 0 219 409 193
m219 8 0 409 193
z 0 219 409 193
m219 16 0 409 193
z 0 219 409 193
m219 36 0 409 193
z 0 219 409 193
m219 44 0 409 193
z 0 219 409 193
m219 49 0 409 193
z 0 219 409 193
m219 54 0 409 193
z 0 219 409 193
m219 69 0 409 193
z 0 219 409 193
m219 82 0 409 193
z 0 219 409 193
m219 109 0 409 193
z 0 219 409 193
m219 125 0 409 193
z 0 219 409 193
m219 129 0 409 193
z 0 219 409 193
m219 143 0 409 193
z 0 219 409 193
m219 144 0 409 193
z 0 219 409 193
m219 146 0 409 193
z 0 219 409 193
m219 148 0 409 193
z 0 219 409 193
m219 156 0 409 193
z 0 219 409 193
m219 167 0 409 193
z 0 219 409 193
m219 214 0 409 193
z 0 219 409 193
m219 215 0 409 193
B219 1 409 193
z 1 219 409 193
m219 8 1 409 193
z 1 219 409 193
m219 16 1 409 193
z 1 219 409 193
m219 36 1 409 193
z 1 219 409 193
m219 44 1 409 193
z 1 219 409 193
m219 49 1 409 193
z 1 219 409 193
m219 54 1 409 193
z 1 219 409 193
m219 69 1 409 193
z 1 219 409 193
m219 82 1 409 193
z 1 219 409 193
m219 109 1 409 193
z 1 219 409 193
m219 125 1 409 193
z 1 219 409 193
m219 129 1 409 193
z 1 219 409 193
m219 143 1 409 193
z 1 219 409 193
m219 144 1 409 193
z 1 219 409 193
m219 146 1 409 193
z 1 219 409 193
m219 148 1 409 193
z 1 219 409 193
m219 156 1 409 193
z 1 219 409 193
m219 167 1 409 193
z 1 219 409 193
m219 214 1 409 193
z 1 219 409 193
m219 215 1 409 193
B219 2 409 193
z 2 219 409 193
m219 8 2 409 193
z 2 219 409 193
m219 16 2 409 193
z 2 219 409 193
m219 36 2 409 193
z 2 219 409 193
m219 44 2 409 193
z 2 219 409 193
m219 49 2 409 193
z 2 219 409 193
m219 54 2 409 193
z 2 219 409 193
m219 69 2 409 193
z 2 219 409 193
m219 82 2 409 193
z 2 219 409 193
m219 109 2 409 193
z 2 219 409 193
m219 125 2 409 193
z 2 219 409 193
m219 129 2 409 193
z 2 219 409 193
m219 143 2 409 193
z 2 219 409 193
m219 144 2 409 193
z 2 219 409 193
m219 146 2 409 193
z 2 219 409 193
m219 148 2 409 193
z 2 219 409 193
m219 156 2 409 193
z 2 219 409 193
m219 167 2 409 193
z 2 219 409 193
m219 214 2 409 193
z 2 219 409 193
m219 215 2 409 193
B219 3 409 193
z 3 219 409 193
m219 8 3 19.0 361.0 1.0
z 3 219 409 193
m219 16 3 19.0 361.0 1.0
z 3 219 409 193
m219 36 3 19.0 361.0 1.0
z 3 219 409 193
m219 44 3 19.0 361.0 1.0
z 3 219 409 193
m219 49 3 19.0 361.0 1.0
z 3 219 409 193
m219 54 3 19.0 361.0 1.0
z 3 219 409 193
m219 69 3 19.0 361.0 1.0
z 3 219 409 193
m219 82 3 19.0 361.0 1.0
z 3 219 409 193
m219 109 3 19.0 361.0 1.0
z 3 219 409 193
m219 125 3 19.0 361.0 1.0
z 3 219 409 193
m219 129 3 19.0 361.0 1.0
z 3 219 409 193
m219 143 3 19.0 361.0 1.0
z 3 219 409 193
m219 144 3 19.0 361.0 1.0
z 3 219 409 193
m219 146 3 19.0 361.0 1.0
z 3 219 409 193
m219 148 3 19.0 361.0 1.0
z 3 219 409 193
m219 156 3 19.0 361.0 1.0
z 3 219 409 193
m219 167 3 19.0 361.0 1.0
z 3 219 409 193
m219 214 3 19.0 361.0 1.0
z 3 219 409 193
m219 215 3 19.0 361.0 1.0
B8 0 409 120
z 0 8 409 120
m8 0 0 409 120
z 0 8 409 120
m8 5 0 409 120
z 0 8 409 120
m8 24 0 409 120
z 0 8 409 120
m8 33 0 409 120
z 0 8 409 120
m8 67 0 409 120
z 0 8 409 120
m8 78 0 409 120
z 0 8 409 120
m8 84 0 409 120
z 0 8 409 120
m8 115 0 409 120
z 0 8 409 120
m8 188 0 409 120
z 0 8 409 120
m8 193 0 409 120
z 0 8 409 120
m8 194 0 409 120
z 0 8 409 120
m8 204 0 409 120
B8 1 409 120
z 1 8 409 120
m8 0 1 409 120
z 1 8 409 120
m8 5 1 409 120
z 1 8 409 120
m8 24 1 409 120
z 1 8 409 120
m8 33 1 409 120
z 1 8 409 120
m8 67 1 409 120
z 1 8 409 120
m8 78 1 409 120
z 1 8 409 120
m8 84 1 409 120
z 1 8 409 120
m8 115 1 409 120
z 1 8 409 120
m8 188 1 409 120
z 1 8 409 120
m8 193 1 409 120
z 1 8 409 120
m8 194 1 409 120
z 1 8 409 120
m8 204 1 409 120
B8 2 409 120
B8 3 409 120
z 3 8 409 120
m8 0 3 16.666666666666664 288.66666666666663 1.0
z 3 8 409 120
m8 5 3 16.666666666666664 288.66666666666663 1.0
z 3 8 409 120
m8 24 3 16.666666666666664 288.66666666666663 1.0
z 3 8 409 120
m8 33 3 16.666666666666664 288.66666666666663 1.0
z 3 8 409 120
m8 67 3 16.666666666666664 288.66666666666663 1.0
z 3 8 409 120
m8 78 3 16.666666666666664 288.66666666666663 1.0
z 3 8 409 120
m8 84 3 16.666666666666664 288.66666666666663 1.0
z 3 8 409 120
m8 115 3 16.666666666666664 288.66666666666663 1.0
z 3 8 409 120
m8 188 3 16.666666666666664 288.66666666666663 1.0
z 3 8 409 120
m8 193 3 16.666666666666664 288.66666666666663 1.0
z 3 8 409 120
m8 194 3 16.666666666666664 288.66666666666663 1.0
z 3 8 409 120
m8 204 3 16.666666666666664 288.66666666666663 1.0
B16 0 398 183
B16 1 398 183
B16 2 398 183
B16 3 398 183
B36 0 476 198
z 0 36 476 198
m36 29 0 476 198
z 0 36 476 198
m36 50 0 476 198
z 0 36 476 198
m36 172 0 476 198
z 0 36 476 198
m36 173 0 476 198
B36 1 476 198
z 1 36 476 198
m36 29 1 476 198
z 1 36 476 198
m36 50 1 476 198
z 1 36 476 198
m36 172 1 476 198
z 1 36 476 198
m36 173 1 476 198
B36 2 476 198
B36 3 476 198
z 3 36 476 198
m36 29 3 14.0 246.0 1.0
z 3 36 476 198
m36 50 3 14.0 246.0 1.0
z 3 36 476 198
m36 172 3 14.0 246.0 1.0
z 3 36 476 198
m36 173 3 14.0 246.0 1.0
B44 0 366 238
z 0 44 366 238
m44 9 0 366 238
z 0 44 366 238
m44 20 0 366 238
z 0 44 366 238
m44 90 0 366 238
z 0 44 366 238
m44 93 0 366 238
z 0 44 366 238
m44 112 0 366 238
z 0 44 366 238
m44 136 0 366 238
z 0 44 366 238
m44 161 0 366 238
z 0 44 366 238
m44 179 0 366 238
B44 1 366 238
z 1 44 366 238
m44 9 1 366 238
z 1 44 366 238
m44 20 1 366 238
z 1 44 366 238
m44 90 1 366 238
z 1 44 366 238
m44 93 1 366 238
z 1 44 366 238
m44 112 1 366 238
z 1 44 366 238
m44 136 1 366 238
z 1 44 366 238
m44 161 1 366 238
z 1 44 366 238
m44 179 1 366 238
B44 2 366 238
z 2 44 366 238
m44 9 2 366 238
z 2 44 366 238
m44 20 2 366 238
z 2 44 366 238
m44 90 2 366 238
z 2 44 366 238
m44 93 2 366 238
z 2 44 366 238
m44 112 2 366 238
z 2 44 366 238
m44 136 2 366 238
z 2 44 366 238
m44 161 2 366 238
z 2 44 366 238
m44 179 2 366 238
B44 3 366 238
z 3 44 366 238
m44 9 3 15.333333333333332 262.0 1.0
z 3 44 366 238
m44 20 3 15.333333333333332 262.0 1.0
z 3 44 366 238
m44 90 3 15.333333333333332 262.0 1.0
z 3 44 366 238
m44 93 3 15.333333333333332 262.0 1.0
z 3 44 366 238
m44 112 3 15.333333333333332 262.0 1.0
z 3 44 366 238
m44 136 3 15.333333333333332 262.0 1.0
z 3 44 366 238
m44 161 3 15.333333333333332 262.0 1.0
z 3 44 366 238
m44 179 3 15.333333333333332 262.0 1.0
B49 0 422 158
B49 1 422 158
B49 2 422 158
z 2 49 422 158
m49 0 2 422 158
z 2 49 422 158
m49 29 2 422 158
z 2 49 422 158
m49 33 2 422 158
z 2 49 422 158
m49 50 2 422 158
z 2 49 422 158
m49 84 2 422 158
z 2 49 422 158
m49 115 2 422 158
z 2 49 422 158
m49 188 2 422 158
z 2 49 422 158
m49 193 2 422 158
z 2 49 422 158
m49 204 2 422 158
B49 3 422 158
B54 0 446 220
z 0 54 446 220
m54 140 0 446 220
B54 1 446 220
z 1 54 446 220
m54 140 1 446 220
B54 2 446 220
z 2 54 446 220
m54 140 2 446 220
z 2 54 446 220
m54 172 2 446 220
z 2 54 446 220
m54 173 2 446 220
B54 3 446 220
z 3 54 446 220
m54 140 3 13.0 241.0 1.0
B69 0 477 219
B69 1 477 219
B69 2 477 219
B69 3 477 219
B82 0 431 212
B82 1 431 212
B82 2 431 212
B82 3 431 212
B109 0 370 188
z 0 109 370 188
m109 119 0 370 188
z 0 109 370 188
m109 132 0 370 188
z 0 109 370 188
m109 133 0 370 188
z 0 109 370 188
m109 195 0 370 188
B109 1 370 188
B109 2 370 188
z 2 109 370 188
m109 119 2 370 188
z 2 109 370 188
m109 132 2 370 188
z 2 109 370 188
m109 133 2 370 188
z 2 109 370 188
m109 195 2 370 188
B109 3 370 188
z 3 109 370 188
m109 119 3 14.0 246.0 1.0
z 3 109 370 188
m109 132 3 14.0 246.0 1.0
z 3 109 370 188
m109 133 3 14.0 246.0 1.0
z 3 109 370 188
m109 195 3 14.0 246.0 1.0
B125 0 367 161
B125 1 367 161
z 1 125 367 161
m125 119 1 367 161
z 1 125 367 161
m125 132 1 367 161
z 1 125 367 161
m125 133 1 367 161
z 1 125 367 161
m125 195 1 367 161
B125 2 367 161
B125 3 367 161
B129 0 454 208
B129 1 454 208
B129 2 454 208
B129 3 454 208
B143 0 446 235
z 0 143 446 235
m143 43 0 446 235
B143 1 446 235
z 1 143 446 235
m143 43 1 446 235
B143 2 446 235
z 2 143 446 235
m143 43 2 446 235
B143 3 446 235
z 3 143 446 235
m143 43 3 13.0 241.0 1.0
B144 0 381 139
B144 1 381 139
B144 2 381 139
z 2 144 381 139
m144 78 2 381 139
z 2 144 381 139
m144 194 2 381 139
B144 3 381 139
B146 0 402 139
B146 1 402 139
B146 2 402 139
B146 3 402 139
B148 0 406 172
B148 1 406 172
B148 2 406 172
B148 3 406 172
B156 0 394 234
B156 1 394 234
B156 2 394 234
B156 3 394 234
B167 0 399 254
z 0 167 399 254
m167 177 0 399 254
B167 1 399 254
z 1 167 399 254
m167 177 1 399 254
B167 2 399 254
z 2 167 399 254
m167 177 2 399 254
B167 3 399 254
z 3 167 399 254
m167 177 3 13.0 241.0 1.0
B214 0 367 135
z 0 214 367 135
m214 141 0 367 135
B214 1 367 135
z 1 214 367 135
m214 141 1 367 135
B214 2 367 135
z 2 214 367 135
m214 141 2 367 135
B214 3 367 135
z 3 214 367 135
m214 141 3 13.0 241.0 1.0
B215 0 465 163
B215 1 465 163
B215 2 465 163
B215 3 465 163
B0 0 436 114
B0 1 436 114
B0 2 436 114
z 2 0 436 114
m0 5 2 436 114
z 2 0 436 114
m0 24 2 436 114
B0 3 436 114
B5 0 426 51
z 0 5 426 51
m5 55 0 426 51
z 0 5 426 51
m5 91 0 426 51
z 0 5 426 51
m5 138 0 426 51
z 0 5 426 51
m5 149 0 426 51
z 0 5 426 51
m5 150 0 426 51
z 0 5 426 51
m5 197 0 426 51
z 0 5 426 51
m5 201 0 426 51
z 0 5 426 51
m5 206 0 426 51
B5 1 426 51
B5 3 426 51
z 3 5 426 51
m5 206 3 14.499999999999998 232.49999999999997 0.6181541582150101
z 3 5 426 51
m5 201 3 14.499999999999998 232.49999999999997 0.6181541582150101
z 3 5 426 51
m5 138 3 14.499999999999998 232.49999999999997 0.6181541582150101
z 3 5 426 51
m5 55 3 14.499999999999998 232.49999999999997 0.6181541582150101
z 3 5 426 51
m5 197 3 14.499999999999998 232.49999999999997 0.6181541582150101
z 3 5 426 51
m5 150 3 14.499999999999998 232.49999999999997 0.6181541582150101
z 3 5 426 51
m5 149 3 14.499999999999998 232.49999999999997 0.6181541582150101
B9 0 297 232
z 0 9 297 232
m9 1 0 297 232
z 0 9 297 232
m9 12 0 297 232
z 0 9 297 232
m9 60 0 297 232
z 0 9 297 232
m9 72 0 297 232
z 0 9 297 232
m9 73 0 297 232
z 0 9 297 232
m9 74 0 297 232
z 0 9 297 232
m9 99 0 297 232
z 0 9 297 232
m9 116 0 297 232
z 0 9 297 232
m9 118 0 297 232
z 0 9 297 232
m9 152 0 297 232
z 0 9 297 232
m9 154 0 297 232
z 0 9 297 232
m9 217 0 297 232
B9 1 297 232
z 1 9 297 232
m9 1 1 297 232
z 1 9 297 232
m9 12 1 297 232
z 1 9 297 232
m9 60 1 297 232
z 1 9 297 232
m9 72 1 297 232
z 1 9 297 232
m9 73 1 297 232
z 1 9 297 232
m9 74 1 297 232
z 1 9 297 232
m9 99 1 297 232
z 1 9 297 232
m9 116 1 297 232
z 1 9 297 232
m9 118 1 297 232
z 1 9 297 232
m9 152 1 297 232
z 1 9 297 232
m9 154 1 297 232
z 1 9 297 232
m9 217 1 297 232
B9 2 297 232
B9 3 297 232
z 3 9 297 232
m9 1 3 14.5 232.5 1.0
z 3 9 297 232
m9 12 3 14.5 232.5 1.0
z 3 9 297 232
m9 60 3 14.5 232.5 1.0
z 3 9 297 232
m9 72 3 14.5 232.5 1.0
z 3 9 297 232
m9 73 3 14.5 232.5 1.0
z 3 9 297 232
m9 74 3 14.5 232.5 1.0
z 3 9 297 232
m9 99 3 14.5 232.5 1.0
z 3 9 297 232
m9 116 3 14.5 232.5 1.0
z 3 9 297 232
m9 118 3 14.5 232.5 1.0
z 3 9 297 232
m9 152 3 14.5 232.5 1.0
z 3 9 297 232
m9 154 3 14.5 232.5 1.0
z 3 9 297 232
m9 217 3 14.5 232.5 1.0
B20 0 371 281
z 0 20 371 281
m20 40 0 371 281
z 0 20 371 281
m20 171 0 371 281
B20 1 371 281
B20 2 371 281
z 2 20 371 281
m20 1 2 371 281
z 2 20 371 281
m20 40 2 371 281
z 2 20 371 281
m20 171 2 371 281
B20 3 371 281
B24 0 461 86
B24 1 461 86
z 1 24 461 86
m24 91 1 461 86
z 1 24 461 86
m24 138 1 461 86
z 1 24 461 86
m24 149 1 461 86
B24 3 461 86
z 3 24 461 86
m24 91 3 12.749999999999998 216.74999999999997 1.0
B29 0 482 162
B29 1 482 162
B29 2 482 162
B29 3 482 162
B33 0 402 101
B33 1 402 101
z 1 33 402 101
m33 55 1 402 101
B33 2 402 101
z 2 33 402 101
m33 55 2 402 101
z 2 33 402 101
m33 67 2 402 101
B33 3 402 101
B43 0 464 301
z 0 43 464 301
m43 11 0 464 301
z 0 43 464 301
m43 19 0 464 301
z 0 43 464 301
m43 165 0 464 301
z 0 43 464 301
m43 190 0 464 301
B43 1 464 301
z 1 43 464 301
m43 11 1 464 301
z 1 43 464 301
m43 19 1 464 301
z 1 43 464 301
m43 165 1 464 301
z 1 43 464 301
m43 190 1 464 301
B43 2 464 301
B43 3 464 301
z 3 43 464 301
m43 11 3 10.75 184.75 1.0
z 3 43 464 301
m43 19 3 10.75 184.75 1.0
z 3 43 464 301
m43 165 3 10.75 184.75 1.0
z 3 43 464 301
m43 190 3 10.75 184.75 1.0
B50 0 486 134
B50 1 486 134
B50 2 486 134
B50 3 486 134
B67 0 395 49
B67 1 395 49
B67 3 395 49
B78 0 384 73
z 0 78 384 73
m78 135 0 384 73
B78 1 384 73
z 1 78 384 73
m78 135 1 384 73
z 1 78 384 73
m78 197 1 384 73
z 1 78 384 73
m78 206 1 384 73
B78 2 384 73
z 2 78 384 73
m78 135 2 384 73
z 2 78 384 73
m78 197 2 384 73
z 2 78 384 73
m78 206 2 384 73
B78 3 384 73
z 3 78 384 73
m78 135 3 12.749999999999998 216.74999999999997 1.0
B84 0 395 105
B84 1 395 105
B84 2 395 105
B84 3 395 105
B90 0 394 304
z 0 90 394 304
m90 151 0 394 304
B90 1 394 304
z 1 90 394 304
m90 40 1 394 304
z 1 90 394 304
m90 151 1 394 304
z 1 90 394 304
m90 171 1 394 304
B90 2 394 304
z 2 90 394 304
m90 151 2 394 304
B90 3 394 304
B93 0 370 275
B93 1 370 275
B93 2 370 275
B93 3 370 275
B112 0 389 307
z 0 112 389 307
m112 26 0 389 307
B112 1 389 307
z 1 112 389 307
m112 26 1 389 307
B112 2 389 307
B112 3 389 307
z 3 112 389 307
m112 26 3 12.5 200.5 0.13016216216216248
B115 0 459 118
B115 1 459 118
B115 2 459 118
B115 3 459 118
B119 0 308 146
z 0 119 308 146
m119 39 0 308 146
z 0 119 308 146
m119 41 0 308 146
z 0 119 308 146
m119 47 0 308 146
z 0 119 308 146
m119 145 0 308 146
z 0 119 308 146
m119 153 0 308 146
B119 1 308 146
z 1 119 308 146
m119 39 1 308 146
z 1 119 308 146
m119 41 1 308 146
z 1 119 308 146
m119 47 1 308 146
z 1 119 308 146
m119 145 1 308 146
z 1 119 308 146
m119 153 1 308 146
B119 2 308 146
B119 3 308 146
z 3 119 308 146
m119 39 3 11.75 190.75 1.0
z 3 119 308 146
m119 41 3 11.75 190.75 1.0
z 3 119 308 146
m119 47 3 11.75 190.75 1.0
z 3 119 308 146
m119 145 3 11.75 190.75 1.0
z 3 119 308 146
m119 153 3 11.75 190.75 1.0
B132 0 312 172
B132 1 312 172
B132 2 312 172
z 2 132 312 172
m132 39 2 312 172
z 2 132 312 172
m132 41 2 312 172
z 2 132 312 172
m132 47 2 312 172
z 2 132 312 172
m132 72 2 312 172
z 2 132 312 172
m132 73 2 312 172
z 2 132 312 172
m132 116 2 312 172
z 2 132 312 172
m132 153 2 312 172
z 2 132 312 172
m132 217 2 312 172
B132 3 312 172
B133 0 311 164
B133 1 311 164
B133 2 311 164
B133 3 311 164
B136 0 318 229
B136 1 318 229
B136 2 318 229
z 2 136 318 229
m136 12 2 318 229
z 2 136 318 229
m136 60 2 318 229
z 2 136 318 229
m136 74 2 318 229
z 2 136 318 229
m136 99 2 318 229
z 2 136 318 229
m136 152 2 318 229
z 2 136 318 229
m136 154 2 318 229
B136 3 318 229
B140 0 457 278
B140 1 457 278
B140 2 457 278
z 2 140 457 278
m140 11 2 457 278
z 2 140 457 278
m140 19 2 457 278
z 2 140 457 278
m140 165 2 457 278
B140 3 457 278
B141 0 330 71
z 0 141 330 71
m141 23 0 330 71
z 0 141 330 71
m141 62 0 330 71
z 0 141 330 71
m141 100 0 330 71
z 0 141 330 71
m141 108 0 330 71
z 0 141 330 71
m141 174 0 330 71
B141 1 330 71
z 1 141 330 71
m141 23 1 330 71
z 1 141 330 71
m141 62 1 330 71
z 1 141 330 71
m141 100 1 330 71
z 1 141 330 71
m141 108 1 330 71
z 1 141 330 71
m141 174 1 330 71
B141 2 330 71
B141 3 330 71
z 3 141 330 71
m141 23 3 11.0 187.0 1.0
z 3 141 330 71
m141 62 3 11.0 187.0 1.0
z 3 141 330 71
m141 100 3 11.0 187.0 1.0
z 3 141 330 71
m141 108 3 11.0 187.0 1.0
z 3 141 330 71
m141 174 3 11.0 187.0 1.0
B161 0 400 284
B161 1 400 284
B161 2 400 284
B161 3 400 284
z 3 161 400 284
m161 171 3 11.75 196.75 1.0
B172 0 496 246
B172 1 496 246
B172 2 496 246
B172 3 496 246
B173 0 456 250
B173 1 456 250
B173 2 456 250
B173 3 456 250
B177 0 417 315
B177 1 417 315
B177 2 417 315
B177 3 417 315
z 3 177 417 315
m177 151 3 10.0 181.0 1.0
B179 0 385 307
z 0 179 385 307
m179 191 0 385 307
B179 1 385 307
z 1 179 385 307
m179 191 1 385 307
B179 2 385 307
z 2 179 385 307
m179 26 2 385 307
z 2 179 385 307
m179 191 2 385 307
B179 3 385 307
B188 0 439 92
B188 1 439 92
B188 2 439 92
z 2 188 439 92
m188 91 2 439 92
z 2 188 439 92
m188 138 2 439 92
B188 3 439 92
B193 0 409 107
B193 1 409 107
B193 2 409 107
B193 3 409 107
B194 0 371 66
B194 1 371 66
B194 2 371 66
B194 3 371 66
B195 0 313 185
B195 1 313 185
B195 2 313 185
B195 3 313 185
B204 0 457 104
B204 1 457 104
B204 2 457 104
B204 3 457 104
B1 0 297 288
z 0 1 297 288
m1 79 0 297 288
z 0 1 297 288
m1 123 0 297 288
B1 1 297 288
z 1 1 297 288
m1 79 1 297 288
z 1 1 297 288
m1 123 1 297 288
B1 2 297 288
z 2 1 297 288
m1 79 2 297 288
z 2 1 297 288
m1 118 2 297 288
z 2 1 297 288
m1 123 2 297 288
B1 3 297 288
z 3 1 297 288
m1 40 3 12.4 189.2 0.0
B5 2 427 50
B11 0 469 332
z 0 11 469 332
m11 22 0 469 332
z 0 11 469 332
m11 64 0 469 332
B11 1 469 332
z 1 11 469 332
m11 22 1 469 332
z 1 11 469 332
m11 64 1 469 332
B11 2 469 332
B11 3 469 332
B12 0 263 250
B12 1 263 250
B12 2 263 250
B12 3 263 250
z 3 12 263 250
m12 123 3 11.799999999999999 186.2 1.0
B19 0 486 332
z 0 19 486 332
m19 70 0 486 332
B19 1 486 332
B19 2 486 332
B19 3 486 332
z 3 19 486 332
m19 64 3 9.2 149.60000000000002 0.7428785607196398
z 3 19 486 332
m19 70 3 9.2 149.60000000000002 0.7428785607196398
B23 0 293 64
z 0 23 293 64
m23 42 0 293 64
z 0 23 293 64
m23 46 0 293 64
z 0 23 293 64
m23 56 0 293 64
z 0 23 293 64
m23 61 0 293 64
z 0 23 293 64
m23 102 0 293 64
B23 1 293 64
z 1 23 293 64
m23 42 1 293 64
z 1 23 293 64
m23 46 1 293 64
z 1 23 293 64
m23 56 1 293 64
z 1 23 293 64
m23 61 1 293 64
z 1 23 293 64
m23 102 1 293 64
B23 3 293 64
z 3 23 293 64
m23 42 3 9.8 154.6 1.0
z 3 23 293 64
m23 46 3 9.8 154.6 1.0
z 3 23 293 64
m23 56 3 9.8 154.6 1.0
z 3 23 293 64
m23 61 3 9.8 154.6 1.0
z 3 23 293 64
m23 102 3 9.8 154.6 1.0
B24 2 461 87
B26 0 334 352
z 0 26 334 352
m26 37 0 334 352
z 0 26 334 352
m26 103 0 334 352
B26 1 334 352
z 1 26 334 352
m26 37 1 334 352
z 1 26 334 352
m26 103 1 334 352
B26 2 334 352
B26 3 334 352
z 3 26 334 352
m26 103 3 10.8 163.6 0.13788060400826394
B39 0 245 154
z 0 39 245 154
m39 48 0 245 154
z 0 39 245 154
m39 57 0 245 154
z 0 39 245 154
m39 81 0 245 154
z 0 39 245 154
m39 127 0 245 154
z 0 39 245 154
m39 134 0 245 154
B39 1 245 154
z 1 39 245 154
m39 48 1 245 154
z 1 39 245 154
m39 57 1 245 154
z 1 39 245 154
m39 81 1 245 154
z 1 39 245 154
m39 127 1 245 154
z 1 39 245 154
m39 134 1 245 154
B39 2 245 154
B39 3 245 154
z 3 39 245 154
m39 48 3 10.4 157.6 1.0
z 3 39 245 154
m39 57 3 10.4 157.6 1.0
z 3 39 245 154
m39 81 3 10.4 157.6 1.0
z 3 39 245 154
m39 127 3 10.4 157.6 1.0
z 3 39 245 154
m39 134 3 10.4 157.6 1.0
B40 0 344 346
B40 1 344 346
B40 2 344 346
z 2 40 344 346
m40 37 2 344 346
B41 0 286 157
B41 1 286 157
B41 2 286 157
z 2 41 286 157
m41 48 2 286 157
B41 3 286 157
B47 0 244 145
B47 1 244 145
B47 2 244 145
z 2 47 244 145
m47 56 2 244 145
z 2 47 244 145
m47 57 2 244 145
z 2 47 244 145
m47 81 2 244 145
z 2 47 244 145
m47 108 2 244 145
z 2 47 244 145
m47 127 2 244 145
z 2 47 244 145
m47 134 2 244 145
z 2 47 244 145
m47 174 2 244 145
B47 3 244 145
B55 0 380 36
B55 1 380 36
z 1 55 380 36
m55 150 1 380 36
B55 2 380 36
B55 3 380 36
B60 0 260 263
z 0 60 260 263
m60 14 0 260 263
z 0 60 260 263
m60 35 0 260 263
B60 1 260 263
z 1 60 260 263
m60 14 1 260 263
z 1 60 260 263
m60 35 1 260 263
B60 2 260 263
B60 3 260 263
B62 0 266 69
z 0 62 266 69
m62 160 0 266 69
B62 1 266 69
z 1 62 266 69
m62 160 1 266 69
B62 3 266 69
z 3 62 266 69
m62 160 3 9.0 149.79999999999998 1.0
B67 2 395 50
z 2 67 395 50
m67 149 2 395 50
z 2 67 395 50
m67 150 2 395 50
B72 0 257 184
B72 1 257 184
B72 2 257 184
B72 3 257 184
B73 0 294 183
B73 1 294 183
B73 2 294 183
B73 3 294 183
B74 0 282 278
B74 1 282 278
B74 2 282 278
B74 3 282 278
z 3 74 282 278
m74 191 3 12.4 189.2 0.0
B91 0 452 20
B91 1 452 20
z 1 91 452 20
m91 201 1 452 20
B91 2 452 20
B91 3 452 20
B99 0 295 279
B99 1 295 279
B99 2 295 279
B99 3 295 279
z 3 99 295 279
m99 79 3 11.799999999999999 186.2 1.0
B100 0 279 18
z 0 100 279 18
m100 106 0 279 18
B100 1 279 18
B100 3 279 18
z 3 100 279 18
m100 106 3 9.0 149.79999999999998 1.0
B108 0 260 80
B108 1 260 80
B108 3 260 80
B116 0 272 229
B116 1 272 229
B116 2 272 229
B116 3 272 229
B118 0 274 300
z 0 118 274 300
m118 117 0 274 300
B118 1 274 300
z 1 118 274 300
m118 117 1 274 300
B118 3 274 300
B135 0 317 45
B135 1 317 45
B135 2 317 45
B135 3 317 45
B138 0 475 30
B138 1 475 30
B138 2 475 30
z 2 138 475 30
m138 201 2 475 30
B138 3 475 30
B145 0 290 81
B145 1 290 81
B145 3 290 81
B149 0 450 15
B149 1 450 15
B149 3 450 15
B150 0 441 7
B150 3 441 7
B151 0 372 370
z 0 151 372 370
m151 4 0 372 370
z 0 151 372 370
m151 27 0 372 370
z 0 151 372 370
m151 170 0 372 370
z 0 151 372 370
m151 196 0 372 370
B151 1 372 370
z 1 151 372 370
m151 4 1 372 370
z 1 151 372 370
m151 27 1 372 370
z 1 151 372 370
m151 170 1 372 370
z 1 151 372 370
m151 196 1 372 370
B151 2 372 370
z 2 151 372 370
m151 4 2 372 370
z 2 151 372 370
m151 27 2 372 370
z 2 151 372 370
m151 170 2 372 370
z 2 151 372 370
m151 196 2 372 370
B151 3 372 370
z 3 151 372 370
m151 4 3 9.0 149.8 1.0
z 3 151 372 370
m151 27 3 9.0 149.8 1.0
z 3 151 372 370
m151 37 3 9.0 149.8 1.0
z 3 151 372 370
m151 170 3 9.0 149.8 1.0
z 3 151 372 370
m151 196 3 9.0 149.8 1.0
B152 0 290 274
B152 1 290 274
B152 2 290 274
B152 3 290 274
B153 0 293 105
B153 1 293 105
B153 2 293 105
z 2 153 293 105
m153 23 2 293 105
z 2 153 293 105
m153 62 2 293 105
z 2 153 293 105
m153 145 2 293 105
B153 3 293 105
B154 0 292 295
B154 1 292 295
B154 2 292 295
B154 3 292 295
B165 0 456 350
z 0 165 456 350
m165 192 0 456 350
B165 1 456 350
z 1 165 456 350
m165 70 1 456 350
z 1 165 456 350
m165 192 1 456 350
B165 2 456 350
B165 3 456 350
B171 0 348 316
B171 1 348 316
B171 2 348 316
B171 3 348 316
B174 0 267 79
B174 1 267 79
B174 3 267 79
B190 0 485 372
z 0 190 485 372
m190 25 0 485 372
B190 1 485 372
z 1 190 485 372
m190 25 1 485 372
B190 3 485 372
z 3 190 485 372
m190 25 3 9.2 149.60000000000002 0.7428785607196398
z 3 190 485 372
m190 192 3 9.2 149.60000000000002 0.7428785607196398
B191 0 320 343
B191 1 320 343
B191 2 320 343
B197 0 397 12
B197 1 397 12
B197 2 397 12
B197 3 397 12
B201 0 462 8
B201 3 462 8
B206 0 387 9
B206 1 387 9
B206 2 387 9
B206 3 387 9
B217 0 289 225
B217 1 289 225
B217 2 289 225
B217 3 289 225
B4 0 429 412
z 0 4 429 412
m4 164 0 429 412
z 0 4 429 412
m4 211 0 429 412
B4 1 429 412
z 1 4 429 412
m4 164 1 429 412
z 1 4 429 412
m4 211 1 429 412
B4 2 429 412
z 2 4 429 412
m4 22 2 429 412
z 2 4 429 412
m4 25 2 429 412
z 2 4 429 412
m4 64 2 429 412
z 2 4 429 412
m4 70 2 429 412
z 2 4 429 412
m4 164 2 429 412
z 2 4 429 412
m4 190 2 429 412
z 2 4 429 412
m4 192 2 429 412
z 2 4 429 412
m4 211 2 429 412
B4 3 429 412
z 3 4 429 412
m4 211 3 8.0 126.33333333333333 0.42418323863636376
B14 0 223 317
z 0 14 223 317
m14 31 0 223 317
z 0 14 223 317
m14 65 0 223 317
z 0 14 223 317
m14 139 0 223 317
B14 1 223 317
B22 0 460 381
B22 1 460 381
B23 2 292 65
z 2 23 292 65
m23 42 2 292 65
z 2 23 292 65
m23 46 2 292 65
z 2 23 292 65
m23 61 2 292 65
z 2 23 292 65
m23 100 2 292 65
z 2 23 292 65
m23 102 2 292 65
B25 0 498 428
z 0 25 498 428
m25 66 0 498 428
B25 1 498 428
z 1 25 498 428
m25 66 1 498 428
B25 3 498 428
z 3 25 498 428
m25 164 3 8.166666666666668 126.16666666666669 0.7824002702991779
z 3 25 498 428
m25 22 3 8.166666666666668 126.16666666666669 0.7824002702991779
z 3 25 498 428
m25 66 3 8.166666666666668 126.16666666666669 0.7824002702991779
B27 0 382 427
z 0 27 382 427
m27 10 0 382 427
z 0 27 382 427
m27 18 0 382 427
z 0 27 382 427
m27 21 0 382 427
z 0 27 382 427
m27 96 0 382 427
z 0 27 382 427
m27 111 0 382 427
z 0 27 382 427
m27 159 0 382 427
B27 1 382 427
z 1 27 382 427
m27 10 1 382 427
z 1 27 382 427
m27 18 1 382 427
z 1 27 382 427
m27 21 1 382 427
z 1 27 382 427
m27 96 1 382 427
z 1 27 382 427
m27 111 1 382 427
z 1 27 382 427
m27 159 1 382 427
B27 2 382 427
z 2 27 382 427
m27 10 2 382 427
z 2 27 382 427
m27 18 2 382 427
z 2 27 382 427
m27 21 2 382 427
z 2 27 382 427
m27 96 2 382 427
z 2 27 382 427
m27 111 2 382 427
z 2 27 382 427
m27 159 2 382 427
B27 3 382 427
z 3 27 382 427
m27 10 3 8.5 130.83333333333331 1.0
z 3 27 382 427
m27 18 3 8.5 130.83333333333331 1.0
z 3 27 382 427
m27 21 3 8.5 130.83333333333331 1.0
z 3 27 382 427
m27 96 3 8.5 130.83333333333331 1.0
z 3 27 382 427
m27 111 3 8.5 130.83333333333331 1.0
z 3 27 382 427
m27 159 3 8.5 130.83333333333331 1.0
B35 0 216 309
B35 1 216 309
z 1 35 216 309
m35 31 1 216 309
z 1 35 216 309
m35 65 1 216 309
z 1 35 216 309
m35 139 1 216 309
B37 0 315 383
z 0 37 315 383
m37 58 0 315 383
z 0 37 315 383
m37 98 0 315 383
z 0 37 315 383
m37 208 0 315 383
B37 1 315 383
z 1 37 315 383
m37 58 1 315 383
z 1 37 315 383
m37 98 1 315 383
z 1 37 315 383
m37 208 1 315 383
B37 2 315 383
z 2 37 315 383
m37 58 2 315 383
z 2 37 315 383
m37 98 2 315 383
z 2 37 315 383
m37 103 2 315 383
z 2 37 315 383
m37 208 2 315 383
B37 3 315 383
z 3 37 315 383
m37 208 3 8.0 126.33333333333333 0.42418323863636376
B40 3 343 346
B42 0 221 71
B42 1 221 71
B42 3 221 71
B46 0 241 14
B46 1 241 14
z 1 46 241 14
m46 106 1 241 14
B46 3 241 14
B48 0 231 148
z 0 48 231 148
m48 68 0 231 148
B48 1 231 148
B48 2 231 148
B48 3 231 148
z 3 48 231 148
m48 68 3 8.833333333333332 131.5 1.0
B56 0 230 82
B56 1 230 82
B56 2 230 82
z 2 56 230 82
m56 160 2 230 82
B56 3 230 82
B57 0 209 139
z 0 57 209 139
m57 28 0 209 139
z 0 57 209 139
m57 183 0 209 139
B57 1 209 139
z 1 57 209 139
m57 28 1 209 139
z 1 57 209 139
m57 68 1 209 139
z 1 57 209 139
m57 183 1 209 139
B57 2 209 139
B57 3 209 139
B61 0 230 28
B61 1 230 28
B61 3 230 28
B62 2 267 69
B64 0 452 397
B64 1 452 397
B64 3 452 397
B70 0 493 404
B70 1 493 404
B70 3 493 404
B79 0 310 333
B79 1 310 333
B79 2 310 333
B79 3 310 333
B81 0 202 131
z 0 81 202 131
m81 92 0 202 131
B81 1 202 131
z 1 81 202 131
m81 92 1 202 131
B81 2 202 131
B81 3 202 131
z 3 81 202 131
m81 28 3 9.166666666666666 132.83333333333334 0.4113965744400523
B102 0 242 49
B102 1 242 49
B102 3 242 49
B103 0 286 398
z 0 103 286 398
m103 38 0 286 398
z 0 103 286 398
m103 45 0 286 398
z 0 103 286 398
m103 88 0 286 398
z 0 103 286 398
m103 101 0 286 398
B103 1 286 398
B103 3 286 398
z 3 103 286 398
m103 38 3 10.0 142.33333333333334 0.1897843497056156
z 3 103 286 398
m103 88 3 10.0 142.33333333333334 0.1897843497056156
z 3 103 286 398
m103 101 3 10.0 142.33333333333334 0.1897843497056156
B106 0 205 7
B106 3 205 7
B108 2 260 81
B117 0 232 339
z 0 117 232 339
m117 209 0 232 339
B117 1 232 339
z 1 117 232 339
m117 101 1 232 339
z 1 117 232 339
m117 209 1 232 339
B118 2 273 300
B123 0 251 311
B123 1 251 311
B123 2 251 311
B123 3 251 311
z 3 123 251 311
m123 14 3 10.499999999999998 157.83333333333331 1.0
z 3 123 251 311
m123 31 3 10.499999999999998 157.83333333333331 1.0
z 3 123 251 311
m123 35 3 10.499999999999998 157.83333333333331 1.0
z 3 123 251 311
m123 117 3 10.499999999999998 157.83333333333331 1.0
B127 0 224 102
B127 1 224 102
B127 2 224 102
z 2 127 224 102
m127 68 2 224 102
B127 3 224 102
B134 0 194 181
z 0 134 194 181
m134 51 0 194 181
z 0 134 194 181
m134 126 0 194 181
z 0 134 194 181
m134 130 0 194 181
z 0 134 194 181
m134 158 0 194 181
z 0 134 194 181
m134 176 0 194 181
z 0 134 194 181
m134 198 0 194 181
B134 1 194 181
z 1 134 194 181
m134 51 1 194 181
z 1 134 194 181
m134 126 1 194 181
z 1 134 194 181
m134 130 1 194 181
z 1 134 194 181
m134 158 1 194 181
z 1 134 194 181
m134 176 1 194 181
z 1 134 194 181
m134 198 1 194 181
B134 2 194 181
B134 3 194 181
z 3 134 194 181
m134 51 3 9.666666666666666 137.33333333333334 1.0
z 3 134 194 181
m134 126 3 9.666666666666666 137.33333333333334 1.0
z 3 134 194 181
m134 130 3 9.666666666666666 137.33333333333334 1.0
z 3 134 194 181
m134 158 3 9.666666666666666 137.33333333333334 1.0
z 3 134 194 181
m134 176 3 9.666666666666666 137.33333333333334 1.0
z 3 134 194 181
m134 198 3 9.666666666666666 137.33333333333334 1.0
B145 2 289 80
B149 2 451 14
B150 1 440 7
B150 2 440 7
B160 0 205 39
z 0 160 205 39
m160 157 0 205 39
B160 1 205 39
z 1 160 205 39
m160 157 1 205 39
B160 3 205 39
z 3 160 205 39
m160 157 3 7.666666666666667 124.99999999999999 1.0
B170 0 416 396
B170 1 416 396
B170 2 416 396
B170 3 416 396
B174 2 267 80
B191 3 320 342
B192 0 473 411
B192 1 473 411
B192 3 473 411
B196 0 432 414
B196 1 432 414
B196 2 432 414
B196 3 432 414
B201 1 461 9
B201 2 461 9
B10 0 364 458
z 0 10 364 458
m10 59 0 364 458
B10 1 364 458
z 1 10 364 458
m10 38 1 364 458
z 1 10 364 458
m10 59 1 364 458
B10 2 364 458
z 2 10 364 458
m10 38 2 364 458
z 2 10 364 458
m10 59 2 364 458
B10 3 364 458
z 3 10 364 458
m10 59 3 7.428571428571429 112.28571428571426 1.0
B14 3 224 317
B18 0 370 474
B18 1 370 474
B18 2 370 474
B18 3 370 474
B21 0 347 460
B21 1 347 460
B21 2 347 460
B21 3 347 460
B22 2 461 381
B22 3 461 381
B25 2 499 428
z 2 25 499 428
m25 66 2 499 428
B28 0 174 198
z 0 28 174 198
m28 80 0 174 198
B28 1 174 198
z 1 28 174 198
m28 80 1 174 198
B28 3 174 198
z 3 28 174 198
m28 80 3 8.0 114.0 1.0
B31 0 185 332
z 0 31 185 332
m31 63 0 185 332
z 0 31 185 332
m31 77 0 185 332
z 0 31 185 332
m31 185 0 185 332
B31 1 185 332
z 1 31 185 332
m31 63 1 185 332
z 1 31 185 332
m31 77 1 185 332
z 1 31 185 332
m31 185 1 185 332
B31 3 185 332
z 3 31 185 332
m31 63 3 9.714285714285712 138.85714285714286 1.0
z 3 31 185 332
m31 65 3 9.714285714285712 138.85714285714286 1.0
z 3 31 185 332
m31 77 3 9.714285714285712 138.85714285714286 1.0
z 3 31 185 332
m31 139 3 9.714285714285712 138.85714285714286 1.0
z 3 31 185 332
m31 185 3 9.714285714285712 138.85714285714286 1.0
B35 3 216 308
B38 0 316 466
B38 3 316 466
B42 2 221 70
B45 0 260 436
B46 2 241 14
B51 0 161 202
z 0 51 161 202
m51 178 0 161 202
B51 1 161 202
z 1 51 161 202
m51 178 1 161 202
B51 3 161 202
z 3 51 161 202
m51 178 3 9.666666666666666 137.33333333333334 -1.0
B58 0 266 429
B58 1 266 429
z 1 58 266 429
m58 45 1 266 429
z 1 58 266 429
m58 88 1 266 429
B58 2 266 429
z 2 58 266 429
m58 45 2 266 429
z 2 58 266 429
m58 88 2 266 429
z 2 58 266 429
m58 101 2 266 429
z 2 58 266 429
m58 209 2 266 429
B61 2 230 27
z 2 61 230 27
m61 106 2 230 27
B64 2 451 396
B65 0 171 344
z 0 65 171 344
m65 113 0 171 344
z 0 65 171 344
m65 155 0 171 344
z 0 65 171 344
m65 175 0 171 344
z 0 65 171 344
m65 181 0 171 344
z 0 65 171 344
m65 212 0 171 344
B65 1 171 344
z 1 65 171 344
m65 113 1 171 344
z 1 65 171 344
m65 155 1 171 344
z 1 65 171 344
m65 175 1 171 344
z 1 65 171 344
m65 181 1 171 344
z 1 65 171 344
m65 212 1 171 344
B66 0 490 475
B66 1 490 475
B66 3 490 475
B68 0 168 136
B68 1 168 136
B68 2 168 136
z 2 68 168 136
m68 28 2 168 136
z 2 68 168 136
m68 51 2 168 136
z 2 68 168 136
m68 80 2 168 136
z 2 68 168 136
m68 92 2 168 136
z 2 68 168 136
m68 130 2 168 136
z 2 68 168 136
m68 176 2 168 136
z 2 68 168 136
m68 183 2 168 136
B68 3 168 136
z 3 68 168 136
m68 92 3 7.857142857142856 113.28571428571428 1.0
z 3 68 168 136
m68 183 3 7.857142857142856 113.28571428571428 1.0
B70 2 492 404
B88 0 254 463
z 0 88 254 463
m88 147 0 254 463
B88 3 254 463
z 3 88 254 463
m88 147 3 9.142857142857142 124.28571428571429 0.10865094264868877
B92 0 132 132
z 0 92 132 132
m92 7 0 132 132
z 0 92 132 132
m92 95 0 132 132
z 0 92 132 132
m92 124 0 132 132
z 0 92 132 132
m92 210 0 132 132
B92 1 132 132
z 1 92 132 132
m92 7 1 132 132
z 1 92 132 132
m92 95 1 132 132
z 1 92 132 132
m92 124 1 132 132
z 1 92 132 132
m92 210 1 132 132
B96 0 340 442
B96 1 340 442
B96 2 340 442
B96 3 340 442
z 3 96 340 442
m96 58 3 7.428571428571429 112.28571428571426 1.0
B98 0 265 422
B98 1 265 422
B98 2 265 422
B100 2 281 18
B101 0 226 413
B101 1 226 413
z 1 101 226 413
m101 147 1 226 413
B101 3 226 413
z 3 101 226 413
m101 181 3 9.285714285714285 125.57142857142857 0.16405075390557888
z 3 101 226 413
m101 175 3 9.285714285714285 125.57142857142857 0.16405075390557888
B102 2 243 50
B103 2 286 398
B106 1 205 7
B111 0 354 469
B111 1 354 469
B111 2 354 469
B111 3 354 469
B117 3 232 338
B126 0 181 219
z 0 126 181 219
m126 203 0 181 219
B126 1 181 219
B126 3 181 219
z 3 126 181 219
m126 203 3 8.428571428571429 117.85714285714285 1.0
B130 0 149 201
z 0 130 149 201
m130 178 0 149 201
B130 1 149 201
z 1 130 149 201
m130 178 1 149 201
B130 3 149 201
z 3 130 149 201
m130 178 3 9.666666666666666 137.33333333333334 -1.0
B139 0 165 282
z 0 139 165 282
m139 166 0 165 282
B139 1 165 282
z 1 139 165 282
m139 166 1 165 282
z 1 139 165 282
m139 203 1 165 282
B157 0 139 53
z 0 157 139 53
m157 2 0 139 53
z 0 157 139 53
m157 6 0 139 53
z 0 157 139 53
m157 32 0 139 53
z 0 157 139 53
m157 120 0 139 53
z 0 157 139 53
m157 180 0 139 53
z 0 157 139 53
m157 207 0 139 53
B157 1 139 53
B157 3 139 53
z 3 157 139 53
m157 2 3 7.571428571428571 114.14285714285712 1.0
z 3 157 139 53
m157 6 3 7.571428571428571 114.14285714285712 1.0
z 3 157 139 53
m157 32 3 7.571428571428571 114.14285714285712 1.0
z 3 157 139 53
m157 120 3 7.571428571428571 114.14285714285712 1.0
z 3 157 139 53
m157 180 3 7.571428571428571 114.14285714285712 1.0
z 3 157 139 53
m157 207 3 7.571428571428571 114.14285714285712 1.0
z 3 157 139 53
m157 210 3 7.571428571428571 114.14285714285712 1.0
B158 0 163 236
z 0 158 163 236
m158 178 0 163 236
B158 1 163 236
B158 3 163 236
z 3 158 163 236
m158 178 3 9.666666666666666 137.33333333333334 -1.0
B159 0 335 478
B159 1 335 478
B159 2 335 478
B159 3 335 478
B160 2 206 40
z 2 160 206 40
m160 157 2 206 40
B164 0 432 447
B164 1 432 447
B164 2 432 447
B164 3 432 447
B176 0 140 179
z 0 176 140 179
m176 178 0 140 179
B176 1 140 179
z 1 176 140 179
m176 178 1 140 179
B176 3 140 179
z 3 176 140 179
m176 178 3 9.666666666666666 137.33333333333334 -1.0
B183 0 145 101
B183 1 145 101
z 1 183 145 101
m183 2 1 145 101
z 1 183 145 101
m183 180 1 145 101
z 1 183 145 101
m183 207 1 145 101
B190 2 484 370
B192 2 473 412
B198 0 141 215
z 0 198 141 215
m198 178 0 141 215
B198 1 141 215
z 1 198 141 215
m198 178 1 141 215
B198 3 141 215
z 3 198 141 215
m198 178 3 9.666666666666666 137.33333333333334 -1.0
B208 0 265 433
B208 1 265 433
B208 2 265 433
B208 3 265 433
z 3 208 265 433
m208 209 3 7.285714285714286 109.57142857142858 0.4457614083565565
B209 0 201 406
z 0 209 201 406
m209 52 0 201 406
B209 1 201 406
z 1 209 201 406
m209 52 1 201 406
B211 0 395 455
B211 1 395 455
B211 2 395 455
B211 3 395 455
B2 0 115 39
z 0 2 115 39
m2 34 0 115 39
z 0 2 115 39
m2 162 0 115 39
z 0 2 115 39
m2 216 0 115 39
B2 1 115 39
z 1 2 115 39
m2 6 1 115 39
z 1 2 115 39
m2 32 1 115 39
z 1 2 115 39
m2 34 1 115 39
z 1 2 115 39
m2 120 1 115 39
z 1 2 115 39
m2 162 1 115 39
z 1 2 115 39
m2 216 1 115 39
B2 3 115 39
B6 0 125 27
B6 3 125 27
B7 0 70 132
z 0 7 70 132
m7 30 0 70 132
z 0 7 70 132
m7 53 0 70 132
z 0 7 70 132
m7 85 0 70 132
z 0 7 70 132
m7 128 0 70 132
z 0 7 70 132
m7 187 0 70 132
z 0 7 70 132
m7 199 0 70 132
B7 1 70 132
z 1 7 70 132
m7 30 1 70 132
z 1 7 70 132
m7 53 1 70 132
z 1 7 70 132
m7 85 1 70 132
z 1 7 70 132
m7 128 1 70 132
z 1 7 70 132
m7 187 1 70 132
z 1 7 70 132
m7 199 1 70 132
B28 2 173 198
z 2 28 173 198
m28 126 2 173 198
z 2 28 173 198
m28 158 2 173 198
z 2 28 173 198
m28 198 2 173 198
B32 0 78 56
B32 3 78 56
z 3 32 78 56
m32 124 3 7.25 102.99999999999999 0.6863917906998245
z 3 32 78 56
m32 187 3 7.25 102.99999999999999 0.6863917906998245
z 3 32 78 56
m32 34 3 7.25 102.99999999999999 0.6863917906998245
z 3 32 78 56
m32 216 3 7.25 102.99999999999999 0.6863917906998245
B38 1 316 465
B38 2 316 465
B45 1 260 437
B45 2 260 437
B51 2 161 203
B52 0 149 420
z 0 52 149 420
m52 189 0 149 420
z 0 52 149 420
m52 205 0 149 420
B52 1 149 420
z 1 52 149 420
m52 189 1 149 420
z 1 52 149 420
m52 205 1 149 420
B58 3 267 429
z 3 58 267 429
m58 45 3 6.75 98.74999999999999 1.0
z 3 58 267 429
m58 98 3 6.75 98.74999999999999 1.0
B59 0 320 477
B59 1 320 477
B59 2 320 477
B59 3 320 477
B63 0 182 398
B63 1 182 398
B63 3 182 398
z 3 63 182 398
m63 52 3 8.624999999999998 121.625 1.0
B65 3 170 344
z 3 65 170 344
m65 212 3 8.874999999999998 122.625 0.3931613278491004
B66 2 491 476
B77 0 114 334
z 0 77 114 334
m77 15 0 114 334
z 0 77 114 334
m77 71 0 114 334
z 0 77 114 334
m77 110 0 114 334
z 0 77 114 334
m77 122 0 114 334
z 0 77 114 334
m77 131 0 114 334
z 0 77 114 334
m77 163 0 114 334
B77 1 114 334
B77 3 114 334
z 3 77 114 334
m77 15 3 9.624999999999998 131.625 1.0
z 3 77 114 334
m77 71 3 9.624999999999998 131.625 1.0
z 3 77 114 334
m77 110 3 9.624999999999998 131.625 1.0
z 3 77 114 334
m77 113 3 9.624999999999998 131.625 1.0
z 3 77 114 334
m77 122 3 9.624999999999998 131.625 1.0
z 3 77 114 334
m77 131 3 9.624999999999998 131.625 1.0
z 3 77 114 334
m77 155 3 9.624999999999998 131.625 1.0
z 3 77 114 334
m77 163 3 9.624999999999998 131.625 1.0
z 3 77 114 334
m77 166 3 9.624999999999998 131.625 1.0
B80 0 118 150
B80 1 118 150
B80 2 118 150
B80 3 118 150
z 3 80 118 150
m80 7 3 7.375 100.875 1.0
z 3 80 118 150
m80 53 3 7.375 100.875 1.0
z 3 80 118 150
m80 95 3 7.375 100.875 1.0
B88 1 253 463
B88 2 253 463
z 2 88 253 463
m88 147 2 253 463
B92 2 132 131
B92 3 132 131
B95 0 88 186
z 0 95 88 186
m95 178 0 88 186
B95 1 88 186
z 1 95 88 186
m95 178 1 88 186
B101 2 227 413
z 2 101 227 413
m101 63 2 227 413
z 2 101 227 413
m101 175 2 227 413
z 2 101 227 413
m101 181 2 227 413
B106 2 204 8
B113 0 107 338
B113 1 107 338
B120 0 83 13
z 0 120 83 13
m120 121 0 83 13
B120 3 83 13
B124 0 90 125
B124 1 90 125
B130 2 150 202
z 2 130 150 202
m130 178 2 150 202
B139 3 165 282
B147 0 192 475
B147 1 192 475
B147 3 192 475
z 3 147 192 475
m147 205 3 8.125 108.875 1.0
B155 0 111 359
z 0 155 111 359
m155 182 0 111 359
B155 1 111 359
z 1 155 111 359
m155 15 1 111 359
z 1 155 111 359
m155 110 1 111 359
z 1 155 111 359
m155 122 1 111 359
z 1 155 111 359
m155 182 1 111 359
B157 2 139 52
z 2 157 139 52
m157 2 2 139 52
z 2 157 139 52
m157 6 2 139 52
z 2 157 139 52
m157 32 2 139 52
z 2 157 139 52
m157 120 2 139 52
z 2 157 139 52
m157 180 2 139 52
z 2 157 139 52
m157 207 2 139 52
z 2 157 139 52
m157 210 2 139 52
B166 0 98 268
z 0 166 98 268
m166 178 0 98 268
B166 1 98 268
B175 0 182 411
B175 1 182 411
B175 3 182 411
B176 2 141 180
B180 0 98 52
B180 1 98 52
B180 3 98 52
z 3 180 98 52
m180 162 3 6.75 99.99999999999999 1.0
B181 0 161 413
B181 1 161 413
B181 3 161 413
z 3 181 161 413
m181 189 3 8.25 110.0 1.0
B183 2 144 100
B183 3 144 100
B185 0 126 325
z 0 185 126 325
m185 186 0 126 325
B185 1 126 325
z 1 185 126 325
m185 71 1 126 325
z 1 185 126 325
m185 131 1 126 325
z 1 185 126 325
m185 186 1 126 325
B185 3 126 325
z 3 185 126 325
m185 186 3 8.624999999999998 121.625 1.0
B203 0 127 266
z 0 203 127 266
m203 178 0 127 266
B203 1 127 266
z 1 203 127 266
m203 178 1 127 266
B203 3 127 266
z 3 203 127 266
m203 178 3 8.428571428571429 117.85714285714285 -1.0
B207 0 126 50
B207 1 126 50
B207 3 126 50
B209 2 202 407
z 2 209 202 407
m209 52 2 202 407
z 2 209 202 407
m209 65 2 202 407
B209 3 202 407
B210 0 115 67
B210 1 115 67
B210 3 115 67
B212 0 108 313
B212 1 108 313
z 1 212 108 313
m212 163 1 108 313
B2 2 116 40
B6 1 124 26
B6 2 124 26
B7 3 69 131
z 3 7 69 131
m7 30 3 7.0 91.44444444444444 1.0
z 3 7 69 131
m7 85 3 7.0 91.44444444444444 1.0
z 3 7 69 131
m7 128 3 7.0 91.44444444444444 1.0
z 3 7 69 131
m7 199 3 7.0 91.44444444444444 1.0
B15 0 85 313
z 0 15 85 313
m15 3 0 85 313
z 0 15 85 313
m15 89 0 85 313
z 0 15 85 313
m15 94 0 85 313
B15 1 85 313
z 1 15 85 313
m15 3 1 85 313
z 1 15 85 313
m15 89 1 85 313
z 1 15 85 313
m15 94 1 85 313
B15 3 85 313
B30 0 42 187
z 0 30 42 187
m30 178 0 42 187
B30 1 42 187
z 1 30 42 187
m30 178 1 42 187
B32 1 78 57
B32 2 78 57
B34 0 47 38
z 0 34 47 38
m34 202 0 47 38
B34 1 47 38
z 1 34 47 38
m34 121 1 47 38
z 1 34 47 38
m34 202 1 47 38
B34 3 47 38
B45 3 260 438
B52 2 150 420
z 2 52 150 420
m52 155 2 150 420
z 2 52 150 420
m52 189 2 150 420
z 2 52 150 420
m52 205 2 150 420
B52 3 150 420
B53 0 62 173
z 0 53 62 173
m53 178 0 62 173
B53 1 62 173
z 1 53 62 173
m53 178 1 62 173
B53 3 62 173
z 3 53 62 173
m53 178 3 7.375 100.875 -1.0
B63 2 183 398
z 2 63 183 398
m63 31 2 183 398
B65 2 169 344
B71 0 69 288
z 0 71 69 288
m71 178 0 69 288
B71 1 69 288
B71 3 69 288
z 3 71 69 288
m71 178 3 9.624999999999998 131.625 -1.0
B85 0 36 151
B85 1 36 151
B95 3 89 187
z 3 95 89 187
m95 178 3 7.375 100.875 -1.0
B98 3 265 420
B110 0 49 370
z 0 110 49 370
m110 76 0 49 370
z 0 110 49 370
m110 86 0 49 370
z 0 110 49 370
m110 97 0 49 370
z 0 110 49 370
m110 104 0 49 370
z 0 110 49 370
m110 114 0 49 370
z 0 110 49 370
m110 169 0 49 370
z 0 110 49 370
m110 200 0 49 370
z 0 110 49 370
m110 218 0 49 370
B110 1 49 370
z 1 110 49 370
m110 76 1 49 370
z 1 110 49 370
m110 86 1 49 370
z 1 110 49 370
m110 97 1 49 370
z 1 110 49 370
m110 104 1 49 370
z 1 110 49 370
m110 114 1 49 370
z 1 110 49 370
m110 169 1 49 370
z 1 110 49 370
m110 200 1 49 370
z 1 110 49 370
m110 218 1 49 370
B110 3 49 370
z 3 110 49 370
m110 3 3 9.777777777777775 130.44444444444446 1.0
z 3 110 49 370
m110 76 3 9.777777777777775 130.44444444444446 1.0
z 3 110 49 370
m110 86 3 9.777777777777775 130.44444444444446 1.0
z 3 110 49 370
m110 89 3 9.777777777777775 130.44444444444446 1.0
z 3 110 49 370
m110 97 3 9.777777777777775 130.44444444444446 1.0
z 3 110 49 370
m110 104 3 9.777777777777775 130.44444444444446 1.0
z 3 110 49 370
m110 114 3 9.777777777777775 130.44444444444446 1.0
z 3 110 49 370
m110 169 3 9.777777777777775 130.44444444444446 1.0
z 3 110 49 370
m110 182 3 9.777777777777775 130.44444444444446 1.0
z 3 110 49 370
m110 200 3 9.777777777777775 130.44444444444446 1.0
z 3 110 49 370
m110 218 3 9.777777777777775 130.44444444444446 1.0
B113 3 108 339
B120 1 82 14
B120 2 82 14
z 2 120 82 14
m120 34 2 82 14
z 2 120 82 14
m120 121 2 82 14
z 2 120 82 14
m120 162 2 82 14
z 2 120 82 14
m120 216 2 82 14
B121 0 17 7
B122 0 85 319
B122 1 85 319
B122 3 85 319
B124 3 90 124
B126 2 180 221
B128 0 35 125
B128 1 35 125
B131 0 90 281
z 0 131 90 281
m131 178 0 90 281
B131 1 90 281
z 1 131 90 281
m131 178 1 90 281
B131 3 90 281
z 3 131 90 281
m131 178 3 9.624999999999998 131.625 -1.0
B147 2 192 474
B155 3 110 358
B158 2 165 236
B162 0 58 29
B162 1 58 29
B162 3 58 29
z 3 162 58 29
m162 121 3 6.222222222222222 89.33333333333331 1.0
z 3 162 58 29
m162 202 3 6.222222222222222 89.33333333333331 1.0
B163 0 41 334
B163 1 41 334
B163 3 41 334
B166 3 99 267
z 3 166 99 267
m166 178 3 9.624999999999998 131.625 -1.0
B175 2 182 412
B180 2 98 51
B181 2 160 414
B182 0 62 408
z 0 182 62 408
m182 184 0 62 408
B182 1 62 408
B186 0 82 266
z 0 186 82 266
m186 178 0 82 266
B186 1 82 266
z 1 186 82 266
m186 178 1 82 266
B186 3 82 266
z 3 186 82 266
m186 178 3 8.624999999999998 121.625 -1.0
B187 0 50 120
B187 1 50 120
B187 3 50 120
B189 0 118 458
z 0 189 118 458
m189 17 0 118 458
z 0 189 118 458
m189 83 0 118 458
z 0 189 118 458
m189 137 0 118 458
B189 1 118 458
z 1 189 118 458
m189 17 1 118 458
z 1 189 118 458
m189 83 1 118 458
z 1 189 118 458
m189 137 1 118 458
z 1 189 118 458
m189 184 1 118 458
B189 3 118 458
z 3 189 118 458
m189 17 3 7.777777777777778 99.55555555555554 1.0
z 3 189 118 458
m189 83 3 7.777777777777778 99.55555555555554 1.0
z 3 189 118 458
m189 137 3 7.777777777777778 99.55555555555554 1.0
z 3 189 118 458
m189 184 3 7.777777777777778 99.55555555555554 1.0
B198 2 139 216
B199 0 26 146
B199 1 26 146
B205 0 157 483
B205 1 157 483
B205 3 157 483
B207 2 126 51
B210 2 116 67
z 2 210 116 67
m210 124 2 116 67
B212 3 108 314
B216 0 61 25
B216 1 61 25
B216 3 61 25
B3 0 28 337
z 0 3 28 337
m3 107 0 28 337
B3 1 28 337
z 1 3 28 337
m3 107 1 28 337
B3 3 28 337
z 3 3 28 337
m3 107 3 8.899999999999997 117.5 1.0
B17 0 95 498
z 0 17 95 498
m17 75 0 95 498
B17 1 95 498
z 1 17 95 498
m17 75 1 95 498
B17 3 95 498
z 3 17 95 498
m17 75 3 7.1 89.69999999999999 1.0
B30 3 42 188
z 3 30 42 188
m30 178 3 7.0 91.44444444444444 -1.0
B31 2 186 329
B34 2 48 38
z 2 34 48 38
m34 202 2 48 38
B76 0 72 440
z 0 76 72 440
m76 105 0 72 440
z 0 76 72 440
m76 213 0 72 440
B76 1 72 440
z 1 76 72 440
m76 105 1 72 440
z 1 76 72 440
m76 213 1 72 440
B76 3 72 440
B83 0 89 497
B83 1 89 497
B83 3 89 497
z 3 83 89 497
m83 213 3 7.1 89.69999999999999 1.0
B85 3 35 151
B86 0 22 421
B86 1 22 421
B86 3 22 421
z 3 86 22 421
m86 105 3 8.899999999999997 117.5 1.0
B89 0 28 342
B89 1 28 342
B89 3 28 342
B94 0 61 245
z 0 94 61 245
m94 178 0 61 245
B94 1 61 245
B97 0 73 437
B97 1 73 437
B97 3 73 437
B104 0 2 327
B104 1 2 327
B104 3 2 327
B114 0 22 411
B114 1 22 411
B114 3 22 411
B121 1 16 8
B121 2 16 8
B121 3 16 8
B124 2 90 123
z 2 124 90 123
m124 7 2 90 123
z 2 124 90 123
m124 53 2 90 123
z 2 124 90 123
m124 85 2 90 123
z 2 124 90 123
m124 95 2 90 123
z 2 124 90 123
m124 128 2 90 123
z 2 124 90 123
m124 187 2 90 123
z 2 124 90 123
m124 199 2 90 123
B128 3 35 124
B137 0 101 481
B137 1 101 481
B137 3 101 481
B155 2 110 357
B162 2 59 30
B169 0 1 421
B169 1 1 421
B169 3 1 421
B182 3 61 409
B184 0 83 460
B184 1 83 460
B184 3 83 460
B189 2 118 459
z 2 189 118 459
m189 17 2 118 459
z 2 189 118 459
m189 76 2 118 459
z 2 189 118 459
m189 83 2 118 459
z 2 189 118 459
m189 97 2 118 459
z 2 189 118 459
m189 137 2 118 459
z 2 189 118 459
m189 184 2 118 459
B199 3 25 146
B200 0 5 321
z 0 200 5 321
m200 13 0 5 321
B200 1 5 321
B200 3 5 321
z 3 200 5 321
m200 13 3 8.899999999999997 117.5 1.0
B202 0 3 15
B202 1 3 15
B202 3 3 15
B205 2 157 482
B216 2 60 26
B218 0 26 391
B218 1 26 391
B218 3 26 391
B7 2 68 130
z 2 7 68 130
m7 30 2 68 130
B13 0 18 248
z 0 13 18 248
m13 87 0 18 248
z 0 13 18 248
m13 142 0 18 248
z 0 13 18 248
m13 168 0 18 248
B13 3 18 248
z 3 13 18 248
m13 87 3 8.454545454545451 108.27272727272727 1.0
z 3 13 18 248
m13 94 3 8.454545454545451 108.27272727272727 1.0
z 3 13 18 248
m13 142 3 8.454545454545451 108.27272727272727 1.0
z 3 13 18 248
m13 168 3 8.454545454545451 108.27272727272727 1.0
B17 2 95 499
z 2 17 95 499
m17 75 2 95 499
B53 2 60 172
z 2 53 60 172
m53 178 2 60 172
B75 0 21 490
B75 1 21 490
B75 3 21 490
B76 2 73 440
z 2 76 73 440
m76 86 2 73 440
z 2 76 73 440
m76 105 2 73 440
z 2 76 73 440
m76 114 2 73 440
z 2 76 73 440
m76 182 2 73 440
z 2 76 73 440
m76 213 2 73 440
z 2 76 73 440
m76 218 2 73 440
B83 2 90 496
B85 2 35 151
B95 2 90 188
z 2 95 90 188
m95 178 2 90 188
B97 2 74 437
B105 0 9 464
B105 1 9 464
B105 3 9 464
B107 0 9 265
B107 1 9 265
z 1 107 9 265
m107 13 1 9 265
z 1 107 9 265
m107 87 1 9 265
z 1 107 9 265
m107 142 1 9 265
z 1 107 9 265
m107 168 1 9 265
B107 3 9 265
B128 2 35 123
B137 2 102 481
B184 2 83 459
B187 2 48 119
B199 2 24 146
B202 2 3 16
B213 0 19 483
B213 1 19 483
B213 3 19 483
B13 1 18 247
B30 2 42 190
B75 2 20 489
z 2 75 20 489
m75 169 2 20 489
B86 2 22 423
B87 0 34 238
z 0 87 34 238
m87 178 0 34 238
B87 1 34 238
z 1 87 34 238
m87 178 1 34 238
B87 3 34 238
z 3 87 34 238
m87 178 3 8.454545454545451 108.27272727272727 -1.0
B94 3 60 246
z 3 94 60 246
m94 178 3 8.454545454545451 108.27272727272727 -1.0
B105 2 10 465
B114 2 23 413
z 2 114 23 413
m114 3 2 23 413
z 2 114 23 413
m114 89 2 23 413
z 2 114 23 413
m114 110 2 23 413
B142 0 26 230
z 0 142 26 230
m142 178 0 26 230
B142 1 26 230
B142 3 26 230
z 3 142 26 230
m142 178 3 8.454545454545451 108.27272727272727 -1.0
B168 0 8 243
B168 1 8 243
B168 3 8 243
B182 2 60 410
B213 2 20 483
B218 2 28 389
z 2 218 28 389
m218 104 2 28 389
z 2 218 28 389
m218 163 2 28 389
z 2 218 28 389
m218 200 2 28 389
B3 2 29 340
B89 2 27 339
B104 2 4 324
z 2 104 4 324
m104 107 2 4 324
B110 2 50 366
z 2 110 50 366
m110 15 2 50 366
z 2 110 50 366
m110 113 2 50 366
z 2 110 50 366
m110 122 2 50 366
z 2 110 50 366
m110 212 2 50 366
B163 2 45 334
B169 2 1 418
B200 2 6 323
B15 2 83 308
z 2 15 83 308
m15 71 2 83 308
z 2 15 83 308
m15 77 2 83 308
z 2 15 83 308
m15 94 2 83 308
z 2 15 83 308
m15 131 2 83 308
z 2 15 83 308
m15 166 2 83 308
z 2 15 83 308
m15 185 2 83 308
z 2 15 83 308
m15 186 2 83 308
z 2 15 83 308
m15 203 2 83 308
B107 2 6 263
z 2 107 6 263
m107 13 2 6 263
z 2 107 6 263
m107 87 2 6 263
z 2 107 6 263
m107 142 2 6 263
z 2 107 6 263
m107 168 2 6 263
B113 2 111 343
B122 2 88 315
B212 2 108 319
B13 2 18 244
B71 2 75 285
z 2 71 75 285
m71 178 2 75 285
B77 2 119 329
z 2 77 119 329
m77 139 2 119 329
B87 2 31 237
B94 2 58 248
z 2 94 58 248
m94 178 2 58 248
B131 2 95 277
B142 2 28 233
B166 2 104 265
B168 2 7 246
B185 2 130 320
B186 2 87 269
B203 2 129 260
z 2 203 129 260
m203 178 2 129 260
B139 2 170 289
z 2 139 170 289
m139 14 2 170 289
z 2 139 170 289
m139 35 2 170 289
z 2 139 170 289
m139 117 2 170 289
B14 2 232 324
B35 2 216 298
B117 2 229 328
